I16553 HG002.verkko_filt_pat.fa:haplotype2_0000649_147937390_148315979_1$HG01099.verkko_filt_pat.fa:haplotype2_0000583_143544270_144046196_1	0.0673238924594069 Reich
I16553 HG03540#1#JAGYVY010000208.1_95187_596142_0$HG002.verkko_filt_pat.fa:haplotype2_0000649_147937390_148315979_1	0.0672473410986592 Reich
I16553 HG00621#1#JAHBCD010000034.1_2122997_2624098_1$HG002.verkko_filt_pat.fa:haplotype2_0000649_147937390_148315979_1	0.0671459436056928 Reich
I16553 HG01978#1#JAGYVS010000002.1_51519970_52021951_0$HG002.verkko_filt_pat.fa:haplotype2_0000649_147937390_148315979_1	0.0670031682349662 Reich
I16553 HG02293.verkko_filt_pat.fa:haplotype2_0000836_148310532_148812524_1$HG002.verkko_filt_pat.fa:haplotype2_0000649_147937390_148315979_1	0.0669986879787287 Reich
I16553 HG02071.verkko_filt_pat.fa:haplotype2_0000736_102745972_103248026_0$HG002.verkko_filt_pat.fa:haplotype2_0000649_147937390_148315979_1	0.0669720356151294 Reich
I16553 HG04228.verkko_filt_mat.fa:haplotype1_0000023_103429213_103930285_0$HG002.verkko_filt_pat.fa:haplotype2_0000649_147937390_148315979_1	0.0669057380789391 Reich
I16553 HG02080#2#JAHEOV010000017.1_16662177_17164189_0$HG002.verkko_filt_pat.fa:haplotype2_0000649_147937390_148315979_1	0.0668917753946899 Reich
I16553 HG002.verkko_filt_pat.fa:haplotype2_0000649_147937390_148315979_1$HG03927.verkko_filt_pat.fa:haplotype2_0000800_29002142_29504057_1	0.0668625978725243 Reich
I16553 AV_HG01106#haplotype1#0000048:16666181_17262214$HG002.verkko_filt_pat.fa:haplotype2_0000649_147937390_148315979_1	0.0667512192925196 Reich
I16553 AV_HG00673#haplotype1#0000019:16627360_17129375$HG002.verkko_filt_pat.fa:haplotype2_0000649_147937390_148315979_1	0.0667504318524890 Reich
I16553 AV_HG01106#haplotype2#0000932:16673968_17175925$HG002.verkko_filt_pat.fa:haplotype2_0000649_147937390_148315979_1	0.0667148120249615 Reich
I16553 chr1_chm13_103304997_103901127_0$HG002.verkko_filt_pat.fa:haplotype2_0000649_147937390_148315979_1	0.0666629161869028 Reich
I16553 HG02818#2#JAHEOR010000010.1_31775319_32183091_1$HG002.verkko_filt_pat.fa:haplotype2_0000649_147937390_148315979_1	0.0664546496369204 Reich
I16553 HG02071.verkko_filt_mat.fa:haplotype1_0000041_103610513_104018399_0$HG002.verkko_filt_pat.fa:haplotype2_0000649_147937390_148315979_1	0.0664523670211437 Reich
I16553 chr1_hg38_103456064_103863972_0$HG002.verkko_filt_pat.fa:haplotype2_0000649_147937390_148315979_1	0.0664047691534855 Reich
I16553 chr1_hg19_103998686_104406594_0$HG002.verkko_filt_pat.fa:haplotype2_0000649_147937390_148315979_1	0.0664047691534855 Reich
I16553 HG02004.verkko_filt_pat.fa:haplotype2_0000813_139386576_140076845_1$HG002.verkko_filt_pat.fa:haplotype2_0000649_147937390_148315979_1	0.0663276395511194 Reich
I16553 HG02486#2#JAGYVL010000029.1_94163344_94570162_0$HG002.verkko_filt_pat.fa:haplotype2_0000649_147937390_148315979_1	0.0663256717245193 Reich
I16553 HG02886#1#JAHAOU010000178.1_62411_469262_0$HG002.verkko_filt_pat.fa:haplotype2_0000649_147937390_148315979_1	0.0663060194421392 Reich
I16553 HG03486#1#JAHEOQ010000123.1_16677696_17085575_0$HG002.verkko_filt_pat.fa:haplotype2_0000649_147937390_148315979_1	0.0662743098329203 Reich
I16553 HG03540#2#JAGYVX010000148.1_1368955_1877115_0$HG002.verkko_filt_pat.fa:haplotype2_0000649_147937390_148315979_1	0.0661960668203270 Reich
I16553 HG002.verkko_filt_mat.fa:haplotype1_0000005_138228497_138636354_1$HG002.verkko_filt_pat.fa:haplotype2_0000649_147937390_148315979_1	0.0661191500081721 Reich
I16553 HG01928#1#JAGYVQ010000053.1_16676493_17083407_0$HG002.verkko_filt_pat.fa:haplotype2_0000649_147937390_148315979_1	0.0661079878247605 Reich
I16553 HG005#2#JAHEPN010000023.1_51542210_51950070_0$HG002.verkko_filt_pat.fa:haplotype2_0000649_147937390_148315979_1	0.0660556385487110 Reich
I16553 AV_HG01175#haplotype1#0000070:46006269_46414083$HG002.verkko_filt_pat.fa:haplotype2_0000649_147937390_148315979_1	0.0660353019561575 Reich
I16553 HG00621#2#JAHBCC010000031.1_16669999_17077865_0$HG002.verkko_filt_pat.fa:haplotype2_0000649_147937390_148315979_1	0.0660247220186376 Reich
I16553 HG02300.verkko_filt_mat.fa:haplotype1_0000028_144052837_144460586_1$HG002.verkko_filt_pat.fa:haplotype2_0000649_147937390_148315979_1	0.0660165298454199 Reich
I16553 HG01099.verkko_filt_mat.fa:haplotype1_0000034_142513097_142920876_1$HG002.verkko_filt_pat.fa:haplotype2_0000649_147937390_148315979_1	0.0659990849334914 Reich
I16553 HG02559#1#JAGYVK010000012.1_51505852_51913611_0$HG002.verkko_filt_pat.fa:haplotype2_0000649_147937390_148315979_1	0.0658844801861613 Reich
I16553 HG02300.verkko_filt_pat.fa:haplotype2_0000620_143362344_143769323_1$HG002.verkko_filt_pat.fa:haplotype2_0000649_147937390_148315979_1	0.0658339067146860 Reich
I16553 NA19240#1#JAHEOM010000047.1_30103390_30511199_1$HG002.verkko_filt_pat.fa:haplotype2_0000649_147937390_148315979_1	0.0658312636952478 Reich
I16553 HG02004.verkko_filt_mat.fa:haplotype1_0000022_97828542_98235483_0$HG002.verkko_filt_pat.fa:haplotype2_0000649_147937390_148315979_1	0.0658302231700346 Reich
I16553 AV_HG02148#haplotype2#0002863:16304803_16712699$HG002.verkko_filt_pat.fa:haplotype2_0000649_147937390_148315979_1	0.0657855427361898 Reich
I16553 HG01258#1#JAGYYV010000004.1_56955948_57456952_1$HG002.verkko_filt_pat.fa:haplotype2_0000649_147937390_148315979_1	0.0657114692336779 Reich
I16553 HG02630#2#JAHAOP010000089.1_16669255_17076135_0$HG002.verkko_filt_pat.fa:haplotype2_0000649_147937390_148315979_1	0.0657089232711264 Reich
I16553 HG03453#2#JAGYVV010000088.1_22597550_23005370_1$HG002.verkko_filt_pat.fa:haplotype2_0000649_147937390_148315979_1	0.0656762046955834 Reich
I16553 AV_HG01361#haplotype1#0000023:101593539_102001341$HG002.verkko_filt_pat.fa:haplotype2_0000649_147937390_148315979_1	0.0656640588230548 Reich
I16553 NA19240#2#JAHEOL010000010.1_37445323_37853017_0$HG002.verkko_filt_pat.fa:haplotype2_0000649_147937390_148315979_1	0.0656021600518876 Reich
I16553 HG03710.verkko_filt_pat.fa:haplotype2_0000488_101614437_102218208_0$HG002.verkko_filt_pat.fa:haplotype2_0000649_147937390_148315979_1	0.0655076024247968 Reich
I16553 HG03516#1#JAGYYT010000012.1_24170958_24578778_1$HG002.verkko_filt_pat.fa:haplotype2_0000649_147937390_148315979_1	0.0654841108664272 Reich
I16553 HG01978#2#JAGYVR010000007.1_51532241_51939176_0$HG002.verkko_filt_pat.fa:haplotype2_0000649_147937390_148315979_1	0.0654585468910687 Reich
I16553 HG02486#1#JAGYVM010000007.1_28868414_29370339_1$HG002.verkko_filt_pat.fa:haplotype2_0000649_147937390_148315979_1	0.0654012379757686 Reich
I16553 HG02559#2#JAGYVJ010000037.1_52167780_52574597_1$HG002.verkko_filt_pat.fa:haplotype2_0000649_147937390_148315979_1	0.0653969395856084 Reich
I16553 HG03516#2#JAGYYS010000004.1_24452130_24859892_1$HG002.verkko_filt_pat.fa:haplotype2_0000649_147937390_148315979_1	0.0653613548018915 Reich
I16553 HG02080#1#JAHEOW010000048.1_16689583_17097287_0$HG002.verkko_filt_pat.fa:haplotype2_0000649_147937390_148315979_1	0.0653335330137419 Reich
I16553 HG02071.verkko_filt_mat.fa:haplotype1_0000041_103610513_104018399_0$HG01099.verkko_filt_pat.fa:haplotype2_0000583_143544270_144046196_1	0.0652779675243616 Reich
I16553 chr1_hg38_103456064_103863972_0$HG01099.verkko_filt_pat.fa:haplotype2_0000583_143544270_144046196_1	0.0652481496086889 Reich
I16553 chr1_hg19_103998686_104406594_0$HG01099.verkko_filt_pat.fa:haplotype2_0000583_143544270_144046196_1	0.0652481496086889 Reich
I16553 AV_HG00673#haplotype2#0001165:24014011_24421797$HG002.verkko_filt_pat.fa:haplotype2_0000649_147937390_148315979_1	0.0652263865097555 Reich
I16553 HG03540#1#JAGYVY010000208.1_95187_596142_0$HG02071.verkko_filt_mat.fa:haplotype1_0000041_103610513_104018399_0	0.0652244170998133 Reich
I16553 HG02486#2#JAGYVL010000029.1_94163344_94570162_0$HG01099.verkko_filt_pat.fa:haplotype2_0000583_143544270_144046196_1	0.0652231399301307 Reich
I16553 HG00621#1#JAHBCD010000034.1_2122997_2624098_1$HG01099.verkko_filt_pat.fa:haplotype2_0000583_143544270_144046196_1	0.0652191668488183 Reich
I16553 HG02886#1#JAHAOU010000178.1_62411_469262_0$HG01099.verkko_filt_pat.fa:haplotype2_0000583_143544270_144046196_1	0.0652087313572994 Reich
I16553 chr1_hg38_103456064_103863972_0$HG03540#1#JAGYVY010000208.1_95187_596142_0	0.0651960398079370 Reich
I16553 chr1_hg19_103998686_104406594_0$HG03540#1#JAGYVY010000208.1_95187_596142_0	0.0651960398079370 Reich
I16553 HG02818#2#JAHEOR010000010.1_31775319_32183091_1$HG01099.verkko_filt_pat.fa:haplotype2_0000583_143544270_144046196_1	0.0651643244055691 Reich
I16553 HG00621#1#JAHBCD010000034.1_2122997_2624098_1$HG03540#1#JAGYVY010000208.1_95187_596142_0	0.0651562785945912 Reich
I16553 HG03540#1#JAGYVY010000208.1_95187_596142_0$HG02486#2#JAGYVL010000029.1_94163344_94570162_0	0.0651513684336417 Reich
I16553 HG03540#1#JAGYVY010000208.1_95187_596142_0$HG01099.verkko_filt_pat.fa:haplotype2_0000583_143544270_144046196_1	0.0651492853618197 Reich
I16553 HG00621#1#JAHBCD010000034.1_2122997_2624098_1$HG02486#2#JAGYVL010000029.1_94163344_94570162_0	0.0651461901501420 Reich
I16553 HG02886#1#JAHAOU010000178.1_62411_469262_0$HG03540#1#JAGYVY010000208.1_95187_596142_0	0.0651424451726936 Reich
I16553 HG00621#1#JAHBCD010000034.1_2122997_2624098_1$HG02818#2#JAHEOR010000010.1_31775319_32183091_1	0.0651406479976476 Reich
I16553 HG03579#1#JAGYVU010000029.1_91404_499180_0$HG002.verkko_filt_pat.fa:haplotype2_0000649_147937390_148315979_1	0.0651351987527021 Reich
I16553 HG00621#1#JAHBCD010000034.1_2122997_2624098_1$HG02886#1#JAHAOU010000178.1_62411_469262_0	0.0651321267004836 Reich
I16553 HG03486#1#JAHEOQ010000123.1_16677696_17085575_0$HG01099.verkko_filt_pat.fa:haplotype2_0000583_143544270_144046196_1	0.0651280664083198 Reich
I16553 HG02818#2#JAHEOR010000010.1_31775319_32183091_1$HG03540#1#JAGYVY010000208.1_95187_596142_0	0.0650997410613606 Reich
I16553 HG02293.verkko_filt_pat.fa:haplotype2_0000836_148310532_148812524_1$HG01099.verkko_filt_pat.fa:haplotype2_0000583_143544270_144046196_1	0.0650899507551649 Reich
I16553 HG01978#1#JAGYVS010000002.1_51519970_52021951_0$HG01099.verkko_filt_pat.fa:haplotype2_0000583_143544270_144046196_1	0.0650811797400972 Reich
I16553 HG03486#1#JAHEOQ010000123.1_16677696_17085575_0$HG03540#1#JAGYVY010000208.1_95187_596142_0	0.0650789147891885 Reich
I16553 HG02071.verkko_filt_pat.fa:haplotype2_0000736_102745972_103248026_0$HG01099.verkko_filt_pat.fa:haplotype2_0000583_143544270_144046196_1	0.0650643277548154 Reich
I16553 HG01928#1#JAGYVQ010000053.1_16676493_17083407_0$HG01099.verkko_filt_pat.fa:haplotype2_0000583_143544270_144046196_1	0.0650424812494077 Reich
I16553 HG03540#1#JAGYVY010000208.1_95187_596142_0$HG02293.verkko_filt_pat.fa:haplotype2_0000836_148310532_148812524_1	0.0650413012264187 Reich
I16553 HG04228.verkko_filt_mat.fa:haplotype1_0000023_103429213_103930285_0$HG01099.verkko_filt_pat.fa:haplotype2_0000583_143544270_144046196_1	0.0650360241722624 Reich
I16553 HG01978#1#JAGYVS010000002.1_51519970_52021951_0$HG03540#1#JAGYVY010000208.1_95187_596142_0	0.0650290698895382 Reich
I16553 HG03540#1#JAGYVY010000208.1_95187_596142_0$HG02071.verkko_filt_pat.fa:haplotype2_0000736_102745972_103248026_0	0.0650198149193681 Reich
I16553 HG02486#2#JAGYVL010000029.1_94163344_94570162_0$HG02293.verkko_filt_pat.fa:haplotype2_0000836_148310532_148812524_1	0.0650176232486413 Reich
I16553 HG02080#2#JAHEOV010000017.1_16662177_17164189_0$HG01099.verkko_filt_pat.fa:haplotype2_0000583_143544270_144046196_1	0.0650100416700360 Reich
I16553 HG002.verkko_filt_mat.fa:haplotype1_0000005_138228497_138636354_1$HG01099.verkko_filt_pat.fa:haplotype2_0000583_143544270_144046196_1	0.0650098516867424 Reich
I16553 HG02886#1#JAHAOU010000178.1_62411_469262_0$HG02293.verkko_filt_pat.fa:haplotype2_0000836_148310532_148812524_1	0.0650017757987261 Reich
I16553 HG02818#2#JAHEOR010000010.1_31775319_32183091_1$HG02293.verkko_filt_pat.fa:haplotype2_0000836_148310532_148812524_1	0.0649903596623778 Reich
I16553 HG01978#1#JAGYVS010000002.1_51519970_52021951_0$HG02486#2#JAGYVL010000029.1_94163344_94570162_0	0.0649888249996498 Reich
I16553 HG005#2#JAHEPN010000023.1_51542210_51950070_0$HG01099.verkko_filt_pat.fa:haplotype2_0000583_143544270_144046196_1	0.0649887666632448 Reich
I16553 HG02486#2#JAGYVL010000029.1_94163344_94570162_0$HG02071.verkko_filt_pat.fa:haplotype2_0000736_102745972_103248026_0	0.0649835746459042 Reich
I16553 HG02818#2#JAHEOR010000010.1_31775319_32183091_1$HG01978#1#JAGYVS010000002.1_51519970_52021951_0	0.0649772078536384 Reich
I16553 HG02886#1#JAHAOU010000178.1_62411_469262_0$HG01978#1#JAGYVS010000002.1_51519970_52021951_0	0.0649736510528353 Reich
I16553 HG02886#1#JAHAOU010000178.1_62411_469262_0$HG02071.verkko_filt_pat.fa:haplotype2_0000736_102745972_103248026_0	0.0649692065406371 Reich
I16553 HG03540#1#JAGYVY010000208.1_95187_596142_0$HG04228.verkko_filt_mat.fa:haplotype1_0000023_103429213_103930285_0	0.0649645091685900 Reich
I16553 HG03540#1#JAGYVY010000208.1_95187_596142_0$HG002.verkko_filt_mat.fa:haplotype1_0000005_138228497_138636354_1	0.0649632074952860 Reich
I16553 HG02818#2#JAHEOR010000010.1_31775319_32183091_1$HG02071.verkko_filt_pat.fa:haplotype2_0000736_102745972_103248026_0	0.0649615846470473 Reich
I16553 HG01928#1#JAGYVQ010000053.1_16676493_17083407_0$HG03540#1#JAGYVY010000208.1_95187_596142_0	0.0649602618214538 Reich
I16553 HG01099.verkko_filt_pat.fa:haplotype2_0000583_143544270_144046196_1$HG03927.verkko_filt_pat.fa:haplotype2_0000800_29002142_29504057_1	0.0649581589194647 Reich
I16553 AV_HG01175#haplotype1#0000070:46006269_46414083$HG01099.verkko_filt_pat.fa:haplotype2_0000583_143544270_144046196_1	0.0649570283984491 Reich
I16553 HG02080#2#JAHEOV010000017.1_16662177_17164189_0$HG03540#1#JAGYVY010000208.1_95187_596142_0	0.0649543988891557 Reich
I16553 HG00621#2#JAHBCC010000031.1_16669999_17077865_0$HG01099.verkko_filt_pat.fa:haplotype2_0000583_143544270_144046196_1	0.0649381385713206 Reich
I16553 AV_HG01106#haplotype1#0000048:16666181_17262214$HG02818#2#JAHEOR010000010.1_31775319_32183091_1	0.0649283672371734 Reich
I16553 HG005#2#JAHEPN010000023.1_51542210_51950070_0$HG03540#1#JAGYVY010000208.1_95187_596142_0	0.0649279739494407 Reich
I16553 HG02486#2#JAGYVL010000029.1_94163344_94570162_0$HG04228.verkko_filt_mat.fa:haplotype1_0000023_103429213_103930285_0	0.0649267301524885 Reich
I16553 HG00621#1#JAHBCD010000034.1_2122997_2624098_1$HG02071.verkko_filt_mat.fa:haplotype1_0000041_103610513_104018399_0	0.0649256244301977 Reich
I16553 HG02300.verkko_filt_mat.fa:haplotype1_0000028_144052837_144460586_1$HG01099.verkko_filt_pat.fa:haplotype2_0000583_143544270_144046196_1	0.0649210963996078 Reich
I16553 HG02818#2#JAHEOR010000010.1_31775319_32183091_1$HG04228.verkko_filt_mat.fa:haplotype1_0000023_103429213_103930285_0	0.0649208154126503 Reich
I16553 HG02886#1#JAHAOU010000178.1_62411_469262_0$HG04228.verkko_filt_mat.fa:haplotype1_0000023_103429213_103930285_0	0.0649207329820379 Reich
I16553 HG01099.verkko_filt_mat.fa:haplotype1_0000034_142513097_142920876_1$HG01099.verkko_filt_pat.fa:haplotype2_0000583_143544270_144046196_1	0.0649156457767948 Reich
I16553 HG03540#1#JAGYVY010000208.1_95187_596142_0$HG03927.verkko_filt_pat.fa:haplotype2_0000800_29002142_29504057_1	0.0649097709606869 Reich
I16553 HG02080#2#JAHEOV010000017.1_16662177_17164189_0$HG02486#2#JAGYVL010000029.1_94163344_94570162_0	0.0649079591537394 Reich
I16553 AV_HG00673#haplotype1#0000019:16627360_17129375$HG01099.verkko_filt_pat.fa:haplotype2_0000583_143544270_144046196_1	0.0648971042848201 Reich
I16553 AV_HG01175#haplotype1#0000070:46006269_46414083$HG03540#1#JAGYVY010000208.1_95187_596142_0	0.0648958533967513 Reich
I16553 AV_HG01106#haplotype1#0000048:16666181_17262214$HG02486#2#JAGYVL010000029.1_94163344_94570162_0	0.0648928324582100 Reich
I16553 HG02080#2#JAHEOV010000017.1_16662177_17164189_0$HG02886#1#JAHAOU010000178.1_62411_469262_0	0.0648924776222293 Reich
I16553 HG00621#2#JAHBCC010000031.1_16669999_17077865_0$HG03540#1#JAGYVY010000208.1_95187_596142_0	0.0648907720375214 Reich
I16553 HG02818#2#JAHEOR010000010.1_31775319_32183091_1$HG02080#2#JAHEOV010000017.1_16662177_17164189_0	0.0648844652841316 Reich
I16553 AV_HG01106#haplotype1#0000048:16666181_17262214$HG02886#1#JAHAOU010000178.1_62411_469262_0	0.0648826222835618 Reich
I16553 AV_HG01106#haplotype1#0000048:16666181_17262214$HG02886#2#JAHAOT010000031.1_87393_401061_0	0.0648753396448069 Reich
I16553 HG03540#1#JAGYVY010000208.1_95187_596142_0$HG02300.verkko_filt_mat.fa:haplotype1_0000028_144052837_144460586_1	0.0648697099729413 Reich
I16553 HG03540#1#JAGYVY010000208.1_95187_596142_0$HG01099.verkko_filt_mat.fa:haplotype1_0000034_142513097_142920876_1	0.0648686205283028 Reich
I16553 HG00621#1#JAHBCD010000034.1_2122997_2624098_1$chr1_hg38_103456064_103863972_0	0.0648567222854716 Reich
I16553 HG00621#1#JAHBCD010000034.1_2122997_2624098_1$chr1_hg19_103998686_104406594_0	0.0648567222854716 Reich
I16553 HG02486#2#JAGYVL010000029.1_94163344_94570162_0$HG03927.verkko_filt_pat.fa:haplotype2_0000800_29002142_29504057_1	0.0648550035835355 Reich
I16553 AV_HG01106#haplotype2#0000932:16673968_17175925$HG01099.verkko_filt_pat.fa:haplotype2_0000583_143544270_144046196_1	0.0648526818706273 Reich
I16553 HG02818#2#JAHEOR010000010.1_31775319_32183091_1$HG03927.verkko_filt_pat.fa:haplotype2_0000800_29002142_29504057_1	0.0648506253420494 Reich
I16553 HG02886#1#JAHAOU010000178.1_62411_469262_0$HG03927.verkko_filt_pat.fa:haplotype2_0000800_29002142_29504057_1	0.0648475529018621 Reich
I16553 AV_HG00673#haplotype1#0000019:16627360_17129375$HG03540#1#JAGYVY010000208.1_95187_596142_0	0.0648438149184205 Reich
I16553 HG005#1#JAHEPO010000002.1_51519219_51926067_0$HG002.verkko_filt_pat.fa:haplotype2_0000649_147937390_148315979_1	0.0648416616736894 Reich
I16553 HG02071.verkko_filt_mat.fa:haplotype1_0000041_103610513_104018399_0$HG03927.verkko_filt_pat.fa:haplotype2_0000800_29002142_29504057_1	0.0648368691874375 Reich
I16553 HG00621#1#JAHBCD010000034.1_2122997_2624098_1$HG03927.verkko_filt_pat.fa:haplotype2_0000800_29002142_29504057_1	0.0648298191343808 Reich
I16553 chr1_chm13_103304997_103901127_0$HG02486#2#JAGYVL010000029.1_94163344_94570162_0	0.0648233696563122 Reich
I16553 HG02004.verkko_filt_mat.fa:haplotype1_0000022_97828542_98235483_0$HG01099.verkko_filt_pat.fa:haplotype2_0000583_143544270_144046196_1	0.0648200145788115 Reich
I16553 HG02300.verkko_filt_pat.fa:haplotype2_0000620_143362344_143769323_1$HG01099.verkko_filt_pat.fa:haplotype2_0000583_143544270_144046196_1	0.0648125146425692 Reich
I16553 HG02818#2#JAHEOR010000010.1_31775319_32183091_1$chr1_chm13_103304997_103901127_0	0.0648117208454437 Reich
I16553 HG02886#1#JAHAOU010000178.1_62411_469262_0$chr1_chm13_103304997_103901127_0	0.0648100828084333 Reich
I16553 AV_HG01106#haplotype2#0000932:16673968_17175925$HG03540#1#JAGYVY010000208.1_95187_596142_0	0.0648029162489609 Reich
I16553 HG00621#1#JAHBCD010000034.1_2122997_2624098_1$HG02300.verkko_filt_mat.fa:haplotype1_0000028_144052837_144460586_1	0.0648001332090600 Reich
I16553 HG00621#1#JAHBCD010000034.1_2122997_2624098_1$HG01099.verkko_filt_mat.fa:haplotype1_0000034_142513097_142920876_1	0.0647954122715275 Reich
I16553 HG01123#1#JAGYYZ010000015.1_51528240_51935090_0$HG002.verkko_filt_pat.fa:haplotype2_0000649_147937390_148315979_1	0.0647906230371228 Reich
I16553 HG01071#1#JAHBCF010000053.1_26607100_27108065_1$HG002.verkko_filt_pat.fa:haplotype2_0000649_147937390_148315979_1	0.0647881253841173 Reich
I16553 HG02071.verkko_filt_mat.fa:haplotype1_0000041_103610513_104018399_0$HG02293.verkko_filt_pat.fa:haplotype2_0000836_148310532_148812524_1	0.0647790386163148 Reich
I16553 AV_HG00673#haplotype1#0000019:16627360_17129375$HG02486#2#JAGYVL010000029.1_94163344_94570162_0	0.0647786746156049 Reich
I16553 HG00621#1#JAHBCD010000034.1_2122997_2624098_1$HG03486#1#JAHEOQ010000123.1_16677696_17085575_0	0.0647772394334684 Reich
I16553 chr1_hg38_103456064_103863972_0$HG03927.verkko_filt_pat.fa:haplotype2_0000800_29002142_29504057_1	0.0647735491812226 Reich
I16553 chr1_hg19_103998686_104406594_0$HG03927.verkko_filt_pat.fa:haplotype2_0000800_29002142_29504057_1	0.0647735491812226 Reich
I16553 AV_HG02148#haplotype2#0002863:16304803_16712699$HG01099.verkko_filt_pat.fa:haplotype2_0000583_143544270_144046196_1	0.0647650405070404 Reich
I16553 AV_HG00673#haplotype1#0000019:16627360_17129375$HG02886#1#JAHAOU010000178.1_62411_469262_0	0.0647635975775875 Reich
I16553 HG01978#1#JAGYVS010000002.1_51519970_52021951_0$HG02071.verkko_filt_mat.fa:haplotype1_0000041_103610513_104018399_0	0.0647608557932295 Reich
I16553 AV_HG01106#haplotype1#0000048:16666181_17262214$HG01099.verkko_filt_pat.fa:haplotype2_0000583_143544270_144046196_1	0.0647566730069397 Reich
I16553 AV_HG00673#haplotype1#0000019:16627360_17129375$HG02818#2#JAHEOR010000010.1_31775319_32183091_1	0.0647520049679873 Reich
I16553 HG03540#1#JAGYVY010000208.1_95187_596142_0$HG02300.verkko_filt_pat.fa:haplotype2_0000620_143362344_143769323_1	0.0647506147662080 Reich
I16553 HG03540#1#JAGYVY010000208.1_95187_596142_0$HG02004.verkko_filt_mat.fa:haplotype1_0000022_97828542_98235483_0	0.0647491183848146 Reich
I16553 AV_HG01106#haplotype1#0000048:16666181_17262214$HG02071.verkko_filt_mat.fa:haplotype1_0000041_103610513_104018399_0	0.0647467662930238 Reich
I16553 HG02071.verkko_filt_mat.fa:haplotype1_0000041_103610513_104018399_0$HG02071.verkko_filt_pat.fa:haplotype2_0000736_102745972_103248026_0	0.0647414668408666 Reich
I16553 HG02630#2#JAHAOP010000089.1_16669255_17076135_0$HG01099.verkko_filt_pat.fa:haplotype2_0000583_143544270_144046196_1	0.0647401454420123 Reich
I16553 HG00621#1#JAHBCD010000034.1_2122997_2624098_1$HG01978#1#JAGYVS010000002.1_51519970_52021951_0	0.0647301851167883 Reich
I16553 HG02886#2#JAHAOT010000031.1_87393_401061_0$chr1_chm13_103304997_103901127_0	0.0647286901430770 Reich
I16553 HG02559#1#JAGYVK010000012.1_51505852_51913611_0$HG01099.verkko_filt_pat.fa:haplotype2_0000583_143544270_144046196_1	0.0647212332438114 Reich
I16553 AV_HG01106#haplotype2#0000932:16673968_17175925$HG02486#2#JAGYVL010000029.1_94163344_94570162_0	0.0647199118851481 Reich
I16553 HG00621#1#JAHBCD010000034.1_2122997_2624098_1$HG02293.verkko_filt_pat.fa:haplotype2_0000836_148310532_148812524_1	0.0647181375777642 Reich
I16553 chr1_hg38_103456064_103863972_0$HG02293.verkko_filt_pat.fa:haplotype2_0000836_148310532_148812524_1	0.0647170510193511 Reich
I16553 chr1_hg19_103998686_104406594_0$HG02293.verkko_filt_pat.fa:haplotype2_0000836_148310532_148812524_1	0.0647170510193511 Reich
I16553 AV_HG02148#haplotype2#0002863:16304803_16712699$HG03540#1#JAGYVY010000208.1_95187_596142_0	0.0647111539824789 Reich
I16553 AV_HG01106#haplotype1#0000048:16666181_17262214$chr1_hg38_103456064_103863972_0	0.0647109370410717 Reich
I16553 AV_HG01106#haplotype1#0000048:16666181_17262214$chr1_hg19_103998686_104406594_0	0.0647109370410717 Reich
I16553 HG04228.verkko_filt_mat.fa:haplotype1_0000023_103429213_103930285_0$HG02071.verkko_filt_mat.fa:haplotype1_0000041_103610513_104018399_0	0.0647096843440305 Reich
I16553 AV_HG01106#haplotype2#0000932:16673968_17175925$HG02818#2#JAHEOR010000010.1_31775319_32183091_1	0.0647090087921660 Reich
I16553 AV_HG01106#haplotype2#0000932:16673968_17175925$HG02886#1#JAHAOU010000178.1_62411_469262_0	0.0647088051872141 Reich
I16553 HG00621#1#JAHBCD010000034.1_2122997_2624098_1$HG02559#1#JAGYVK010000012.1_51505852_51913611_0	0.0647082606192326 Reich
I16553 HG01978#1#JAGYVS010000002.1_51519970_52021951_0$HG03927.verkko_filt_pat.fa:haplotype2_0000800_29002142_29504057_1	0.0647064916228472 Reich
I16553 chr1_hg19_103998686_104406594_0$HG01978#1#JAGYVS010000002.1_51519970_52021951_0	0.0647055735269968 Reich
I16553 HG01978#1#JAGYVS010000002.1_51519970_52021951_0$chr1_hg38_103456064_103863972_0	0.0647055735269968 Reich
I16553 HG02293.verkko_filt_pat.fa:haplotype2_0000836_148310532_148812524_1$HG03927.verkko_filt_pat.fa:haplotype2_0000800_29002142_29504057_1	0.0647044939377534 Reich
I16553 HG03486#1#JAHEOQ010000123.1_16677696_17085575_0$HG03927.verkko_filt_pat.fa:haplotype2_0000800_29002142_29504057_1	0.0647042828783955 Reich
I16553 AV_HG01106#haplotype1#0000048:16666181_17262214$HG03540#1#JAGYVY010000208.1_95187_596142_0	0.0647020602318071 Reich
I16553 NA19240#1#JAHEOM010000047.1_30103390_30511199_1$HG01099.verkko_filt_pat.fa:haplotype2_0000583_143544270_144046196_1	0.0646820207870146 Reich
I16553 HG03453#2#JAGYVV010000088.1_22597550_23005370_1$HG01099.verkko_filt_pat.fa:haplotype2_0000583_143544270_144046196_1	0.0646813347966112 Reich
I16553 HG02071.verkko_filt_pat.fa:haplotype2_0000736_102745972_103248026_0$HG03927.verkko_filt_pat.fa:haplotype2_0000800_29002142_29504057_1	0.0646805763252571 Reich
I16553 HG02630#2#JAHAOP010000089.1_16669255_17076135_0$HG03540#1#JAGYVY010000208.1_95187_596142_0	0.0646762893142047 Reich
I16553 chr1_hg38_103456064_103863972_0$HG02071.verkko_filt_pat.fa:haplotype2_0000736_102745972_103248026_0	0.0646737853735030 Reich
I16553 chr1_hg19_103998686_104406594_0$HG02071.verkko_filt_pat.fa:haplotype2_0000736_102745972_103248026_0	0.0646737853735030 Reich
I16553 HG00621#1#JAHBCD010000034.1_2122997_2624098_1$HG02071.verkko_filt_pat.fa:haplotype2_0000736_102745972_103248026_0	0.0646672037598170 Reich
I16553 HG00621#1#JAHBCD010000034.1_2122997_2624098_1$NA19240#1#JAHEOM010000047.1_30103390_30511199_1	0.0646652676130782 Reich
I16553 HG02559#1#JAGYVK010000012.1_51505852_51913611_0$HG03540#1#JAGYVY010000208.1_95187_596142_0	0.0646638756979660 Reich
I16553 HG00621#1#JAHBCD010000034.1_2122997_2624098_1$HG002.verkko_filt_mat.fa:haplotype1_0000005_138228497_138636354_1	0.0646636958430270 Reich
I16553 HG04228.verkko_filt_mat.fa:haplotype1_0000023_103429213_103930285_0$HG03927.verkko_filt_pat.fa:haplotype2_0000800_29002142_29504057_1	0.0646634312093836 Reich
I16553 chr1_chm13_103304997_103901127_0$HG01099.verkko_filt_pat.fa:haplotype2_0000583_143544270_144046196_1	0.0646602635218304 Reich
I16553 chr1_hg38_103456064_103863972_0$HG04228.verkko_filt_mat.fa:haplotype1_0000023_103429213_103930285_0	0.0646592096619546 Reich
I16553 chr1_hg19_103998686_104406594_0$HG04228.verkko_filt_mat.fa:haplotype1_0000023_103429213_103930285_0	0.0646592096619546 Reich
I16553 HG02080#2#JAHEOV010000017.1_16662177_17164189_0$HG02071.verkko_filt_mat.fa:haplotype1_0000041_103610513_104018399_0	0.0646586605139551 Reich
I16553 HG00621#1#JAHBCD010000034.1_2122997_2624098_1$HG04228.verkko_filt_mat.fa:haplotype1_0000023_103429213_103930285_0	0.0646528067591252 Reich
I16553 NA18906#1#JAHEOO010000054.1_2103477_2510435_1$HG002.verkko_filt_pat.fa:haplotype2_0000649_147937390_148315979_1	0.0646523990374321 Reich
I16553 HG02300.verkko_filt_mat.fa:haplotype1_0000028_144052837_144460586_1$HG02293.verkko_filt_pat.fa:haplotype2_0000836_148310532_148812524_1	0.0646496511845847 Reich
I16553 AV_HG01106#haplotype1#0000048:16666181_17262214$HG02300.verkko_filt_mat.fa:haplotype1_0000028_144052837_144460586_1	0.0646438459674001 Reich
I16553 HG01099.verkko_filt_mat.fa:haplotype1_0000034_142513097_142920876_1$HG02293.verkko_filt_pat.fa:haplotype2_0000836_148310532_148812524_1	0.0646435004324342 Reich
I16553 AV_HG01106#haplotype1#0000048:16666181_17262214$HG01099.verkko_filt_mat.fa:haplotype1_0000034_142513097_142920876_1	0.0646422996365444 Reich
I16553 AV_HG01361#haplotype1#0000023:101593539_102001341$HG01099.verkko_filt_pat.fa:haplotype2_0000583_143544270_144046196_1	0.0646400640119502 Reich
I16553 HG00621#1#JAHBCD010000034.1_2122997_2624098_1$HG02080#2#JAHEOV010000017.1_16662177_17164189_0	0.0646288470611078 Reich
I16553 HG03540#1#JAGYVY010000208.1_95187_596142_0$NA19240#1#JAHEOM010000047.1_30103390_30511199_1	0.0646286527830649 Reich
I16553 HG01978#1#JAGYVS010000002.1_51519970_52021951_0$HG02300.verkko_filt_mat.fa:haplotype1_0000028_144052837_144460586_1	0.0646283852808887 Reich
I16553 HG03453#2#JAGYVV010000088.1_22597550_23005370_1$HG03540#1#JAGYVY010000208.1_95187_596142_0	0.0646278349332559 Reich
I16553 chr1_chm13_103304997_103901127_0$HG02071.verkko_filt_mat.fa:haplotype1_0000041_103610513_104018399_0	0.0646264977260901 Reich
I16553 HG01978#1#JAGYVS010000002.1_51519970_52021951_0$HG01099.verkko_filt_mat.fa:haplotype1_0000034_142513097_142920876_1	0.0646229363594815 Reich
I16553 HG02300.verkko_filt_mat.fa:haplotype1_0000028_144052837_144460586_1$HG02071.verkko_filt_pat.fa:haplotype2_0000736_102745972_103248026_0	0.0646201797112319 Reich
I16553 AV_HG01106#haplotype1#0000048:16666181_17262214$HG03486#1#JAHEOQ010000123.1_16677696_17085575_0	0.0646171228225132 Reich
I16553 HG00621#1#JAHBCD010000034.1_2122997_2624098_1$HG01928#1#JAGYVQ010000053.1_16676493_17083407_0	0.0646170636690774 Reich
I16553 HG03486#1#JAHEOQ010000123.1_16677696_17085575_0$HG01978#1#JAGYVS010000002.1_51519970_52021951_0	0.0646151572369740 Reich
I16553 HG01099.verkko_filt_mat.fa:haplotype1_0000034_142513097_142920876_1$HG02071.verkko_filt_pat.fa:haplotype2_0000736_102745972_103248026_0	0.0646143986321055 Reich
I16553 HG00621#1#JAHBCD010000034.1_2122997_2624098_1$HG02630#2#JAHAOP010000089.1_16669255_17076135_0	0.0646135369047773 Reich
I16553 HG03540#1#JAGYVY010000208.1_95187_596142_0$chr1_chm13_103304997_103901127_0	0.0646127512800591 Reich
I16553 NA19240#2#JAHEOL010000010.1_37445323_37853017_0$HG01099.verkko_filt_pat.fa:haplotype2_0000583_143544270_144046196_1	0.0646111474568609 Reich
I16553 HG01978#1#JAGYVS010000002.1_51519970_52021951_0$HG02293.verkko_filt_pat.fa:haplotype2_0000836_148310532_148812524_1	0.0646107660809940 Reich
I16553 HG02080#2#JAHEOV010000017.1_16662177_17164189_0$HG03927.verkko_filt_pat.fa:haplotype2_0000800_29002142_29504057_1	0.0646091645657593 Reich
I16553 HG03486#1#JAHEOQ010000123.1_16677696_17085575_0$HG02293.verkko_filt_pat.fa:haplotype2_0000836_148310532_148812524_1	0.0646072116090978 Reich
I16553 HG00621#2#JAHBCC010000031.1_16669999_17077865_0$HG00621#1#JAHBCD010000034.1_2122997_2624098_1	0.0646038304691177 Reich
I16553 HG02559#2#JAGYVJ010000037.1_52167780_52574597_1$HG01099.verkko_filt_pat.fa:haplotype2_0000583_143544270_144046196_1	0.0646033213520435 Reich
I16553 HG03927.verkko_filt_mat.fa:haplotype1_0000009_134765170_135173010_1$HG002.verkko_filt_pat.fa:haplotype2_0000649_147937390_148315979_1	0.0646022746290261 Reich
I16553 AV_HG01175#haplotype1#0000070:46006269_46414083$HG00621#1#JAHBCD010000034.1_2122997_2624098_1	0.0646009562336868 Reich
I16553 chr1_hg19_103998686_104406594_0$HG02080#2#JAHEOV010000017.1_16662177_17164189_0	0.0645991600313404 Reich
I16553 HG02080#2#JAHEOV010000017.1_16662177_17164189_0$chr1_hg38_103456064_103863972_0	0.0645991600313404 Reich
I16553 AV_HG01361#haplotype1#0000023:101593539_102001341$HG03540#1#JAGYVY010000208.1_95187_596142_0	0.0645951850387979 Reich
I16553 chr1_hg38_103456064_103863972_0$chr1_chm13_103304997_103901127_0	0.0645937462040791 Reich
I16553 chr1_hg19_103998686_104406594_0$chr1_chm13_103304997_103901127_0	0.0645937462040791 Reich
I16553 HG04228.verkko_filt_mat.fa:haplotype1_0000023_103429213_103930285_0$HG02300.verkko_filt_mat.fa:haplotype1_0000028_144052837_144460586_1	0.0645904854587773 Reich
I16553 HG03486#1#JAHEOQ010000123.1_16677696_17085575_0$HG02071.verkko_filt_pat.fa:haplotype2_0000736_102745972_103248026_0	0.0645862685712339 Reich
I16553 HG01978#1#JAGYVS010000002.1_51519970_52021951_0$HG02071.verkko_filt_pat.fa:haplotype2_0000736_102745972_103248026_0	0.0645849158903803 Reich
I16553 HG04228.verkko_filt_mat.fa:haplotype1_0000023_103429213_103930285_0$HG01099.verkko_filt_mat.fa:haplotype1_0000034_142513097_142920876_1	0.0645839800410431 Reich
I16553 HG00621#1#JAHBCD010000034.1_2122997_2624098_1$HG005#2#JAHEPN010000023.1_51542210_51950070_0	0.0645807630262966 Reich
I16553 HG01928#1#JAGYVQ010000053.1_16676493_17083407_0$HG03927.verkko_filt_pat.fa:haplotype2_0000800_29002142_29504057_1	0.0645781216753521 Reich
I16553 HG02145#2#JAHKSF010000206.1_1005292_1413195_1$HG002.verkko_filt_pat.fa:haplotype2_0000649_147937390_148315979_1	0.0645757259848497 Reich
I16553 HG002.verkko_filt_mat.fa:haplotype1_0000005_138228497_138636354_1$HG03927.verkko_filt_pat.fa:haplotype2_0000800_29002142_29504057_1	0.0645756704226034 Reich
I16553 HG02717#1#JAHAOS010000015.1_16660311_17067250_0$HG002.verkko_filt_pat.fa:haplotype2_0000649_147937390_148315979_1	0.0645725307520675 Reich
I16553 HG02071.verkko_filt_pat.fa:haplotype2_0000736_102745972_103248026_0$HG02293.verkko_filt_pat.fa:haplotype2_0000836_148310532_148812524_1	0.0645675064962755 Reich
I16553 HG02630#1#JAHAOQ010000102.1_16672145_17079089_0$HG002.verkko_filt_pat.fa:haplotype2_0000649_147937390_148315979_1	0.0645630987084730 Reich
I16553 HG03486#1#JAHEOQ010000123.1_16677696_17085575_0$HG04228.verkko_filt_mat.fa:haplotype1_0000023_103429213_103930285_0	0.0645626751578583 Reich
I16553 HG01978#1#JAGYVS010000002.1_51519970_52021951_0$HG04228.verkko_filt_mat.fa:haplotype1_0000023_103429213_103930285_0	0.0645616023872670 Reich
I16553 AV_HG01106#haplotype1#0000048:16666181_17262214$HG02559#1#JAGYVK010000012.1_51505852_51913611_0	0.0645580637118536 Reich
I16553 HG03540#1#JAGYVY010000208.1_95187_596142_0$NA19240#2#JAHEOL010000010.1_37445323_37853017_0	0.0645558125942724 Reich
I16553 HG02559#1#JAGYVK010000012.1_51505852_51913611_0$HG02293.verkko_filt_pat.fa:haplotype2_0000836_148310532_148812524_1	0.0645516294167089 Reich
I16553 HG04228.verkko_filt_mat.fa:haplotype1_0000023_103429213_103930285_0$HG02293.verkko_filt_pat.fa:haplotype2_0000836_148310532_148812524_1	0.0645510325694232 Reich
I16553 HG02886#2#JAHAOT010000031.1_87393_401061_0$HG01099.verkko_filt_pat.fa:haplotype2_0000583_143544270_144046196_1	0.0645421865108973 Reich
I16553 HG02080#2#JAHEOV010000017.1_16662177_17164189_0$HG02300.verkko_filt_mat.fa:haplotype1_0000028_144052837_144460586_1	0.0645390157290840 Reich
I16553 HG02486#2#JAGYVL010000029.1_94163344_94570162_0$HG02004.verkko_filt_pat.fa:haplotype2_0000813_139386576_140076845_1	0.0645375155609460 Reich
I16553 HG01978#2#JAGYVR010000007.1_51532241_51939176_0$HG01099.verkko_filt_pat.fa:haplotype2_0000583_143544270_144046196_1	0.0645356637950152 Reich
I16553 HG02559#1#JAGYVK010000012.1_51505852_51913611_0$HG01978#1#JAGYVS010000002.1_51519970_52021951_0	0.0645353980104128 Reich
I16553 chr1_chm13_103304997_103901127_0$HG02300.verkko_filt_mat.fa:haplotype1_0000028_144052837_144460586_1	0.0645322947181031 Reich
I16553 AV_HG00673#haplotype1#0000019:16627360_17129375$HG02071.verkko_filt_mat.fa:haplotype1_0000041_103610513_104018399_0	0.0645315992853866 Reich
I16553 HG02080#2#JAHEOV010000017.1_16662177_17164189_0$HG01099.verkko_filt_mat.fa:haplotype1_0000034_142513097_142920876_1	0.0645314192224576 Reich
I16553 AV_HG01106#haplotype1#0000048:16666181_17262214$NA19240#1#JAHEOM010000047.1_30103390_30511199_1	0.0645280500074827 Reich
I16553 chr1_chm13_103304997_103901127_0$HG01099.verkko_filt_mat.fa:haplotype1_0000034_142513097_142920876_1	0.0645274168674947 Reich
I16553 HG02818#2#JAHEOR010000010.1_31775319_32183091_1$HG02004.verkko_filt_pat.fa:haplotype2_0000813_139386576_140076845_1	0.0645262287430096 Reich
I16553 AV_HG01361#haplotype1#0000023:101593539_102001341$HG00621#1#JAHBCD010000034.1_2122997_2624098_1	0.0645258139973850 Reich
I16553 HG02559#2#JAGYVJ010000037.1_52167780_52574597_1$HG03540#1#JAGYVY010000208.1_95187_596142_0	0.0645241102340318 Reich
I16553 HG02559#1#JAGYVK010000012.1_51505852_51913611_0$HG02071.verkko_filt_pat.fa:haplotype2_0000736_102745972_103248026_0	0.0645240904395909 Reich
I16553 HG02886#1#JAHAOU010000178.1_62411_469262_0$HG02004.verkko_filt_pat.fa:haplotype2_0000813_139386576_140076845_1	0.0645232307909439 Reich
I16553 HG03516#1#JAGYYT010000012.1_24170958_24578778_1$HG01099.verkko_filt_pat.fa:haplotype2_0000583_143544270_144046196_1	0.0645219320101249 Reich
I16553 AV_HG01106#haplotype1#0000048:16666181_17262214$HG002.verkko_filt_mat.fa:haplotype1_0000005_138228497_138636354_1	0.0645209706858191 Reich
I16553 AV_HG01106#haplotype1#0000048:16666181_17262214$HG01928#1#JAGYVQ010000053.1_16676493_17083407_0	0.0645206834460687 Reich
I16553 AV_HG01106#haplotype2#0000932:16673968_17175925$HG00621#1#JAHBCD010000034.1_2122997_2624098_1	0.0645192816818373 Reich
I16553 HG005#2#JAHEPN010000023.1_51542210_51950070_0$HG03927.verkko_filt_pat.fa:haplotype2_0000800_29002142_29504057_1	0.0645186735234821 Reich
I16553 HG04228.verkko_filt_mat.fa:haplotype1_0000023_103429213_103930285_0$HG02071.verkko_filt_pat.fa:haplotype2_0000736_102745972_103248026_0	0.0645169742097107 Reich
I16553 AV_HG00673#haplotype1#0000019:16627360_17129375$HG00621#1#JAHBCD010000034.1_2122997_2624098_1	0.0645142729410938 Reich
I16553 AV_HG01106#haplotype1#0000048:16666181_17262214$HG03710.verkko_filt_mat.fa:haplotype1_0000029_102593394_102907063_0	0.0645123824977091 Reich
I16553 HG03486#1#JAHEOQ010000123.1_16677696_17085575_0$HG02080#2#JAHEOV010000017.1_16662177_17164189_0	0.0645118802555291 Reich
I16553 AV_HG01175#haplotype1#0000070:46006269_46414083$HG03927.verkko_filt_pat.fa:haplotype2_0000800_29002142_29504057_1	0.0645113002597938 Reich
I16553 HG00438#1#JAHBCB010000015.1_33474867_33954171_0$HG002.verkko_filt_pat.fa:haplotype2_0000649_147937390_148315979_1	0.0645107508167130 Reich
I16553 HG02080#2#JAHEOV010000017.1_16662177_17164189_0$HG01978#1#JAGYVS010000002.1_51519970_52021951_0	0.0645106196656988 Reich
I16553 NA19240#1#JAHEOM010000047.1_30103390_30511199_1$HG02293.verkko_filt_pat.fa:haplotype2_0000836_148310532_148812524_1	0.0645106038080786 Reich
I16553 HG02080#2#JAHEOV010000017.1_16662177_17164189_0$HG02293.verkko_filt_pat.fa:haplotype2_0000836_148310532_148812524_1	0.0645086923849413 Reich
I16553 HG00621#2#JAHBCC010000031.1_16669999_17077865_0$HG03927.verkko_filt_pat.fa:haplotype2_0000800_29002142_29504057_1	0.0645040867319946 Reich
I16553 HG002.verkko_filt_mat.fa:haplotype1_0000005_138228497_138636354_1$HG02293.verkko_filt_pat.fa:haplotype2_0000836_148310532_148812524_1	0.0645029230339271 Reich
I16553 AV_HG02257#haplotype2#0001152:102843493_103251377$HG002.verkko_filt_pat.fa:haplotype2_0000649_147937390_148315979_1	0.0645026493420637 Reich
I16553 AV_HG00673#haplotype1#0000019:16627360_17129375$HG03927.verkko_filt_pat.fa:haplotype2_0000800_29002142_29504057_1	0.0645018130587790 Reich
I16553 HG01978#1#JAGYVS010000002.1_51519970_52021951_0$NA19240#1#JAHEOM010000047.1_30103390_30511199_1	0.0645014211654317 Reich
I16553 HG03486#1#JAHEOQ010000123.1_16677696_17085575_0$chr1_chm13_103304997_103901127_0	0.0644991605951503 Reich
I16553 HG01928#1#JAGYVQ010000053.1_16676493_17083407_0$HG01978#1#JAGYVS010000002.1_51519970_52021951_0	0.0644974849382953 Reich
I16553 AV_HG01106#haplotype2#0000932:16673968_17175925$HG02071.verkko_filt_mat.fa:haplotype1_0000041_103610513_104018399_0	0.0644959889613311 Reich
I16553 HG01978#1#JAGYVS010000002.1_51519970_52021951_0$HG002.verkko_filt_mat.fa:haplotype1_0000005_138228497_138636354_1	0.0644956290818064 Reich
I16553 HG01928#1#JAGYVQ010000053.1_16676493_17083407_0$HG02293.verkko_filt_pat.fa:haplotype2_0000836_148310532_148812524_1	0.0644938060307395 Reich
I16553 HG02886#2#JAHAOT010000031.1_87393_401061_0$HG03540#1#JAGYVY010000208.1_95187_596142_0	0.0644894158841523 Reich
I16553 HG00621#1#JAHBCD010000034.1_2122997_2624098_1$NA19240#2#JAHEOL010000010.1_37445323_37853017_0	0.0644867987382055 Reich
I16553 HG02559#1#JAGYVK010000012.1_51505852_51913611_0$HG04228.verkko_filt_mat.fa:haplotype1_0000023_103429213_103930285_0	0.0644864541888825 Reich
I16553 HG02080#2#JAHEOV010000017.1_16662177_17164189_0$HG02071.verkko_filt_pat.fa:haplotype2_0000736_102745972_103248026_0	0.0644847378193315 Reich
I16553 AV_HG01106#haplotype1#0000048:16666181_17262214$HG005#2#JAHEPN010000023.1_51542210_51950070_0	0.0644824173939827 Reich
I16553 HG02630#2#JAHAOP010000089.1_16669255_17076135_0$HG02293.verkko_filt_pat.fa:haplotype2_0000836_148310532_148812524_1	0.0644816810446394 Reich
I16553 HG002.verkko_filt_mat.fa:haplotype1_0000005_138228497_138636354_1$HG02071.verkko_filt_pat.fa:haplotype2_0000736_102745972_103248026_0	0.0644787571595751 Reich
I16553 NA19240#1#JAHEOM010000047.1_30103390_30511199_1$HG02071.verkko_filt_pat.fa:haplotype2_0000736_102745972_103248026_0	0.0644773729076675 Reich
I16553 HG02630#2#JAHAOP010000089.1_16669255_17076135_0$HG01978#1#JAGYVS010000002.1_51519970_52021951_0	0.0644759737198760 Reich
I16553 AV_HG01106#haplotype1#0000048:16666181_17262214$HG00733#1#JAHEPQ010000019.1_46106835_46420495_0	0.0644754368669975 Reich
I16553 HG03516#1#JAGYYT010000012.1_24170958_24578778_1$HG03540#1#JAGYVY010000208.1_95187_596142_0	0.0644724295702805 Reich
I16553 HG02486#2#JAGYVL010000029.1_94163344_94570162_0$HG02071.verkko_filt_mat.fa:haplotype1_0000041_103610513_104018399_0	0.0644704901210793 Reich
I16553 HG02818#1#JAHEOS010000101.1_89626_496613_0$HG002.verkko_filt_pat.fa:haplotype2_0000649_147937390_148315979_1	0.0644690050347918 Reich
I16553 AV_HG01106#haplotype2#0000932:16673968_17175925$HG03927.verkko_filt_pat.fa:haplotype2_0000800_29002142_29504057_1	0.0644673048501429 Reich
I16553 AV_HG00673#haplotype1#0000019:16627360_17129375$chr1_hg38_103456064_103863972_0	0.0644667576747028 Reich
I16553 AV_HG00673#haplotype1#0000019:16627360_17129375$chr1_hg19_103998686_104406594_0	0.0644667576747028 Reich
I16553 AV_HG01106#haplotype1#0000048:16666181_17262214$HG02630#2#JAHAOP010000089.1_16669255_17076135_0	0.0644649527648108 Reich
I16553 AV_HG01106#haplotype1#0000048:16666181_17262214$AV_HG01175#haplotype1#0000070:46006269_46414083	0.0644649360200568 Reich
I16553 HG01978#2#JAGYVR010000007.1_51532241_51939176_0$HG03540#1#JAGYVY010000208.1_95187_596142_0	0.0644644330401790 Reich
I16553 HG02080#2#JAHEOV010000017.1_16662177_17164189_0$HG04228.verkko_filt_mat.fa:haplotype1_0000023_103429213_103930285_0	0.0644636744327653 Reich
I16553 HG00621#1#JAHBCD010000034.1_2122997_2624098_1$HG02300.verkko_filt_pat.fa:haplotype2_0000620_143362344_143769323_1	0.0644617631466471 Reich
I16553 AV_HG01175#haplotype1#0000070:46006269_46414083$HG02293.verkko_filt_pat.fa:haplotype2_0000836_148310532_148812524_1	0.0644574463786804 Reich
I16553 HG02004.verkko_filt_pat.fa:haplotype2_0000813_139386576_140076845_1$HG01099.verkko_filt_pat.fa:haplotype2_0000583_143544270_144046196_1	0.0644553769268467 Reich
I16553 HG02630#2#JAHAOP010000089.1_16669255_17076135_0$HG02071.verkko_filt_pat.fa:haplotype2_0000736_102745972_103248026_0	0.0644545900485514 Reich
I16553 HG04228.verkko_filt_mat.fa:haplotype1_0000023_103429213_103930285_0$HG002.verkko_filt_mat.fa:haplotype1_0000005_138228497_138636354_1	0.0644540451806515 Reich
I16553 AV_HG01106#haplotype1#0000048:16666181_17262214$HG00621#2#JAHBCC010000031.1_16669999_17077865_0	0.0644534532905537 Reich
I16553 AV_HG01106#haplotype1#0000048:16666181_17262214$HG03927.verkko_filt_pat.fa:haplotype2_0000800_29002142_29504057_1	0.0644531024364574 Reich
I16553 AV_HG01106#haplotype1#0000048:16666181_17262214$HG02109#2#JAHEPF010000078.1_16678387_16991144_0	0.0644530818149537 Reich
I16553 HG02886#1#JAHAOU010000178.1_62411_469262_0$HG02071.verkko_filt_mat.fa:haplotype1_0000041_103610513_104018399_0	0.0644514468400401 Reich
I16553 AV_HG01106#haplotype1#0000048:16666181_17262214$HG00621#1#JAHBCD010000034.1_2122997_2624098_1	0.0644491683986633 Reich
I16553 HG00621#1#JAHBCD010000034.1_2122997_2624098_1$HG02559#2#JAGYVJ010000037.1_52167780_52574597_1	0.0644489311950342 Reich
I16553 HG01928#1#JAGYVQ010000053.1_16676493_17083407_0$HG02071.verkko_filt_pat.fa:haplotype2_0000736_102745972_103248026_0	0.0644479200521359 Reich
I16553 HG03540#2#JAGYVX010000148.1_1368955_1877115_0$HG01099.verkko_filt_pat.fa:haplotype2_0000583_143544270_144046196_1	0.0644437646981926 Reich
I16553 HG00621#2#JAHBCC010000031.1_16669999_17077865_0$HG02293.verkko_filt_pat.fa:haplotype2_0000836_148310532_148812524_1	0.0644431291828887 Reich
I16553 HG005#2#JAHEPN010000023.1_51542210_51950070_0$HG02293.verkko_filt_pat.fa:haplotype2_0000836_148310532_148812524_1	0.0644421127138160 Reich
I16553 HG02559#1#JAGYVK010000012.1_51505852_51913611_0$HG02080#2#JAHEOV010000017.1_16662177_17164189_0	0.0644420905970383 Reich
I16553 NA19240#1#JAHEOM010000047.1_30103390_30511199_1$HG04228.verkko_filt_mat.fa:haplotype1_0000023_103429213_103930285_0	0.0644415357959099 Reich
I16553 AV_HG01106#haplotype2#0000932:16673968_17175925$chr1_hg38_103456064_103863972_0	0.0644414309748751 Reich
I16553 AV_HG01106#haplotype2#0000932:16673968_17175925$chr1_hg19_103998686_104406594_0	0.0644414309748751 Reich
I16553 HG02559#1#JAGYVK010000012.1_51505852_51913611_0$chr1_chm13_103304997_103901127_0	0.0644404434186594 Reich
I16553 HG02818#2#JAHEOR010000010.1_31775319_32183091_1$HG02071.verkko_filt_mat.fa:haplotype1_0000041_103610513_104018399_0	0.0644346180702289 Reich
I16553 AV_HG01175#haplotype1#0000070:46006269_46414083$HG01978#1#JAGYVS010000002.1_51519970_52021951_0	0.0644338814143129 Reich
I16553 HG02717#2#JAHAOR010000006.1_19663827_20070693_1$HG002.verkko_filt_pat.fa:haplotype2_0000649_147937390_148315979_1	0.0644324738020879 Reich
I16553 HG01978#1#JAGYVS010000002.1_51519970_52021951_0$HG005#2#JAHEPN010000023.1_51542210_51950070_0	0.0644323839656455 Reich
I16553 HG00741#2#JAHALX010000013.1_51574319_51981226_0$HG002.verkko_filt_pat.fa:haplotype2_0000649_147937390_148315979_1	0.0644270700438934 Reich
I16553 chr1_hg38_103456064_103863972_0$HG02486#2#JAGYVL010000029.1_94163344_94570162_0	0.0644228698769382 Reich
I16553 chr1_hg19_103998686_104406594_0$HG02486#2#JAGYVL010000029.1_94163344_94570162_0	0.0644228698769382 Reich
I16553 HG00621#2#JAHBCC010000031.1_16669999_17077865_0$HG01978#1#JAGYVS010000002.1_51519970_52021951_0	0.0644220231782004 Reich
I16553 AV_HG01175#haplotype1#0000070:46006269_46414083$HG02071.verkko_filt_pat.fa:haplotype2_0000736_102745972_103248026_0	0.0644182757278178 Reich
I16553 HG02818#2#JAHEOR010000010.1_31775319_32183091_1$HG02486#2#JAGYVL010000029.1_94163344_94570162_0	0.0644182652241017 Reich
I16553 HG01928#1#JAGYVQ010000053.1_16676493_17083407_0$HG04228.verkko_filt_mat.fa:haplotype1_0000023_103429213_103930285_0	0.0644153392522859 Reich
I16553 AV_HG02148#haplotype2#0002863:16304803_16712699$HG00621#1#JAHBCD010000034.1_2122997_2624098_1	0.0644119595697851 Reich
I16553 HG03540#1#JAGYVY010000208.1_95187_596142_0$HG02004.verkko_filt_pat.fa:haplotype2_0000813_139386576_140076845_1	0.0644117849176134 Reich
I16553 NA19240#1#JAHEOM010000047.1_30103390_30511199_1$chr1_chm13_103304997_103901127_0	0.0644113175620762 Reich
I16553 HG00621#2#JAHBCC010000031.1_16669999_17077865_0$HG02071.verkko_filt_pat.fa:haplotype2_0000736_102745972_103248026_0	0.0644100571739341 Reich
I16553 AV_HG01106#haplotype1#0000048:16666181_17262214$AV_HG01361#haplotype1#0000023:101593539_102001341	0.0644099866505421 Reich
I16553 AV_HG00673#haplotype1#0000019:16627360_17129375$HG02300.verkko_filt_mat.fa:haplotype1_0000028_144052837_144460586_1	0.0644099664949116 Reich
I16553 HG01928#1#JAGYVQ010000053.1_16676493_17083407_0$chr1_chm13_103304997_103901127_0	0.0644084409510988 Reich
I16553 HG02630#2#JAHAOP010000089.1_16669255_17076135_0$HG04228.verkko_filt_mat.fa:haplotype1_0000023_103429213_103930285_0	0.0644065645360511 Reich
I16553 AV_HG00673#haplotype1#0000019:16627360_17129375$HG01978#1#JAGYVS010000002.1_51519970_52021951_0	0.0644065344301827 Reich
I16553 HG02080#2#JAHEOV010000017.1_16662177_17164189_0$NA19240#1#JAHEOM010000047.1_30103390_30511199_1	0.0644064628730977 Reich
I16553 chr1_hg19_103998686_104406594_0$HG02886#1#JAHAOU010000178.1_62411_469262_0	0.0644054385394825 Reich
I16553 HG02886#1#JAHAOU010000178.1_62411_469262_0$chr1_hg38_103456064_103863972_0	0.0644054385394825 Reich
I16553 chr1_chm13_103304997_103901127_0$HG002.verkko_filt_mat.fa:haplotype1_0000005_138228497_138636354_1	0.0644052927447596 Reich
I16553 HG005#2#JAHEPN010000023.1_51542210_51950070_0$HG02071.verkko_filt_pat.fa:haplotype2_0000736_102745972_103248026_0	0.0644037477777555 Reich
I16553 AV_HG00673#haplotype1#0000019:16627360_17129375$HG01099.verkko_filt_mat.fa:haplotype1_0000034_142513097_142920876_1	0.0644023903160718 Reich
I16553 HG02818#2#JAHEOR010000010.1_31775319_32183091_1$HG02886#1#JAHAOU010000178.1_62411_469262_0	0.0644014759273749 Reich
I16553 HG02559#1#JAGYVK010000012.1_51505852_51913611_0$HG03927.verkko_filt_pat.fa:haplotype2_0000800_29002142_29504057_1	0.0644005306622107 Reich
I16553 HG02080#2#JAHEOV010000017.1_16662177_17164189_0$HG002.verkko_filt_mat.fa:haplotype1_0000005_138228497_138636354_1	0.0644002936678188 Reich
I16553 AV_HG01106#haplotype2#0000932:16673968_17175925$HG02293.verkko_filt_pat.fa:haplotype2_0000836_148310532_148812524_1	0.0643968773255124 Reich
I16553 HG03540#2#JAGYVX010000148.1_1368955_1877115_0$HG03540#1#JAGYVY010000208.1_95187_596142_0	0.0643965564915859 Reich
I16553 AV_HG00673#haplotype1#0000019:16627360_17129375$HG02293.verkko_filt_pat.fa:haplotype2_0000836_148310532_148812524_1	0.0643965067219398 Reich
I16553 HG02818#2#JAHEOR010000010.1_31775319_32183091_1$chr1_hg38_103456064_103863972_0	0.0643961487364906 Reich
I16553 HG02818#2#JAHEOR010000010.1_31775319_32183091_1$chr1_hg19_103998686_104406594_0	0.0643961487364906 Reich
I16553 HG00621#1#JAHBCD010000034.1_2122997_2624098_1$HG03516#1#JAGYYT010000012.1_24170958_24578778_1	0.0643922642540597 Reich
I16553 HG02080#1#JAHEOW010000048.1_16689583_17097287_0$HG01099.verkko_filt_pat.fa:haplotype2_0000583_143544270_144046196_1	0.0643917521028127 Reich
I16553 HG00621#1#JAHBCD010000034.1_2122997_2624098_1$HG02004.verkko_filt_mat.fa:haplotype1_0000022_97828542_98235483_0	0.0643916661611361 Reich
I16553 HG00621#2#JAHBCC010000031.1_16669999_17077865_0$HG04228.verkko_filt_mat.fa:haplotype1_0000023_103429213_103930285_0	0.0643892459566714 Reich
I16553 AV_HG01175#haplotype1#0000070:46006269_46414083$HG04228.verkko_filt_mat.fa:haplotype1_0000023_103429213_103930285_0	0.0643888884541328 Reich
I16553 HG01928#1#JAGYVQ010000053.1_16676493_17083407_0$HG02080#2#JAHEOV010000017.1_16662177_17164189_0	0.0643883522114901 Reich
I16553 HG02300.verkko_filt_mat.fa:haplotype1_0000028_144052837_144460586_1$HG03927.verkko_filt_pat.fa:haplotype2_0000800_29002142_29504057_1	0.0643881322435098 Reich
I16553 HG005#2#JAHEPN010000023.1_51542210_51950070_0$HG04228.verkko_filt_mat.fa:haplotype1_0000023_103429213_103930285_0	0.0643850635257422 Reich
I16553 HG01099.verkko_filt_mat.fa:haplotype1_0000034_142513097_142920876_1$HG03927.verkko_filt_pat.fa:haplotype2_0000800_29002142_29504057_1	0.0643848990509216 Reich
I16553 AV_HG01106#haplotype2#0000932:16673968_17175925$HG01978#1#JAGYVS010000002.1_51519970_52021951_0	0.0643822311628284 Reich
I16553 HG02630#2#JAHAOP010000089.1_16669255_17076135_0$chr1_chm13_103304997_103901127_0	0.0643808288678417 Reich
I16553 AV_HG00673#haplotype1#0000019:16627360_17129375$HG03486#1#JAHEOQ010000123.1_16677696_17085575_0	0.0643806675389154 Reich
I16553 AV_HG01106#haplotype1#0000048:16666181_17262214$NA19240#2#JAHEOL010000010.1_37445323_37853017_0	0.0643797131316017 Reich
I16553 HG02300.verkko_filt_pat.fa:haplotype2_0000620_143362344_143769323_1$HG03927.verkko_filt_pat.fa:haplotype2_0000800_29002142_29504057_1	0.0643775159672944 Reich
I16553 AV_HG01106#haplotype2#0000932:16673968_17175925$HG02071.verkko_filt_pat.fa:haplotype2_0000736_102745972_103248026_0	0.0643703426696817 Reich
I16553 NA19240#1#JAHEOM010000047.1_30103390_30511199_1$HG03927.verkko_filt_pat.fa:haplotype2_0000800_29002142_29504057_1	0.0643689198644747 Reich
I16553 AV_HG01361#haplotype1#0000023:101593539_102001341$HG02293.verkko_filt_pat.fa:haplotype2_0000836_148310532_148812524_1	0.0643679704327583 Reich
I16553 chr1_chm13_103304997_103901127_0$HG03710.verkko_filt_mat.fa:haplotype1_0000029_102593394_102907063_0	0.0643674841158102 Reich
I16553 HG02630#2#JAHAOP010000089.1_16669255_17076135_0$HG02080#2#JAHEOV010000017.1_16662177_17164189_0	0.0643664073673577 Reich
I16553 AV_HG00673#haplotype1#0000019:16627360_17129375$HG02071.verkko_filt_pat.fa:haplotype2_0000736_102745972_103248026_0	0.0643650298742870 Reich
I16553 AV_HG01106#haplotype1#0000048:16666181_17262214$HG00438#2#JAHBCA010000012.1_51513023_51826723_0	0.0643646129066771 Reich
I16553 HG00621#1#JAHBCD010000034.1_2122997_2624098_1$HG02886#2#JAHAOT010000031.1_87393_401061_0	0.0643639080515002 Reich
I16553 HG005#2#JAHEPN010000023.1_51542210_51950070_0$chr1_chm13_103304997_103901127_0	0.0643595257842770 Reich
I16553 AV_HG01106#haplotype2#0000932:16673968_17175925$HG03486#1#JAHEOQ010000123.1_16677696_17085575_0	0.0643590510321952 Reich
I16553 HG02109#2#JAHEPF010000078.1_16678387_16991144_0$chr1_chm13_103304997_103901127_0	0.0643569893168866 Reich
I16553 HG02004.verkko_filt_mat.fa:haplotype1_0000022_97828542_98235483_0$HG03927.verkko_filt_pat.fa:haplotype2_0000800_29002142_29504057_1	0.0643544062971439 Reich
I16553 chr1_chm13_103304997_103901127_0$HG03927.verkko_filt_pat.fa:haplotype2_0000800_29002142_29504057_1	0.0643535455311139 Reich
I16553 AV_HG01106#haplotype2#0000932:16673968_17175925$HG02300.verkko_filt_mat.fa:haplotype1_0000028_144052837_144460586_1	0.0643534835896614 Reich
I16553 HG02622#1#JAHAOO010000002.1_16673678_17080663_0$HG002.verkko_filt_pat.fa:haplotype2_0000649_147937390_148315979_1	0.0643527174939636 Reich
I16553 AV_HG00673#haplotype1#0000019:16627360_17129375$HG04228.verkko_filt_mat.fa:haplotype1_0000023_103429213_103930285_0	0.0643504933789895 Reich
I16553 HG02004.verkko_filt_pat.fa:haplotype2_0000813_139386576_140076845_1$HG02071.verkko_filt_mat.fa:haplotype1_0000041_103610513_104018399_0	0.0643496179079214 Reich
I16553 AV_HG01175#haplotype1#0000070:46006269_46414083$chr1_chm13_103304997_103901127_0	0.0643493511044152 Reich
I16553 HG00621#1#JAHBCD010000034.1_2122997_2624098_1$chr1_chm13_103304997_103901127_0	0.0643491663019921 Reich
I16553 HG02630#2#JAHAOP010000089.1_16669255_17076135_0$HG03927.verkko_filt_pat.fa:haplotype2_0000800_29002142_29504057_1	0.0643490074288675 Reich
I16553 AV_HG01361#haplotype1#0000023:101593539_102001341$HG01978#1#JAGYVS010000002.1_51519970_52021951_0	0.0643489629557764 Reich
I16553 AV_HG01106#haplotype1#0000048:16666181_17262214$HG03098#2#JAHEPL010000003.1_93803759_94117426_0	0.0643472730173328 Reich
I16553 AV_HG01106#haplotype2#0000932:16673968_17175925$HG01099.verkko_filt_mat.fa:haplotype1_0000034_142513097_142920876_1	0.0643466126026244 Reich
I16553 AV_HG01106#haplotype2#0000932:16673968_17175925$HG04228.verkko_filt_mat.fa:haplotype1_0000023_103429213_103930285_0	0.0643461954553169 Reich
I16553 AV_HG01106#haplotype1#0000048:16666181_17262214$HG02300.verkko_filt_pat.fa:haplotype2_0000620_143362344_143769323_1	0.0643452045871896 Reich
I16553 AV_HG01175#haplotype1#0000070:46006269_46414083$HG02080#2#JAHEOV010000017.1_16662177_17164189_0	0.0643451039011091 Reich
I16553 HG00621#1#JAHBCD010000034.1_2122997_2624098_1$HG03453#2#JAGYVV010000088.1_22597550_23005370_1	0.0643441168282368 Reich
I16553 AV_HG01106#haplotype1#0000048:16666181_17262214$HG02293.verkko_filt_pat.fa:haplotype2_0000836_148310532_148812524_1	0.0643434505244325 Reich
I16553 AV_HG01106#haplotype1#0000048:16666181_17262214$HG02004.verkko_filt_mat.fa:haplotype1_0000022_97828542_98235483_0	0.0643400748940916 Reich
I16553 HG00621#2#JAHBCC010000031.1_16669999_17077865_0$chr1_chm13_103304997_103901127_0	0.0643376599560034 Reich
I16553 HG00621#2#JAHBCC010000031.1_16669999_17077865_0$HG02080#2#JAHEOV010000017.1_16662177_17164189_0	0.0643372303136397 Reich
I16553 AV_HG01361#haplotype1#0000023:101593539_102001341$HG02071.verkko_filt_pat.fa:haplotype2_0000736_102745972_103248026_0	0.0643361226911487 Reich
I16553 HG02080#1#JAHEOW010000048.1_16689583_17097287_0$HG03540#1#JAGYVY010000208.1_95187_596142_0	0.0643360203338149 Reich
I16553 NA19240#2#JAHEOL010000010.1_37445323_37853017_0$HG02293.verkko_filt_pat.fa:haplotype2_0000836_148310532_148812524_1	0.0643355833062498 Reich
I16553 chr1_chm13_103304997_103901127_0$HG00733#1#JAHEPQ010000019.1_46106835_46420495_0	0.0643332341193996 Reich
I16553 AV_HG01106#haplotype1#0000048:16666181_17262214$HG02071.verkko_filt_pat.fa:haplotype2_0000736_102745972_103248026_0	0.0643317083930890 Reich
I16553 HG00621#1#JAHBCD010000034.1_2122997_2624098_1$HG03540#2#JAGYVX010000148.1_1368955_1877115_0	0.0643310736315959 Reich
I16553 AV_HG02148#haplotype2#0002863:16304803_16712699$HG03927.verkko_filt_pat.fa:haplotype2_0000800_29002142_29504057_1	0.0643274941603856 Reich
I16553 AV_HG01106#haplotype1#0000048:16666181_17262214$HG02559#2#JAGYVJ010000037.1_52167780_52574597_1	0.0643269779797401 Reich
I16553 HG02886#2#JAHAOT010000031.1_87393_401061_0$HG02004.verkko_filt_pat.fa:haplotype2_0000813_139386576_140076845_1	0.0643208057158894 Reich
I16553 HG02300.verkko_filt_pat.fa:haplotype2_0000620_143362344_143769323_1$HG02293.verkko_filt_pat.fa:haplotype2_0000836_148310532_148812524_1	0.0643200616051063 Reich
I16553 AV_HG00673#haplotype2#0001165:24014011_24421797$HG01099.verkko_filt_pat.fa:haplotype2_0000583_143544270_144046196_1	0.0643172985349397 Reich
I16553 HG02080#2#JAHEOV010000017.1_16662177_17164189_0$HG005#2#JAHEPN010000023.1_51542210_51950070_0	0.0643169756982436 Reich
I16553 HG02559#2#JAGYVJ010000037.1_52167780_52574597_1$HG02293.verkko_filt_pat.fa:haplotype2_0000836_148310532_148812524_1	0.0643167587255550 Reich
I16553 AV_HG01361#haplotype1#0000023:101593539_102001341$HG04228.verkko_filt_mat.fa:haplotype1_0000023_103429213_103930285_0	0.0643149594590969 Reich
I16553 HG01978#1#JAGYVS010000002.1_51519970_52021951_0$NA19240#2#JAHEOL010000010.1_37445323_37853017_0	0.0643142762123004 Reich
I16553 AV_HG00673#haplotype1#0000019:16627360_17129375$HG02559#1#JAGYVK010000012.1_51505852_51913611_0	0.0643122229839681 Reich
I16553 AV_HG01106#haplotype1#0000048:16666181_17262214$HG03516#1#JAGYYT010000012.1_24170958_24578778_1	0.0643091980074552 Reich
I16553 AV_HG01106#haplotype1#0000048:16666181_17262214$AV_HG02148#haplotype2#0002863:16304803_16712699	0.0643077687446430 Reich
I16553 HG02559#2#JAGYVJ010000037.1_52167780_52574597_1$HG01978#1#JAGYVS010000002.1_51519970_52021951_0	0.0643066784156210 Reich
I16553 AV_HG01106#haplotype1#0000048:16666181_17262214$HG01978#1#JAGYVS010000002.1_51519970_52021951_0	0.0643057437301691 Reich
I16553 HG01978#1#JAGYVS010000002.1_51519970_52021951_0$HG02300.verkko_filt_pat.fa:haplotype2_0000620_143362344_143769323_1	0.0643052198478457 Reich
I16553 NA19240#2#JAHEOL010000010.1_37445323_37853017_0$HG02071.verkko_filt_pat.fa:haplotype2_0000736_102745972_103248026_0	0.0643048607743262 Reich
I16553 HG03516#2#JAGYYS010000004.1_24452130_24859892_1$HG01099.verkko_filt_pat.fa:haplotype2_0000583_143544270_144046196_1	0.0643042271962000 Reich
I16553 AV_HG01106#haplotype2#0000932:16673968_17175925$HG02080#2#JAHEOV010000017.1_16662177_17164189_0	0.0643037164503452 Reich
I16553 HG03486#1#JAHEOQ010000123.1_16677696_17085575_0$HG02486#2#JAGYVL010000029.1_94163344_94570162_0	0.0642994525638864 Reich
I16553 HG00621#1#JAHBCD010000034.1_2122997_2624098_1$HG03516#2#JAGYYS010000004.1_24452130_24859892_1	0.0642967953283289 Reich
I16553 AV_HG01361#haplotype1#0000023:101593539_102001341$chr1_chm13_103304997_103901127_0	0.0642958838765019 Reich
I16553 HG02300.verkko_filt_pat.fa:haplotype2_0000620_143362344_143769323_1$HG02071.verkko_filt_pat.fa:haplotype2_0000736_102745972_103248026_0	0.0642941557401240 Reich
I16553 chr1_hg38_103456064_103863972_0$HG02004.verkko_filt_pat.fa:haplotype2_0000813_139386576_140076845_1	0.0642932060928786 Reich
I16553 chr1_hg19_103998686_104406594_0$HG02004.verkko_filt_pat.fa:haplotype2_0000813_139386576_140076845_1	0.0642932060928786 Reich
I16553 AV_HG01106#haplotype1#0000048:16666181_17262214$HG04228.verkko_filt_mat.fa:haplotype1_0000023_103429213_103930285_0	0.0642926488467862 Reich
I16553 AV_HG00673#haplotype1#0000019:16627360_17129375$HG02080#2#JAHEOV010000017.1_16662177_17164189_0	0.0642885333696357 Reich
I16553 HG02559#2#JAGYVJ010000037.1_52167780_52574597_1$HG02071.verkko_filt_pat.fa:haplotype2_0000736_102745972_103248026_0	0.0642827781110191 Reich
I16553 HG03486#1#JAHEOQ010000123.1_16677696_17085575_0$HG02886#1#JAHAOU010000178.1_62411_469262_0	0.0642804836365298 Reich
I16553 HG02004.verkko_filt_mat.fa:haplotype1_0000022_97828542_98235483_0$HG02293.verkko_filt_pat.fa:haplotype2_0000836_148310532_148812524_1	0.0642798907999034 Reich
I16553 HG01978#1#JAGYVS010000002.1_51519970_52021951_0$HG02004.verkko_filt_mat.fa:haplotype1_0000022_97828542_98235483_0	0.0642798012006958 Reich
I16553 AV_HG00673#haplotype1#0000019:16627360_17129375$NA19240#1#JAHEOM010000047.1_30103390_30511199_1	0.0642741822137176 Reich
I16553 AV_HG02148#haplotype2#0002863:16304803_16712699$HG02293.verkko_filt_pat.fa:haplotype2_0000836_148310532_148812524_1	0.0642739887194640 Reich
I16553 AV_HG00673#haplotype1#0000019:16627360_17129375$HG002.verkko_filt_mat.fa:haplotype1_0000005_138228497_138636354_1	0.0642704353253803 Reich
I16553 AV_HG00673#haplotype2#0001165:24014011_24421797$HG03540#1#JAGYVY010000208.1_95187_596142_0	0.0642702187922397 Reich
I16553 HG02080#1#JAHEOW010000048.1_16689583_17097287_0$HG00621#1#JAHBCD010000034.1_2122997_2624098_1	0.0642690150035914 Reich
I16553 AV_HG01106#haplotype2#0000932:16673968_17175925$HG02559#1#JAGYVK010000012.1_51505852_51913611_0	0.0642688348711176 Reich
I16553 chr1_chm13_103304997_103901127_0$NA19240#2#JAHEOL010000010.1_37445323_37853017_0	0.0642667501260667 Reich
I16553 NA19240#2#JAHEOL010000010.1_37445323_37853017_0$HG04228.verkko_filt_mat.fa:haplotype1_0000023_103429213_103930285_0	0.0642664362718982 Reich
I16553 AV_HG01106#haplotype1#0000048:16666181_17262214$HG02080#2#JAHEOV010000017.1_16662177_17164189_0	0.0642644573781649 Reich
I16553 HG02818#2#JAHEOR010000010.1_31775319_32183091_1$HG03486#1#JAHEOQ010000123.1_16677696_17085575_0	0.0642627684717054 Reich
I16553 HG03540#1#JAGYVY010000208.1_95187_596142_0$HG03516#2#JAGYYS010000004.1_24452130_24859892_1	0.0642554672941101 Reich
I16553 AV_HG00673#haplotype1#0000019:16627360_17129375$HG01928#1#JAGYVQ010000053.1_16676493_17083407_0	0.0642536624473519 Reich
I16553 AV_HG01361#haplotype1#0000023:101593539_102001341$HG02080#2#JAHEOV010000017.1_16662177_17164189_0	0.0642524491534986 Reich
I16553 AV_HG01106#haplotype1#0000048:16666181_17262214$HG03453#2#JAGYVV010000088.1_22597550_23005370_1	0.0642511693492075 Reich
I16553 AV_HG02148#haplotype2#0002863:16304803_16712699$HG01978#1#JAGYVS010000002.1_51519970_52021951_0	0.0642510677721606 Reich
I16553 HG00733#1#JAHEPQ010000019.1_46106835_46420495_0$HG01099.verkko_filt_pat.fa:haplotype2_0000583_143544270_144046196_1	0.0642478580087976 Reich
I16553 HG02559#2#JAGYVJ010000037.1_52167780_52574597_1$chr1_chm13_103304997_103901127_0	0.0642475380929909 Reich
I16553 HG04228.verkko_filt_mat.fa:haplotype1_0000023_103429213_103930285_0$HG02300.verkko_filt_pat.fa:haplotype2_0000620_143362344_143769323_1	0.0642468662248157 Reich
I16553 AV_HG01106#haplotype2#0000932:16673968_17175925$HG01928#1#JAGYVQ010000053.1_16676493_17083407_0	0.0642467701616473 Reich
I16553 AV_HG01106#haplotype2#0000932:16673968_17175925$HG002.verkko_filt_mat.fa:haplotype1_0000005_138228497_138636354_1	0.0642422158270879 Reich
I16553 chr1_chm13_103304997_103901127_0$HG02293.verkko_filt_pat.fa:haplotype2_0000836_148310532_148812524_1	0.0642419343222485 Reich
I16553 AV_HG00673#haplotype1#0000019:16627360_17129375$HG02630#2#JAHAOP010000089.1_16669255_17076135_0	0.0642417573724925 Reich
I16553 HG02004.verkko_filt_pat.fa:haplotype2_0000813_139386576_140076845_1$HG02300.verkko_filt_mat.fa:haplotype1_0000028_144052837_144460586_1	0.0642409227720517 Reich
I16553 HG03516#1#JAGYYT010000012.1_24170958_24578778_1$HG02293.verkko_filt_pat.fa:haplotype2_0000836_148310532_148812524_1	0.0642381775271046 Reich
I16553 HG02004.verkko_filt_pat.fa:haplotype2_0000813_139386576_140076845_1$HG01099.verkko_filt_mat.fa:haplotype1_0000034_142513097_142920876_1	0.0642381560922006 Reich
I16553 chr1_chm13_103304997_103901127_0$HG02300.verkko_filt_pat.fa:haplotype2_0000620_143362344_143769323_1	0.0642378317860462 Reich
I16553 AV_HG01106#haplotype2#0000932:16673968_17175925$NA19240#1#JAHEOM010000047.1_30103390_30511199_1	0.0642346371594730 Reich
I16553 HG03453#2#JAGYVV010000088.1_22597550_23005370_1$HG03927.verkko_filt_pat.fa:haplotype2_0000800_29002142_29504057_1	0.0642321768603832 Reich
I16553 HG02004.verkko_filt_mat.fa:haplotype1_0000022_97828542_98235483_0$HG02071.verkko_filt_pat.fa:haplotype2_0000736_102745972_103248026_0	0.0642309586135034 Reich
I16553 HG01978#1#JAGYVS010000002.1_51519970_52021951_0$HG03516#1#JAGYYT010000012.1_24170958_24578778_1	0.0642308607617414 Reich
I16553 AV_HG02148#haplotype2#0002863:16304803_16712699$HG02071.verkko_filt_pat.fa:haplotype2_0000736_102745972_103248026_0	0.0642303288597461 Reich
I16553 HG02559#2#JAGYVJ010000037.1_52167780_52574597_1$HG04228.verkko_filt_mat.fa:haplotype1_0000023_103429213_103930285_0	0.0642270998464305 Reich
I16553 chr1_chm13_103304997_103901127_0$HG02071.verkko_filt_pat.fa:haplotype2_0000736_102745972_103248026_0	0.0642248066461081 Reich
I16553 chr1_chm13_103304997_103901127_0$HG02004.verkko_filt_mat.fa:haplotype1_0000022_97828542_98235483_0	0.0642226993071281 Reich
I16553 HG02080#2#JAHEOV010000017.1_16662177_17164189_0$NA19240#2#JAHEOL010000010.1_37445323_37853017_0	0.0642197152818624 Reich
I16553 HG02080#2#JAHEOV010000017.1_16662177_17164189_0$HG02300.verkko_filt_pat.fa:haplotype2_0000620_143362344_143769323_1	0.0642154594661256 Reich
I16553 AV_HG01106#haplotype2#0000932:16673968_17175925$HG02630#2#JAHAOP010000089.1_16669255_17076135_0	0.0642143243902268 Reich
I16553 HG00438#2#JAHBCA010000012.1_51513023_51826723_0$chr1_chm13_103304997_103901127_0	0.0642141986968431 Reich
I16553 HG01978#1#JAGYVS010000002.1_51519970_52021951_0$HG03540#2#JAGYVX010000148.1_1368955_1877115_0	0.0642134790576277 Reich
I16553 AV_HG00673#haplotype1#0000019:16627360_17129375$AV_HG01175#haplotype1#0000070:46006269_46414083	0.0642124139726302 Reich
I16553 HG005#1#JAHEPO010000002.1_51519219_51926067_0$HG01099.verkko_filt_pat.fa:haplotype2_0000583_143544270_144046196_1	0.0642100558896974 Reich
I16553 AV_HG01106#haplotype1#0000048:16666181_17262214$HG03516#2#JAGYYS010000004.1_24452130_24859892_1	0.0642095393294477 Reich
I16553 HG01978#1#JAGYVS010000002.1_51519970_52021951_0$chr1_chm13_103304997_103901127_0	0.0642080042516743 Reich
I16553 HG03486#1#JAHEOQ010000123.1_16677696_17085575_0$HG02004.verkko_filt_pat.fa:haplotype2_0000813_139386576_140076845_1	0.0642072433171573 Reich
I16553 HG02559#2#JAGYVJ010000037.1_52167780_52574597_1$HG02080#2#JAHEOV010000017.1_16662177_17164189_0	0.0642069552929929 Reich
I16553 AV_HG00673#haplotype1#0000019:16627360_17129375$HG00621#2#JAHBCC010000031.1_16669999_17077865_0	0.0642052765635900 Reich
I16553 HG03516#1#JAGYYT010000012.1_24170958_24578778_1$HG02071.verkko_filt_pat.fa:haplotype2_0000736_102745972_103248026_0	0.0642043775112552 Reich
I16553 HG04228.verkko_filt_mat.fa:haplotype1_0000023_103429213_103930285_0$HG02004.verkko_filt_mat.fa:haplotype1_0000022_97828542_98235483_0	0.0641986643785505 Reich
I16553 HG03540#2#JAGYVX010000148.1_1368955_1877115_0$HG02293.verkko_filt_pat.fa:haplotype2_0000836_148310532_148812524_1	0.0641986028071705 Reich
I16553 HG03098#2#JAHEPL010000003.1_93803759_94117426_0$chr1_chm13_103304997_103901127_0	0.0641965407152283 Reich
I16553 AV_HG02148#haplotype2#0002863:16304803_16712699$HG04228.verkko_filt_mat.fa:haplotype1_0000023_103429213_103930285_0	0.0641958886647620 Reich
I16553 AV_HG02148#haplotype2#0002863:16304803_16712699$chr1_chm13_103304997_103901127_0	0.0641957142698411 Reich
I16553 AV_HG00673#haplotype1#0000019:16627360_17129375$AV_HG01106#haplotype2#0000932:16673968_17175925	0.0641945736829693 Reich
I16553 chr1_chm13_103304997_103901127_0$HG04228.verkko_filt_mat.fa:haplotype1_0000023_103429213_103930285_0	0.0641943931563208 Reich
I16553 AV_HG01106#haplotype1#0000048:16666181_17262214$HG02080#1#JAHEOW010000048.1_16689583_17097287_0	0.0641942225616843 Reich
I16553 HG03540#2#JAGYVX010000148.1_1368955_1877115_0$HG02486#2#JAGYVL010000029.1_94163344_94570162_0	0.0641912561161510 Reich
I16553 HG03516#1#JAGYYT010000012.1_24170958_24578778_1$chr1_chm13_103304997_103901127_0	0.0641896350201807 Reich
I16553 HG03453#2#JAGYVV010000088.1_22597550_23005370_1$HG02293.verkko_filt_pat.fa:haplotype2_0000836_148310532_148812524_1	0.0641891245510878 Reich
I16553 AV_HG01106#haplotype2#0000932:16673968_17175925$HG005#2#JAHEPN010000023.1_51542210_51950070_0	0.0641888482325352 Reich
I16553 AV_HG01106#haplotype1#0000048:16666181_17262214$HG04228.verkko_filt_pat.fa:haplotype2_0000600_103806749_104119491_0	0.0641875697298719 Reich
I16553 AV_HG00673#haplotype1#0000019:16627360_17129375$HG005#2#JAHEPN010000023.1_51542210_51950070_0	0.0641848535807775 Reich
I16553 HG03540#1#JAGYVY010000208.1_95187_596142_0$HG00733#1#JAHEPQ010000019.1_46106835_46420495_0	0.0641827639277349 Reich
I16553 HG02818#2#JAHEOR010000010.1_31775319_32183091_1$HG03540#2#JAGYVX010000148.1_1368955_1877115_0	0.0641811046007426 Reich
I16553 HG01109#1#JAHEPA010000099.1_2104245_2511104_1$HG002.verkko_filt_pat.fa:haplotype2_0000649_147937390_148315979_1	0.0641810831026761 Reich
I16553 HG01978#1#JAGYVS010000002.1_51519970_52021951_0$HG03453#2#JAGYVV010000088.1_22597550_23005370_1	0.0641806221256519 Reich
I16553 HG03540#2#JAGYVX010000148.1_1368955_1877115_0$HG02071.verkko_filt_pat.fa:haplotype2_0000736_102745972_103248026_0	0.0641786826243485 Reich
I16553 HG02886#1#JAHAOU010000178.1_62411_469262_0$HG03540#2#JAGYVX010000148.1_1368955_1877115_0	0.0641785425448796 Reich
I16553 HG02886#2#JAHAOT010000031.1_87393_401061_0$HG02293.verkko_filt_pat.fa:haplotype2_0000836_148310532_148812524_1	0.0641759554664258 Reich
I16553 AV_HG00673#haplotype1#0000019:16627360_17129375$AV_HG01106#haplotype1#0000048:16666181_17262214	0.0641749280482362 Reich
I16553 HG03516#1#JAGYYT010000012.1_24170958_24578778_1$HG04228.verkko_filt_mat.fa:haplotype1_0000023_103429213_103930285_0	0.0641716842912611 Reich
I16553 HG03540#2#JAGYVX010000148.1_1368955_1877115_0$HG02071.verkko_filt_mat.fa:haplotype1_0000041_103610513_104018399_0	0.0641707243773737 Reich
I16553 HG02080#2#JAHEOV010000017.1_16662177_17164189_0$HG02004.verkko_filt_mat.fa:haplotype1_0000022_97828542_98235483_0	0.0641706938619672 Reich
I16553 AV_HG01106#haplotype1#0000048:16666181_17262214$HG02723#1#JAHEOU010000204.1_2102082_2414876_1	0.0641671222873174 Reich
I16553 AV_HG01106#haplotype1#0000048:16666181_17262214$HG01123#2#JAGYYY010000006.1_51579630_51892388_0	0.0641646125448951 Reich
I16553 HG02080#2#JAHEOV010000017.1_16662177_17164189_0$chr1_chm13_103304997_103901127_0	0.0641636726731916 Reich
I16553 AV_HG00673#haplotype2#0001165:24014011_24421797$HG00621#1#JAHBCD010000034.1_2122997_2624098_1	0.0641622040622555 Reich
I16553 HG03453#2#JAGYVV010000088.1_22597550_23005370_1$HG02071.verkko_filt_pat.fa:haplotype2_0000736_102745972_103248026_0	0.0641597788358516 Reich
I16553 HG02559#1#JAGYVK010000012.1_51505852_51913611_0$HG02004.verkko_filt_pat.fa:haplotype2_0000813_139386576_140076845_1	0.0641597062530881 Reich
I16553 AV_HG01106#haplotype2#0000932:16673968_17175925$AV_HG01175#haplotype1#0000070:46006269_46414083	0.0641586474981799 Reich
I16553 AV_HG01106#haplotype2#0000932:16673968_17175925$HG00621#2#JAHBCC010000031.1_16669999_17077865_0	0.0641575740755833 Reich
I16553 AV_HG02148#haplotype2#0002863:16304803_16712699$HG02080#2#JAHEOV010000017.1_16662177_17164189_0	0.0641568973773811 Reich
I16553 HG03540#2#JAGYVX010000148.1_1368955_1877115_0$HG04228.verkko_filt_mat.fa:haplotype1_0000023_103429213_103930285_0	0.0641535254512511 Reich
I16553 HG01928#1#JAGYVQ010000053.1_16676493_17083407_0$HG02486#2#JAGYVL010000029.1_94163344_94570162_0	0.0641528966719838 Reich
I16553 HG02818#2#JAHEOR010000010.1_31775319_32183091_1$HG01928#1#JAGYVQ010000053.1_16676493_17083407_0	0.0641459197046100 Reich
I16553 AV_HG01106#haplotype1#0000048:16666181_17262214$AV_HG01106#haplotype2#0000932:16673968_17175925	0.0641449257105277 Reich
I16553 HG01978#1#JAGYVS010000002.1_51519970_52021951_0$HG02886#2#JAHAOT010000031.1_87393_401061_0	0.0641439235078533 Reich
I16553 HG01123#1#JAGYYZ010000015.1_51528240_51935090_0$HG01099.verkko_filt_pat.fa:haplotype2_0000583_143544270_144046196_1	0.0641422171755100 Reich
I16553 HG01258#1#JAGYYV010000004.1_56955948_57456952_1$HG01099.verkko_filt_pat.fa:haplotype2_0000583_143544270_144046196_1	0.0641418322757846 Reich
I16553 HG03516#2#JAGYYS010000004.1_24452130_24859892_1$HG02293.verkko_filt_pat.fa:haplotype2_0000836_148310532_148812524_1	0.0641415009108432 Reich
I16553 HG01928#1#JAGYVQ010000053.1_16676493_17083407_0$HG02886#1#JAHAOU010000178.1_62411_469262_0	0.0641414383468898 Reich
I16553 HG02486#2#JAGYVL010000029.1_94163344_94570162_0$HG002.verkko_filt_mat.fa:haplotype1_0000005_138228497_138636354_1	0.0641406884362856 Reich
I16553 HG03579#1#JAGYVU010000029.1_91404_499180_0$HG01099.verkko_filt_pat.fa:haplotype2_0000583_143544270_144046196_1	0.0641365055280576 Reich
I16553 chr1_hg38_103456064_103863972_0$HG02071.verkko_filt_mat.fa:haplotype1_0000041_103610513_104018399_0	0.0641347615826417 Reich
I16553 chr1_hg19_103998686_104406594_0$HG02071.verkko_filt_mat.fa:haplotype1_0000041_103610513_104018399_0	0.0641347615826417 Reich
I16553 HG02004.verkko_filt_pat.fa:haplotype2_0000813_139386576_140076845_1$HG03927.verkko_filt_pat.fa:haplotype2_0000800_29002142_29504057_1	0.0641345205913846 Reich
I16553 HG03453#2#JAGYVV010000088.1_22597550_23005370_1$chr1_chm13_103304997_103901127_0	0.0641338904393638 Reich
I16553 HG02886#1#JAHAOU010000178.1_62411_469262_0$HG02486#2#JAGYVL010000029.1_94163344_94570162_0	0.0641334759332705 Reich
I16553 HG005#1#JAHEPO010000002.1_51519219_51926067_0$HG03540#1#JAGYVY010000208.1_95187_596142_0	0.0641321916532014 Reich
I16553 HG00621#1#JAHBCD010000034.1_2122997_2624098_1$HG03579#1#JAGYVU010000029.1_91404_499180_0	0.0641290156769358 Reich
I16553 HG02886#2#JAHAOT010000031.1_87393_401061_0$HG02071.verkko_filt_pat.fa:haplotype2_0000736_102745972_103248026_0	0.0641287270015438 Reich
I16553 HG02080#2#JAHEOV010000017.1_16662177_17164189_0$HG03516#1#JAGYYT010000012.1_24170958_24578778_1	0.0641280753896351 Reich
I16553 NA19240#1#JAHEOM010000047.1_30103390_30511199_1$HG02004.verkko_filt_pat.fa:haplotype2_0000813_139386576_140076845_1	0.0641266552749642 Reich
I16553 AV_HG00673#haplotype1#0000019:16627360_17129375$AV_HG01361#haplotype1#0000023:101593539_102001341	0.0641253357182773 Reich
I16553 HG03453#2#JAGYVV010000088.1_22597550_23005370_1$HG04228.verkko_filt_mat.fa:haplotype1_0000023_103429213_103930285_0	0.0641224784554711 Reich
I16553 HG00621#1#JAHBCD010000034.1_2122997_2624098_1$HG02004.verkko_filt_pat.fa:haplotype2_0000813_139386576_140076845_1	0.0641221130491874 Reich
I16553 HG02886#1#JAHAOU010000178.1_62411_469262_0$HG002.verkko_filt_mat.fa:haplotype1_0000005_138228497_138636354_1	0.0641217444634982 Reich
I16553 HG01978#1#JAGYVS010000002.1_51519970_52021951_0$HG03516#2#JAGYYS010000004.1_24452130_24859892_1	0.0641215091054106 Reich
I16553 HG02080#1#JAHEOW010000048.1_16689583_17097287_0$HG02293.verkko_filt_pat.fa:haplotype2_0000836_148310532_148812524_1	0.0641199506095822 Reich
I16553 chr1_hg38_103456064_103863972_0$HG03540#2#JAGYVX010000148.1_1368955_1877115_0	0.0641194280173317 Reich
I16553 chr1_hg19_103998686_104406594_0$HG03540#2#JAGYVX010000148.1_1368955_1877115_0	0.0641194280173317 Reich
I16553 AV_HG00673#haplotype2#0001165:24014011_24421797$AV_HG01106#haplotype1#0000048:16666181_17262214	0.0641191103113862 Reich
I16553 HG02818#2#JAHEOR010000010.1_31775319_32183091_1$HG002.verkko_filt_mat.fa:haplotype1_0000005_138228497_138636354_1	0.0641181999046638 Reich
I16553 HG02004.verkko_filt_pat.fa:haplotype2_0000813_139386576_140076845_1$HG002.verkko_filt_mat.fa:haplotype1_0000005_138228497_138636354_1	0.0641166087932747 Reich
I16553 HG03710.verkko_filt_mat.fa:haplotype1_0000029_102593394_102907063_0$HG01099.verkko_filt_pat.fa:haplotype2_0000583_143544270_144046196_1	0.0641162781049873 Reich
I16553 HG03516#2#JAGYYS010000004.1_24452130_24859892_1$HG02071.verkko_filt_pat.fa:haplotype2_0000736_102745972_103248026_0	0.0641162679019125 Reich
I16553 AV_HG01361#haplotype1#0000023:101593539_102001341$HG03927.verkko_filt_pat.fa:haplotype2_0000800_29002142_29504057_1	0.0641159102010615 Reich
I16553 HG02080#2#JAHEOV010000017.1_16662177_17164189_0$HG03540#2#JAGYVX010000148.1_1368955_1877115_0	0.0641145709447901 Reich
I16553 HG00621#1#JAHBCD010000034.1_2122997_2624098_1$HG01978#2#JAGYVR010000007.1_51532241_51939176_0	0.0641066761487571 Reich
I16553 HG005#2#JAHEPN010000023.1_51542210_51950070_0$HG02486#2#JAGYVL010000029.1_94163344_94570162_0	0.0641054820545244 Reich
I16553 HG01928#1#JAGYVQ010000053.1_16676493_17083407_0$HG02004.verkko_filt_pat.fa:haplotype2_0000813_139386576_140076845_1	0.0640980900301055 Reich
I16553 HG02080#1#JAHEOW010000048.1_16689583_17097287_0$HG01978#1#JAGYVS010000002.1_51519970_52021951_0	0.0640957484075724 Reich
I16553 HG03516#2#JAGYYS010000004.1_24452130_24859892_1$chr1_chm13_103304997_103901127_0	0.0640948173256639 Reich
I16553 chr1_chm13_103304997_103901127_0$HG04228.verkko_filt_pat.fa:haplotype2_0000600_103806749_104119491_0	0.0640942679819788 Reich
I16553 HG02886#2#JAHAOT010000031.1_87393_401061_0$HG04228.verkko_filt_mat.fa:haplotype1_0000023_103429213_103930285_0	0.0640938553517617 Reich
I16553 AV_HG01106#haplotype1#0000048:16666181_17262214$HG01978#2#JAGYVR010000007.1_51532241_51939176_0	0.0640937607106630 Reich
I16553 AV_HG00673#haplotype1#0000019:16627360_17129375$NA19240#2#JAHEOL010000010.1_37445323_37853017_0	0.0640930454016530 Reich
I16553 HG03540#2#JAGYVX010000148.1_1368955_1877115_0$HG03927.verkko_filt_pat.fa:haplotype2_0000800_29002142_29504057_1	0.0640916776340333 Reich
I16553 HG02080#1#JAHEOW010000048.1_16689583_17097287_0$HG02071.verkko_filt_pat.fa:haplotype2_0000736_102745972_103248026_0	0.0640910736857452 Reich
I16553 HG02886#1#JAHAOU010000178.1_62411_469262_0$HG005#2#JAHEPN010000023.1_51542210_51950070_0	0.0640886994335268 Reich
I16553 HG03540#1#JAGYVY010000208.1_95187_596142_0$HG03579#1#JAGYVU010000029.1_91404_499180_0	0.0640880952823048 Reich
I16553 HG02080#2#JAHEOV010000017.1_16662177_17164189_0$HG03453#2#JAGYVV010000088.1_22597550_23005370_1	0.0640873167105620 Reich
I16553 HG02630#2#JAHAOP010000089.1_16669255_17076135_0$HG02004.verkko_filt_pat.fa:haplotype2_0000813_139386576_140076845_1	0.0640865370165016 Reich
I16553 HG02559#2#JAGYVJ010000037.1_52167780_52574597_1$HG03927.verkko_filt_pat.fa:haplotype2_0000800_29002142_29504057_1	0.0640855004335307 Reich
I16553 AV_HG00673#haplotype1#0000019:16627360_17129375$HG02300.verkko_filt_pat.fa:haplotype2_0000620_143362344_143769323_1	0.0640841726312065 Reich
I16553 HG02080#1#JAHEOW010000048.1_16689583_17097287_0$chr1_chm13_103304997_103901127_0	0.0640836363887199 Reich
I16553 HG02109#2#JAHEPF010000078.1_16678387_16991144_0$HG01099.verkko_filt_pat.fa:haplotype2_0000583_143544270_144046196_1	0.0640832442496421 Reich
I16553 AV_HG01175#haplotype1#0000070:46006269_46414083$HG02004.verkko_filt_pat.fa:haplotype2_0000813_139386576_140076845_1	0.0640814312501566 Reich
I16553 HG03516#2#JAGYYS010000004.1_24452130_24859892_1$HG04228.verkko_filt_mat.fa:haplotype1_0000023_103429213_103930285_0	0.0640788824234513 Reich
I16553 AV_HG01106#haplotype1#0000048:16666181_17262214$HG03492#2#JAHEPH010000288.1_2098270_2432686_1	0.0640776775336285 Reich
I16553 HG01123#2#JAGYYY010000006.1_51579630_51892388_0$chr1_chm13_103304997_103901127_0	0.0640767364820758 Reich
I16553 HG01258#1#JAGYYV010000004.1_56955948_57456952_1$HG03540#1#JAGYVY010000208.1_95187_596142_0	0.0640763804026055 Reich
I16553 AV_HG01106#haplotype1#0000048:16666181_17262214$HG02293.verkko_filt_mat.fa:haplotype1_0000039_30204405_30517145_1	0.0640762020572996 Reich
I16553 HG00438#2#JAHBCA010000012.1_51513023_51826723_0$HG01099.verkko_filt_pat.fa:haplotype2_0000583_143544270_144046196_1	0.0640755885939156 Reich
I16553 AV_HG01106#haplotype2#0000932:16673968_17175925$AV_HG01361#haplotype1#0000023:101593539_102001341	0.0640755777866131 Reich
I16553 HG02818#2#JAHEOR010000010.1_31775319_32183091_1$HG005#2#JAHEPN010000023.1_51542210_51950070_0	0.0640721339794753 Reich
I16553 AV_HG00673#haplotype1#0000019:16627360_17129375$chr1_chm13_103304997_103901127_0	0.0640714568363970 Reich
I16553 HG01123#1#JAGYYZ010000015.1_51528240_51935090_0$HG03540#1#JAGYVY010000208.1_95187_596142_0	0.0640711937979174 Reich
I16553 AV_HG00673#haplotype1#0000019:16627360_17129375$HG02559#2#JAGYVJ010000037.1_52167780_52574597_1	0.0640708671467857 Reich
I16553 HG02723#1#JAHEOU010000204.1_2102082_2414876_1$chr1_chm13_103304997_103901127_0	0.0640695849009377 Reich
I16553 AV_HG01106#haplotype1#0000048:16666181_17262214$HG03579#1#JAGYVU010000029.1_91404_499180_0	0.0640677050612297 Reich
I16553 HG005#2#JAHEPN010000023.1_51542210_51950070_0$HG02004.verkko_filt_pat.fa:haplotype2_0000813_139386576_140076845_1	0.0640675375063788 Reich
I16553 HG00621#2#JAHBCC010000031.1_16669999_17077865_0$HG02004.verkko_filt_pat.fa:haplotype2_0000813_139386576_140076845_1	0.0640672249660842 Reich
I16553 HG01978#2#JAGYVR010000007.1_51532241_51939176_0$HG03927.verkko_filt_pat.fa:haplotype2_0000800_29002142_29504057_1	0.0640652789039331 Reich
I16553 NA19240#2#JAHEOL010000010.1_37445323_37853017_0$HG03927.verkko_filt_pat.fa:haplotype2_0000800_29002142_29504057_1	0.0640651773836814 Reich
I16553 AV_HG01106#haplotype1#0000048:16666181_17262214$HG03540#2#JAGYVX010000148.1_1368955_1877115_0	0.0640637257286530 Reich
I16553 HG00621#2#JAHBCC010000031.1_16669999_17077865_0$HG02486#2#JAGYVL010000029.1_94163344_94570162_0	0.0640609771063280 Reich
I16553 AV_HG01175#haplotype1#0000070:46006269_46414083$HG02486#2#JAGYVL010000029.1_94163344_94570162_0	0.0640583124399830 Reich
I16553 AV_HG01175#haplotype1#0000070:46006269_46414083$HG02886#1#JAHAOU010000178.1_62411_469262_0	0.0640548488707951 Reich
I16553 HG03540#1#JAGYVY010000208.1_95187_596142_0$HG03710.verkko_filt_mat.fa:haplotype1_0000029_102593394_102907063_0	0.0640544815889473 Reich
I16553 HG02080#1#JAHEOW010000048.1_16689583_17097287_0$HG04228.verkko_filt_mat.fa:haplotype1_0000023_103429213_103930285_0	0.0640543715966788 Reich
I16553 HG00621#1#JAHBCD010000034.1_2122997_2624098_1$HG005#1#JAHEPO010000002.1_51519219_51926067_0	0.0640522142733448 Reich
I16553 HG03492#2#JAHEPH010000288.1_2098270_2432686_1$HG01099.verkko_filt_pat.fa:haplotype2_0000583_143544270_144046196_1	0.0640518987694099 Reich
I16553 AV_HG01106#haplotype2#0000932:16673968_17175925$chr1_chm13_103304997_103901127_0	0.0640493148515891 Reich
I16553 HG00621#2#JAHBCC010000031.1_16669999_17077865_0$HG02886#1#JAHAOU010000178.1_62411_469262_0	0.0640404677486369 Reich
I16553 AV_HG01175#haplotype1#0000070:46006269_46414083$HG02818#2#JAHEOR010000010.1_31775319_32183091_1	0.0640388128570354 Reich
I16553 HG02080#2#JAHEOV010000017.1_16662177_17164189_0$HG02886#2#JAHAOT010000031.1_87393_401061_0	0.0640372535713784 Reich
I16553 AV_HG01106#haplotype2#0000932:16673968_17175925$NA19240#2#JAHEOL010000010.1_37445323_37853017_0	0.0640370903880904 Reich
I16553 AV_HG01106#haplotype2#0000932:16673968_17175925$HG02559#2#JAGYVJ010000037.1_52167780_52574597_1	0.0640354068432714 Reich
I16553 HG02080#2#JAHEOV010000017.1_16662177_17164189_0$HG03516#2#JAGYYS010000004.1_24452130_24859892_1	0.0640341281822406 Reich
I16553 AV_HG00673#haplotype1#0000019:16627360_17129375$HG02004.verkko_filt_mat.fa:haplotype1_0000022_97828542_98235483_0	0.0640325582351436 Reich
I16553 HG01978#1#JAGYVS010000002.1_51519970_52021951_0$HG02004.verkko_filt_pat.fa:haplotype2_0000813_139386576_140076845_1	0.0640312370081291 Reich
I16553 HG00621#2#JAHBCC010000031.1_16669999_17077865_0$HG02818#2#JAHEOR010000010.1_31775319_32183091_1	0.0640308767519082 Reich
I16553 AV_HG01106#haplotype1#0000048:16666181_17262214$AV_HG01361#haplotype2#0001322:101872897_102186552	0.0640285780332091 Reich
I16553 HG02486#2#JAGYVL010000029.1_94163344_94570162_0$HG02300.verkko_filt_mat.fa:haplotype1_0000028_144052837_144460586_1	0.0640284445777654 Reich
I16553 HG02486#2#JAGYVL010000029.1_94163344_94570162_0$HG01099.verkko_filt_mat.fa:haplotype1_0000034_142513097_142920876_1	0.0640284445777654 Reich
I16553 HG03486#1#JAHEOQ010000123.1_16677696_17085575_0$HG02071.verkko_filt_mat.fa:haplotype1_0000041_103610513_104018399_0	0.0640278637613683 Reich
I16553 HG02886#1#JAHAOU010000178.1_62411_469262_0$HG02300.verkko_filt_mat.fa:haplotype1_0000028_144052837_144460586_1	0.0640260451257242 Reich
I16553 AV_HG01106#haplotype2#0000932:16673968_17175925$HG02004.verkko_filt_mat.fa:haplotype1_0000022_97828542_98235483_0	0.0640258336550296 Reich
I16553 AV_HG00673#haplotype1#0000019:16627360_17129375$AV_HG02148#haplotype2#0002863:16304803_16712699	0.0640257747599377 Reich
I16553 HG02818#2#JAHEOR010000010.1_31775319_32183091_1$HG02300.verkko_filt_mat.fa:haplotype1_0000028_144052837_144460586_1	0.0640237472914449 Reich
I16553 chr1_hg19_103998686_104406594_0$chr1_hg38_103456064_103863972_0	0.0640233867948167 Reich
I16553 HG00438#2#JAHBCA010000012.1_51513023_51826723_0$HG03540#1#JAGYVY010000208.1_95187_596142_0	0.0640206261737997 Reich
I16553 AV_HG01106#haplotype2#0000932:16673968_17175925$HG02300.verkko_filt_pat.fa:haplotype2_0000620_143362344_143769323_1	0.0640187837700353 Reich
I16553 HG02071.verkko_filt_mat.fa:haplotype1_0000041_103610513_104018399_0$HG02300.verkko_filt_mat.fa:haplotype1_0000028_144052837_144460586_1	0.0640183823048026 Reich
I16553 HG00621#1#JAHBCD010000034.1_2122997_2624098_1$HG01123#1#JAGYYZ010000015.1_51528240_51935090_0	0.0640176609847837 Reich
I16553 HG03486#1#JAHEOQ010000123.1_16677696_17085575_0$HG03540#2#JAGYVX010000148.1_1368955_1877115_0	0.0640170097705131 Reich
I16553 AV_HG00673#haplotype2#0001165:24014011_24421797$HG02293.verkko_filt_pat.fa:haplotype2_0000836_148310532_148812524_1	0.0640119362411647 Reich
I16553 HG02886#1#JAHAOU010000178.1_62411_469262_0$HG01099.verkko_filt_mat.fa:haplotype1_0000034_142513097_142920876_1	0.0640116540761774 Reich
I16553 HG02818#2#JAHEOR010000010.1_31775319_32183091_1$HG01099.verkko_filt_mat.fa:haplotype1_0000034_142513097_142920876_1	0.0640099749842904 Reich
I16553 HG03540#1#JAGYVY010000208.1_95187_596142_0$HG02109#2#JAHEPF010000078.1_16678387_16991144_0	0.0640097282209402 Reich
I16553 HG02071.verkko_filt_mat.fa:haplotype1_0000041_103610513_104018399_0$HG01099.verkko_filt_mat.fa:haplotype1_0000034_142513097_142920876_1	0.0640061520160659 Reich
I16553 AV_HG00673#haplotype2#0001165:24014011_24421797$chr1_chm13_103304997_103901127_0	0.0640053747840398 Reich
I16553 HG02080#1#JAHEOW010000048.1_16689583_17097287_0$HG02080#2#JAHEOV010000017.1_16662177_17164189_0	0.0640035155951807 Reich
I16553 AV_HG00673#haplotype1#0000019:16627360_17129375$HG03540#2#JAGYVX010000148.1_1368955_1877115_0	0.0640014881278324 Reich
I16553 AV_HG01361#haplotype1#0000023:101593539_102001341$HG02004.verkko_filt_pat.fa:haplotype2_0000813_139386576_140076845_1	0.0640005190856637 Reich
I16553 HG02004.verkko_filt_pat.fa:haplotype2_0000813_139386576_140076845_1$HG02293.verkko_filt_pat.fa:haplotype2_0000836_148310532_148812524_1	0.0639993066681415 Reich
I16553 HG02004.verkko_filt_pat.fa:haplotype2_0000813_139386576_140076845_1$HG02071.verkko_filt_pat.fa:haplotype2_0000736_102745972_103248026_0	0.0639984785048794 Reich
I16553 AV_HG00673#haplotype1#0000019:16627360_17129375$HG03516#1#JAGYYT010000012.1_24170958_24578778_1	0.0639980724191956 Reich
I16553 AV_HG00673#haplotype2#0001165:24014011_24421797$HG01978#1#JAGYVS010000002.1_51519970_52021951_0	0.0639978256347641 Reich
I16553 HG03492#2#JAHEPH010000288.1_2098270_2432686_1$chr1_chm13_103304997_103901127_0	0.0639944086109536 Reich
I16553 HG01978#2#JAGYVR010000007.1_51532241_51939176_0$HG02293.verkko_filt_pat.fa:haplotype2_0000836_148310532_148812524_1	0.0639937949163989 Reich
I16553 HG04228.verkko_filt_mat.fa:haplotype1_0000023_103429213_103930285_0$HG02004.verkko_filt_pat.fa:haplotype2_0000813_139386576_140076845_1	0.0639880616296309 Reich
I16553 AV_HG01106#haplotype1#0000048:16666181_17262214$HG005#1#JAHEPO010000002.1_51519219_51926067_0	0.0639879540127709 Reich
I16553 HG03516#2#JAGYYS010000004.1_24452130_24859892_1$HG03927.verkko_filt_pat.fa:haplotype2_0000800_29002142_29504057_1	0.0639878018743999 Reich
I16553 NA18906#1#JAHEOO010000054.1_2103477_2510435_1$HG01099.verkko_filt_pat.fa:haplotype2_0000583_143544270_144046196_1	0.0639863307400805 Reich
I16553 HG01978#1#JAGYVS010000002.1_51519970_52021951_0$HG01978#2#JAGYVR010000007.1_51532241_51939176_0	0.0639841571185728 Reich
I16553 HG03516#1#JAGYYT010000012.1_24170958_24578778_1$HG03927.verkko_filt_pat.fa:haplotype2_0000800_29002142_29504057_1	0.0639841481269919 Reich
I16553 AV_HG01106#haplotype2#0000932:16673968_17175925$HG03540#2#JAGYVX010000148.1_1368955_1877115_0	0.0639817473348391 Reich
I16553 NA19240#2#JAHEOL010000010.1_37445323_37853017_0$HG02004.verkko_filt_pat.fa:haplotype2_0000813_139386576_140076845_1	0.0639804914632118 Reich
I16553 HG01978#2#JAGYVR010000007.1_51532241_51939176_0$chr1_chm13_103304997_103901127_0	0.0639791186922340 Reich
I16553 HG03486#1#JAHEOQ010000123.1_16677696_17085575_0$chr1_hg38_103456064_103863972_0	0.0639766129681873 Reich
I16553 HG03486#1#JAHEOQ010000123.1_16677696_17085575_0$chr1_hg19_103998686_104406594_0	0.0639766129681873 Reich
I16553 AV_HG00673#haplotype2#0001165:24014011_24421797$HG02071.verkko_filt_pat.fa:haplotype2_0000736_102745972_103248026_0	0.0639760127815025 Reich
I16553 HG03492#2#JAHEPH010000288.1_2098270_2432686_1$HG03540#1#JAGYVY010000208.1_95187_596142_0	0.0639758060217378 Reich
I16553 HG03579#1#JAGYVU010000029.1_91404_499180_0$HG02293.verkko_filt_pat.fa:haplotype2_0000836_148310532_148812524_1	0.0639749413688659 Reich
I16553 AV_HG01106#haplotype1#0000048:16666181_17262214$HG01243#1#JAHEOY010000013.1_90081_424495_0	0.0639718918635907 Reich
I16553 HG02559#2#JAGYVJ010000037.1_52167780_52574597_1$HG02004.verkko_filt_pat.fa:haplotype2_0000813_139386576_140076845_1	0.0639676241338800 Reich
I16553 HG03540#2#JAGYVX010000148.1_1368955_1877115_0$chr1_chm13_103304997_103901127_0	0.0639654215103488 Reich
I16553 HG02004.verkko_filt_pat.fa:haplotype2_0000813_139386576_140076845_1$HG02300.verkko_filt_pat.fa:haplotype2_0000620_143362344_143769323_1	0.0639635164048838 Reich
I16553 AV_HG01106#haplotype2#0000932:16673968_17175925$AV_HG02148#haplotype2#0002863:16304803_16712699	0.0639616977177908 Reich
I16553 AV_HG00673#haplotype2#0001165:24014011_24421797$HG04228.verkko_filt_mat.fa:haplotype1_0000023_103429213_103930285_0	0.0639610955941364 Reich
I16553 AV_HG01106#haplotype1#0000048:16666181_17262214$HG01123#1#JAGYYZ010000015.1_51528240_51935090_0	0.0639562966110422 Reich
I16553 AV_HG01106#haplotype2#0000932:16673968_17175925$HG03516#1#JAGYYT010000012.1_24170958_24578778_1	0.0639562056660576 Reich
I16553 chr1_chm13_103304997_103901127_0$HG03579#1#JAGYVU010000029.1_91404_499180_0	0.0639544241366276 Reich
I16553 HG01978#1#JAGYVS010000002.1_51519970_52021951_0$HG03579#1#JAGYVU010000029.1_91404_499180_0	0.0639534966705527 Reich
I16553 chr1_hg38_103456064_103863972_0$HG02300.verkko_filt_mat.fa:haplotype1_0000028_144052837_144460586_1	0.0639531240149914 Reich
I16553 chr1_hg19_103998686_104406594_0$HG02300.verkko_filt_mat.fa:haplotype1_0000028_144052837_144460586_1	0.0639531240149914 Reich
I16553 AV_HG00673#haplotype1#0000019:16627360_17129375$HG03453#2#JAGYVV010000088.1_22597550_23005370_1	0.0639530647944691 Reich
I16553 HG02886#2#JAHAOT010000031.1_87393_401061_0$HG03927.verkko_filt_pat.fa:haplotype2_0000800_29002142_29504057_1	0.0639505641254262 Reich
I16553 HG01978#2#JAGYVR010000007.1_51532241_51939176_0$HG02071.verkko_filt_pat.fa:haplotype2_0000736_102745972_103248026_0	0.0639503436975762 Reich
I16553 HG01123#2#JAGYYY010000006.1_51579630_51892388_0$HG01099.verkko_filt_pat.fa:haplotype2_0000583_143544270_144046196_1	0.0639501418939829 Reich
I16553 HG02109#2#JAHEPF010000078.1_16678387_16991144_0$HG02004.verkko_filt_pat.fa:haplotype2_0000813_139386576_140076845_1	0.0639450371954837 Reich
I16553 chr1_chm13_103304997_103901127_0$HG02293.verkko_filt_mat.fa:haplotype1_0000039_30204405_30517145_1	0.0639447853398527 Reich
I16553 HG02080#2#JAHEOV010000017.1_16662177_17164189_0$HG02004.verkko_filt_pat.fa:haplotype2_0000813_139386576_140076845_1	0.0639438279797129 Reich
I16553 HG00621#1#JAHBCD010000034.1_2122997_2624098_1$HG01258#1#JAGYYV010000004.1_56955948_57456952_1	0.0639406807338751 Reich
I16553 HG02004.verkko_filt_pat.fa:haplotype2_0000813_139386576_140076845_1$HG03710.verkko_filt_mat.fa:haplotype1_0000029_102593394_102907063_0	0.0639406224141480 Reich
I16553 HG03579#1#JAGYVU010000029.1_91404_499180_0$HG02071.verkko_filt_pat.fa:haplotype2_0000736_102745972_103248026_0	0.0639405062839263 Reich
I16553 chr1_hg38_103456064_103863972_0$HG01099.verkko_filt_mat.fa:haplotype1_0000034_142513097_142920876_1	0.0639403751426184 Reich
I16553 chr1_hg19_103998686_104406594_0$HG01099.verkko_filt_mat.fa:haplotype1_0000034_142513097_142920876_1	0.0639403751426184 Reich
I16553 AV_HG02148#haplotype2#0002863:16304803_16712699$HG02004.verkko_filt_pat.fa:haplotype2_0000813_139386576_140076845_1	0.0639274445287325 Reich
I16553 HG02717#1#JAHAOS010000015.1_16660311_17067250_0$HG01099.verkko_filt_pat.fa:haplotype2_0000583_143544270_144046196_1	0.0639273143426900 Reich
I16553 HG02004.verkko_filt_pat.fa:haplotype2_0000813_139386576_140076845_1$HG02004.verkko_filt_mat.fa:haplotype1_0000022_97828542_98235483_0	0.0639258720656877 Reich
I16553 HG01243#1#JAHEOY010000013.1_90081_424495_0$HG01099.verkko_filt_pat.fa:haplotype2_0000583_143544270_144046196_1	0.0639257896013587 Reich
I16553 NA18906#1#JAHEOO010000054.1_2103477_2510435_1$HG03540#1#JAGYVY010000208.1_95187_596142_0	0.0639215754826129 Reich
I16553 HG02630#1#JAHAOQ010000102.1_16672145_17079089_0$HG01099.verkko_filt_pat.fa:haplotype2_0000583_143544270_144046196_1	0.0639206789253320 Reich
I16553 HG005#1#JAHEPO010000002.1_51519219_51926067_0$HG02293.verkko_filt_pat.fa:haplotype2_0000836_148310532_148812524_1	0.0639178826142605 Reich
I16553 HG005#1#JAHEPO010000002.1_51519219_51926067_0$chr1_chm13_103304997_103901127_0	0.0639136345275962 Reich
I16553 HG01978#2#JAGYVR010000007.1_51532241_51939176_0$HG04228.verkko_filt_mat.fa:haplotype1_0000023_103429213_103930285_0	0.0639126355276474 Reich
I16553 HG00733#1#JAHEPQ010000019.1_46106835_46420495_0$HG02004.verkko_filt_pat.fa:haplotype2_0000813_139386576_140076845_1	0.0639125522425282 Reich
I16553 HG03540#2#JAGYVX010000148.1_1368955_1877115_0$HG002.verkko_filt_mat.fa:haplotype1_0000005_138228497_138636354_1	0.0639111050709169 Reich
I16553 HG02145#2#JAHKSF010000206.1_1005292_1413195_1$HG01099.verkko_filt_pat.fa:haplotype2_0000583_143544270_144046196_1	0.0639103331888816 Reich
I16553 HG01928#1#JAGYVQ010000053.1_16676493_17083407_0$HG03540#2#JAGYVX010000148.1_1368955_1877115_0	0.0639082630145740 Reich
I16553 HG005#1#JAHEPO010000002.1_51519219_51926067_0$HG01978#1#JAGYVS010000002.1_51519970_52021951_0	0.0639081310832163 Reich
I16553 HG03579#1#JAGYVU010000029.1_91404_499180_0$HG04228.verkko_filt_mat.fa:haplotype1_0000023_103429213_103930285_0	0.0639055775958357 Reich
I16553 HG03516#1#JAGYYT010000012.1_24170958_24578778_1$HG02004.verkko_filt_pat.fa:haplotype2_0000813_139386576_140076845_1	0.0639049316223809 Reich
I16553 AV_HG00673#haplotype1#0000019:16627360_17129375$HG03516#2#JAGYYS010000004.1_24452130_24859892_1	0.0639047142951513 Reich
I16553 AV_HG01106#haplotype2#0000932:16673968_17175925$HG03453#2#JAGYVV010000088.1_22597550_23005370_1	0.0639045249062017 Reich
I16553 HG01928#1#JAGYVQ010000053.1_16676493_17083407_0$HG02071.verkko_filt_mat.fa:haplotype1_0000041_103610513_104018399_0	0.0639037731593780 Reich
I16553 HG00621#1#JAHBCD010000034.1_2122997_2624098_1$HG03710.verkko_filt_mat.fa:haplotype1_0000029_102593394_102907063_0	0.0639006184041641 Reich
I16553 HG00621#1#JAHBCD010000034.1_2122997_2624098_1$HG02109#2#JAHEPF010000078.1_16678387_16991144_0	0.0638967738100751 Reich
I16553 AV_HG00673#haplotype2#0001165:24014011_24421797$HG02080#2#JAHEOV010000017.1_16662177_17164189_0	0.0638933425377269 Reich
I16553 HG02559#1#JAGYVK010000012.1_51505852_51913611_0$HG02071.verkko_filt_mat.fa:haplotype1_0000041_103610513_104018399_0	0.0638929565533039 Reich
I16553 HG02486#2#JAGYVL010000029.1_94163344_94570162_0$HG02300.verkko_filt_pat.fa:haplotype2_0000620_143362344_143769323_1	0.0638913894003410 Reich
I16553 HG04228.verkko_filt_pat.fa:haplotype2_0000600_103806749_104119491_0$HG01099.verkko_filt_pat.fa:haplotype2_0000583_143544270_144046196_1	0.0638913702607328 Reich
I16553 HG02818#2#JAHEOR010000010.1_31775319_32183091_1$HG01258#1#JAGYYV010000004.1_56955948_57456952_1	0.0638904822874818 Reich
I16553 HG01243#1#JAHEOY010000013.1_90081_424495_0$chr1_chm13_103304997_103901127_0	0.0638877454052128 Reich
I16553 HG02486#2#JAGYVL010000029.1_94163344_94570162_0$HG02004.verkko_filt_mat.fa:haplotype1_0000022_97828542_98235483_0	0.0638876003169878 Reich
I16553 HG02071.verkko_filt_mat.fa:haplotype1_0000041_103610513_104018399_0$HG002.verkko_filt_mat.fa:haplotype1_0000005_138228497_138636354_1	0.0638869493349399 Reich
I16553 HG01123#1#JAGYYZ010000015.1_51528240_51935090_0$HG02293.verkko_filt_pat.fa:haplotype2_0000836_148310532_148812524_1	0.0638854370698789 Reich
I16553 HG005#1#JAHEPO010000002.1_51519219_51926067_0$HG02071.verkko_filt_pat.fa:haplotype2_0000736_102745972_103248026_0	0.0638845506895888 Reich
I16553 HG02818#2#JAHEOR010000010.1_31775319_32183091_1$HG02300.verkko_filt_pat.fa:haplotype2_0000620_143362344_143769323_1	0.0638834405697503 Reich
I16553 HG00621#1#JAHBCD010000034.1_2122997_2624098_1$HG03492#2#JAHEPH010000288.1_2098270_2432686_1	0.0638823836139346 Reich
I16553 HG01123#1#JAGYYZ010000015.1_51528240_51935090_0$chr1_chm13_103304997_103901127_0	0.0638822234638018 Reich
I16553 HG02559#1#JAGYVK010000012.1_51505852_51913611_0$HG02486#2#JAGYVL010000029.1_94163344_94570162_0	0.0638809810530504 Reich
I16553 HG02818#2#JAHEOR010000010.1_31775319_32183091_1$HG02004.verkko_filt_mat.fa:haplotype1_0000022_97828542_98235483_0	0.0638804182279272 Reich
I16553 HG02080#2#JAHEOV010000017.1_16662177_17164189_0$HG01978#2#JAGYVR010000007.1_51532241_51939176_0	0.0638797259409099 Reich
I16553 AV_HG00673#haplotype1#0000019:16627360_17129375$HG02886#2#JAHAOT010000031.1_87393_401061_0	0.0638790535115287 Reich
I16553 HG02717#2#JAHAOR010000006.1_19663827_20070693_1$HG01099.verkko_filt_pat.fa:haplotype2_0000583_143544270_144046196_1	0.0638765183343970 Reich
I16553 AV_HG00673#haplotype1#0000019:16627360_17129375$HG02080#1#JAHEOW010000048.1_16689583_17097287_0	0.0638746466234685 Reich
I16553 AV_HG01361#haplotype2#0001322:101872897_102186552$chr1_chm13_103304997_103901127_0	0.0638744010564295 Reich
I16553 HG00741#2#JAHALX010000013.1_51574319_51981226_0$HG01099.verkko_filt_pat.fa:haplotype2_0000583_143544270_144046196_1	0.0638736889831083 Reich
I16553 HG01123#1#JAGYYZ010000015.1_51528240_51935090_0$HG01978#1#JAGYVS010000002.1_51519970_52021951_0	0.0638724295909806 Reich
I16553 HG01123#2#JAGYYY010000006.1_51579630_51892388_0$HG03540#1#JAGYVY010000208.1_95187_596142_0	0.0638722450113417 Reich
I16553 HG02886#1#JAHAOU010000178.1_62411_469262_0$HG02300.verkko_filt_pat.fa:haplotype2_0000620_143362344_143769323_1	0.0638709174832246 Reich
I16553 HG02886#1#JAHAOU010000178.1_62411_469262_0$HG02004.verkko_filt_mat.fa:haplotype1_0000022_97828542_98235483_0	0.0638698254996307 Reich
I16553 HG02145#2#JAHKSF010000206.1_1005292_1413195_1$HG03540#1#JAGYVY010000208.1_95187_596142_0	0.0638674910029203 Reich
I16553 HG02080#2#JAHEOV010000017.1_16662177_17164189_0$HG03579#1#JAGYVU010000029.1_91404_499180_0	0.0638660071103923 Reich
I16553 AV_HG02257#haplotype2#0001152:102843493_103251377$HG01099.verkko_filt_pat.fa:haplotype2_0000583_143544270_144046196_1	0.0638657024735089 Reich
I16553 HG03927.verkko_filt_mat.fa:haplotype1_0000009_134765170_135173010_1$HG01099.verkko_filt_pat.fa:haplotype2_0000583_143544270_144046196_1	0.0638656797988726 Reich
I16553 HG02559#1#JAGYVK010000012.1_51505852_51913611_0$HG02886#1#JAHAOU010000178.1_62411_469262_0	0.0638643062646189 Reich
I16553 HG02080#1#JAHEOW010000048.1_16689583_17097287_0$HG03927.verkko_filt_pat.fa:haplotype2_0000800_29002142_29504057_1	0.0638631472320999 Reich
I16553 HG03453#2#JAGYVV010000088.1_22597550_23005370_1$HG02004.verkko_filt_pat.fa:haplotype2_0000813_139386576_140076845_1	0.0638608314972195 Reich
I16553 HG02559#1#JAGYVK010000012.1_51505852_51913611_0$chr1_hg38_103456064_103863972_0	0.0638595444372193 Reich
I16553 HG02559#1#JAGYVK010000012.1_51505852_51913611_0$chr1_hg19_103998686_104406594_0	0.0638595444372193 Reich
I16553 AV_HG01106#haplotype1#0000048:16666181_17262214$chr1_chm13_103304997_103901127_0	0.0638593263582798 Reich
I16553 HG02630#2#JAHAOP010000089.1_16669255_17076135_0$HG02071.verkko_filt_mat.fa:haplotype1_0000041_103610513_104018399_0	0.0638588772781157 Reich
I16553 HG03486#1#JAHEOQ010000123.1_16677696_17085575_0$HG02300.verkko_filt_mat.fa:haplotype1_0000028_144052837_144460586_1	0.0638573654481737 Reich
I16553 HG03540#2#JAGYVX010000148.1_1368955_1877115_0$HG02300.verkko_filt_mat.fa:haplotype1_0000028_144052837_144460586_1	0.0638560694799496 Reich
I16553 AV_HG01106#haplotype2#0000932:16673968_17175925$HG03516#2#JAGYYS010000004.1_24452130_24859892_1	0.0638545168792874 Reich
I16553 HG03540#2#JAGYVX010000148.1_1368955_1877115_0$HG005#2#JAHEPN010000023.1_51542210_51950070_0	0.0638540667277757 Reich
I16553 HG02630#1#JAHAOQ010000102.1_16672145_17079089_0$HG03540#1#JAGYVY010000208.1_95187_596142_0	0.0638534425957726 Reich
I16553 HG02717#1#JAHAOS010000015.1_16660311_17067250_0$HG03540#1#JAGYVY010000208.1_95187_596142_0	0.0638532635537916 Reich
I16553 HG00621#1#JAHBCD010000034.1_2122997_2624098_1$HG00733#1#JAHEPQ010000019.1_46106835_46420495_0	0.0638515170947754 Reich
I16553 AV_HG00673#haplotype1#0000019:16627360_17129375$HG02004.verkko_filt_pat.fa:haplotype2_0000813_139386576_140076845_1	0.0638512459961373 Reich
I16553 HG01243#1#JAHEOY010000013.1_90081_424495_0$HG03540#1#JAGYVY010000208.1_95187_596142_0	0.0638511035819114 Reich
I16553 HG02818#1#JAHEOS010000101.1_89626_496613_0$HG01099.verkko_filt_pat.fa:haplotype2_0000583_143544270_144046196_1	0.0638508634762485 Reich
I16553 AV_HG01106#haplotype2#0000932:16673968_17175925$HG02004.verkko_filt_pat.fa:haplotype2_0000813_139386576_140076845_1	0.0638499038216297 Reich
I16553 HG01123#1#JAGYYZ010000015.1_51528240_51935090_0$HG02071.verkko_filt_pat.fa:haplotype2_0000736_102745972_103248026_0	0.0638488939740480 Reich
I16553 HG02723#1#JAHEOU010000204.1_2102082_2414876_1$HG01099.verkko_filt_pat.fa:haplotype2_0000583_143544270_144046196_1	0.0638480572954841 Reich
I16553 AV_HG01175#haplotype1#0000070:46006269_46414083$HG03540#2#JAGYVX010000148.1_1368955_1877115_0	0.0638476974965578 Reich
I16553 NA19240#1#JAHEOM010000047.1_30103390_30511199_1$HG02071.verkko_filt_mat.fa:haplotype1_0000041_103610513_104018399_0	0.0638470019818588 Reich
I16553 HG03540#2#JAGYVX010000148.1_1368955_1877115_0$HG01099.verkko_filt_mat.fa:haplotype1_0000034_142513097_142920876_1	0.0638436027992379 Reich
I16553 AV_HG02148#haplotype2#0002863:16304803_16712699$HG02486#2#JAGYVL010000029.1_94163344_94570162_0	0.0638435637131184 Reich
I16553 HG03486#1#JAHEOQ010000123.1_16677696_17085575_0$HG01099.verkko_filt_mat.fa:haplotype1_0000034_142513097_142920876_1	0.0638430586427491 Reich
I16553 HG02818#2#JAHEOR010000010.1_31775319_32183091_1$HG02630#2#JAHAOP010000089.1_16669255_17076135_0	0.0638427703934067 Reich
I16553 NA19240#1#JAHEOM010000047.1_30103390_30511199_1$HG02486#2#JAGYVL010000029.1_94163344_94570162_0	0.0638413006279996 Reich
I16553 HG03098#2#JAHEPL010000003.1_93803759_94117426_0$HG01099.verkko_filt_pat.fa:haplotype2_0000583_143544270_144046196_1	0.0638365728798295 Reich
I16553 HG00438#2#JAHBCA010000012.1_51513023_51826723_0$HG02004.verkko_filt_pat.fa:haplotype2_0000813_139386576_140076845_1	0.0638323736693833 Reich
I16553 chr1_hg38_103456064_103863972_0$HG002.verkko_filt_mat.fa:haplotype1_0000005_138228497_138636354_1	0.0638314267361007 Reich
I16553 chr1_hg19_103998686_104406594_0$HG002.verkko_filt_mat.fa:haplotype1_0000005_138228497_138636354_1	0.0638314267361007 Reich
I16553 HG01928#1#JAGYVQ010000053.1_16676493_17083407_0$chr1_hg38_103456064_103863972_0	0.0638304272064412 Reich
I16553 HG01928#1#JAGYVQ010000053.1_16676493_17083407_0$chr1_hg19_103998686_104406594_0	0.0638304272064412 Reich
I16553 HG02071.verkko_filt_mat.fa:haplotype1_0000041_103610513_104018399_0$HG03710.verkko_filt_pat.fa:haplotype2_0000488_101614437_102218208_0	0.0638298416834581 Reich
I16553 HG005#2#JAHEPN010000023.1_51542210_51950070_0$HG02071.verkko_filt_mat.fa:haplotype1_0000041_103610513_104018399_0	0.0638291145227230 Reich
I16553 HG00621#2#JAHBCC010000031.1_16669999_17077865_0$HG03540#2#JAGYVX010000148.1_1368955_1877115_0	0.0638269661535406 Reich
I16553 AV_HG02148#haplotype2#0002863:16304803_16712699$HG02886#1#JAHAOU010000178.1_62411_469262_0	0.0638257893382245 Reich
I16553 HG005#1#JAHEPO010000002.1_51519219_51926067_0$HG04228.verkko_filt_mat.fa:haplotype1_0000023_103429213_103930285_0	0.0638253969479863 Reich
I16553 HG02886#1#JAHAOU010000178.1_62411_469262_0$NA19240#1#JAHEOM010000047.1_30103390_30511199_1	0.0638230724458807 Reich
I16553 HG03540#1#JAGYVY010000208.1_95187_596142_0$HG04228.verkko_filt_pat.fa:haplotype2_0000600_103806749_104119491_0	0.0638214881243535 Reich
I16553 HG01258#1#JAGYYV010000004.1_56955948_57456952_1$HG02293.verkko_filt_pat.fa:haplotype2_0000836_148310532_148812524_1	0.0638208606539005 Reich
I16553 AV_HG01106#haplotype2#0000932:16673968_17175925$HG02080#1#JAHEOW010000048.1_16689583_17097287_0	0.0638187300765924 Reich
I16553 HG03540#1#JAGYVY010000208.1_95187_596142_0$HG03927.verkko_filt_mat.fa:haplotype1_0000009_134765170_135173010_1	0.0638186374600949 Reich
I16553 AV_HG02148#haplotype2#0002863:16304803_16712699$HG02818#2#JAHEOR010000010.1_31775319_32183091_1	0.0638185282792657 Reich
I16553 AV_HG01106#haplotype2#0000932:16673968_17175925$HG02886#2#JAHAOT010000031.1_87393_401061_0	0.0638183198352246 Reich
I16553 HG02630#2#JAHAOP010000089.1_16669255_17076135_0$chr1_hg38_103456064_103863972_0	0.0638169998540084 Reich
I16553 HG02630#2#JAHAOP010000089.1_16669255_17076135_0$chr1_hg19_103998686_104406594_0	0.0638169998540084 Reich
I16553 chr1_hg38_103456064_103863972_0$NA19240#1#JAHEOM010000047.1_30103390_30511199_1	0.0638156799546940 Reich
I16553 chr1_hg19_103998686_104406594_0$NA19240#1#JAHEOM010000047.1_30103390_30511199_1	0.0638156799546940 Reich
I16553 HG03579#1#JAGYVU010000029.1_91404_499180_0$HG03927.verkko_filt_pat.fa:haplotype2_0000800_29002142_29504057_1	0.0638141128781235 Reich
I16553 HG03516#2#JAGYYS010000004.1_24452130_24859892_1$HG02004.verkko_filt_pat.fa:haplotype2_0000813_139386576_140076845_1	0.0638138608036557 Reich
I16553 HG03540#1#JAGYVY010000208.1_95187_596142_0$HG02717#2#JAHAOR010000006.1_19663827_20070693_1	0.0638123318186864 Reich
I16553 AV_HG02257#haplotype2#0001152:102843493_103251377$HG03540#1#JAGYVY010000208.1_95187_596142_0	0.0638114090944998 Reich
I16553 HG03710.verkko_filt_pat.fa:haplotype2_0000488_101614437_102218208_0$HG01099.verkko_filt_pat.fa:haplotype2_0000583_143544270_144046196_1	0.0638108321817983 Reich
I16553 HG03540#1#JAGYVY010000208.1_95187_596142_0$HG00741#2#JAHALX010000013.1_51574319_51981226_0	0.0638095688902472 Reich
I16553 HG01978#1#JAGYVS010000002.1_51519970_52021951_0$HG01258#1#JAGYYV010000004.1_56955948_57456952_1	0.0638070717848833 Reich
I16553 HG005#1#JAHEPO010000002.1_51519219_51926067_0$HG02080#2#JAHEOV010000017.1_16662177_17164189_0	0.0638053384083216 Reich
I16553 HG01258#1#JAGYYV010000004.1_56955948_57456952_1$HG02071.verkko_filt_pat.fa:haplotype2_0000736_102745972_103248026_0	0.0638038180745494 Reich
I16553 HG02486#1#JAGYVM010000007.1_28868414_29370339_1$HG01099.verkko_filt_pat.fa:haplotype2_0000583_143544270_144046196_1	0.0637985498781985 Reich
I16553 HG00621#2#JAHBCC010000031.1_16669999_17077865_0$HG02071.verkko_filt_mat.fa:haplotype1_0000041_103610513_104018399_0	0.0637983029214549 Reich
I16553 HG01123#1#JAGYYZ010000015.1_51528240_51935090_0$HG04228.verkko_filt_mat.fa:haplotype1_0000023_103429213_103930285_0	0.0637971988321080 Reich
I16553 HG02080#1#JAHEOW010000048.1_16689583_17097287_0$HG02004.verkko_filt_pat.fa:haplotype2_0000813_139386576_140076845_1	0.0637963109299280 Reich
I16553 chr1_hg38_103456064_103863972_0$HG03710.verkko_filt_pat.fa:haplotype2_0000488_101614437_102218208_0	0.0637959027294040 Reich
I16553 chr1_hg19_103998686_104406594_0$HG03710.verkko_filt_pat.fa:haplotype2_0000488_101614437_102218208_0	0.0637959027294040 Reich
I16553 HG01258#1#JAGYYV010000004.1_56955948_57456952_1$HG02071.verkko_filt_mat.fa:haplotype1_0000041_103610513_104018399_0	0.0637946189213748 Reich
I16553 HG01258#1#JAGYYV010000004.1_56955948_57456952_1$HG02486#2#JAGYVL010000029.1_94163344_94570162_0	0.0637901712974904 Reich
I16553 HG03098#2#JAHEPL010000003.1_93803759_94117426_0$HG02004.verkko_filt_pat.fa:haplotype2_0000813_139386576_140076845_1	0.0637897936512538 Reich
I16553 HG00621#1#JAHBCD010000034.1_2122997_2624098_1$NA18906#1#JAHEOO010000054.1_2103477_2510435_1	0.0637894560648213 Reich
I16553 HG02818#2#JAHEOR010000010.1_31775319_32183091_1$HG02559#1#JAGYVK010000012.1_51505852_51913611_0	0.0637874133703959 Reich
I16553 HG03540#1#JAGYVY010000208.1_95187_596142_0$HG02818#1#JAHEOS010000101.1_89626_496613_0	0.0637851579627433 Reich
I16553 HG00621#1#JAHBCD010000034.1_2122997_2624098_1$HG03710.verkko_filt_pat.fa:haplotype2_0000488_101614437_102218208_0	0.0637845396960844 Reich
I16553 AV_HG01175#haplotype1#0000070:46006269_46414083$HG02071.verkko_filt_mat.fa:haplotype1_0000041_103610513_104018399_0	0.0637841227779690 Reich
I16553 HG01258#1#JAGYYV010000004.1_56955948_57456952_1$HG03927.verkko_filt_pat.fa:haplotype2_0000800_29002142_29504057_1	0.0637830036342835 Reich
I16553 HG02080#2#JAHEOV010000017.1_16662177_17164189_0$HG01123#1#JAGYYZ010000015.1_51528240_51935090_0	0.0637810535731953 Reich
I16553 AV_HG01106#haplotype1#0000048:16666181_17262214$NA18906#1#JAHEOO010000054.1_2103477_2510435_1	0.0637789663535739 Reich
I16553 HG02886#1#JAHAOU010000178.1_62411_469262_0$HG01258#1#JAGYYV010000004.1_56955948_57456952_1	0.0637785517467105 Reich
I16553 HG02723#1#JAHEOU010000204.1_2102082_2414876_1$HG03540#1#JAGYVY010000208.1_95187_596142_0	0.0637750671194600 Reich
I16553 HG03098#2#JAHEPL010000003.1_93803759_94117426_0$HG03540#1#JAGYVY010000208.1_95187_596142_0	0.0637727456229932 Reich
I16553 AV_HG00673#haplotype1#0000019:16627360_17129375$AV_HG00673#haplotype2#0001165:24014011_24421797	0.0637674968749826 Reich
I16553 HG02622#1#JAHAOO010000002.1_16673678_17080663_0$HG01099.verkko_filt_pat.fa:haplotype2_0000583_143544270_144046196_1	0.0637654279970484 Reich
I16553 HG02818#2#JAHEOR010000010.1_31775319_32183091_1$HG03710.verkko_filt_pat.fa:haplotype2_0000488_101614437_102218208_0	0.0637624860015396 Reich
I16553 chr1_hg38_103456064_103863972_0$HG01258#1#JAGYYV010000004.1_56955948_57456952_1	0.0637617593139465 Reich
I16553 chr1_hg19_103998686_104406594_0$HG01258#1#JAGYYV010000004.1_56955948_57456952_1	0.0637617593139465 Reich
I16553 AV_HG01106#haplotype1#0000048:16666181_17262214$HG03927.verkko_filt_mat.fa:haplotype1_0000009_134765170_135173010_1	0.0637604267330651 Reich
I16553 HG03540#1#JAGYVY010000208.1_95187_596142_0$HG03710.verkko_filt_pat.fa:haplotype2_0000488_101614437_102218208_0	0.0637571563358355 Reich
I16553 HG00621#1#JAHBCD010000034.1_2122997_2624098_1$HG01243#1#JAHEOY010000013.1_90081_424495_0	0.0637548949587851 Reich
I16553 HG01258#1#JAGYYV010000004.1_56955948_57456952_1$HG04228.verkko_filt_mat.fa:haplotype1_0000023_103429213_103930285_0	0.0637545036542322 Reich
I16553 chr1_hg38_103456064_103863972_0$HG005#2#JAHEPN010000023.1_51542210_51950070_0	0.0637526451698119 Reich
I16553 chr1_hg19_103998686_104406594_0$HG005#2#JAHEPN010000023.1_51542210_51950070_0	0.0637526451698119 Reich
I16553 HG00621#1#JAHBCD010000034.1_2122997_2624098_1$HG02486#1#JAGYVM010000007.1_28868414_29370339_1	0.0637514366628333 Reich
I16553 HG00621#1#JAHBCD010000034.1_2122997_2624098_1$HG03927.verkko_filt_mat.fa:haplotype1_0000009_134765170_135173010_1	0.0637510145336904 Reich
I16553 HG03540#1#JAGYVY010000208.1_95187_596142_0$HG02486#1#JAGYVM010000007.1_28868414_29370339_1	0.0637494548357013 Reich
I16553 AV_HG01106#haplotype1#0000048:16666181_17262214$HG02004.verkko_filt_pat.fa:haplotype2_0000813_139386576_140076845_1	0.0637486261792822 Reich
I16553 AV_HG00673#haplotype1#0000019:16627360_17129375$HG01978#2#JAGYVR010000007.1_51532241_51939176_0	0.0637473180710121 Reich
I16553 HG00621#1#JAHBCD010000034.1_2122997_2624098_1$HG02145#2#JAHKSF010000206.1_1005292_1413195_1	0.0637469429744101 Reich
I16553 HG03453#2#JAGYVV010000088.1_22597550_23005370_1$HG02486#2#JAGYVL010000029.1_94163344_94570162_0	0.0637451687254805 Reich
I16553 HG02559#1#JAGYVK010000012.1_51505852_51913611_0$HG03540#2#JAGYVX010000148.1_1368955_1877115_0	0.0637446483891400 Reich
I16553 AV_HG00673#haplotype2#0001165:24014011_24421797$HG03927.verkko_filt_pat.fa:haplotype2_0000800_29002142_29504057_1	0.0637442292751661 Reich
I16553 HG00621#1#JAHBCD010000034.1_2122997_2624098_1$HG00438#2#JAHBCA010000012.1_51513023_51826723_0	0.0637434404579051 Reich
I16553 HG00621#2#JAHBCC010000031.1_16669999_17077865_0$chr1_hg38_103456064_103863972_0	0.0637433093228526 Reich
I16553 HG00621#2#JAHBCC010000031.1_16669999_17077865_0$chr1_hg19_103998686_104406594_0	0.0637433093228526 Reich
I16553 HG005#1#JAHEPO010000002.1_51519219_51926067_0$HG03927.verkko_filt_pat.fa:haplotype2_0000800_29002142_29504057_1	0.0637431890936035 Reich
I16553 HG02818#2#JAHEOR010000010.1_31775319_32183091_1$NA19240#1#JAHEOM010000047.1_30103390_30511199_1	0.0637423945919134 Reich
I16553 AV_HG01175#haplotype1#0000070:46006269_46414083$chr1_hg38_103456064_103863972_0	0.0637412091182682 Reich
I16553 AV_HG01175#haplotype1#0000070:46006269_46414083$chr1_hg19_103998686_104406594_0	0.0637412091182682 Reich
I16553 HG00621#1#JAHBCD010000034.1_2122997_2624098_1$HG02717#2#JAHAOR010000006.1_19663827_20070693_1	0.0637411217780316 Reich
I16553 AV_HG00673#haplotype1#0000019:16627360_17129375$HG03579#1#JAGYVU010000029.1_91404_499180_0	0.0637377381557463 Reich
I16553 HG00621#1#JAHBCD010000034.1_2122997_2624098_1$HG00741#2#JAHALX010000013.1_51574319_51981226_0	0.0637366108399235 Reich
I16553 AV_HG01106#haplotype2#0000932:16673968_17175925$HG01978#2#JAGYVR010000007.1_51532241_51939176_0	0.0637360775572591 Reich
I16553 HG00621#1#JAHBCD010000034.1_2122997_2624098_1$HG02630#1#JAHAOQ010000102.1_16672145_17079089_0	0.0637353155219424 Reich
I16553 HG03492#2#JAHEPH010000288.1_2098270_2432686_1$HG02293.verkko_filt_pat.fa:haplotype2_0000836_148310532_148812524_1	0.0637350692933050 Reich
I16553 HG02886#1#JAHAOU010000178.1_62411_469262_0$HG03453#2#JAGYVV010000088.1_22597550_23005370_1	0.0637332598495864 Reich
I16553 HG03540#2#JAGYVX010000148.1_1368955_1877115_0$HG02004.verkko_filt_pat.fa:haplotype2_0000813_139386576_140076845_1	0.0637320071056498 Reich
I16553 AV_HG01106#haplotype1#0000048:16666181_17262214$HG02145#2#JAHKSF010000206.1_1005292_1413195_1	0.0637319848056676 Reich
I16553 HG02109#2#JAHEPF010000078.1_16678387_16991144_0$HG02293.verkko_filt_pat.fa:haplotype2_0000836_148310532_148812524_1	0.0637311134423635 Reich
I16553 HG02080#2#JAHEOV010000017.1_16662177_17164189_0$HG01258#1#JAGYYV010000004.1_56955948_57456952_1	0.0637302757167816 Reich
I16553 AV_HG01106#haplotype1#0000048:16666181_17262214$HG02630#1#JAHAOQ010000102.1_16672145_17079089_0	0.0637290656038099 Reich
I16553 HG03486#1#JAHEOQ010000123.1_16677696_17085575_0$HG01928#1#JAGYVQ010000053.1_16676493_17083407_0	0.0637269729978248 Reich
I16553 AV_HG01106#haplotype1#0000048:16666181_17262214$HG02717#2#JAHAOR010000006.1_19663827_20070693_1	0.0637263159699921 Reich
I16553 AV_HG01106#haplotype1#0000048:16666181_17262214$HG00741#2#JAHALX010000013.1_51574319_51981226_0	0.0637256271830752 Reich
I16553 HG03486#1#JAHEOQ010000123.1_16677696_17085575_0$HG02559#1#JAGYVK010000012.1_51505852_51913611_0	0.0637228911969149 Reich
I16553 HG00621#1#JAHBCD010000034.1_2122997_2624098_1$HG03098#2#JAHEPL010000003.1_93803759_94117426_0	0.0637202184835732 Reich
I16553 AV_HG00673#haplotype2#0001165:24014011_24421797$AV_HG01106#haplotype2#0000932:16673968_17175925	0.0637199448231332 Reich
I16553 HG01928#1#JAGYVQ010000053.1_16676493_17083407_0$HG02300.verkko_filt_mat.fa:haplotype1_0000028_144052837_144460586_1	0.0637195067909545 Reich
I16553 HG02630#2#JAHAOP010000089.1_16669255_17076135_0$HG02486#2#JAGYVL010000029.1_94163344_94570162_0	0.0637177085670425 Reich
I16553 AV_HG01106#haplotype1#0000048:16666181_17262214$HG02717#1#JAHAOS010000015.1_16660311_17067250_0	0.0637162425347430 Reich
I16553 HG01978#1#JAGYVS010000002.1_51519970_52021951_0$HG02109#2#JAHEPF010000078.1_16678387_16991144_0	0.0637160699172207 Reich
I16553 HG03492#2#JAHEPH010000288.1_2098270_2432686_1$HG01978#1#JAGYVS010000002.1_51519970_52021951_0	0.0637153637293509 Reich
I16553 HG03710.verkko_filt_mat.fa:haplotype1_0000029_102593394_102907063_0$HG02293.verkko_filt_pat.fa:haplotype2_0000836_148310532_148812524_1	0.0637149334849840 Reich
I16553 HG01123#1#JAGYYZ010000015.1_51528240_51935090_0$HG03927.verkko_filt_pat.fa:haplotype2_0000800_29002142_29504057_1	0.0637142457514866 Reich
I16553 HG00621#1#JAHBCD010000034.1_2122997_2624098_1$HG02717#1#JAHAOS010000015.1_16660311_17067250_0	0.0637140667556763 Reich
I16553 HG01928#1#JAGYVQ010000053.1_16676493_17083407_0$HG01099.verkko_filt_mat.fa:haplotype1_0000034_142513097_142920876_1	0.0637136908688512 Reich
I16553 HG03486#1#JAHEOQ010000123.1_16677696_17085575_0$HG03710.verkko_filt_pat.fa:haplotype2_0000488_101614437_102218208_0	0.0637088541224250 Reich
I16553 AV_HG01361#haplotype1#0000023:101593539_102001341$HG02486#2#JAGYVL010000029.1_94163344_94570162_0	0.0637073400405544 Reich
I16553 HG03492#2#JAHEPH010000288.1_2098270_2432686_1$HG02071.verkko_filt_pat.fa:haplotype2_0000736_102745972_103248026_0	0.0637066164916125 Reich
I16553 HG02818#2#JAHEOR010000010.1_31775319_32183091_1$HG03453#2#JAGYVV010000088.1_22597550_23005370_1	0.0637064129872184 Reich
I16553 HG03540#2#JAGYVX010000148.1_1368955_1877115_0$HG02300.verkko_filt_pat.fa:haplotype2_0000620_143362344_143769323_1	0.0637050093501574 Reich
I16553 AV_HG00673#haplotype2#0001165:24014011_24421797$HG02004.verkko_filt_pat.fa:haplotype2_0000813_139386576_140076845_1	0.0637048781762024 Reich
I16553 HG01978#1#JAGYVS010000002.1_51519970_52021951_0$HG03710.verkko_filt_mat.fa:haplotype1_0000029_102593394_102907063_0	0.0637047271893140 Reich
I16553 HG02630#2#JAHAOP010000089.1_16669255_17076135_0$HG03540#2#JAGYVX010000148.1_1368955_1877115_0	0.0637017904421380 Reich
I16553 HG03540#2#JAGYVX010000148.1_1368955_1877115_0$NA19240#1#JAHEOM010000047.1_30103390_30511199_1	0.0637016184961107 Reich
I16553 HG02630#2#JAHAOP010000089.1_16669255_17076135_0$HG02886#1#JAHAOU010000178.1_62411_469262_0	0.0637001110891093 Reich
I16553 HG03486#1#JAHEOQ010000123.1_16677696_17085575_0$HG002.verkko_filt_mat.fa:haplotype1_0000005_138228497_138636354_1	0.0636995105686480 Reich
I16553 NA18906#1#JAHEOO010000054.1_2103477_2510435_1$chr1_chm13_103304997_103901127_0	0.0636989880502950 Reich
I16553 HG02293.verkko_filt_mat.fa:haplotype1_0000039_30204405_30517145_1$HG01099.verkko_filt_pat.fa:haplotype2_0000583_143544270_144046196_1	0.0636984129136330 Reich
I16553 HG03540#2#JAGYVX010000148.1_1368955_1877115_0$HG02004.verkko_filt_mat.fa:haplotype1_0000022_97828542_98235483_0	0.0636980365299091 Reich
I16553 HG02622#1#JAHAOO010000002.1_16673678_17080663_0$HG03540#1#JAGYVY010000208.1_95187_596142_0	0.0636966434853845 Reich
I16553 HG02300.verkko_filt_mat.fa:haplotype1_0000028_144052837_144460586_1$HG002.verkko_filt_mat.fa:haplotype1_0000005_138228497_138636354_1	0.0636936784943299 Reich
I16553 HG03486#1#JAHEOQ010000123.1_16677696_17085575_0$HG02630#2#JAHAOP010000089.1_16669255_17076135_0	0.0636926264766829 Reich
I16553 HG02109#2#JAHEPF010000078.1_16678387_16991144_0$HG02071.verkko_filt_pat.fa:haplotype2_0000736_102745972_103248026_0	0.0636909241724602 Reich
I16553 AV_HG01361#haplotype1#0000023:101593539_102001341$HG02886#1#JAHAOU010000178.1_62411_469262_0	0.0636901005865978 Reich
I16553 AV_HG01361#haplotype1#0000023:101593539_102001341$HG02818#2#JAHEOR010000010.1_31775319_32183091_1	0.0636883418334574 Reich
I16553 HG01978#1#JAGYVS010000002.1_51519970_52021951_0$HG03710.verkko_filt_pat.fa:haplotype2_0000488_101614437_102218208_0	0.0636879929773631 Reich
I16553 HG01978#2#JAGYVR010000007.1_51532241_51939176_0$HG02004.verkko_filt_pat.fa:haplotype2_0000813_139386576_140076845_1	0.0636834381300106 Reich
I16553 HG03710.verkko_filt_pat.fa:haplotype2_0000488_101614437_102218208_0$HG02293.verkko_filt_pat.fa:haplotype2_0000836_148310532_148812524_1	0.0636821700797162 Reich
I16553 HG04228.verkko_filt_pat.fa:haplotype2_0000600_103806749_104119491_0$HG02004.verkko_filt_pat.fa:haplotype2_0000813_139386576_140076845_1	0.0636820566263660 Reich
I16553 AV_HG01106#haplotype2#0000932:16673968_17175925$HG03579#1#JAGYVU010000029.1_91404_499180_0	0.0636808189058196 Reich
I16553 HG01099.verkko_filt_mat.fa:haplotype1_0000034_142513097_142920876_1$HG002.verkko_filt_mat.fa:haplotype1_0000005_138228497_138636354_1	0.0636804517992591 Reich
I16553 HG02486#2#JAGYVL010000029.1_94163344_94570162_0$HG03710.verkko_filt_pat.fa:haplotype2_0000488_101614437_102218208_0	0.0636802917197079 Reich
I16553 HG01109#1#JAHEPA010000099.1_2104245_2511104_1$HG01099.verkko_filt_pat.fa:haplotype2_0000583_143544270_144046196_1	0.0636797661312444 Reich
I16553 HG01123#2#JAGYYY010000006.1_51579630_51892388_0$HG02004.verkko_filt_pat.fa:haplotype2_0000813_139386576_140076845_1	0.0636761387534156 Reich
I16553 HG02886#1#JAHAOU010000178.1_62411_469262_0$HG03710.verkko_filt_pat.fa:haplotype2_0000488_101614437_102218208_0	0.0636760754272160 Reich
I16553 AV_HG00673#haplotype1#0000019:16627360_17129375$HG005#1#JAHEPO010000002.1_51519219_51926067_0	0.0636746164052504 Reich
I16553 HG03579#1#JAGYVU010000029.1_91404_499180_0$HG02004.verkko_filt_pat.fa:haplotype2_0000813_139386576_140076845_1	0.0636731422557475 Reich
I16553 AV_HG01361#haplotype1#0000023:101593539_102001341$HG02071.verkko_filt_mat.fa:haplotype1_0000041_103610513_104018399_0	0.0636727840906705 Reich
I16553 HG03710.verkko_filt_pat.fa:haplotype2_0000488_101614437_102218208_0$HG02071.verkko_filt_pat.fa:haplotype2_0000736_102745972_103248026_0	0.0636721813619128 Reich
I16553 NA18906#1#JAHEOO010000054.1_2103477_2510435_1$HG02293.verkko_filt_pat.fa:haplotype2_0000836_148310532_148812524_1	0.0636710040801967 Reich
I16553 HG00733#1#JAHEPQ010000019.1_46106835_46420495_0$HG03927.verkko_filt_pat.fa:haplotype2_0000800_29002142_29504057_1	0.0636708100170005 Reich
I16553 AV_HG01106#haplotype1#0000048:16666181_17262214$HG02818#1#JAHEOS010000101.1_89626_496613_0	0.0636704727816672 Reich
I16553 HG03486#1#JAHEOQ010000123.1_16677696_17085575_0$NA19240#1#JAHEOM010000047.1_30103390_30511199_1	0.0636692337922662 Reich
I16553 AV_HG01106#haplotype1#0000048:16666181_17262214$AV_HG02257#haplotype2#0001152:102843493_103251377	0.0636690796835538 Reich
I16553 chr1_chm13_103304997_103901127_0$HG02004.verkko_filt_pat.fa:haplotype2_0000813_139386576_140076845_1	0.0636677143337053 Reich
I16553 HG03710.verkko_filt_mat.fa:haplotype1_0000029_102593394_102907063_0$HG02071.verkko_filt_pat.fa:haplotype2_0000736_102745972_103248026_0	0.0636676267813820 Reich
I16553 HG03486#1#JAHEOQ010000123.1_16677696_17085575_0$HG01258#1#JAGYYV010000004.1_56955948_57456952_1	0.0636659339742520 Reich
I16553 AV_HG02148#haplotype2#0002863:16304803_16712699$HG03540#2#JAGYVX010000148.1_1368955_1877115_0	0.0636657061227320 Reich
I16553 HG02723#1#JAHEOU010000204.1_2102082_2414876_1$HG02004.verkko_filt_pat.fa:haplotype2_0000813_139386576_140076845_1	0.0636629165301682 Reich
I16553 AV_HG02257#haplotype2#0001152:102843493_103251377$HG00621#1#JAHBCD010000034.1_2122997_2624098_1	0.0636602365758883 Reich
I16553 HG00733#1#JAHEPQ010000019.1_46106835_46420495_0$HG02293.verkko_filt_pat.fa:haplotype2_0000836_148310532_148812524_1	0.0636582302702695 Reich
I16553 HG00621#1#JAHBCD010000034.1_2122997_2624098_1$HG02818#1#JAHEOS010000101.1_89626_496613_0	0.0636554305855768 Reich
I16553 HG01978#1#JAGYVS010000002.1_51519970_52021951_0$HG00733#1#JAHEPQ010000019.1_46106835_46420495_0	0.0636550530354641 Reich
I16553 HG01978#1#JAGYVS010000002.1_51519970_52021951_0$NA18906#1#JAHEOO010000054.1_2103477_2510435_1	0.0636487674133403 Reich
I16553 HG02630#1#JAHAOQ010000102.1_16672145_17079089_0$chr1_chm13_103304997_103901127_0	0.0636483627840849 Reich
I16553 AV_HG00673#haplotype1#0000019:16627360_17129375$HG01123#1#JAGYYZ010000015.1_51528240_51935090_0	0.0636477788476276 Reich
I16553 HG03486#1#JAHEOQ010000123.1_16677696_17085575_0$HG005#2#JAHEPN010000023.1_51542210_51950070_0	0.0636476982997561 Reich
I16553 chr1_chm13_103304997_103901127_0$HG02717#2#JAHAOR010000006.1_19663827_20070693_1	0.0636475526817091 Reich
I16553 HG02886#1#JAHAOU010000178.1_62411_469262_0$NA19240#2#JAHEOL010000010.1_37445323_37853017_0	0.0636456079790480 Reich
I16553 HG005#2#JAHEPN010000023.1_51542210_51950070_0$HG02300.verkko_filt_mat.fa:haplotype1_0000028_144052837_144460586_1	0.0636455728769848 Reich
I16553 HG02145#2#JAHKSF010000206.1_1005292_1413195_1$chr1_chm13_103304997_103901127_0	0.0636452844979429 Reich
I16553 HG03492#2#JAHEPH010000288.1_2098270_2432686_1$HG04228.verkko_filt_mat.fa:haplotype1_0000023_103429213_103930285_0	0.0636452073844921 Reich
I16553 HG02818#2#JAHEOR010000010.1_31775319_32183091_1$NA19240#2#JAHEOL010000010.1_37445323_37853017_0	0.0636430734888312 Reich
I16553 chr1_chm13_103304997_103901127_0$HG03927.verkko_filt_mat.fa:haplotype1_0000009_134765170_135173010_1	0.0636430346231403 Reich
I16553 HG00741#2#JAHALX010000013.1_51574319_51981226_0$chr1_chm13_103304997_103901127_0	0.0636426562433778 Reich
I16553 HG02486#2#JAGYVL010000029.1_94163344_94570162_0$NA19240#2#JAHEOL010000010.1_37445323_37853017_0	0.0636416399576651 Reich
I16553 HG02071.verkko_filt_mat.fa:haplotype1_0000041_103610513_104018399_0$HG02300.verkko_filt_pat.fa:haplotype2_0000620_143362344_143769323_1	0.0636408817496883 Reich
I16553 HG02717#1#JAHAOS010000015.1_16660311_17067250_0$chr1_chm13_103304997_103901127_0	0.0636393691898480 Reich
I16553 HG02071.verkko_filt_mat.fa:haplotype1_0000041_103610513_104018399_0$HG02004.verkko_filt_mat.fa:haplotype1_0000022_97828542_98235483_0	0.0636387654305904 Reich
I16553 AV_HG01106#haplotype2#0000932:16673968_17175925$HG005#1#JAHEPO010000002.1_51519219_51926067_0	0.0636386325082341 Reich
I16553 HG04228.verkko_filt_mat.fa:haplotype1_0000023_103429213_103930285_0$HG03710.verkko_filt_mat.fa:haplotype1_0000029_102593394_102907063_0	0.0636367240630358 Reich
I16553 AV_HG01175#haplotype1#0000070:46006269_46414083$HG03486#1#JAHEOQ010000123.1_16677696_17085575_0	0.0636361477686201 Reich
I16553 NA18906#1#JAHEOO010000054.1_2103477_2510435_1$HG02071.verkko_filt_pat.fa:haplotype2_0000736_102745972_103248026_0	0.0636355301342691 Reich
I16553 HG02109#2#JAHEPF010000078.1_16678387_16991144_0$HG04228.verkko_filt_mat.fa:haplotype1_0000023_103429213_103930285_0	0.0636327506570181 Reich
I16553 HG005#2#JAHEPN010000023.1_51542210_51950070_0$HG01099.verkko_filt_mat.fa:haplotype1_0000034_142513097_142920876_1	0.0636318484226004 Reich
I16553 NA19240#2#JAHEOL010000010.1_37445323_37853017_0$HG02071.verkko_filt_mat.fa:haplotype1_0000041_103610513_104018399_0	0.0636300015778553 Reich
I16553 HG03492#2#JAHEPH010000288.1_2098270_2432686_1$HG02004.verkko_filt_pat.fa:haplotype2_0000813_139386576_140076845_1	0.0636299020259486 Reich
I16553 HG00733#1#JAHEPQ010000019.1_46106835_46420495_0$HG02071.verkko_filt_pat.fa:haplotype2_0000736_102745972_103248026_0	0.0636298050711428 Reich
I16553 HG04228.verkko_filt_mat.fa:haplotype1_0000023_103429213_103930285_0$HG03710.verkko_filt_pat.fa:haplotype2_0000488_101614437_102218208_0	0.0636249534811593 Reich
I16553 HG005#1#JAHEPO010000002.1_51519219_51926067_0$HG02004.verkko_filt_pat.fa:haplotype2_0000813_139386576_140076845_1	0.0636249171553880 Reich
I16553 HG02818#2#JAHEOR010000010.1_31775319_32183091_1$HG02559#2#JAGYVJ010000037.1_52167780_52574597_1	0.0636224312456658 Reich
I16553 HG02559#2#JAGYVJ010000037.1_52167780_52574597_1$HG02071.verkko_filt_mat.fa:haplotype1_0000041_103610513_104018399_0	0.0636215467160138 Reich
I16553 HG02486#1#JAGYVM010000007.1_28868414_29370339_1$HG02293.verkko_filt_pat.fa:haplotype2_0000836_148310532_148812524_1	0.0636211654082904 Reich
I16553 AV_HG00673#haplotype1#0000019:16627360_17129375$HG01258#1#JAGYYV010000004.1_56955948_57456952_1	0.0636208477531535 Reich
I16553 AV_HG01106#haplotype1#0000048:16666181_17262214$HG01258#1#JAGYYV010000004.1_56955948_57456952_1	0.0636187660321466 Reich
I16553 AV_HG01361#haplotype1#0000023:101593539_102001341$chr1_hg38_103456064_103863972_0	0.0636149412558037 Reich
I16553 AV_HG01361#haplotype1#0000023:101593539_102001341$chr1_hg19_103998686_104406594_0	0.0636149412558037 Reich
I16553 HG02080#2#JAHEOV010000017.1_16662177_17164189_0$HG03710.verkko_filt_pat.fa:haplotype2_0000488_101614437_102218208_0	0.0636141184399723 Reich
I16553 HG01978#1#JAGYVS010000002.1_51519970_52021951_0$HG02486#1#JAGYVM010000007.1_28868414_29370339_1	0.0636134477340451 Reich
I16553 HG03710.verkko_filt_pat.fa:haplotype2_0000488_101614437_102218208_0$HG002.verkko_filt_mat.fa:haplotype1_0000005_138228497_138636354_1	0.0636129050200679 Reich
I16553 HG02559#1#JAGYVK010000012.1_51505852_51913611_0$HG01928#1#JAGYVQ010000053.1_16676493_17083407_0	0.0636126954610337 Reich
I16553 HG03540#1#JAGYVY010000208.1_95187_596142_0$HG02293.verkko_filt_mat.fa:haplotype1_0000039_30204405_30517145_1	0.0636118105454058 Reich
I16553 HG03492#2#JAHEPH010000288.1_2098270_2432686_1$HG02080#2#JAHEOV010000017.1_16662177_17164189_0	0.0636110288280410 Reich
I16553 HG02630#1#JAHAOQ010000102.1_16672145_17079089_0$HG02293.verkko_filt_pat.fa:haplotype2_0000836_148310532_148812524_1	0.0636101015604332 Reich
I16553 HG01243#1#JAHEOY010000013.1_90081_424495_0$HG02293.verkko_filt_pat.fa:haplotype2_0000836_148310532_148812524_1	0.0636094686719200 Reich
I16553 HG02717#2#JAHAOR010000006.1_19663827_20070693_1$HG02293.verkko_filt_pat.fa:haplotype2_0000836_148310532_148812524_1	0.0636090287266315 Reich
I16553 HG00621#2#JAHBCC010000031.1_16669999_17077865_0$HG02300.verkko_filt_mat.fa:haplotype1_0000028_144052837_144460586_1	0.0636062251978211 Reich
I16553 HG00621#2#JAHBCC010000031.1_16669999_17077865_0$HG03486#1#JAHEOQ010000123.1_16677696_17085575_0	0.0636058064768358 Reich
I16553 AV_HG01175#haplotype1#0000070:46006269_46414083$HG01099.verkko_filt_mat.fa:haplotype1_0000034_142513097_142920876_1	0.0636041127535467 Reich
I16553 HG01109#1#JAHEPA010000099.1_2104245_2511104_1$HG03540#1#JAGYVY010000208.1_95187_596142_0	0.0636032444250488 Reich
I16553 HG02145#2#JAHKSF010000206.1_1005292_1413195_1$HG02293.verkko_filt_pat.fa:haplotype2_0000836_148310532_148812524_1	0.0636029606436981 Reich
I16553 HG02486#1#JAGYVM010000007.1_28868414_29370339_1$HG02071.verkko_filt_pat.fa:haplotype2_0000736_102745972_103248026_0	0.0636021213272718 Reich
I16553 HG00741#2#JAHALX010000013.1_51574319_51981226_0$HG02293.verkko_filt_pat.fa:haplotype2_0000836_148310532_148812524_1	0.0636018265217125 Reich
I16553 AV_HG01175#haplotype1#0000070:46006269_46414083$HG02300.verkko_filt_mat.fa:haplotype1_0000028_144052837_144460586_1	0.0636014724941546 Reich
I16553 HG01928#1#JAGYVQ010000053.1_16676493_17083407_0$HG03710.verkko_filt_pat.fa:haplotype2_0000488_101614437_102218208_0	0.0635992128166924 Reich
I16553 AV_HG01106#haplotype1#0000048:16666181_17262214$HG02622#1#JAHAOO010000002.1_16673678_17080663_0	0.0635970167713048 Reich
I16553 HG01978#1#JAGYVS010000002.1_51519970_52021951_0$HG00741#2#JAHALX010000013.1_51574319_51981226_0	0.0635958504691189 Reich
I16553 HG02717#1#JAHAOS010000015.1_16660311_17067250_0$HG02293.verkko_filt_pat.fa:haplotype2_0000836_148310532_148812524_1	0.0635953162395072 Reich
I16553 AV_HG01106#haplotype2#0000932:16673968_17175925$HG01123#1#JAGYYZ010000015.1_51528240_51935090_0	0.0635942925155452 Reich
I16553 chr1_hg38_103456064_103863972_0$HG02300.verkko_filt_pat.fa:haplotype2_0000620_143362344_143769323_1	0.0635931797946769 Reich
I16553 chr1_hg19_103998686_104406594_0$HG02300.verkko_filt_pat.fa:haplotype2_0000620_143362344_143769323_1	0.0635931797946769 Reich
I16553 HG02080#2#JAHEOV010000017.1_16662177_17164189_0$HG02109#2#JAHEPF010000078.1_16678387_16991144_0	0.0635929744666068 Reich
I16553 HG03927.verkko_filt_mat.fa:haplotype1_0000009_134765170_135173010_1$HG02293.verkko_filt_pat.fa:haplotype2_0000836_148310532_148812524_1	0.0635927896165909 Reich
I16553 HG00733#1#JAHEPQ010000019.1_46106835_46420495_0$HG04228.verkko_filt_mat.fa:haplotype1_0000023_103429213_103930285_0	0.0635926231309227 Reich
I16553 HG01978#1#JAGYVS010000002.1_51519970_52021951_0$HG02717#2#JAHAOR010000006.1_19663827_20070693_1	0.0635914388500375 Reich
I16553 HG01123#1#JAGYYZ010000015.1_51528240_51935090_0$HG02004.verkko_filt_pat.fa:haplotype2_0000813_139386576_140076845_1	0.0635908548996654 Reich
I16553 HG02630#1#JAHAOQ010000102.1_16672145_17079089_0$HG01978#1#JAGYVS010000002.1_51519970_52021951_0	0.0635902235818293 Reich
I16553 HG00621#2#JAHBCC010000031.1_16669999_17077865_0$HG01099.verkko_filt_mat.fa:haplotype1_0000034_142513097_142920876_1	0.0635893315344642 Reich
I16553 HG02145#2#JAHKSF010000206.1_1005292_1413195_1$HG01978#1#JAGYVS010000002.1_51519970_52021951_0	0.0635890232862431 Reich
I16553 HG01978#1#JAGYVS010000002.1_51519970_52021951_0$HG01243#1#JAHEOY010000013.1_90081_424495_0	0.0635885195203544 Reich
I16553 HG01928#1#JAGYVQ010000053.1_16676493_17083407_0$HG002.verkko_filt_mat.fa:haplotype1_0000005_138228497_138636354_1	0.0635884778297078 Reich
I16553 NA18906#1#JAHEOO010000054.1_2103477_2510435_1$HG04228.verkko_filt_mat.fa:haplotype1_0000023_103429213_103930285_0	0.0635865923945334 Reich
I16553 AV_HG02257#haplotype2#0001152:102843493_103251377$chr1_chm13_103304997_103901127_0	0.0635842243852374 Reich
I16553 chr1_chm13_103304997_103901127_0$HG02818#1#JAHEOS010000101.1_89626_496613_0	0.0635833402017442 Reich
I16553 HG02717#1#JAHAOS010000015.1_16660311_17067250_0$HG01978#1#JAGYVS010000002.1_51519970_52021951_0	0.0635832462713452 Reich
I16553 HG03453#2#JAGYVV010000088.1_22597550_23005370_1$HG03540#2#JAGYVX010000148.1_1368955_1877115_0	0.0635826099026891 Reich
I16553 HG02717#2#JAHAOR010000006.1_19663827_20070693_1$HG02071.verkko_filt_pat.fa:haplotype2_0000736_102745972_103248026_0	0.0635811653286589 Reich
I16553 HG02559#1#JAGYVK010000012.1_51505852_51913611_0$HG002.verkko_filt_mat.fa:haplotype1_0000005_138228497_138636354_1	0.0635794078765786 Reich
I16553 HG01978#1#JAGYVS010000002.1_51519970_52021951_0$HG03927.verkko_filt_mat.fa:haplotype1_0000009_134765170_135173010_1	0.0635775162861137 Reich
I16553 HG02080#2#JAHEOV010000017.1_16662177_17164189_0$HG03710.verkko_filt_mat.fa:haplotype1_0000029_102593394_102907063_0	0.0635769663299158 Reich
I16553 HG01243#1#JAHEOY010000013.1_90081_424495_0$HG02071.verkko_filt_pat.fa:haplotype2_0000736_102745972_103248026_0	0.0635756289531870 Reich
I16553 HG005#2#JAHEPN010000023.1_51542210_51950070_0$HG03710.verkko_filt_pat.fa:haplotype2_0000488_101614437_102218208_0	0.0635747783442615 Reich
I16553 HG03492#2#JAHEPH010000288.1_2098270_2432686_1$HG03927.verkko_filt_pat.fa:haplotype2_0000800_29002142_29504057_1	0.0635734844206437 Reich
I16553 AV_HG01361#haplotype1#0000023:101593539_102001341$HG03540#2#JAGYVX010000148.1_1368955_1877115_0	0.0635732822399172 Reich
I16553 HG02630#1#JAHAOQ010000102.1_16672145_17079089_0$HG02071.verkko_filt_pat.fa:haplotype2_0000736_102745972_103248026_0	0.0635728907459110 Reich
I16553 AV_HG01106#haplotype2#0000932:16673968_17175925$HG01258#1#JAGYYV010000004.1_56955948_57456952_1	0.0635723541412072 Reich
I16553 HG03710.verkko_filt_mat.fa:haplotype1_0000029_102593394_102907063_0$HG03927.verkko_filt_pat.fa:haplotype2_0000800_29002142_29504057_1	0.0635719973873418 Reich
I16553 chr1_hg38_103456064_103863972_0$NA19240#2#JAHEOL010000010.1_37445323_37853017_0	0.0635711331243932 Reich
I16553 chr1_hg19_103998686_104406594_0$NA19240#2#JAHEOL010000010.1_37445323_37853017_0	0.0635711331243932 Reich
I16553 HG02559#2#JAGYVJ010000037.1_52167780_52574597_1$chr1_hg38_103456064_103863972_0	0.0635705540259659 Reich
I16553 HG02559#2#JAGYVJ010000037.1_52167780_52574597_1$chr1_hg19_103998686_104406594_0	0.0635705540259659 Reich
I16553 HG00621#1#JAHBCD010000034.1_2122997_2624098_1$HG04228.verkko_filt_pat.fa:haplotype2_0000600_103806749_104119491_0	0.0635701108623969 Reich
I16553 HG00621#1#JAHBCD010000034.1_2122997_2624098_1$HG02622#1#JAHAOO010000002.1_16673678_17080663_0	0.0635689312084642 Reich
I16553 HG03927.verkko_filt_mat.fa:haplotype1_0000009_134765170_135173010_1$HG02071.verkko_filt_pat.fa:haplotype2_0000736_102745972_103248026_0	0.0635642866019027 Reich
I16553 HG03516#1#JAGYYT010000012.1_24170958_24578778_1$HG02486#2#JAGYVL010000029.1_94163344_94570162_0	0.0635642798043309 Reich
I16553 HG02109#2#JAHEPF010000078.1_16678387_16991144_0$HG03927.verkko_filt_pat.fa:haplotype2_0000800_29002142_29504057_1	0.0635638210260014 Reich
I16553 chr1_hg38_103456064_103863972_0$HG02004.verkko_filt_mat.fa:haplotype1_0000022_97828542_98235483_0	0.0635633698870037 Reich
I16553 chr1_hg19_103998686_104406594_0$HG02004.verkko_filt_mat.fa:haplotype1_0000022_97828542_98235483_0	0.0635633698870037 Reich
I16553 HG01928#1#JAGYVQ010000053.1_16676493_17083407_0$NA19240#1#JAHEOM010000047.1_30103390_30511199_1	0.0635627711998988 Reich
I16553 HG02486#1#JAGYVM010000007.1_28868414_29370339_1$HG04228.verkko_filt_mat.fa:haplotype1_0000023_103429213_103930285_0	0.0635615809499354 Reich
I16553 NA18906#1#JAHEOO010000054.1_2103477_2510435_1$HG03927.verkko_filt_pat.fa:haplotype2_0000800_29002142_29504057_1	0.0635615332025501 Reich
I16553 HG02145#2#JAHKSF010000206.1_1005292_1413195_1$HG02071.verkko_filt_pat.fa:haplotype2_0000736_102745972_103248026_0	0.0635612096842280 Reich
I16553 HG00741#2#JAHALX010000013.1_51574319_51981226_0$HG02071.verkko_filt_pat.fa:haplotype2_0000736_102745972_103248026_0	0.0635609254198567 Reich
I16553 HG00438#2#JAHBCA010000012.1_51513023_51826723_0$HG03927.verkko_filt_pat.fa:haplotype2_0000800_29002142_29504057_1	0.0635604189190563 Reich
I16553 HG03710.verkko_filt_pat.fa:haplotype2_0000488_101614437_102218208_0$HG03927.verkko_filt_pat.fa:haplotype2_0000800_29002142_29504057_1	0.0635602505721830 Reich
I16553 HG02080#2#JAHEOV010000017.1_16662177_17164189_0$NA18906#1#JAHEOO010000054.1_2103477_2510435_1	0.0635577873164444 Reich
I16553 HG00438#2#JAHBCA010000012.1_51513023_51826723_0$HG02293.verkko_filt_pat.fa:haplotype2_0000836_148310532_148812524_1	0.0635577206240869 Reich
I16553 AV_HG02148#haplotype2#0002863:16304803_16712699$HG02071.verkko_filt_mat.fa:haplotype1_0000041_103610513_104018399_0	0.0635576201711588 Reich
I16553 HG01258#1#JAGYYV010000004.1_56955948_57456952_1$HG02300.verkko_filt_mat.fa:haplotype1_0000028_144052837_144460586_1	0.0635555386203825 Reich
I16553 HG00621#1#JAHBCD010000034.1_2122997_2624098_1$HG01123#2#JAGYYY010000006.1_51579630_51892388_0	0.0635554436975210 Reich
I16553 HG00621#2#JAHBCC010000031.1_16669999_17077865_0$HG03710.verkko_filt_pat.fa:haplotype2_0000488_101614437_102218208_0	0.0635545553404287 Reich
I16553 HG02717#1#JAHAOS010000015.1_16660311_17067250_0$HG02071.verkko_filt_pat.fa:haplotype2_0000736_102745972_103248026_0	0.0635542209457578 Reich
I16553 HG02886#1#JAHAOU010000178.1_62411_469262_0$HG03516#1#JAGYYT010000012.1_24170958_24578778_1	0.0635524235249255 Reich
I16553 HG01258#1#JAGYYV010000004.1_56955948_57456952_1$chr1_chm13_103304997_103901127_0	0.0635519929946081 Reich
I16553 AV_HG01175#haplotype1#0000070:46006269_46414083$HG03710.verkko_filt_pat.fa:haplotype2_0000488_101614437_102218208_0	0.0635509377154967 Reich
I16553 HG00621#1#JAHBCD010000034.1_2122997_2624098_1$HG02723#1#JAHEOU010000204.1_2102082_2414876_1	0.0635507314072858 Reich
I16553 HG01258#1#JAGYYV010000004.1_56955948_57456952_1$HG01099.verkko_filt_mat.fa:haplotype1_0000034_142513097_142920876_1	0.0635494656558356 Reich
I16553 HG03540#2#JAGYVX010000148.1_1368955_1877115_0$NA19240#2#JAHEOL010000010.1_37445323_37853017_0	0.0635488257435051 Reich
I16553 HG01258#2#JAGYYU010000072.1_51562603_51970395_0$HG002.verkko_filt_pat.fa:haplotype2_0000649_147937390_148315979_1	0.0635470257731675 Reich
I16553 HG02630#2#JAHAOP010000089.1_16669255_17076135_0$HG002.verkko_filt_mat.fa:haplotype1_0000005_138228497_138636354_1	0.0635454829373306 Reich
I16553 HG01258#1#JAGYYV010000004.1_56955948_57456952_1$HG002.verkko_filt_mat.fa:haplotype1_0000005_138228497_138636354_1	0.0635438749293535 Reich
I16553 HG01928#1#JAGYVQ010000053.1_16676493_17083407_0$HG01258#1#JAGYYV010000004.1_56955948_57456952_1	0.0635421387994885 Reich
I16553 AV_HG01361#haplotype2#0001322:101872897_102186552$HG01099.verkko_filt_pat.fa:haplotype2_0000583_143544270_144046196_1	0.0635407866801737 Reich
I16553 HG02559#2#JAGYVJ010000037.1_52167780_52574597_1$HG03540#2#JAGYVX010000148.1_1368955_1877115_0	0.0635393446052812 Reich
I16553 HG01928#1#JAGYVQ010000053.1_16676493_17083407_0$HG02630#2#JAHAOP010000089.1_16669255_17076135_0	0.0635383773974963 Reich
I16553 HG02145#2#JAHKSF010000206.1_1005292_1413195_1$HG04228.verkko_filt_mat.fa:haplotype1_0000023_103429213_103930285_0	0.0635378761574726 Reich
I16553 HG02559#1#JAGYVK010000012.1_51505852_51913611_0$HG005#2#JAHEPN010000023.1_51542210_51950070_0	0.0635378638741093 Reich
I16553 HG02818#2#JAHEOR010000010.1_31775319_32183091_1$HG01978#2#JAGYVR010000007.1_51532241_51939176_0	0.0635373385224874 Reich
I16553 HG02818#2#JAHEOR010000010.1_31775319_32183091_1$HG03516#1#JAGYYT010000012.1_24170958_24578778_1	0.0635363392345272 Reich
I16553 HG01978#2#JAGYVR010000007.1_51532241_51939176_0$HG02486#2#JAGYVL010000029.1_94163344_94570162_0	0.0635361847722525 Reich
I16553 HG02080#2#JAHEOV010000017.1_16662177_17164189_0$HG02486#1#JAGYVM010000007.1_28868414_29370339_1	0.0635341749859106 Reich
I16553 HG02080#2#JAHEOV010000017.1_16662177_17164189_0$HG00733#1#JAHEPQ010000019.1_46106835_46420495_0	0.0635333317816980 Reich
I16553 NA19240#1#JAHEOM010000047.1_30103390_30511199_1$HG002.verkko_filt_mat.fa:haplotype1_0000005_138228497_138636354_1	0.0635331361785877 Reich
I16553 HG02486#1#JAGYVM010000007.1_28868414_29370339_1$HG02071.verkko_filt_mat.fa:haplotype1_0000041_103610513_104018399_0	0.0635330098062104 Reich
I16553 HG02818#1#JAHEOS010000101.1_89626_496613_0$HG02293.verkko_filt_pat.fa:haplotype2_0000836_148310532_148812524_1	0.0635325490611248 Reich
I16553 HG02004.verkko_filt_pat.fa:haplotype2_0000813_139386576_140076845_1$HG02293.verkko_filt_mat.fa:haplotype1_0000039_30204405_30517145_1	0.0635307004378740 Reich
I16553 HG03098#2#JAHEPL010000003.1_93803759_94117426_0$HG02293.verkko_filt_pat.fa:haplotype2_0000836_148310532_148812524_1	0.0635304608026061 Reich
I16553 HG02717#2#JAHAOR010000006.1_19663827_20070693_1$HG04228.verkko_filt_mat.fa:haplotype1_0000023_103429213_103930285_0	0.0635291085537786 Reich
I16553 HG04228.verkko_filt_mat.fa:haplotype1_0000023_103429213_103930285_0$HG03927.verkko_filt_mat.fa:haplotype1_0000009_134765170_135173010_1	0.0635289094241954 Reich
I16553 HG02630#1#JAHAOQ010000102.1_16672145_17079089_0$HG04228.verkko_filt_mat.fa:haplotype1_0000023_103429213_103930285_0	0.0635275105696465 Reich
I16553 AV_HG02257#haplotype2#0001152:102843493_103251377$HG02293.verkko_filt_pat.fa:haplotype2_0000836_148310532_148812524_1	0.0635259808205881 Reich
I16553 HG01243#1#JAHEOY010000013.1_90081_424495_0$HG02004.verkko_filt_pat.fa:haplotype2_0000813_139386576_140076845_1	0.0635246614708167 Reich
I16553 HG01978#1#JAGYVS010000002.1_51519970_52021951_0$HG02818#1#JAHEOS010000101.1_89626_496613_0	0.0635226939320918 Reich
I16553 AV_HG02257#haplotype2#0001152:102843493_103251377$HG01978#1#JAGYVS010000002.1_51519970_52021951_0	0.0635214454111586 Reich
I16553 HG00438#2#JAHBCA010000012.1_51513023_51826723_0$HG01978#1#JAGYVS010000002.1_51519970_52021951_0	0.0635206498288518 Reich
I16553 HG03516#1#JAGYYT010000012.1_24170958_24578778_1$HG02071.verkko_filt_mat.fa:haplotype1_0000041_103610513_104018399_0	0.0635192218677819 Reich
I16553 HG02886#1#JAHAOU010000178.1_62411_469262_0$HG01978#2#JAGYVR010000007.1_51532241_51939176_0	0.0635184853825645 Reich
I16553 AV_HG00673#haplotype1#0000019:16627360_17129375$HG03710.verkko_filt_pat.fa:haplotype2_0000488_101614437_102218208_0	0.0635175281880787 Reich
I16553 HG01243#1#JAHEOY010000013.1_90081_424495_0$HG04228.verkko_filt_mat.fa:haplotype1_0000023_103429213_103930285_0	0.0635174056174992 Reich
I16553 HG03710.verkko_filt_pat.fa:haplotype2_0000488_101614437_102218208_0$HG02300.verkko_filt_mat.fa:haplotype1_0000028_144052837_144460586_1	0.0635173212792832 Reich
I16553 HG03710.verkko_filt_pat.fa:haplotype2_0000488_101614437_102218208_0$HG01099.verkko_filt_mat.fa:haplotype1_0000034_142513097_142920876_1	0.0635163568754936 Reich
I16553 AV_HG02148#haplotype2#0002863:16304803_16712699$chr1_hg38_103456064_103863972_0	0.0635156839395776 Reich
I16553 AV_HG02148#haplotype2#0002863:16304803_16712699$chr1_hg19_103998686_104406594_0	0.0635156839395776 Reich
I16553 HG03098#2#JAHEPL010000003.1_93803759_94117426_0$HG01978#1#JAGYVS010000002.1_51519970_52021951_0	0.0635129240542937 Reich
I16553 HG005#2#JAHEPN010000023.1_51542210_51950070_0$HG002.verkko_filt_mat.fa:haplotype1_0000005_138228497_138636354_1	0.0635122868968389 Reich
I16553 HG00741#2#JAHALX010000013.1_51574319_51981226_0$HG04228.verkko_filt_mat.fa:haplotype1_0000023_103429213_103930285_0	0.0635114015506924 Reich
I16553 HG00438#2#JAHBCA010000012.1_51513023_51826723_0$HG02071.verkko_filt_pat.fa:haplotype2_0000736_102745972_103248026_0	0.0635085900083060 Reich
I16553 AV_HG01175#haplotype1#0000070:46006269_46414083$HG02559#1#JAGYVK010000012.1_51505852_51913611_0	0.0635069044205198 Reich
I16553 HG02622#1#JAHAOO010000002.1_16673678_17080663_0$chr1_chm13_103304997_103901127_0	0.0635068088571111 Reich
I16553 AV_HG01361#haplotype1#0000023:101593539_102001341$HG03486#1#JAHEOQ010000123.1_16677696_17085575_0	0.0635051418925417 Reich
I16553 HG01258#1#JAGYYV010000004.1_56955948_57456952_1$HG005#2#JAHEPN010000023.1_51542210_51950070_0	0.0635044085573910 Reich
I16553 HG02717#1#JAHAOS010000015.1_16660311_17067250_0$HG04228.verkko_filt_mat.fa:haplotype1_0000023_103429213_103930285_0	0.0635035205217075 Reich
I16553 chr1_hg38_103456064_103863972_0$HG02486#1#JAGYVM010000007.1_28868414_29370339_1	0.0635025482304301 Reich
I16553 chr1_hg19_103998686_104406594_0$HG02486#1#JAGYVM010000007.1_28868414_29370339_1	0.0635025482304301 Reich
I16553 HG02080#2#JAHEOV010000017.1_16662177_17164189_0$HG02717#2#JAHAOR010000006.1_19663827_20070693_1	0.0635022773343359 Reich
I16553 AV_HG01175#haplotype1#0000070:46006269_46414083$HG01928#1#JAGYVQ010000053.1_16676493_17083407_0	0.0635010544066208 Reich
I16553 AV_HG01106#haplotype1#0000048:16666181_17262214$HG01109#1#JAHEPA010000099.1_2104245_2511104_1	0.0635003912887888 Reich
I16553 HG00621#2#JAHBCC010000031.1_16669999_17077865_0$HG01928#1#JAGYVQ010000053.1_16676493_17083407_0	0.0634994875561580 Reich
I16553 HG01928#1#JAGYVQ010000053.1_16676493_17083407_0$HG005#2#JAHEPN010000023.1_51542210_51950070_0	0.0634976027800521 Reich
I16553 HG03453#2#JAGYVV010000088.1_22597550_23005370_1$HG02071.verkko_filt_mat.fa:haplotype1_0000041_103610513_104018399_0	0.0634971374979172 Reich
I16553 HG02630#1#JAHAOQ010000102.1_16672145_17079089_0$HG03927.verkko_filt_pat.fa:haplotype2_0000800_29002142_29504057_1	0.0634963122980492 Reich
I16553 HG02630#1#JAHAOQ010000102.1_16672145_17079089_0$HG02080#2#JAHEOV010000017.1_16662177_17164189_0	0.0634954216005252 Reich
I16553 HG02080#2#JAHEOV010000017.1_16662177_17164189_0$HG00741#2#JAHALX010000013.1_51574319_51981226_0	0.0634947651663787 Reich
I16553 HG02818#1#JAHEOS010000101.1_89626_496613_0$HG02071.verkko_filt_pat.fa:haplotype2_0000736_102745972_103248026_0	0.0634919296609049 Reich
I16553 AV_HG01175#haplotype1#0000070:46006269_46414083$HG002.verkko_filt_mat.fa:haplotype1_0000005_138228497_138636354_1	0.0634917663982138 Reich
I16553 HG005#2#JAHEPN010000023.1_51542210_51950070_0$NA19240#1#JAHEOM010000047.1_30103390_30511199_1	0.0634916827554576 Reich
I16553 HG02145#2#JAHKSF010000206.1_1005292_1413195_1$HG02080#2#JAHEOV010000017.1_16662177_17164189_0	0.0634911855995118 Reich
I16553 AV_HG01106#haplotype2#0000932:16673968_17175925$HG03710.verkko_filt_pat.fa:haplotype2_0000488_101614437_102218208_0	0.0634899244732394 Reich
I16553 HG02486#1#JAGYVM010000007.1_28868414_29370339_1$HG03927.verkko_filt_pat.fa:haplotype2_0000800_29002142_29504057_1	0.0634896747423101 Reich
I16553 HG00621#2#JAHBCC010000031.1_16669999_17077865_0$HG02559#1#JAGYVK010000012.1_51505852_51913611_0	0.0634895645076035 Reich
I16553 AV_HG01361#haplotype2#0001322:101872897_102186552$HG03540#1#JAGYVY010000208.1_95187_596142_0	0.0634883662422363 Reich
I16553 HG02717#1#JAHAOS010000015.1_16660311_17067250_0$HG03927.verkko_filt_pat.fa:haplotype2_0000800_29002142_29504057_1	0.0634882973694590 Reich
I16553 HG02145#2#JAHKSF010000206.1_1005292_1413195_1$HG03927.verkko_filt_pat.fa:haplotype2_0000800_29002142_29504057_1	0.0634874521363490 Reich
I16553 AV_HG02257#haplotype2#0001152:102843493_103251377$HG02071.verkko_filt_pat.fa:haplotype2_0000736_102745972_103248026_0	0.0634864369498979 Reich
I16553 HG02630#2#JAHAOP010000089.1_16669255_17076135_0$HG005#2#JAHEPN010000023.1_51542210_51950070_0	0.0634861792300554 Reich
I16553 AV_HG01106#haplotype1#0000048:16666181_17262214$HG02486#1#JAGYVM010000007.1_28868414_29370339_1	0.0634856232098437 Reich
I16553 HG02080#2#JAHEOV010000017.1_16662177_17164189_0$HG01243#1#JAHEOY010000013.1_90081_424495_0	0.0634844102344824 Reich
I16553 HG02818#2#JAHEOR010000010.1_31775319_32183091_1$HG02486#1#JAGYVM010000007.1_28868414_29370339_1	0.0634843111218656 Reich
I16553 HG03098#2#JAHEPL010000003.1_93803759_94117426_0$HG02071.verkko_filt_pat.fa:haplotype2_0000736_102745972_103248026_0	0.0634832759679143 Reich
I16553 HG02080#2#JAHEOV010000017.1_16662177_17164189_0$HG03927.verkko_filt_mat.fa:haplotype1_0000009_134765170_135173010_1	0.0634832482879270 Reich
I16553 HG02559#2#JAGYVJ010000037.1_52167780_52574597_1$HG02486#2#JAGYVL010000029.1_94163344_94570162_0	0.0634801382610874 Reich
I16553 HG02559#1#JAGYVK010000012.1_51505852_51913611_0$HG02300.verkko_filt_mat.fa:haplotype1_0000028_144052837_144460586_1	0.0634798752220221 Reich
I16553 HG02717#1#JAHAOS010000015.1_16660311_17067250_0$HG02080#2#JAHEOV010000017.1_16662177_17164189_0	0.0634792174517853 Reich
I16553 AV_HG01106#haplotype1#0000048:16666181_17262214$HG03710.verkko_filt_pat.fa:haplotype2_0000488_101614437_102218208_0	0.0634771829550888 Reich
I16553 HG02559#2#JAGYVJ010000037.1_52167780_52574597_1$HG02886#1#JAHAOU010000178.1_62411_469262_0	0.0634767190082632 Reich
I16553 HG03492#2#JAHEPH010000288.1_2098270_2432686_1$HG002.verkko_filt_pat.fa:haplotype2_0000649_147937390_148315979_1	0.0634765289467557 Reich
I16553 HG02630#2#JAHAOP010000089.1_16669255_17076135_0$HG02300.verkko_filt_mat.fa:haplotype1_0000028_144052837_144460586_1	0.0634754040581354 Reich
I16553 AV_HG01175#haplotype1#0000070:46006269_46414083$HG02630#2#JAHAOP010000089.1_16669255_17076135_0	0.0634751254249385 Reich
I16553 HG00621#2#JAHBCC010000031.1_16669999_17077865_0$HG002.verkko_filt_mat.fa:haplotype1_0000005_138228497_138636354_1	0.0634750324419976 Reich
I16553 HG00438#2#JAHBCA010000012.1_51513023_51826723_0$HG04228.verkko_filt_mat.fa:haplotype1_0000023_103429213_103930285_0	0.0634729223986898 Reich
I16553 chr1_hg38_103456064_103863972_0$HG03516#1#JAGYYT010000012.1_24170958_24578778_1	0.0634719763886005 Reich
I16553 chr1_hg19_103998686_104406594_0$HG03516#1#JAGYYT010000012.1_24170958_24578778_1	0.0634719763886005 Reich
I16553 HG03486#1#JAHEOQ010000123.1_16677696_17085575_0$NA19240#2#JAHEOL010000010.1_37445323_37853017_0	0.0634704079928280 Reich
I16553 HG02559#1#JAGYVK010000012.1_51505852_51913611_0$HG01099.verkko_filt_mat.fa:haplotype1_0000034_142513097_142920876_1	0.0634667274363341 Reich
I16553 AV_HG00673#haplotype1#0000019:16627360_17129375$HG03492#2#JAHEPH010000288.1_2098270_2432686_1	0.0634651027033413 Reich
I16553 HG02630#2#JAHAOP010000089.1_16669255_17076135_0$HG01099.verkko_filt_mat.fa:haplotype1_0000034_142513097_142920876_1	0.0634638360196580 Reich
I16553 AV_HG01175#haplotype1#0000070:46006269_46414083$NA19240#1#JAHEOM010000047.1_30103390_30511199_1	0.0634627943755800 Reich
I16553 HG00621#1#JAHBCD010000034.1_2122997_2624098_1$HG01109#1#JAHEPA010000099.1_2104245_2511104_1	0.0634625784976041 Reich
I16553 AV_HG01175#haplotype1#0000070:46006269_46414083$HG01258#1#JAGYYV010000004.1_56955948_57456952_1	0.0634615138721613 Reich
I16553 HG03486#1#JAHEOQ010000123.1_16677696_17085575_0$HG02559#2#JAGYVJ010000037.1_52167780_52574597_1	0.0634612618665985 Reich
I16553 HG03486#1#JAHEOQ010000123.1_16677696_17085575_0$HG02004.verkko_filt_mat.fa:haplotype1_0000022_97828542_98235483_0	0.0634611359133360 Reich
I16553 HG00621#2#JAHBCC010000031.1_16669999_17077865_0$HG01258#1#JAGYYV010000004.1_56955948_57456952_1	0.0634600935159867 Reich
I16553 HG00621#2#JAHBCC010000031.1_16669999_17077865_0$HG02630#2#JAHAOP010000089.1_16669255_17076135_0	0.0634583359782557 Reich
I16553 AV_HG01361#haplotype2#0001322:101872897_102186552$HG02004.verkko_filt_pat.fa:haplotype2_0000813_139386576_140076845_1	0.0634582314958376 Reich
I16553 HG02300.verkko_filt_mat.fa:haplotype1_0000028_144052837_144460586_1$HG02300.verkko_filt_pat.fa:haplotype2_0000620_143362344_143769323_1	0.0634576891835772 Reich
I16553 HG03486#1#JAHEOQ010000123.1_16677696_17085575_0$HG02300.verkko_filt_pat.fa:haplotype2_0000620_143362344_143769323_1	0.0634572671030121 Reich
I16553 HG03540#2#JAGYVX010000148.1_1368955_1877115_0$HG03516#1#JAGYYT010000012.1_24170958_24578778_1	0.0634545369243922 Reich
I16553 AV_HG02257#haplotype2#0001152:102843493_103251377$HG04228.verkko_filt_mat.fa:haplotype1_0000023_103429213_103930285_0	0.0634534955327656 Reich
I16553 HG02004.verkko_filt_mat.fa:haplotype1_0000022_97828542_98235483_0$HG02300.verkko_filt_mat.fa:haplotype1_0000028_144052837_144460586_1	0.0634533629438172 Reich
I16553 HG02559#1#JAGYVK010000012.1_51505852_51913611_0$HG01258#1#JAGYYV010000004.1_56955948_57456952_1	0.0634477349923262 Reich
I16553 HG01243#1#JAHEOY010000013.1_90081_424495_0$HG03927.verkko_filt_pat.fa:haplotype2_0000800_29002142_29504057_1	0.0634474006950552 Reich
I16553 HG03098#2#JAHEPL010000003.1_93803759_94117426_0$HG04228.verkko_filt_mat.fa:haplotype1_0000023_103429213_103930285_0	0.0634465440314149 Reich
I16553 HG02818#1#JAHEOS010000101.1_89626_496613_0$HG04228.verkko_filt_mat.fa:haplotype1_0000023_103429213_103930285_0	0.0634437526560712 Reich
I16553 HG01099.verkko_filt_mat.fa:haplotype1_0000034_142513097_142920876_1$HG02300.verkko_filt_pat.fa:haplotype2_0000620_143362344_143769323_1	0.0634418644547295 Reich
I16553 NA19240#1#JAHEOM010000047.1_30103390_30511199_1$HG02300.verkko_filt_mat.fa:haplotype1_0000028_144052837_144460586_1	0.0634409814565398 Reich
I16553 HG02004.verkko_filt_mat.fa:haplotype1_0000022_97828542_98235483_0$HG01099.verkko_filt_mat.fa:haplotype1_0000034_142513097_142920876_1	0.0634407308000355 Reich
I16553 HG02622#1#JAHAOO010000002.1_16673678_17080663_0$HG02293.verkko_filt_pat.fa:haplotype2_0000836_148310532_148812524_1	0.0634398947757507 Reich
I16553 HG03710.verkko_filt_pat.fa:haplotype2_0000488_101614437_102218208_0$HG02300.verkko_filt_pat.fa:haplotype2_0000620_143362344_143769323_1	0.0634389767169346 Reich
I16553 HG01978#1#JAGYVS010000002.1_51519970_52021951_0$HG02622#1#JAHAOO010000002.1_16673678_17080663_0	0.0634384948065942 Reich
I16553 HG00741#2#JAHALX010000013.1_51574319_51981226_0$HG03927.verkko_filt_pat.fa:haplotype2_0000800_29002142_29504057_1	0.0634368898671834 Reich
I16553 AV_HG00673#haplotype1#0000019:16627360_17129375$HG02109#2#JAHEPF010000078.1_16678387_16991144_0	0.0634357961242712 Reich
I16553 chr1_hg38_103456064_103863972_0$HG03453#2#JAGYVV010000088.1_22597550_23005370_1	0.0634348205214529 Reich
I16553 chr1_hg19_103998686_104406594_0$HG03453#2#JAGYVV010000088.1_22597550_23005370_1	0.0634348205214529 Reich
I16553 HG02886#2#JAHAOT010000031.1_87393_401061_0$HG03710.verkko_filt_pat.fa:haplotype2_0000488_101614437_102218208_0	0.0634333556116541 Reich
I16553 HG01099.verkko_filt_mat.fa:haplotype1_0000034_142513097_142920876_1$HG02300.verkko_filt_mat.fa:haplotype1_0000028_144052837_144460586_1	0.0634328438410363 Reich
I16553 HG00621#2#JAHBCC010000031.1_16669999_17077865_0$NA19240#1#JAHEOM010000047.1_30103390_30511199_1	0.0634318672137623 Reich
I16553 AV_HG01175#haplotype1#0000070:46006269_46414083$HG005#2#JAHEPN010000023.1_51542210_51950070_0	0.0634311686807527 Reich
I16553 NA19240#1#JAHEOM010000047.1_30103390_30511199_1$HG01099.verkko_filt_mat.fa:haplotype1_0000034_142513097_142920876_1	0.0634273330416180 Reich
I16553 AV_HG00673#haplotype1#0000019:16627360_17129375$NA18906#1#JAHEOO010000054.1_2103477_2510435_1	0.0634268482280179 Reich
I16553 AV_HG02257#haplotype2#0001152:102843493_103251377$HG03927.verkko_filt_pat.fa:haplotype2_0000800_29002142_29504057_1	0.0634264175760030 Reich
I16553 HG02004.verkko_filt_mat.fa:haplotype1_0000022_97828542_98235483_0$HG03710.verkko_filt_pat.fa:haplotype2_0000488_101614437_102218208_0	0.0634255598214578 Reich
I16553 HG00621#2#JAHBCC010000031.1_16669999_17077865_0$HG005#2#JAHEPN010000023.1_51542210_51950070_0	0.0634249098494638 Reich
I16553 HG02818#1#JAHEOS010000101.1_89626_496613_0$HG03927.verkko_filt_pat.fa:haplotype2_0000800_29002142_29504057_1	0.0634241094789736 Reich
I16553 HG02080#2#JAHEOV010000017.1_16662177_17164189_0$HG00438#2#JAHBCA010000012.1_51513023_51826723_0	0.0634238944528988 Reich
I16553 HG03927.verkko_filt_mat.fa:haplotype1_0000009_134765170_135173010_1$HG03927.verkko_filt_pat.fa:haplotype2_0000800_29002142_29504057_1	0.0634236380130948 Reich
I16553 HG02717#2#JAHAOR010000006.1_19663827_20070693_1$HG03927.verkko_filt_pat.fa:haplotype2_0000800_29002142_29504057_1	0.0634226879641211 Reich
I16553 AV_HG00673#haplotype1#0000019:16627360_17129375$HG02486#1#JAGYVM010000007.1_28868414_29370339_1	0.0634226415364237 Reich
I16553 HG02080#2#JAHEOV010000017.1_16662177_17164189_0$HG02818#1#JAHEOS010000101.1_89626_496613_0	0.0634214466031740 Reich
I16553 AV_HG00673#haplotype1#0000019:16627360_17129375$HG03710.verkko_filt_mat.fa:haplotype1_0000029_102593394_102907063_0	0.0634196955717394 Reich
I16553 HG03540#2#JAGYVX010000148.1_1368955_1877115_0$HG01978#2#JAGYVR010000007.1_51532241_51939176_0	0.0634195651350656 Reich
I16553 NA18906#1#JAHEOO010000054.1_2103477_2510435_1$HG02004.verkko_filt_pat.fa:haplotype2_0000813_139386576_140076845_1	0.0634171968432850 Reich
I16553 HG01071#1#JAHBCF010000053.1_26607100_27108065_1$HG01099.verkko_filt_pat.fa:haplotype2_0000583_143544270_144046196_1	0.0634167900203743 Reich
I16553 HG01109#1#JAHEPA010000099.1_2104245_2511104_1$chr1_chm13_103304997_103901127_0	0.0634161333161308 Reich
I16553 chr1_chm13_103304997_103901127_0$HG03710.verkko_filt_pat.fa:haplotype2_0000488_101614437_102218208_0	0.0634154192159035 Reich
I16553 HG02486#1#JAGYVM010000007.1_28868414_29370339_1$HG02486#2#JAGYVL010000029.1_94163344_94570162_0	0.0634141697869448 Reich
I16553 HG01258#1#JAGYYV010000004.1_56955948_57456952_1$NA19240#1#JAHEOM010000047.1_30103390_30511199_1	0.0634132825416765 Reich
I16553 AV_HG02257#haplotype2#0001152:102843493_103251377$HG02080#2#JAHEOV010000017.1_16662177_17164189_0	0.0634120404608634 Reich
I16553 AV_HG01106#haplotype2#0000932:16673968_17175925$HG03492#2#JAHEPH010000288.1_2098270_2432686_1	0.0634110461506071 Reich
I16553 AV_HG02148#haplotype2#0002863:16304803_16712699$HG03710.verkko_filt_pat.fa:haplotype2_0000488_101614437_102218208_0	0.0634096092704774 Reich
I16553 HG02559#1#JAGYVK010000012.1_51505852_51913611_0$HG03710.verkko_filt_pat.fa:haplotype2_0000488_101614437_102218208_0	0.0634053828375963 Reich
I16553 HG04228.verkko_filt_pat.fa:haplotype2_0000600_103806749_104119491_0$HG02293.verkko_filt_pat.fa:haplotype2_0000836_148310532_148812524_1	0.0634048418162400 Reich
I16553 HG02886#1#JAHAOU010000178.1_62411_469262_0$HG02486#1#JAGYVM010000007.1_28868414_29370339_1	0.0634037026651716 Reich
I16553 AV_HG02148#haplotype2#0002863:16304803_16712699$HG03486#1#JAHEOQ010000123.1_16677696_17085575_0	0.0634019766422075 Reich
I16553 HG00438#1#JAHBCB010000015.1_33474867_33954171_0$HG01099.verkko_filt_pat.fa:haplotype2_0000583_143544270_144046196_1	0.0634014006252798 Reich
I16553 HG02486#1#JAGYVM010000007.1_28868414_29370339_1$chr1_chm13_103304997_103901127_0	0.0633974970654799 Reich
I16553 AV_HG02148#haplotype2#0002863:16304803_16712699$HG02300.verkko_filt_mat.fa:haplotype1_0000028_144052837_144460586_1	0.0633960396036318 Reich
I16553 HG03516#2#JAGYYS010000004.1_24452130_24859892_1$HG02071.verkko_filt_mat.fa:haplotype1_0000041_103610513_104018399_0	0.0633947399204352 Reich
I16553 AV_HG01106#haplotype2#0000932:16673968_17175925$HG02109#2#JAHEPF010000078.1_16678387_16991144_0	0.0633947242648775 Reich
I16553 HG02622#1#JAHAOO010000002.1_16673678_17080663_0$HG02071.verkko_filt_pat.fa:haplotype2_0000736_102745972_103248026_0	0.0633941603601743 Reich
I16553 HG01123#2#JAGYYY010000006.1_51579630_51892388_0$HG02293.verkko_filt_pat.fa:haplotype2_0000836_148310532_148812524_1	0.0633933594974678 Reich
I16553 AV_HG01175#haplotype1#0000070:46006269_46414083$HG00621#2#JAHBCC010000031.1_16669999_17077865_0	0.0633917942100073 Reich
I16553 HG03486#1#JAHEOQ010000123.1_16677696_17085575_0$HG02486#1#JAGYVM010000007.1_28868414_29370339_1	0.0633907735404317 Reich
I16553 HG03098#2#JAHEPL010000003.1_93803759_94117426_0$HG02080#2#JAHEOV010000017.1_16662177_17164189_0	0.0633897073404131 Reich
I16553 HG01978#1#JAGYVS010000002.1_51519970_52021951_0$HG04228.verkko_filt_pat.fa:haplotype2_0000600_103806749_104119491_0	0.0633871282313276 Reich
I16553 AV_HG01106#haplotype2#0000932:16673968_17175925$HG02486#1#JAGYVM010000007.1_28868414_29370339_1	0.0633855283035133 Reich
I16553 HG02723#1#JAHEOU010000204.1_2102082_2414876_1$HG02293.verkko_filt_pat.fa:haplotype2_0000836_148310532_148812524_1	0.0633850126372796 Reich
I16553 AV_HG02148#haplotype2#0002863:16304803_16712699$HG01099.verkko_filt_mat.fa:haplotype1_0000034_142513097_142920876_1	0.0633828898991483 Reich
I16553 HG03098#2#JAHEPL010000003.1_93803759_94117426_0$HG03927.verkko_filt_pat.fa:haplotype2_0000800_29002142_29504057_1	0.0633826656768350 Reich
I16553 AV_HG01106#haplotype2#0000932:16673968_17175925$HG03710.verkko_filt_mat.fa:haplotype1_0000029_102593394_102907063_0	0.0633825127891512 Reich
I16553 HG01123#2#JAGYYY010000006.1_51579630_51892388_0$HG03927.verkko_filt_pat.fa:haplotype2_0000800_29002142_29504057_1	0.0633808309754235 Reich
I16553 AV_HG01361#haplotype1#0000023:101593539_102001341$HG01928#1#JAGYVQ010000053.1_16676493_17083407_0	0.0633794723160787 Reich
I16553 AV_HG00673#haplotype1#0000019:16627360_17129375$HG00733#1#JAHEPQ010000019.1_46106835_46420495_0	0.0633772471045729 Reich
I16553 HG02080#1#JAHEOW010000048.1_16689583_17097287_0$HG02486#2#JAGYVL010000029.1_94163344_94570162_0	0.0633769404843021 Reich
I16553 NA19240#1#JAHEOM010000047.1_30103390_30511199_1$HG03710.verkko_filt_pat.fa:haplotype2_0000488_101614437_102218208_0	0.0633768618522289 Reich
I16553 HG02080#1#JAHEOW010000048.1_16689583_17097287_0$HG02886#1#JAHAOU010000178.1_62411_469262_0	0.0633750931024821 Reich
I16553 AV_HG00673#haplotype1#0000019:16627360_17129375$HG02717#2#JAHAOR010000006.1_19663827_20070693_1	0.0633733950085421 Reich
I16553 HG02723#1#JAHEOU010000204.1_2102082_2414876_1$HG01978#1#JAGYVS010000002.1_51519970_52021951_0	0.0633729620441895 Reich
I16553 AV_HG01106#haplotype2#0000932:16673968_17175925$NA18906#1#JAHEOO010000054.1_2103477_2510435_1	0.0633723603471915 Reich
I16553 HG03516#2#JAGYYS010000004.1_24452130_24859892_1$HG02486#2#JAGYVL010000029.1_94163344_94570162_0	0.0633707993950952 Reich
I16553 HG02080#1#JAHEOW010000048.1_16689583_17097287_0$HG02818#2#JAHEOR010000010.1_31775319_32183091_1	0.0633706019362776 Reich
I16553 HG02080#1#JAHEOW010000048.1_16689583_17097287_0$HG02071.verkko_filt_mat.fa:haplotype1_0000041_103610513_104018399_0	0.0633655361673087 Reich
I16553 AV_HG00673#haplotype1#0000019:16627360_17129375$HG02630#1#JAHAOQ010000102.1_16672145_17079089_0	0.0633648822901729 Reich
I16553 HG02630#1#JAHAOQ010000102.1_16672145_17079089_0$HG02004.verkko_filt_pat.fa:haplotype2_0000813_139386576_140076845_1	0.0633648058181594 Reich
I16553 HG02717#2#JAHAOR010000006.1_19663827_20070693_1$HG02004.verkko_filt_pat.fa:haplotype2_0000813_139386576_140076845_1	0.0633638826673023 Reich
I16553 HG00621#1#JAHBCD010000034.1_2122997_2624098_1$HG02293.verkko_filt_mat.fa:haplotype1_0000039_30204405_30517145_1	0.0633612942609914 Reich
I16553 HG01258#1#JAGYYV010000004.1_56955948_57456952_1$HG02004.verkko_filt_pat.fa:haplotype2_0000813_139386576_140076845_1	0.0633609185208634 Reich
I16553 AV_HG00673#haplotype1#0000019:16627360_17129375$HG00741#2#JAHALX010000013.1_51574319_51981226_0	0.0633603748403343 Reich
I16553 HG02145#2#JAHKSF010000206.1_1005292_1413195_1$HG02004.verkko_filt_pat.fa:haplotype2_0000813_139386576_140076845_1	0.0633601138593160 Reich
I16553 HG00741#2#JAHALX010000013.1_51574319_51981226_0$HG02004.verkko_filt_pat.fa:haplotype2_0000813_139386576_140076845_1	0.0633598864144192 Reich
I16553 AV_HG00673#haplotype1#0000019:16627360_17129375$HG02145#2#JAHKSF010000206.1_1005292_1413195_1	0.0633586602800444 Reich
I16553 chr1_hg38_103456064_103863972_0$HG03516#2#JAGYYS010000004.1_24452130_24859892_1	0.0633579279873285 Reich
I16553 chr1_hg19_103998686_104406594_0$HG03516#2#JAGYYS010000004.1_24452130_24859892_1	0.0633579279873285 Reich
I16553 HG02004.verkko_filt_pat.fa:haplotype2_0000813_139386576_140076845_1$HG03927.verkko_filt_mat.fa:haplotype1_0000009_134765170_135173010_1	0.0633575386192504 Reich
I16553 HG01123#2#JAGYYY010000006.1_51579630_51892388_0$HG02071.verkko_filt_pat.fa:haplotype2_0000736_102745972_103248026_0	0.0633571267486824 Reich
I16553 HG02886#1#JAHAOU010000178.1_62411_469262_0$HG03516#2#JAGYYS010000004.1_24452130_24859892_1	0.0633553021329233 Reich
I16553 HG03486#1#JAHEOQ010000123.1_16677696_17085575_0$HG03516#1#JAGYYT010000012.1_24170958_24578778_1	0.0633547771329606 Reich
I16553 HG04228.verkko_filt_pat.fa:haplotype2_0000600_103806749_104119491_0$HG02071.verkko_filt_pat.fa:haplotype2_0000736_102745972_103248026_0	0.0633540016540545 Reich
I16553 AV_HG00673#haplotype1#0000019:16627360_17129375$HG03927.verkko_filt_mat.fa:haplotype1_0000009_134765170_135173010_1	0.0633534845496126 Reich
I16553 HG02717#1#JAHAOS010000015.1_16660311_17067250_0$HG02004.verkko_filt_pat.fa:haplotype2_0000813_139386576_140076845_1	0.0633530168669075 Reich
I16553 AV_HG01361#haplotype1#0000023:101593539_102001341$HG002.verkko_filt_mat.fa:haplotype1_0000005_138228497_138636354_1	0.0633523783796733 Reich
I16553 HG01123#2#JAGYYY010000006.1_51579630_51892388_0$HG01978#1#JAGYVS010000002.1_51519970_52021951_0	0.0633509446192279 Reich
I16553 HG02559#1#JAGYVK010000012.1_51505852_51913611_0$HG02004.verkko_filt_mat.fa:haplotype1_0000022_97828542_98235483_0	0.0633501587069904 Reich
I16553 AV_HG00673#haplotype1#0000019:16627360_17129375$HG02717#1#JAHAOS010000015.1_16660311_17067250_0	0.0633487233282159 Reich
I16553 HG02622#1#JAHAOO010000002.1_16673678_17080663_0$HG04228.verkko_filt_mat.fa:haplotype1_0000023_103429213_103930285_0	0.0633481567472654 Reich
I16553 HG02622#1#JAHAOO010000002.1_16673678_17080663_0$HG03927.verkko_filt_pat.fa:haplotype2_0000800_29002142_29504057_1	0.0633466682104153 Reich
I16553 HG01071#1#JAHBCF010000053.1_26607100_27108065_1$HG03540#1#JAGYVY010000208.1_95187_596142_0	0.0633451100968941 Reich
I16553 HG03540#2#JAGYVX010000148.1_1368955_1877115_0$HG03516#2#JAGYYS010000004.1_24452130_24859892_1	0.0633446068578918 Reich
I16553 HG02559#1#JAGYVK010000012.1_51505852_51913611_0$HG02300.verkko_filt_pat.fa:haplotype2_0000620_143362344_143769323_1	0.0633442771085411 Reich
I16553 HG02723#1#JAHEOU010000204.1_2102082_2414876_1$HG02071.verkko_filt_pat.fa:haplotype2_0000736_102745972_103248026_0	0.0633415058983122 Reich
I16553 HG00438#1#JAHBCB010000015.1_33474867_33954171_0$HG03540#1#JAGYVY010000208.1_95187_596142_0	0.0633404215249235 Reich
I16553 AV_HG00673#haplotype1#0000019:16627360_17129375$HG01243#1#JAHEOY010000013.1_90081_424495_0	0.0633394543710375 Reich
I16553 AV_HG01106#haplotype2#0000932:16673968_17175925$HG00733#1#JAHEPQ010000019.1_46106835_46420495_0	0.0633372648741323 Reich
I16553 HG01928#1#JAGYVQ010000053.1_16676493_17083407_0$HG02300.verkko_filt_pat.fa:haplotype2_0000620_143362344_143769323_1	0.0633341417828743 Reich
I16553 HG02080#2#JAHEOV010000017.1_16662177_17164189_0$HG02622#1#JAHAOO010000002.1_16673678_17080663_0	0.0633334058733358 Reich
I16553 HG01928#1#JAGYVQ010000053.1_16676493_17083407_0$NA19240#2#JAHEOL010000010.1_37445323_37853017_0	0.0633327332541014 Reich
I16553 HG02080#1#JAHEOW010000048.1_16689583_17097287_0$HG03540#2#JAGYVX010000148.1_1368955_1877115_0	0.0633292844667693 Reich
I16553 HG01109#1#JAHEPA010000099.1_2104245_2511104_1$HG02293.verkko_filt_pat.fa:haplotype2_0000836_148310532_148812524_1	0.0633291245974609 Reich
I16553 HG002.verkko_filt_mat.fa:haplotype1_0000005_138228497_138636354_1$HG02300.verkko_filt_pat.fa:haplotype2_0000620_143362344_143769323_1	0.0633289059328827 Reich
I16553 HG03453#2#JAGYVV010000088.1_22597550_23005370_1$HG03710.verkko_filt_pat.fa:haplotype2_0000488_101614437_102218208_0	0.0633281671600726 Reich
I16553 HG03486#1#JAHEOQ010000123.1_16677696_17085575_0$HG03453#2#JAGYVV010000088.1_22597550_23005370_1	0.0633274570072486 Reich
I16553 HG01258#1#JAGYYV010000004.1_56955948_57456952_1$HG02004.verkko_filt_mat.fa:haplotype1_0000022_97828542_98235483_0	0.0633265957752257 Reich
I16553 HG01109#1#JAHEPA010000099.1_2104245_2511104_1$HG01978#1#JAGYVS010000002.1_51519970_52021951_0	0.0633248256744091 Reich
I16553 AV_HG01106#haplotype2#0000932:16673968_17175925$HG00741#2#JAHALX010000013.1_51574319_51981226_0	0.0633212282598050 Reich
I16553 AV_HG01106#haplotype1#0000048:16666181_17262214$HG03579#2#JAGYVT010000094.1_51581892_51895531_0	0.0633210509884812 Reich
I16553 HG01243#1#JAHEOY010000013.1_90081_424495_0$HG002.verkko_filt_pat.fa:haplotype2_0000649_147937390_148315979_1	0.0633192022960284 Reich
I16553 AV_HG01106#haplotype2#0000932:16673968_17175925$HG02717#2#JAHAOR010000006.1_19663827_20070693_1	0.0633187299397810 Reich
I16553 HG01258#1#JAGYYV010000004.1_56955948_57456952_1$HG03540#2#JAGYVX010000148.1_1368955_1877115_0	0.0633178287455019 Reich
I16553 NA19240#2#JAHEOL010000010.1_37445323_37853017_0$HG002.verkko_filt_mat.fa:haplotype1_0000005_138228497_138636354_1	0.0633171558876537 Reich
I16553 HG02004.verkko_filt_mat.fa:haplotype1_0000022_97828542_98235483_0$HG002.verkko_filt_mat.fa:haplotype1_0000005_138228497_138636354_1	0.0633145987517403 Reich
I16553 HG01258#1#JAGYYV010000004.1_56955948_57456952_1$HG02300.verkko_filt_pat.fa:haplotype2_0000620_143362344_143769323_1	0.0633144929959720 Reich
I16553 AV_HG01106#haplotype2#0000932:16673968_17175925$HG02630#1#JAHAOQ010000102.1_16672145_17079089_0	0.0633142015858779 Reich
I16553 AV_HG01361#haplotype2#0001322:101872897_102186552$HG00621#1#JAHBCD010000034.1_2122997_2624098_1	0.0633127756584148 Reich
I16553 HG02559#2#JAGYVJ010000037.1_52167780_52574597_1$HG002.verkko_filt_mat.fa:haplotype1_0000005_138228497_138636354_1	0.0633126412017261 Reich
I16553 AV_HG01106#haplotype2#0000932:16673968_17175925$HG02145#2#JAHKSF010000206.1_1005292_1413195_1	0.0633118235855170 Reich
I16553 HG04228.verkko_filt_pat.fa:haplotype2_0000600_103806749_104119491_0$HG04228.verkko_filt_mat.fa:haplotype1_0000023_103429213_103930285_0	0.0633093903314397 Reich
I16553 AV_HG01106#haplotype2#0000932:16673968_17175925$HG03927.verkko_filt_mat.fa:haplotype1_0000009_134765170_135173010_1	0.0633079370406223 Reich
I16553 HG01123#2#JAGYYY010000006.1_51579630_51892388_0$HG04228.verkko_filt_mat.fa:haplotype1_0000023_103429213_103930285_0	0.0633062658961710 Reich
I16553 AV_HG01106#haplotype2#0000932:16673968_17175925$HG02717#1#JAHAOS010000015.1_16660311_17067250_0	0.0633061878851077 Reich
I16553 AV_HG01361#haplotype1#0000023:101593539_102001341$HG005#2#JAHEPN010000023.1_51542210_51950070_0	0.0633050781229262 Reich
I16553 AV_HG02257#haplotype2#0001152:102843493_103251377$HG02004.verkko_filt_pat.fa:haplotype2_0000813_139386576_140076845_1	0.0633032037221278 Reich
I16553 HG02818#1#JAHEOS010000101.1_89626_496613_0$HG02004.verkko_filt_pat.fa:haplotype2_0000813_139386576_140076845_1	0.0633028324238301 Reich
I16553 AV_HG00673#haplotype2#0001165:24014011_24421797$HG02486#2#JAGYVL010000029.1_94163344_94570162_0	0.0633015870663415 Reich
I16553 HG02080#1#JAHEOW010000048.1_16689583_17097287_0$chr1_hg38_103456064_103863972_0	0.0633013300413852 Reich
I16553 HG02080#1#JAHEOW010000048.1_16689583_17097287_0$chr1_hg19_103998686_104406594_0	0.0633013300413852 Reich
I16553 HG02723#1#JAHEOU010000204.1_2102082_2414876_1$HG03927.verkko_filt_pat.fa:haplotype2_0000800_29002142_29504057_1	0.0633012278379483 Reich
I16553 HG02630#2#JAHAOP010000089.1_16669255_17076135_0$HG01258#1#JAGYYV010000004.1_56955948_57456952_1	0.0633009041930824 Reich
I16553 NA19240#1#JAHEOM010000047.1_30103390_30511199_1$HG02004.verkko_filt_mat.fa:haplotype1_0000022_97828542_98235483_0	0.0632993984020033 Reich
I16553 HG01109#1#JAHEPA010000099.1_2104245_2511104_1$HG02071.verkko_filt_pat.fa:haplotype2_0000736_102745972_103248026_0	0.0632979700784852 Reich
I16553 AV_HG01361#haplotype1#0000023:101593539_102001341$HG03710.verkko_filt_pat.fa:haplotype2_0000488_101614437_102218208_0	0.0632976159840223 Reich
I16553 HG02559#1#JAGYVK010000012.1_51505852_51913611_0$HG02630#2#JAHAOP010000089.1_16669255_17076135_0	0.0632975893529883 Reich
I16553 HG04228.verkko_filt_pat.fa:haplotype2_0000600_103806749_104119491_0$HG03927.verkko_filt_pat.fa:haplotype2_0000800_29002142_29504057_1	0.0632975691246639 Reich
I16553 HG01928#1#JAGYVQ010000053.1_16676493_17083407_0$HG02486#1#JAGYVM010000007.1_28868414_29370339_1	0.0632917593712299 Reich
I16553 HG01978#2#JAGYVR010000007.1_51532241_51939176_0$HG02071.verkko_filt_mat.fa:haplotype1_0000041_103610513_104018399_0	0.0632908102154359 Reich
I16553 AV_HG00673#haplotype1#0000019:16627360_17129375$HG02818#1#JAHEOS010000101.1_89626_496613_0	0.0632882813869890 Reich
I16553 HG02630#2#JAHAOP010000089.1_16669255_17076135_0$HG03710.verkko_filt_pat.fa:haplotype2_0000488_101614437_102218208_0	0.0632880706619913 Reich
I16553 HG02723#1#JAHEOU010000204.1_2102082_2414876_1$HG04228.verkko_filt_mat.fa:haplotype1_0000023_103429213_103930285_0	0.0632880492388722 Reich
I16553 HG01928#1#JAGYVQ010000053.1_16676493_17083407_0$HG02559#2#JAGYVJ010000037.1_52167780_52574597_1	0.0632877612221520 Reich
I16553 AV_HG00673#haplotype2#0001165:24014011_24421797$HG02886#1#JAHAOU010000178.1_62411_469262_0	0.0632876248076688 Reich
I16553 HG02818#2#JAHEOR010000010.1_31775319_32183091_1$HG03516#2#JAGYYS010000004.1_24452130_24859892_1	0.0632872688763699 Reich
I16553 HG00621#1#JAHBCD010000034.1_2122997_2624098_1$HG00438#1#JAHBCB010000015.1_33474867_33954171_0	0.0632867462431735 Reich
I16553 AV_HG00673#haplotype2#0001165:24014011_24421797$HG02818#2#JAHEOR010000010.1_31775319_32183091_1	0.0632850506302104 Reich
I16553 HG03453#2#JAGYVV010000088.1_22597550_23005370_1$HG02300.verkko_filt_mat.fa:haplotype1_0000028_144052837_144460586_1	0.0632848764534120 Reich
I16553 AV_HG01106#haplotype2#0000932:16673968_17175925$HG01243#1#JAHEOY010000013.1_90081_424495_0	0.0632842300731635 Reich
I16553 HG005#2#JAHEPN010000023.1_51542210_51950070_0$HG02300.verkko_filt_pat.fa:haplotype2_0000620_143362344_143769323_1	0.0632814273121107 Reich
I16553 NA19240#1#JAHEOM010000047.1_30103390_30511199_1$HG02300.verkko_filt_pat.fa:haplotype2_0000620_143362344_143769323_1	0.0632808638995459 Reich
I16553 AV_HG01175#haplotype1#0000070:46006269_46414083$AV_HG01361#haplotype1#0000023:101593539_102001341	0.0632792512988271 Reich
I16553 AV_HG00673#haplotype1#0000019:16627360_17129375$AV_HG02257#haplotype2#0001152:102843493_103251377	0.0632789027105700 Reich
I16553 AV_HG02148#haplotype2#0002863:16304803_16712699$HG02559#1#JAGYVK010000012.1_51505852_51913611_0	0.0632787708457925 Reich
I16553 HG02630#2#JAHAOP010000089.1_16669255_17076135_0$HG02300.verkko_filt_pat.fa:haplotype2_0000620_143362344_143769323_1	0.0632779860041777 Reich
I16553 HG01928#1#JAGYVQ010000053.1_16676493_17083407_0$HG02004.verkko_filt_mat.fa:haplotype1_0000022_97828542_98235483_0	0.0632757648262156 Reich
I16553 AV_HG01361#haplotype1#0000023:101593539_102001341$HG01258#1#JAGYYV010000004.1_56955948_57456952_1	0.0632748746094362 Reich
I16553 AV_HG02148#haplotype2#0002863:16304803_16712699$HG01928#1#JAGYVQ010000053.1_16676493_17083407_0	0.0632742670829645 Reich
I16553 AV_HG01106#haplotype1#0000048:16666181_17262214$HG02647.verkko_filt_pat.fa:haplotype2_0000857_103738150_104051769_0	0.0632738571852216 Reich
I16553 HG02486#1#JAGYVM010000007.1_28868414_29370339_1$HG002.verkko_filt_mat.fa:haplotype1_0000005_138228497_138636354_1	0.0632720352110616 Reich
I16553 HG03453#2#JAGYVV010000088.1_22597550_23005370_1$HG01099.verkko_filt_mat.fa:haplotype1_0000034_142513097_142920876_1	0.0632712447029573 Reich
I16553 AV_HG02148#haplotype2#0002863:16304803_16712699$HG01258#1#JAGYYV010000004.1_56955948_57456952_1	0.0632709429555129 Reich
I16553 HG02080#2#JAHEOV010000017.1_16662177_17164189_0$HG04228.verkko_filt_pat.fa:haplotype2_0000600_103806749_104119491_0	0.0632670175195137 Reich
I16553 AV_HG02148#haplotype2#0002863:16304803_16712699$HG002.verkko_filt_mat.fa:haplotype1_0000005_138228497_138636354_1	0.0632668399757289 Reich
I16553 HG02630#2#JAHAOP010000089.1_16669255_17076135_0$HG02004.verkko_filt_mat.fa:haplotype1_0000022_97828542_98235483_0	0.0632636256268194 Reich
I16553 AV_HG00673#haplotype1#0000019:16627360_17129375$HG00438#2#JAHBCA010000012.1_51513023_51826723_0	0.0632627967269459 Reich
I16553 NA19240#2#JAHEOL010000010.1_37445323_37853017_0$HG03710.verkko_filt_pat.fa:haplotype2_0000488_101614437_102218208_0	0.0632623245314851 Reich
I16553 HG005#2#JAHEPN010000023.1_51542210_51950070_0$NA19240#2#JAHEOL010000010.1_37445323_37853017_0	0.0632599789454318 Reich
I16553 HG02630#2#JAHAOP010000089.1_16669255_17076135_0$NA19240#1#JAHEOM010000047.1_30103390_30511199_1	0.0632538240891262 Reich
I16553 AV_HG01361#haplotype1#0000023:101593539_102001341$HG00621#2#JAHBCC010000031.1_16669999_17077865_0	0.0632508982612009 Reich
I16553 AV_HG00673#haplotype2#0001165:24014011_24421797$HG02071.verkko_filt_mat.fa:haplotype1_0000041_103610513_104018399_0	0.0632503735643116 Reich
I16553 HG02004.verkko_filt_pat.fa:haplotype2_0000813_139386576_140076845_1$HG03710.verkko_filt_pat.fa:haplotype2_0000488_101614437_102218208_0	0.0632483077008674 Reich
I16553 HG02559#2#JAGYVJ010000037.1_52167780_52574597_1$HG005#2#JAHEPN010000023.1_51542210_51950070_0	0.0632469633527867 Reich
I16553 AV_HG01106#haplotype2#0000932:16673968_17175925$HG02818#1#JAHEOS010000101.1_89626_496613_0	0.0632462707356902 Reich
I16553 HG02723#1#JAHEOU010000204.1_2102082_2414876_1$HG02080#2#JAHEOV010000017.1_16662177_17164189_0	0.0632451102956157 Reich
I16553 HG01123#2#JAGYYY010000006.1_51579630_51892388_0$HG02080#2#JAHEOV010000017.1_16662177_17164189_0	0.0632451102956157 Reich
I16553 AV_HG01106#haplotype1#0000048:16666181_17262214$HG00438#1#JAHBCB010000015.1_33474867_33954171_0	0.0632438049784098 Reich
I16553 AV_HG01106#haplotype2#0000932:16673968_17175925$AV_HG02257#haplotype2#0001152:102843493_103251377	0.0632436077535035 Reich
I16553 HG01109#1#JAHEPA010000099.1_2104245_2511104_1$HG04228.verkko_filt_mat.fa:haplotype1_0000023_103429213_103930285_0	0.0632375708377861 Reich
I16553 HG01258#1#JAGYYV010000004.1_56955948_57456952_1$NA19240#2#JAHEOL010000010.1_37445323_37853017_0	0.0632372179684125 Reich
I16553 AV_HG01175#haplotype1#0000070:46006269_46414083$HG02300.verkko_filt_pat.fa:haplotype2_0000620_143362344_143769323_1	0.0632362495534867 Reich
I16553 AV_HG02148#haplotype2#0002863:16304803_16712699$HG02630#2#JAHAOP010000089.1_16669255_17076135_0	0.0632361700498312 Reich
I16553 HG01109#1#JAHEPA010000099.1_2104245_2511104_1$HG03927.verkko_filt_pat.fa:haplotype2_0000800_29002142_29504057_1	0.0632361569211323 Reich
I16553 HG005#2#JAHEPN010000023.1_51542210_51950070_0$HG02486#1#JAGYVM010000007.1_28868414_29370339_1	0.0632358645616629 Reich
I16553 AV_HG01175#haplotype1#0000070:46006269_46414083$HG02004.verkko_filt_mat.fa:haplotype1_0000022_97828542_98235483_0	0.0632356153363844 Reich
I16553 HG005#2#JAHEPN010000023.1_51542210_51950070_0$HG02004.verkko_filt_mat.fa:haplotype1_0000022_97828542_98235483_0	0.0632345313166661 Reich
I16553 AV_HG00673#haplotype2#0001165:24014011_24421797$HG03540#2#JAGYVX010000148.1_1368955_1877115_0	0.0632340326607744 Reich
I16553 HG03579#2#JAGYVT010000094.1_51581892_51895531_0$chr1_chm13_103304997_103901127_0	0.0632313782000917 Reich
I16553 HG00621#2#JAHBCC010000031.1_16669999_17077865_0$HG02004.verkko_filt_mat.fa:haplotype1_0000022_97828542_98235483_0	0.0632309356268201 Reich
I16553 AV_HG00673#haplotype1#0000019:16627360_17129375$HG03098#2#JAHEPL010000003.1_93803759_94117426_0	0.0632304157232214 Reich
I16553 AV_HG02148#haplotype2#0002863:16304803_16712699$NA19240#1#JAHEOM010000047.1_30103390_30511199_1	0.0632265119066498 Reich
I16553 HG00621#2#JAHBCC010000031.1_16669999_17077865_0$NA19240#2#JAHEOL010000010.1_37445323_37853017_0	0.0632262516139251 Reich
I16553 HG02622#1#JAHAOO010000002.1_16673678_17080663_0$HG02004.verkko_filt_pat.fa:haplotype2_0000813_139386576_140076845_1	0.0632256207871560 Reich
I16553 HG01928#1#JAGYVQ010000053.1_16676493_17083407_0$HG03516#1#JAGYYT010000012.1_24170958_24578778_1	0.0632252070915501 Reich
I16553 HG00621#2#JAHBCC010000031.1_16669999_17077865_0$HG02559#2#JAGYVJ010000037.1_52167780_52574597_1	0.0632237272474201 Reich
I16553 HG03486#1#JAHEOQ010000123.1_16677696_17085575_0$HG03516#2#JAGYYS010000004.1_24452130_24859892_1	0.0632233413837090 Reich
I16553 HG01109#1#JAHEPA010000099.1_2104245_2511104_1$HG02080#2#JAHEOV010000017.1_16662177_17164189_0	0.0632229415520843 Reich
I16553 AV_HG01175#haplotype1#0000070:46006269_46414083$NA19240#2#JAHEOL010000010.1_37445323_37853017_0	0.0632204874091852 Reich
I16553 AV_HG02148#haplotype2#0002863:16304803_16712699$HG005#2#JAHEPN010000023.1_51542210_51950070_0	0.0632143050698485 Reich
I16553 chr1_hg38_103456064_103863972_0$HG01978#2#JAGYVR010000007.1_51532241_51939176_0	0.0632133331504746 Reich
I16553 chr1_hg19_103998686_104406594_0$HG01978#2#JAGYVR010000007.1_51532241_51939176_0	0.0632133331504746 Reich
I16553 HG00741#1#JAHALY010000007.1_18781197_19307680_1$HG002.verkko_filt_pat.fa:haplotype2_0000649_147937390_148315979_1	0.0632110904899963 Reich
I16553 AV_HG01175#haplotype1#0000070:46006269_46414083$HG02486#1#JAGYVM010000007.1_28868414_29370339_1	0.0632102602121639 Reich
I16553 HG02293.verkko_filt_mat.fa:haplotype1_0000039_30204405_30517145_1$HG02293.verkko_filt_pat.fa:haplotype2_0000836_148310532_148812524_1	0.0632098897834170 Reich
I16553 HG03516#1#JAGYYT010000012.1_24170958_24578778_1$HG002.verkko_filt_mat.fa:haplotype1_0000005_138228497_138636354_1	0.0632089654622552 Reich
I16553 HG00621#1#JAHBCD010000034.1_2122997_2624098_1$HG01071#1#JAHBCF010000053.1_26607100_27108065_1	0.0632078368151890 Reich
I16553 HG02080#1#JAHEOW010000048.1_16689583_17097287_0$HG03486#1#JAHEOQ010000123.1_16677696_17085575_0	0.0632048317741584 Reich
I16553 AV_HG01106#haplotype2#0000932:16673968_17175925$HG00438#2#JAHBCA010000012.1_51513023_51826723_0	0.0632047459203235 Reich
I16553 HG00621#2#JAHBCC010000031.1_16669999_17077865_0$HG02486#1#JAGYVM010000007.1_28868414_29370339_1	0.0632038805284794 Reich
I16553 AV_HG01175#haplotype1#0000070:46006269_46414083$HG02559#2#JAGYVJ010000037.1_52167780_52574597_1	0.0632037825223277 Reich
I16553 HG02486#1#JAGYVM010000007.1_28868414_29370339_1$HG02004.verkko_filt_pat.fa:haplotype2_0000813_139386576_140076845_1	0.0632031649846789 Reich
I16553 HG00621#2#JAHBCC010000031.1_16669999_17077865_0$HG02300.verkko_filt_pat.fa:haplotype2_0000620_143362344_143769323_1	0.0632013640328174 Reich
I16553 HG03453#2#JAGYVV010000088.1_22597550_23005370_1$HG01258#1#JAGYYV010000004.1_56955948_57456952_1	0.0631988688552820 Reich
I16553 HG02559#1#JAGYVK010000012.1_51505852_51913611_0$NA19240#1#JAHEOM010000047.1_30103390_30511199_1	0.0631984662779864 Reich
I16553 AV_HG00673#haplotype1#0000019:16627360_17129375$HG02622#1#JAHAOO010000002.1_16673678_17080663_0	0.0631966202379200 Reich
I16553 HG03516#1#JAGYYT010000012.1_24170958_24578778_1$HG03710.verkko_filt_pat.fa:haplotype2_0000488_101614437_102218208_0	0.0631958634977738 Reich
I16553 HG01928#1#JAGYVQ010000053.1_16676493_17083407_0$HG03453#2#JAGYVV010000088.1_22597550_23005370_1	0.0631935353149464 Reich
I16553 HG01978#2#JAGYVR010000007.1_51532241_51939176_0$HG03710.verkko_filt_pat.fa:haplotype2_0000488_101614437_102218208_0	0.0631927268015954 Reich
I16553 AV_HG01106#haplotype2#0000932:16673968_17175925$HG03098#2#JAHEPL010000003.1_93803759_94117426_0	0.0631912051456747 Reich
I16553 HG02486#1#JAGYVM010000007.1_28868414_29370339_1$HG02300.verkko_filt_mat.fa:haplotype1_0000028_144052837_144460586_1	0.0631908528871397 Reich
I16553 HG01978#1#JAGYVS010000002.1_51519970_52021951_0$HG02293.verkko_filt_mat.fa:haplotype1_0000039_30204405_30517145_1	0.0631883335597952 Reich
I16553 HG03579#1#JAGYVU010000029.1_91404_499180_0$HG02071.verkko_filt_mat.fa:haplotype1_0000041_103610513_104018399_0	0.0631872430182432 Reich
I16553 chr1_chm13_103304997_103901127_0$HG02647.verkko_filt_pat.fa:haplotype2_0000857_103738150_104051769_0	0.0631841986629674 Reich
I16553 HG03453#2#JAGYVV010000088.1_22597550_23005370_1$HG002.verkko_filt_mat.fa:haplotype1_0000005_138228497_138636354_1	0.0631834230973807 Reich
I16553 HG02486#1#JAGYVM010000007.1_28868414_29370339_1$HG01099.verkko_filt_mat.fa:haplotype1_0000034_142513097_142920876_1	0.0631809220700312 Reich
I16553 AV_HG00673#haplotype2#0001165:24014011_24421797$chr1_hg38_103456064_103863972_0	0.0631773062191539 Reich
I16553 AV_HG00673#haplotype2#0001165:24014011_24421797$chr1_hg19_103998686_104406594_0	0.0631773062191539 Reich
I16553 HG00438#1#JAHBCB010000015.1_33474867_33954171_0$HG02293.verkko_filt_pat.fa:haplotype2_0000836_148310532_148812524_1	0.0631730856253632 Reich
I16553 HG00733#1#JAHEPQ010000019.1_46106835_46420495_0$HG03710.verkko_filt_pat.fa:haplotype2_0000488_101614437_102218208_0	0.0631730598133724 Reich
I16553 HG02559#1#JAGYVK010000012.1_51505852_51913611_0$HG03453#2#JAGYVV010000088.1_22597550_23005370_1	0.0631716339123725 Reich
I16553 HG02293.verkko_filt_mat.fa:haplotype1_0000039_30204405_30517145_1$HG02071.verkko_filt_pat.fa:haplotype2_0000736_102745972_103248026_0	0.0631665652146843 Reich
I16553 HG03540#2#JAGYVX010000148.1_1368955_1877115_0$HG03579#1#JAGYVU010000029.1_91404_499180_0	0.0631661423063136 Reich
I16553 HG01258#2#JAGYYU010000072.1_51562603_51970395_0$HG01099.verkko_filt_pat.fa:haplotype2_0000583_143544270_144046196_1	0.0631644706864791 Reich
I16553 HG02818#2#JAHEOR010000010.1_31775319_32183091_1$HG005#1#JAHEPO010000002.1_51519219_51926067_0	0.0631638105091310 Reich
I16553 HG02559#2#JAGYVJ010000037.1_52167780_52574597_1$HG03710.verkko_filt_pat.fa:haplotype2_0000488_101614437_102218208_0	0.0631618630843220 Reich
I16553 AV_HG01106#haplotype2#0000932:16673968_17175925$HG02622#1#JAHAOO010000002.1_16673678_17080663_0	0.0631606913053777 Reich
I16553 HG02486#2#JAGYVL010000029.1_94163344_94570162_0$HG03579#1#JAGYVU010000029.1_91404_499180_0	0.0631563584886028 Reich
I16553 HG005#1#JAHEPO010000002.1_51519219_51926067_0$HG02071.verkko_filt_mat.fa:haplotype1_0000041_103610513_104018399_0	0.0631555733539976 Reich
I16553 HG00438#1#JAHBCB010000015.1_33474867_33954171_0$HG02071.verkko_filt_pat.fa:haplotype2_0000736_102745972_103248026_0	0.0631549677735544 Reich
I16553 AV_HG01175#haplotype1#0000070:46006269_46414083$AV_HG02148#haplotype2#0002863:16304803_16712699	0.0631545936243088 Reich
I16553 HG03516#1#JAGYYT010000012.1_24170958_24578778_1$HG005#2#JAHEPN010000023.1_51542210_51950070_0	0.0631520808522986 Reich
I16553 HG03540#2#JAGYVX010000148.1_1368955_1877115_0$HG02886#2#JAHAOT010000031.1_87393_401061_0	0.0631518160793481 Reich
I16553 chr1_hg38_103456064_103863972_0$HG03579#1#JAGYVU010000029.1_91404_499180_0	0.0631492933311095 Reich
I16553 chr1_hg19_103998686_104406594_0$HG03579#1#JAGYVU010000029.1_91404_499180_0	0.0631492933311095 Reich
I16553 HG00438#1#JAHBCB010000015.1_33474867_33954171_0$chr1_chm13_103304997_103901127_0	0.0631484900369173 Reich
I16553 HG00438#1#JAHBCB010000015.1_33474867_33954171_0$HG01978#1#JAGYVS010000002.1_51519970_52021951_0	0.0631479268944591 Reich
I16553 AV_HG02148#haplotype2#0002863:16304803_16712699$HG00621#2#JAHBCC010000031.1_16669999_17077865_0	0.0631473275555269 Reich
I16553 HG02886#1#JAHAOU010000178.1_62411_469262_0$HG03579#1#JAGYVU010000029.1_91404_499180_0	0.0631461540221114 Reich
I16553 HG02630#2#JAHAOP010000089.1_16669255_17076135_0$HG03453#2#JAGYVV010000088.1_22597550_23005370_1	0.0631453066950410 Reich
I16553 HG01258#1#JAGYYV010000004.1_56955948_57456952_1$HG03516#1#JAGYYT010000012.1_24170958_24578778_1	0.0631449598821020 Reich
I16553 HG01109#1#JAHEPA010000099.1_2104245_2511104_1$HG02004.verkko_filt_pat.fa:haplotype2_0000813_139386576_140076845_1	0.0631418804819848 Reich
I16553 HG005#1#JAHEPO010000002.1_51519219_51926067_0$HG03540#2#JAGYVX010000148.1_1368955_1877115_0	0.0631380832907185 Reich
I16553 AV_HG01361#haplotype1#0000023:101593539_102001341$HG02559#1#JAGYVK010000012.1_51505852_51913611_0	0.0631322943389433 Reich
I16553 AV_HG01175#haplotype1#0000070:46006269_46414083$HG03516#1#JAGYYT010000012.1_24170958_24578778_1	0.0631292565236036 Reich
I16553 AV_HG01106#haplotype1#0000048:16666181_17262214$HG01258#2#JAGYYU010000072.1_51562603_51970395_0	0.0631290647868611 Reich
I16553 AV_HG01361#haplotype1#0000023:101593539_102001341$HG02300.verkko_filt_mat.fa:haplotype1_0000028_144052837_144460586_1	0.0631278507128869 Reich
I16553 AV_HG01361#haplotype1#0000023:101593539_102001341$HG02630#2#JAHAOP010000089.1_16669255_17076135_0	0.0631268052901707 Reich
I16553 HG03453#2#JAGYVV010000088.1_22597550_23005370_1$NA19240#1#JAHEOM010000047.1_30103390_30511199_1	0.0631247370457130 Reich
I16553 HG03453#2#JAGYVV010000088.1_22597550_23005370_1$HG005#2#JAHEPN010000023.1_51542210_51950070_0	0.0631221751968984 Reich
I16553 AV_HG01361#haplotype2#0001322:101872897_102186552$HG02293.verkko_filt_pat.fa:haplotype2_0000836_148310532_148812524_1	0.0631213977679762 Reich
I16553 HG02293.verkko_filt_mat.fa:haplotype1_0000039_30204405_30517145_1$HG03927.verkko_filt_pat.fa:haplotype2_0000800_29002142_29504057_1	0.0631205734881492 Reich
I16553 AV_HG01361#haplotype1#0000023:101593539_102001341$HG02004.verkko_filt_mat.fa:haplotype1_0000022_97828542_98235483_0	0.0631196986203084 Reich
I16553 AV_HG01361#haplotype1#0000023:101593539_102001341$HG01099.verkko_filt_mat.fa:haplotype1_0000034_142513097_142920876_1	0.0631153090671325 Reich
I16553 HG03486#1#JAHEOQ010000123.1_16677696_17085575_0$HG01978#2#JAGYVR010000007.1_51532241_51939176_0	0.0631148517966295 Reich
I16553 HG01928#1#JAGYVQ010000053.1_16676493_17083407_0$HG03516#2#JAGYYS010000004.1_24452130_24859892_1	0.0631145254624436 Reich
I16553 HG02559#2#JAGYVJ010000037.1_52167780_52574597_1$HG01099.verkko_filt_mat.fa:haplotype1_0000034_142513097_142920876_1	0.0631142015174092 Reich
I16553 HG03540#1#JAGYVY010000208.1_95187_596142_0$HG01258#2#JAGYYU010000072.1_51562603_51970395_0	0.0631134524506622 Reich
I16553 AV_HG01361#haplotype2#0001322:101872897_102186552$HG01978#1#JAGYVS010000002.1_51519970_52021951_0	0.0631125693194796 Reich
I16553 HG02559#2#JAGYVJ010000037.1_52167780_52574597_1$HG02300.verkko_filt_mat.fa:haplotype1_0000028_144052837_144460586_1	0.0631115843541099 Reich
I16553 HG00621#2#JAHBCC010000031.1_16669999_17077865_0$HG03516#1#JAGYYT010000012.1_24170958_24578778_1	0.0631094419416580 Reich
I16553 HG01123#1#JAGYYZ010000015.1_51528240_51935090_0$HG02071.verkko_filt_mat.fa:haplotype1_0000041_103610513_104018399_0	0.0631076592195490 Reich
I16553 AV_HG00673#haplotype1#0000019:16627360_17129375$HG04228.verkko_filt_pat.fa:haplotype2_0000600_103806749_104119491_0	0.0631075676788255 Reich
I16553 AV_HG01361#haplotype1#0000023:101593539_102001341$HG02300.verkko_filt_pat.fa:haplotype2_0000620_143362344_143769323_1	0.0631068636048839 Reich
I16553 HG00438#1#JAHBCB010000015.1_33474867_33954171_0$HG04228.verkko_filt_mat.fa:haplotype1_0000023_103429213_103930285_0	0.0631058288197361 Reich
I16553 NA19240#2#JAHEOL010000010.1_37445323_37853017_0$HG01099.verkko_filt_mat.fa:haplotype1_0000034_142513097_142920876_1	0.0631027748933768 Reich
I16553 HG01123#1#JAGYYZ010000015.1_51528240_51935090_0$HG03540#2#JAGYVX010000148.1_1368955_1877115_0	0.0631018129127952 Reich
I16553 HG02559#2#JAGYVJ010000037.1_52167780_52574597_1$HG01258#1#JAGYYV010000004.1_56955948_57456952_1	0.0631009372273664 Reich
I16553 HG02818#2#JAHEOR010000010.1_31775319_32183091_1$HG01123#1#JAGYYZ010000015.1_51528240_51935090_0	0.0630992811735873 Reich
I16553 NA19240#2#JAHEOL010000010.1_37445323_37853017_0$HG02300.verkko_filt_mat.fa:haplotype1_0000028_144052837_144460586_1	0.0630985984946203 Reich
I16553 HG04228.verkko_filt_mat.fa:haplotype1_0000023_103429213_103930285_0$HG02293.verkko_filt_mat.fa:haplotype1_0000039_30204405_30517145_1	0.0630980882491784 Reich
I16553 HG01978#2#JAGYVR010000007.1_51532241_51939176_0$HG02300.verkko_filt_mat.fa:haplotype1_0000028_144052837_144460586_1	0.0630976892096580 Reich
I16553 HG01071#1#JAHBCF010000053.1_26607100_27108065_1$HG02293.verkko_filt_pat.fa:haplotype2_0000836_148310532_148812524_1	0.0630962192157812 Reich
I16553 HG005#1#JAHEPO010000002.1_51519219_51926067_0$chr1_hg38_103456064_103863972_0	0.0630956267053195 Reich
I16553 HG005#1#JAHEPO010000002.1_51519219_51926067_0$chr1_hg19_103998686_104406594_0	0.0630956267053195 Reich
I16553 AV_HG00673#haplotype1#0000019:16627360_17129375$HG01123#2#JAGYYY010000006.1_51579630_51892388_0	0.0630956094319396 Reich
I16553 HG02818#2#JAHEOR010000010.1_31775319_32183091_1$HG03579#1#JAGYVU010000029.1_91404_499180_0	0.0630946134459407 Reich
I16553 AV_HG01361#haplotype1#0000023:101593539_102001341$NA19240#1#JAHEOM010000047.1_30103390_30511199_1	0.0630920745313266 Reich
I16553 AV_HG00673#haplotype1#0000019:16627360_17129375$HG01109#1#JAHEPA010000099.1_2104245_2511104_1	0.0630909239663451 Reich
I16553 HG02559#1#JAGYVK010000012.1_51505852_51913611_0$HG02559#2#JAGYVJ010000037.1_52167780_52574597_1	0.0630909202033562 Reich
I16553 HG02559#1#JAGYVK010000012.1_51505852_51913611_0$NA19240#2#JAHEOL010000010.1_37445323_37853017_0	0.0630894655125584 Reich
I16553 AV_HG00673#haplotype1#0000019:16627360_17129375$HG02723#1#JAHEOU010000204.1_2102082_2414876_1	0.0630883338264756 Reich
I16553 HG01978#2#JAGYVR010000007.1_51532241_51939176_0$HG01099.verkko_filt_mat.fa:haplotype1_0000034_142513097_142920876_1	0.0630851136860235 Reich
I16553 HG01071#1#JAHBCF010000053.1_26607100_27108065_1$HG01978#1#JAGYVS010000002.1_51519970_52021951_0	0.0630842212357495 Reich
I16553 HG02630#2#JAHAOP010000089.1_16669255_17076135_0$NA19240#2#JAHEOL010000010.1_37445323_37853017_0	0.0630813796108245 Reich
I16553 AV_HG01175#haplotype1#0000070:46006269_46414083$HG03453#2#JAGYVV010000088.1_22597550_23005370_1	0.0630811320231592 Reich
I16553 AV_HG00673#haplotype2#0001165:24014011_24421797$HG03486#1#JAHEOQ010000123.1_16677696_17085575_0	0.0630809877124910 Reich
I16553 NA19240#2#JAHEOL010000010.1_37445323_37853017_0$HG02300.verkko_filt_pat.fa:haplotype2_0000620_143362344_143769323_1	0.0630780432573894 Reich
I16553 HG02080#1#JAHEOW010000048.1_16689583_17097287_0$HG03710.verkko_filt_pat.fa:haplotype2_0000488_101614437_102218208_0	0.0630775456881260 Reich
I16553 HG01071#1#JAHBCF010000053.1_26607100_27108065_1$HG02071.verkko_filt_pat.fa:haplotype2_0000736_102745972_103248026_0	0.0630761578743539 Reich
I16553 HG02486#1#JAGYVM010000007.1_28868414_29370339_1$HG02004.verkko_filt_mat.fa:haplotype1_0000022_97828542_98235483_0	0.0630759789565273 Reich
I16553 HG02486#1#JAGYVM010000007.1_28868414_29370339_1$HG02300.verkko_filt_pat.fa:haplotype2_0000620_143362344_143769323_1	0.0630740079404649 Reich
I16553 NA19240#2#JAHEOL010000010.1_37445323_37853017_0$HG02004.verkko_filt_mat.fa:haplotype1_0000022_97828542_98235483_0	0.0630736720360306 Reich
I16553 AV_HG01361#haplotype2#0001322:101872897_102186552$HG02071.verkko_filt_pat.fa:haplotype2_0000736_102745972_103248026_0	0.0630719605146070 Reich
I16553 HG03710.verkko_filt_mat.fa:haplotype1_0000029_102593394_102907063_0$HG03710.verkko_filt_pat.fa:haplotype2_0000488_101614437_102218208_0	0.0630718452408223 Reich
I16553 HG00621#2#JAHBCC010000031.1_16669999_17077865_0$HG03453#2#JAGYVV010000088.1_22597550_23005370_1	0.0630718037911683 Reich
I16553 HG03516#2#JAGYYS010000004.1_24452130_24859892_1$HG002.verkko_filt_mat.fa:haplotype1_0000005_138228497_138636354_1	0.0630715823102086 Reich
I16553 HG02080#2#JAHEOV010000017.1_16662177_17164189_0$HG02293.verkko_filt_mat.fa:haplotype1_0000039_30204405_30517145_1	0.0630714537264807 Reich
I16553 HG00438#1#JAHBCB010000015.1_33474867_33954171_0$HG02080#2#JAHEOV010000017.1_16662177_17164189_0	0.0630712328818832 Reich
I16553 HG03516#2#JAGYYS010000004.1_24452130_24859892_1$HG03710.verkko_filt_pat.fa:haplotype2_0000488_101614437_102218208_0	0.0630704291888956 Reich
I16553 HG02080#1#JAHEOW010000048.1_16689583_17097287_0$HG01928#1#JAGYVQ010000053.1_16676493_17083407_0	0.0630660028153063 Reich
I16553 AV_HG01106#haplotype2#0000932:16673968_17175925$HG04228.verkko_filt_pat.fa:haplotype2_0000600_103806749_104119491_0	0.0630603535914306 Reich
I16553 NA19240#1#JAHEOM010000047.1_30103390_30511199_1$NA19240#2#JAHEOL010000010.1_37445323_37853017_0	0.0630592245293436 Reich
I16553 chr1_hg19_103998686_104406594_0$HG01123#1#JAGYYZ010000015.1_51528240_51935090_0	0.0630586772254552 Reich
I16553 HG01123#1#JAGYYZ010000015.1_51528240_51935090_0$chr1_hg38_103456064_103863972_0	0.0630586772254552 Reich
I16553 HG00438#2#JAHBCA010000012.1_51513023_51826723_0$HG03710.verkko_filt_pat.fa:haplotype2_0000488_101614437_102218208_0	0.0630580711808530 Reich
I16553 HG01071#1#JAHBCF010000053.1_26607100_27108065_1$HG03927.verkko_filt_pat.fa:haplotype2_0000800_29002142_29504057_1	0.0630574609068718 Reich
I16553 HG02004.verkko_filt_mat.fa:haplotype1_0000022_97828542_98235483_0$HG02300.verkko_filt_pat.fa:haplotype2_0000620_143362344_143769323_1	0.0630561435148833 Reich
I16553 AV_HG01361#haplotype2#0001322:101872897_102186552$HG04228.verkko_filt_mat.fa:haplotype1_0000023_103429213_103930285_0	0.0630541950824758 Reich
I16553 AV_HG01106#haplotype2#0000932:16673968_17175925$HG02723#1#JAHEOU010000204.1_2102082_2414876_1	0.0630520012266798 Reich
I16553 AV_HG01106#haplotype2#0000932:16673968_17175925$HG01109#1#JAHEPA010000099.1_2104245_2511104_1	0.0630497792076680 Reich
I16553 HG02080#1#JAHEOW010000048.1_16689583_17097287_0$HG002.verkko_filt_mat.fa:haplotype1_0000005_138228497_138636354_1	0.0630497239752467 Reich
I16553 HG00621#1#JAHBCD010000034.1_2122997_2624098_1$HG01258#2#JAGYYU010000072.1_51562603_51970395_0	0.0630488982636614 Reich
I16553 AV_HG01361#haplotype1#0000023:101593539_102001341$AV_HG02148#haplotype2#0002863:16304803_16712699	0.0630471707401235 Reich
I16553 AV_HG01106#haplotype2#0000932:16673968_17175925$HG01123#2#JAGYYY010000006.1_51579630_51892388_0	0.0630462609007117 Reich
I16553 HG01258#2#JAGYYU010000072.1_51562603_51970395_0$chr1_chm13_103304997_103901127_0	0.0630436307348589 Reich
I16553 HG02559#1#JAGYVK010000012.1_51505852_51913611_0$HG02486#1#JAGYVM010000007.1_28868414_29370339_1	0.0630432610962968 Reich
I16553 HG02559#2#JAGYVJ010000037.1_52167780_52574597_1$NA19240#1#JAHEOM010000047.1_30103390_30511199_1	0.0630418262679488 Reich
I16553 HG02559#2#JAGYVJ010000037.1_52167780_52574597_1$HG02300.verkko_filt_pat.fa:haplotype2_0000620_143362344_143769323_1	0.0630397698447734 Reich
I16553 HG005#2#JAHEPN010000023.1_51542210_51950070_0$HG03516#2#JAGYYS010000004.1_24452130_24859892_1	0.0630397397057191 Reich
I16553 HG01258#1#JAGYYV010000004.1_56955948_57456952_1$HG01978#2#JAGYVR010000007.1_51532241_51939176_0	0.0630392549317855 Reich
I16553 HG01258#1#JAGYYV010000004.1_56955948_57456952_1$HG03516#2#JAGYYS010000004.1_24452130_24859892_1	0.0630354581415794 Reich
I16553 AV_HG00673#haplotype2#0001165:24014011_24421797$HG03710.verkko_filt_pat.fa:haplotype2_0000488_101614437_102218208_0	0.0630329569624863 Reich
I16553 HG02818#2#JAHEOR010000010.1_31775319_32183091_1$HG01071#1#JAHBCF010000053.1_26607100_27108065_1	0.0630270626588465 Reich
I16553 AV_HG02148#haplotype2#0002863:16304803_16712699$HG02486#1#JAGYVM010000007.1_28868414_29370339_1	0.0630262732129754 Reich
I16553 HG02559#2#JAGYVJ010000037.1_52167780_52574597_1$HG02004.verkko_filt_mat.fa:haplotype1_0000022_97828542_98235483_0	0.0630228709264251 Reich
I16553 HG02080#1#JAHEOW010000048.1_16689583_17097287_0$HG01258#1#JAGYYV010000004.1_56955948_57456952_1	0.0630228264400915 Reich
I16553 HG03516#1#JAGYYT010000012.1_24170958_24578778_1$HG02300.verkko_filt_mat.fa:haplotype1_0000028_144052837_144460586_1	0.0630222645269809 Reich
I16553 HG01071#1#JAHBCF010000053.1_26607100_27108065_1$HG04228.verkko_filt_mat.fa:haplotype1_0000023_103429213_103930285_0	0.0630172332583700 Reich
I16553 AV_HG02148#haplotype2#0002863:16304803_16712699$NA19240#2#JAHEOL010000010.1_37445323_37853017_0	0.0630126890405303 Reich
I16553 HG005#1#JAHEPO010000002.1_51519219_51926067_0$HG02486#2#JAGYVL010000029.1_94163344_94570162_0	0.0630123727672878 Reich
I16553 HG03486#1#JAHEOQ010000123.1_16677696_17085575_0$HG03579#1#JAGYVU010000029.1_91404_499180_0	0.0630108100185613 Reich
I16553 HG03516#1#JAGYYT010000012.1_24170958_24578778_1$HG01099.verkko_filt_mat.fa:haplotype1_0000034_142513097_142920876_1	0.0630103054975793 Reich
I16553 HG02486#1#JAGYVM010000007.1_28868414_29370339_1$NA19240#1#JAHEOM010000047.1_30103390_30511199_1	0.0630091181092033 Reich
I16553 AV_HG01175#haplotype1#0000070:46006269_46414083$HG03516#2#JAGYYS010000004.1_24452130_24859892_1	0.0630074694744831 Reich
I16553 HG005#1#JAHEPO010000002.1_51519219_51926067_0$HG02886#1#JAHAOU010000178.1_62411_469262_0	0.0630063828618431 Reich
I16553 HG02080#2#JAHEOV010000017.1_16662177_17164189_0$HG01071#1#JAHBCF010000053.1_26607100_27108065_1	0.0630056627865063 Reich
I16553 HG00438#1#JAHBCB010000015.1_33474867_33954171_0$HG03927.verkko_filt_pat.fa:haplotype2_0000800_29002142_29504057_1	0.0630040568083839 Reich
I16553 AV_HG02148#haplotype2#0002863:16304803_16712699$HG02004.verkko_filt_mat.fa:haplotype1_0000022_97828542_98235483_0	0.0630012224174332 Reich
I16553 HG02559#1#JAGYVK010000012.1_51505852_51913611_0$HG01978#2#JAGYVR010000007.1_51532241_51939176_0	0.0630001642606064 Reich
I16553 AV_HG01106#haplotype1#0000048:16666181_17262214$HG01071#1#JAHBCF010000053.1_26607100_27108065_1	0.0629942718117019 Reich
I16553 HG02080#1#JAHEOW010000048.1_16689583_17097287_0$HG005#2#JAHEPN010000023.1_51542210_51950070_0	0.0629916374923634 Reich
I16553 HG02559#1#JAGYVK010000012.1_51505852_51913611_0$HG03516#1#JAGYYT010000012.1_24170958_24578778_1	0.0629892637450562 Reich
I16553 HG00621#2#JAHBCC010000031.1_16669999_17077865_0$HG03516#2#JAGYYS010000004.1_24452130_24859892_1	0.0629892112024968 Reich
I16553 HG03540#2#JAGYVX010000148.1_1368955_1877115_0$HG02486#1#JAGYVM010000007.1_28868414_29370339_1	0.0629882888703625 Reich
I16553 AV_HG02148#haplotype2#0002863:16304803_16712699$HG02559#2#JAGYVJ010000037.1_52167780_52574597_1	0.0629879797600204 Reich
I16553 HG03486#1#JAHEOQ010000123.1_16677696_17085575_0$HG005#1#JAHEPO010000002.1_51519219_51926067_0	0.0629873862481657 Reich
I16553 AV_HG01361#haplotype2#0001322:101872897_102186552$HG02080#2#JAHEOV010000017.1_16662177_17164189_0	0.0629839496450002 Reich
I16553 HG03516#2#JAGYYS010000004.1_24452130_24859892_1$HG02300.verkko_filt_mat.fa:haplotype1_0000028_144052837_144460586_1	0.0629743994734963 Reich
I16553 HG02630#2#JAHAOP010000089.1_16669255_17076135_0$HG03516#1#JAGYYT010000012.1_24170958_24578778_1	0.0629697994248324 Reich
I16553 AV_HG02148#haplotype2#0002863:16304803_16712699$HG02300.verkko_filt_pat.fa:haplotype2_0000620_143362344_143769323_1	0.0629642715295741 Reich
I16553 HG03516#1#JAGYYT010000012.1_24170958_24578778_1$HG02004.verkko_filt_mat.fa:haplotype1_0000022_97828542_98235483_0	0.0629639815556666 Reich
I16553 HG01978#2#JAGYVR010000007.1_51532241_51939176_0$HG002.verkko_filt_mat.fa:haplotype1_0000005_138228497_138636354_1	0.0629638339809062 Reich
I16553 HG02630#2#JAHAOP010000089.1_16669255_17076135_0$HG02486#1#JAGYVM010000007.1_28868414_29370339_1	0.0629636218087985 Reich
I16553 HG03516#1#JAGYYT010000012.1_24170958_24578778_1$HG02300.verkko_filt_pat.fa:haplotype2_0000620_143362344_143769323_1	0.0629623742967840 Reich
I16553 HG03516#2#JAGYYS010000004.1_24452130_24859892_1$HG01099.verkko_filt_mat.fa:haplotype1_0000034_142513097_142920876_1	0.0629613497857490 Reich
I16553 AV_HG00673#haplotype1#0000019:16627360_17129375$HG00438#1#JAHBCB010000015.1_33474867_33954171_0	0.0629587065464602 Reich
I16553 HG02080#1#JAHEOW010000048.1_16689583_17097287_0$HG00621#2#JAHBCC010000031.1_16669999_17077865_0	0.0629572516162228 Reich
I16553 HG03540#2#JAGYVX010000148.1_1368955_1877115_0$NA18906#1#JAHEOO010000054.1_2103477_2510435_1	0.0629558816601736 Reich
I16553 HG01978#2#JAGYVR010000007.1_51532241_51939176_0$NA19240#1#JAHEOM010000047.1_30103390_30511199_1	0.0629522216992811 Reich
I16553 AV_HG01175#haplotype1#0000070:46006269_46414083$HG02080#1#JAHEOW010000048.1_16689583_17097287_0	0.0629520242150317 Reich
I16553 AV_HG01361#haplotype1#0000023:101593539_102001341$HG03453#2#JAGYVV010000088.1_22597550_23005370_1	0.0629493512352565 Reich
I16553 HG01123#1#JAGYYZ010000015.1_51528240_51935090_0$HG02486#2#JAGYVL010000029.1_94163344_94570162_0	0.0629483181616190 Reich
I16553 AV_HG00673#haplotype2#0001165:24014011_24421797$HG01928#1#JAGYVQ010000053.1_16676493_17083407_0	0.0629443973136622 Reich
I16553 HG01123#1#JAGYYZ010000015.1_51528240_51935090_0$HG02886#1#JAHAOU010000178.1_62411_469262_0	0.0629423341472977 Reich
I16553 HG03486#1#JAHEOQ010000123.1_16677696_17085575_0$HG01123#1#JAGYYZ010000015.1_51528240_51935090_0	0.0629415297883077 Reich
I16553 HG02886#2#JAHAOT010000031.1_87393_401061_0$HG002.verkko_filt_pat.fa:haplotype2_0000649_147937390_148315979_1	0.0629386817445967 Reich
I16553 HG03516#1#JAGYYT010000012.1_24170958_24578778_1$NA19240#1#JAHEOM010000047.1_30103390_30511199_1	0.0629384349911054 Reich
I16553 HG01071#1#JAHBCF010000053.1_26607100_27108065_1$HG02071.verkko_filt_mat.fa:haplotype1_0000041_103610513_104018399_0	0.0629378093061305 Reich
I16553 HG03453#2#JAGYVV010000088.1_22597550_23005370_1$HG02486#1#JAGYVM010000007.1_28868414_29370339_1	0.0629358349095909 Reich
I16553 AV_HG00673#haplotype2#0001165:24014011_24421797$HG01258#1#JAGYYV010000004.1_56955948_57456952_1	0.0629348311023131 Reich
I16553 HG02109#2#JAHEPF010000078.1_16678387_16991144_0$HG03710.verkko_filt_pat.fa:haplotype2_0000488_101614437_102218208_0	0.0629324653554722 Reich
I16553 AV_HG00673#haplotype2#0001165:24014011_24421797$HG002.verkko_filt_mat.fa:haplotype1_0000005_138228497_138636354_1	0.0629316497849780 Reich
I16553 HG03579#1#JAGYVU010000029.1_91404_499180_0$HG03710.verkko_filt_pat.fa:haplotype2_0000488_101614437_102218208_0	0.0629273441617409 Reich
I16553 HG01928#1#JAGYVQ010000053.1_16676493_17083407_0$HG01978#2#JAGYVR010000007.1_51532241_51939176_0	0.0629270372050625 Reich
I16553 HG01071#1#JAHBCF010000053.1_26607100_27108065_1$chr1_chm13_103304997_103901127_0	0.0629265469239366 Reich
I16553 HG03453#2#JAGYVV010000088.1_22597550_23005370_1$HG02004.verkko_filt_mat.fa:haplotype1_0000022_97828542_98235483_0	0.0629231624272627 Reich
I16553 HG01071#1#JAHBCF010000053.1_26607100_27108065_1$HG02486#2#JAGYVL010000029.1_94163344_94570162_0	0.0629206927705749 Reich
I16553 HG01071#1#JAHBCF010000053.1_26607100_27108065_1$HG02886#1#JAHAOU010000178.1_62411_469262_0	0.0629201647536842 Reich
I16553 HG03453#2#JAGYVV010000088.1_22597550_23005370_1$HG02300.verkko_filt_pat.fa:haplotype2_0000620_143362344_143769323_1	0.0629187589628368 Reich
I16553 HG00438#1#JAHBCB010000015.1_33474867_33954171_0$HG02004.verkko_filt_pat.fa:haplotype2_0000813_139386576_140076845_1	0.0629146321815446 Reich
I16553 HG02630#2#JAHAOP010000089.1_16669255_17076135_0$HG01978#2#JAGYVR010000007.1_51532241_51939176_0	0.0629145178916928 Reich
I16553 AV_HG00673#haplotype1#0000019:16627360_17129375$HG02293.verkko_filt_mat.fa:haplotype1_0000039_30204405_30517145_1	0.0629122906175271 Reich
I16553 AV_HG01106#haplotype2#0000932:16673968_17175925$HG00438#1#JAHBCB010000015.1_33474867_33954171_0	0.0629090110950091 Reich
I16553 AV_HG01361#haplotype1#0000023:101593539_102001341$HG02486#1#JAGYVM010000007.1_28868414_29370339_1	0.0629072796940681 Reich
I16553 HG01928#1#JAGYVQ010000053.1_16676493_17083407_0$HG03579#1#JAGYVU010000029.1_91404_499180_0	0.0629066295518642 Reich
I16553 AV_HG01361#haplotype2#0001322:101872897_102186552$HG03927.verkko_filt_pat.fa:haplotype2_0000800_29002142_29504057_1	0.0629056057409759 Reich
I16553 chr1_hg19_103998686_104406594_0$HG01071#1#JAHBCF010000053.1_26607100_27108065_1	0.0629018683821681 Reich
I16553 HG01071#1#JAHBCF010000053.1_26607100_27108065_1$chr1_hg38_103456064_103863972_0	0.0629018683821681 Reich
I16553 HG02559#2#JAGYVJ010000037.1_52167780_52574597_1$HG02630#2#JAHAOP010000089.1_16669255_17076135_0	0.0629017057068341 Reich
I16553 HG03453#2#JAGYVV010000088.1_22597550_23005370_1$NA19240#2#JAHEOL010000010.1_37445323_37853017_0	0.0629003848912269 Reich
I16553 HG03098#2#JAHEPL010000003.1_93803759_94117426_0$HG03710.verkko_filt_pat.fa:haplotype2_0000488_101614437_102218208_0	0.0628997451279578 Reich
I16553 AV_HG02148#haplotype2#0002863:16304803_16712699$HG03516#1#JAGYYT010000012.1_24170958_24578778_1	0.0628984169271574 Reich
I16553 AV_HG00673#haplotype1#0000019:16627360_17129375$HG01071#1#JAHBCF010000053.1_26607100_27108065_1	0.0628955582026078 Reich
I16553 HG02818#2#JAHEOR010000010.1_31775319_32183091_1$NA18906#1#JAHEOO010000054.1_2103477_2510435_1	0.0628948835868322 Reich
I16553 AV_HG01175#haplotype1#0000070:46006269_46414083$HG01978#2#JAGYVR010000007.1_51532241_51939176_0	0.0628947112314289 Reich
I16553 HG01258#2#JAGYYU010000072.1_51562603_51970395_0$HG02293.verkko_filt_pat.fa:haplotype2_0000836_148310532_148812524_1	0.0628924884704177 Reich
I16553 HG01258#1#JAGYYV010000004.1_56955948_57456952_1$HG02886#2#JAHAOT010000031.1_87393_401061_0	0.0628888756838816 Reich
I16553 HG02630#1#JAHAOQ010000102.1_16672145_17079089_0$HG03540#2#JAGYVX010000148.1_1368955_1877115_0	0.0628878380213880 Reich
I16553 HG00621#2#JAHBCC010000031.1_16669999_17077865_0$HG01978#2#JAGYVR010000007.1_51532241_51939176_0	0.0628843533332119 Reich
I16553 HG01978#2#JAGYVR010000007.1_51532241_51939176_0$HG005#2#JAHEPN010000023.1_51542210_51950070_0	0.0628804953856941 Reich
I16553 HG02145#2#JAHKSF010000206.1_1005292_1413195_1$HG03540#2#JAGYVX010000148.1_1368955_1877115_0	0.0628796160359886 Reich
I16553 AV_HG01106#haplotype1#0000048:16666181_17262214$HG03098#1#JAHEPM010000059.1_16676208_17105596_0	0.0628790396968108 Reich
I16553 HG02559#2#JAGYVJ010000037.1_52167780_52574597_1$HG03453#2#JAGYVV010000088.1_22597550_23005370_1	0.0628781957797206 Reich
I16553 HG02717#1#JAHAOS010000015.1_16660311_17067250_0$HG03540#2#JAGYVX010000148.1_1368955_1877115_0	0.0628760394179888 Reich
I16553 HG01978#1#JAGYVS010000002.1_51519970_52021951_0$HG01258#2#JAGYYU010000072.1_51562603_51970395_0	0.0628750058467104 Reich
I16553 HG03579#1#JAGYVU010000029.1_91404_499180_0$HG002.verkko_filt_mat.fa:haplotype1_0000005_138228497_138636354_1	0.0628693433995354 Reich
I16553 HG01258#1#JAGYYV010000004.1_56955948_57456952_1$HG03579#1#JAGYVU010000029.1_91404_499180_0	0.0628676057400707 Reich
I16553 AV_HG01106#haplotype2#0000932:16673968_17175925$HG02293.verkko_filt_mat.fa:haplotype1_0000039_30204405_30517145_1	0.0628665919348221 Reich
I16553 AV_HG00673#haplotype2#0001165:24014011_24421797$HG005#2#JAHEPN010000023.1_51542210_51950070_0	0.0628654391261241 Reich
I16553 HG02486#1#JAGYVM010000007.1_28868414_29370339_1$NA19240#2#JAHEOL010000010.1_37445323_37853017_0	0.0628649634779961 Reich
I16553 HG01258#2#JAGYYU010000072.1_51562603_51970395_0$HG02071.verkko_filt_pat.fa:haplotype2_0000736_102745972_103248026_0	0.0628642564253891 Reich
I16553 AV_HG00673#haplotype2#0001165:24014011_24421797$AV_HG01175#haplotype1#0000070:46006269_46414083	0.0628575698640369 Reich
I16553 AV_HG02148#haplotype2#0002863:16304803_16712699$HG03453#2#JAGYVV010000088.1_22597550_23005370_1	0.0628510696384249 Reich
I16553 HG03492#2#JAHEPH010000288.1_2098270_2432686_1$HG03540#2#JAGYVX010000148.1_1368955_1877115_0	0.0628494225377725 Reich
I16553 HG03516#2#JAGYYS010000004.1_24452130_24859892_1$HG02004.verkko_filt_mat.fa:haplotype1_0000022_97828542_98235483_0	0.0628493091759502 Reich
I16553 AV_HG01106#haplotype2#0000932:16673968_17175925$HG01071#1#JAHBCF010000053.1_26607100_27108065_1	0.0628480396062826 Reich
I16553 AV_HG01106#haplotype1#0000048:16666181_17262214$HG01891#1#JAGYVO010000014.1_22855818_23168577_1	0.0628475328998487 Reich
I16553 HG005#1#JAHEPO010000002.1_51519219_51926067_0$HG002.verkko_filt_mat.fa:haplotype1_0000005_138228497_138636354_1	0.0628442782300434 Reich
I16553 HG03579#2#JAGYVT010000094.1_51581892_51895531_0$HG02004.verkko_filt_pat.fa:haplotype2_0000813_139386576_140076845_1	0.0628391992547371 Reich
I16553 HG03516#2#JAGYYS010000004.1_24452130_24859892_1$HG02300.verkko_filt_pat.fa:haplotype2_0000620_143362344_143769323_1	0.0628388076545191 Reich
I16553 HG03540#2#JAGYVX010000148.1_1368955_1877115_0$HG02717#2#JAHAOR010000006.1_19663827_20070693_1	0.0628364090363479 Reich
I16553 HG005#2#JAHEPN010000023.1_51542210_51950070_0$HG03579#1#JAGYVU010000029.1_91404_499180_0	0.0628334514971825 Reich
I16553 HG01258#2#JAGYYU010000072.1_51562603_51970395_0$HG04228.verkko_filt_mat.fa:haplotype1_0000023_103429213_103930285_0	0.0628304193852896 Reich
I16553 HG01123#2#JAGYYY010000006.1_51579630_51892388_0$HG03710.verkko_filt_pat.fa:haplotype2_0000488_101614437_102218208_0	0.0628297859121095 Reich
I16553 HG005#1#JAHEPO010000002.1_51519219_51926067_0$HG03710.verkko_filt_pat.fa:haplotype2_0000488_101614437_102218208_0	0.0628270000226948 Reich
I16553 HG02080#1#JAHEOW010000048.1_16689583_17097287_0$HG02630#2#JAHAOP010000089.1_16669255_17076135_0	0.0628255279166259 Reich
I16553 HG03540#2#JAGYVX010000148.1_1368955_1877115_0$HG00741#2#JAHALX010000013.1_51574319_51981226_0	0.0628234878186669 Reich
I16553 AV_HG00673#haplotype1#0000019:16627360_17129375$AV_HG01361#haplotype2#0001322:101872897_102186552	0.0628233457245613 Reich
I16553 HG02080#1#JAHEOW010000048.1_16689583_17097287_0$HG02300.verkko_filt_mat.fa:haplotype1_0000028_144052837_144460586_1	0.0628213634590210 Reich
I16553 HG02818#2#JAHEOR010000010.1_31775319_32183091_1$HG02717#1#JAHAOS010000015.1_16660311_17067250_0	0.0628212929042722 Reich
I16553 HG02080#1#JAHEOW010000048.1_16689583_17097287_0$HG02559#1#JAGYVK010000012.1_51505852_51913611_0	0.0628205827154110 Reich
I16553 AV_HG00673#haplotype2#0001165:24014011_24421797$HG00621#2#JAHBCC010000031.1_16669999_17077865_0	0.0628205827154110 Reich
I16553 HG03540#2#JAGYVX010000148.1_1368955_1877115_0$HG02818#1#JAHEOS010000101.1_89626_496613_0	0.0628198734875397 Reich
I16553 HG02080#1#JAHEOW010000048.1_16689583_17097287_0$HG01099.verkko_filt_mat.fa:haplotype1_0000034_142513097_142920876_1	0.0628187610935177 Reich
I16553 NA18906#1#JAHEOO010000054.1_2103477_2510435_1$HG02071.verkko_filt_mat.fa:haplotype1_0000041_103610513_104018399_0	0.0628168477134873 Reich
I16553 HG01258#1#JAGYYV010000004.1_56955948_57456952_1$HG03710.verkko_filt_pat.fa:haplotype2_0000488_101614437_102218208_0	0.0628164502029345 Reich
I16553 AV_HG02257#haplotype2#0001152:102843493_103251377$HG03540#2#JAGYVX010000148.1_1368955_1877115_0	0.0628156117104009 Reich
I16553 HG03540#2#JAGYVX010000148.1_1368955_1877115_0$HG03927.verkko_filt_mat.fa:haplotype1_0000009_134765170_135173010_1	0.0628114452754834 Reich
I16553 HG03486#1#JAHEOQ010000123.1_16677696_17085575_0$HG01071#1#JAHBCF010000053.1_26607100_27108065_1	0.0628109441156749 Reich
I16553 HG02818#2#JAHEOR010000010.1_31775319_32183091_1$HG02630#1#JAHAOQ010000102.1_16672145_17079089_0	0.0628095605235210 Reich
I16553 HG01928#1#JAGYVQ010000053.1_16676493_17083407_0$HG005#1#JAHEPO010000002.1_51519219_51926067_0	0.0628092981194768 Reich
I16553 HG02080#1#JAHEOW010000048.1_16689583_17097287_0$HG02300.verkko_filt_pat.fa:haplotype2_0000620_143362344_143769323_1	0.0628092719750060 Reich
I16553 HG02080#1#JAHEOW010000048.1_16689583_17097287_0$HG02004.verkko_filt_mat.fa:haplotype1_0000022_97828542_98235483_0	0.0628061723926746 Reich
I16553 HG02818#2#JAHEOR010000010.1_31775319_32183091_1$HG02145#2#JAHKSF010000206.1_1005292_1413195_1	0.0628041938208831 Reich
I16553 HG02630#2#JAHAOP010000089.1_16669255_17076135_0$HG03516#2#JAGYYS010000004.1_24452130_24859892_1	0.0628033119321839 Reich
I16553 AV_HG01175#haplotype1#0000070:46006269_46414083$HG03579#1#JAGYVU010000029.1_91404_499180_0	0.0628015935884573 Reich
I16553 HG01123#1#JAGYYZ010000015.1_51528240_51935090_0$HG002.verkko_filt_mat.fa:haplotype1_0000005_138228497_138636354_1	0.0627952298698674 Reich
I16553 HG01123#1#JAGYYZ010000015.1_51528240_51935090_0$HG03710.verkko_filt_pat.fa:haplotype2_0000488_101614437_102218208_0	0.0627948619931076 Reich
I16553 AV_HG01361#haplotype1#0000023:101593539_102001341$HG02559#2#JAGYVJ010000037.1_52167780_52574597_1	0.0627947089400044 Reich
I16553 HG03453#2#JAGYVV010000088.1_22597550_23005370_1$HG03516#1#JAGYYT010000012.1_24170958_24578778_1	0.0627926975576639 Reich
I16553 HG02004.verkko_filt_pat.fa:haplotype2_0000813_139386576_140076845_1$HG02647.verkko_filt_pat.fa:haplotype2_0000857_103738150_104051769_0	0.0627920619719091 Reich
I16553 HG04228.verkko_filt_pat.fa:haplotype2_0000600_103806749_104119491_0$HG03710.verkko_filt_pat.fa:haplotype2_0000488_101614437_102218208_0	0.0627904272674297 Reich
I16553 HG02080#1#JAHEOW010000048.1_16689583_17097287_0$NA19240#1#JAHEOM010000047.1_30103390_30511199_1	0.0627904162680832 Reich
I16553 HG01978#2#JAGYVR010000007.1_51532241_51939176_0$HG02486#1#JAGYVM010000007.1_28868414_29370339_1	0.0627889235810448 Reich
I16553 AV_HG01106#haplotype2#0000932:16673968_17175925$AV_HG01361#haplotype2#0001322:101872897_102186552	0.0627872467972142 Reich
I16553 HG03540#2#JAGYVX010000148.1_1368955_1877115_0$HG00733#1#JAHEPQ010000019.1_46106835_46420495_0	0.0627830059113296 Reich
I16553 HG01358#1#JAGYZB010000020.1_27445742_27855492_1$HG002.verkko_filt_pat.fa:haplotype2_0000649_147937390_148315979_1	0.0627826324143479 Reich
I16553 HG02559#2#JAGYVJ010000037.1_52167780_52574597_1$HG02486#1#JAGYVM010000007.1_28868414_29370339_1	0.0627820005179063 Reich
I16553 HG02080#2#JAHEOV010000017.1_16662177_17164189_0$HG01258#2#JAGYYU010000072.1_51562603_51970395_0	0.0627802357416506 Reich
I16553 HG03516#1#JAGYYT010000012.1_24170958_24578778_1$HG02486#1#JAGYVM010000007.1_28868414_29370339_1	0.0627783061174469 Reich
I16553 AV_HG02148#haplotype2#0002863:16304803_16712699$HG03516#2#JAGYYS010000004.1_24452130_24859892_1	0.0627763880828128 Reich
I16553 HG02717#2#JAHAOR010000006.1_19663827_20070693_1$HG02071.verkko_filt_mat.fa:haplotype1_0000041_103610513_104018399_0	0.0627759640949210 Reich
I16553 HG02818#2#JAHEOR010000010.1_31775319_32183091_1$HG00741#2#JAHALX010000013.1_51574319_51981226_0	0.0627753636935891 Reich
I16553 HG01928#1#JAGYVQ010000053.1_16676493_17083407_0$HG01123#1#JAGYYZ010000015.1_51528240_51935090_0	0.0627737913023725 Reich
I16553 HG02818#2#JAHEOR010000010.1_31775319_32183091_1$HG02717#2#JAHAOR010000006.1_19663827_20070693_1	0.0627735088993938 Reich
I16553 HG005#1#JAHEPO010000002.1_51519219_51926067_0$HG005#2#JAHEPN010000023.1_51542210_51950070_0	0.0627730123310773 Reich
I16553 HG00621#2#JAHBCC010000031.1_16669999_17077865_0$HG03579#1#JAGYVU010000029.1_91404_499180_0	0.0627724930329910 Reich
I16553 HG00741#2#JAHALX010000013.1_51574319_51981226_0$HG02071.verkko_filt_mat.fa:haplotype1_0000041_103610513_104018399_0	0.0627714544754807 Reich
I16553 chr1_hg38_103456064_103863972_0$NA18906#1#JAHEOO010000054.1_2103477_2510435_1	0.0627713955558307 Reich
I16553 chr1_hg19_103998686_104406594_0$NA18906#1#JAHEOO010000054.1_2103477_2510435_1	0.0627713955558307 Reich
I16553 HG02486#2#JAGYVL010000029.1_94163344_94570162_0$HG03927.verkko_filt_mat.fa:haplotype1_0000009_134765170_135173010_1	0.0627707601718987 Reich
I16553 HG03098#1#JAHEPM010000059.1_16676208_17105596_0$chr1_chm13_103304997_103901127_0	0.0627701534888132 Reich
I16553 AV_HG01361#haplotype1#0000023:101593539_102001341$NA19240#2#JAHEOL010000010.1_37445323_37853017_0	0.0627691179095426 Reich
I16553 HG03579#1#JAGYVU010000029.1_91404_499180_0$HG02300.verkko_filt_mat.fa:haplotype1_0000028_144052837_144460586_1	0.0627689391045641 Reich
I16553 HG01258#2#JAGYYU010000072.1_51562603_51970395_0$HG02004.verkko_filt_pat.fa:haplotype2_0000813_139386576_140076845_1	0.0627667055817366 Reich
I16553 HG03492#2#JAHEPH010000288.1_2098270_2432686_1$HG03710.verkko_filt_pat.fa:haplotype2_0000488_101614437_102218208_0	0.0627655695337145 Reich
I16553 AV_HG01361#haplotype1#0000023:101593539_102001341$HG01978#2#JAGYVR010000007.1_51532241_51939176_0	0.0627617901820611 Reich
I16553 HG02886#1#JAHAOU010000178.1_62411_469262_0$HG03927.verkko_filt_mat.fa:haplotype1_0000009_134765170_135173010_1	0.0627580160279564 Reich
I16553 HG03579#1#JAGYVU010000029.1_91404_499180_0$HG01099.verkko_filt_mat.fa:haplotype1_0000034_142513097_142920876_1	0.0627554161358307 Reich
I16553 AV_HG01175#haplotype1#0000070:46006269_46414083$HG005#1#JAHEPO010000002.1_51519219_51926067_0	0.0627541163109317 Reich
I16553 HG02723#1#JAHEOU010000204.1_2102082_2414876_1$HG03710.verkko_filt_pat.fa:haplotype2_0000488_101614437_102218208_0	0.0627527916337296 Reich
I16553 chr1_chm13_103304997_103901127_0$HG01891#1#JAGYVO010000014.1_22855818_23168577_1	0.0627510926271510 Reich
I16553 NA18906#1#JAHEOO010000054.1_2103477_2510435_1$HG02486#2#JAGYVL010000029.1_94163344_94570162_0	0.0627497225586014 Reich
I16553 HG00621#2#JAHBCC010000031.1_16669999_17077865_0$HG005#1#JAHEPO010000002.1_51519219_51926067_0	0.0627483980407483 Reich
I16553 HG02818#2#JAHEOR010000010.1_31775319_32183091_1$HG03927.verkko_filt_mat.fa:haplotype1_0000009_134765170_135173010_1	0.0627482275355341 Reich
I16553 AV_HG02148#haplotype2#0002863:16304803_16712699$HG02080#1#JAHEOW010000048.1_16689583_17097287_0	0.0627461604298102 Reich
I16553 AV_HG02257#haplotype2#0001152:102843493_103251377$HG02818#2#JAHEOR010000010.1_31775319_32183091_1	0.0627452796430702 Reich
I16553 HG02630#1#JAHAOQ010000102.1_16672145_17079089_0$HG02071.verkko_filt_mat.fa:haplotype1_0000041_103610513_104018399_0	0.0627439816714977 Reich
I16553 HG01071#1#JAHBCF010000053.1_26607100_27108065_1$HG02004.verkko_filt_pat.fa:haplotype2_0000813_139386576_140076845_1	0.0627429093477636 Reich
I16553 HG02559#1#JAGYVK010000012.1_51505852_51913611_0$HG03516#2#JAGYYS010000004.1_24452130_24859892_1	0.0627425463221004 Reich
I16553 HG01123#1#JAGYYZ010000015.1_51528240_51935090_0$HG005#2#JAHEPN010000023.1_51542210_51950070_0	0.0627395637879669 Reich
I16553 HG02717#1#JAHAOS010000015.1_16660311_17067250_0$HG02071.verkko_filt_mat.fa:haplotype1_0000041_103610513_104018399_0	0.0627369381903913 Reich
I16553 HG02071.verkko_filt_mat.fa:haplotype1_0000041_103610513_104018399_0$HG03927.verkko_filt_mat.fa:haplotype1_0000009_134765170_135173010_1	0.0627359149685781 Reich
I16553 AV_HG00673#haplotype2#0001165:24014011_24421797$HG02300.verkko_filt_mat.fa:haplotype1_0000028_144052837_144460586_1	0.0627338494946567 Reich
I16553 HG02818#2#JAHEOR010000010.1_31775319_32183091_1$HG02818#1#JAHEOS010000101.1_89626_496613_0	0.0627330703938091 Reich
I16553 HG03710.verkko_filt_pat.fa:haplotype2_0000488_101614437_102218208_0$HG02293.verkko_filt_mat.fa:haplotype1_0000039_30204405_30517145_1	0.0627327909547366 Reich
I16553 HG02145#2#JAHKSF010000206.1_1005292_1413195_1$HG02071.verkko_filt_mat.fa:haplotype1_0000041_103610513_104018399_0	0.0627323638572574 Reich
I16553 AV_HG00673#haplotype2#0001165:24014011_24421797$HG02559#1#JAGYVK010000012.1_51505852_51913611_0	0.0627320316378312 Reich
I16553 HG02886#1#JAHAOU010000178.1_62411_469262_0$NA18906#1#JAHEOO010000054.1_2103477_2510435_1	0.0627317223260155 Reich
I16553 HG03540#2#JAGYVX010000148.1_1368955_1877115_0$HG01243#1#JAHEOY010000013.1_90081_424495_0	0.0627266082014766 Reich
I16553 HG02622#1#JAHAOO010000002.1_16673678_17080663_0$HG03540#2#JAGYVX010000148.1_1368955_1877115_0	0.0627261445473255 Reich
I16553 HG03579#2#JAGYVT010000094.1_51581892_51895531_0$HG01099.verkko_filt_pat.fa:haplotype2_0000583_143544270_144046196_1	0.0627260679841233 Reich
I16553 HG02559#2#JAGYVJ010000037.1_52167780_52574597_1$NA19240#2#JAHEOL010000010.1_37445323_37853017_0	0.0627255405818291 Reich
I16553 HG01258#2#JAGYYU010000072.1_51562603_51970395_0$HG03927.verkko_filt_pat.fa:haplotype2_0000800_29002142_29504057_1	0.0627250486274934 Reich
I16553 chr1_hg38_103456064_103863972_0$HG00741#2#JAHALX010000013.1_51574319_51981226_0	0.0627229447235537 Reich
I16553 chr1_hg19_103998686_104406594_0$HG00741#2#JAHALX010000013.1_51574319_51981226_0	0.0627229447235537 Reich
I16553 AV_HG00673#haplotype2#0001165:24014011_24421797$HG01099.verkko_filt_mat.fa:haplotype1_0000034_142513097_142920876_1	0.0627208682689619 Reich
I16553 chr1_hg38_103456064_103863972_0$HG02717#2#JAHAOR010000006.1_19663827_20070693_1	0.0627206569273439 Reich
I16553 chr1_hg19_103998686_104406594_0$HG02717#2#JAHAOR010000006.1_19663827_20070693_1	0.0627206569273439 Reich
I16553 HG01978#2#JAGYVR010000007.1_51532241_51939176_0$NA19240#2#JAHEOL010000010.1_37445323_37853017_0	0.0627170161078790 Reich
I16553 HG03540#2#JAGYVX010000148.1_1368955_1877115_0$HG03710.verkko_filt_mat.fa:haplotype1_0000029_102593394_102907063_0	0.0627118611440793 Reich
I16553 NA19240#1#JAHEOM010000047.1_30103390_30511199_1$HG03516#2#JAGYYS010000004.1_24452130_24859892_1	0.0627110693928458 Reich
I16553 HG01978#2#JAGYVR010000007.1_51532241_51939176_0$HG02300.verkko_filt_pat.fa:haplotype2_0000620_143362344_143769323_1	0.0627103788450451 Reich
I16553 AV_HG00673#haplotype2#0001165:24014011_24421797$HG02630#2#JAHAOP010000089.1_16669255_17076135_0	0.0627094514538062 Reich
I16553 HG005#1#JAHEPO010000002.1_51519219_51926067_0$HG02300.verkko_filt_mat.fa:haplotype1_0000028_144052837_144460586_1	0.0627084366842816 Reich
I16553 AV_HG01175#haplotype1#0000070:46006269_46414083$HG01123#1#JAGYYZ010000015.1_51528240_51935090_0	0.0627066172591455 Reich
I16553 HG02630#1#JAHAOQ010000102.1_16672145_17079089_0$chr1_hg38_103456064_103863972_0	0.0627005967826963 Reich
I16553 HG02630#1#JAHAOQ010000102.1_16672145_17079089_0$chr1_hg19_103998686_104406594_0	0.0627005967826963 Reich
I16553 HG00621#2#JAHBCC010000031.1_16669999_17077865_0$HG01123#1#JAGYYZ010000015.1_51528240_51935090_0	0.0626988215162037 Reich
I16553 HG005#1#JAHEPO010000002.1_51519219_51926067_0$HG01099.verkko_filt_mat.fa:haplotype1_0000034_142513097_142920876_1	0.0626949247348951 Reich
I16553 HG02145#2#JAHKSF010000206.1_1005292_1413195_1$chr1_hg38_103456064_103863972_0	0.0626931653196891 Reich
I16553 HG02145#2#JAHKSF010000206.1_1005292_1413195_1$chr1_hg19_103998686_104406594_0	0.0626931653196891 Reich
I16553 HG01071#1#JAHBCF010000053.1_26607100_27108065_1$HG01099.verkko_filt_mat.fa:haplotype1_0000034_142513097_142920876_1	0.0626920585530058 Reich
I16553 HG01071#1#JAHBCF010000053.1_26607100_27108065_1$HG002.verkko_filt_mat.fa:haplotype1_0000005_138228497_138636354_1	0.0626912396817891 Reich
I16553 HG005#1#JAHEPO010000002.1_51519219_51926067_0$HG01258#1#JAGYYV010000004.1_56955948_57456952_1	0.0626908133220124 Reich
I16553 HG03540#2#JAGYVX010000148.1_1368955_1877115_0$HG02109#2#JAHEPF010000078.1_16678387_16991144_0	0.0626903791861160 Reich
I16553 NA18906#1#JAHEOO010000054.1_2103477_2510435_1$HG03710.verkko_filt_pat.fa:haplotype2_0000488_101614437_102218208_0	0.0626903119630472 Reich
I16553 HG02145#2#JAHKSF010000206.1_1005292_1413195_1$HG02486#2#JAGYVL010000029.1_94163344_94570162_0	0.0626903024338709 Reich
I16553 chr1_hg38_103456064_103863972_0$HG03927.verkko_filt_mat.fa:haplotype1_0000009_134765170_135173010_1	0.0626894870200939 Reich
I16553 chr1_hg19_103998686_104406594_0$HG03927.verkko_filt_mat.fa:haplotype1_0000009_134765170_135173010_1	0.0626894870200939 Reich
I16553 HG01071#1#JAHBCF010000053.1_26607100_27108065_1$HG02300.verkko_filt_mat.fa:haplotype1_0000028_144052837_144460586_1	0.0626864308996234 Reich
I16553 HG02717#1#JAHAOS010000015.1_16660311_17067250_0$chr1_hg38_103456064_103863972_0	0.0626852084368211 Reich
I16553 HG02717#1#JAHAOS010000015.1_16660311_17067250_0$chr1_hg19_103998686_104406594_0	0.0626852084368211 Reich
I16553 HG00438#1#JAHBCB010000015.1_33474867_33954171_0$HG02071.verkko_filt_mat.fa:haplotype1_0000041_103610513_104018399_0	0.0626804803515361 Reich
I16553 AV_HG00673#haplotype2#0001165:24014011_24421797$NA19240#1#JAHEOM010000047.1_30103390_30511199_1	0.0626801595382369 Reich
I16553 HG02559#2#JAGYVJ010000037.1_52167780_52574597_1$HG01978#2#JAGYVR010000007.1_51532241_51939176_0	0.0626796351318687 Reich
I16553 AV_HG00673#haplotype2#0001165:24014011_24421797$HG02004.verkko_filt_mat.fa:haplotype1_0000022_97828542_98235483_0	0.0626785661838648 Reich
I16553 HG01928#1#JAGYVQ010000053.1_16676493_17083407_0$HG01071#1#JAHBCF010000053.1_26607100_27108065_1	0.0626748963763970 Reich
I16553 AV_HG01361#haplotype1#0000023:101593539_102001341$HG03516#1#JAGYYT010000012.1_24170958_24578778_1	0.0626745764946842 Reich
I16553 HG03453#2#JAGYVV010000088.1_22597550_23005370_1$HG03516#2#JAGYYS010000004.1_24452130_24859892_1	0.0626742024929814 Reich
I16553 AV_HG00673#haplotype2#0001165:24014011_24421797$HG02300.verkko_filt_pat.fa:haplotype2_0000620_143362344_143769323_1	0.0626736534192953 Reich
I16553 HG02717#1#JAHAOS010000015.1_16660311_17067250_0$HG02486#2#JAGYVL010000029.1_94163344_94570162_0	0.0626734791761723 Reich
I16553 HG02818#2#JAHEOR010000010.1_31775319_32183091_1$HG00438#1#JAHBCB010000015.1_33474867_33954171_0	0.0626725222520842 Reich
I16553 HG02145#2#JAHKSF010000206.1_1005292_1413195_1$HG02886#1#JAHAOU010000178.1_62411_469262_0	0.0626718332379722 Reich
I16553 HG02647.verkko_filt_pat.fa:haplotype2_0000857_103738150_104051769_0$HG01099.verkko_filt_pat.fa:haplotype2_0000583_143544270_144046196_1	0.0626687649347347 Reich
I16553 HG03579#2#JAGYVT010000094.1_51581892_51895531_0$HG03540#1#JAGYVY010000208.1_95187_596142_0	0.0626656583939517 Reich
I16553 HG02630#1#JAHAOQ010000102.1_16672145_17079089_0$HG02486#2#JAGYVL010000029.1_94163344_94570162_0	0.0626638400482416 Reich
I16553 HG03486#1#JAHEOQ010000123.1_16677696_17085575_0$NA18906#1#JAHEOO010000054.1_2103477_2510435_1	0.0626635795929922 Reich
I16553 HG01243#1#JAHEOY010000013.1_90081_424495_0$HG03710.verkko_filt_pat.fa:haplotype2_0000488_101614437_102218208_0	0.0626627140786427 Reich
I16553 HG02717#1#JAHAOS010000015.1_16660311_17067250_0$HG02886#1#JAHAOU010000178.1_62411_469262_0	0.0626622773654583 Reich
I16553 HG01123#1#JAGYYZ010000015.1_51528240_51935090_0$HG02300.verkko_filt_mat.fa:haplotype1_0000028_144052837_144460586_1	0.0626598759903657 Reich
I16553 HG00438#1#JAHBCB010000015.1_33474867_33954171_0$HG02486#2#JAGYVL010000029.1_94163344_94570162_0	0.0626598719444578 Reich
I16553 AV_HG02148#haplotype2#0002863:16304803_16712699$HG01978#2#JAGYVR010000007.1_51532241_51939176_0	0.0626587746997334 Reich
I16553 HG01123#1#JAGYYZ010000015.1_51528240_51935090_0$HG01099.verkko_filt_mat.fa:haplotype1_0000034_142513097_142920876_1	0.0626577971675932 Reich
I16553 HG02818#1#JAHEOS010000101.1_89626_496613_0$HG02071.verkko_filt_mat.fa:haplotype1_0000041_103610513_104018399_0	0.0626575373292942 Reich
I16553 AV_HG00673#haplotype1#0000019:16627360_17129375$HG01258#2#JAGYYU010000072.1_51562603_51970395_0	0.0626530633928025 Reich
I16553 HG03710.verkko_filt_pat.fa:haplotype2_0000488_101614437_102218208_0$HG03927.verkko_filt_mat.fa:haplotype1_0000009_134765170_135173010_1	0.0626528184126420 Reich
I16553 AV_HG02257#haplotype2#0001152:102843493_103251377$HG02071.verkko_filt_mat.fa:haplotype1_0000041_103610513_104018399_0	0.0626500034245234 Reich
I16553 HG02145#2#JAHKSF010000206.1_1005292_1413195_1$HG03710.verkko_filt_pat.fa:haplotype2_0000488_101614437_102218208_0	0.0626484569028244 Reich
I16553 HG00438#2#JAHBCA010000012.1_51513023_51826723_0$HG03540#2#JAGYVX010000148.1_1368955_1877115_0	0.0626462811925538 Reich
I16553 HG02630#1#JAHAOQ010000102.1_16672145_17079089_0$HG02886#1#JAHAOU010000178.1_62411_469262_0	0.0626458762514437 Reich
I16553 HG02080#1#JAHEOW010000048.1_16689583_17097287_0$HG02486#1#JAGYVM010000007.1_28868414_29370339_1	0.0626458120356822 Reich
I16553 HG03579#1#JAGYVU010000029.1_91404_499180_0$HG02004.verkko_filt_mat.fa:haplotype1_0000022_97828542_98235483_0	0.0626456283094478 Reich
I16553 HG01071#1#JAHBCF010000053.1_26607100_27108065_1$HG005#2#JAHEPN010000023.1_51542210_51950070_0	0.0626436176535424 Reich
I16553 HG00438#1#JAHBCB010000015.1_33474867_33954171_0$HG02886#1#JAHAOU010000178.1_62411_469262_0	0.0626432959188886 Reich
I16553 HG01978#2#JAGYVR010000007.1_51532241_51939176_0$HG02004.verkko_filt_mat.fa:haplotype1_0000022_97828542_98235483_0	0.0626402906894844 Reich
I16553 HG00741#2#JAHALX010000013.1_51574319_51981226_0$HG02486#2#JAGYVL010000029.1_94163344_94570162_0	0.0626392714363871 Reich
I16553 HG01123#1#JAGYYZ010000015.1_51528240_51935090_0$HG01258#1#JAGYYV010000004.1_56955948_57456952_1	0.0626380221939833 Reich
I16553 HG02080#1#JAHEOW010000048.1_16689583_17097287_0$HG03453#2#JAGYVV010000088.1_22597550_23005370_1	0.0626370203131158 Reich
I16553 AV_HG01361#haplotype1#0000023:101593539_102001341$HG03516#2#JAGYYS010000004.1_24452130_24859892_1	0.0626315698127499 Reich
I16553 HG02630#1#JAHAOQ010000102.1_16672145_17079089_0$HG03710.verkko_filt_pat.fa:haplotype2_0000488_101614437_102218208_0	0.0626308570608002 Reich
I16553 HG02717#1#JAHAOS010000015.1_16660311_17067250_0$HG03710.verkko_filt_pat.fa:haplotype2_0000488_101614437_102218208_0	0.0626307382066330 Reich
I16553 HG02559#2#JAGYVJ010000037.1_52167780_52574597_1$HG03516#1#JAGYYT010000012.1_24170958_24578778_1	0.0626284159028012 Reich
I16553 HG02486#1#JAGYVM010000007.1_28868414_29370339_1$HG03516#2#JAGYYS010000004.1_24452130_24859892_1	0.0626282482506355 Reich
I16553 HG02818#2#JAHEOR010000010.1_31775319_32183091_1$HG02622#1#JAHAOO010000002.1_16673678_17080663_0	0.0626281575065000 Reich
I16553 chr1_hg19_103998686_104406594_0$HG00438#1#JAHBCB010000015.1_33474867_33954171_0	0.0626281294033502 Reich
I16553 HG00438#1#JAHBCB010000015.1_33474867_33954171_0$chr1_hg38_103456064_103863972_0	0.0626281294033502 Reich
I16553 AV_HG02257#haplotype2#0001152:102843493_103251377$HG02486#2#JAGYVL010000029.1_94163344_94570162_0	0.0626271478813738 Reich
I16553 HG03579#1#JAGYVU010000029.1_91404_499180_0$HG02300.verkko_filt_pat.fa:haplotype2_0000620_143362344_143769323_1	0.0626266396335097 Reich
I16553 HG02886#1#JAHAOU010000178.1_62411_469262_0$HG00741#2#JAHALX010000013.1_51574319_51981226_0	0.0626260904512237 Reich
I16553 HG01258#1#JAGYYV010000004.1_56955948_57456952_1$HG02486#1#JAGYVM010000007.1_28868414_29370339_1	0.0626253573187395 Reich
I16553 AV_HG01361#haplotype2#0001322:101872897_102186552$HG03710.verkko_filt_pat.fa:haplotype2_0000488_101614437_102218208_0	0.0626232511596618 Reich
I16553 chr1_hg38_103456064_103863972_0$HG02818#1#JAHEOS010000101.1_89626_496613_0	0.0626219485365734 Reich
I16553 chr1_hg19_103998686_104406594_0$HG02818#1#JAHEOS010000101.1_89626_496613_0	0.0626219485365734 Reich
I16553 HG01109#1#JAHEPA010000099.1_2104245_2511104_1$HG03540#2#JAGYVX010000148.1_1368955_1877115_0	0.0626218185970779 Reich
I16553 HG02559#1#JAGYVK010000012.1_51505852_51913611_0$HG005#1#JAHEPO010000002.1_51519219_51926067_0	0.0626215413570770 Reich
I16553 AV_HG00673#haplotype2#0001165:24014011_24421797$AV_HG02148#haplotype2#0002863:16304803_16712699	0.0626211918423531 Reich
I16553 HG02486#2#JAGYVL010000029.1_94163344_94570162_0$HG02717#2#JAHAOR010000006.1_19663827_20070693_1	0.0626197294848003 Reich
I16553 AV_HG01106#haplotype1#0000048:16666181_17262214$HG01358#1#JAGYZB010000020.1_27445742_27855492_1	0.0626190056771958 Reich
I16553 HG03486#1#JAHEOQ010000123.1_16677696_17085575_0$HG02717#2#JAHAOR010000006.1_19663827_20070693_1	0.0626147082299864 Reich
I16553 HG01978#2#JAGYVR010000007.1_51532241_51939176_0$HG03516#1#JAGYYT010000012.1_24170958_24578778_1	0.0626130010501632 Reich
I16553 HG00621#2#JAHBCC010000031.1_16669999_17077865_0$HG01071#1#JAHBCF010000053.1_26607100_27108065_1	0.0626114500478823 Reich
I16553 AV_HG02257#haplotype2#0001152:102843493_103251377$HG02886#1#JAHAOU010000178.1_62411_469262_0	0.0626102547438602 Reich
I16553 HG03540#1#JAGYVY010000208.1_95187_596142_0$HG02647.verkko_filt_pat.fa:haplotype2_0000857_103738150_104051769_0	0.0626093789451364 Reich
I16553 HG02886#1#JAHAOU010000178.1_62411_469262_0$HG02717#2#JAHAOR010000006.1_19663827_20070693_1	0.0626080854885309 Reich
I16553 AV_HG02257#haplotype2#0001152:102843493_103251377$chr1_hg38_103456064_103863972_0	0.0626066180108776 Reich
I16553 AV_HG02257#haplotype2#0001152:102843493_103251377$chr1_hg19_103998686_104406594_0	0.0626066180108776 Reich
I16553 AV_HG01106#haplotype2#0000932:16673968_17175925$HG01258#2#JAGYYU010000072.1_51562603_51970395_0	0.0626038381698921 Reich
I16553 HG03516#1#JAGYYT010000012.1_24170958_24578778_1$NA19240#2#JAHEOL010000010.1_37445323_37853017_0	0.0626007952374909 Reich
I16553 HG01071#1#JAHBCF010000053.1_26607100_27108065_1$HG03540#2#JAGYVX010000148.1_1368955_1877115_0	0.0625993952525561 Reich
I16553 HG03486#1#JAHEOQ010000123.1_16677696_17085575_0$HG00741#2#JAHALX010000013.1_51574319_51981226_0	0.0625964479853707 Reich
I16553 AV_HG02257#haplotype2#0001152:102843493_103251377$HG03710.verkko_filt_pat.fa:haplotype2_0000488_101614437_102218208_0	0.0625948751772018 Reich
I16553 HG02559#2#JAGYVJ010000037.1_52167780_52574597_1$HG03516#2#JAGYYS010000004.1_24452130_24859892_1	0.0625946732057763 Reich
I16553 HG02486#2#JAGYVL010000029.1_94163344_94570162_0$HG02818#1#JAHEOS010000101.1_89626_496613_0	0.0625946732057763 Reich
I16553 HG03516#2#JAGYYS010000004.1_24452130_24859892_1$NA19240#2#JAHEOL010000010.1_37445323_37853017_0	0.0625921609476006 Reich
I16553 AV_HG01175#haplotype1#0000070:46006269_46414083$HG01071#1#JAHBCF010000053.1_26607100_27108065_1	0.0625908207634251 Reich
I16553 HG03486#1#JAHEOQ010000123.1_16677696_17085575_0$HG02630#1#JAHAOQ010000102.1_16672145_17079089_0	0.0625902409375320 Reich
I16553 HG02559#1#JAGYVK010000012.1_51505852_51913611_0$HG01071#1#JAHBCF010000053.1_26607100_27108065_1	0.0625901168980370 Reich
I16553 HG02630#2#JAHAOP010000089.1_16669255_17076135_0$HG03579#1#JAGYVU010000029.1_91404_499180_0	0.0625881447063300 Reich
I16553 HG03453#2#JAGYVV010000088.1_22597550_23005370_1$HG01978#2#JAGYVR010000007.1_51532241_51939176_0	0.0625802037167701 Reich
I16553 HG03486#1#JAHEOQ010000123.1_16677696_17085575_0$HG02717#1#JAHAOS010000015.1_16660311_17067250_0	0.0625780206736554 Reich
I16553 HG02818#1#JAHEOS010000101.1_89626_496613_0$HG03710.verkko_filt_pat.fa:haplotype2_0000488_101614437_102218208_0	0.0625776780494880 Reich
I16553 HG02886#1#JAHAOU010000178.1_62411_469262_0$HG02818#1#JAHEOS010000101.1_89626_496613_0	0.0625767688103838 Reich
I16553 AV_HG00673#haplotype2#0001165:24014011_24421797$HG02486#1#JAGYVM010000007.1_28868414_29370339_1	0.0625763744972409 Reich
I16553 HG005#1#JAHEPO010000002.1_51519219_51926067_0$NA19240#1#JAHEOM010000047.1_30103390_30511199_1	0.0625760333890916 Reich
I16553 HG00741#2#JAHALX010000013.1_51574319_51981226_0$HG03710.verkko_filt_pat.fa:haplotype2_0000488_101614437_102218208_0	0.0625746506974481 Reich
I16553 AV_HG01106#haplotype1#0000048:16666181_17262214$HG00741#1#JAHALY010000007.1_18781197_19307680_1	0.0625732730936940 Reich
I16553 HG03486#1#JAHEOQ010000123.1_16677696_17085575_0$HG02145#2#JAHKSF010000206.1_1005292_1413195_1	0.0625731379090601 Reich
I16553 HG005#1#JAHEPO010000002.1_51519219_51926067_0$HG02300.verkko_filt_pat.fa:haplotype2_0000620_143362344_143769323_1	0.0625728785831497 Reich
I16553 HG02717#2#JAHAOR010000006.1_19663827_20070693_1$HG03710.verkko_filt_pat.fa:haplotype2_0000488_101614437_102218208_0	0.0625720012785378 Reich
I16553 HG03486#1#JAHEOQ010000123.1_16677696_17085575_0$HG03927.verkko_filt_mat.fa:haplotype1_0000009_134765170_135173010_1	0.0625677698675080 Reich
I16553 AV_HG02148#haplotype2#0002863:16304803_16712699$HG03579#1#JAGYVU010000029.1_91404_499180_0	0.0625654985012032 Reich
I16553 HG005#1#JAHEPO010000002.1_51519219_51926067_0$HG02004.verkko_filt_mat.fa:haplotype1_0000022_97828542_98235483_0	0.0625623944123022 Reich
I16553 HG02559#1#JAGYVK010000012.1_51505852_51913611_0$HG01123#1#JAGYYZ010000015.1_51528240_51935090_0	0.0625559290440425 Reich
I16553 HG02622#1#JAHAOO010000002.1_16673678_17080663_0$HG02071.verkko_filt_mat.fa:haplotype1_0000041_103610513_104018399_0	0.0625541191000969 Reich
I16553 HG00621#1#JAHBCD010000034.1_2122997_2624098_1$HG03579#2#JAGYVT010000094.1_51581892_51895531_0	0.0625523093132447 Reich
I16553 HG01071#1#JAHBCF010000053.1_26607100_27108065_1$NA19240#1#JAHEOM010000047.1_30103390_30511199_1	0.0625519949472445 Reich
I16553 HG02486#1#JAGYVM010000007.1_28868414_29370339_1$HG03710.verkko_filt_pat.fa:haplotype2_0000488_101614437_102218208_0	0.0625473607128200 Reich
I16553 HG02559#1#JAGYVK010000012.1_51505852_51913611_0$HG03579#1#JAGYVU010000029.1_91404_499180_0	0.0625389439289251 Reich
I16553 HG03486#1#JAHEOQ010000123.1_16677696_17085575_0$HG00438#1#JAHBCB010000015.1_33474867_33954171_0	0.0625377295594462 Reich
I16553 chr1_chm13_103304997_103901127_0$HG01358#1#JAGYZB010000020.1_27445742_27855492_1	0.0625374125976691 Reich
I16553 HG01358#1#JAGYZB010000020.1_27445742_27855492_1$HG01099.verkko_filt_pat.fa:haplotype2_0000583_143544270_144046196_1	0.0625344469689980 Reich
I16553 AV_HG01106#haplotype1#0000048:16666181_17262214$HG02055#2#JAHEPJ010000017.1_24870122_25298560_1	0.0625274688778743 Reich
I16553 HG00733#1#JAHEPQ010000019.1_46106835_46420495_0$HG002.verkko_filt_pat.fa:haplotype2_0000649_147937390_148315979_1	0.0625271100019726 Reich
I16553 HG01123#1#JAGYYZ010000015.1_51528240_51935090_0$HG02004.verkko_filt_mat.fa:haplotype1_0000022_97828542_98235483_0	0.0625267698730610 Reich
I16553 AV_HG02148#haplotype2#0002863:16304803_16712699$HG005#1#JAHEPO010000002.1_51519219_51926067_0	0.0625257348929675 Reich
I16553 HG01123#1#JAGYYZ010000015.1_51528240_51935090_0$HG02300.verkko_filt_pat.fa:haplotype2_0000620_143362344_143769323_1	0.0625216921241426 Reich
I16553 chr1_hg38_103456064_103863972_0$HG02622#1#JAHAOO010000002.1_16673678_17080663_0	0.0625200434209912 Reich
I16553 chr1_hg19_103998686_104406594_0$HG02622#1#JAHAOO010000002.1_16673678_17080663_0	0.0625200434209912 Reich
I16553 HG02818#2#JAHEOR010000010.1_31775319_32183091_1$HG01109#1#JAHEPA010000099.1_2104245_2511104_1	0.0625190301214442 Reich
I16553 AV_HG00673#haplotype2#0001165:24014011_24421797$HG03453#2#JAGYVV010000088.1_22597550_23005370_1	0.0625190087748769 Reich
I16553 HG03098#2#JAHEPL010000003.1_93803759_94117426_0$HG03540#2#JAGYVX010000148.1_1368955_1877115_0	0.0625158738507796 Reich
I16553 HG01123#1#JAGYYZ010000015.1_51528240_51935090_0$NA19240#1#JAHEOM010000047.1_30103390_30511199_1	0.0625151142298836 Reich
I16553 NA18906#1#JAHEOO010000054.1_2103477_2510435_1$HG002.verkko_filt_mat.fa:haplotype1_0000005_138228497_138636354_1	0.0625080389935806 Reich
I16553 HG01928#1#JAGYVQ010000053.1_16676493_17083407_0$NA18906#1#JAHEOO010000054.1_2103477_2510435_1	0.0625060172373875 Reich
I16553 HG03486#1#JAHEOQ010000123.1_16677696_17085575_0$HG02818#1#JAHEOS010000101.1_89626_496613_0	0.0625045900831476 Reich
I16553 HG02622#1#JAHAOO010000002.1_16673678_17080663_0$HG02486#2#JAGYVL010000029.1_94163344_94570162_0	0.0625042706468888 Reich
I16553 HG02622#1#JAHAOO010000002.1_16673678_17080663_0$HG03710.verkko_filt_pat.fa:haplotype2_0000488_101614437_102218208_0	0.0625039506483221 Reich
I16553 HG01123#2#JAGYYY010000006.1_51579630_51892388_0$HG03540#2#JAGYVX010000148.1_1368955_1877115_0	0.0625021468906831 Reich
I16553 NA19240#1#JAHEOM010000047.1_30103390_30511199_1$HG03579#1#JAGYVU010000029.1_91404_499180_0	0.0625003858134129 Reich
I16553 HG01978#2#JAGYVR010000007.1_51532241_51939176_0$HG03516#2#JAGYYS010000004.1_24452130_24859892_1	0.0624983746377993 Reich
I16553 HG00621#1#JAHBCD010000034.1_2122997_2624098_1$HG02647.verkko_filt_pat.fa:haplotype2_0000857_103738150_104051769_0	0.0624960011770519 Reich
I16553 AV_HG02257#haplotype2#0001152:102843493_103251377$HG03486#1#JAHEOQ010000123.1_16677696_17085575_0	0.0624955265116194 Reich
I16553 HG03540#2#JAGYVX010000148.1_1368955_1877115_0$HG04228.verkko_filt_pat.fa:haplotype2_0000600_103806749_104119491_0	0.0624952039158661 Reich
I16553 HG03516#1#JAGYYT010000012.1_24170958_24578778_1$HG03516#2#JAGYYS010000004.1_24452130_24859892_1	0.0624937055177338 Reich
I16553 AV_HG01361#haplotype1#0000023:101593539_102001341$HG02080#1#JAHEOW010000048.1_16689583_17097287_0	0.0624900902608951 Reich
I16553 HG01258#1#JAGYYV010000004.1_56955948_57456952_1$NA18906#1#JAHEOO010000054.1_2103477_2510435_1	0.0624887647096801 Reich
I16553 HG01258#1#JAGYYV010000004.1_56955948_57456952_1$HG00733#1#JAHEPQ010000019.1_46106835_46420495_0	0.0624877608733932 Reich
I16553 HG02886#1#JAHAOU010000178.1_62411_469262_0$HG02622#1#JAHAOO010000002.1_16673678_17080663_0	0.0624864436928788 Reich
I16553 HG00438#1#JAHBCB010000015.1_33474867_33954171_0$HG03540#2#JAGYVX010000148.1_1368955_1877115_0	0.0624825441795693 Reich
I16553 HG02109#1#JAHEPG010000026.1_16673035_17080816_0$HG002.verkko_filt_pat.fa:haplotype2_0000649_147937390_148315979_1	0.0624794158567868 Reich
I16553 HG01258#1#JAGYYV010000004.1_56955948_57456952_1$HG03927.verkko_filt_mat.fa:haplotype1_0000009_134765170_135173010_1	0.0624793646770972 Reich
I16553 AV_HG02148#haplotype2#0002863:16304803_16712699$HG01123#1#JAGYYZ010000015.1_51528240_51935090_0	0.0624766351718653 Reich
I16553 HG00741#1#JAHALY010000007.1_18781197_19307680_1$chr1_chm13_103304997_103901127_0	0.0624741341376879 Reich
I16553 HG01258#1#JAGYYV010000004.1_56955948_57456952_1$HG03710.verkko_filt_mat.fa:haplotype1_0000029_102593394_102907063_0	0.0624714624513812 Reich
I16553 AV_HG01106#haplotype1#0000048:16666181_17262214$HG02647.verkko_filt_mat.fa:haplotype1_0000002_103892584_104321036_0	0.0624710437850145 Reich
I16553 HG03540#1#JAGYVY010000208.1_95187_596142_0$HG01358#1#JAGYZB010000020.1_27445742_27855492_1	0.0624664549379407 Reich
I16553 NA18906#1#JAHEOO010000054.1_2103477_2510435_1$HG02300.verkko_filt_mat.fa:haplotype1_0000028_144052837_144460586_1	0.0624661177168889 Reich
I16553 HG01071#1#JAHBCF010000053.1_26607100_27108065_1$HG02004.verkko_filt_mat.fa:haplotype1_0000022_97828542_98235483_0	0.0624644741347546 Reich
I16553 HG03453#2#JAGYVV010000088.1_22597550_23005370_1$HG03579#1#JAGYVU010000029.1_91404_499180_0	0.0624639879551409 Reich
I16553 HG02486#1#JAGYVM010000007.1_28868414_29370339_1$HG03579#1#JAGYVU010000029.1_91404_499180_0	0.0624638220902017 Reich
I16553 HG00741#1#JAHALY010000007.1_18781197_19307680_1$HG01099.verkko_filt_pat.fa:haplotype2_0000583_143544270_144046196_1	0.0624636736807113 Reich
I16553 HG01071#1#JAHBCF010000053.1_26607100_27108065_1$HG02300.verkko_filt_pat.fa:haplotype2_0000620_143362344_143769323_1	0.0624629492552533 Reich
I16553 HG02717#2#JAHAOR010000006.1_19663827_20070693_1$HG002.verkko_filt_mat.fa:haplotype1_0000005_138228497_138636354_1	0.0624614182316061 Reich
I16553 HG00741#2#JAHALX010000013.1_51574319_51981226_0$HG002.verkko_filt_mat.fa:haplotype1_0000005_138228497_138636354_1	0.0624598285263206 Reich
I16553 NA18906#1#JAHEOO010000054.1_2103477_2510435_1$HG01099.verkko_filt_mat.fa:haplotype1_0000034_142513097_142920876_1	0.0624593404164044 Reich
I16553 NA18906#1#JAHEOO010000054.1_2103477_2510435_1$HG005#2#JAHEPN010000023.1_51542210_51950070_0	0.0624555564151249 Reich
I16553 HG02080#1#JAHEOW010000048.1_16689583_17097287_0$HG02559#2#JAGYVJ010000037.1_52167780_52574597_1	0.0624552027012545 Reich
I16553 HG03098#1#JAHEPM010000059.1_16676208_17105596_0$HG02004.verkko_filt_pat.fa:haplotype2_0000813_139386576_140076845_1	0.0624545165313460 Reich
I16553 HG01928#1#JAGYVQ010000053.1_16676493_17083407_0$HG02717#2#JAHAOR010000006.1_19663827_20070693_1	0.0624533680424663 Reich
I16553 HG02055#2#JAHEPJ010000017.1_24870122_25298560_1$chr1_chm13_103304997_103901127_0	0.0624515450023222 Reich
I16553 HG02080#1#JAHEOW010000048.1_16689583_17097287_0$HG01978#2#JAGYVR010000007.1_51532241_51939176_0	0.0624485514280606 Reich
I16553 HG01928#1#JAGYVQ010000053.1_16676493_17083407_0$HG02145#2#JAHKSF010000206.1_1005292_1413195_1	0.0624474358970135 Reich
I16553 HG01928#1#JAGYVQ010000053.1_16676493_17083407_0$HG00741#2#JAHALX010000013.1_51574319_51981226_0	0.0624431026370953 Reich
I16553 HG02630#2#JAHAOP010000089.1_16669255_17076135_0$HG01071#1#JAHBCF010000053.1_26607100_27108065_1	0.0624427376941512 Reich
I16553 HG01109#1#JAHEPA010000099.1_2104245_2511104_1$HG02071.verkko_filt_mat.fa:haplotype1_0000041_103610513_104018399_0	0.0624423295090666 Reich
I16553 HG02145#2#JAHKSF010000206.1_1005292_1413195_1$HG01258#1#JAGYYV010000004.1_56955948_57456952_1	0.0624418157060008 Reich
I16553 HG01928#1#JAGYVQ010000053.1_16676493_17083407_0$HG03927.verkko_filt_mat.fa:haplotype1_0000009_134765170_135173010_1	0.0624418141063344 Reich
I16553 HG02630#1#JAHAOQ010000102.1_16672145_17079089_0$HG002.verkko_filt_mat.fa:haplotype1_0000005_138228497_138636354_1	0.0624377853845474 Reich
I16553 HG02723#1#JAHEOU010000204.1_2102082_2414876_1$HG03540#2#JAGYVX010000148.1_1368955_1877115_0	0.0624372708070487 Reich
I16553 HG02080#1#JAHEOW010000048.1_16689583_17097287_0$NA19240#2#JAHEOL010000010.1_37445323_37853017_0	0.0624342567530383 Reich
I16553 HG02630#1#JAHAOQ010000102.1_16672145_17079089_0$HG01928#1#JAGYVQ010000053.1_16676493_17083407_0	0.0624311788587398 Reich
I16553 HG02630#1#JAHAOQ010000102.1_16672145_17079089_0$HG01258#1#JAGYYV010000004.1_56955948_57456952_1	0.0624307459977025 Reich
I16553 HG02717#1#JAHAOS010000015.1_16660311_17067250_0$HG002.verkko_filt_mat.fa:haplotype1_0000005_138228497_138636354_1	0.0624292134576451 Reich
I16553 AV_HG01106#haplotype1#0000048:16666181_17262214$HG03492#1#JAHEPI010000180.1_2103395_2543326_1	0.0624251141320704 Reich
I16553 HG02717#1#JAHAOS010000015.1_16660311_17067250_0$HG01258#1#JAGYYV010000004.1_56955948_57456952_1	0.0624249654298283 Reich
I16553 HG005#1#JAHEPO010000002.1_51519219_51926067_0$HG02630#2#JAHAOP010000089.1_16669255_17076135_0	0.0624244553468878 Reich
I16553 HG02145#2#JAHKSF010000206.1_1005292_1413195_1$HG002.verkko_filt_mat.fa:haplotype1_0000005_138228497_138636354_1	0.0624239229749372 Reich
I16553 HG005#1#JAHEPO010000002.1_51519219_51926067_0$HG03453#2#JAGYVV010000088.1_22597550_23005370_1	0.0624231596005730 Reich
I16553 HG02886#2#JAHAOT010000031.1_87393_401061_0$HG02486#1#JAGYVM010000007.1_28868414_29370339_1	0.0624229015976608 Reich
I16553 AV_HG01361#haplotype1#0000023:101593539_102001341$HG01071#1#JAHBCF010000053.1_26607100_27108065_1	0.0624219881881100 Reich
I16553 HG03927.verkko_filt_mat.fa:haplotype1_0000009_134765170_135173010_1$HG002.verkko_filt_mat.fa:haplotype1_0000005_138228497_138636354_1	0.0624218696180018 Reich
I16553 HG00621#2#JAHBCC010000031.1_16669999_17077865_0$NA18906#1#JAHEOO010000054.1_2103477_2510435_1	0.0624203854668941 Reich
I16553 HG03540#2#JAGYVX010000148.1_1368955_1877115_0$HG03710.verkko_filt_pat.fa:haplotype2_0000488_101614437_102218208_0	0.0624201337260326 Reich
I16553 AV_HG01175#haplotype1#0000070:46006269_46414083$NA18906#1#JAHEOO010000054.1_2103477_2510435_1	0.0624198662899411 Reich
I16553 AV_HG02148#haplotype2#0002863:16304803_16712699$HG01071#1#JAHBCF010000053.1_26607100_27108065_1	0.0624172638330252 Reich
I16553 AV_HG01361#haplotype1#0000023:101593539_102001341$HG03579#1#JAGYVU010000029.1_91404_499180_0	0.0624169145560257 Reich
I16553 HG00741#1#JAHALY010000007.1_18781197_19307680_1$HG03540#1#JAGYVY010000208.1_95187_596142_0	0.0624161671779547 Reich
I16553 HG02717#1#JAHAOS010000015.1_16660311_17067250_0$HG01928#1#JAGYVQ010000053.1_16676493_17083407_0	0.0624086420693267 Reich
I16553 HG005#2#JAHEPN010000023.1_51542210_51950070_0$HG02717#2#JAHAOR010000006.1_19663827_20070693_1	0.0624060618221281 Reich
I16553 HG005#2#JAHEPN010000023.1_51542210_51950070_0$HG00741#2#JAHALX010000013.1_51574319_51981226_0	0.0624040760214227 Reich
I16553 HG00438#1#JAHBCB010000015.1_33474867_33954171_0$HG002.verkko_filt_mat.fa:haplotype1_0000005_138228497_138636354_1	0.0624003546387784 Reich
I16553 HG00621#1#JAHBCD010000034.1_2122997_2624098_1$HG01358#1#JAGYZB010000020.1_27445742_27855492_1	0.0623995384082718 Reich
I16553 HG01109#1#JAHEPA010000099.1_2104245_2511104_1$HG03710.verkko_filt_pat.fa:haplotype2_0000488_101614437_102218208_0	0.0623985202787941 Reich
I16553 HG01928#1#JAGYVQ010000053.1_16676493_17083407_0$HG00438#1#JAHBCB010000015.1_33474867_33954171_0	0.0623973035532097 Reich
I16553 HG03098#1#JAHEPM010000059.1_16676208_17105596_0$HG01099.verkko_filt_pat.fa:haplotype2_0000583_143544270_144046196_1	0.0623950137641977 Reich
I16553 HG005#1#JAHEPO010000002.1_51519219_51926067_0$HG02486#1#JAGYVM010000007.1_28868414_29370339_1	0.0623949535709786 Reich
I16553 HG03486#1#JAHEOQ010000123.1_16677696_17085575_0$HG02622#1#JAHAOO010000002.1_16673678_17080663_0	0.0623937678577835 Reich
I16553 HG02559#2#JAGYVJ010000037.1_52167780_52574597_1$HG03579#1#JAGYVU010000029.1_91404_499180_0	0.0623933723801762 Reich
I16553 HG01109#1#JAHEPA010000099.1_2104245_2511104_1$chr1_hg38_103456064_103863972_0	0.0623896460223975 Reich
I16553 HG01109#1#JAHEPA010000099.1_2104245_2511104_1$chr1_hg19_103998686_104406594_0	0.0623896460223975 Reich
I16553 HG02717#1#JAHAOS010000015.1_16660311_17067250_0$HG02300.verkko_filt_mat.fa:haplotype1_0000028_144052837_144460586_1	0.0623887316158397 Reich
I16553 chr1_chm13_103304997_103901127_0$HG02647.verkko_filt_mat.fa:haplotype1_0000002_103892584_104321036_0	0.0623885466974808 Reich
I16553 HG02717#1#JAHAOS010000015.1_16660311_17067250_0$HG01099.verkko_filt_mat.fa:haplotype1_0000034_142513097_142920876_1	0.0623866494407875 Reich
I16553 HG02630#1#JAHAOQ010000102.1_16672145_17079089_0$HG02300.verkko_filt_mat.fa:haplotype1_0000028_144052837_144460586_1	0.0623843072430256 Reich
I16553 HG01109#1#JAHEPA010000099.1_2104245_2511104_1$HG02486#2#JAGYVL010000029.1_94163344_94570162_0	0.0623842373529350 Reich
I16553 HG03710.verkko_filt_mat.fa:haplotype1_0000029_102593394_102907063_0$HG002.verkko_filt_pat.fa:haplotype2_0000649_147937390_148315979_1	0.0623833906950039 Reich
I16553 HG02630#1#JAHAOQ010000102.1_16672145_17079089_0$HG005#2#JAHEPN010000023.1_51542210_51950070_0	0.0623827786812934 Reich
I16553 HG02145#2#JAHKSF010000206.1_1005292_1413195_1$HG02300.verkko_filt_mat.fa:haplotype1_0000028_144052837_144460586_1	0.0623823386429934 Reich
I16553 AV_HG01175#haplotype1#0000070:46006269_46414083$HG00741#2#JAHALX010000013.1_51574319_51981226_0	0.0623817928688852 Reich
I16553 AV_HG01175#haplotype1#0000070:46006269_46414083$HG02717#2#JAHAOR010000006.1_19663827_20070693_1	0.0623812164078513 Reich
I16553 AV_HG01106#haplotype1#0000048:16666181_17262214$HG02109#1#JAHEPG010000026.1_16673035_17080816_0	0.0623810431776229 Reich
I16553 HG02630#2#JAHAOP010000089.1_16669255_17076135_0$HG01123#1#JAGYYZ010000015.1_51528240_51935090_0	0.0623780158495995 Reich
I16553 HG01123#1#JAGYYZ010000015.1_51528240_51935090_0$HG03453#2#JAGYVV010000088.1_22597550_23005370_1	0.0623776648023843 Reich
I16553 HG02145#2#JAHKSF010000206.1_1005292_1413195_1$HG005#2#JAHEPN010000023.1_51542210_51950070_0	0.0623768213161858 Reich
I16553 HG02630#1#JAHAOQ010000102.1_16672145_17079089_0$HG01099.verkko_filt_mat.fa:haplotype1_0000034_142513097_142920876_1	0.0623759815647231 Reich
I16553 HG02145#2#JAHKSF010000206.1_1005292_1413195_1$HG01099.verkko_filt_mat.fa:haplotype1_0000034_142513097_142920876_1	0.0623750694265201 Reich
I16553 HG03579#1#JAGYVU010000029.1_91404_499180_0$NA19240#2#JAHEOL010000010.1_37445323_37853017_0	0.0623745692902588 Reich
I16553 HG00621#2#JAHBCC010000031.1_16669999_17077865_0$HG02717#2#JAHAOR010000006.1_19663827_20070693_1	0.0623729440654957 Reich
I16553 AV_HG02257#haplotype2#0001152:102843493_103251377$HG01258#1#JAGYYV010000004.1_56955948_57456952_1	0.0623724883571158 Reich
I16553 AV_HG00673#haplotype2#0001165:24014011_24421797$AV_HG01361#haplotype1#0000023:101593539_102001341	0.0623722479585720 Reich
I16553 HG01109#1#JAHEPA010000099.1_2104245_2511104_1$HG02886#1#JAHAOU010000178.1_62411_469262_0	0.0623721373309261 Reich
I16553 AV_HG01361#haplotype1#0000023:101593539_102001341$HG005#1#JAHEPO010000002.1_51519219_51926067_0	0.0623719102540813 Reich
I16553 HG03579#2#JAGYVT010000094.1_51581892_51895531_0$HG02293.verkko_filt_pat.fa:haplotype2_0000836_148310532_148812524_1	0.0623713652281229 Reich
I16553 HG02080#1#JAHEOW010000048.1_16689583_17097287_0$HG03516#1#JAGYYT010000012.1_24170958_24578778_1	0.0623685344298093 Reich
I16553 HG005#2#JAHEPN010000023.1_51542210_51950070_0$HG03927.verkko_filt_mat.fa:haplotype1_0000009_134765170_135173010_1	0.0623682771036203 Reich
I16553 HG02717#1#JAHAOS010000015.1_16660311_17067250_0$HG005#2#JAHEPN010000023.1_51542210_51950070_0	0.0623680139248781 Reich
I16553 AV_HG00673#haplotype2#0001165:24014011_24421797$HG02559#2#JAGYVJ010000037.1_52167780_52574597_1	0.0623667419679772 Reich
I16553 HG01258#1#JAGYYV010000004.1_56955948_57456952_1$HG02717#2#JAHAOR010000006.1_19663827_20070693_1	0.0623660411330562 Reich
I16553 HG01258#1#JAGYYV010000004.1_56955948_57456952_1$HG00741#2#JAHALX010000013.1_51574319_51981226_0	0.0623652489300717 Reich
I16553 HG01071#1#JAHBCF010000053.1_26607100_27108065_1$NA19240#2#JAHEOL010000010.1_37445323_37853017_0	0.0623642789341110 Reich
I16553 HG01891#1#JAGYVO010000014.1_22855818_23168577_1$HG02004.verkko_filt_pat.fa:haplotype2_0000813_139386576_140076845_1	0.0623628542765362 Reich
I16553 HG01258#1#JAGYYV010000004.1_56955948_57456952_1$HG02818#1#JAHEOS010000101.1_89626_496613_0	0.0623593897545569 Reich
I16553 AV_HG02257#haplotype2#0001152:102843493_103251377$HG01928#1#JAGYVQ010000053.1_16676493_17083407_0	0.0623558927477563 Reich
I16553 HG02559#1#JAGYVK010000012.1_51505852_51913611_0$NA18906#1#JAHEOO010000054.1_2103477_2510435_1	0.0623540549218359 Reich
I16553 HG02818#1#JAHEOS010000101.1_89626_496613_0$HG002.verkko_filt_mat.fa:haplotype1_0000005_138228497_138636354_1	0.0623532596470706 Reich
I16553 HG00621#2#JAHBCC010000031.1_16669999_17077865_0$HG00741#2#JAHALX010000013.1_51574319_51981226_0	0.0623508523310507 Reich
I16553 AV_HG01175#haplotype1#0000070:46006269_46414083$HG03927.verkko_filt_mat.fa:haplotype1_0000009_134765170_135173010_1	0.0623500794073606 Reich
I16553 AV_HG02257#haplotype2#0001152:102843493_103251377$HG002.verkko_filt_mat.fa:haplotype1_0000005_138228497_138636354_1	0.0623483438809058 Reich
I16553 HG00621#2#JAHBCC010000031.1_16669999_17077865_0$HG02630#1#JAHAOQ010000102.1_16672145_17079089_0	0.0623475732517538 Reich
I16553 HG00438#1#JAHBCB010000015.1_33474867_33954171_0$HG005#2#JAHEPN010000023.1_51542210_51950070_0	0.0623471533341926 Reich
I16553 AV_HG01175#haplotype1#0000070:46006269_46414083$HG02630#1#JAHAOQ010000102.1_16672145_17079089_0	0.0623470548054631 Reich
I16553 HG01928#1#JAGYVQ010000053.1_16676493_17083407_0$HG02818#1#JAHEOS010000101.1_89626_496613_0	0.0623468560547031 Reich
I16553 HG00741#2#JAHALX010000013.1_51574319_51981226_0$HG02300.verkko_filt_mat.fa:haplotype1_0000028_144052837_144460586_1	0.0623463397909021 Reich
I16553 HG00438#2#JAHBCA010000012.1_51513023_51826723_0$HG01258#1#JAGYYV010000004.1_56955948_57456952_1	0.0623438970524604 Reich
I16553 AV_HG01175#haplotype1#0000070:46006269_46414083$HG02145#2#JAHKSF010000206.1_1005292_1413195_1	0.0623426533933693 Reich
I16553 AV_HG00673#haplotype2#0001165:24014011_24421797$NA19240#2#JAHEOL010000010.1_37445323_37853017_0	0.0623402915279395 Reich
I16553 HG03098#1#JAHEPM010000059.1_16676208_17105596_0$HG03540#1#JAGYVY010000208.1_95187_596142_0	0.0623402332428947 Reich
I16553 HG01071#1#JAHBCF010000053.1_26607100_27108065_1$HG03453#2#JAGYVV010000088.1_22597550_23005370_1	0.0623392546585948 Reich
I16553 HG03492#2#JAHEPH010000288.1_2098270_2432686_1$HG01258#1#JAGYYV010000004.1_56955948_57456952_1	0.0623389352634124 Reich
I16553 HG01123#1#JAGYYZ010000015.1_51528240_51935090_0$HG02486#1#JAGYVM010000007.1_28868414_29370339_1	0.0623369143799301 Reich
I16553 HG00621#2#JAHBCC010000031.1_16669999_17077865_0$HG02717#1#JAHAOS010000015.1_16660311_17067250_0	0.0623343569099965 Reich
I16553 AV_HG01175#haplotype1#0000070:46006269_46414083$HG02717#1#JAHAOS010000015.1_16660311_17067250_0	0.0623338387933315 Reich
I16553 HG03492#1#JAHEPI010000180.1_2103395_2543326_1$chr1_chm13_103304997_103901127_0	0.0623336285316887 Reich
I16553 HG00621#1#JAHBCD010000034.1_2122997_2624098_1$HG00741#1#JAHALY010000007.1_18781197_19307680_1	0.0623336212900792 Reich
I16553 HG00741#2#JAHALX010000013.1_51574319_51981226_0$HG01099.verkko_filt_mat.fa:haplotype1_0000034_142513097_142920876_1	0.0623329214319489 Reich
I16553 HG03579#2#JAGYVT010000094.1_51581892_51895531_0$HG01978#1#JAGYVS010000002.1_51519970_52021951_0	0.0623328280382716 Reich
I16553 HG00438#2#JAHBCA010000012.1_51513023_51826723_0$HG002.verkko_filt_pat.fa:haplotype2_0000649_147937390_148315979_1	0.0623315443578442 Reich
I16553 HG00621#2#JAHBCC010000031.1_16669999_17077865_0$HG02145#2#JAHKSF010000206.1_1005292_1413195_1	0.0623302431905205 Reich
I16553 AV_HG01175#haplotype1#0000070:46006269_46414083$HG00438#1#JAHBCB010000015.1_33474867_33954171_0	0.0623285213998713 Reich
I16553 HG02717#2#JAHAOR010000006.1_19663827_20070693_1$HG02300.verkko_filt_mat.fa:haplotype1_0000028_144052837_144460586_1	0.0623255912748106 Reich
I16553 HG00621#2#JAHBCC010000031.1_16669999_17077865_0$HG03927.verkko_filt_mat.fa:haplotype1_0000009_134765170_135173010_1	0.0623248463622772 Reich
I16553 HG03579#2#JAGYVT010000094.1_51581892_51895531_0$HG02071.verkko_filt_pat.fa:haplotype2_0000736_102745972_103248026_0	0.0623243211103649 Reich
I16553 HG005#1#JAHEPO010000002.1_51519219_51926067_0$NA19240#2#JAHEOL010000010.1_37445323_37853017_0	0.0623238947208660 Reich
I16553 AV_HG02257#haplotype2#0001152:102843493_103251377$HG02300.verkko_filt_mat.fa:haplotype1_0000028_144052837_144460586_1	0.0623237620148719 Reich
I16553 AV_HG01361#haplotype1#0000023:101593539_102001341$HG01123#1#JAGYYZ010000015.1_51528240_51935090_0	0.0623227489501260 Reich
I16553 HG00621#2#JAHBCC010000031.1_16669999_17077865_0$HG00438#1#JAHBCB010000015.1_33474867_33954171_0	0.0623197916927390 Reich
I16553 AV_HG00673#haplotype2#0001165:24014011_24421797$HG01978#2#JAGYVR010000007.1_51532241_51939176_0	0.0623196486757472 Reich
I16553 HG02717#2#JAHAOR010000006.1_19663827_20070693_1$HG01099.verkko_filt_mat.fa:haplotype1_0000034_142513097_142920876_1	0.0623183570313020 Reich
I16553 HG02080#1#JAHEOW010000048.1_16689583_17097287_0$HG03516#2#JAGYYS010000004.1_24452130_24859892_1	0.0623180987120503 Reich
I16553 HG02818#1#JAHEOS010000101.1_89626_496613_0$HG02300.verkko_filt_mat.fa:haplotype1_0000028_144052837_144460586_1	0.0623172762124081 Reich
I16553 AV_HG02257#haplotype2#0001152:102843493_103251377$HG01099.verkko_filt_mat.fa:haplotype1_0000034_142513097_142920876_1	0.0623164980521754 Reich
I16553 HG02647.verkko_filt_pat.fa:haplotype2_0000857_103738150_104051769_0$HG02293.verkko_filt_pat.fa:haplotype2_0000836_148310532_148812524_1	0.0623145559606019 Reich
I16553 NA18906#1#JAHEOO010000054.1_2103477_2510435_1$NA19240#1#JAHEOM010000047.1_30103390_30511199_1	0.0623115719913623 Reich
I16553 HG02818#1#JAHEOS010000101.1_89626_496613_0$HG01099.verkko_filt_mat.fa:haplotype1_0000034_142513097_142920876_1	0.0623100145170123 Reich
I16553 HG03540#2#JAGYVX010000148.1_1368955_1877115_0$HG02293.verkko_filt_mat.fa:haplotype1_0000039_30204405_30517145_1	0.0623024472636490 Reich
I16553 HG005#2#JAHEPN010000023.1_51542210_51950070_0$HG02818#1#JAHEOS010000101.1_89626_496613_0	0.0623020891894124 Reich
I16553 HG03927.verkko_filt_mat.fa:haplotype1_0000009_134765170_135173010_1$HG02300.verkko_filt_mat.fa:haplotype1_0000028_144052837_144460586_1	0.0622996709499486 Reich
I16553 HG03492#1#JAHEPI010000180.1_2103395_2543326_1$HG01099.verkko_filt_pat.fa:haplotype2_0000583_143544270_144046196_1	0.0622976277370892 Reich
I16553 HG01978#2#JAGYVR010000007.1_51532241_51939176_0$HG03579#1#JAGYVU010000029.1_91404_499180_0	0.0622925409962284 Reich
I16553 AV_HG02257#haplotype2#0001152:102843493_103251377$HG005#2#JAHEPN010000023.1_51542210_51950070_0	0.0622894452275675 Reich
I16553 HG03927.verkko_filt_mat.fa:haplotype1_0000009_134765170_135173010_1$HG01099.verkko_filt_mat.fa:haplotype1_0000034_142513097_142920876_1	0.0622862826945852 Reich
I16553 HG01071#1#JAHBCF010000053.1_26607100_27108065_1$HG03516#1#JAGYYT010000012.1_24170958_24578778_1	0.0622853198985615 Reich
I16553 HG02109#1#JAHEPG010000026.1_16673035_17080816_0$chr1_chm13_103304997_103901127_0	0.0622833310871029 Reich
I16553 HG01109#1#JAHEPA010000099.1_2104245_2511104_1$HG03486#1#JAHEOQ010000123.1_16677696_17085575_0	0.0622826880782063 Reich
I16553 HG02559#1#JAGYVK010000012.1_51505852_51913611_0$HG02717#1#JAHAOS010000015.1_16660311_17067250_0	0.0622825467912888 Reich
I16553 HG01258#1#JAGYYV010000004.1_56955948_57456952_1$HG02622#1#JAHAOO010000002.1_16673678_17080663_0	0.0622780143759739 Reich
I16553 HG01978#1#JAGYVS010000002.1_51519970_52021951_0$HG02647.verkko_filt_pat.fa:haplotype2_0000857_103738150_104051769_0	0.0622779581244386 Reich
I16553 HG03516#1#JAGYYT010000012.1_24170958_24578778_1$HG03579#1#JAGYVU010000029.1_91404_499180_0	0.0622760123012392 Reich
I16553 HG01258#1#JAGYYV010000004.1_56955948_57456952_1$HG02109#2#JAHEPF010000078.1_16678387_16991144_0	0.0622759899080431 Reich
I16553 HG03579#2#JAGYVT010000094.1_51581892_51895531_0$HG04228.verkko_filt_mat.fa:haplotype1_0000023_103429213_103930285_0	0.0622757555834539 Reich
I16553 HG01123#1#JAGYYZ010000015.1_51528240_51935090_0$NA19240#2#JAHEOL010000010.1_37445323_37853017_0	0.0622752621911758 Reich
I16553 HG02559#1#JAGYVK010000012.1_51505852_51913611_0$HG02630#1#JAHAOQ010000102.1_16672145_17079089_0	0.0622719322205360 Reich
I16553 HG01358#1#JAGYZB010000020.1_27445742_27855492_1$HG02293.verkko_filt_pat.fa:haplotype2_0000836_148310532_148812524_1	0.0622716611151163 Reich
I16553 AV_HG01175#haplotype1#0000070:46006269_46414083$HG02818#1#JAHEOS010000101.1_89626_496613_0	0.0622699505395310 Reich
I16553 HG02647.verkko_filt_pat.fa:haplotype2_0000857_103738150_104051769_0$HG02071.verkko_filt_pat.fa:haplotype2_0000736_102745972_103248026_0	0.0622680555258576 Reich
I16553 HG01978#1#JAGYVS010000002.1_51519970_52021951_0$HG01358#1#JAGYZB010000020.1_27445742_27855492_1	0.0622665682472379 Reich
I16553 HG00621#2#JAHBCC010000031.1_16669999_17077865_0$HG02818#1#JAHEOS010000101.1_89626_496613_0	0.0622658188008182 Reich
I16553 HG00438#1#JAHBCB010000015.1_33474867_33954171_0$HG02300.verkko_filt_mat.fa:haplotype1_0000028_144052837_144460586_1	0.0622624717991708 Reich
I16553 HG02109#1#JAHEPG010000026.1_16673035_17080816_0$HG01099.verkko_filt_pat.fa:haplotype2_0000583_143544270_144046196_1	0.0622615550752851 Reich
I16553 HG02559#1#JAGYVK010000012.1_51505852_51913611_0$HG02145#2#JAHKSF010000206.1_1005292_1413195_1	0.0622614297294688 Reich
I16553 AV_HG01175#haplotype1#0000070:46006269_46414083$AV_HG02257#haplotype2#0001152:102843493_103251377	0.0622609134291514 Reich
I16553 AV_HG02257#haplotype2#0001152:102843493_103251377$HG00621#2#JAHBCC010000031.1_16669999_17077865_0	0.0622593646052608 Reich
I16553 HG01358#1#JAGYZB010000020.1_27445742_27855492_1$HG02004.verkko_filt_pat.fa:haplotype2_0000813_139386576_140076845_1	0.0622524808605939 Reich
I16553 HG02622#1#JAHAOO010000002.1_16673678_17080663_0$HG002.verkko_filt_mat.fa:haplotype1_0000005_138228497_138636354_1	0.0622523319684809 Reich
I16553 HG00438#1#JAHBCB010000015.1_33474867_33954171_0$HG03710.verkko_filt_pat.fa:haplotype2_0000488_101614437_102218208_0	0.0622514213947155 Reich
I16553 HG00438#1#JAHBCB010000015.1_33474867_33954171_0$HG01099.verkko_filt_mat.fa:haplotype1_0000034_142513097_142920876_1	0.0622497923424058 Reich
I16553 HG03098#2#JAHEPL010000003.1_93803759_94117426_0$HG01258#1#JAGYYV010000004.1_56955948_57456952_1	0.0622479549187696 Reich
I16553 AV_HG00673#haplotype2#0001165:24014011_24421797$HG03516#1#JAGYYT010000012.1_24170958_24578778_1	0.0622439471615761 Reich
I16553 HG03492#1#JAHEPI010000180.1_2103395_2543326_1$HG03540#1#JAGYVY010000208.1_95187_596142_0	0.0622433034785731 Reich
I16553 HG01358#1#JAGYZB010000020.1_27445742_27855492_1$HG02071.verkko_filt_pat.fa:haplotype2_0000736_102745972_103248026_0	0.0622399052273690 Reich
I16553 NA18906#1#JAHEOO010000054.1_2103477_2510435_1$HG02300.verkko_filt_pat.fa:haplotype2_0000620_143362344_143769323_1	0.0622366716868613 Reich
I16553 HG02717#1#JAHAOS010000015.1_16660311_17067250_0$NA19240#1#JAHEOM010000047.1_30103390_30511199_1	0.0622359865833442 Reich
I16553 HG01928#1#JAGYVQ010000053.1_16676493_17083407_0$HG02622#1#JAHAOO010000002.1_16673678_17080663_0	0.0622358967412473 Reich
I16553 NA18906#1#JAHEOO010000054.1_2103477_2510435_1$HG02004.verkko_filt_mat.fa:haplotype1_0000022_97828542_98235483_0	0.0622336613131247 Reich
I16553 HG02559#1#JAGYVK010000012.1_51505852_51913611_0$HG00741#2#JAHALX010000013.1_51574319_51981226_0	0.0622317889985057 Reich
I16553 HG02630#1#JAHAOQ010000102.1_16672145_17079089_0$NA19240#1#JAHEOM010000047.1_30103390_30511199_1	0.0622279784162998 Reich
I16553 HG03579#2#JAGYVT010000094.1_51581892_51895531_0$HG02080#2#JAHEOV010000017.1_16662177_17164189_0	0.0622278838145441 Reich
I16553 HG02559#1#JAGYVK010000012.1_51505852_51913611_0$HG02717#2#JAHAOR010000006.1_19663827_20070693_1	0.0622278838145441 Reich
I16553 AV_HG00673#haplotype2#0001165:24014011_24421797$HG03516#2#JAGYYS010000004.1_24452130_24859892_1	0.0622276391661981 Reich
I16553 HG02559#2#JAGYVJ010000037.1_52167780_52574597_1$HG01071#1#JAHBCF010000053.1_26607100_27108065_1	0.0622276388611260 Reich
I16553 HG00741#1#JAHALY010000007.1_18781197_19307680_1$HG02004.verkko_filt_pat.fa:haplotype2_0000813_139386576_140076845_1	0.0622249699231258 Reich
I16553 HG02622#1#JAHAOO010000002.1_16673678_17080663_0$HG02300.verkko_filt_mat.fa:haplotype1_0000028_144052837_144460586_1	0.0622238463781199 Reich
I16553 HG005#1#JAHEPO010000002.1_51519219_51926067_0$HG03516#1#JAGYYT010000012.1_24170958_24578778_1	0.0622202403313303 Reich
I16553 HG04228.verkko_filt_mat.fa:haplotype1_0000023_103429213_103930285_0$HG02647.verkko_filt_pat.fa:haplotype2_0000857_103738150_104051769_0	0.0622189575429290 Reich
I16553 HG02109#1#JAHEPG010000026.1_16673035_17080816_0$HG03540#1#JAGYVY010000208.1_95187_596142_0	0.0622174136816254 Reich
I16553 HG01258#1#JAGYYV010000004.1_56955948_57456952_1$HG01243#1#JAHEOY010000013.1_90081_424495_0	0.0622156656637317 Reich
I16553 HG02622#1#JAHAOO010000002.1_16673678_17080663_0$HG01099.verkko_filt_mat.fa:haplotype1_0000034_142513097_142920876_1	0.0622155847705250 Reich
I16553 HG03492#1#JAHEPI010000180.1_2103395_2543326_1$HG002.verkko_filt_pat.fa:haplotype2_0000649_147937390_148315979_1	0.0622150140785721 Reich
I16553 HG005#1#JAHEPO010000002.1_51519219_51926067_0$HG01978#2#JAGYVR010000007.1_51532241_51939176_0	0.0622114083218571 Reich
I16553 HG02145#2#JAHKSF010000206.1_1005292_1413195_1$NA19240#1#JAHEOM010000047.1_30103390_30511199_1	0.0622088331651471 Reich
I16553 HG00621#1#JAHBCD010000034.1_2122997_2624098_1$HG03098#1#JAHEPM010000059.1_16676208_17105596_0	0.0622079130626170 Reich
I16553 HG00741#1#JAHALY010000007.1_18781197_19307680_1$HG01978#1#JAGYVS010000002.1_51519970_52021951_0	0.0622065745442847 Reich
I16553 HG03579#2#JAGYVT010000094.1_51581892_51895531_0$HG03927.verkko_filt_pat.fa:haplotype2_0000800_29002142_29504057_1	0.0622065474083797 Reich
I16553 HG00741#1#JAHALY010000007.1_18781197_19307680_1$HG02293.verkko_filt_pat.fa:haplotype2_0000836_148310532_148812524_1	0.0622025885046423 Reich
I16553 AV_HG02257#haplotype2#0001152:102843493_103251377$HG02559#1#JAGYVK010000012.1_51505852_51913611_0	0.0622019087186371 Reich
I16553 HG02559#1#JAGYVK010000012.1_51505852_51913611_0$HG03927.verkko_filt_mat.fa:haplotype1_0000009_134765170_135173010_1	0.0622002378630711 Reich
I16553 HG01358#1#JAGYZB010000020.1_27445742_27855492_1$HG04228.verkko_filt_mat.fa:haplotype1_0000023_103429213_103930285_0	0.0621980680378519 Reich
I16553 HG02622#1#JAHAOO010000002.1_16673678_17080663_0$HG005#2#JAHEPN010000023.1_51542210_51950070_0	0.0621978135282150 Reich
I16553 HG02717#2#JAHAOR010000006.1_19663827_20070693_1$HG02004.verkko_filt_mat.fa:haplotype1_0000022_97828542_98235483_0	0.0621954475032748 Reich
I16553 HG02559#1#JAGYVK010000012.1_51505852_51913611_0$HG00438#1#JAHBCB010000015.1_33474867_33954171_0	0.0621953983206012 Reich
I16553 HG02717#2#JAHAOR010000006.1_19663827_20070693_1$HG02300.verkko_filt_pat.fa:haplotype2_0000620_143362344_143769323_1	0.0621936558449483 Reich
I16553 HG01071#1#JAHBCF010000053.1_26607100_27108065_1$HG03710.verkko_filt_pat.fa:haplotype2_0000488_101614437_102218208_0	0.0621930938472505 Reich
I16553 AV_HG02148#haplotype2#0002863:16304803_16712699$NA18906#1#JAHEOO010000054.1_2103477_2510435_1	0.0621896000810371 Reich
I16553 HG02559#1#JAGYVK010000012.1_51505852_51913611_0$HG02818#1#JAHEOS010000101.1_89626_496613_0	0.0621892728416975 Reich
I16553 HG02004.verkko_filt_mat.fa:haplotype1_0000022_97828542_98235483_0$HG03927.verkko_filt_mat.fa:haplotype1_0000009_134765170_135173010_1	0.0621883131902630 Reich
I16553 NA18906#1#JAHEOO010000054.1_2103477_2510435_1$HG02486#1#JAGYVM010000007.1_28868414_29370339_1	0.0621878820123181 Reich
I16553 HG02145#2#JAHKSF010000206.1_1005292_1413195_1$HG02004.verkko_filt_mat.fa:haplotype1_0000022_97828542_98235483_0	0.0621877261206025 Reich
I16553 NA19240#1#JAHEOM010000047.1_30103390_30511199_1$HG02717#2#JAHAOR010000006.1_19663827_20070693_1	0.0621872863874364 Reich
I16553 HG00741#2#JAHALX010000013.1_51574319_51981226_0$HG02004.verkko_filt_mat.fa:haplotype1_0000022_97828542_98235483_0	0.0621849762670252 Reich
I16553 HG02630#2#JAHAOP010000089.1_16669255_17076135_0$HG03927.verkko_filt_mat.fa:haplotype1_0000009_134765170_135173010_1	0.0621835838676163 Reich
I16553 HG01123#1#JAGYYZ010000015.1_51528240_51935090_0$HG03516#1#JAGYYT010000012.1_24170958_24578778_1	0.0621824097684886 Reich
I16553 HG02145#2#JAHKSF010000206.1_1005292_1413195_1$HG02300.verkko_filt_pat.fa:haplotype2_0000620_143362344_143769323_1	0.0621797854146454 Reich
I16553 HG01071#1#JAHBCF010000053.1_26607100_27108065_1$HG03516#2#JAGYYS010000004.1_24452130_24859892_1	0.0621790008479495 Reich
I16553 AV_HG01106#haplotype1#0000048:16666181_17262214$HG02809.verkko_filt_mat.fa:haplotype1_0000023_94161320_94589755_0	0.0621778671062600 Reich
I16553 HG00741#1#JAHALY010000007.1_18781197_19307680_1$HG02071.verkko_filt_pat.fa:haplotype2_0000736_102745972_103248026_0	0.0621771201081016 Reich
I16553 HG01071#1#JAHBCF010000053.1_26607100_27108065_1$HG01978#2#JAGYVR010000007.1_51532241_51939176_0	0.0621769111135223 Reich
I16553 HG01123#1#JAGYYZ010000015.1_51528240_51935090_0$HG01978#2#JAGYVR010000007.1_51532241_51939176_0	0.0621761293897949 Reich
I16553 HG02630#1#JAHAOQ010000102.1_16672145_17079089_0$HG02300.verkko_filt_pat.fa:haplotype2_0000620_143362344_143769323_1	0.0621757632697411 Reich
I16553 HG00741#2#JAHALX010000013.1_51574319_51981226_0$HG02300.verkko_filt_pat.fa:haplotype2_0000620_143362344_143769323_1	0.0621753852019069 Reich
I16553 HG03927.verkko_filt_mat.fa:haplotype1_0000009_134765170_135173010_1$HG02300.verkko_filt_pat.fa:haplotype2_0000620_143362344_143769323_1	0.0621720433721521 Reich
I16553 HG02080#2#JAHEOV010000017.1_16662177_17164189_0$HG02647.verkko_filt_pat.fa:haplotype2_0000857_103738150_104051769_0	0.0621720433721521 Reich
I16553 HG00741#2#JAHALX010000013.1_51574319_51981226_0$NA19240#1#JAHEOM010000047.1_30103390_30511199_1	0.0621702702985598 Reich
I16553 HG02630#1#JAHAOQ010000102.1_16672145_17079089_0$HG02004.verkko_filt_mat.fa:haplotype1_0000022_97828542_98235483_0	0.0621676526475495 Reich
I16553 HG00438#1#JAHBCB010000015.1_33474867_33954171_0$NA19240#1#JAHEOM010000047.1_30103390_30511199_1	0.0621657888884371 Reich
I16553 HG00438#1#JAHBCB010000015.1_33474867_33954171_0$HG02004.verkko_filt_mat.fa:haplotype1_0000022_97828542_98235483_0	0.0621642081096819 Reich
I16553 AV_HG01175#haplotype1#0000070:46006269_46414083$HG02622#1#JAHAOO010000002.1_16673678_17080663_0	0.0621635626853200 Reich
I16553 HG00438#1#JAHBCB010000015.1_33474867_33954171_0$HG02300.verkko_filt_pat.fa:haplotype2_0000620_143362344_143769323_1	0.0621632680087754 Reich
I16553 HG00621#1#JAHBCD010000034.1_2122997_2624098_1$HG03492#1#JAHEPI010000180.1_2103395_2543326_1	0.0621627486663915 Reich
I16553 HG02080#2#JAHEOV010000017.1_16662177_17164189_0$HG01358#1#JAGYZB010000020.1_27445742_27855492_1	0.0621596435087614 Reich
I16553 AV_HG02257#haplotype2#0001152:102843493_103251377$NA19240#1#JAHEOM010000047.1_30103390_30511199_1	0.0621591325806479 Reich
I16553 HG00741#1#JAHALY010000007.1_18781197_19307680_1$HG04228.verkko_filt_mat.fa:haplotype1_0000023_103429213_103930285_0	0.0621583122555369 Reich
I16553 HG02717#1#JAHAOS010000015.1_16660311_17067250_0$HG02300.verkko_filt_pat.fa:haplotype2_0000620_143362344_143769323_1	0.0621568858865404 Reich
I16553 HG02080#1#JAHEOW010000048.1_16689583_17097287_0$HG01071#1#JAHBCF010000053.1_26607100_27108065_1	0.0621535037687392 Reich
I16553 HG01891#1#JAGYVO010000014.1_22855818_23168577_1$HG01099.verkko_filt_pat.fa:haplotype2_0000583_143544270_144046196_1	0.0621530309072592 Reich
I16553 NA19240#1#JAHEOM010000047.1_30103390_30511199_1$HG03927.verkko_filt_mat.fa:haplotype1_0000009_134765170_135173010_1	0.0621515945164088 Reich
I16553 AV_HG02148#haplotype2#0002863:16304803_16712699$HG02717#2#JAHAOR010000006.1_19663827_20070693_1	0.0621514113648764 Reich
I16553 HG02647.verkko_filt_pat.fa:haplotype2_0000857_103738150_104051769_0$HG03927.verkko_filt_pat.fa:haplotype2_0000800_29002142_29504057_1	0.0621512333337249 Reich
I16553 HG00621#2#JAHBCC010000031.1_16669999_17077865_0$HG02622#1#JAHAOO010000002.1_16673678_17080663_0	0.0621512333337249 Reich
I16553 HG02630#2#JAHAOP010000089.1_16669255_17076135_0$NA18906#1#JAHEOO010000054.1_2103477_2510435_1	0.0621489223969116 Reich
I16553 HG02717#1#JAHAOS010000015.1_16660311_17067250_0$HG02004.verkko_filt_mat.fa:haplotype1_0000022_97828542_98235483_0	0.0621457284341870 Reich
I16553 NA19240#1#JAHEOM010000047.1_30103390_30511199_1$HG02818#1#JAHEOS010000101.1_89626_496613_0	0.0621454937143113 Reich
I16553 AV_HG01361#haplotype2#0001322:101872897_102186552$HG03540#2#JAGYVX010000148.1_1368955_1877115_0	0.0621445905785477 Reich
I16553 HG005#1#JAHEPO010000002.1_51519219_51926067_0$HG02559#2#JAGYVJ010000037.1_52167780_52574597_1	0.0621439503834456 Reich
I16553 HG00621#1#JAHBCD010000034.1_2122997_2624098_1$HG02109#1#JAHEPG010000026.1_16673035_17080816_0	0.0621438784034546 Reich
I16553 HG00438#1#JAHBCB010000015.1_33474867_33954171_0$HG01258#1#JAGYYV010000004.1_56955948_57456952_1	0.0621414935966414 Reich
I16553 HG01109#1#JAHEPA010000099.1_2104245_2511104_1$HG002.verkko_filt_mat.fa:haplotype1_0000005_138228497_138636354_1	0.0621386546845412 Reich
I16553 HG02630#2#JAHAOP010000089.1_16669255_17076135_0$HG00438#1#JAHBCB010000015.1_33474867_33954171_0	0.0621376005682083 Reich
I16553 AV_HG02148#haplotype2#0002863:16304803_16712699$HG00741#2#JAHALX010000013.1_51574319_51981226_0	0.0621353187735943 Reich
I16553 HG02486#1#JAGYVM010000007.1_28868414_29370339_1$HG03927.verkko_filt_mat.fa:haplotype1_0000009_134765170_135173010_1	0.0621334687035659 Reich
I16553 AV_HG01361#haplotype1#0000023:101593539_102001341$NA18906#1#JAHEOO010000054.1_2103477_2510435_1	0.0621325874230030 Reich
I16553 HG02055#2#JAHEPJ010000017.1_24870122_25298560_1$HG02004.verkko_filt_pat.fa:haplotype2_0000813_139386576_140076845_1	0.0621313268537383 Reich
I16553 AV_HG02148#haplotype2#0002863:16304803_16712699$HG00438#1#JAHBCB010000015.1_33474867_33954171_0	0.0621296426111678 Reich
I16553 HG005#1#JAHEPO010000002.1_51519219_51926067_0$HG03516#2#JAGYYS010000004.1_24452130_24859892_1	0.0621262087640108 Reich
I16553 HG03540#2#JAGYVX010000148.1_1368955_1877115_0$HG01258#2#JAGYYU010000072.1_51562603_51970395_0	0.0621261366580004 Reich
I16553 AV_HG02148#haplotype2#0002863:16304803_16712699$HG02630#1#JAHAOQ010000102.1_16672145_17079089_0	0.0621246014901581 Reich
I16553 HG02717#1#JAHAOS010000015.1_16660311_17067250_0$HG02486#1#JAGYVM010000007.1_28868414_29370339_1	0.0621223627098152 Reich
I16553 HG02486#1#JAGYVM010000007.1_28868414_29370339_1$HG00733#1#JAHEPQ010000019.1_46106835_46420495_0	0.0621173903247268 Reich
I16553 AV_HG02148#haplotype2#0002863:16304803_16712699$HG02145#2#JAHKSF010000206.1_1005292_1413195_1	0.0621163605783559 Reich
I16553 HG02630#1#JAHAOQ010000102.1_16672145_17079089_0$HG02486#1#JAGYVM010000007.1_28868414_29370339_1	0.0621162595029603 Reich
I16553 HG02818#2#JAHEOR010000010.1_31775319_32183091_1$HG03492#2#JAHEPH010000288.1_2098270_2432686_1	0.0621144845302492 Reich
I16553 HG02145#2#JAHKSF010000206.1_1005292_1413195_1$HG02486#1#JAGYVM010000007.1_28868414_29370339_1	0.0621139608704824 Reich
I16553 HG01109#1#JAHEPA010000099.1_2104245_2511104_1$HG01928#1#JAGYVQ010000053.1_16676493_17083407_0	0.0621137457653045 Reich
I16553 AV_HG02148#haplotype2#0002863:16304803_16712699$HG03927.verkko_filt_mat.fa:haplotype1_0000009_134765170_135173010_1	0.0621135202810666 Reich
I16553 HG02080#1#JAHEOW010000048.1_16689583_17097287_0$HG03579#1#JAGYVU010000029.1_91404_499180_0	0.0621112126145658 Reich
I16553 HG01358#1#JAGYZB010000020.1_27445742_27855492_1$HG03927.verkko_filt_pat.fa:haplotype2_0000800_29002142_29504057_1	0.0621097278560751 Reich
I16553 HG00741#1#JAHALY010000007.1_18781197_19307680_1$HG02080#2#JAHEOV010000017.1_16662177_17164189_0	0.0621078745312753 Reich
I16553 HG01109#1#JAHEPA010000099.1_2104245_2511104_1$HG02300.verkko_filt_mat.fa:haplotype1_0000028_144052837_144460586_1	0.0621073524815670 Reich
I16553 AV_HG02148#haplotype2#0002863:16304803_16712699$HG02717#1#JAHAOS010000015.1_16660311_17067250_0	0.0621068020378912 Reich
I16553 HG03492#2#JAHEPH010000288.1_2098270_2432686_1$HG02071.verkko_filt_mat.fa:haplotype1_0000041_103610513_104018399_0	0.0621045760462135 Reich
I16553 HG03453#2#JAGYVV010000088.1_22597550_23005370_1$NA18906#1#JAHEOO010000054.1_2103477_2510435_1	0.0621039658577308 Reich
I16553 HG02559#2#JAGYVJ010000037.1_52167780_52574597_1$HG01123#1#JAGYYZ010000015.1_51528240_51935090_0	0.0621035262949384 Reich
I16553 HG02622#2#JAHAON010000012.1_51551779_52031001_0$HG002.verkko_filt_pat.fa:haplotype2_0000649_147937390_148315979_1	0.0621018169145967 Reich
I16553 HG03098#2#JAHEPL010000003.1_93803759_94117426_0$HG002.verkko_filt_pat.fa:haplotype2_0000649_147937390_148315979_1	0.0620992653218071 Reich
I16553 chr1_chm13_103304997_103901127_0$HG02809.verkko_filt_mat.fa:haplotype1_0000023_94161320_94589755_0	0.0620985136275595 Reich
I16553 AV_HG02257#haplotype2#0001152:102843493_103251377$HG02300.verkko_filt_pat.fa:haplotype2_0000620_143362344_143769323_1	0.0620964905175708 Reich
I16553 HG01109#1#JAHEPA010000099.1_2104245_2511104_1$HG01099.verkko_filt_mat.fa:haplotype1_0000034_142513097_142920876_1	0.0620960335753338 Reich
I16553 HG03492#1#JAHEPI010000180.1_2103395_2543326_1$HG02004.verkko_filt_pat.fa:haplotype2_0000813_139386576_140076845_1	0.0620929445257813 Reich
I16553 HG01109#1#JAHEPA010000099.1_2104245_2511104_1$HG01258#1#JAGYYV010000004.1_56955948_57456952_1	0.0620923535057040 Reich
I16553 HG02559#1#JAGYVK010000012.1_51505852_51913611_0$HG02622#1#JAHAOO010000002.1_16673678_17080663_0	0.0620923108127398 Reich
I16553 HG02109#2#JAHEPF010000078.1_16678387_16991144_0$HG002.verkko_filt_pat.fa:haplotype2_0000649_147937390_148315979_1	0.0620893165711364 Reich
I16553 HG02145#2#JAHKSF010000206.1_1005292_1413195_1$HG02630#2#JAHAOP010000089.1_16669255_17076135_0	0.0620884163527098 Reich
I16553 NA18906#1#JAHEOO010000054.1_2103477_2510435_1$NA19240#2#JAHEOL010000010.1_37445323_37853017_0	0.0620864901898378 Reich
I16553 HG02818#1#JAHEOS010000101.1_89626_496613_0$HG02300.verkko_filt_pat.fa:haplotype2_0000620_143362344_143769323_1	0.0620859265376715 Reich
I16553 HG00741#1#JAHALY010000007.1_18781197_19307680_1$HG03927.verkko_filt_pat.fa:haplotype2_0000800_29002142_29504057_1	0.0620839442873539 Reich
I16553 HG03540#1#JAGYVY010000208.1_95187_596142_0$HG01891#1#JAGYVO010000014.1_22855818_23168577_1	0.0620838449912604 Reich
I16553 AV_HG02257#haplotype2#0001152:102843493_103251377$HG02004.verkko_filt_mat.fa:haplotype1_0000022_97828542_98235483_0	0.0620824076515139 Reich
I16553 AV_HG00673#haplotype2#0001165:24014011_24421797$HG01071#1#JAHBCF010000053.1_26607100_27108065_1	0.0620821147553623 Reich
I16553 HG02818#1#JAHEOS010000101.1_89626_496613_0$HG02004.verkko_filt_mat.fa:haplotype1_0000022_97828542_98235483_0	0.0620785528862672 Reich
I16553 HG02630#1#JAHAOQ010000102.1_16672145_17079089_0$HG02630#2#JAHAOP010000089.1_16669255_17076135_0	0.0620784594528978 Reich
I16553 AV_HG00673#haplotype1#0000019:16627360_17129375$HG03579#2#JAGYVT010000094.1_51581892_51895531_0	0.0620723062677321 Reich
I16553 HG02486#1#JAGYVM010000007.1_28868414_29370339_1$HG00741#2#JAHALX010000013.1_51574319_51981226_0	0.0620722798338010 Reich
I16553 HG02486#1#JAGYVM010000007.1_28868414_29370339_1$HG02717#2#JAHAOR010000006.1_19663827_20070693_1	0.0620714543730737 Reich
I16553 HG02717#1#JAHAOS010000015.1_16660311_17067250_0$HG02630#2#JAHAOP010000089.1_16669255_17076135_0	0.0620710245844414 Reich
I16553 HG02004.verkko_filt_pat.fa:haplotype2_0000813_139386576_140076845_1$HG02647.verkko_filt_mat.fa:haplotype1_0000002_103892584_104321036_0	0.0620707752659547 Reich
I16553 HG01109#1#JAHEPA010000099.1_2104245_2511104_1$HG005#2#JAHEPN010000023.1_51542210_51950070_0	0.0620689689419014 Reich
I16553 HG01071#1#JAHBCF010000053.1_26607100_27108065_1$HG01258#1#JAGYYV010000004.1_56955948_57456952_1	0.0620611171887034 Reich
I16553 AV_HG02257#haplotype2#0001152:102843493_103251377$HG02486#1#JAGYVM010000007.1_28868414_29370339_1	0.0620600203919387 Reich
I16553 HG03098#1#JAHEPM010000059.1_16676208_17105596_0$HG02293.verkko_filt_pat.fa:haplotype2_0000836_148310532_148812524_1	0.0620590109126584 Reich
I16553 HG02080#1#JAHEOW010000048.1_16689583_17097287_0$HG005#1#JAHEPO010000002.1_51519219_51926067_0	0.0620578680091896 Reich
I16553 HG01123#1#JAGYYZ010000015.1_51528240_51935090_0$HG03516#2#JAGYYS010000004.1_24452130_24859892_1	0.0620564660834474 Reich
I16553 AV_HG00673#haplotype2#0001165:24014011_24421797$HG02080#1#JAHEOW010000048.1_16689583_17097287_0	0.0620523595112241 Reich
I16553 HG00438#1#JAHBCB010000015.1_33474867_33954171_0$HG03453#2#JAGYVV010000088.1_22597550_23005370_1	0.0620518158354102 Reich
I16553 HG01978#1#JAGYVS010000002.1_51519970_52021951_0$HG03098#1#JAHEPM010000059.1_16676208_17105596_0	0.0620512985236067 Reich
I16553 AV_HG01361#haplotype1#0000023:101593539_102001341$HG02717#1#JAHAOS010000015.1_16660311_17067250_0	0.0620506160527728 Reich
I16553 AV_HG01361#haplotype1#0000023:101593539_102001341$HG02630#1#JAHAOQ010000102.1_16672145_17079089_0	0.0620472521674883 Reich
I16553 HG03492#2#JAHEPH010000288.1_2098270_2432686_1$chr1_hg38_103456064_103863972_0	0.0620465489319813 Reich
I16553 HG03492#2#JAHEPH010000288.1_2098270_2432686_1$chr1_hg19_103998686_104406594_0	0.0620465489319813 Reich
I16553 HG02486#1#JAGYVM010000007.1_28868414_29370339_1$HG02818#1#JAHEOS010000101.1_89626_496613_0	0.0620462885490188 Reich
I16553 HG03453#2#JAGYVV010000088.1_22597550_23005370_1$HG02717#2#JAHAOR010000006.1_19663827_20070693_1	0.0620444053469668 Reich
I16553 AV_HG01175#haplotype1#0000070:46006269_46414083$HG01109#1#JAHEPA010000099.1_2104245_2511104_1	0.0620443835590849 Reich
I16553 HG02630#2#JAHAOP010000089.1_16669255_17076135_0$HG00741#2#JAHALX010000013.1_51574319_51981226_0	0.0620439620273446 Reich
I16553 HG02630#2#JAHAOP010000089.1_16669255_17076135_0$HG02717#2#JAHAOR010000006.1_19663827_20070693_1	0.0620437791398523 Reich
I16553 HG03453#2#JAGYVV010000088.1_22597550_23005370_1$HG00741#2#JAHALX010000013.1_51574319_51981226_0	0.0620407998862590 Reich
I16553 HG00621#2#JAHBCC010000031.1_16669999_17077865_0$HG01109#1#JAHEPA010000099.1_2104245_2511104_1	0.0620382405001114 Reich
I16553 AV_HG01361#haplotype1#0000023:101593539_102001341$HG02145#2#JAHKSF010000206.1_1005292_1413195_1	0.0620373983104213 Reich
I16553 HG02622#1#JAHAOO010000002.1_16673678_17080663_0$NA19240#1#JAHEOM010000047.1_30103390_30511199_1	0.0620344020147251 Reich
I16553 HG02630#1#JAHAOQ010000102.1_16672145_17079089_0$HG03453#2#JAGYVV010000088.1_22597550_23005370_1	0.0620333228388925 Reich
I16553 HG03516#2#JAGYYS010000004.1_24452130_24859892_1$HG03579#1#JAGYVU010000029.1_91404_499180_0	0.0620324265895108 Reich
I16553 AV_HG02148#haplotype2#0002863:16304803_16712699$HG02818#1#JAHEOS010000101.1_89626_496613_0	0.0620313889148534 Reich
I16553 AV_HG00673#haplotype1#0000019:16627360_17129375$HG01358#1#JAGYZB010000020.1_27445742_27855492_1	0.0620280188062081 Reich
I16553 HG02145#2#JAHKSF010000206.1_1005292_1413195_1$HG03453#2#JAGYVV010000088.1_22597550_23005370_1	0.0620257375776511 Reich
I16553 HG02717#1#JAHAOS010000015.1_16660311_17067250_0$HG03453#2#JAGYVV010000088.1_22597550_23005370_1	0.0620237983195473 Reich
I16553 AV_HG02148#haplotype2#0002863:16304803_16712699$AV_HG02257#haplotype2#0001152:102843493_103251377	0.0620229124882082 Reich
I16553 HG01123#2#JAGYYY010000006.1_51579630_51892388_0$HG01258#1#JAGYYV010000004.1_56955948_57456952_1	0.0620215861837346 Reich
I16553 HG03492#1#JAHEPI010000180.1_2103395_2543326_1$HG02293.verkko_filt_pat.fa:haplotype2_0000836_148310532_148812524_1	0.0620200524688459 Reich
I16553 HG01978#1#JAGYVS010000002.1_51519970_52021951_0$HG03492#1#JAHEPI010000180.1_2103395_2543326_1	0.0620193182490036 Reich
I16553 HG03453#2#JAGYVV010000088.1_22597550_23005370_1$HG03927.verkko_filt_mat.fa:haplotype1_0000009_134765170_135173010_1	0.0620185438305285 Reich
I16553 HG03098#1#JAHEPM010000059.1_16676208_17105596_0$HG02071.verkko_filt_pat.fa:haplotype2_0000736_102745972_103248026_0	0.0620157237581504 Reich
I16553 AV_HG00673#haplotype1#0000019:16627360_17129375$HG02647.verkko_filt_pat.fa:haplotype2_0000857_103738150_104051769_0	0.0620154370104772 Reich
I16553 AV_HG01106#haplotype2#0000932:16673968_17175925$HG03579#2#JAGYVT010000094.1_51581892_51895531_0	0.0620150499254177 Reich
I16553 HG02080#1#JAHEOW010000048.1_16689583_17097287_0$HG01123#1#JAGYYZ010000015.1_51528240_51935090_0	0.0620147926757452 Reich
I16553 HG02055#2#JAHEPJ010000017.1_24870122_25298560_1$HG01099.verkko_filt_pat.fa:haplotype2_0000583_143544270_144046196_1	0.0620145263017518 Reich
I16553 HG01071#1#JAHBCF010000053.1_26607100_27108065_1$HG03579#1#JAGYVU010000029.1_91404_499180_0	0.0620117385699951 Reich
I16553 HG02109#1#JAHEPG010000026.1_16673035_17080816_0$HG02004.verkko_filt_pat.fa:haplotype2_0000813_139386576_140076845_1	0.0620091494946924 Reich
I16553 AV_HG00673#haplotype2#0001165:24014011_24421797$HG03579#1#JAGYVU010000029.1_91404_499180_0	0.0620090494640719 Reich
I16553 AV_HG02257#haplotype2#0001152:102843493_103251377$HG02630#2#JAHAOP010000089.1_16669255_17076135_0	0.0620080636447475 Reich
I16553 HG02717#1#JAHAOS010000015.1_16660311_17067250_0$NA19240#2#JAHEOL010000010.1_37445323_37853017_0	0.0620051206023823 Reich
I16553 HG02630#1#JAHAOQ010000102.1_16672145_17079089_0$NA19240#2#JAHEOL010000010.1_37445323_37853017_0	0.0620048623913430 Reich
I16553 AV_HG01106#haplotype2#0000932:16673968_17175925$HG01358#1#JAGYZB010000020.1_27445742_27855492_1	0.0620010475053957 Reich
I16553 HG01258#2#JAGYYU010000072.1_51562603_51970395_0$HG03710.verkko_filt_pat.fa:haplotype2_0000488_101614437_102218208_0	0.0619992620738238 Reich
I16553 HG02145#2#JAHKSF010000206.1_1005292_1413195_1$NA19240#2#JAHEOL010000010.1_37445323_37853017_0	0.0619966631000736 Reich
I16553 HG02486#1#JAGYVM010000007.1_28868414_29370339_1$HG03710.verkko_filt_mat.fa:haplotype1_0000029_102593394_102907063_0	0.0619964885671168 Reich
I16553 HG03098#1#JAHEPM010000059.1_16676208_17105596_0$HG04228.verkko_filt_mat.fa:haplotype1_0000023_103429213_103930285_0	0.0619957729697848 Reich
I16553 AV_HG01361#haplotype1#0000023:101593539_102001341$HG00741#2#JAHALX010000013.1_51574319_51981226_0	0.0619951957315455 Reich
I16553 HG03492#2#JAHEPH010000288.1_2098270_2432686_1$HG02486#1#JAGYVM010000007.1_28868414_29370339_1	0.0619939634732565 Reich
I16553 AV_HG00673#haplotype1#0000019:16627360_17129375$HG00741#1#JAHALY010000007.1_18781197_19307680_1	0.0619933132524975 Reich
I16553 AV_HG01361#haplotype1#0000023:101593539_102001341$HG02717#2#JAHAOR010000006.1_19663827_20070693_1	0.0619911393925468 Reich
I16553 HG02109#1#JAHEPG010000026.1_16673035_17080816_0$HG02293.verkko_filt_pat.fa:haplotype2_0000836_148310532_148812524_1	0.0619904123979007 Reich
I16553 HG02723#1#JAHEOU010000204.1_2102082_2414876_1$HG01258#1#JAGYYV010000004.1_56955948_57456952_1	0.0619893234138346 Reich
I16553 NA18906#1#JAHEOO010000054.1_2103477_2510435_1$HG03516#1#JAGYYT010000012.1_24170958_24578778_1	0.0619891950963086 Reich
I16553 HG03492#1#JAHEPI010000180.1_2103395_2543326_1$HG02071.verkko_filt_pat.fa:haplotype2_0000736_102745972_103248026_0	0.0619870230215871 Reich
I16553 HG01109#1#JAHEPA010000099.1_2104245_2511104_1$HG02559#1#JAGYVK010000012.1_51505852_51913611_0	0.0619859975798910 Reich
I16553 HG02622#1#JAHAOO010000002.1_16673678_17080663_0$HG02300.verkko_filt_pat.fa:haplotype2_0000620_143362344_143769323_1	0.0619834017248314 Reich
I16553 HG02630#2#JAHAOP010000089.1_16669255_17076135_0$HG02818#1#JAHEOS010000101.1_89626_496613_0	0.0619822692494218 Reich
I16553 AV_HG01361#haplotype1#0000023:101593539_102001341$AV_HG02257#haplotype2#0001152:102843493_103251377	0.0619787996810330 Reich
I16553 HG02622#1#JAHAOO010000002.1_16673678_17080663_0$HG02004.verkko_filt_mat.fa:haplotype1_0000022_97828542_98235483_0	0.0619773017751696 Reich
I16553 AV_HG01361#haplotype1#0000023:101593539_102001341$HG02818#1#JAHEOS010000101.1_89626_496613_0	0.0619769945721678 Reich
I16553 AV_HG01106#haplotype2#0000932:16673968_17175925$HG00741#1#JAHALY010000007.1_18781197_19307680_1	0.0619737869494470 Reich
I16553 NA20129#2#JAHEPD010000155.1_90039_569275_0$HG002.verkko_filt_pat.fa:haplotype2_0000649_147937390_148315979_1	0.0619719886181153 Reich
I16553 HG01258#1#JAGYYV010000004.1_56955948_57456952_1$HG04228.verkko_filt_pat.fa:haplotype2_0000600_103806749_104119491_0	0.0619673316807949 Reich
I16553 HG02818#2#JAHEOR010000010.1_31775319_32183091_1$HG01243#1#JAHEOY010000013.1_90081_424495_0	0.0619653092376998 Reich
I16553 AV_HG01361#haplotype1#0000023:101593539_102001341$HG00438#1#JAHBCB010000015.1_33474867_33954171_0	0.0619632571223488 Reich
I16553 HG01978#1#JAGYVS010000002.1_51519970_52021951_0$HG02109#1#JAHEPG010000026.1_16673035_17080816_0	0.0619629895666200 Reich
I16553 HG02622#1#JAHAOO010000002.1_16673678_17080663_0$HG02486#1#JAGYVM010000007.1_28868414_29370339_1	0.0619614925364217 Reich
I16553 HG02109#1#JAHEPG010000026.1_16673035_17080816_0$HG02071.verkko_filt_pat.fa:haplotype2_0000736_102745972_103248026_0	0.0619594160209061 Reich
I16553 HG00741#2#JAHALX010000013.1_51574319_51981226_0$NA19240#2#JAHEOL010000010.1_37445323_37853017_0	0.0619582977916078 Reich
I16553 AV_HG01106#haplotype2#0000932:16673968_17175925$HG02647.verkko_filt_pat.fa:haplotype2_0000857_103738150_104051769_0	0.0619580645902784 Reich
I16553 HG00621#1#JAHBCD010000034.1_2122997_2624098_1$HG01891#1#JAGYVO010000014.1_22855818_23168577_1	0.0619570177963635 Reich
I16553 AV_HG00673#haplotype2#0001165:24014011_24421797$HG005#1#JAHEPO010000002.1_51519219_51926067_0	0.0619546841313516 Reich
I16553 AV_HG01361#haplotype1#0000023:101593539_102001341$HG03927.verkko_filt_mat.fa:haplotype1_0000009_134765170_135173010_1	0.0619513867595821 Reich
I16553 HG01243#1#JAHEOY010000013.1_90081_424495_0$HG02071.verkko_filt_mat.fa:haplotype1_0000041_103610513_104018399_0	0.0619496125577489 Reich
I16553 HG03453#2#JAGYVV010000088.1_22597550_23005370_1$HG02818#1#JAHEOS010000101.1_89626_496613_0	0.0619495547529374 Reich
I16553 HG00438#2#JAHBCA010000012.1_51513023_51826723_0$HG02486#1#JAGYVM010000007.1_28868414_29370339_1	0.0619483159320322 Reich
I16553 AV_HG02257#haplotype2#0001152:102843493_103251377$HG03453#2#JAGYVV010000088.1_22597550_23005370_1	0.0619446830233187 Reich
I16553 HG03098#1#JAHEPM010000059.1_16676208_17105596_0$HG03927.verkko_filt_pat.fa:haplotype2_0000800_29002142_29504057_1	0.0619444400325913 Reich
I16553 HG02080#2#JAHEOV010000017.1_16662177_17164189_0$HG03098#1#JAHEPM010000059.1_16676208_17105596_0	0.0619413587922564 Reich
I16553 HG03492#1#JAHEPI010000180.1_2103395_2543326_1$HG04228.verkko_filt_mat.fa:haplotype1_0000023_103429213_103930285_0	0.0619406546962741 Reich
I16553 HG02055#2#JAHEPJ010000017.1_24870122_25298560_1$HG03540#1#JAGYVY010000208.1_95187_596142_0	0.0619397153900367 Reich
I16553 HG00438#1#JAHBCB010000015.1_33474867_33954171_0$NA19240#2#JAHEOL010000010.1_37445323_37853017_0	0.0619396140921944 Reich
I16553 HG02647.verkko_filt_mat.fa:haplotype1_0000002_103892584_104321036_0$HG01099.verkko_filt_pat.fa:haplotype2_0000583_143544270_144046196_1	0.0619388422945488 Reich
I16553 HG01109#1#JAHEPA010000099.1_2104245_2511104_1$NA19240#1#JAHEOM010000047.1_30103390_30511199_1	0.0619374502423657 Reich
I16553 AV_HG02257#haplotype2#0001152:102843493_103251377$NA19240#2#JAHEOL010000010.1_37445323_37853017_0	0.0619370646722130 Reich
I16553 HG02559#2#JAGYVJ010000037.1_52167780_52574597_1$HG00438#1#JAHBCB010000015.1_33474867_33954171_0	0.0619343321274863 Reich
I16553 HG02717#2#JAHAOR010000006.1_19663827_20070693_1$NA19240#2#JAHEOL010000010.1_37445323_37853017_0	0.0619310995340121 Reich
I16553 HG02109#1#JAHEPG010000026.1_16673035_17080816_0$HG04228.verkko_filt_mat.fa:haplotype1_0000023_103429213_103930285_0	0.0619308209242452 Reich
I16553 AV_HG02148#haplotype2#0002863:16304803_16712699$HG02622#1#JAHAOO010000002.1_16673678_17080663_0	0.0619306675310815 Reich
I16553 HG02559#2#JAGYVJ010000037.1_52167780_52574597_1$HG03927.verkko_filt_mat.fa:haplotype1_0000009_134765170_135173010_1	0.0619295623435100 Reich
I16553 HG02818#1#JAHEOS010000101.1_89626_496613_0$NA19240#2#JAHEOL010000010.1_37445323_37853017_0	0.0619275444235942 Reich
I16553 NA19240#2#JAHEOL010000010.1_37445323_37853017_0$HG03927.verkko_filt_mat.fa:haplotype1_0000009_134765170_135173010_1	0.0619206990176139 Reich
I16553 HG02080#2#JAHEOV010000017.1_16662177_17164189_0$HG03492#1#JAHEPI010000180.1_2103395_2543326_1	0.0619195850898115 Reich
I16553 HG02559#2#JAGYVJ010000037.1_52167780_52574597_1$NA18906#1#JAHEOO010000054.1_2103477_2510435_1	0.0619187999564517 Reich
I16553 HG03492#2#JAHEPH010000288.1_2098270_2432686_1$HG02486#2#JAGYVL010000029.1_94163344_94570162_0	0.0619181941170842 Reich
I16553 HG03486#1#JAHEOQ010000123.1_16677696_17085575_0$HG03492#2#JAHEPH010000288.1_2098270_2432686_1	0.0619172667110621 Reich
I16553 HG01258#1#JAGYYV010000004.1_56955948_57456952_1$HG02293.verkko_filt_mat.fa:haplotype1_0000039_30204405_30517145_1	0.0619170129040344 Reich
I16553 AV_HG00673#haplotype2#0001165:24014011_24421797$HG01123#1#JAGYYZ010000015.1_51528240_51935090_0	0.0619141501062413 Reich
I16553 HG005#1#JAHEPO010000002.1_51519219_51926067_0$HG03579#1#JAGYVU010000029.1_91404_499180_0	0.0619134287509275 Reich
I16553 HG02717#1#JAHAOS010000015.1_16660311_17067250_0$HG03516#1#JAGYYT010000012.1_24170958_24578778_1	0.0619069751007241 Reich
I16553 HG02630#1#JAHAOQ010000102.1_16672145_17079089_0$HG03516#1#JAGYYT010000012.1_24170958_24578778_1	0.0619051762599976 Reich
I16553 HG02818#2#JAHEOR010000010.1_31775319_32183091_1$HG01258#2#JAGYYU010000072.1_51562603_51970395_0	0.0619038401860802 Reich
I16553 HG03492#2#JAHEPH010000288.1_2098270_2432686_1$HG02886#1#JAHAOU010000178.1_62411_469262_0	0.0619008915664264 Reich
I16553 HG01258#2#JAGYYU010000072.1_51562603_51970395_0$HG02071.verkko_filt_mat.fa:haplotype1_0000041_103610513_104018399_0	0.0618967129674341 Reich
I16553 HG01071#1#JAHBCF010000053.1_26607100_27108065_1$HG02486#1#JAGYVM010000007.1_28868414_29370339_1	0.0618961069720284 Reich
I16553 HG02630#2#JAHAOP010000089.1_16669255_17076135_0$HG02622#1#JAHAOO010000002.1_16673678_17080663_0	0.0618933852876717 Reich
I16553 chr1_hg38_103456064_103863972_0$HG01243#1#JAHEOY010000013.1_90081_424495_0	0.0618929084770185 Reich
I16553 chr1_hg19_103998686_104406594_0$HG01243#1#JAHEOY010000013.1_90081_424495_0	0.0618929084770185 Reich
I16553 HG03579#2#JAGYVT010000094.1_51581892_51895531_0$HG03710.verkko_filt_pat.fa:haplotype2_0000488_101614437_102218208_0	0.0618850509056947 Reich
I16553 HG02145#2#JAHKSF010000206.1_1005292_1413195_1$HG03516#1#JAGYYT010000012.1_24170958_24578778_1	0.0618839009368097 Reich
I16553 HG01123#2#JAGYYY010000006.1_51579630_51892388_0$HG002.verkko_filt_pat.fa:haplotype2_0000649_147937390_148315979_1	0.0618798476614897 Reich
I16553 AV_HG01361#haplotype1#0000023:101593539_102001341$HG02622#1#JAHAOO010000002.1_16673678_17080663_0	0.0618774425752935 Reich
I16553 NA18906#1#JAHEOO010000054.1_2103477_2510435_1$HG01978#2#JAGYVR010000007.1_51532241_51939176_0	0.0618761700912509 Reich
I16553 HG03540#1#JAGYVY010000208.1_95187_596142_0$HG02647.verkko_filt_mat.fa:haplotype1_0000002_103892584_104321036_0	0.0618709026916375 Reich
I16553 HG02080#2#JAHEOV010000017.1_16662177_17164189_0$HG02109#1#JAHEPG010000026.1_16673035_17080816_0	0.0618704741509503 Reich
I16553 HG01243#1#JAHEOY010000013.1_90081_424495_0$HG02486#1#JAGYVM010000007.1_28868414_29370339_1	0.0618693422797610 Reich
I16553 HG03492#1#JAHEPI010000180.1_2103395_2543326_1$HG03927.verkko_filt_pat.fa:haplotype2_0000800_29002142_29504057_1	0.0618688729550969 Reich
I16553 AV_HG01361#haplotype2#0001322:101872897_102186552$HG01258#1#JAGYYV010000004.1_56955948_57456952_1	0.0618659774524832 Reich
I16553 HG01109#1#JAHEPA010000099.1_2104245_2511104_1$HG02300.verkko_filt_pat.fa:haplotype2_0000620_143362344_143769323_1	0.0618633158722490 Reich
I16553 HG00438#1#JAHBCB010000015.1_33474867_33954171_0$HG03516#1#JAGYYT010000012.1_24170958_24578778_1	0.0618619798580164 Reich
I16553 HG02486#1#JAGYVM010000007.1_28868414_29370339_1$HG02109#2#JAHEPF010000078.1_16678387_16991144_0	0.0618605070197777 Reich
I16553 HG01109#1#JAHEPA010000099.1_2104245_2511104_1$HG02486#1#JAGYVM010000007.1_28868414_29370339_1	0.0618566970492589 Reich
I16553 HG01109#1#JAHEPA010000099.1_2104245_2511104_1$HG02004.verkko_filt_mat.fa:haplotype1_0000022_97828542_98235483_0	0.0618543650509961 Reich
I16553 HG00438#1#JAHBCB010000015.1_33474867_33954171_0$HG01978#2#JAGYVR010000007.1_51532241_51939176_0	0.0618519909684898 Reich
I16553 HG00438#1#JAHBCB010000015.1_33474867_33954171_0$HG02486#1#JAGYVM010000007.1_28868414_29370339_1	0.0618519294444446 Reich
I16553 HG02559#2#JAGYVJ010000037.1_52167780_52574597_1$HG02145#2#JAHKSF010000206.1_1005292_1413195_1	0.0618510275533347 Reich
I16553 chr1_hg38_103456064_103863972_0$HG01258#2#JAGYYU010000072.1_51562603_51970395_0	0.0618489773166558 Reich
I16553 chr1_hg19_103998686_104406594_0$HG01258#2#JAGYYU010000072.1_51562603_51970395_0	0.0618489773166558 Reich
I16553 NA18906#1#JAHEOO010000054.1_2103477_2510435_1$HG03516#2#JAGYYS010000004.1_24452130_24859892_1	0.0618489525395048 Reich
I16553 HG01071#1#JAHBCF010000053.1_26607100_27108065_1$HG02886#2#JAHAOT010000031.1_87393_401061_0	0.0618475581063503 Reich
I16553 HG01123#1#JAGYYZ010000015.1_51528240_51935090_0$HG03579#1#JAGYVU010000029.1_91404_499180_0	0.0618432114943813 Reich
I16553 HG03516#1#JAGYYT010000012.1_24170958_24578778_1$HG00741#2#JAHALX010000013.1_51574319_51981226_0	0.0618385784061649 Reich
I16553 HG01978#2#JAGYVR010000007.1_51532241_51939176_0$HG02717#2#JAHAOR010000006.1_19663827_20070693_1	0.0618384730527523 Reich
I16553 HG03453#2#JAGYVV010000088.1_22597550_23005370_1$HG02622#1#JAHAOO010000002.1_16673678_17080663_0	0.0618383050215307 Reich
I16553 HG03710.verkko_filt_pat.fa:haplotype2_0000488_101614437_102218208_0$HG02647.verkko_filt_pat.fa:haplotype2_0000857_103738150_104051769_0	0.0618370362097195 Reich
I16553 HG01978#2#JAGYVR010000007.1_51532241_51939176_0$HG00741#2#JAHALX010000013.1_51574319_51981226_0	0.0618360543661124 Reich
I16553 HG01978#2#JAGYVR010000007.1_51532241_51939176_0$HG03927.verkko_filt_mat.fa:haplotype1_0000009_134765170_135173010_1	0.0618342654722752 Reich
I16553 HG03516#1#JAGYYT010000012.1_24170958_24578778_1$HG02717#2#JAHAOR010000006.1_19663827_20070693_1	0.0618342244972581 Reich
I16553 HG02717#1#JAHAOS010000015.1_16660311_17067250_0$HG02559#2#JAGYVJ010000037.1_52167780_52574597_1	0.0618335278682924 Reich
I16553 HG02622#1#JAHAOO010000002.1_16673678_17080663_0$NA19240#2#JAHEOL010000010.1_37445323_37853017_0	0.0618318145847048 Reich
I16553 HG02630#1#JAHAOQ010000102.1_16672145_17079089_0$HG02559#2#JAGYVJ010000037.1_52167780_52574597_1	0.0618317316389298 Reich
I16553 HG02145#2#JAHKSF010000206.1_1005292_1413195_1$HG01978#2#JAGYVR010000007.1_51532241_51939176_0	0.0618314750475135 Reich
I16553 AV_HG02257#haplotype2#0001152:102843493_103251377$HG03516#1#JAGYYT010000012.1_24170958_24578778_1	0.0618279741390793 Reich
I16553 HG005#1#JAHEPO010000002.1_51519219_51926067_0$HG01071#1#JAHBCF010000053.1_26607100_27108065_1	0.0618255030760536 Reich
I16553 HG02109#1#JAHEPG010000026.1_16673035_17080816_0$HG03927.verkko_filt_pat.fa:haplotype2_0000800_29002142_29504057_1	0.0618246307727973 Reich
I16553 HG02080#1#JAHEOW010000048.1_16689583_17097287_0$NA18906#1#JAHEOO010000054.1_2103477_2510435_1	0.0618205372734956 Reich
I16553 HG03516#1#JAGYYT010000012.1_24170958_24578778_1$HG02818#1#JAHEOS010000101.1_89626_496613_0	0.0618185040986283 Reich
I16553 HG00621#1#JAHBCD010000034.1_2122997_2624098_1$HG02055#2#JAHEPJ010000017.1_24870122_25298560_1	0.0618157760821249 Reich
I16553 AV_HG02148#haplotype2#0002863:16304803_16712699$HG01109#1#JAHEPA010000099.1_2104245_2511104_1	0.0618138339857401 Reich
I16553 HG02630#1#JAHAOQ010000102.1_16672145_17079089_0$HG01978#2#JAGYVR010000007.1_51532241_51939176_0	0.0618121842866667 Reich
I16553 HG03516#1#JAGYYT010000012.1_24170958_24578778_1$HG03927.verkko_filt_mat.fa:haplotype1_0000009_134765170_135173010_1	0.0618093287011136 Reich
I16553 AV_HG00673#haplotype1#0000019:16627360_17129375$HG03098#1#JAHEPM010000059.1_16676208_17105596_0	0.0618030795074908 Reich
I16553 HG04228.verkko_filt_pat.fa:haplotype2_0000600_103806749_104119491_0$HG002.verkko_filt_pat.fa:haplotype2_0000649_147937390_148315979_1	0.0617993005461314 Reich
I16553 HG01891#1#JAGYVO010000014.1_22855818_23168577_1$HG02293.verkko_filt_pat.fa:haplotype2_0000836_148310532_148812524_1	0.0617949490456482 Reich
I16553 HG02717#1#JAHAOS010000015.1_16660311_17067250_0$HG01978#2#JAGYVR010000007.1_51532241_51939176_0	0.0617934397433728 Reich
I16553 HG01109#1#JAHEPA010000099.1_2104245_2511104_1$HG02630#2#JAHAOP010000089.1_16669255_17076135_0	0.0617927432091797 Reich
I16553 AV_HG00673#haplotype1#0000019:16627360_17129375$HG03492#1#JAHEPI010000180.1_2103395_2543326_1	0.0617899375437454 Reich
I16553 HG02004.verkko_filt_pat.fa:haplotype2_0000813_139386576_140076845_1$HG02809.verkko_filt_mat.fa:haplotype1_0000023_94161320_94589755_0	0.0617868777359253 Reich
I16553 HG02717#1#JAHAOS010000015.1_16660311_17067250_0$HG03516#2#JAGYYS010000004.1_24452130_24859892_1	0.0617820997231599 Reich
I16553 AV_HG01106#haplotype2#0000932:16673968_17175925$HG03098#1#JAHEPM010000059.1_16676208_17105596_0	0.0617798805763486 Reich
I16553 HG01258#2#JAGYYU010000072.1_51562603_51970395_0$HG02486#2#JAGYVL010000029.1_94163344_94570162_0	0.0617786241573375 Reich
I16553 AV_HG02257#haplotype2#0001152:102843493_103251377$HG02559#2#JAGYVJ010000037.1_52167780_52574597_1	0.0617766378637209 Reich
I16553 HG02559#2#JAGYVJ010000037.1_52167780_52574597_1$HG00741#2#JAHALX010000013.1_51574319_51981226_0	0.0617756560845095 Reich
I16553 HG02723#1#JAHEOU010000204.1_2102082_2414876_1$HG002.verkko_filt_pat.fa:haplotype2_0000649_147937390_148315979_1	0.0617743055225709 Reich
I16553 AV_HG01361#haplotype1#0000023:101593539_102001341$HG01109#1#JAHEPA010000099.1_2104245_2511104_1	0.0617735671999199 Reich
I16553 HG01123#1#JAGYYZ010000015.1_51528240_51935090_0$HG01071#1#JAHBCF010000053.1_26607100_27108065_1	0.0617724111611937 Reich
I16553 HG02630#1#JAHAOQ010000102.1_16672145_17079089_0$HG03516#2#JAGYYS010000004.1_24452130_24859892_1	0.0617710491471174 Reich
I16553 HG02886#1#JAHAOU010000178.1_62411_469262_0$HG01258#2#JAGYYU010000072.1_51562603_51970395_0	0.0617666241682366 Reich
I16553 HG01243#1#JAHEOY010000013.1_90081_424495_0$HG02486#2#JAGYVL010000029.1_94163344_94570162_0	0.0617642084959688 Reich
I16553 HG02559#2#JAGYVJ010000037.1_52167780_52574597_1$HG02717#2#JAHAOR010000006.1_19663827_20070693_1	0.0617641101249204 Reich
I16553 HG03486#1#JAHEOQ010000123.1_16677696_17085575_0$HG01243#1#JAHEOY010000013.1_90081_424495_0	0.0617637706138892 Reich
I16553 HG02293.verkko_filt_mat.fa:haplotype1_0000039_30204405_30517145_1$HG002.verkko_filt_pat.fa:haplotype2_0000649_147937390_148315979_1	0.0617629969047374 Reich
I16553 HG01978#1#JAGYVS010000002.1_51519970_52021951_0$HG01891#1#JAGYVO010000014.1_22855818_23168577_1	0.0617626638170953 Reich
I16553 HG02145#2#JAHKSF010000206.1_1005292_1413195_1$HG03516#2#JAGYYS010000004.1_24452130_24859892_1	0.0617585638335991 Reich
I16553 AV_HG01106#haplotype2#0000932:16673968_17175925$HG03492#1#JAHEPI010000180.1_2103395_2543326_1	0.0617563931865611 Reich
I16553 HG01891#1#JAGYVO010000014.1_22855818_23168577_1$HG02071.verkko_filt_pat.fa:haplotype2_0000736_102745972_103248026_0	0.0617554529492705 Reich
I16553 HG03098#2#JAHEPL010000003.1_93803759_94117426_0$HG02486#1#JAGYVM010000007.1_28868414_29370339_1	0.0617546892555914 Reich
I16553 HG00438#1#JAHBCB010000015.1_33474867_33954171_0$HG03516#2#JAGYYS010000004.1_24452130_24859892_1	0.0617540226076909 Reich
I16553 HG02559#2#JAGYVJ010000037.1_52167780_52574597_1$HG02818#1#JAHEOS010000101.1_89626_496613_0	0.0617528521890675 Reich
I16553 HG00621#1#JAHBCD010000034.1_2122997_2624098_1$HG02647.verkko_filt_mat.fa:haplotype1_0000002_103892584_104321036_0	0.0617483371966202 Reich
I16553 HG02886#1#JAHAOU010000178.1_62411_469262_0$HG01243#1#JAHEOY010000013.1_90081_424495_0	0.0617476277272034 Reich
I16553 AV_HG00673#haplotype1#0000019:16627360_17129375$HG02109#1#JAHEPG010000026.1_16673035_17080816_0	0.0617472669664261 Reich
I16553 HG01928#1#JAGYVQ010000053.1_16676493_17083407_0$HG03492#2#JAHEPH010000288.1_2098270_2432686_1	0.0617468108382360 Reich
I16553 HG02080#1#JAHEOW010000048.1_16689583_17097287_0$HG02717#1#JAHAOS010000015.1_16660311_17067250_0	0.0617427474853245 Reich
I16553 HG03492#2#JAHEPH010000288.1_2098270_2432686_1$HG002.verkko_filt_mat.fa:haplotype1_0000005_138228497_138636354_1	0.0617413237634472 Reich
I16553 HG00741#2#JAHALX010000013.1_51574319_51981226_0$HG03516#2#JAGYYS010000004.1_24452130_24859892_1	0.0617367821988004 Reich
I16553 HG02080#1#JAHEOW010000048.1_16689583_17097287_0$HG02145#2#JAHKSF010000206.1_1005292_1413195_1	0.0617355449727221 Reich
I16553 HG02080#1#JAHEOW010000048.1_16689583_17097287_0$HG02630#1#JAHAOQ010000102.1_16672145_17079089_0	0.0617342465760901 Reich
I16553 HG03486#1#JAHEOQ010000123.1_16677696_17085575_0$HG01258#2#JAGYYU010000072.1_51562603_51970395_0	0.0617334348202315 Reich
I16553 AV_HG02257#haplotype2#0001152:102843493_103251377$HG01978#2#JAGYVR010000007.1_51532241_51939176_0	0.0617329574225236 Reich
I16553 HG03516#2#JAGYYS010000004.1_24452130_24859892_1$HG02717#2#JAHAOR010000006.1_19663827_20070693_1	0.0617293492865780 Reich
I16553 HG01978#2#JAGYVR010000007.1_51532241_51939176_0$HG02818#1#JAHEOS010000101.1_89626_496613_0	0.0617234911198537 Reich
I16553 HG01123#2#JAGYYY010000006.1_51579630_51892388_0$HG02486#1#JAGYVM010000007.1_28868414_29370339_1	0.0617188874658388 Reich
I16553 AV_HG00673#haplotype2#0001165:24014011_24421797$NA18906#1#JAHEOO010000054.1_2103477_2510435_1	0.0617169979502591 Reich
I16553 HG01109#1#JAHEPA010000099.1_2104245_2511104_1$NA19240#2#JAHEOL010000010.1_37445323_37853017_0	0.0617132703791186 Reich
I16553 HG02622#1#JAHAOO010000002.1_16673678_17080663_0$HG03516#1#JAGYYT010000012.1_24170958_24578778_1	0.0617120741884561 Reich
I16553 HG01109#1#JAHEPA010000099.1_2104245_2511104_1$HG03453#2#JAGYVV010000088.1_22597550_23005370_1	0.0617084114367727 Reich
I16553 AV_HG02257#haplotype2#0001152:102843493_103251377$HG03516#2#JAGYYS010000004.1_24452130_24859892_1	0.0617046138889101 Reich
I16553 HG02080#1#JAHEOW010000048.1_16689583_17097287_0$HG00741#2#JAHALX010000013.1_51574319_51981226_0	0.0617038049296646 Reich
I16553 HG03516#2#JAGYYS010000004.1_24452130_24859892_1$HG03927.verkko_filt_mat.fa:haplotype1_0000009_134765170_135173010_1	0.0617008762072011 Reich
I16553 AV_HG01106#haplotype2#0000932:16673968_17175925$HG02109#1#JAHEPG010000026.1_16673035_17080816_0	0.0616964837026161 Reich
I16553 HG02080#1#JAHEOW010000048.1_16689583_17097287_0$HG00438#1#JAHBCB010000015.1_33474867_33954171_0	0.0616930237676816 Reich
I16553 HG01891#1#JAGYVO010000014.1_22855818_23168577_1$HG04228.verkko_filt_mat.fa:haplotype1_0000023_103429213_103930285_0	0.0616924817204784 Reich
I16553 HG03516#2#JAGYYS010000004.1_24452130_24859892_1$HG02818#1#JAHEOS010000101.1_89626_496613_0	0.0616900217586663 Reich
I16553 HG02055#2#JAHEPJ010000017.1_24870122_25298560_1$HG02293.verkko_filt_pat.fa:haplotype2_0000836_148310532_148812524_1	0.0616835892775304 Reich
I16553 HG03492#2#JAHEPH010000288.1_2098270_2432686_1$HG005#2#JAHEPN010000023.1_51542210_51950070_0	0.0616775420881209 Reich
I16553 HG02080#1#JAHEOW010000048.1_16689583_17097287_0$HG02717#2#JAHAOR010000006.1_19663827_20070693_1	0.0616769744135117 Reich
I16553 AV_HG02257#haplotype2#0001152:102843493_103251377$HG02080#1#JAHEOW010000048.1_16689583_17097287_0	0.0616768929262367 Reich
I16553 HG01978#1#JAGYVS010000002.1_51519970_52021951_0$HG02055#2#JAHEPJ010000017.1_24870122_25298560_1	0.0616758033437020 Reich
I16553 HG02080#1#JAHEOW010000048.1_16689583_17097287_0$HG02818#1#JAHEOS010000101.1_89626_496613_0	0.0616684191853729 Reich
I16553 HG02486#1#JAGYVM010000007.1_28868414_29370339_1$HG04228.verkko_filt_pat.fa:haplotype2_0000600_103806749_104119491_0	0.0616683151632481 Reich
I16553 HG01258#1#JAGYYV010000004.1_56955948_57456952_1$HG01258#2#JAGYYU010000072.1_51562603_51970395_0	0.0616648570143048 Reich
I16553 HG02080#1#JAHEOW010000048.1_16689583_17097287_0$HG03927.verkko_filt_mat.fa:haplotype1_0000009_134765170_135173010_1	0.0616611735529117 Reich
I16553 AV_HG01175#haplotype1#0000070:46006269_46414083$HG03492#2#JAHEPH010000288.1_2098270_2432686_1	0.0616539987109326 Reich
I16553 HG02080#2#JAHEOV010000017.1_16662177_17164189_0$HG01891#1#JAGYVO010000014.1_22855818_23168577_1	0.0616509755550990 Reich
I16553 HG02559#2#JAGYVJ010000037.1_52167780_52574597_1$HG02622#1#JAHAOO010000002.1_16673678_17080663_0	0.0616455199122547 Reich
I16553 HG02055#2#JAHEPJ010000017.1_24870122_25298560_1$HG02071.verkko_filt_pat.fa:haplotype2_0000736_102745972_103248026_0	0.0616437207253034 Reich
I16553 AV_HG01106#haplotype1#0000048:16666181_17262214$HG02622#2#JAHAON010000012.1_51551779_52031001_0	0.0616436211954251 Reich
I16553 NA18906#1#JAHEOO010000054.1_2103477_2510435_1$HG03579#1#JAGYVU010000029.1_91404_499180_0	0.0616417368929709 Reich
I16553 HG00621#2#JAHBCC010000031.1_16669999_17077865_0$HG03492#2#JAHEPH010000288.1_2098270_2432686_1	0.0616384025494430 Reich
I16553 HG02886#2#JAHAOT010000031.1_87393_401061_0$HG02486#2#JAGYVL010000029.1_94163344_94570162_0	0.0616326699500301 Reich
I16553 AV_HG00673#haplotype2#0001165:24014011_24421797$HG02630#1#JAHAOQ010000102.1_16672145_17079089_0	0.0616313219293080 Reich
I16553 AV_HG00673#haplotype2#0001165:24014011_24421797$HG02717#1#JAHAOS010000015.1_16660311_17067250_0	0.0616295243528296 Reich
I16553 HG01071#1#JAHBCF010000053.1_26607100_27108065_1$NA18906#1#JAHEOO010000054.1_2103477_2510435_1	0.0616262740148963 Reich
I16553 HG02622#1#JAHAOO010000002.1_16673678_17080663_0$HG01978#2#JAGYVR010000007.1_51532241_51939176_0	0.0616262664078991 Reich
I16553 HG01891#1#JAGYVO010000014.1_22855818_23168577_1$HG03927.verkko_filt_pat.fa:haplotype2_0000800_29002142_29504057_1	0.0616252481117209 Reich
I16553 HG01071#1#JAHBCF010000053.1_26607100_27108065_1$HG03927.verkko_filt_mat.fa:haplotype1_0000009_134765170_135173010_1	0.0616216922010835 Reich
I16553 AV_HG00673#haplotype2#0001165:24014011_24421797$HG00438#1#JAHBCB010000015.1_33474867_33954171_0	0.0616151145577986 Reich
I16553 AV_HG00673#haplotype2#0001165:24014011_24421797$HG02145#2#JAHKSF010000206.1_1005292_1413195_1	0.0616148331447419 Reich
I16553 HG02723#1#JAHEOU010000204.1_2102082_2414876_1$HG02486#1#JAGYVM010000007.1_28868414_29370339_1	0.0616137957568806 Reich
I16553 HG02647.verkko_filt_mat.fa:haplotype1_0000002_103892584_104321036_0$HG02293.verkko_filt_pat.fa:haplotype2_0000836_148310532_148812524_1	0.0616124572156594 Reich
I16553 HG02886#1#JAHAOU010000178.1_62411_469262_0$HG02886#2#JAHAOT010000031.1_87393_401061_0	0.0616117795899367 Reich
I16553 HG01928#1#JAGYVQ010000053.1_16676493_17083407_0$HG01258#2#JAGYYU010000072.1_51562603_51970395_0	0.0616057439888600 Reich
I16553 HG03492#2#JAHEPH010000288.1_2098270_2432686_1$HG02300.verkko_filt_mat.fa:haplotype1_0000028_144052837_144460586_1	0.0616043254152995 Reich
I16553 HG02809.verkko_filt_mat.fa:haplotype1_0000023_94161320_94589755_0$HG01099.verkko_filt_pat.fa:haplotype2_0000583_143544270_144046196_1	0.0616041516302604 Reich
I16553 HG01978#1#JAGYVS010000002.1_51519970_52021951_0$HG02647.verkko_filt_mat.fa:haplotype1_0000002_103892584_104321036_0	0.0616027686046416 Reich
I16553 HG02055#2#JAHEPJ010000017.1_24870122_25298560_1$HG04228.verkko_filt_mat.fa:haplotype1_0000023_103429213_103930285_0	0.0616015834442711 Reich
I16553 HG01109#1#JAHEPA010000099.1_2104245_2511104_1$HG03516#1#JAGYYT010000012.1_24170958_24578778_1	0.0616015762051718 Reich
I16553 HG02622#1#JAHAOO010000002.1_16673678_17080663_0$HG03516#2#JAGYYS010000004.1_24452130_24859892_1	0.0615983542605424 Reich
I16553 AV_HG01361#haplotype2#0001322:101872897_102186552$HG002.verkko_filt_pat.fa:haplotype2_0000649_147937390_148315979_1	0.0615949709813146 Reich
I16553 HG03098#1#JAHEPM010000059.1_16676208_17105596_0$HG002.verkko_filt_pat.fa:haplotype2_0000649_147937390_148315979_1	0.0615948969599918 Reich
I16553 HG02818#2#JAHEOR010000010.1_31775319_32183091_1$HG02886#2#JAHAOT010000031.1_87393_401061_0	0.0615933157322411 Reich
I16553 HG01928#1#JAGYVQ010000053.1_16676493_17083407_0$HG01243#1#JAHEOY010000013.1_90081_424495_0	0.0615913468382272 Reich
I16553 HG01243#1#JAHEOY010000013.1_90081_424495_0$HG002.verkko_filt_mat.fa:haplotype1_0000005_138228497_138636354_1	0.0615897457535673 Reich
I16553 HG01258#2#JAGYYU010000072.1_51562603_51970395_0$HG002.verkko_filt_mat.fa:haplotype1_0000005_138228497_138636354_1	0.0615831830588950 Reich
I16553 HG03492#2#JAHEPH010000288.1_2098270_2432686_1$HG01099.verkko_filt_mat.fa:haplotype1_0000034_142513097_142920876_1	0.0615826292147907 Reich
I16553 HG005#1#JAHEPO010000002.1_51519219_51926067_0$HG01123#1#JAGYYZ010000015.1_51528240_51935090_0	0.0615818934459625 Reich
I16553 HG02145#2#JAHKSF010000206.1_1005292_1413195_1$HG01071#1#JAHBCF010000053.1_26607100_27108065_1	0.0615810933295999 Reich
I16553 HG02622#2#JAHAON010000012.1_51551779_52031001_0$HG01099.verkko_filt_pat.fa:haplotype2_0000583_143544270_144046196_1	0.0615779002547977 Reich
I16553 HG02080#1#JAHEOW010000048.1_16689583_17097287_0$HG02622#1#JAHAOO010000002.1_16673678_17080663_0	0.0615769714209864 Reich
I16553 HG02622#2#JAHAON010000012.1_51551779_52031001_0$chr1_chm13_103304997_103901127_0	0.0615757240251536 Reich
I16553 HG02647.verkko_filt_mat.fa:haplotype1_0000002_103892584_104321036_0$HG02071.verkko_filt_pat.fa:haplotype2_0000736_102745972_103248026_0	0.0615754690426644 Reich
I16553 AV_HG00673#haplotype2#0001165:24014011_24421797$HG00741#2#JAHALX010000013.1_51574319_51981226_0	0.0615749285722998 Reich
I16553 HG00438#1#JAHBCB010000015.1_33474867_33954171_0$HG03579#1#JAGYVU010000029.1_91404_499180_0	0.0615738010898442 Reich
I16553 HG02486#1#JAGYVM010000007.1_28868414_29370339_1$HG02293.verkko_filt_mat.fa:haplotype1_0000039_30204405_30517145_1	0.0615706858243652 Reich
I16553 AV_HG00673#haplotype2#0001165:24014011_24421797$HG02717#2#JAHAOR010000006.1_19663827_20070693_1	0.0615704308579766 Reich
I16553 HG02717#1#JAHAOS010000015.1_16660311_17067250_0$HG03579#1#JAGYVU010000029.1_91404_499180_0	0.0615702924252295 Reich
I16553 HG02080#2#JAHEOV010000017.1_16662177_17164189_0$HG02055#2#JAHEPJ010000017.1_24870122_25298560_1	0.0615699149111416 Reich
I16553 HG02630#1#JAHAOQ010000102.1_16672145_17079089_0$HG01071#1#JAHBCF010000053.1_26607100_27108065_1	0.0615669947323364 Reich
I16553 HG02630#1#JAHAOQ010000102.1_16672145_17079089_0$HG03579#1#JAGYVU010000029.1_91404_499180_0	0.0615633803546587 Reich
I16553 HG02055#2#JAHEPJ010000017.1_24870122_25298560_1$HG03927.verkko_filt_pat.fa:haplotype2_0000800_29002142_29504057_1	0.0615628750589927 Reich
I16553 AV_HG00673#haplotype2#0001165:24014011_24421797$AV_HG02257#haplotype2#0001152:102843493_103251377	0.0615587736006858 Reich
I16553 AV_HG00673#haplotype2#0001165:24014011_24421797$HG02818#1#JAHEOS010000101.1_89626_496613_0	0.0615585177002312 Reich
I16553 HG02717#1#JAHAOS010000015.1_16660311_17067250_0$HG01071#1#JAHBCF010000053.1_26607100_27108065_1	0.0615582023165635 Reich
I16553 HG02145#2#JAHKSF010000206.1_1005292_1413195_1$HG03579#1#JAGYVU010000029.1_91404_499180_0	0.0615475999779489 Reich
I16553 AV_HG00673#haplotype2#0001165:24014011_24421797$HG03927.verkko_filt_mat.fa:haplotype1_0000009_134765170_135173010_1	0.0615461922562582 Reich
I16553 AV_HG01106#haplotype1#0000048:16666181_17262214$NA20129#2#JAHEPD010000155.1_90039_569275_0	0.0615453633909731 Reich
I16553 HG04228.verkko_filt_mat.fa:haplotype1_0000023_103429213_103930285_0$HG02647.verkko_filt_mat.fa:haplotype1_0000002_103892584_104321036_0	0.0615408685396759 Reich
I16553 HG02886#2#JAHAOT010000031.1_87393_401061_0$HG02071.verkko_filt_mat.fa:haplotype1_0000041_103610513_104018399_0	0.0615402521167256 Reich
I16553 HG005#2#JAHEPN010000023.1_51542210_51950070_0$HG01258#2#JAGYYU010000072.1_51562603_51970395_0	0.0615286591776736 Reich
I16553 HG03540#1#JAGYVY010000208.1_95187_596142_0$HG02809.verkko_filt_mat.fa:haplotype1_0000023_94161320_94589755_0	0.0615273516494506 Reich
I16553 HG01243#1#JAHEOY010000013.1_90081_424495_0$HG005#2#JAHEPN010000023.1_51542210_51950070_0	0.0615234205023700 Reich
I16553 HG00741#2#JAHALX010000013.1_51574319_51981226_0$HG03579#1#JAGYVU010000029.1_91404_499180_0	0.0615197801961725 Reich
I16553 HG03579#1#JAGYVU010000029.1_91404_499180_0$HG02717#2#JAHAOR010000006.1_19663827_20070693_1	0.0615182295349673 Reich
I16553 HG01109#1#JAHEPA010000099.1_2104245_2511104_1$HG02559#2#JAGYVJ010000037.1_52167780_52574597_1	0.0615178473813809 Reich
I16553 HG02622#2#JAHAON010000012.1_51551779_52031001_0$HG03540#1#JAGYVY010000208.1_95187_596142_0	0.0615166507891560 Reich
I16553 AV_HG02257#haplotype2#0001152:102843493_103251377$HG01071#1#JAHBCF010000053.1_26607100_27108065_1	0.0615113729683506 Reich
I16553 AV_HG01175#haplotype1#0000070:46006269_46414083$HG01258#2#JAGYYU010000072.1_51562603_51970395_0	0.0615088430030114 Reich
I16553 HG01109#1#JAHEPA010000099.1_2104245_2511104_1$HG01978#2#JAGYVR010000007.1_51532241_51939176_0	0.0615040507138681 Reich
I16553 HG01071#1#JAHBCF010000053.1_26607100_27108065_1$HG02717#2#JAHAOR010000006.1_19663827_20070693_1	0.0615024884856550 Reich
I16553 AV_HG01175#haplotype1#0000070:46006269_46414083$HG01243#1#JAHEOY010000013.1_90081_424495_0	0.0615004230507011 Reich
I16553 HG01071#1#JAHBCF010000053.1_26607100_27108065_1$HG00741#2#JAHALX010000013.1_51574319_51981226_0	0.0615001064810352 Reich
I16553 HG01071#1#JAHBCF010000053.1_26607100_27108065_1$HG02818#1#JAHEOS010000101.1_89626_496613_0	0.0614964170076072 Reich
I16553 AV_HG02257#haplotype2#0001152:102843493_103251377$HG03579#1#JAGYVU010000029.1_91404_499180_0	0.0614961732174384 Reich
I16553 AV_HG00673#haplotype1#0000019:16627360_17129375$HG01891#1#JAGYVO010000014.1_22855818_23168577_1	0.0614961158980619 Reich
I16553 HG02080#2#JAHEOV010000017.1_16662177_17164189_0$HG02647.verkko_filt_mat.fa:haplotype1_0000002_103892584_104321036_0	0.0614929078800967 Reich
I16553 HG00621#2#JAHBCC010000031.1_16669999_17077865_0$HG01258#2#JAGYYU010000072.1_51562603_51970395_0	0.0614915280443797 Reich
I16553 HG01109#1#JAHEPA010000099.1_2104245_2511104_1$HG03516#2#JAGYYS010000004.1_24452130_24859892_1	0.0614887499834498 Reich
I16553 HG02559#1#JAGYVK010000012.1_51505852_51913611_0$HG03492#2#JAHEPH010000288.1_2098270_2432686_1	0.0614869653763583 Reich
I16553 HG00621#2#JAHBCC010000031.1_16669999_17077865_0$HG01243#1#JAHEOY010000013.1_90081_424495_0	0.0614862196414523 Reich
I16553 HG03579#1#JAGYVU010000029.1_91404_499180_0$HG03927.verkko_filt_mat.fa:haplotype1_0000009_134765170_135173010_1	0.0614855459739097 Reich
I16553 chr1_hg38_103456064_103863972_0$HG02886#2#JAHAOT010000031.1_87393_401061_0	0.0614837496701137 Reich
I16553 chr1_hg19_103998686_104406594_0$HG02886#2#JAHAOT010000031.1_87393_401061_0	0.0614837496701137 Reich
I16553 HG02647.verkko_filt_mat.fa:haplotype1_0000002_103892584_104321036_0$HG03927.verkko_filt_pat.fa:haplotype2_0000800_29002142_29504057_1	0.0614837041514613 Reich
I16553 HG02818#1#JAHEOS010000101.1_89626_496613_0$HG03579#1#JAGYVU010000029.1_91404_499180_0	0.0614831661157819 Reich
I16553 AV_HG01106#haplotype1#0000048:16666181_17262214$HG02809.verkko_filt_pat.fa:haplotype2_0001251_103421111_103827972_0	0.0614815408387958 Reich
I16553 NA20129#2#JAHEPD010000155.1_90039_569275_0$chr1_chm13_103304997_103901127_0	0.0614775344534241 Reich
I16553 HG01258#2#JAGYYU010000072.1_51562603_51970395_0$HG02300.verkko_filt_mat.fa:haplotype1_0000028_144052837_144460586_1	0.0614688933105617 Reich
I16553 NA20129#2#JAHEPD010000155.1_90039_569275_0$HG01099.verkko_filt_pat.fa:haplotype2_0000583_143544270_144046196_1	0.0614635101222080 Reich
I16553 AV_HG00673#haplotype2#0001165:24014011_24421797$HG02622#1#JAHAOO010000002.1_16673678_17080663_0	0.0614592138517574 Reich
I16553 HG02080#1#JAHEOW010000048.1_16689583_17097287_0$HG01109#1#JAHEPA010000099.1_2104245_2511104_1	0.0614589591909034 Reich
I16553 HG005#1#JAHEPO010000002.1_51519219_51926067_0$NA18906#1#JAHEOO010000054.1_2103477_2510435_1	0.0614569220180272 Reich
I16553 HG01258#2#JAGYYU010000072.1_51562603_51970395_0$HG01099.verkko_filt_mat.fa:haplotype1_0000034_142513097_142920876_1	0.0614551396579278 Reich
I16553 HG005#1#JAHEPO010000002.1_51519219_51926067_0$HG00438#1#JAHBCB010000015.1_33474867_33954171_0	0.0614542961806610 Reich
I16553 HG01243#1#JAHEOY010000013.1_90081_424495_0$HG02300.verkko_filt_mat.fa:haplotype1_0000028_144052837_144460586_1	0.0614513643016419 Reich
I16553 HG00621#1#JAHBCD010000034.1_2122997_2624098_1$HG02622#2#JAHAON010000012.1_51551779_52031001_0	0.0614469424515696 Reich
I16553 HG03492#2#JAHEPH010000288.1_2098270_2432686_1$HG02004.verkko_filt_mat.fa:haplotype1_0000022_97828542_98235483_0	0.0614446804842903 Reich
I16553 AV_HG01106#haplotype2#0000932:16673968_17175925$HG01891#1#JAGYVO010000014.1_22855818_23168577_1	0.0614431964164003 Reich
I16553 HG03492#2#JAHEPH010000288.1_2098270_2432686_1$NA19240#1#JAHEOM010000047.1_30103390_30511199_1	0.0614418239708703 Reich
I16553 HG03492#2#JAHEPH010000288.1_2098270_2432686_1$HG02300.verkko_filt_pat.fa:haplotype2_0000620_143362344_143769323_1	0.0614337797154152 Reich
I16553 AV_HG00673#haplotype1#0000019:16627360_17129375$HG02055#2#JAHEPJ010000017.1_24870122_25298560_1	0.0614301879525760 Reich
I16553 HG01243#1#JAHEOY010000013.1_90081_424495_0$HG01099.verkko_filt_mat.fa:haplotype1_0000034_142513097_142920876_1	0.0614297238773098 Reich
I16553 HG01071#1#JAHBCF010000053.1_26607100_27108065_1$HG00733#1#JAHEPQ010000019.1_46106835_46420495_0	0.0614287568056824 Reich
I16553 HG01071#1#JAHBCF010000053.1_26607100_27108065_1$HG03710.verkko_filt_mat.fa:haplotype1_0000029_102593394_102907063_0	0.0614097347274006 Reich
I16553 HG01071#1#JAHBCF010000053.1_26607100_27108065_1$HG02622#1#JAHAOO010000002.1_16673678_17080663_0	0.0614084496817891 Reich
I16553 AV_HG01361#haplotype2#0001322:101872897_102186552$HG02486#1#JAGYVM010000007.1_28868414_29370339_1	0.0614066928344560 Reich
I16553 HG00438#1#JAHBCB010000015.1_33474867_33954171_0$HG01123#1#JAGYYZ010000015.1_51528240_51935090_0	0.0614066335819966 Reich
I16553 HG01891#1#JAGYVO010000014.1_22855818_23168577_1$HG03710.verkko_filt_pat.fa:haplotype2_0000488_101614437_102218208_0	0.0614056899789245 Reich
I16553 NA20129#2#JAHEPD010000155.1_90039_569275_0$HG03540#1#JAGYVY010000208.1_95187_596142_0	0.0614039496727043 Reich
I16553 AV_HG01106#haplotype2#0000932:16673968_17175925$HG02055#2#JAHEPJ010000017.1_24870122_25298560_1	0.0614022844985801 Reich
I16553 HG01123#1#JAGYYZ010000015.1_51528240_51935090_0$NA18906#1#JAHEOO010000054.1_2103477_2510435_1	0.0614019273955645 Reich
I16553 chr1_chm13_103304997_103901127_0$HG02809.verkko_filt_pat.fa:haplotype2_0001251_103421111_103827972_0	0.0614019074870905 Reich
I16553 HG005#1#JAHEPO010000002.1_51519219_51926067_0$HG03927.verkko_filt_mat.fa:haplotype1_0000009_134765170_135173010_1	0.0614008178216575 Reich
I16553 HG00621#1#JAHBCD010000034.1_2122997_2624098_1$HG02809.verkko_filt_mat.fa:haplotype1_0000023_94161320_94589755_0	0.0613999779747641 Reich
I16553 AV_HG02148#haplotype2#0002863:16304803_16712699$HG03492#2#JAHEPH010000288.1_2098270_2432686_1	0.0613905588117175 Reich
I16553 HG005#1#JAHEPO010000002.1_51519219_51926067_0$HG02145#2#JAHKSF010000206.1_1005292_1413195_1	0.0613903163588072 Reich
I16553 HG03098#1#JAHEPM010000059.1_16676208_17105596_0$HG03710.verkko_filt_pat.fa:haplotype2_0000488_101614437_102218208_0	0.0613882742422415 Reich
I16553 HG02622#1#JAHAOO010000002.1_16673678_17080663_0$HG03579#1#JAGYVU010000029.1_91404_499180_0	0.0613857483436939 Reich
I16553 HG03579#2#JAGYVT010000094.1_51581892_51895531_0$HG03540#2#JAGYVX010000148.1_1368955_1877115_0	0.0613838360164688 Reich
I16553 HG02630#1#JAHAOQ010000102.1_16672145_17079089_0$HG005#1#JAHEPO010000002.1_51519219_51926067_0	0.0613757316531000 Reich
I16553 HG00438#1#JAHBCB010000015.1_33474867_33954171_0$HG01071#1#JAHBCF010000053.1_26607100_27108065_1	0.0613745639378451 Reich
I16553 HG02717#1#JAHAOS010000015.1_16660311_17067250_0$HG005#1#JAHEPO010000002.1_51519219_51926067_0	0.0613714113066094 Reich
I16553 HG03492#2#JAHEPH010000288.1_2098270_2432686_1$HG01071#1#JAHBCF010000053.1_26607100_27108065_1	0.0613681832762954 Reich
I16553 HG00741#1#JAHALY010000007.1_18781197_19307680_1$HG02486#2#JAGYVL010000029.1_94163344_94570162_0	0.0613633538511913 Reich
I16553 AV_HG00673#haplotype1#0000019:16627360_17129375$HG02647.verkko_filt_mat.fa:haplotype1_0000002_103892584_104321036_0	0.0613570870974694 Reich
I16553 HG02486#1#JAGYVM010000007.1_28868414_29370339_1$HG01258#2#JAGYYU010000072.1_51562603_51970395_0	0.0613542369397940 Reich
I16553 AV_HG00673#haplotype2#0001165:24014011_24421797$HG01109#1#JAHEPA010000099.1_2104245_2511104_1	0.0613521079668694 Reich
I16553 HG02622#2#JAHAON010000012.1_51551779_52031001_0$HG02004.verkko_filt_pat.fa:haplotype2_0000813_139386576_140076845_1	0.0613517001277929 Reich
I16553 HG02559#1#JAGYVK010000012.1_51505852_51913611_0$HG01258#2#JAGYYU010000072.1_51562603_51970395_0	0.0613507607384899 Reich
I16553 HG02818#2#JAHEOR010000010.1_31775319_32183091_1$HG00741#1#JAHALY010000007.1_18781197_19307680_1	0.0613505907508059 Reich
I16553 HG01123#1#JAGYYZ010000015.1_51528240_51935090_0$HG03927.verkko_filt_mat.fa:haplotype1_0000009_134765170_135173010_1	0.0613499936772989 Reich
I16553 HG00741#1#JAHALY010000007.1_18781197_19307680_1$HG02886#1#JAHAOU010000178.1_62411_469262_0	0.0613493391127984 Reich
I16553 HG01258#2#JAGYYU010000072.1_51562603_51970395_0$HG02004.verkko_filt_mat.fa:haplotype1_0000022_97828542_98235483_0	0.0613488079037538 Reich
I16553 HG00741#1#JAHALY010000007.1_18781197_19307680_1$HG02071.verkko_filt_mat.fa:haplotype1_0000041_103610513_104018399_0	0.0613467002939828 Reich
I16553 HG01258#2#JAGYYU010000072.1_51562603_51970395_0$HG02300.verkko_filt_pat.fa:haplotype2_0000620_143362344_143769323_1	0.0613456445289222 Reich
I16553 HG03486#1#JAHEOQ010000123.1_16677696_17085575_0$HG02886#2#JAHAOT010000031.1_87393_401061_0	0.0613440015213885 Reich
I16553 HG02145#2#JAHKSF010000206.1_1005292_1413195_1$HG01123#1#JAGYYZ010000015.1_51528240_51935090_0	0.0613368813477382 Reich
I16553 HG02559#1#JAGYVK010000012.1_51505852_51913611_0$HG01243#1#JAHEOY010000013.1_90081_424495_0	0.0613343059456413 Reich
I16553 HG00621#1#JAHBCD010000034.1_2122997_2624098_1$NA20129#2#JAHEPD010000155.1_90039_569275_0	0.0613328387532577 Reich
I16553 HG02622#2#JAHAON010000012.1_51551779_52031001_0$HG02293.verkko_filt_pat.fa:haplotype2_0000836_148310532_148812524_1	0.0613303778217564 Reich
I16553 AV_HG01106#haplotype2#0000932:16673968_17175925$HG02647.verkko_filt_mat.fa:haplotype1_0000002_103892584_104321036_0	0.0613280015725067 Reich
I16553 HG03540#2#JAGYVX010000148.1_1368955_1877115_0$HG02647.verkko_filt_pat.fa:haplotype2_0000857_103738150_104051769_0	0.0613269000906447 Reich
I16553 AV_HG02257#haplotype2#0001152:102843493_103251377$HG005#1#JAHEPO010000002.1_51519219_51926067_0	0.0613221730538430 Reich
I16553 HG02630#1#JAHAOQ010000102.1_16672145_17079089_0$HG01123#1#JAGYYZ010000015.1_51528240_51935090_0	0.0613212433235766 Reich
I16553 HG02717#1#JAHAOS010000015.1_16660311_17067250_0$HG01123#1#JAGYYZ010000015.1_51528240_51935090_0	0.0613174332648994 Reich
I16553 HG01258#2#JAGYYU010000072.1_51562603_51970395_0$NA19240#1#JAHEOM010000047.1_30103390_30511199_1	0.0613168444521292 Reich
I16553 HG02622#2#JAHAON010000012.1_51551779_52031001_0$HG01978#1#JAGYVS010000002.1_51519970_52021951_0	0.0613117396120975 Reich
I16553 HG02622#2#JAHAON010000012.1_51551779_52031001_0$HG02071.verkko_filt_pat.fa:haplotype2_0000736_102745972_103248026_0	0.0613097449999689 Reich
I16553 HG01071#1#JAHBCF010000053.1_26607100_27108065_1$HG00438#2#JAHBCA010000012.1_51513023_51826723_0	0.0612986439916450 Reich
I16553 HG02109#1#JAHEPG010000026.1_16673035_17080816_0$HG03710.verkko_filt_pat.fa:haplotype2_0000488_101614437_102218208_0	0.0612952707192507 Reich
I16553 HG005#1#JAHEPO010000002.1_51519219_51926067_0$HG02818#1#JAHEOS010000101.1_89626_496613_0	0.0612935476025500 Reich
I16553 HG01243#1#JAHEOY010000013.1_90081_424495_0$NA19240#1#JAHEOM010000047.1_30103390_30511199_1	0.0612919658636243 Reich
I16553 HG01243#1#JAHEOY010000013.1_90081_424495_0$HG02004.verkko_filt_mat.fa:haplotype1_0000022_97828542_98235483_0	0.0612892483228214 Reich
I16553 HG03492#2#JAHEPH010000288.1_2098270_2432686_1$HG02630#2#JAHAOP010000089.1_16669255_17076135_0	0.0612886160206964 Reich
I16553 HG00438#1#JAHBCB010000015.1_33474867_33954171_0$NA18906#1#JAHEOO010000054.1_2103477_2510435_1	0.0612882617145241 Reich
I16553 HG00741#1#JAHALY010000007.1_18781197_19307680_1$HG01258#1#JAGYYV010000004.1_56955948_57456952_1	0.0612856778078778 Reich
I16553 HG01243#1#JAHEOY010000013.1_90081_424495_0$HG02300.verkko_filt_pat.fa:haplotype2_0000620_143362344_143769323_1	0.0612855981363928 Reich
I16553 HG00741#1#JAHALY010000007.1_18781197_19307680_1$chr1_hg38_103456064_103863972_0	0.0612834744880971 Reich
I16553 HG00741#1#JAHALY010000007.1_18781197_19307680_1$chr1_hg19_103998686_104406594_0	0.0612834744880971 Reich
I16553 HG01109#1#JAHEPA010000099.1_2104245_2511104_1$HG03579#1#JAGYVU010000029.1_91404_499180_0	0.0612814002436986 Reich
I16553 AV_HG02148#haplotype2#0002863:16304803_16712699$HG01258#2#JAGYYU010000072.1_51562603_51970395_0	0.0612811463273835 Reich
I16553 HG03492#1#JAHEPI010000180.1_2103395_2543326_1$HG03710.verkko_filt_pat.fa:haplotype2_0000488_101614437_102218208_0	0.0612792490718031 Reich
I16553 HG03492#2#JAHEPH010000288.1_2098270_2432686_1$HG03453#2#JAGYVV010000088.1_22597550_23005370_1	0.0612754580357607 Reich
I16553 AV_HG02257#haplotype2#0001152:102843493_103251377$HG01123#1#JAGYYZ010000015.1_51528240_51935090_0	0.0612712610654417 Reich
I16553 HG02809.verkko_filt_mat.fa:haplotype1_0000023_94161320_94589755_0$HG02293.verkko_filt_pat.fa:haplotype2_0000836_148310532_148812524_1	0.0612683825959451 Reich
I16553 HG02622#2#JAHAON010000012.1_51551779_52031001_0$HG04228.verkko_filt_mat.fa:haplotype1_0000023_103429213_103930285_0	0.0612625046312242 Reich
I16553 HG01978#1#JAGYVS010000002.1_51519970_52021951_0$HG02809.verkko_filt_mat.fa:haplotype1_0000023_94161320_94589755_0	0.0612623449029216 Reich
I16553 HG005#1#JAHEPO010000002.1_51519219_51926067_0$HG02717#2#JAHAOR010000006.1_19663827_20070693_1	0.0612599531234317 Reich
I16553 HG03492#1#JAHEPI010000180.1_2103395_2543326_1$HG03540#2#JAGYVX010000148.1_1368955_1877115_0	0.0612546856583632 Reich
I16553 NA20129#2#JAHEPD010000155.1_90039_569275_0$HG02004.verkko_filt_pat.fa:haplotype2_0000813_139386576_140076845_1	0.0612541658167121 Reich
I16553 HG005#1#JAHEPO010000002.1_51519219_51926067_0$HG00741#2#JAHALX010000013.1_51574319_51981226_0	0.0612539272094848 Reich
I16553 HG02145#2#JAHKSF010000206.1_1005292_1413195_1$HG00438#1#JAHBCB010000015.1_33474867_33954171_0	0.0612460157941401 Reich
I16553 HG01071#1#JAHBCF010000053.1_26607100_27108065_1$HG01243#1#JAHEOY010000013.1_90081_424495_0	0.0612455135590383 Reich
I16553 HG02109#1#JAHEPG010000026.1_16673035_17080816_0$HG03540#2#JAGYVX010000148.1_1368955_1877115_0	0.0612453926710978 Reich
I16553 HG02886#1#JAHAOU010000178.1_62411_469262_0$HG00733#1#JAHEPQ010000019.1_46106835_46420495_0	0.0612447831909997 Reich
I16553 HG02486#2#JAGYVL010000029.1_94163344_94570162_0$HG00733#1#JAHEPQ010000019.1_46106835_46420495_0	0.0612428176153111 Reich
I16553 HG01123#1#JAGYYZ010000015.1_51528240_51935090_0$HG02818#1#JAHEOS010000101.1_89626_496613_0	0.0612416339575945 Reich
I16553 AV_HG02148#haplotype2#0002863:16304803_16712699$HG01243#1#JAHEOY010000013.1_90081_424495_0	0.0612377679646337 Reich
I16553 HG01071#1#JAHBCF010000053.1_26607100_27108065_1$HG02109#2#JAHEPF010000078.1_16678387_16991144_0	0.0612359118870222 Reich
I16553 HG02818#2#JAHEOR010000010.1_31775319_32183091_1$HG00733#1#JAHEPQ010000019.1_46106835_46420495_0	0.0612304535311389 Reich
I16553 HG02809.verkko_filt_pat.fa:haplotype2_0001251_103421111_103827972_0$HG01099.verkko_filt_pat.fa:haplotype2_0000583_143544270_144046196_1	0.0612295493740116 Reich
I16553 HG02717#1#JAHAOS010000015.1_16660311_17067250_0$HG00438#1#JAHBCB010000015.1_33474867_33954171_0	0.0612294716862621 Reich
I16553 HG02080#2#JAHEOV010000017.1_16662177_17164189_0$HG02622#2#JAHAON010000012.1_51551779_52031001_0	0.0612286124393453 Reich
I16553 HG02809.verkko_filt_mat.fa:haplotype1_0000023_94161320_94589755_0$HG02071.verkko_filt_pat.fa:haplotype2_0000736_102745972_103248026_0	0.0612241743732763 Reich
I16553 HG01109#1#JAHEPA010000099.1_2104245_2511104_1$HG01071#1#JAHBCF010000053.1_26607100_27108065_1	0.0612229385045801 Reich
I16553 HG02630#1#JAHAOQ010000102.1_16672145_17079089_0$HG00438#1#JAHBCB010000015.1_33474867_33954171_0	0.0612226272690567 Reich
I16553 NA20129#2#JAHEPD010000155.1_90039_569275_0$HG02293.verkko_filt_pat.fa:haplotype2_0000836_148310532_148812524_1	0.0612182637124029 Reich
I16553 AV_HG01361#haplotype1#0000023:101593539_102001341$HG03492#2#JAHEPH010000288.1_2098270_2432686_1	0.0612155460671648 Reich
I16553 NA18906#1#JAHEOO010000054.1_2103477_2510435_1$HG03927.verkko_filt_mat.fa:haplotype1_0000009_134765170_135173010_1	0.0612074448170615 Reich
I16553 HG03098#2#JAHEPL010000003.1_93803759_94117426_0$HG01071#1#JAHBCF010000053.1_26607100_27108065_1	0.0612062391349427 Reich
I16553 HG01928#1#JAGYVQ010000053.1_16676493_17083407_0$HG02886#2#JAHAOT010000031.1_87393_401061_0	0.0612043566639347 Reich
I16553 HG00741#1#JAHALY010000007.1_18781197_19307680_1$HG03486#1#JAHEOQ010000123.1_16677696_17085575_0	0.0612006819681913 Reich
I16553 NA20129#2#JAHEPD010000155.1_90039_569275_0$HG01978#1#JAGYVS010000002.1_51519970_52021951_0	0.0612001897004861 Reich
I16553 HG01123#1#JAGYYZ010000015.1_51528240_51935090_0$HG02717#2#JAHAOR010000006.1_19663827_20070693_1	0.0611970703474374 Reich
I16553 HG005#1#JAHEPO010000002.1_51519219_51926067_0$HG02622#1#JAHAOO010000002.1_16673678_17080663_0	0.0611948069312105 Reich
I16553 NA20129#2#JAHEPD010000155.1_90039_569275_0$HG02071.verkko_filt_pat.fa:haplotype2_0000736_102745972_103248026_0	0.0611946824446608 Reich
I16553 HG02630#2#JAHAOP010000089.1_16669255_17076135_0$HG01258#2#JAGYYU010000072.1_51562603_51970395_0	0.0611945563257396 Reich
I16553 AV_HG02257#haplotype2#0001152:102843493_103251377$HG00438#1#JAHBCB010000015.1_33474867_33954171_0	0.0611868780815349 Reich
I16553 HG01123#1#JAGYYZ010000015.1_51528240_51935090_0$HG00741#2#JAHALX010000013.1_51574319_51981226_0	0.0611805832503039 Reich
I16553 HG03492#2#JAHEPH010000288.1_2098270_2432686_1$NA19240#2#JAHEOL010000010.1_37445323_37853017_0	0.0611798661958640 Reich
I16553 HG04228.verkko_filt_mat.fa:haplotype1_0000023_103429213_103930285_0$HG02809.verkko_filt_mat.fa:haplotype1_0000023_94161320_94589755_0	0.0611794666592156 Reich
I16553 HG03453#2#JAGYVV010000088.1_22597550_23005370_1$HG01258#2#JAGYYU010000072.1_51562603_51970395_0	0.0611788275810783 Reich
I16553 HG03540#1#JAGYVY010000208.1_95187_596142_0$HG02809.verkko_filt_pat.fa:haplotype2_0001251_103421111_103827972_0	0.0611660499659724 Reich
I16553 HG00438#1#JAHBCB010000015.1_33474867_33954171_0$HG02818#1#JAHEOS010000101.1_89626_496613_0	0.0611601559809726 Reich
I16553 HG02886#2#JAHAOT010000031.1_87393_401061_0$HG002.verkko_filt_mat.fa:haplotype1_0000005_138228497_138636354_1	0.0611551246635259 Reich
I16553 HG02622#2#JAHAON010000012.1_51551779_52031001_0$HG03927.verkko_filt_pat.fa:haplotype2_0000800_29002142_29504057_1	0.0611548080726056 Reich
I16553 NA20129#2#JAHEPD010000155.1_90039_569275_0$HG04228.verkko_filt_mat.fa:haplotype1_0000023_103429213_103930285_0	0.0611515401212274 Reich
I16553 HG02080#2#JAHEOV010000017.1_16662177_17164189_0$HG02809.verkko_filt_mat.fa:haplotype1_0000023_94161320_94589755_0	0.0611511750608850 Reich
I16553 HG02809.verkko_filt_mat.fa:haplotype1_0000023_94161320_94589755_0$HG03927.verkko_filt_pat.fa:haplotype2_0000800_29002142_29504057_1	0.0611477723060873 Reich
I16553 HG01123#1#JAGYYZ010000015.1_51528240_51935090_0$HG02622#1#JAHAOO010000002.1_16673678_17080663_0	0.0611464603826747 Reich
I16553 HG02004.verkko_filt_pat.fa:haplotype2_0000813_139386576_140076845_1$HG02809.verkko_filt_pat.fa:haplotype2_0001251_103421111_103827972_0	0.0611378643818613 Reich
I16553 HG00438#1#JAHBCB010000015.1_33474867_33954171_0$HG00741#2#JAHALX010000013.1_51574319_51981226_0	0.0611336072128182 Reich
I16553 HG01358#1#JAGYZB010000020.1_27445742_27855492_1$HG02071.verkko_filt_mat.fa:haplotype1_0000041_103610513_104018399_0	0.0611335266223640 Reich
I16553 HG02717#1#JAHAOS010000015.1_16660311_17067250_0$HG03927.verkko_filt_mat.fa:haplotype1_0000009_134765170_135173010_1	0.0611325433534146 Reich
I16553 HG02630#2#JAHAOP010000089.1_16669255_17076135_0$HG01243#1#JAHEOY010000013.1_90081_424495_0	0.0611318029570580 Reich
I16553 HG02630#1#JAHAOQ010000102.1_16672145_17079089_0$HG03927.verkko_filt_mat.fa:haplotype1_0000009_134765170_135173010_1	0.0611282284763698 Reich
I16553 HG03453#2#JAGYVV010000088.1_22597550_23005370_1$HG01243#1#JAHEOY010000013.1_90081_424495_0	0.0611234445427343 Reich
I16553 HG02818#2#JAHEOR010000010.1_31775319_32183091_1$HG01358#1#JAGYZB010000020.1_27445742_27855492_1	0.0611215914178342 Reich
I16553 AV_HG01361#haplotype1#0000023:101593539_102001341$HG01258#2#JAGYYU010000072.1_51562603_51970395_0	0.0611214409579885 Reich
I16553 HG00438#1#JAHBCB010000015.1_33474867_33954171_0$HG03927.verkko_filt_mat.fa:haplotype1_0000009_134765170_135173010_1	0.0611190936351485 Reich
I16553 NA20129#2#JAHEPD010000155.1_90039_569275_0$HG02080#2#JAHEOV010000017.1_16662177_17164189_0	0.0611180744942615 Reich
I16553 HG00438#1#JAHBCB010000015.1_33474867_33954171_0$HG02717#2#JAHAOR010000006.1_19663827_20070693_1	0.0611165127629138 Reich
I16553 AV_HG00673#haplotype1#0000019:16627360_17129375$HG02622#2#JAHAON010000012.1_51551779_52031001_0	0.0611145295442250 Reich
I16553 HG02145#2#JAHKSF010000206.1_1005292_1413195_1$HG03927.verkko_filt_mat.fa:haplotype1_0000009_134765170_135173010_1	0.0611110638677086 Reich
I16553 HG02886#2#JAHAOT010000031.1_87393_401061_0$HG005#2#JAHEPN010000023.1_51542210_51950070_0	0.0610968065087867 Reich
I16553 HG02886#1#JAHAOU010000178.1_62411_469262_0$HG03710.verkko_filt_mat.fa:haplotype1_0000029_102593394_102907063_0	0.0610947658452512 Reich
I16553 HG02486#2#JAGYVL010000029.1_94163344_94570162_0$HG03710.verkko_filt_mat.fa:haplotype1_0000029_102593394_102907063_0	0.0610928146776166 Reich
I16553 NA18906#1#JAHEOO010000054.1_2103477_2510435_1$HG00741#2#JAHALX010000013.1_51574319_51981226_0	0.0610895672142663 Reich
I16553 HG00438#1#JAHBCB010000015.1_33474867_33954171_0$HG02622#1#JAHAOO010000002.1_16673678_17080663_0	0.0610860249076690 Reich
I16553 chr1_hg38_103456064_103863972_0$HG01358#1#JAGYZB010000020.1_27445742_27855492_1	0.0610828012895266 Reich
I16553 chr1_hg19_103998686_104406594_0$HG01358#1#JAGYZB010000020.1_27445742_27855492_1	0.0610828012895266 Reich
I16553 HG01258#2#JAGYYU010000072.1_51562603_51970395_0$NA19240#2#JAHEOL010000010.1_37445323_37853017_0	0.0610769327160165 Reich
I16553 HG01258#1#JAGYYV010000004.1_56955948_57456952_1$HG01358#1#JAGYZB010000020.1_27445742_27855492_1	0.0610765381363466 Reich
I16553 HG00621#1#JAHBCD010000034.1_2122997_2624098_1$HG02809.verkko_filt_pat.fa:haplotype2_0001251_103421111_103827972_0	0.0610758521735894 Reich
I16553 HG00741#1#JAHALY010000007.1_18781197_19307680_1$HG002.verkko_filt_mat.fa:haplotype1_0000005_138228497_138636354_1	0.0610754783201908 Reich
I16553 HG03492#2#JAHEPH010000288.1_2098270_2432686_1$HG03516#1#JAGYYT010000012.1_24170958_24578778_1	0.0610735343095492 Reich
I16553 HG00741#1#JAHALY010000007.1_18781197_19307680_1$HG01928#1#JAGYVQ010000053.1_16676493_17083407_0	0.0610662896318189 Reich
I16553 AV_HG01106#haplotype2#0000932:16673968_17175925$HG02622#2#JAHAON010000012.1_51551779_52031001_0	0.0610654072491918 Reich
I16553 HG00438#2#JAHBCA010000012.1_51513023_51826723_0$HG02486#2#JAGYVL010000029.1_94163344_94570162_0	0.0610634023238290 Reich
I16553 HG02818#2#JAHEOR010000010.1_31775319_32183091_1$HG03710.verkko_filt_mat.fa:haplotype1_0000029_102593394_102907063_0	0.0610616112117597 Reich
I16553 AV_HG01361#haplotype1#0000023:101593539_102001341$HG01243#1#JAHEOY010000013.1_90081_424495_0	0.0610612914236841 Reich
I16553 NA18906#1#JAHEOO010000054.1_2103477_2510435_1$HG02717#2#JAHAOR010000006.1_19663827_20070693_1	0.0610593144653797 Reich
I16553 AV_HG02257#haplotype2#0001152:102843493_103251377$HG03927.verkko_filt_mat.fa:haplotype1_0000009_134765170_135173010_1	0.0610580498444188 Reich
I16553 AV_HG01175#haplotype1#0000070:46006269_46414083$HG02886#2#JAHAOT010000031.1_87393_401061_0	0.0610564601652712 Reich
I16553 HG00741#1#JAHALY010000007.1_18781197_19307680_1$HG03710.verkko_filt_pat.fa:haplotype2_0000488_101614437_102218208_0	0.0610563481589162 Reich
I16553 HG02818#2#JAHEOR010000010.1_31775319_32183091_1$HG02109#2#JAHEPF010000078.1_16678387_16991144_0	0.0610541293656993 Reich
I16553 HG02809.verkko_filt_pat.fa:haplotype2_0001251_103421111_103827972_0$HG002.verkko_filt_pat.fa:haplotype2_0000649_147937390_148315979_1	0.0610536818249423 Reich
I16553 NA20129#2#JAHEPD010000155.1_90039_569275_0$HG03927.verkko_filt_pat.fa:haplotype2_0000800_29002142_29504057_1	0.0610498744146161 Reich
I16553 HG03540#2#JAGYVX010000148.1_1368955_1877115_0$HG01358#1#JAGYZB010000020.1_27445742_27855492_1	0.0610482264102016 Reich
I16553 HG02818#1#JAHEOS010000101.1_89626_496613_0$HG03927.verkko_filt_mat.fa:haplotype1_0000009_134765170_135173010_1	0.0610451551972691 Reich
I16553 HG02055#2#JAHEPJ010000017.1_24870122_25298560_1$HG03710.verkko_filt_pat.fa:haplotype2_0000488_101614437_102218208_0	0.0610422267323220 Reich
I16553 HG02886#1#JAHAOU010000178.1_62411_469262_0$HG00438#2#JAHBCA010000012.1_51513023_51826723_0	0.0610419259426197 Reich
I16553 HG02055#2#JAHEPJ010000017.1_24870122_25298560_1$HG002.verkko_filt_pat.fa:haplotype2_0000649_147937390_148315979_1	0.0610418079715548 Reich
I16553 HG00621#2#JAHBCC010000031.1_16669999_17077865_0$HG02886#2#JAHAOT010000031.1_87393_401061_0	0.0610401501716143 Reich
I16553 HG00741#1#JAHALY010000007.1_18781197_19307680_1$HG03540#2#JAGYVX010000148.1_1368955_1877115_0	0.0610366037859063 Reich
I16553 HG03492#2#JAHEPH010000288.1_2098270_2432686_1$HG01978#2#JAGYVR010000007.1_51532241_51939176_0	0.0610340933018818 Reich
I16553 HG01109#1#JAHEPA010000099.1_2104245_2511104_1$HG005#1#JAHEPO010000002.1_51519219_51926067_0	0.0610271760724376 Reich
I16553 HG01243#1#JAHEOY010000013.1_90081_424495_0$NA19240#2#JAHEOL010000010.1_37445323_37853017_0	0.0610257061567841 Reich
I16553 HG02717#2#JAHAOR010000006.1_19663827_20070693_1$HG03927.verkko_filt_mat.fa:haplotype1_0000009_134765170_135173010_1	0.0610225325128477 Reich
I16553 HG02109#2#JAHEPF010000078.1_16678387_16991144_0$HG02071.verkko_filt_mat.fa:haplotype1_0000041_103610513_104018399_0	0.0610220317147201 Reich
I16553 HG00741#1#JAHALY010000007.1_18781197_19307680_1$HG005#2#JAHEPN010000023.1_51542210_51950070_0	0.0610198671542169 Reich
I16553 HG02818#2#JAHEOR010000010.1_31775319_32183091_1$HG00438#2#JAHBCA010000012.1_51513023_51826723_0	0.0610189211120610 Reich
I16553 HG00741#2#JAHALX010000013.1_51574319_51981226_0$HG03927.verkko_filt_mat.fa:haplotype1_0000009_134765170_135173010_1	0.0610181769496194 Reich
I16553 AV_HG01175#haplotype1#0000070:46006269_46414083$HG00741#1#JAHALY010000007.1_18781197_19307680_1	0.0610175712560827 Reich
I16553 AV_HG00673#haplotype1#0000019:16627360_17129375$HG02809.verkko_filt_mat.fa:haplotype1_0000023_94161320_94589755_0	0.0610121067649909 Reich
I16553 HG02071.verkko_filt_mat.fa:haplotype1_0000041_103610513_104018399_0$HG03710.verkko_filt_mat.fa:haplotype1_0000029_102593394_102907063_0	0.0610114452906575 Reich
I16553 HG02145#2#JAHKSF010000206.1_1005292_1413195_1$HG00741#2#JAHALX010000013.1_51574319_51981226_0	0.0610113594578171 Reich
I16553 HG00741#1#JAHALY010000007.1_18781197_19307680_1$HG02300.verkko_filt_mat.fa:haplotype1_0000028_144052837_144460586_1	0.0610084401600195 Reich
I16553 HG02717#1#JAHAOS010000015.1_16660311_17067250_0$HG00741#2#JAHALX010000013.1_51574319_51981226_0	0.0610082862302851 Reich
I16553 HG00621#2#JAHBCC010000031.1_16669999_17077865_0$HG00741#1#JAHALY010000007.1_18781197_19307680_1	0.0610063079464953 Reich
I16553 HG02630#1#JAHAOQ010000102.1_16672145_17079089_0$HG00741#2#JAHALX010000013.1_51574319_51981226_0	0.0610050066150125 Reich
I16553 AV_HG00673#haplotype1#0000019:16627360_17129375$NA20129#2#JAHEPD010000155.1_90039_569275_0	0.0610040570893275 Reich
I16553 HG00741#1#JAHALY010000007.1_18781197_19307680_1$HG01099.verkko_filt_mat.fa:haplotype1_0000034_142513097_142920876_1	0.0609957524625554 Reich
I16553 HG02145#2#JAHKSF010000206.1_1005292_1413195_1$HG02717#2#JAHAOR010000006.1_19663827_20070693_1	0.0609956752194986 Reich
I16553 HG01358#1#JAGYZB010000020.1_27445742_27855492_1$HG03710.verkko_filt_pat.fa:haplotype2_0000488_101614437_102218208_0	0.0609953569747105 Reich
I16553 HG01978#2#JAGYVR010000007.1_51532241_51939176_0$HG01258#2#JAGYYU010000072.1_51562603_51970395_0	0.0609913706821667 Reich
I16553 HG03540#2#JAGYVX010000148.1_1368955_1877115_0$HG03098#1#JAHEPM010000059.1_16676208_17105596_0	0.0609903935277838 Reich
I16553 HG02717#1#JAHAOS010000015.1_16660311_17067250_0$HG02717#2#JAHAOR010000006.1_19663827_20070693_1	0.0609896023660329 Reich
I16553 AV_HG01106#haplotype2#0000932:16673968_17175925$HG02809.verkko_filt_mat.fa:haplotype1_0000023_94161320_94589755_0	0.0609878720314927 Reich
I16553 HG01123#2#JAGYYY010000006.1_51579630_51892388_0$HG01071#1#JAHBCF010000053.1_26607100_27108065_1	0.0609866981332864 Reich
I16553 HG03710.verkko_filt_pat.fa:haplotype2_0000488_101614437_102218208_0$HG02647.verkko_filt_mat.fa:haplotype1_0000002_103892584_104321036_0	0.0609866103571110 Reich
I16553 HG02630#1#JAHAOQ010000102.1_16672145_17079089_0$HG02717#2#JAHAOR010000006.1_19663827_20070693_1	0.0609767235606604 Reich
I16553 HG01109#1#JAHEPA010000099.1_2104245_2511104_1$HG01123#1#JAGYYZ010000015.1_51528240_51935090_0	0.0609753331711414 Reich
I16553 HG02886#2#JAHAOT010000031.1_87393_401061_0$HG02300.verkko_filt_mat.fa:haplotype1_0000028_144052837_144460586_1	0.0609753096805614 Reich
I16553 HG02559#2#JAGYVJ010000037.1_52167780_52574597_1$HG03492#2#JAHEPH010000288.1_2098270_2432686_1	0.0609745530731160 Reich
I16553 HG03516#1#JAGYYT010000012.1_24170958_24578778_1$HG01258#2#JAGYYU010000072.1_51562603_51970395_0	0.0609738760038410 Reich
I16553 HG03486#1#JAHEOQ010000123.1_16677696_17085575_0$HG01358#1#JAGYZB010000020.1_27445742_27855492_1	0.0609715444457771 Reich
I16553 chr1_hg38_103456064_103863972_0$HG02109#2#JAHEPF010000078.1_16678387_16991144_0	0.0609714946209323 Reich
I16553 chr1_hg19_103998686_104406594_0$HG02109#2#JAHEPF010000078.1_16678387_16991144_0	0.0609714946209323 Reich
I16553 HG02486#2#JAGYVL010000029.1_94163344_94570162_0$HG01358#1#JAGYZB010000020.1_27445742_27855492_1	0.0609636487129176 Reich
I16553 AV_HG01106#haplotype1#0000048:16666181_17262214$HG02723#2#JAHEOT010000034.1_19776337_20321518_1	0.0609632676965788 Reich
I16553 HG02630#2#JAHAOP010000089.1_16669255_17076135_0$HG02886#2#JAHAOT010000031.1_87393_401061_0	0.0609582462731222 Reich
I16553 HG00741#1#JAHALY010000007.1_18781197_19307680_1$HG02486#1#JAGYVM010000007.1_28868414_29370339_1	0.0609574895229233 Reich
I16553 AV_HG01106#haplotype2#0000932:16673968_17175925$NA20129#2#JAHEPD010000155.1_90039_569275_0	0.0609533896489233 Reich
I16553 HG02647.verkko_filt_mat.fa:haplotype1_0000002_103892584_104321036_0$HG002.verkko_filt_pat.fa:haplotype2_0000649_147937390_148315979_1	0.0609532299102090 Reich
I16553 HG02886#2#JAHAOT010000031.1_87393_401061_0$HG01099.verkko_filt_mat.fa:haplotype1_0000034_142513097_142920876_1	0.0609489449957424 Reich
I16553 HG03492#2#JAHEPH010000288.1_2098270_2432686_1$HG00438#1#JAHBCB010000015.1_33474867_33954171_0	0.0609487213982713 Reich
I16553 AV_HG02257#haplotype2#0001152:102843493_103251377$HG00741#2#JAHALX010000013.1_51574319_51981226_0	0.0609483277073209 Reich
I16553 HG02723#1#JAHEOU010000204.1_2102082_2414876_1$HG01071#1#JAHBCF010000053.1_26607100_27108065_1	0.0609470009354120 Reich
I16553 HG02886#1#JAHAOU010000178.1_62411_469262_0$HG01358#1#JAGYZB010000020.1_27445742_27855492_1	0.0609455509214729 Reich
I16553 HG00733#1#JAHEPQ010000019.1_46106835_46420495_0$HG02071.verkko_filt_mat.fa:haplotype1_0000041_103610513_104018399_0	0.0609452683495056 Reich
I16553 HG02622#1#JAHAOO010000002.1_16673678_17080663_0$HG03927.verkko_filt_mat.fa:haplotype1_0000009_134765170_135173010_1	0.0609440517172325 Reich
I16553 HG02293.verkko_filt_pat.fa:haplotype2_0000836_148310532_148812524_1$HG02809.verkko_filt_pat.fa:haplotype2_0001251_103421111_103827972_0	0.0609439634065853 Reich
I16553 HG02559#2#JAGYVJ010000037.1_52167780_52574597_1$HG01258#2#JAGYYU010000072.1_51562603_51970395_0	0.0609420397979900 Reich
I16553 HG01109#1#JAHEPA010000099.1_2104245_2511104_1$HG00438#1#JAHBCB010000015.1_33474867_33954171_0	0.0609373632999437 Reich
I16553 chr1_hg38_103456064_103863972_0$HG03710.verkko_filt_mat.fa:haplotype1_0000029_102593394_102907063_0	0.0609369371449322 Reich
I16553 chr1_hg19_103998686_104406594_0$HG03710.verkko_filt_mat.fa:haplotype1_0000029_102593394_102907063_0	0.0609369371449322 Reich
I16553 AV_HG02257#haplotype2#0001152:102843493_103251377$HG02717#2#JAHAOR010000006.1_19663827_20070693_1	0.0609330973330565 Reich
I16553 HG01071#1#JAHBCF010000053.1_26607100_27108065_1$HG04228.verkko_filt_pat.fa:haplotype2_0000600_103806749_104119491_0	0.0609309431027679 Reich
I16553 HG03579#2#JAGYVT010000094.1_51581892_51895531_0$HG01258#1#JAGYYV010000004.1_56955948_57456952_1	0.0609298228429439 Reich
I16553 HG01243#1#JAHEOY010000013.1_90081_424495_0$HG03516#1#JAGYYT010000012.1_24170958_24578778_1	0.0609189888273469 Reich
I16553 HG01978#1#JAGYVS010000002.1_51519970_52021951_0$HG02809.verkko_filt_pat.fa:haplotype2_0001251_103421111_103827972_0	0.0609187776434855 Reich
I16553 HG02559#1#JAGYVK010000012.1_51505852_51913611_0$HG02886#2#JAHAOT010000031.1_87393_401061_0	0.0609183583379825 Reich
I16553 HG00741#2#JAHALX010000013.1_51574319_51981226_0$HG02818#1#JAHEOS010000101.1_89626_496613_0	0.0609174099470556 Reich
I16553 HG02071.verkko_filt_pat.fa:haplotype2_0000736_102745972_103248026_0$HG02809.verkko_filt_pat.fa:haplotype2_0001251_103421111_103827972_0	0.0609172118867721 Reich
I16553 HG01258#1#JAGYYV010000004.1_56955948_57456952_1$HG03098#1#JAHEPM010000059.1_16676208_17105596_0	0.0609121781363248 Reich
I16553 HG03492#2#JAHEPH010000288.1_2098270_2432686_1$HG03516#2#JAGYYS010000004.1_24452130_24859892_1	0.0609074741673089 Reich
I16553 HG00741#1#JAHALY010000007.1_18781197_19307680_1$HG02559#1#JAGYVK010000012.1_51505852_51913611_0	0.0609034766782902 Reich
I16553 HG02818#1#JAHEOS010000101.1_89626_496613_0$HG02717#2#JAHAOR010000006.1_19663827_20070693_1	0.0609006276681925 Reich
I16553 HG03492#1#JAHEPI010000180.1_2103395_2543326_1$HG02071.verkko_filt_mat.fa:haplotype1_0000041_103610513_104018399_0	0.0608876065629537 Reich
I16553 HG02818#2#JAHEOR010000010.1_31775319_32183091_1$HG03492#1#JAHEPI010000180.1_2103395_2543326_1	0.0608852178905156 Reich
I16553 HG01243#1#JAHEOY010000013.1_90081_424495_0$HG01978#2#JAGYVR010000007.1_51532241_51939176_0	0.0608785929655439 Reich
I16553 HG02723#2#JAHEOT010000034.1_19776337_20321518_1$chr1_chm13_103304997_103901127_0	0.0608781071270885 Reich
I16553 HG02818#2#JAHEOR010000010.1_31775319_32183091_1$HG01123#2#JAGYYY010000006.1_51579630_51892388_0	0.0608765081757789 Reich
I16553 HG00741#2#JAHALX010000013.1_51574319_51981226_0$HG02717#2#JAHAOR010000006.1_19663827_20070693_1	0.0608764917481783 Reich
I16553 HG02886#2#JAHAOT010000031.1_87393_401061_0$HG02004.verkko_filt_mat.fa:haplotype1_0000022_97828542_98235483_0	0.0608759584191216 Reich
I16553 chr1_hg38_103456064_103863972_0$HG00733#1#JAHEPQ010000019.1_46106835_46420495_0	0.0608746877345934 Reich
I16553 chr1_hg19_103998686_104406594_0$HG00733#1#JAHEPQ010000019.1_46106835_46420495_0	0.0608746877345934 Reich
I16553 HG01258#1#JAGYYV010000004.1_56955948_57456952_1$HG02647.verkko_filt_pat.fa:haplotype2_0000857_103738150_104051769_0	0.0608737863014265 Reich
I16553 HG00741#1#JAHALY010000007.1_18781197_19307680_1$HG02300.verkko_filt_pat.fa:haplotype2_0000620_143362344_143769323_1	0.0608732170702167 Reich
I16553 HG02145#2#JAHKSF010000206.1_1005292_1413195_1$NA18906#1#JAHEOO010000054.1_2103477_2510435_1	0.0608714744208013 Reich
I16553 HG01071#1#JAHBCF010000053.1_26607100_27108065_1$HG02293.verkko_filt_mat.fa:haplotype1_0000039_30204405_30517145_1	0.0608692142806987 Reich
I16553 HG02886#2#JAHAOT010000031.1_87393_401061_0$NA19240#1#JAHEOM010000047.1_30103390_30511199_1	0.0608665823027416 Reich
I16553 HG03492#1#JAHEPI010000180.1_2103395_2543326_1$HG01258#1#JAGYYV010000004.1_56955948_57456952_1	0.0608658090201608 Reich
I16553 HG00741#1#JAHALY010000007.1_18781197_19307680_1$NA19240#1#JAHEOM010000047.1_30103390_30511199_1	0.0608652831202642 Reich
I16553 HG04228.verkko_filt_mat.fa:haplotype1_0000023_103429213_103930285_0$HG02809.verkko_filt_pat.fa:haplotype2_0001251_103421111_103827972_0	0.0608640220865376 Reich
I16553 HG02886#2#JAHAOT010000031.1_87393_401061_0$HG02300.verkko_filt_pat.fa:haplotype2_0000620_143362344_143769323_1	0.0608633745678514 Reich
I16553 HG02080#1#JAHEOW010000048.1_16689583_17097287_0$HG03492#2#JAHEPH010000288.1_2098270_2432686_1	0.0608614310323403 Reich
I16553 HG00741#1#JAHALY010000007.1_18781197_19307680_1$HG02004.verkko_filt_mat.fa:haplotype1_0000022_97828542_98235483_0	0.0608552803008785 Reich
I16553 HG02630#1#JAHAOQ010000102.1_16672145_17079089_0$NA18906#1#JAHEOO010000054.1_2103477_2510435_1	0.0608544141268936 Reich
I16553 HG01258#2#JAGYYU010000072.1_51562603_51970395_0$HG03516#2#JAGYYS010000004.1_24452130_24859892_1	0.0608536597411232 Reich
I16553 HG02717#1#JAHAOS010000015.1_16660311_17067250_0$NA18906#1#JAHEOO010000054.1_2103477_2510435_1	0.0608516481828872 Reich
I16553 chr1_hg19_103998686_104406594_0$HG03492#1#JAHEPI010000180.1_2103395_2543326_1	0.0608439896882232 Reich
I16553 HG03492#1#JAHEPI010000180.1_2103395_2543326_1$chr1_hg38_103456064_103863972_0	0.0608439896882232 Reich
I16553 HG03098#2#JAHEPL010000003.1_93803759_94117426_0$HG02486#2#JAGYVL010000029.1_94163344_94570162_0	0.0608372399030989 Reich
I16553 HG00741#1#JAHALY010000007.1_18781197_19307680_1$HG02630#2#JAHAOP010000089.1_16669255_17076135_0	0.0608371220358514 Reich
I16553 HG02080#2#JAHEOV010000017.1_16662177_17164189_0$HG02809.verkko_filt_pat.fa:haplotype2_0001251_103421111_103827972_0	0.0608297808608503 Reich
I16553 AV_HG02148#haplotype2#0002863:16304803_16712699$HG00741#1#JAHALY010000007.1_18781197_19307680_1	0.0608289813797859 Reich
I16553 AV_HG01361#haplotype2#0001322:101872897_102186552$HG01071#1#JAHBCF010000053.1_26607100_27108065_1	0.0608270227724633 Reich
I16553 HG02559#2#JAGYVJ010000037.1_52167780_52574597_1$HG01243#1#JAHEOY010000013.1_90081_424495_0	0.0608254043219879 Reich
I16553 HG03486#1#JAHEOQ010000123.1_16677696_17085575_0$HG02109#2#JAHEPF010000078.1_16678387_16991144_0	0.0608248143133647 Reich
I16553 HG02109#2#JAHEPF010000078.1_16678387_16991144_0$HG02486#2#JAGYVL010000029.1_94163344_94570162_0	0.0608219130468493 Reich
I16553 HG01258#1#JAGYYV010000004.1_56955948_57456952_1$HG02109#1#JAHEPG010000026.1_16673035_17080816_0	0.0608217715272363 Reich
I16553 HG03540#2#JAGYVX010000148.1_1368955_1877115_0$HG01891#1#JAGYVO010000014.1_22855818_23168577_1	0.0608210042529805 Reich
I16553 HG02818#2#JAHEOR010000010.1_31775319_32183091_1$HG04228.verkko_filt_pat.fa:haplotype2_0000600_103806749_104119491_0	0.0608197685918482 Reich
I16553 HG01358#1#JAGYZB010000020.1_27445742_27855492_1$HG002.verkko_filt_mat.fa:haplotype1_0000005_138228497_138636354_1	0.0608190079612238 Reich
I16553 HG03098#2#JAHEPL010000003.1_93803759_94117426_0$HG02886#1#JAHAOU010000178.1_62411_469262_0	0.0608166641565196 Reich
I16553 HG03486#1#JAHEOQ010000123.1_16677696_17085575_0$HG03710.verkko_filt_mat.fa:haplotype1_0000029_102593394_102907063_0	0.0608164325999515 Reich
I16553 HG02717#1#JAHAOS010000015.1_16660311_17067250_0$HG02145#2#JAHKSF010000206.1_1005292_1413195_1	0.0608149722494422 Reich
I16553 HG02080#1#JAHEOW010000048.1_16689583_17097287_0$HG01258#2#JAGYYU010000072.1_51562603_51970395_0	0.0608147806653903 Reich
I16553 HG00438#1#JAHBCB010000015.1_33474867_33954171_0$HG01243#1#JAHEOY010000013.1_90081_424495_0	0.0608114466502022 Reich
I16553 HG01928#1#JAGYVQ010000053.1_16676493_17083407_0$HG01358#1#JAGYZB010000020.1_27445742_27855492_1	0.0608090094832446 Reich
I16553 HG01071#1#JAHBCF010000053.1_26607100_27108065_1$HG01258#2#JAGYYU010000072.1_51562603_51970395_0	0.0608088632104264 Reich
I16553 HG02622#1#JAHAOO010000002.1_16673678_17080663_0$HG00741#2#JAHALX010000013.1_51574319_51981226_0	0.0608079432612409 Reich
I16553 HG02622#1#JAHAOO010000002.1_16673678_17080663_0$HG02717#2#JAHAOR010000006.1_19663827_20070693_1	0.0608070337432275 Reich
I16553 HG02818#2#JAHEOR010000010.1_31775319_32183091_1$HG02109#1#JAHEPG010000026.1_16673035_17080816_0	0.0608046580448390 Reich
I16553 HG03492#1#JAHEPI010000180.1_2103395_2543326_1$HG02486#2#JAGYVL010000029.1_94163344_94570162_0	0.0608044765678920 Reich
I16553 HG02886#1#JAHAOU010000178.1_62411_469262_0$HG02109#2#JAHEPF010000078.1_16678387_16991144_0	0.0607990872982852 Reich
I16553 HG01109#1#JAHEPA010000099.1_2104245_2511104_1$HG03927.verkko_filt_mat.fa:haplotype1_0000009_134765170_135173010_1	0.0607975229064893 Reich
I16553 HG02630#1#JAHAOQ010000102.1_16672145_17079089_0$HG02145#2#JAHKSF010000206.1_1005292_1413195_1	0.0607971606421502 Reich
I16553 AV_HG02257#haplotype2#0001152:102843493_103251377$NA18906#1#JAHEOO010000054.1_2103477_2510435_1	0.0607959068933973 Reich
I16553 HG02630#1#JAHAOQ010000102.1_16672145_17079089_0$HG02717#1#JAHAOS010000015.1_16660311_17067250_0	0.0607953588326206 Reich
I16553 HG01109#1#JAHEPA010000099.1_2104245_2511104_1$NA18906#1#JAHEOO010000054.1_2103477_2510435_1	0.0607943537679173 Reich
I16553 HG02886#1#JAHAOU010000178.1_62411_469262_0$HG03492#1#JAHEPI010000180.1_2103395_2543326_1	0.0607925249165604 Reich
I16553 HG02109#1#JAHEPG010000026.1_16673035_17080816_0$HG02071.verkko_filt_mat.fa:haplotype1_0000041_103610513_104018399_0	0.0607889149102807 Reich
I16553 AV_HG02148#haplotype2#0002863:16304803_16712699$HG02886#2#JAHAOT010000031.1_87393_401061_0	0.0607797635478851 Reich
I16553 HG02809.verkko_filt_pat.fa:haplotype2_0001251_103421111_103827972_0$HG03927.verkko_filt_pat.fa:haplotype2_0000800_29002142_29504057_1	0.0607758216727187 Reich
I16553 HG00438#2#JAHBCA010000012.1_51513023_51826723_0$HG02071.verkko_filt_mat.fa:haplotype1_0000041_103610513_104018399_0	0.0607749464435340 Reich
I16553 HG02818#2#JAHEOR010000010.1_31775319_32183091_1$HG02723#1#JAHEOU010000204.1_2102082_2414876_1	0.0607717031984649 Reich
I16553 NA18906#1#JAHEOO010000054.1_2103477_2510435_1$HG02818#1#JAHEOS010000101.1_89626_496613_0	0.0607690952467830 Reich
I16553 HG005#2#JAHEPN010000023.1_51542210_51950070_0$HG01358#1#JAGYZB010000020.1_27445742_27855492_1	0.0607649366887920 Reich
I16553 HG03098#2#JAHEPL010000003.1_93803759_94117426_0$HG02071.verkko_filt_mat.fa:haplotype1_0000041_103610513_104018399_0	0.0607589145783689 Reich
I16553 HG01243#1#JAHEOY010000013.1_90081_424495_0$HG03516#2#JAGYYS010000004.1_24452130_24859892_1	0.0607561219243980 Reich
I16553 AV_HG00673#haplotype2#0001165:24014011_24421797$HG03492#2#JAHEPH010000288.1_2098270_2432686_1	0.0607515072117729 Reich
I16553 AV_HG01175#haplotype1#0000070:46006269_46414083$HG01358#1#JAGYZB010000020.1_27445742_27855492_1	0.0607508337824720 Reich
I16553 HG00741#1#JAHALY010000007.1_18781197_19307680_1$HG03453#2#JAGYVV010000088.1_22597550_23005370_1	0.0607453855561788 Reich
I16553 HG01109#1#JAHEPA010000099.1_2104245_2511104_1$HG02145#2#JAHKSF010000206.1_1005292_1413195_1	0.0607401541863375 Reich
I16553 AV_HG02257#haplotype2#0001152:102843493_103251377$HG02630#1#JAHAOQ010000102.1_16672145_17079089_0	0.0607396530154770 Reich
I16553 HG00621#2#JAHBCC010000031.1_16669999_17077865_0$HG01358#1#JAGYZB010000020.1_27445742_27855492_1	0.0607384346914374 Reich
I16553 AV_HG02257#haplotype2#0001152:102843493_103251377$HG02145#2#JAHKSF010000206.1_1005292_1413195_1	0.0607373180684991 Reich
I16553 chr1_hg38_103456064_103863972_0$HG02109#1#JAHEPG010000026.1_16673035_17080816_0	0.0607342775657298 Reich
I16553 chr1_hg19_103998686_104406594_0$HG02109#1#JAHEPG010000026.1_16673035_17080816_0	0.0607342775657298 Reich
I16553 HG03486#1#JAHEOQ010000123.1_16677696_17085575_0$HG03492#1#JAHEPI010000180.1_2103395_2543326_1	0.0607342476096944 Reich
I16553 HG02486#1#JAGYVM010000007.1_28868414_29370339_1$HG01358#1#JAGYZB010000020.1_27445742_27855492_1	0.0607341849889307 Reich
I16553 HG03486#1#JAHEOQ010000123.1_16677696_17085575_0$HG00733#1#JAHEPQ010000019.1_46106835_46420495_0	0.0607313134706758 Reich
I16553 chr1_hg19_103998686_104406594_0$HG00438#2#JAHBCA010000012.1_51513023_51826723_0	0.0607251648651808 Reich
I16553 HG00438#2#JAHBCA010000012.1_51513023_51826723_0$chr1_hg38_103456064_103863972_0	0.0607251648651808 Reich
I16553 AV_HG01361#haplotype1#0000023:101593539_102001341$HG00741#1#JAHALY010000007.1_18781197_19307680_1	0.0607203610118376 Reich
I16553 HG01109#1#JAHEPA010000099.1_2104245_2511104_1$HG02630#1#JAHAOQ010000102.1_16672145_17079089_0	0.0607194771731574 Reich
I16553 HG01358#1#JAGYZB010000020.1_27445742_27855492_1$HG02300.verkko_filt_mat.fa:haplotype1_0000028_144052837_144460586_1	0.0607186234371494 Reich
I16553 HG02109#1#JAHEPG010000026.1_16673035_17080816_0$HG02486#2#JAGYVL010000029.1_94163344_94570162_0	0.0607178955576603 Reich
I16553 chr1_hg19_103998686_104406594_0$HG03098#2#JAHEPL010000003.1_93803759_94117426_0	0.0607152558874519 Reich
I16553 HG03098#2#JAHEPL010000003.1_93803759_94117426_0$chr1_hg38_103456064_103863972_0	0.0607152558874519 Reich
I16553 HG02717#1#JAHAOS010000015.1_16660311_17067250_0$HG02818#1#JAHEOS010000101.1_89626_496613_0	0.0607151108298733 Reich
I16553 HG01109#1#JAHEPA010000099.1_2104245_2511104_1$HG02717#1#JAHAOS010000015.1_16660311_17067250_0	0.0607137079944341 Reich
I16553 AV_HG00673#haplotype2#0001165:24014011_24421797$HG01258#2#JAGYYU010000072.1_51562603_51970395_0	0.0607093535064396 Reich
I16553 HG02145#2#JAHKSF010000206.1_1005292_1413195_1$HG02818#1#JAHEOS010000101.1_89626_496613_0	0.0607070885010685 Reich
I16553 HG02080#1#JAHEOW010000048.1_16689583_17097287_0$HG01243#1#JAHEOY010000013.1_90081_424495_0	0.0607058068934591 Reich
I16553 AV_HG00673#haplotype1#0000019:16627360_17129375$HG02809.verkko_filt_pat.fa:haplotype2_0001251_103421111_103827972_0	0.0607043945230423 Reich
I16553 HG02622#1#JAHAOO010000002.1_16673678_17080663_0$NA18906#1#JAHEOO010000054.1_2103477_2510435_1	0.0607023458085251 Reich
I16553 HG01358#1#JAGYZB010000020.1_27445742_27855492_1$HG01099.verkko_filt_mat.fa:haplotype1_0000034_142513097_142920876_1	0.0607022494071681 Reich
I16553 HG02886#1#JAHAOU010000178.1_62411_469262_0$HG02109#1#JAHEPG010000026.1_16673035_17080816_0	0.0607005199228328 Reich
I16553 HG02630#1#JAHAOQ010000102.1_16672145_17079089_0$HG02818#1#JAHEOS010000101.1_89626_496613_0	0.0606998495849118 Reich
I16553 HG03710.verkko_filt_pat.fa:haplotype2_0000488_101614437_102218208_0$HG02809.verkko_filt_mat.fa:haplotype1_0000023_94161320_94589755_0	0.0606992627244489 Reich
I16553 HG02818#2#JAHEOR010000010.1_31775319_32183091_1$HG03098#2#JAHEPL010000003.1_93803759_94117426_0	0.0606990261396032 Reich
I16553 AV_HG02257#haplotype2#0001152:102843493_103251377$HG02717#1#JAHAOS010000015.1_16660311_17067250_0	0.0606958485401783 Reich
I16553 HG00741#1#JAHALY010000007.1_18781197_19307680_1$NA19240#2#JAHEOL010000010.1_37445323_37853017_0	0.0606912740835903 Reich
I16553 HG02622#2#JAHAON010000012.1_51551779_52031001_0$HG03540#2#JAGYVX010000148.1_1368955_1877115_0	0.0606688344086456 Reich
I16553 HG00741#1#JAHALY010000007.1_18781197_19307680_1$HG02559#2#JAGYVJ010000037.1_52167780_52574597_1	0.0606661272782816 Reich
I16553 HG03492#2#JAHEPH010000288.1_2098270_2432686_1$HG03579#1#JAGYVU010000029.1_91404_499180_0	0.0606651349639052 Reich
I16553 HG00438#1#JAHBCB010000015.1_33474867_33954171_0$HG02886#2#JAHAOT010000031.1_87393_401061_0	0.0606624339635371 Reich
I16553 HG03453#2#JAGYVV010000088.1_22597550_23005370_1$HG02886#2#JAHAOT010000031.1_87393_401061_0	0.0606578105675077 Reich
I16553 HG02622#2#JAHAON010000012.1_51551779_52031001_0$HG03710.verkko_filt_pat.fa:haplotype2_0000488_101614437_102218208_0	0.0606576630745473 Reich
I16553 AV_HG02257#haplotype2#0001152:102843493_103251377$HG01109#1#JAHEPA010000099.1_2104245_2511104_1	0.0606521055427528 Reich
I16553 AV_HG02257#haplotype2#0001152:102843493_103251377$HG02818#1#JAHEOS010000101.1_89626_496613_0	0.0606511407232434 Reich
I16553 AV_HG01106#haplotype2#0000932:16673968_17175925$HG02809.verkko_filt_pat.fa:haplotype2_0001251_103421111_103827972_0	0.0606510947559918 Reich
I16553 HG01928#1#JAGYVQ010000053.1_16676493_17083407_0$HG02109#2#JAHEPF010000078.1_16678387_16991144_0	0.0606483399031389 Reich
I16553 HG01123#2#JAGYYY010000006.1_51579630_51892388_0$HG02486#2#JAGYVL010000029.1_94163344_94570162_0	0.0606476088593337 Reich
I16553 HG01258#2#JAGYYU010000072.1_51562603_51970395_0$HG03579#1#JAGYVU010000029.1_91404_499180_0	0.0606413703079418 Reich
I16553 HG02717#1#JAHAOS010000015.1_16660311_17067250_0$HG02622#1#JAHAOO010000002.1_16673678_17080663_0	0.0606404155654955 Reich
I16553 HG01109#1#JAHEPA010000099.1_2104245_2511104_1$HG02717#2#JAHAOR010000006.1_19663827_20070693_1	0.0606400453144492 Reich
I16553 HG00733#1#JAHEPQ010000019.1_46106835_46420495_0$HG02300.verkko_filt_mat.fa:haplotype1_0000028_144052837_144460586_1	0.0606394648831225 Reich
I16553 HG00733#1#JAHEPQ010000019.1_46106835_46420495_0$HG01099.verkko_filt_mat.fa:haplotype1_0000034_142513097_142920876_1	0.0606394648831225 Reich
I16553 HG02109#2#JAHEPF010000078.1_16678387_16991144_0$HG002.verkko_filt_mat.fa:haplotype1_0000005_138228497_138636354_1	0.0606390771565611 Reich
I16553 HG01109#1#JAHEPA010000099.1_2104245_2511104_1$HG02818#1#JAHEOS010000101.1_89626_496613_0	0.0606378585420640 Reich
I16553 HG01109#1#JAHEPA010000099.1_2104245_2511104_1$HG00741#2#JAHALX010000013.1_51574319_51981226_0	0.0606367666844806 Reich
I16553 HG01928#1#JAGYVQ010000053.1_16676493_17083407_0$HG03710.verkko_filt_mat.fa:haplotype1_0000029_102593394_102907063_0	0.0606343396809847 Reich
I16553 HG03710.verkko_filt_mat.fa:haplotype1_0000029_102593394_102907063_0$HG002.verkko_filt_mat.fa:haplotype1_0000005_138228497_138636354_1	0.0606302766517169 Reich
I16553 HG02723#2#JAHEOT010000034.1_19776337_20321518_1$HG02004.verkko_filt_pat.fa:haplotype2_0000813_139386576_140076845_1	0.0606281878919307 Reich
I16553 HG01123#2#JAGYYY010000006.1_51579630_51892388_0$HG02886#1#JAHAOU010000178.1_62411_469262_0	0.0606262863509015 Reich
I16553 HG02145#2#JAHKSF010000206.1_1005292_1413195_1$HG02622#1#JAHAOO010000002.1_16673678_17080663_0	0.0606261162812312 Reich
I16553 HG04228.verkko_filt_pat.fa:haplotype2_0000600_103806749_104119491_0$HG02071.verkko_filt_mat.fa:haplotype1_0000041_103610513_104018399_0	0.0606243683791726 Reich
I16553 HG03540#2#JAGYVX010000148.1_1368955_1877115_0$HG02055#2#JAHEPJ010000017.1_24870122_25298560_1	0.0606197570321727 Reich
I16553 HG02723#1#JAHEOU010000204.1_2102082_2414876_1$HG02071.verkko_filt_mat.fa:haplotype1_0000041_103610513_104018399_0	0.0606189593871898 Reich
I16553 AV_HG01106#haplotype1#0000048:16666181_17262214$HG02145#1#JAHKSG010000134.1_2102465_2647653_1	0.0606171390991760 Reich
I16553 HG02630#1#JAHAOQ010000102.1_16672145_17079089_0$HG02622#1#JAHAOO010000002.1_16673678_17080663_0	0.0606147481909799 Reich
I16553 HG03486#1#JAHEOQ010000123.1_16677696_17085575_0$HG02109#1#JAHEPG010000026.1_16673035_17080816_0	0.0606144617073277 Reich
I16553 HG01123#2#JAGYYY010000006.1_51579630_51892388_0$HG02071.verkko_filt_mat.fa:haplotype1_0000041_103610513_104018399_0	0.0606096901968830 Reich
I16553 HG02486#2#JAGYVL010000029.1_94163344_94570162_0$HG04228.verkko_filt_pat.fa:haplotype2_0000600_103806749_104119491_0	0.0606018899994114 Reich
I16553 HG00741#1#JAHALY010000007.1_18781197_19307680_1$HG03516#1#JAGYYT010000012.1_24170958_24578778_1	0.0606002539363794 Reich
I16553 HG03492#1#JAHEPI010000180.1_2103395_2543326_1$HG002.verkko_filt_mat.fa:haplotype1_0000005_138228497_138636354_1	0.0605967079070249 Reich
I16553 AV_HG00673#haplotype2#0001165:24014011_24421797$HG01243#1#JAHEOY010000013.1_90081_424495_0	0.0605966514317409 Reich
I16553 HG01928#1#JAGYVQ010000053.1_16676493_17083407_0$HG03492#1#JAHEPI010000180.1_2103395_2543326_1	0.0605934034831245 Reich
I16553 HG005#2#JAHEPN010000023.1_51542210_51950070_0$HG02109#2#JAHEPF010000078.1_16678387_16991144_0	0.0605817755001724 Reich
I16553 HG02559#1#JAGYVK010000012.1_51505852_51913611_0$HG01358#1#JAGYZB010000020.1_27445742_27855492_1	0.0605813439862809 Reich
I16553 HG02886#1#JAHAOU010000178.1_62411_469262_0$HG04228.verkko_filt_pat.fa:haplotype2_0000600_103806749_104119491_0	0.0605806156592900 Reich
I16553 AV_HG02257#haplotype2#0001152:102843493_103251377$HG02622#1#JAHAOO010000002.1_16673678_17080663_0	0.0605771781677012 Reich
I16553 HG03486#1#JAHEOQ010000123.1_16677696_17085575_0$HG00438#2#JAHBCA010000012.1_51513023_51826723_0	0.0605737637313980 Reich
I16553 HG03492#1#JAHEPI010000180.1_2103395_2543326_1$HG02486#1#JAGYVM010000007.1_28868414_29370339_1	0.0605675790301920 Reich
I16553 HG01928#1#JAGYVQ010000053.1_16676493_17083407_0$HG00733#1#JAHEPQ010000019.1_46106835_46420495_0	0.0605671560725832 Reich
I16553 HG01358#1#JAGYZB010000020.1_27445742_27855492_1$HG02300.verkko_filt_pat.fa:haplotype2_0000620_143362344_143769323_1	0.0605634189275657 Reich
I16553 HG02723#1#JAHEOU010000204.1_2102082_2414876_1$chr1_hg38_103456064_103863972_0	0.0605628397700496 Reich
I16553 HG02723#1#JAHEOU010000204.1_2102082_2414876_1$chr1_hg19_103998686_104406594_0	0.0605628397700496 Reich
I16553 NA20129#2#JAHEPD010000155.1_90039_569275_0$HG03710.verkko_filt_pat.fa:haplotype2_0000488_101614437_102218208_0	0.0605622250970258 Reich
I16553 HG00741#1#JAHALY010000007.1_18781197_19307680_1$HG01978#2#JAGYVR010000007.1_51532241_51939176_0	0.0605610215139268 Reich
I16553 NA20129#2#JAHEPD010000155.1_90039_569275_0$HG03540#2#JAGYVX010000148.1_1368955_1877115_0	0.0605605098589652 Reich
I16553 HG02486#2#JAGYVL010000029.1_94163344_94570162_0$HG02293.verkko_filt_mat.fa:haplotype1_0000039_30204405_30517145_1	0.0605593018754228 Reich
I16553 HG02723#1#JAHEOU010000204.1_2102082_2414876_1$HG02486#2#JAGYVL010000029.1_94163344_94570162_0	0.0605585913317425 Reich
I16553 HG03486#1#JAHEOQ010000123.1_16677696_17085575_0$HG03098#2#JAHEPL010000003.1_93803759_94117426_0	0.0605563973269752 Reich
I16553 chr1_hg38_103456064_103863972_0$HG04228.verkko_filt_pat.fa:haplotype2_0000600_103806749_104119491_0	0.0605551160016987 Reich
I16553 chr1_hg19_103998686_104406594_0$HG04228.verkko_filt_pat.fa:haplotype2_0000600_103806749_104119491_0	0.0605551160016987 Reich
I16553 AV_HG01175#haplotype1#0000070:46006269_46414083$HG02109#2#JAHEPF010000078.1_16678387_16991144_0	0.0605550197030965 Reich
I16553 AV_HG01361#haplotype1#0000023:101593539_102001341$HG02886#2#JAHAOT010000031.1_87393_401061_0	0.0605549343563880 Reich
I16553 HG02818#2#JAHEOR010000010.1_31775319_32183091_1$HG02293.verkko_filt_mat.fa:haplotype1_0000039_30204405_30517145_1	0.0605545492779359 Reich
I16553 HG02559#1#JAGYVK010000012.1_51505852_51913611_0$HG00733#1#JAHEPQ010000019.1_46106835_46420495_0	0.0605539576913053 Reich
I16553 HG00733#1#JAHEPQ010000019.1_46106835_46420495_0$HG002.verkko_filt_mat.fa:haplotype1_0000005_138228497_138636354_1	0.0605506368721363 Reich
I16553 HG03540#2#JAGYVX010000148.1_1368955_1877115_0$HG02647.verkko_filt_mat.fa:haplotype1_0000002_103892584_104321036_0	0.0605497036089971 Reich
I16553 HG01358#1#JAGYZB010000020.1_27445742_27855492_1$HG02004.verkko_filt_mat.fa:haplotype1_0000022_97828542_98235483_0	0.0605490428105212 Reich
I16553 HG02886#1#JAHAOU010000178.1_62411_469262_0$HG02293.verkko_filt_mat.fa:haplotype1_0000039_30204405_30517145_1	0.0605480453191419 Reich
I16553 HG00741#1#JAHALY010000007.1_18781197_19307680_1$HG01071#1#JAHBCF010000053.1_26607100_27108065_1	0.0605450637413142 Reich
I16553 HG005#2#JAHEPN010000023.1_51542210_51950070_0$HG03710.verkko_filt_mat.fa:haplotype1_0000029_102593394_102907063_0	0.0605441103435218 Reich
I16553 HG02630#2#JAHAOP010000089.1_16669255_17076135_0$HG00733#1#JAHEPQ010000019.1_46106835_46420495_0	0.0605381341080069 Reich
I16553 HG02109#2#JAHEPF010000078.1_16678387_16991144_0$HG02300.verkko_filt_mat.fa:haplotype1_0000028_144052837_144460586_1	0.0605371828738751 Reich
I16553 HG03492#1#JAHEPI010000180.1_2103395_2543326_1$HG005#2#JAHEPN010000023.1_51542210_51950070_0	0.0605360255543761 Reich
I16553 HG02723#1#JAHEOU010000204.1_2102082_2414876_1$HG02886#1#JAHAOU010000178.1_62411_469262_0	0.0605358195020081 Reich
I16553 NA19240#1#JAHEOM010000047.1_30103390_30511199_1$HG01358#1#JAGYZB010000020.1_27445742_27855492_1	0.0605355447171094 Reich
I16553 HG01123#2#JAGYYY010000006.1_51579630_51892388_0$chr1_hg38_103456064_103863972_0	0.0605327337736188 Reich
I16553 HG01123#2#JAGYYY010000006.1_51579630_51892388_0$chr1_hg19_103998686_104406594_0	0.0605327337736188 Reich
I16553 HG00621#2#JAHBCC010000031.1_16669999_17077865_0$HG02109#2#JAHEPF010000078.1_16678387_16991144_0	0.0605310309270742 Reich
I16553 HG01109#1#JAHEPA010000099.1_2104245_2511104_1$HG02622#1#JAHAOO010000002.1_16673678_17080663_0	0.0605294610925745 Reich
I16553 HG02622#1#JAHAOO010000002.1_16673678_17080663_0$HG02818#1#JAHEOS010000101.1_89626_496613_0	0.0605267800361529 Reich
I16553 HG02145#1#JAHKSG010000134.1_2102465_2647653_1$chr1_chm13_103304997_103901127_0	0.0605256551406199 Reich
I16553 AV_HG02148#haplotype2#0002863:16304803_16712699$HG01358#1#JAGYZB010000020.1_27445742_27855492_1	0.0605204263640482 Reich
I16553 HG00621#2#JAHBCC010000031.1_16669999_17077865_0$HG03710.verkko_filt_mat.fa:haplotype1_0000029_102593394_102907063_0	0.0605180002904713 Reich
I16553 HG00621#2#JAHBCC010000031.1_16669999_17077865_0$HG03492#1#JAHEPI010000180.1_2103395_2543326_1	0.0605138748494638 Reich
I16553 HG03710.verkko_filt_mat.fa:haplotype1_0000029_102593394_102907063_0$HG02300.verkko_filt_mat.fa:haplotype1_0000028_144052837_144460586_1	0.0605138439780995 Reich
I16553 AV_HG01175#haplotype1#0000070:46006269_46414083$HG03492#1#JAHEPI010000180.1_2103395_2543326_1	0.0605129763776315 Reich
I16553 HG03579#2#JAGYVT010000094.1_51581892_51895531_0$HG02486#1#JAGYVM010000007.1_28868414_29370339_1	0.0605102390292938 Reich
I16553 HG01243#1#JAHEOY010000013.1_90081_424495_0$HG03579#1#JAGYVU010000029.1_91404_499180_0	0.0605098488503262 Reich
I16553 HG02109#2#JAHEPF010000078.1_16678387_16991144_0$HG01099.verkko_filt_mat.fa:haplotype1_0000034_142513097_142920876_1	0.0605092776944946 Reich
I16553 HG03710.verkko_filt_mat.fa:haplotype1_0000029_102593394_102907063_0$HG01099.verkko_filt_mat.fa:haplotype1_0000034_142513097_142920876_1	0.0605092206008215 Reich
I16553 AV_HG01175#haplotype1#0000070:46006269_46414083$HG03710.verkko_filt_mat.fa:haplotype1_0000029_102593394_102907063_0	0.0605087773287275 Reich
I16553 HG03098#1#JAHEPM010000059.1_16676208_17105596_0$HG02486#1#JAGYVM010000007.1_28868414_29370339_1	0.0605052054083766 Reich
I16553 HG02809.verkko_filt_mat.fa:haplotype1_0000023_94161320_94589755_0$HG002.verkko_filt_pat.fa:haplotype2_0000649_147937390_148315979_1	0.0605037253586584 Reich
I16553 HG03492#1#JAHEPI010000180.1_2103395_2543326_1$HG02300.verkko_filt_mat.fa:haplotype1_0000028_144052837_144460586_1	0.0605022910188036 Reich
I16553 HG02559#2#JAGYVJ010000037.1_52167780_52574597_1$HG02886#2#JAHAOT010000031.1_87393_401061_0	0.0605007471607233 Reich
I16553 NA19240#1#JAHEOM010000047.1_30103390_30511199_1$HG00733#1#JAHEPQ010000019.1_46106835_46420495_0	0.0604999770244915 Reich
I16553 HG01928#1#JAGYVQ010000053.1_16676493_17083407_0$HG02109#1#JAHEPG010000026.1_16673035_17080816_0	0.0604951393247871 Reich
I16553 HG02818#2#JAHEOR010000010.1_31775319_32183091_1$HG02622#2#JAHAON010000012.1_51551779_52031001_0	0.0604942074385985 Reich
I16553 HG03492#1#JAHEPI010000180.1_2103395_2543326_1$HG01099.verkko_filt_mat.fa:haplotype1_0000034_142513097_142920876_1	0.0604910465355393 Reich
I16553 HG02886#2#JAHAOT010000031.1_87393_401061_0$NA19240#2#JAHEOL010000010.1_37445323_37853017_0	0.0604895763606148 Reich
I16553 HG00438#2#JAHBCA010000012.1_51513023_51826723_0$HG02300.verkko_filt_mat.fa:haplotype1_0000028_144052837_144460586_1	0.0604893120239681 Reich
I16553 HG02622#2#JAHAON010000012.1_51551779_52031001_0$HG02071.verkko_filt_mat.fa:haplotype1_0000041_103610513_104018399_0	0.0604865282966923 Reich
I16553 HG00741#1#JAHALY010000007.1_18781197_19307680_1$HG03516#2#JAGYYS010000004.1_24452130_24859892_1	0.0604843419530660 Reich
I16553 HG01258#1#JAGYYV010000004.1_56955948_57456952_1$HG02055#2#JAHEPJ010000017.1_24870122_25298560_1	0.0604842089754822 Reich
I16553 HG005#2#JAHEPN010000023.1_51542210_51950070_0$HG00733#1#JAHEPQ010000019.1_46106835_46420495_0	0.0604762828006474 Reich
I16553 HG00438#2#JAHBCA010000012.1_51513023_51826723_0$HG01099.verkko_filt_mat.fa:haplotype1_0000034_142513097_142920876_1	0.0604684848938879 Reich
I16553 HG02109#1#JAHEPG010000026.1_16673035_17080816_0$HG002.verkko_filt_mat.fa:haplotype1_0000005_138228497_138636354_1	0.0604678131142516 Reich
I16553 HG02080#1#JAHEOW010000048.1_16689583_17097287_0$HG00741#1#JAHALY010000007.1_18781197_19307680_1	0.0604633343822017 Reich
I16553 HG02486#1#JAGYVM010000007.1_28868414_29370339_1$HG02647.verkko_filt_pat.fa:haplotype2_0000857_103738150_104051769_0	0.0604536631508220 Reich
I16553 HG02109#1#JAHEPG010000026.1_16673035_17080816_0$HG02486#1#JAGYVM010000007.1_28868414_29370339_1	0.0604447347762192 Reich
I16553 HG00621#2#JAHBCC010000031.1_16669999_17077865_0$HG00733#1#JAHEPQ010000019.1_46106835_46420495_0	0.0604431855547045 Reich
I16553 AV_HG01106#haplotype1#0000048:16666181_17262214$HG03486#2#JAHEOP010000248.1_2105565_2584784_1	0.0604421187790574 Reich
I16553 HG02886#2#JAHAOT010000031.1_87393_401061_0$HG01978#2#JAGYVR010000007.1_51532241_51939176_0	0.0604384392055289 Reich
I16553 HG01928#1#JAGYVQ010000053.1_16676493_17083407_0$HG00438#2#JAHBCA010000012.1_51513023_51826723_0	0.0604372991277137 Reich
I16553 AV_HG01175#haplotype1#0000070:46006269_46414083$HG00733#1#JAHEPQ010000019.1_46106835_46420495_0	0.0604271078975090 Reich
I16553 chr1_hg19_103998686_104406594_0$HG02622#2#JAHAON010000012.1_51551779_52031001_0	0.0604242852215739 Reich
I16553 HG02622#2#JAHAON010000012.1_51551779_52031001_0$chr1_hg38_103456064_103863972_0	0.0604242852215739 Reich
I16553 HG03453#2#JAGYVV010000088.1_22597550_23005370_1$HG01358#1#JAGYZB010000020.1_27445742_27855492_1	0.0604234946874036 Reich
I16553 HG02723#1#JAHEOU010000204.1_2102082_2414876_1$HG03486#1#JAHEOQ010000123.1_16677696_17085575_0	0.0604230485231455 Reich
I16553 HG03486#1#JAHEOQ010000123.1_16677696_17085575_0$HG04228.verkko_filt_pat.fa:haplotype2_0000600_103806749_104119491_0	0.0604222792976342 Reich
I16553 HG02109#1#JAHEPG010000026.1_16673035_17080816_0$HG005#2#JAHEPN010000023.1_51542210_51950070_0	0.0604196823177075 Reich
I16553 HG01928#1#JAGYVQ010000053.1_16676493_17083407_0$HG03098#2#JAHEPL010000003.1_93803759_94117426_0	0.0604165915480924 Reich
I16553 HG005#1#JAHEPO010000002.1_51519219_51926067_0$HG01258#2#JAGYYU010000072.1_51562603_51970395_0	0.0604153381368368 Reich
I16553 HG03486#1#JAHEOQ010000123.1_16677696_17085575_0$HG01123#2#JAGYYY010000006.1_51579630_51892388_0	0.0604084382601730 Reich
I16553 HG01258#1#JAGYYV010000004.1_56955948_57456952_1$HG02647.verkko_filt_mat.fa:haplotype1_0000002_103892584_104321036_0	0.0604080362069444 Reich
I16553 AV_HG01361#haplotype2#0001322:101872897_102186552$HG02486#2#JAGYVL010000029.1_94163344_94570162_0	0.0604073990500715 Reich
I16553 HG02630#2#JAHAOP010000089.1_16669255_17076135_0$HG03710.verkko_filt_mat.fa:haplotype1_0000029_102593394_102907063_0	0.0604062404972253 Reich
I16553 AV_HG01175#haplotype1#0000070:46006269_46414083$HG02109#1#JAHEPG010000026.1_16673035_17080816_0	0.0603970686753781 Reich
I16553 HG03710.verkko_filt_pat.fa:haplotype2_0000488_101614437_102218208_0$HG02809.verkko_filt_pat.fa:haplotype2_0001251_103421111_103827972_0	0.0603956569089318 Reich
I16553 HG00438#2#JAHBCA010000012.1_51513023_51826723_0$HG002.verkko_filt_mat.fa:haplotype1_0000005_138228497_138636354_1	0.0603930809314294 Reich
I16553 HG02559#1#JAGYVK010000012.1_51505852_51913611_0$HG03710.verkko_filt_mat.fa:haplotype1_0000029_102593394_102907063_0	0.0603905324032791 Reich
I16553 HG02630#2#JAHAOP010000089.1_16669255_17076135_0$HG01358#1#JAGYZB010000020.1_27445742_27855492_1	0.0603892425813351 Reich
I16553 AV_HG01361#haplotype2#0001322:101872897_102186552$HG02886#1#JAHAOU010000178.1_62411_469262_0	0.0603861590938602 Reich
I16553 HG005#1#JAHEPO010000002.1_51519219_51926067_0$HG03492#2#JAHEPH010000288.1_2098270_2432686_1	0.0603844704025708 Reich
I16553 HG02559#1#JAGYVK010000012.1_51505852_51913611_0$HG03492#1#JAHEPI010000180.1_2103395_2543326_1	0.0603800633638154 Reich
I16553 HG03098#2#JAHEPL010000003.1_93803759_94117426_0$HG002.verkko_filt_mat.fa:haplotype1_0000005_138228497_138636354_1	0.0603777144221791 Reich
I16553 HG02071.verkko_filt_mat.fa:haplotype1_0000041_103610513_104018399_0$HG02293.verkko_filt_mat.fa:haplotype1_0000039_30204405_30517145_1	0.0603773306708043 Reich
I16553 AV_HG01361#haplotype1#0000023:101593539_102001341$HG01358#1#JAGYZB010000020.1_27445742_27855492_1	0.0603764567496286 Reich
I16553 HG00621#2#JAHBCC010000031.1_16669999_17077865_0$HG02109#1#JAHEPG010000026.1_16673035_17080816_0	0.0603750243032017 Reich
I16553 HG02630#2#JAHAOP010000089.1_16669255_17076135_0$HG00438#2#JAHBCA010000012.1_51513023_51826723_0	0.0603731098885594 Reich
I16553 HG02886#2#JAHAOT010000031.1_87393_401061_0$HG03516#1#JAGYYT010000012.1_24170958_24578778_1	0.0603728449696071 Reich
I16553 HG00438#1#JAHBCB010000015.1_33474867_33954171_0$HG01258#2#JAGYYU010000072.1_51562603_51970395_0	0.0603700016395335 Reich
I16553 HG03492#1#JAHEPI010000180.1_2103395_2543326_1$HG02300.verkko_filt_pat.fa:haplotype2_0000620_143362344_143769323_1	0.0603680441614527 Reich
I16553 HG02559#1#JAGYVK010000012.1_51505852_51913611_0$HG02109#2#JAHEPF010000078.1_16678387_16991144_0	0.0603676360229432 Reich
I16553 AV_HG00673#haplotype2#0001165:24014011_24421797$HG00741#1#JAHALY010000007.1_18781197_19307680_1	0.0603663702008907 Reich
I16553 HG03486#2#JAHEOP010000248.1_2105565_2584784_1$chr1_chm13_103304997_103901127_0	0.0603658573092123 Reich
I16553 HG02818#2#JAHEOR010000010.1_31775319_32183091_1$NA20129#2#JAHEPD010000155.1_90039_569275_0	0.0603647814858163 Reich
I16553 HG02109#1#JAHEPG010000026.1_16673035_17080816_0$HG02300.verkko_filt_mat.fa:haplotype1_0000028_144052837_144460586_1	0.0603606583257529 Reich
I16553 NA20129#2#JAHEPD010000155.1_90039_569275_0$HG02071.verkko_filt_mat.fa:haplotype1_0000041_103610513_104018399_0	0.0603583908146372 Reich
I16553 HG01123#1#JAGYYZ010000015.1_51528240_51935090_0$HG01258#2#JAGYYU010000072.1_51562603_51970395_0	0.0603554040962325 Reich
I16553 AV_HG01361#haplotype2#0001322:101872897_102186552$HG02818#2#JAHEOR010000010.1_31775319_32183091_1	0.0603538003613162 Reich
I16553 HG02622#2#JAHAON010000012.1_51551779_52031001_0$HG02486#2#JAGYVL010000029.1_94163344_94570162_0	0.0603531976892602 Reich
I16553 HG02622#2#JAHAON010000012.1_51551779_52031001_0$HG02886#1#JAHAOU010000178.1_62411_469262_0	0.0603526207696246 Reich
I16553 HG02109#1#JAHEPG010000026.1_16673035_17080816_0$HG01099.verkko_filt_mat.fa:haplotype1_0000034_142513097_142920876_1	0.0603476246062239 Reich
I16553 HG02559#1#JAGYVK010000012.1_51505852_51913611_0$HG00438#2#JAHBCA010000012.1_51513023_51826723_0	0.0603474205891842 Reich
I16553 HG03492#1#JAHEPI010000180.1_2103395_2543326_1$HG02004.verkko_filt_mat.fa:haplotype1_0000022_97828542_98235483_0	0.0603468382604058 Reich
I16553 HG03710.verkko_filt_mat.fa:haplotype1_0000029_102593394_102907063_0$HG02300.verkko_filt_pat.fa:haplotype2_0000620_143362344_143769323_1	0.0603461104723239 Reich
I16553 NA19240#1#JAHEOM010000047.1_30103390_30511199_1$HG03710.verkko_filt_mat.fa:haplotype1_0000029_102593394_102907063_0	0.0603438636290672 Reich
I16553 HG03486#1#JAHEOQ010000123.1_16677696_17085575_0$HG02622#2#JAHAON010000012.1_51551779_52031001_0	0.0603410531472437 Reich
I16553 HG01358#1#JAGYZB010000020.1_27445742_27855492_1$NA19240#2#JAHEOL010000010.1_37445323_37853017_0	0.0603399868194433 Reich
I16553 HG00438#2#JAHBCA010000012.1_51513023_51826723_0$HG005#2#JAHEPN010000023.1_51542210_51950070_0	0.0603328148519396 Reich
I16553 HG03492#1#JAHEPI010000180.1_2103395_2543326_1$NA19240#1#JAHEOM010000047.1_30103390_30511199_1	0.0603327176543218 Reich
I16553 HG01258#1#JAGYYV010000004.1_56955948_57456952_1$HG01891#1#JAGYVO010000014.1_22855818_23168577_1	0.0603302445404035 Reich
I16553 HG00438#1#JAHBCB010000015.1_33474867_33954171_0$HG00733#1#JAHEPQ010000019.1_46106835_46420495_0	0.0603236720880745 Reich
I16553 HG02109#2#JAHEPF010000078.1_16678387_16991144_0$HG02004.verkko_filt_mat.fa:haplotype1_0000022_97828542_98235483_0	0.0603225734015944 Reich
I16553 HG02004.verkko_filt_mat.fa:haplotype1_0000022_97828542_98235483_0$HG03710.verkko_filt_mat.fa:haplotype1_0000029_102593394_102907063_0	0.0603217640550077 Reich
I16553 HG03098#2#JAHEPL010000003.1_93803759_94117426_0$HG005#2#JAHEPN010000023.1_51542210_51950070_0	0.0603187027746517 Reich
I16553 HG03486#2#JAHEOP010000248.1_2105565_2584784_1$HG002.verkko_filt_pat.fa:haplotype2_0000649_147937390_148315979_1	0.0603175462791139 Reich
I16553 NA19240#1#JAHEOM010000047.1_30103390_30511199_1$HG02109#2#JAHEPF010000078.1_16678387_16991144_0	0.0603153995908213 Reich
I16553 HG01123#2#JAGYYY010000006.1_51579630_51892388_0$HG02300.verkko_filt_mat.fa:haplotype1_0000028_144052837_144460586_1	0.0603100820224216 Reich
I16553 HG00741#1#JAHALY010000007.1_18781197_19307680_1$HG03579#1#JAGYVU010000029.1_91404_499180_0	0.0603094979804238 Reich
I16553 HG02109#2#JAHEPF010000078.1_16678387_16991144_0$HG02300.verkko_filt_pat.fa:haplotype2_0000620_143362344_143769323_1	0.0603094530068146 Reich
I16553 HG03492#2#JAHEPH010000288.1_2098270_2432686_1$HG01123#1#JAGYYZ010000015.1_51528240_51935090_0	0.0603057945611763 Reich
I16553 HG03579#2#JAGYVT010000094.1_51581892_51895531_0$HG002.verkko_filt_pat.fa:haplotype2_0000649_147937390_148315979_1	0.0603047157782599 Reich
I16553 chr1_hg38_103456064_103863972_0$HG02293.verkko_filt_mat.fa:haplotype1_0000039_30204405_30517145_1	0.0603042784697549 Reich
I16553 chr1_hg19_103998686_104406594_0$HG02293.verkko_filt_mat.fa:haplotype1_0000039_30204405_30517145_1	0.0603042784697549 Reich
I16553 AV_HG02148#haplotype2#0002863:16304803_16712699$HG03492#1#JAHEPI010000180.1_2103395_2543326_1	0.0603017391088216 Reich
I16553 HG02886#2#JAHAOT010000031.1_87393_401061_0$HG03516#2#JAGYYS010000004.1_24452130_24859892_1	0.0603000617224273 Reich
I16553 NA20129#2#JAHEPD010000155.1_90039_569275_0$chr1_hg38_103456064_103863972_0	0.0602961736243154 Reich
I16553 NA20129#2#JAHEPD010000155.1_90039_569275_0$chr1_hg19_103998686_104406594_0	0.0602961736243154 Reich
I16553 HG00438#2#JAHBCA010000012.1_51513023_51826723_0$NA19240#1#JAHEOM010000047.1_30103390_30511199_1	0.0602915543192690 Reich
I16553 HG03098#2#JAHEPL010000003.1_93803759_94117426_0$HG02300.verkko_filt_mat.fa:haplotype1_0000028_144052837_144460586_1	0.0602902795662478 Reich
I16553 HG02145#1#JAHKSG010000134.1_2102465_2647653_1$HG02004.verkko_filt_pat.fa:haplotype2_0000813_139386576_140076845_1	0.0602885371053293 Reich
I16553 HG01123#2#JAGYYY010000006.1_51579630_51892388_0$HG01099.verkko_filt_mat.fa:haplotype1_0000034_142513097_142920876_1	0.0602876119416837 Reich
I16553 NA18906#2#JAHEON010000009.1_93748295_94249275_0$HG002.verkko_filt_pat.fa:haplotype2_0000649_147937390_148315979_1	0.0602865880511935 Reich
I16553 AV_HG01175#haplotype1#0000070:46006269_46414083$HG03098#2#JAHEPL010000003.1_93803759_94117426_0	0.0602839695471492 Reich
I16553 AV_HG01175#haplotype1#0000070:46006269_46414083$HG00438#2#JAHBCA010000012.1_51513023_51826723_0	0.0602752052115341 Reich
I16553 AV_HG01361#haplotype2#0001322:101872897_102186552$HG02071.verkko_filt_mat.fa:haplotype1_0000041_103610513_104018399_0	0.0602740141783513 Reich
I16553 HG03098#2#JAHEPL010000003.1_93803759_94117426_0$HG01099.verkko_filt_mat.fa:haplotype1_0000034_142513097_142920876_1	0.0602634076199667 Reich
I16553 HG00741#1#JAHALY010000007.1_18781197_19307680_1$HG005#1#JAHEPO010000002.1_51519219_51926067_0	0.0602628013865449 Reich
I16553 HG02723#2#JAHEOT010000034.1_19776337_20321518_1$HG01099.verkko_filt_pat.fa:haplotype2_0000583_143544270_144046196_1	0.0602597833748002 Reich
I16553 HG00621#2#JAHBCC010000031.1_16669999_17077865_0$HG03098#2#JAHEPL010000003.1_93803759_94117426_0	0.0602579428423019 Reich
I16553 HG02559#1#JAGYVK010000012.1_51505852_51913611_0$HG02109#1#JAHEPG010000026.1_16673035_17080816_0	0.0602543795728106 Reich
I16553 AV_HG02148#haplotype2#0002863:16304803_16712699$HG03710.verkko_filt_mat.fa:haplotype1_0000029_102593394_102907063_0	0.0602541182281782 Reich
I16553 AV_HG02148#haplotype2#0002863:16304803_16712699$HG02109#2#JAHEPF010000078.1_16678387_16991144_0	0.0602540116042162 Reich
I16553 HG00733#1#JAHEPQ010000019.1_46106835_46420495_0$HG02300.verkko_filt_pat.fa:haplotype2_0000620_143362344_143769323_1	0.0602506766980506 Reich
I16553 HG00733#1#JAHEPQ010000019.1_46106835_46420495_0$HG02004.verkko_filt_mat.fa:haplotype1_0000022_97828542_98235483_0	0.0602488030091694 Reich
I16553 HG02622#2#JAHAON010000012.1_51551779_52031001_0$HG01258#1#JAGYYV010000004.1_56955948_57456952_1	0.0602451609837328 Reich
I16553 AV_HG01361#haplotype1#0000023:101593539_102001341$HG00733#1#JAHEPQ010000019.1_46106835_46420495_0	0.0602435222664350 Reich
I16553 HG04228.verkko_filt_pat.fa:haplotype2_0000600_103806749_104119491_0$HG002.verkko_filt_mat.fa:haplotype1_0000005_138228497_138636354_1	0.0602432490763811 Reich
I16553 HG00741#1#JAHALY010000007.1_18781197_19307680_1$HG01123#1#JAGYYZ010000015.1_51528240_51935090_0	0.0602386608759646 Reich
I16553 HG02723#1#JAHEOU010000204.1_2102082_2414876_1$HG002.verkko_filt_mat.fa:haplotype1_0000005_138228497_138636354_1	0.0602386383295862 Reich
I16553 HG00621#2#JAHBCC010000031.1_16669999_17077865_0$HG00438#2#JAHBCA010000012.1_51513023_51826723_0	0.0602364026518525 Reich
I16553 HG02723#1#JAHEOU010000204.1_2102082_2414876_1$HG01928#1#JAGYVQ010000053.1_16676493_17083407_0	0.0602361884605223 Reich
I16553 HG01928#1#JAGYVQ010000053.1_16676493_17083407_0$HG04228.verkko_filt_pat.fa:haplotype2_0000600_103806749_104119491_0	0.0602354222576455 Reich
I16553 HG03516#1#JAGYYT010000012.1_24170958_24578778_1$HG01358#1#JAGYZB010000020.1_27445742_27855492_1	0.0602346455693227 Reich
I16553 HG02109#1#JAHEPG010000026.1_16673035_17080816_0$HG02004.verkko_filt_mat.fa:haplotype1_0000022_97828542_98235483_0	0.0602343844139044 Reich
I16553 HG02723#1#JAHEOU010000204.1_2102082_2414876_1$HG02300.verkko_filt_mat.fa:haplotype1_0000028_144052837_144460586_1	0.0602311603201973 Reich
I16553 HG005#1#JAHEPO010000002.1_51519219_51926067_0$HG01243#1#JAHEOY010000013.1_90081_424495_0	0.0602304099828787 Reich
I16553 HG02647.verkko_filt_pat.fa:haplotype2_0000857_103738150_104051769_0$HG002.verkko_filt_pat.fa:haplotype2_0000649_147937390_148315979_1	0.0602299953854397 Reich
I16553 HG04228.verkko_filt_pat.fa:haplotype2_0000600_103806749_104119491_0$HG02300.verkko_filt_mat.fa:haplotype1_0000028_144052837_144460586_1	0.0602280716615376 Reich
I16553 NA18906#1#JAHEOO010000054.1_2103477_2510435_1$HG01258#2#JAGYYU010000072.1_51562603_51970395_0	0.0602276436732596 Reich
I16553 HG00438#1#JAHBCB010000015.1_33474867_33954171_0$HG03710.verkko_filt_mat.fa:haplotype1_0000029_102593394_102907063_0	0.0602268862336194 Reich
I16553 HG02630#2#JAHAOP010000089.1_16669255_17076135_0$HG03492#1#JAHEPI010000180.1_2103395_2543326_1	0.0602261519470129 Reich
I16553 NA20129#2#JAHEPD010000155.1_90039_569275_0$HG02486#2#JAGYVL010000029.1_94163344_94570162_0	0.0602229672662482 Reich
I16553 NA20129#2#JAHEPD010000155.1_90039_569275_0$HG02886#1#JAHAOU010000178.1_62411_469262_0	0.0602220083247059 Reich
I16553 HG01123#2#JAGYYY010000006.1_51579630_51892388_0$HG002.verkko_filt_mat.fa:haplotype1_0000005_138228497_138636354_1	0.0602202059233114 Reich
I16553 HG02109#1#JAHEPG010000026.1_16673035_17080816_0$HG02300.verkko_filt_pat.fa:haplotype2_0000620_143362344_143769323_1	0.0602201437860633 Reich
I16553 HG01071#1#JAHBCF010000053.1_26607100_27108065_1$HG01358#1#JAGYZB010000020.1_27445742_27855492_1	0.0602195006806209 Reich
I16553 HG02723#2#JAHEOT010000034.1_19776337_20321518_1$HG03540#1#JAGYVY010000208.1_95187_596142_0	0.0602174513503144 Reich
I16553 HG01928#1#JAGYVQ010000053.1_16676493_17083407_0$HG01123#2#JAGYYY010000006.1_51579630_51892388_0	0.0602162766830823 Reich
I16553 HG03540#2#JAGYVX010000148.1_1368955_1877115_0$HG02809.verkko_filt_pat.fa:haplotype2_0001251_103421111_103827972_0	0.0602124713323591 Reich
I16553 HG03486#1#JAHEOQ010000123.1_16677696_17085575_0$NA20129#2#JAHEPD010000155.1_90039_569275_0	0.0602122532442910 Reich
I16553 HG03540#2#JAGYVX010000148.1_1368955_1877115_0$HG02809.verkko_filt_mat.fa:haplotype1_0000023_94161320_94589755_0	0.0602112836043885 Reich
I16553 HG02109#1#JAHEPG010000026.1_16673035_17080816_0$NA19240#1#JAHEOM010000047.1_30103390_30511199_1	0.0602110294795596 Reich
I16553 HG04228.verkko_filt_pat.fa:haplotype2_0000600_103806749_104119491_0$HG01099.verkko_filt_mat.fa:haplotype1_0000034_142513097_142920876_1	0.0602049218573531 Reich
I16553 HG02723#1#JAHEOU010000204.1_2102082_2414876_1$HG01099.verkko_filt_mat.fa:haplotype1_0000034_142513097_142920876_1	0.0602041506568784 Reich
I16553 AV_HG01361#haplotype2#0001322:101872897_102186552$chr1_hg38_103456064_103863972_0	0.0602040330918599 Reich
I16553 AV_HG01361#haplotype2#0001322:101872897_102186552$chr1_hg19_103998686_104406594_0	0.0602040330918599 Reich
I16553 HG02622#2#JAHAON010000012.1_51551779_52031001_0$HG002.verkko_filt_mat.fa:haplotype1_0000005_138228497_138636354_1	0.0602023278576384 Reich
I16553 HG01978#2#JAGYVR010000007.1_51532241_51939176_0$HG01358#1#JAGYZB010000020.1_27445742_27855492_1	0.0602015530139934 Reich
I16553 HG02559#1#JAGYVK010000012.1_51505852_51913611_0$HG01123#2#JAGYYY010000006.1_51579630_51892388_0	0.0601983675978195 Reich
I16553 HG01928#1#JAGYVQ010000053.1_16676493_17083407_0$HG02622#2#JAHAON010000012.1_51551779_52031001_0	0.0601940163267854 Reich
I16553 HG03492#1#JAHEPI010000180.1_2103395_2543326_1$HG03453#2#JAGYVV010000088.1_22597550_23005370_1	0.0601898773728759 Reich
I16553 HG00438#1#JAHBCB010000015.1_33474867_33954171_0$HG00438#2#JAHBCA010000012.1_51513023_51826723_0	0.0601868683708051 Reich
I16553 AV_HG01361#haplotype1#0000023:101593539_102001341$HG03492#1#JAHEPI010000180.1_2103395_2543326_1	0.0601853267965364 Reich
I16553 HG00438#1#JAHBCB010000015.1_33474867_33954171_0$HG02109#2#JAHEPF010000078.1_16678387_16991144_0	0.0601813402841507 Reich
I16553 AV_HG02148#haplotype2#0002863:16304803_16712699$HG00733#1#JAHEPQ010000019.1_46106835_46420495_0	0.0601789215051679 Reich
I16553 HG03486#2#JAHEOP010000248.1_2105565_2584784_1$HG01099.verkko_filt_pat.fa:haplotype2_0000583_143544270_144046196_1	0.0601768673851070 Reich
I16553 HG005#2#JAHEPN010000023.1_51542210_51950070_0$HG04228.verkko_filt_pat.fa:haplotype2_0000600_103806749_104119491_0	0.0601749647534945 Reich
I16553 HG03486#1#JAHEOQ010000123.1_16677696_17085575_0$HG02293.verkko_filt_mat.fa:haplotype1_0000039_30204405_30517145_1	0.0601734567579932 Reich
I16553 HG02723#1#JAHEOU010000204.1_2102082_2414876_1$HG005#2#JAHEPN010000023.1_51542210_51950070_0	0.0601726670782897 Reich
I16553 AV_HG02148#haplotype2#0002863:16304803_16712699$HG02109#1#JAHEPG010000026.1_16673035_17080816_0	0.0601647064713535 Reich
I16553 HG00733#1#JAHEPQ010000019.1_46106835_46420495_0$NA19240#2#JAHEOL010000010.1_37445323_37853017_0	0.0601596995342224 Reich
I16553 HG03486#2#JAHEOP010000248.1_2105565_2584784_1$HG02004.verkko_filt_pat.fa:haplotype2_0000813_139386576_140076845_1	0.0601590430174288 Reich
I16553 HG02559#2#JAGYVJ010000037.1_52167780_52574597_1$HG00733#1#JAHEPQ010000019.1_46106835_46420495_0	0.0601575480914186 Reich
I16553 HG03453#2#JAGYVV010000088.1_22597550_23005370_1$HG02109#2#JAHEPF010000078.1_16678387_16991144_0	0.0601573974314937 Reich
I16553 HG02559#2#JAGYVJ010000037.1_52167780_52574597_1$HG01358#1#JAGYZB010000020.1_27445742_27855492_1	0.0601573678560124 Reich
I16553 HG02630#2#JAHAOP010000089.1_16669255_17076135_0$HG02109#2#JAHEPF010000078.1_16678387_16991144_0	0.0601568359594175 Reich
I16553 HG02717#1#JAHAOS010000015.1_16660311_17067250_0$HG01258#2#JAGYYU010000072.1_51562603_51970395_0	0.0601549832852946 Reich
I16553 HG02080#1#JAHEOW010000048.1_16689583_17097287_0$HG02886#2#JAHAOT010000031.1_87393_401061_0	0.0601527649120387 Reich
I16553 HG02622#2#JAHAON010000012.1_51551779_52031001_0$HG005#2#JAHEPN010000023.1_51542210_51950070_0	0.0601496999093052 Reich
I16553 HG01123#1#JAGYYZ010000015.1_51528240_51935090_0$HG01243#1#JAHEOY010000013.1_90081_424495_0	0.0601491296632285 Reich
I16553 HG02630#1#JAHAOQ010000102.1_16672145_17079089_0$HG01258#2#JAGYYU010000072.1_51562603_51970395_0	0.0601482546096293 Reich
I16553 HG01258#2#JAGYYU010000072.1_51562603_51970395_0$HG03927.verkko_filt_mat.fa:haplotype1_0000009_134765170_135173010_1	0.0601474816215039 Reich
I16553 HG01123#2#JAGYYY010000006.1_51579630_51892388_0$NA19240#1#JAHEOM010000047.1_30103390_30511199_1	0.0601460104688529 Reich
I16553 AV_HG01175#haplotype1#0000070:46006269_46414083$HG02723#1#JAHEOU010000204.1_2102082_2414876_1	0.0601439737641397 Reich
I16553 HG02055#2#JAHEPJ010000017.1_24870122_25298560_1$HG02486#1#JAGYVM010000007.1_28868414_29370339_1	0.0601439025006635 Reich
I16553 HG02630#2#JAHAOP010000089.1_16669255_17076135_0$HG02109#1#JAHEPG010000026.1_16673035_17080816_0	0.0601387388058435 Reich
I16553 HG02145#2#JAHKSF010000206.1_1005292_1413195_1$HG01258#2#JAGYYU010000072.1_51562603_51970395_0	0.0601379828328714 Reich
I16553 AV_HG01175#haplotype1#0000070:46006269_46414083$HG04228.verkko_filt_pat.fa:haplotype2_0000600_103806749_104119491_0	0.0601363071305295 Reich
I16553 HG02559#1#JAGYVK010000012.1_51505852_51913611_0$HG04228.verkko_filt_pat.fa:haplotype2_0000600_103806749_104119491_0	0.0601360165638650 Reich
I16553 HG01123#2#JAGYYY010000006.1_51579630_51892388_0$HG005#2#JAHEPN010000023.1_51542210_51950070_0	0.0601359400330869 Reich
I16553 NA20129#2#JAHEPD010000155.1_90039_569275_0$HG01258#1#JAGYYV010000004.1_56955948_57456952_1	0.0601346495768208 Reich
I16553 HG00621#2#JAHBCC010000031.1_16669999_17077865_0$HG02622#2#JAHAON010000012.1_51551779_52031001_0	0.0601331920357000 Reich
I16553 HG03453#2#JAGYVV010000088.1_22597550_23005370_1$HG03710.verkko_filt_mat.fa:haplotype1_0000029_102593394_102907063_0	0.0601295847836628 Reich
I16553 HG03492#2#JAHEPH010000288.1_2098270_2432686_1$NA18906#1#JAHEOO010000054.1_2103477_2510435_1	0.0601289237090639 Reich
I16553 HG02630#2#JAHAOP010000089.1_16669255_17076135_0$HG03098#2#JAHEPL010000003.1_93803759_94117426_0	0.0601280605283731 Reich
I16553 HG00621#2#JAHBCC010000031.1_16669999_17077865_0$HG02723#1#JAHEOU010000204.1_2102082_2414876_1	0.0601248126753079 Reich
I16553 AV_HG01175#haplotype1#0000070:46006269_46414083$HG02622#2#JAHAON010000012.1_51551779_52031001_0	0.0601224413500072 Reich
I16553 HG03486#2#JAHEOP010000248.1_2105565_2584784_1$HG03540#1#JAGYVY010000208.1_95187_596142_0	0.0601184622925292 Reich
I16553 AV_HG01175#haplotype1#0000070:46006269_46414083$HG01123#2#JAGYYY010000006.1_51579630_51892388_0	0.0601179191651215 Reich
I16553 HG03492#2#JAHEPH010000288.1_2098270_2432686_1$HG03927.verkko_filt_mat.fa:haplotype1_0000009_134765170_135173010_1	0.0601166893322413 Reich
I16553 HG00621#2#JAHBCC010000031.1_16669999_17077865_0$HG04228.verkko_filt_pat.fa:haplotype2_0000600_103806749_104119491_0	0.0601117935906435 Reich
I16553 AV_HG01361#haplotype1#0000023:101593539_102001341$HG03710.verkko_filt_mat.fa:haplotype1_0000029_102593394_102907063_0	0.0601110280254833 Reich
I16553 HG03492#1#JAHEPI010000180.1_2103395_2543326_1$NA19240#2#JAHEOL010000010.1_37445323_37853017_0	0.0601067342707362 Reich
I16553 AV_HG01361#haplotype1#0000023:101593539_102001341$HG02109#2#JAHEPF010000078.1_16678387_16991144_0	0.0601061860992208 Reich
I16553 HG00438#2#JAHBCA010000012.1_51513023_51826723_0$HG02004.verkko_filt_mat.fa:haplotype1_0000022_97828542_98235483_0	0.0601055239692974 Reich
I16553 HG00621#1#JAHBCD010000034.1_2122997_2624098_1$HG02723#2#JAHEOT010000034.1_19776337_20321518_1	0.0601038744177603 Reich
I16553 HG02723#1#JAHEOU010000204.1_2102082_2414876_1$HG02559#1#JAGYVK010000012.1_51505852_51913611_0	0.0600976248436609 Reich
I16553 HG03098#2#JAHEPL010000003.1_93803759_94117426_0$HG02004.verkko_filt_mat.fa:haplotype1_0000022_97828542_98235483_0	0.0600939395238035 Reich
I16553 HG00438#2#JAHBCA010000012.1_51513023_51826723_0$HG02300.verkko_filt_pat.fa:haplotype2_0000620_143362344_143769323_1	0.0600911327898029 Reich
I16553 HG00621#2#JAHBCC010000031.1_16669999_17077865_0$HG01123#2#JAGYYY010000006.1_51579630_51892388_0	0.0600903688162799 Reich
I16553 HG00741#1#JAHALY010000007.1_18781197_19307680_1$NA18906#1#JAHEOO010000054.1_2103477_2510435_1	0.0600861327388939 Reich
I16553 HG03098#2#JAHEPL010000003.1_93803759_94117426_0$HG02300.verkko_filt_pat.fa:haplotype2_0000620_143362344_143769323_1	0.0600850162011644 Reich
I16553 HG03516#2#JAGYYS010000004.1_24452130_24859892_1$HG01358#1#JAGYZB010000020.1_27445742_27855492_1	0.0600844657275914 Reich
I16553 AV_HG01361#haplotype2#0001322:101872897_102186552$HG03486#1#JAHEOQ010000123.1_16677696_17085575_0	0.0600802130041844 Reich
I16553 HG03453#2#JAGYVV010000088.1_22597550_23005370_1$HG02109#1#JAHEPG010000026.1_16673035_17080816_0	0.0600783600578030 Reich
I16553 HG03453#2#JAGYVV010000088.1_22597550_23005370_1$HG00733#1#JAHEPQ010000019.1_46106835_46420495_0	0.0600774449509194 Reich
I16553 AV_HG02257#haplotype2#0001152:102843493_103251377$HG01258#2#JAGYYU010000072.1_51562603_51970395_0	0.0600768705588526 Reich
I16553 AV_HG01361#haplotype1#0000023:101593539_102001341$HG00438#2#JAHBCA010000012.1_51513023_51826723_0	0.0600753913092312 Reich
I16553 NA20129#2#JAHEPD010000155.1_90039_569275_0$HG002.verkko_filt_mat.fa:haplotype1_0000005_138228497_138636354_1	0.0600730993466983 Reich
I16553 HG01258#1#JAGYYV010000004.1_56955948_57456952_1$HG02809.verkko_filt_mat.fa:haplotype1_0000023_94161320_94589755_0	0.0600691765934780 Reich
I16553 HG03516#1#JAGYYT010000012.1_24170958_24578778_1$HG00733#1#JAHEPQ010000019.1_46106835_46420495_0	0.0600689669339630 Reich
I16553 HG02622#2#JAHAON010000012.1_51551779_52031001_0$HG01099.verkko_filt_mat.fa:haplotype1_0000034_142513097_142920876_1	0.0600684962498174 Reich
I16553 HG02622#2#JAHAON010000012.1_51551779_52031001_0$HG02300.verkko_filt_mat.fa:haplotype1_0000028_144052837_144460586_1	0.0600681127061720 Reich
I16553 HG02080#1#JAHEOW010000048.1_16689583_17097287_0$HG01358#1#JAGYZB010000020.1_27445742_27855492_1	0.0600681115170514 Reich
I16553 NA19240#1#JAHEOM010000047.1_30103390_30511199_1$HG04228.verkko_filt_pat.fa:haplotype2_0000600_103806749_104119491_0	0.0600669643524843 Reich
I16553 HG02486#1#JAGYVM010000007.1_28868414_29370339_1$HG02647.verkko_filt_mat.fa:haplotype1_0000002_103892584_104321036_0	0.0600657857995146 Reich
I16553 HG01258#2#JAGYYU010000072.1_51562603_51970395_0$HG02818#1#JAHEOS010000101.1_89626_496613_0	0.0600657009706751 Reich
I16553 HG01928#1#JAGYVQ010000053.1_16676493_17083407_0$NA20129#2#JAHEPD010000155.1_90039_569275_0	0.0600645636672324 Reich
I16553 HG03492#2#JAHEPH010000288.1_2098270_2432686_1$HG02145#2#JAHKSF010000206.1_1005292_1413195_1	0.0600609497085497 Reich
I16553 HG02109#2#JAHEPF010000078.1_16678387_16991144_0$NA19240#2#JAHEOL010000010.1_37445323_37853017_0	0.0600500914368102 Reich
I16553 HG02717#1#JAHAOS010000015.1_16660311_17067250_0$HG03492#2#JAHEPH010000288.1_2098270_2432686_1	0.0600452751444569 Reich
I16553 HG02818#2#JAHEOR010000010.1_31775319_32183091_1$HG03098#1#JAHEPM010000059.1_16676208_17105596_0	0.0600424104739206 Reich
I16553 HG02886#2#JAHAOT010000031.1_87393_401061_0$HG03579#1#JAGYVU010000029.1_91404_499180_0	0.0600403394877706 Reich
I16553 HG02723#1#JAHEOU010000204.1_2102082_2414876_1$NA19240#1#JAHEOM010000047.1_30103390_30511199_1	0.0600378803094776 Reich
I16553 AV_HG00673#haplotype2#0001165:24014011_24421797$HG02886#2#JAHAOT010000031.1_87393_401061_0	0.0600361442364300 Reich
I16553 HG02559#2#JAGYVJ010000037.1_52167780_52574597_1$HG03710.verkko_filt_mat.fa:haplotype1_0000029_102593394_102907063_0	0.0600352036403225 Reich
I16553 HG02630#1#JAHAOQ010000102.1_16672145_17079089_0$HG03492#2#JAHEPH010000288.1_2098270_2432686_1	0.0600337292765493 Reich
I16553 HG00621#1#JAHBCD010000034.1_2122997_2624098_1$HG03486#2#JAHEOP010000248.1_2105565_2584784_1	0.0600333026523878 Reich
I16553 HG01258#2#JAGYYU010000072.1_51562603_51970395_0$HG00741#2#JAHALX010000013.1_51574319_51981226_0	0.0600327016638921 Reich
I16553 HG02559#1#JAGYVK010000012.1_51505852_51913611_0$HG03098#2#JAHEPL010000003.1_93803759_94117426_0	0.0600296110714243 Reich
I16553 HG01258#2#JAGYYU010000072.1_51562603_51970395_0$HG02717#2#JAHAOR010000006.1_19663827_20070693_1	0.0600289396303071 Reich
I16553 HG01071#1#JAHBCF010000053.1_26607100_27108065_1$HG03098#1#JAHEPM010000059.1_16676208_17105596_0	0.0600283816255695 Reich
I16553 NA19240#2#JAHEOL010000010.1_37445323_37853017_0$HG03710.verkko_filt_mat.fa:haplotype1_0000029_102593394_102907063_0	0.0600277563713194 Reich
I16553 HG01071#1#JAHBCF010000053.1_26607100_27108065_1$HG03492#1#JAHEPI010000180.1_2103395_2543326_1	0.0600255680832800 Reich
I16553 HG03098#1#JAHEPM010000059.1_16676208_17105596_0$HG02071.verkko_filt_mat.fa:haplotype1_0000041_103610513_104018399_0	0.0600219442312378 Reich
I16553 NA20129#2#JAHEPD010000155.1_90039_569275_0$HG005#2#JAHEPN010000023.1_51542210_51950070_0	0.0600217580826953 Reich
I16553 HG03492#1#JAHEPI010000180.1_2103395_2543326_1$HG01978#2#JAGYVR010000007.1_51532241_51939176_0	0.0600192736679372 Reich
I16553 HG00741#1#JAHALY010000007.1_18781197_19307680_1$HG02630#1#JAHAOQ010000102.1_16672145_17079089_0	0.0600192510105851 Reich
I16553 HG00438#2#JAHBCA010000012.1_51513023_51826723_0$NA19240#2#JAHEOL010000010.1_37445323_37853017_0	0.0600187690945069 Reich
I16553 HG02559#1#JAGYVK010000012.1_51505852_51913611_0$HG02622#2#JAHAON010000012.1_51551779_52031001_0	0.0600169754953469 Reich
I16553 HG005#1#JAHEPO010000002.1_51519219_51926067_0$HG02886#2#JAHAOT010000031.1_87393_401061_0	0.0600145670758720 Reich
I16553 HG00741#1#JAHALY010000007.1_18781197_19307680_1$HG02717#1#JAHAOS010000015.1_16660311_17067250_0	0.0600142059360495 Reich
I16553 HG00741#1#JAHALY010000007.1_18781197_19307680_1$HG02145#2#JAHKSF010000206.1_1005292_1413195_1	0.0600130788170591 Reich
I16553 HG02559#2#JAGYVJ010000037.1_52167780_52574597_1$HG00438#2#JAHBCA010000012.1_51513023_51826723_0	0.0600109950733396 Reich
I16553 HG03098#2#JAHEPL010000003.1_93803759_94117426_0$HG00438#1#JAHBCB010000015.1_33474867_33954171_0	0.0600086426796963 Reich
I16553 AV_HG01361#haplotype1#0000023:101593539_102001341$HG02109#1#JAHEPG010000026.1_16673035_17080816_0	0.0600072211380053 Reich
I16553 HG00621#2#JAHBCC010000031.1_16669999_17077865_0$NA20129#2#JAHEPD010000155.1_90039_569275_0	0.0600047751239882 Reich
I16553 HG03492#1#JAHEPI010000180.1_2103395_2543326_1$HG03516#1#JAGYYT010000012.1_24170958_24578778_1	0.0599993921985848 Reich
I16553 AV_HG02148#haplotype2#0002863:16304803_16712699$HG00438#2#JAHBCA010000012.1_51513023_51826723_0	0.0599992995903539 Reich
I16553 AV_HG02148#haplotype2#0002863:16304803_16712699$HG03098#2#JAHEPL010000003.1_93803759_94117426_0	0.0599965234551481 Reich
I16553 AV_HG01106#haplotype1#0000048:16666181_17262214$NA18906#2#JAHEON010000009.1_93748295_94249275_0	0.0599956677607146 Reich
I16553 AV_HG01175#haplotype1#0000070:46006269_46414083$NA20129#2#JAHEPD010000155.1_90039_569275_0	0.0599936695464740 Reich
I16553 HG02293.verkko_filt_mat.fa:haplotype1_0000039_30204405_30517145_1$HG002.verkko_filt_mat.fa:haplotype1_0000005_138228497_138636354_1	0.0599897549690617 Reich
I16553 HG03098#2#JAHEPL010000003.1_93803759_94117426_0$NA19240#1#JAHEOM010000047.1_30103390_30511199_1	0.0599864311077201 Reich
I16553 HG02622#2#JAHAON010000012.1_51551779_52031001_0$NA19240#1#JAHEOM010000047.1_30103390_30511199_1	0.0599863939845932 Reich
I16553 AV_HG02257#haplotype2#0001152:102843493_103251377$HG03492#2#JAHEPH010000288.1_2098270_2432686_1	0.0599833354202774 Reich
I16553 HG01123#2#JAGYYY010000006.1_51579630_51892388_0$HG00438#1#JAHBCB010000015.1_33474867_33954171_0	0.0599829816849937 Reich
I16553 HG02723#2#JAHEOT010000034.1_19776337_20321518_1$HG02293.verkko_filt_pat.fa:haplotype2_0000836_148310532_148812524_1	0.0599782414088999 Reich
I16553 HG01243#1#JAHEOY010000013.1_90081_424495_0$NA18906#1#JAHEOO010000054.1_2103477_2510435_1	0.0599754922803480 Reich
I16553 HG02293.verkko_filt_mat.fa:haplotype1_0000039_30204405_30517145_1$HG02300.verkko_filt_mat.fa:haplotype1_0000028_144052837_144460586_1	0.0599745262878320 Reich
I16553 HG02622#1#JAHAOO010000002.1_16673678_17080663_0$HG01258#2#JAGYYU010000072.1_51562603_51970395_0	0.0599743447333437 Reich
I16553 HG02622#2#JAHAON010000012.1_51551779_52031001_0$HG02300.verkko_filt_pat.fa:haplotype2_0000620_143362344_143769323_1	0.0599724637225926 Reich
I16553 HG02109#1#JAHEPG010000026.1_16673035_17080816_0$NA19240#2#JAHEOL010000010.1_37445323_37853017_0	0.0599723864515324 Reich
I16553 HG03098#1#JAHEPM010000059.1_16676208_17105596_0$HG02486#2#JAGYVL010000029.1_94163344_94570162_0	0.0599688790097635 Reich
I16553 HG02622#2#JAHAON010000012.1_51551779_52031001_0$HG02004.verkko_filt_mat.fa:haplotype1_0000022_97828542_98235483_0	0.0599665060364243 Reich
I16553 HG01243#1#JAHEOY010000013.1_90081_424495_0$HG03927.verkko_filt_mat.fa:haplotype1_0000009_134765170_135173010_1	0.0599656476704582 Reich
I16553 AV_HG00673#haplotype2#0001165:24014011_24421797$HG01358#1#JAGYZB010000020.1_27445742_27855492_1	0.0599632036385284 Reich
I16553 HG01123#1#JAGYYZ010000015.1_51528240_51935090_0$HG02886#2#JAHAOT010000031.1_87393_401061_0	0.0599628048294453 Reich
I16553 HG02622#2#JAHAON010000012.1_51551779_52031001_0$HG02486#1#JAGYVM010000007.1_28868414_29370339_1	0.0599625585984594 Reich
I16553 HG02723#2#JAHEOT010000034.1_19776337_20321518_1$HG01978#1#JAGYVS010000002.1_51519970_52021951_0	0.0599618563289839 Reich
I16553 HG01071#1#JAHBCF010000053.1_26607100_27108065_1$HG02109#1#JAHEPG010000026.1_16673035_17080816_0	0.0599610459084477 Reich
I16553 HG01099.verkko_filt_mat.fa:haplotype1_0000034_142513097_142920876_1$HG02293.verkko_filt_mat.fa:haplotype1_0000039_30204405_30517145_1	0.0599607337557321 Reich
I16553 HG03492#2#JAHEPH010000288.1_2098270_2432686_1$HG02818#1#JAHEOS010000101.1_89626_496613_0	0.0599599931056435 Reich
I16553 HG00741#1#JAHALY010000007.1_18781197_19307680_1$HG02717#2#JAHAOR010000006.1_19663827_20070693_1	0.0599581823454101 Reich
I16553 HG00741#1#JAHALY010000007.1_18781197_19307680_1$HG00741#2#JAHALX010000013.1_51574319_51981226_0	0.0599562269125650 Reich
I16553 AV_HG02257#haplotype2#0001152:102843493_103251377$HG00741#1#JAHALY010000007.1_18781197_19307680_1	0.0599558452681748 Reich
I16553 HG00741#1#JAHALY010000007.1_18781197_19307680_1$HG00438#1#JAHBCB010000015.1_33474867_33954171_0	0.0599554435102556 Reich
I16553 HG02559#2#JAGYVJ010000037.1_52167780_52574597_1$HG03492#1#JAHEPI010000180.1_2103395_2543326_1	0.0599529164605250 Reich
I16553 HG01928#1#JAGYVQ010000053.1_16676493_17083407_0$HG02293.verkko_filt_mat.fa:haplotype1_0000039_30204405_30517145_1	0.0599528032104676 Reich
I16553 HG02886#1#JAHAOU010000178.1_62411_469262_0$HG03098#1#JAHEPM010000059.1_16676208_17105596_0	0.0599517520919467 Reich
I16553 HG00741#1#JAHALY010000007.1_18781197_19307680_1$HG02818#1#JAHEOS010000101.1_89626_496613_0	0.0599497758184292 Reich
I16553 HG02723#2#JAHEOT010000034.1_19776337_20321518_1$HG02071.verkko_filt_pat.fa:haplotype2_0000736_102745972_103248026_0	0.0599476751054481 Reich
I16553 chr1_hg38_103456064_103863972_0$HG03098#1#JAHEPM010000059.1_16676208_17105596_0	0.0599471533306090 Reich
I16553 chr1_hg19_103998686_104406594_0$HG03098#1#JAHEPM010000059.1_16676208_17105596_0	0.0599471533306090 Reich
I16553 HG03492#2#JAHEPH010000288.1_2098270_2432686_1$HG00741#2#JAHALX010000013.1_51574319_51981226_0	0.0599461721150558 Reich
I16553 HG00438#1#JAHBCB010000015.1_33474867_33954171_0$HG04228.verkko_filt_pat.fa:haplotype2_0000600_103806749_104119491_0	0.0599459250608434 Reich
I16553 NA20129#2#JAHEPD010000155.1_90039_569275_0$HG01099.verkko_filt_mat.fa:haplotype1_0000034_142513097_142920876_1	0.0599458512007671 Reich
I16553 NA20129#2#JAHEPD010000155.1_90039_569275_0$HG02300.verkko_filt_mat.fa:haplotype1_0000028_144052837_144460586_1	0.0599454685452850 Reich
I16553 AV_HG02148#haplotype2#0002863:16304803_16712699$HG02622#2#JAHAON010000012.1_51551779_52031001_0	0.0599403034133865 Reich
I16553 HG02723#2#JAHEOT010000034.1_19776337_20321518_1$HG04228.verkko_filt_mat.fa:haplotype1_0000023_103429213_103930285_0	0.0599378518451348 Reich
I16553 HG03492#2#JAHEPH010000288.1_2098270_2432686_1$HG02717#2#JAHAOR010000006.1_19663827_20070693_1	0.0599373770935000 Reich
I16553 HG01123#2#JAGYYY010000006.1_51579630_51892388_0$HG02630#2#JAHAOP010000089.1_16669255_17076135_0	0.0599367983382501 Reich
I16553 HG00741#1#JAHALY010000007.1_18781197_19307680_1$HG03927.verkko_filt_mat.fa:haplotype1_0000009_134765170_135173010_1	0.0599350205266206 Reich
I16553 HG03516#1#JAGYYT010000012.1_24170958_24578778_1$HG03710.verkko_filt_mat.fa:haplotype1_0000029_102593394_102907063_0	0.0599338241972945 Reich
I16553 HG03516#2#JAGYYS010000004.1_24452130_24859892_1$HG00733#1#JAHEPQ010000019.1_46106835_46420495_0	0.0599327947524174 Reich
I16553 NA18906#2#JAHEON010000009.1_93748295_94249275_0$chr1_chm13_103304997_103901127_0	0.0599278148052379 Reich
I16553 HG02486#1#JAGYVM010000007.1_28868414_29370339_1$HG01891#1#JAGYVO010000014.1_22855818_23168577_1	0.0599263884444633 Reich
I16553 HG03516#1#JAGYYT010000012.1_24170958_24578778_1$HG02109#2#JAHEPF010000078.1_16678387_16991144_0	0.0599257849770255 Reich
I16553 HG02723#1#JAHEOU010000204.1_2102082_2414876_1$HG00438#1#JAHBCB010000015.1_33474867_33954171_0	0.0599237240252133 Reich
I16553 HG03492#1#JAHEPI010000180.1_2103395_2543326_1$HG03516#2#JAGYYS010000004.1_24452130_24859892_1	0.0599184584796535 Reich
I16553 HG03486#2#JAHEOP010000248.1_2105565_2584784_1$HG02293.verkko_filt_pat.fa:haplotype2_0000836_148310532_148812524_1	0.0599129760514230 Reich
I16553 AV_HG01361#haplotype2#0001322:101872897_102186552$HG01928#1#JAGYVQ010000053.1_16676493_17083407_0	0.0599113225218943 Reich
I16553 AV_HG01106#haplotype1#0000048:16666181_17262214$HG01109#2#JAHEOZ010000047.1_16671232_17151375_0	0.0599111864896773 Reich
I16553 HG04228.verkko_filt_pat.fa:haplotype2_0000600_103806749_104119491_0$HG02004.verkko_filt_mat.fa:haplotype1_0000022_97828542_98235483_0	0.0599101580130417 Reich
I16553 HG005#2#JAHEPN010000023.1_51542210_51950070_0$HG02293.verkko_filt_mat.fa:haplotype1_0000039_30204405_30517145_1	0.0599090426899937 Reich
I16553 HG02723#1#JAHEOU010000204.1_2102082_2414876_1$HG02004.verkko_filt_mat.fa:haplotype1_0000022_97828542_98235483_0	0.0599086340856380 Reich
I16553 HG02145#2#JAHKSF010000206.1_1005292_1413195_1$HG01243#1#JAHEOY010000013.1_90081_424495_0	0.0599070421110238 Reich
I16553 HG02630#2#JAHAOP010000089.1_16669255_17076135_0$HG04228.verkko_filt_pat.fa:haplotype2_0000600_103806749_104119491_0	0.0599003057448366 Reich
I16553 HG01978#1#JAGYVS010000002.1_51519970_52021951_0$HG03486#2#JAHEOP010000248.1_2105565_2584784_1	0.0598989786415414 Reich
I16553 HG02723#1#JAHEOU010000204.1_2102082_2414876_1$HG02300.verkko_filt_pat.fa:haplotype2_0000620_143362344_143769323_1	0.0598964941908886 Reich
I16553 HG00438#2#JAHBCA010000012.1_51513023_51826723_0$HG03516#1#JAGYYT010000012.1_24170958_24578778_1	0.0598957488558422 Reich
I16553 HG00438#2#JAHBCA010000012.1_51513023_51826723_0$HG03453#2#JAGYVV010000088.1_22597550_23005370_1	0.0598943102455998 Reich
I16553 AV_HG01361#haplotype1#0000023:101593539_102001341$HG01123#2#JAGYYY010000006.1_51579630_51892388_0	0.0598915251009190 Reich
I16553 HG02717#1#JAHAOS010000015.1_16660311_17067250_0$HG01243#1#JAHEOY010000013.1_90081_424495_0	0.0598898962163811 Reich
I16553 AV_HG01361#haplotype2#0001322:101872897_102186552$HG002.verkko_filt_mat.fa:haplotype1_0000005_138228497_138636354_1	0.0598895947999377 Reich
I16553 HG03486#2#JAHEOP010000248.1_2105565_2584784_1$HG02071.verkko_filt_pat.fa:haplotype2_0000736_102745972_103248026_0	0.0598883885162516 Reich
I16553 HG02559#1#JAGYVK010000012.1_51505852_51913611_0$NA20129#2#JAHEPD010000155.1_90039_569275_0	0.0598879623020144 Reich
I16553 HG01978#2#JAGYVR010000007.1_51532241_51939176_0$HG03710.verkko_filt_mat.fa:haplotype1_0000029_102593394_102907063_0	0.0598865501984437 Reich
I16553 HG01123#2#JAGYYY010000006.1_51579630_51892388_0$HG02004.verkko_filt_mat.fa:haplotype1_0000022_97828542_98235483_0	0.0598842670520181 Reich
I16553 HG04228.verkko_filt_pat.fa:haplotype2_0000600_103806749_104119491_0$HG02300.verkko_filt_pat.fa:haplotype2_0000620_143362344_143769323_1	0.0598835184297851 Reich
I16553 HG03579#2#JAGYVT010000094.1_51581892_51895531_0$HG01071#1#JAHBCF010000053.1_26607100_27108065_1	0.0598813955018729 Reich
I16553 HG01358#1#JAGYZB010000020.1_27445742_27855492_1$HG03579#1#JAGYVU010000029.1_91404_499180_0	0.0598808927584313 Reich
I16553 HG01978#2#JAGYVR010000007.1_51532241_51939176_0$HG02109#2#JAHEPF010000078.1_16678387_16991144_0	0.0598801975672388 Reich
I16553 HG02630#1#JAHAOQ010000102.1_16672145_17079089_0$HG01243#1#JAHEOY010000013.1_90081_424495_0	0.0598790400119346 Reich
I16553 AV_HG01175#haplotype1#0000070:46006269_46414083$HG02293.verkko_filt_mat.fa:haplotype1_0000039_30204405_30517145_1	0.0598785603282089 Reich
I16553 HG02080#1#JAHEOW010000048.1_16689583_17097287_0$HG03492#1#JAHEPI010000180.1_2103395_2543326_1	0.0598780195301848 Reich
I16553 HG02080#2#JAHEOV010000017.1_16662177_17164189_0$HG02723#2#JAHEOT010000034.1_19776337_20321518_1	0.0598763918196713 Reich
I16553 HG02559#1#JAGYVK010000012.1_51505852_51913611_0$HG02293.verkko_filt_mat.fa:haplotype1_0000039_30204405_30517145_1	0.0598762709412152 Reich
I16553 HG02559#2#JAGYVJ010000037.1_52167780_52574597_1$HG02109#1#JAHEPG010000026.1_16673035_17080816_0	0.0598751898746954 Reich
I16553 HG02109#1#JAHEPG010000026.1_16673035_17080816_0$HG01978#2#JAGYVR010000007.1_51532241_51939176_0	0.0598745343308331 Reich
I16553 HG01123#2#JAGYYY010000006.1_51579630_51892388_0$HG02300.verkko_filt_pat.fa:haplotype2_0000620_143362344_143769323_1	0.0598736014770915 Reich
I16553 HG02109#1#JAHEPG010000026.1_16673035_17080816_0$HG03516#1#JAGYYT010000012.1_24170958_24578778_1	0.0598729446998306 Reich
I16553 HG03098#2#JAHEPL010000003.1_93803759_94117426_0$HG03453#2#JAGYVV010000088.1_22597550_23005370_1	0.0598699461145264 Reich
I16553 HG00621#2#JAHBCC010000031.1_16669999_17077865_0$HG02293.verkko_filt_mat.fa:haplotype1_0000039_30204405_30517145_1	0.0598648708447650 Reich
I16553 HG02723#2#JAHEOT010000034.1_19776337_20321518_1$HG03927.verkko_filt_pat.fa:haplotype2_0000800_29002142_29504057_1	0.0598623336490498 Reich
I16553 HG03492#2#JAHEPH010000288.1_2098270_2432686_1$HG02622#1#JAHAOO010000002.1_16673678_17080663_0	0.0598619905423109 Reich
I16553 HG00741#1#JAHALY010000007.1_18781197_19307680_1$HG02622#1#JAHAOO010000002.1_16673678_17080663_0	0.0598617164848429 Reich
I16553 NA20129#2#JAHEPD010000155.1_90039_569275_0$NA19240#1#JAHEOM010000047.1_30103390_30511199_1	0.0598578424610371 Reich
I16553 AV_HG01361#haplotype1#0000023:101593539_102001341$HG03098#2#JAHEPL010000003.1_93803759_94117426_0	0.0598560681620479 Reich
I16553 HG02145#1#JAHKSG010000134.1_2102465_2647653_1$HG01099.verkko_filt_pat.fa:haplotype2_0000583_143544270_144046196_1	0.0598550690741318 Reich
I16553 HG02630#2#JAHAOP010000089.1_16669255_17076135_0$HG02622#2#JAHAON010000012.1_51551779_52031001_0	0.0598544754785225 Reich
I16553 HG03486#1#JAHEOQ010000123.1_16677696_17085575_0$HG03098#1#JAHEPM010000059.1_16676208_17105596_0	0.0598532646594474 Reich
I16553 NA20129#2#JAHEPD010000155.1_90039_569275_0$HG02486#1#JAGYVM010000007.1_28868414_29370339_1	0.0598531756620767 Reich
I16553 HG02622#2#JAHAON010000012.1_51551779_52031001_0$HG03453#2#JAGYVV010000088.1_22597550_23005370_1	0.0598527476357766 Reich
I16553 HG02723#1#JAHEOU010000204.1_2102082_2414876_1$HG02630#2#JAHAOP010000089.1_16669255_17076135_0	0.0598494794407822 Reich
I16553 HG02630#2#JAHAOP010000089.1_16669255_17076135_0$HG02293.verkko_filt_mat.fa:haplotype1_0000039_30204405_30517145_1	0.0598454032479424 Reich
I16553 NA20129#2#JAHEPD010000155.1_90039_569275_0$HG02300.verkko_filt_pat.fa:haplotype2_0000620_143362344_143769323_1	0.0598444405323562 Reich
I16553 AV_HG02148#haplotype2#0002863:16304803_16712699$HG02723#1#JAHEOU010000204.1_2102082_2414876_1	0.0598423571765420 Reich
I16553 HG03486#2#JAHEOP010000248.1_2105565_2584784_1$HG04228.verkko_filt_mat.fa:haplotype1_0000023_103429213_103930285_0	0.0598396449621889 Reich
I16553 HG01123#2#JAGYYY010000006.1_51579630_51892388_0$NA19240#2#JAHEOL010000010.1_37445323_37853017_0	0.0598377286963679 Reich
I16553 NA20129#2#JAHEPD010000155.1_90039_569275_0$HG02004.verkko_filt_mat.fa:haplotype1_0000022_97828542_98235483_0	0.0598367265822497 Reich
I16553 AV_HG02148#haplotype2#0002863:16304803_16712699$HG04228.verkko_filt_pat.fa:haplotype2_0000600_103806749_104119491_0	0.0598286556088802 Reich
I16553 HG02080#1#JAHEOW010000048.1_16689583_17097287_0$HG00733#1#JAHEPQ010000019.1_46106835_46420495_0	0.0598279465339688 Reich
I16553 AV_HG02257#haplotype2#0001152:102843493_103251377$HG01243#1#JAHEOY010000013.1_90081_424495_0	0.0598274715332015 Reich
I16553 AV_HG02148#haplotype2#0002863:16304803_16712699$HG01123#2#JAGYYY010000006.1_51579630_51892388_0	0.0598233297625374 Reich
I16553 HG01071#1#JAHBCF010000053.1_26607100_27108065_1$HG02647.verkko_filt_pat.fa:haplotype2_0000857_103738150_104051769_0	0.0598232855867393 Reich
I16553 AV_HG01361#haplotype2#0001322:101872897_102186552$HG005#2#JAHEPN010000023.1_51542210_51950070_0	0.0598181691875877 Reich
I16553 NA19240#1#JAHEOM010000047.1_30103390_30511199_1$HG02293.verkko_filt_mat.fa:haplotype1_0000039_30204405_30517145_1	0.0598168645751199 Reich
I16553 HG01109#2#JAHEOZ010000047.1_16671232_17151375_0$chr1_chm13_103304997_103901127_0	0.0598125520727259 Reich
I16553 AV_HG02148#haplotype2#0002863:16304803_16712699$NA20129#2#JAHEPD010000155.1_90039_569275_0	0.0598112187574697 Reich
I16553 HG01978#2#JAGYVR010000007.1_51532241_51939176_0$HG00733#1#JAHEPQ010000019.1_46106835_46420495_0	0.0598109648517282 Reich
I16553 HG02080#2#JAHEOV010000017.1_16662177_17164189_0$HG03486#2#JAHEOP010000248.1_2105565_2584784_1	0.0598087820262917 Reich
I16553 HG02145#1#JAHKSG010000134.1_2102465_2647653_1$HG03540#1#JAGYVY010000208.1_95187_596142_0	0.0598068769811007 Reich
I16553 HG03098#2#JAHEPL010000003.1_93803759_94117426_0$NA19240#2#JAHEOL010000010.1_37445323_37853017_0	0.0598058405620577 Reich
I16553 NA18906#2#JAHEON010000009.1_93748295_94249275_0$HG01099.verkko_filt_pat.fa:haplotype2_0000583_143544270_144046196_1	0.0598056067557101 Reich
I16553 HG01243#1#JAHEOY010000013.1_90081_424495_0$HG02818#1#JAHEOS010000101.1_89626_496613_0	0.0598035391667000 Reich
I16553 AV_HG01361#haplotype1#0000023:101593539_102001341$HG02723#1#JAHEOU010000204.1_2102082_2414876_1	0.0598032217472337 Reich
I16553 HG01109#1#JAHEPA010000099.1_2104245_2511104_1$HG01258#2#JAGYYU010000072.1_51562603_51970395_0	0.0598003570111442 Reich
I16553 HG02559#2#JAGYVJ010000037.1_52167780_52574597_1$HG02109#2#JAHEPF010000078.1_16678387_16991144_0	0.0597993810426145 Reich
I16553 AV_HG01175#haplotype1#0000070:46006269_46414083$AV_HG01361#haplotype2#0001322:101872897_102186552	0.0597982413446748 Reich
I16553 AV_HG01361#haplotype1#0000023:101593539_102001341$HG04228.verkko_filt_pat.fa:haplotype2_0000600_103806749_104119491_0	0.0597963275184053 Reich
I16553 HG02559#2#JAGYVJ010000037.1_52167780_52574597_1$HG03098#2#JAHEPL010000003.1_93803759_94117426_0	0.0597947045459542 Reich
I16553 HG01243#1#JAHEOY010000013.1_90081_424495_0$HG00741#2#JAHALX010000013.1_51574319_51981226_0	0.0597936159911662 Reich
I16553 HG01243#1#JAHEOY010000013.1_90081_424495_0$HG02717#2#JAHAOR010000006.1_19663827_20070693_1	0.0597853014779583 Reich
I16553 AV_HG01361#haplotype1#0000023:101593539_102001341$HG02622#2#JAHAON010000012.1_51551779_52031001_0	0.0597834101165934 Reich
I16553 AV_HG00673#haplotype2#0001165:24014011_24421797$HG03492#1#JAHEPI010000180.1_2103395_2543326_1	0.0597798574409755 Reich
I16553 HG03516#2#JAGYYS010000004.1_24452130_24859892_1$HG03710.verkko_filt_mat.fa:haplotype1_0000029_102593394_102907063_0	0.0597754610614311 Reich
I16553 AV_HG01361#haplotype2#0001322:101872897_102186552$HG00621#2#JAHBCC010000031.1_16669999_17077865_0	0.0597739433013998 Reich
I16553 AV_HG01106#haplotype1#0000048:16666181_17262214$HG03453#1#JAGYVW010000157.1_2105722_2585000_1	0.0597666362358943 Reich
I16553 AV_HG00673#haplotype1#0000019:16627360_17129375$HG02723#2#JAHEOT010000034.1_19776337_20321518_1	0.0597601214676581 Reich
I16553 HG03486#2#JAHEOP010000248.1_2105565_2584784_1$HG03927.verkko_filt_pat.fa:haplotype2_0000800_29002142_29504057_1	0.0597587306611320 Reich
I16553 HG02723#1#JAHEOU010000204.1_2102082_2414876_1$NA19240#2#JAHEOL010000010.1_37445323_37853017_0	0.0597550121569889 Reich
I16553 NA19240#2#JAHEOL010000010.1_37445323_37853017_0$HG04228.verkko_filt_pat.fa:haplotype2_0000600_103806749_104119491_0	0.0597542478651350 Reich
I16553 HG02109#1#JAHEPG010000026.1_16673035_17080816_0$HG03516#2#JAGYYS010000004.1_24452130_24859892_1	0.0597513180894785 Reich
I16553 HG03516#2#JAGYYS010000004.1_24452130_24859892_1$HG02109#2#JAHEPF010000078.1_16678387_16991144_0	0.0597473984158430 Reich
I16553 HG03540#1#JAGYVY010000208.1_95187_596142_0$NA18906#2#JAHEON010000009.1_93748295_94249275_0	0.0597468623899934 Reich
I16553 HG03453#2#JAGYVV010000088.1_22597550_23005370_1$HG04228.verkko_filt_pat.fa:haplotype2_0000600_103806749_104119491_0	0.0597460154988342 Reich
I16553 NA18906#2#JAHEON010000009.1_93748295_94249275_0$HG02004.verkko_filt_pat.fa:haplotype2_0000813_139386576_140076845_1	0.0597451048849590 Reich
I16553 HG01258#1#JAGYYV010000004.1_56955948_57456952_1$HG02809.verkko_filt_pat.fa:haplotype2_0001251_103421111_103827972_0	0.0597413206271613 Reich
I16553 HG00438#1#JAHBCB010000015.1_33474867_33954171_0$HG01358#1#JAGYZB010000020.1_27445742_27855492_1	0.0597408968455601 Reich
I16553 HG00741#1#JAHALY010000007.1_18781197_19307680_1$HG01109#1#JAHEPA010000099.1_2104245_2511104_1	0.0597400254899773 Reich
I16553 HG02723#1#JAHEOU010000204.1_2102082_2414876_1$HG03453#2#JAGYVV010000088.1_22597550_23005370_1	0.0597391781360356 Reich
I16553 HG02622#2#JAHAON010000012.1_51551779_52031001_0$NA19240#2#JAHEOL010000010.1_37445323_37853017_0	0.0597311803739405 Reich
I16553 AV_HG01361#haplotype2#0001322:101872897_102186552$HG02300.verkko_filt_mat.fa:haplotype1_0000028_144052837_144460586_1	0.0597308245462625 Reich
I16553 AV_HG01106#haplotype2#0000932:16673968_17175925$HG02723#2#JAHEOT010000034.1_19776337_20321518_1	0.0597306577056000 Reich
I16553 HG00438#2#JAHBCA010000012.1_51513023_51826723_0$HG03516#2#JAGYYS010000004.1_24452130_24859892_1	0.0597304449208964 Reich
I16553 HG01123#2#JAGYYY010000006.1_51579630_51892388_0$HG03453#2#JAGYVV010000088.1_22597550_23005370_1	0.0597285469026333 Reich
I16553 HG02486#1#JAGYVM010000007.1_28868414_29370339_1$HG02809.verkko_filt_mat.fa:haplotype1_0000023_94161320_94589755_0	0.0597273807998499 Reich
I16553 NA20129#2#JAHEPD010000155.1_90039_569275_0$HG02630#2#JAHAOP010000089.1_16669255_17076135_0	0.0597258908214256 Reich
I16553 NA20129#2#JAHEPD010000155.1_90039_569275_0$HG03453#2#JAGYVV010000088.1_22597550_23005370_1	0.0597245185466638 Reich
I16553 HG01123#2#JAGYYY010000006.1_51579630_51892388_0$HG03516#1#JAGYYT010000012.1_24170958_24578778_1	0.0597233186692379 Reich
I16553 HG02080#1#JAHEOW010000048.1_16689583_17097287_0$HG02109#2#JAHEPF010000078.1_16678387_16991144_0	0.0597210399248737 Reich
I16553 HG03492#1#JAHEPI010000180.1_2103395_2543326_1$HG03579#1#JAGYVU010000029.1_91404_499180_0	0.0597189160245991 Reich
I16553 HG02622#1#JAHAOO010000002.1_16673678_17080663_0$HG01243#1#JAHEOY010000013.1_90081_424495_0	0.0597071178945760 Reich
I16553 HG02080#1#JAHEOW010000048.1_16689583_17097287_0$HG02109#1#JAHEPG010000026.1_16673035_17080816_0	0.0597058786217222 Reich
I16553 AV_HG01361#haplotype2#0001322:101872897_102186552$HG01099.verkko_filt_mat.fa:haplotype1_0000034_142513097_142920876_1	0.0597057847874144 Reich
I16553 AV_HG00673#haplotype2#0001165:24014011_24421797$HG00733#1#JAHEPQ010000019.1_46106835_46420495_0	0.0597057753086924 Reich
I16553 HG00621#1#JAHBCD010000034.1_2122997_2624098_1$NA18906#2#JAHEON010000009.1_93748295_94249275_0	0.0597013392768136 Reich
I16553 HG02080#1#JAHEOW010000048.1_16689583_17097287_0$HG03710.verkko_filt_mat.fa:haplotype1_0000029_102593394_102907063_0	0.0597009737468238 Reich
I16553 HG00438#1#JAHBCB010000015.1_33474867_33954171_0$HG02293.verkko_filt_mat.fa:haplotype1_0000039_30204405_30517145_1	0.0596992432798379 Reich
I16553 HG03098#1#JAHEPM010000059.1_16676208_17105596_0$HG002.verkko_filt_mat.fa:haplotype1_0000005_138228497_138636354_1	0.0596965163946137 Reich
I16553 AV_HG00673#haplotype1#0000019:16627360_17129375$HG03486#2#JAHEOP010000248.1_2105565_2584784_1	0.0596964691770104 Reich
I16553 AV_HG01361#haplotype2#0001322:101872897_102186552$HG02630#2#JAHAOP010000089.1_16669255_17076135_0	0.0596951713690055 Reich
I16553 HG03453#1#JAGYVW010000157.1_2105722_2585000_1$chr1_chm13_103304997_103901127_0	0.0596941110580575 Reich
I16553 HG01928#1#JAGYVQ010000053.1_16676493_17083407_0$HG03098#1#JAHEPM010000059.1_16676208_17105596_0	0.0596921739192144 Reich
I16553 HG00621#1#JAHBCD010000034.1_2122997_2624098_1$HG02145#1#JAHKSG010000134.1_2102465_2647653_1	0.0596911576589576 Reich
I16553 HG005#1#JAHEPO010000002.1_51519219_51926067_0$HG01358#1#JAGYZB010000020.1_27445742_27855492_1	0.0596847651098446 Reich
I16553 HG02080#1#JAHEOW010000048.1_16689583_17097287_0$HG00438#2#JAHBCA010000012.1_51513023_51826723_0	0.0596832966562214 Reich
I16553 HG03098#2#JAHEPL010000003.1_93803759_94117426_0$HG03516#1#JAGYYT010000012.1_24170958_24578778_1	0.0596796897407594 Reich
I16553 HG02886#2#JAHAOT010000031.1_87393_401061_0$NA18906#1#JAHEOO010000054.1_2103477_2510435_1	0.0596763322497159 Reich
I16553 HG00438#2#JAHBCA010000012.1_51513023_51826723_0$HG01978#2#JAGYVR010000007.1_51532241_51939176_0	0.0596755362057761 Reich
I16553 HG01109#1#JAHEPA010000099.1_2104245_2511104_1$HG03492#2#JAHEPH010000288.1_2098270_2432686_1	0.0596754681609956 Reich
I16553 AV_HG01361#haplotype2#0001322:101872897_102186552$HG02559#1#JAGYVK010000012.1_51505852_51913611_0	0.0596720688620829 Reich
I16553 HG00733#1#JAHEPQ010000019.1_46106835_46420495_0$HG03579#1#JAGYVU010000029.1_91404_499180_0	0.0596703543820464 Reich
I16553 HG02622#2#JAHAON010000012.1_51551779_52031001_0$HG03516#1#JAGYYT010000012.1_24170958_24578778_1	0.0596682675160089 Reich
I16553 AV_HG01361#haplotype1#0000023:101593539_102001341$NA20129#2#JAHEPD010000155.1_90039_569275_0	0.0596619446967567 Reich
I16553 HG03098#2#JAHEPL010000003.1_93803759_94117426_0$HG01978#2#JAGYVR010000007.1_51532241_51939176_0	0.0596614839488932 Reich
I16553 AV_HG01106#haplotype2#0000932:16673968_17175925$HG03486#2#JAHEOP010000248.1_2105565_2584784_1	0.0596554349438414 Reich
I16553 HG02622#2#JAHAON010000012.1_51551779_52031001_0$HG01978#2#JAGYVR010000007.1_51532241_51939176_0	0.0596516637676422 Reich
I16553 HG01123#1#JAGYYZ010000015.1_51528240_51935090_0$HG01358#1#JAGYZB010000020.1_27445742_27855492_1	0.0596488419292163 Reich
I16553 HG03098#1#JAHEPM010000059.1_16676208_17105596_0$HG02300.verkko_filt_mat.fa:haplotype1_0000028_144052837_144460586_1	0.0596342554994478 Reich
I16553 HG02293.verkko_filt_mat.fa:haplotype1_0000039_30204405_30517145_1$HG02300.verkko_filt_pat.fa:haplotype2_0000620_143362344_143769323_1	0.0596285093410998 Reich
I16553 HG02004.verkko_filt_mat.fa:haplotype1_0000022_97828542_98235483_0$HG02293.verkko_filt_mat.fa:haplotype1_0000039_30204405_30517145_1	0.0596282101275230 Reich
I16553 HG03098#1#JAHEPM010000059.1_16676208_17105596_0$HG005#2#JAHEPN010000023.1_51542210_51950070_0	0.0596263963623914 Reich
I16553 HG02723#1#JAHEOU010000204.1_2102082_2414876_1$HG03516#1#JAGYYT010000012.1_24170958_24578778_1	0.0596251226379672 Reich
I16553 AV_HG01361#haplotype2#0001322:101872897_102186552$NA19240#1#JAHEOM010000047.1_30103390_30511199_1	0.0596229233695549 Reich
I16553 HG03516#1#JAGYYT010000012.1_24170958_24578778_1$HG04228.verkko_filt_pat.fa:haplotype2_0000600_103806749_104119491_0	0.0596228447688388 Reich
I16553 AV_HG01175#haplotype1#0000070:46006269_46414083$HG03098#1#JAHEPM010000059.1_16676208_17105596_0	0.0596166839076177 Reich
I16553 HG00621#2#JAHBCC010000031.1_16669999_17077865_0$HG03098#1#JAHEPM010000059.1_16676208_17105596_0	0.0596156677372367 Reich
I16553 HG03098#1#JAHEPM010000059.1_16676208_17105596_0$HG01099.verkko_filt_mat.fa:haplotype1_0000034_142513097_142920876_1	0.0596143880266959 Reich
I16553 HG005#1#JAHEPO010000002.1_51519219_51926067_0$HG00733#1#JAHEPQ010000019.1_46106835_46420495_0	0.0596100316967914 Reich
I16553 NA20129#2#JAHEPD010000155.1_90039_569275_0$NA19240#2#JAHEOL010000010.1_37445323_37853017_0	0.0596098333679240 Reich
I16553 HG01109#2#JAHEOZ010000047.1_16671232_17151375_0$HG02004.verkko_filt_pat.fa:haplotype2_0000813_139386576_140076845_1	0.0596093058153996 Reich
I16553 HG02559#2#JAGYVJ010000037.1_52167780_52574597_1$HG02622#2#JAHAON010000012.1_51551779_52031001_0	0.0596088937783448 Reich
I16553 HG02723#2#JAHEOT010000034.1_19776337_20321518_1$HG002.verkko_filt_pat.fa:haplotype2_0000649_147937390_148315979_1	0.0596039644894005 Reich
I16553 HG01071#1#JAHBCF010000053.1_26607100_27108065_1$HG02055#2#JAHEPJ010000017.1_24870122_25298560_1	0.0595996369595728 Reich
I16553 AV_HG01361#haplotype2#0001322:101872897_102186552$HG02300.verkko_filt_pat.fa:haplotype2_0000620_143362344_143769323_1	0.0595989428940905 Reich
I16553 HG02818#2#JAHEOR010000010.1_31775319_32183091_1$HG02055#2#JAHEPJ010000017.1_24870122_25298560_1	0.0595951014604963 Reich
I16553 HG02717#1#JAHAOS010000015.1_16660311_17067250_0$HG02886#2#JAHAOT010000031.1_87393_401061_0	0.0595906644391172 Reich
I16553 AV_HG01361#haplotype2#0001322:101872897_102186552$HG02004.verkko_filt_mat.fa:haplotype1_0000022_97828542_98235483_0	0.0595902969686765 Reich
I16553 AV_HG00673#haplotype2#0001165:24014011_24421797$HG02109#1#JAHEPG010000026.1_16673035_17080816_0	0.0595896613301811 Reich
I16553 AV_HG00673#haplotype2#0001165:24014011_24421797$HG03710.verkko_filt_mat.fa:haplotype1_0000029_102593394_102907063_0	0.0595875711477645 Reich
I16553 NA18906#2#JAHEON010000009.1_93748295_94249275_0$HG02293.verkko_filt_pat.fa:haplotype2_0000836_148310532_148812524_1	0.0595872729215297 Reich
I16553 AV_HG01361#haplotype2#0001322:101872897_102186552$HG00438#1#JAHBCB010000015.1_33474867_33954171_0	0.0595836256912676 Reich
I16553 AV_HG00673#haplotype2#0001165:24014011_24421797$HG02109#2#JAHEPF010000078.1_16678387_16991144_0	0.0595835487987688 Reich
I16553 HG01109#2#JAHEOZ010000047.1_16671232_17151375_0$HG002.verkko_filt_pat.fa:haplotype2_0000649_147937390_148315979_1	0.0595831900247504 Reich
I16553 AV_HG02148#haplotype2#0002863:16304803_16712699$HG02293.verkko_filt_mat.fa:haplotype1_0000039_30204405_30517145_1	0.0595800942182670 Reich
I16553 HG02559#2#JAGYVJ010000037.1_52167780_52574597_1$HG01123#2#JAGYYY010000006.1_51579630_51892388_0	0.0595792424689778 Reich
I16553 HG02055#2#JAHEPJ010000017.1_24870122_25298560_1$HG02071.verkko_filt_mat.fa:haplotype1_0000041_103610513_104018399_0	0.0595759615513089 Reich
I16553 HG02622#2#JAHAON010000012.1_51551779_52031001_0$HG03516#2#JAGYYS010000004.1_24452130_24859892_1	0.0595754648855289 Reich
I16553 HG02723#2#JAHEOT010000034.1_19776337_20321518_1$HG03710.verkko_filt_pat.fa:haplotype2_0000488_101614437_102218208_0	0.0595734987102772 Reich
I16553 HG01978#1#JAGYVS010000002.1_51519970_52021951_0$NA18906#2#JAHEON010000009.1_93748295_94249275_0	0.0595715723619040 Reich
I16553 HG01123#2#JAGYYY010000006.1_51579630_51892388_0$HG03516#2#JAGYYS010000004.1_24452130_24859892_1	0.0595711864337042 Reich
I16553 NA18906#2#JAHEON010000009.1_93748295_94249275_0$HG02071.verkko_filt_pat.fa:haplotype2_0000736_102745972_103248026_0	0.0595690045406682 Reich
I16553 HG02630#1#JAHAOQ010000102.1_16672145_17079089_0$HG02886#2#JAHAOT010000031.1_87393_401061_0	0.0595666061487186 Reich
I16553 HG01123#1#JAGYYZ010000015.1_51528240_51935090_0$HG00733#1#JAHEPQ010000019.1_46106835_46420495_0	0.0595656529250132 Reich
I16553 HG02145#1#JAHKSG010000134.1_2102465_2647653_1$HG02293.verkko_filt_pat.fa:haplotype2_0000836_148310532_148812524_1	0.0595648085695183 Reich
I16553 HG02886#2#JAHAOT010000031.1_87393_401061_0$HG00741#2#JAHALX010000013.1_51574319_51981226_0	0.0595621977318020 Reich
I16553 AV_HG00673#haplotype2#0001165:24014011_24421797$HG00438#2#JAHBCA010000012.1_51513023_51826723_0	0.0595598811175813 Reich
I16553 HG02145#2#JAHKSF010000206.1_1005292_1413195_1$HG02886#2#JAHAOT010000031.1_87393_401061_0	0.0595588034552064 Reich
I16553 HG01978#1#JAGYVS010000002.1_51519970_52021951_0$HG02145#1#JAHKSG010000134.1_2102465_2647653_1	0.0595565539784297 Reich
I16553 AV_HG01361#haplotype1#0000023:101593539_102001341$HG02293.verkko_filt_mat.fa:haplotype1_0000039_30204405_30517145_1	0.0595549992150468 Reich
I16553 NA20129#2#JAHEPD010000155.1_90039_569275_0$HG03516#1#JAGYYT010000012.1_24170958_24578778_1	0.0595463057605957 Reich
I16553 HG02818#2#JAHEOR010000010.1_31775319_32183091_1$HG02809.verkko_filt_pat.fa:haplotype2_0001251_103421111_103827972_0	0.0595444960454463 Reich
I16553 HG02109#1#JAHEPG010000026.1_16673035_17080816_0$HG03579#1#JAGYVU010000029.1_91404_499180_0	0.0595415379741538 Reich
I16553 HG02886#2#JAHAOT010000031.1_87393_401061_0$HG02717#2#JAHAOR010000006.1_19663827_20070693_1	0.0595367481939637 Reich
I16553 HG00741#1#JAHALY010000007.1_18781197_19307680_1$HG03492#2#JAHEPH010000288.1_2098270_2432686_1	0.0595352472849334 Reich
I16553 HG01071#1#JAHBCF010000053.1_26607100_27108065_1$HG02647.verkko_filt_mat.fa:haplotype1_0000002_103892584_104321036_0	0.0595317422508614 Reich
I16553 HG02145#1#JAHKSG010000134.1_2102465_2647653_1$HG02071.verkko_filt_pat.fa:haplotype2_0000736_102745972_103248026_0	0.0595312738797265 Reich
I16553 HG01891#1#JAGYVO010000014.1_22855818_23168577_1$HG002.verkko_filt_pat.fa:haplotype2_0000649_147937390_148315979_1	0.0595274673486018 Reich
I16553 HG02071.verkko_filt_mat.fa:haplotype1_0000041_103610513_104018399_0$HG02809.verkko_filt_pat.fa:haplotype2_0001251_103421111_103827972_0	0.0595269368824477 Reich
I16553 HG01109#1#JAHEPA010000099.1_2104245_2511104_1$HG01243#1#JAHEOY010000013.1_90081_424495_0	0.0595267406144701 Reich
I16553 NA18906#2#JAHEON010000009.1_93748295_94249275_0$HG04228.verkko_filt_mat.fa:haplotype1_0000023_103429213_103930285_0	0.0595237434049012 Reich
I16553 NA20129#2#JAHEPD010000155.1_90039_569275_0$HG01978#2#JAGYVR010000007.1_51532241_51939176_0	0.0595226564238585 Reich
I16553 HG03579#1#JAGYVU010000029.1_91404_499180_0$HG03710.verkko_filt_mat.fa:haplotype1_0000029_102593394_102907063_0	0.0595130580503638 Reich
I16553 HG03516#2#JAGYYS010000004.1_24452130_24859892_1$HG04228.verkko_filt_pat.fa:haplotype2_0000600_103806749_104119491_0	0.0595124862069466 Reich
I16553 HG03453#1#JAGYVW010000157.1_2105722_2585000_1$HG02004.verkko_filt_pat.fa:haplotype2_0000813_139386576_140076845_1	0.0595119013099746 Reich
I16553 AV_HG01361#haplotype2#0001322:101872897_102186552$AV_HG02148#haplotype2#0002863:16304803_16712699	0.0595111704906788 Reich
I16553 HG02145#1#JAHKSG010000134.1_2102465_2647653_1$HG04228.verkko_filt_mat.fa:haplotype1_0000023_103429213_103930285_0	0.0595106769840022 Reich
I16553 HG02559#1#JAGYVK010000012.1_51505852_51913611_0$HG03098#1#JAHEPM010000059.1_16676208_17105596_0	0.0595019263901636 Reich
I16553 HG02818#2#JAHEOR010000010.1_31775319_32183091_1$HG02647.verkko_filt_mat.fa:haplotype1_0000002_103892584_104321036_0	0.0595012332618138 Reich
I16553 HG02080#1#JAHEOW010000048.1_16689583_17097287_0$HG01123#2#JAGYYY010000006.1_51579630_51892388_0	0.0595010487152947 Reich
I16553 HG03486#2#JAHEOP010000248.1_2105565_2584784_1$HG03710.verkko_filt_pat.fa:haplotype2_0000488_101614437_102218208_0	0.0595006437747461 Reich
I16553 HG01109#2#JAHEOZ010000047.1_16671232_17151375_0$HG01099.verkko_filt_pat.fa:haplotype2_0000583_143544270_144046196_1	0.0595005709493600 Reich
I16553 chr1_hg38_103456064_103863972_0$HG02055#2#JAHEPJ010000017.1_24870122_25298560_1	0.0594985767416482 Reich
I16553 chr1_hg19_103998686_104406594_0$HG02055#2#JAHEPJ010000017.1_24870122_25298560_1	0.0594985767416482 Reich
I16553 NA19240#2#JAHEOL010000010.1_37445323_37853017_0$HG02293.verkko_filt_mat.fa:haplotype1_0000039_30204405_30517145_1	0.0594957472974346 Reich
I16553 AV_HG02257#haplotype2#0001152:102843493_103251377$HG02886#2#JAHAOT010000031.1_87393_401061_0	0.0594953662779388 Reich
I16553 HG005#1#JAHEPO010000002.1_51519219_51926067_0$HG03710.verkko_filt_mat.fa:haplotype1_0000029_102593394_102907063_0	0.0594935883334415 Reich
I16553 HG02080#2#JAHEOV010000017.1_16662177_17164189_0$NA18906#2#JAHEON010000009.1_93748295_94249275_0	0.0594934916867351 Reich
I16553 HG03453#2#JAGYVV010000088.1_22597550_23005370_1$HG02293.verkko_filt_mat.fa:haplotype1_0000039_30204405_30517145_1	0.0594915505107793 Reich
I16553 HG02080#1#JAHEOW010000048.1_16689583_17097287_0$HG02622#2#JAHAON010000012.1_51551779_52031001_0	0.0594909076279710 Reich
I16553 HG02109#2#JAHEPF010000078.1_16678387_16991144_0$HG03579#1#JAGYVU010000029.1_91404_499180_0	0.0594881636808056 Reich
I16553 HG02559#2#JAGYVJ010000037.1_52167780_52574597_1$NA20129#2#JAHEPD010000155.1_90039_569275_0	0.0594873229734026 Reich
I16553 HG02886#2#JAHAOT010000031.1_87393_401061_0$HG03927.verkko_filt_mat.fa:haplotype1_0000009_134765170_135173010_1	0.0594862715231909 Reich
I16553 HG02723#1#JAHEOU010000204.1_2102082_2414876_1$HG02559#2#JAGYVJ010000037.1_52167780_52574597_1	0.0594845140015171 Reich
I16553 HG02886#2#JAHAOT010000031.1_87393_401061_0$HG02818#1#JAHEOS010000101.1_89626_496613_0	0.0594835811402365 Reich
I16553 HG02559#2#JAGYVJ010000037.1_52167780_52574597_1$HG04228.verkko_filt_pat.fa:haplotype2_0000600_103806749_104119491_0	0.0594814901467995 Reich
I16553 HG02071.verkko_filt_mat.fa:haplotype1_0000041_103610513_104018399_0$HG02647.verkko_filt_mat.fa:haplotype1_0000002_103892584_104321036_0	0.0594814662905227 Reich
I16553 HG005#1#JAHEPO010000002.1_51519219_51926067_0$HG03492#1#JAHEPI010000180.1_2103395_2543326_1	0.0594803621765400 Reich
I16553 HG02723#1#JAHEOU010000204.1_2102082_2414876_1$HG03516#2#JAGYYS010000004.1_24452130_24859892_1	0.0594759815412249 Reich
I16553 HG01978#2#JAGYVR010000007.1_51532241_51939176_0$HG04228.verkko_filt_pat.fa:haplotype2_0000600_103806749_104119491_0	0.0594718687200540 Reich
I16553 HG02723#1#JAHEOU010000204.1_2102082_2414876_1$HG01978#2#JAGYVR010000007.1_51532241_51939176_0	0.0594711111407575 Reich
I16553 HG00438#2#JAHBCA010000012.1_51513023_51826723_0$HG03579#1#JAGYVU010000029.1_91404_499180_0	0.0594686439069798 Reich
I16553 chr1_hg38_103456064_103863972_0$HG02809.verkko_filt_pat.fa:haplotype2_0001251_103421111_103827972_0	0.0594661147144760 Reich
I16553 chr1_hg19_103998686_104406594_0$HG02809.verkko_filt_pat.fa:haplotype2_0001251_103421111_103827972_0	0.0594661147144760 Reich
I16553 HG02080#1#JAHEOW010000048.1_16689583_17097287_0$HG03098#2#JAHEPL010000003.1_93803759_94117426_0	0.0594658088961905 Reich
I16553 HG02622#2#JAHAON010000012.1_51551779_52031001_0$HG01071#1#JAHBCF010000053.1_26607100_27108065_1	0.0594652626650308 Reich
I16553 HG03098#1#JAHEPM010000059.1_16676208_17105596_0$HG02300.verkko_filt_pat.fa:haplotype2_0000620_143362344_143769323_1	0.0594597175800095 Reich
I16553 HG03098#1#JAHEPM010000059.1_16676208_17105596_0$NA19240#1#JAHEOM010000047.1_30103390_30511199_1	0.0594594434324840 Reich
I16553 HG02080#2#JAHEOV010000017.1_16662177_17164189_0$HG02145#1#JAHKSG010000134.1_2102465_2647653_1	0.0594587474080771 Reich
I16553 HG02145#1#JAHKSG010000134.1_2102465_2647653_1$HG03927.verkko_filt_pat.fa:haplotype2_0000800_29002142_29504057_1	0.0594575996087441 Reich
I16553 HG00438#1#JAHBCB010000015.1_33474867_33954171_0$HG02109#1#JAHEPG010000026.1_16673035_17080816_0	0.0594570825715293 Reich
I16553 HG02559#2#JAGYVJ010000037.1_52167780_52574597_1$HG02293.verkko_filt_mat.fa:haplotype1_0000039_30204405_30517145_1	0.0594569952797227 Reich
I16553 HG005#1#JAHEPO010000002.1_51519219_51926067_0$HG00438#2#JAHBCA010000012.1_51513023_51826723_0	0.0594559656319637 Reich
I16553 HG01358#1#JAGYZB010000020.1_27445742_27855492_1$HG03927.verkko_filt_mat.fa:haplotype1_0000009_134765170_135173010_1	0.0594533970455404 Reich
I16553 HG01123#1#JAGYYZ010000015.1_51528240_51935090_0$HG03710.verkko_filt_mat.fa:haplotype1_0000029_102593394_102907063_0	0.0594506674369724 Reich
I16553 HG01109#2#JAHEOZ010000047.1_16671232_17151375_0$HG03540#1#JAGYVY010000208.1_95187_596142_0	0.0594494232036493 Reich
I16553 HG02055#2#JAHEPJ010000017.1_24870122_25298560_1$HG02486#2#JAGYVL010000029.1_94163344_94570162_0	0.0594475421518157 Reich
I16553 NA20129#2#JAHEPD010000155.1_90039_569275_0$HG03516#2#JAGYYS010000004.1_24452130_24859892_1	0.0594469009817791 Reich
I16553 NA18906#1#JAHEOO010000054.1_2103477_2510435_1$HG01358#1#JAGYZB010000020.1_27445742_27855492_1	0.0594418400169583 Reich
I16553 HG01123#2#JAGYYY010000006.1_51579630_51892388_0$HG01978#2#JAGYVR010000007.1_51532241_51939176_0	0.0594415881113166 Reich
I16553 HG01123#1#JAGYYZ010000015.1_51528240_51935090_0$HG03492#1#JAHEPI010000180.1_2103395_2543326_1	0.0594390600508722 Reich
I16553 HG02886#1#JAHAOU010000178.1_62411_469262_0$HG02055#2#JAHEPJ010000017.1_24870122_25298560_1	0.0594361344780647 Reich
I16553 NA18906#2#JAHEON010000009.1_93748295_94249275_0$HG03927.verkko_filt_pat.fa:haplotype2_0000800_29002142_29504057_1	0.0594291089120461 Reich
I16553 HG02080#1#JAHEOW010000048.1_16689583_17097287_0$HG02723#1#JAHEOU010000204.1_2102082_2414876_1	0.0594277508473997 Reich
I16553 HG03098#1#JAHEPM010000059.1_16676208_17105596_0$HG02004.verkko_filt_mat.fa:haplotype1_0000022_97828542_98235483_0	0.0594265327248110 Reich
I16553 HG03098#2#JAHEPL010000003.1_93803759_94117426_0$HG03516#2#JAGYYS010000004.1_24452130_24859892_1	0.0594207783006511 Reich
I16553 HG02486#1#JAGYVM010000007.1_28868414_29370339_1$HG02809.verkko_filt_pat.fa:haplotype2_0001251_103421111_103827972_0	0.0594158494219921 Reich
I16553 HG02080#1#JAHEOW010000048.1_16689583_17097287_0$HG04228.verkko_filt_pat.fa:haplotype2_0000600_103806749_104119491_0	0.0594155608519693 Reich
I16553 AV_HG00673#haplotype2#0001165:24014011_24421797$HG02622#2#JAHAON010000012.1_51551779_52031001_0	0.0594139846130813 Reich
I16553 HG00741#1#JAHALY010000007.1_18781197_19307680_1$HG01243#1#JAHEOY010000013.1_90081_424495_0	0.0594116740088708 Reich
I16553 chr1_hg38_103456064_103863972_0$HG02647.verkko_filt_mat.fa:haplotype1_0000002_103892584_104321036_0	0.0594101433552167 Reich
I16553 chr1_hg19_103998686_104406594_0$HG02647.verkko_filt_mat.fa:haplotype1_0000002_103892584_104321036_0	0.0594101433552167 Reich
I16553 HG005#1#JAHEPO010000002.1_51519219_51926067_0$HG02109#1#JAHEPG010000026.1_16673035_17080816_0	0.0594036472486006 Reich
I16553 HG03486#1#JAHEOQ010000123.1_16677696_17085575_0$HG02055#2#JAHEPJ010000017.1_24870122_25298560_1	0.0594016898143715 Reich
I16553 HG01123#1#JAGYYZ010000015.1_51528240_51935090_0$HG00438#2#JAHBCA010000012.1_51513023_51826723_0	0.0594001454060537 Reich
I16553 AV_HG02148#haplotype2#0002863:16304803_16712699$HG03098#1#JAHEPM010000059.1_16676208_17105596_0	0.0593963857366537 Reich
I16553 HG02486#2#JAGYVL010000029.1_94163344_94570162_0$HG02809.verkko_filt_pat.fa:haplotype2_0001251_103421111_103827972_0	0.0593962882286236 Reich
I16553 HG02622#2#JAHAON010000012.1_51551779_52031001_0$HG03579#1#JAGYVU010000029.1_91404_499180_0	0.0593899297921871 Reich
I16553 HG00621#1#JAHBCD010000034.1_2122997_2624098_1$HG01109#2#JAHEOZ010000047.1_16671232_17151375_0	0.0593897505764874 Reich
I16553 AV_HG01361#haplotype2#0001322:101872897_102186552$HG03453#2#JAGYVV010000088.1_22597550_23005370_1	0.0593879787764148 Reich
I16553 AV_HG00673#haplotype1#0000019:16627360_17129375$NA18906#2#JAHEON010000009.1_93748295_94249275_0	0.0593858183645052 Reich
I16553 HG02886#1#JAHAOU010000178.1_62411_469262_0$HG02809.verkko_filt_pat.fa:haplotype2_0001251_103421111_103827972_0	0.0593847154044747 Reich
I16553 HG03516#1#JAGYYT010000012.1_24170958_24578778_1$HG02293.verkko_filt_mat.fa:haplotype1_0000039_30204405_30517145_1	0.0593826737168989 Reich
I16553 HG02145#2#JAHKSF010000206.1_1005292_1413195_1$HG01358#1#JAGYZB010000020.1_27445742_27855492_1	0.0593764487660652 Reich
I16553 HG00438#1#JAHBCB010000015.1_33474867_33954171_0$HG03492#1#JAHEPI010000180.1_2103395_2543326_1	0.0593762198309163 Reich
I16553 HG02080#1#JAHEOW010000048.1_16689583_17097287_0$NA20129#2#JAHEPD010000155.1_90039_569275_0	0.0593694906937839 Reich
I16553 HG02622#1#JAHAOO010000002.1_16673678_17080663_0$HG02886#2#JAHAOT010000031.1_87393_401061_0	0.0593657358543268 Reich
I16553 HG02717#1#JAHAOS010000015.1_16660311_17067250_0$HG01358#1#JAGYZB010000020.1_27445742_27855492_1	0.0593611719536678 Reich
I16553 HG03486#1#JAHEOQ010000123.1_16677696_17085575_0$HG02809.verkko_filt_pat.fa:haplotype2_0001251_103421111_103827972_0	0.0593611279205456 Reich
I16553 HG02818#2#JAHEOR010000010.1_31775319_32183091_1$HG03579#2#JAGYVT010000094.1_51581892_51895531_0	0.0593608250839915 Reich
I16553 HG02486#2#JAGYVL010000029.1_94163344_94570162_0$HG02647.verkko_filt_mat.fa:haplotype1_0000002_103892584_104321036_0	0.0593601235875153 Reich
I16553 HG02630#1#JAHAOQ010000102.1_16672145_17079089_0$HG01358#1#JAGYZB010000020.1_27445742_27855492_1	0.0593594771134889 Reich
I16553 HG02630#2#JAHAOP010000089.1_16669255_17076135_0$HG03098#1#JAHEPM010000059.1_16676208_17105596_0	0.0593579047129677 Reich
I16553 HG01123#1#JAGYYZ010000015.1_51528240_51935090_0$HG02109#1#JAHEPG010000026.1_16673035_17080816_0	0.0593577059066173 Reich
I16553 NA20129#2#JAHEPD010000155.1_90039_569275_0$HG01071#1#JAHBCF010000053.1_26607100_27108065_1	0.0593569242985595 Reich
I16553 AV_HG00673#haplotype2#0001165:24014011_24421797$HG01123#2#JAGYYY010000006.1_51579630_51892388_0	0.0593459150983580 Reich
I16553 AV_HG01106#haplotype2#0000932:16673968_17175925$NA18906#2#JAHEON010000009.1_93748295_94249275_0	0.0593442718038899 Reich
I16553 HG03453#1#JAGYVW010000157.1_2105722_2585000_1$HG01099.verkko_filt_pat.fa:haplotype2_0000583_143544270_144046196_1	0.0593434914337661 Reich
I16553 HG02886#1#JAHAOU010000178.1_62411_469262_0$HG02647.verkko_filt_mat.fa:haplotype1_0000002_103892584_104321036_0	0.0593431405577767 Reich
I16553 AV_HG00673#haplotype1#0000019:16627360_17129375$HG02145#1#JAHKSG010000134.1_2102465_2647653_1	0.0593414207862888 Reich
I16553 AV_HG00673#haplotype2#0001165:24014011_24421797$HG03098#2#JAHEPL010000003.1_93803759_94117426_0	0.0593404395364691 Reich
I16553 HG03492#1#JAHEPI010000180.1_2103395_2543326_1$NA18906#1#JAHEOO010000054.1_2103477_2510435_1	0.0593250966314724 Reich
I16553 AV_HG01106#haplotype2#0000932:16673968_17175925$HG02145#1#JAHKSG010000134.1_2102465_2647653_1	0.0593245182855198 Reich
I16553 HG00741#2#JAHALX010000013.1_51574319_51981226_0$HG01358#1#JAGYZB010000020.1_27445742_27855492_1	0.0593182774298310 Reich
I16553 HG01358#1#JAGYZB010000020.1_27445742_27855492_1$HG02717#2#JAHAOR010000006.1_19663827_20070693_1	0.0593143866367398 Reich
I16553 HG03486#1#JAHEOQ010000123.1_16677696_17085575_0$HG02647.verkko_filt_mat.fa:haplotype1_0000002_103892584_104321036_0	0.0593111794999698 Reich
I16553 HG01123#2#JAGYYY010000006.1_51579630_51892388_0$HG03579#1#JAGYVU010000029.1_91404_499180_0	0.0593090390477360 Reich
I16553 AV_HG02257#haplotype2#0001152:102843493_103251377$HG01358#1#JAGYZB010000020.1_27445742_27855492_1	0.0593031458514292 Reich
I16553 HG03579#2#JAGYVT010000094.1_51581892_51895531_0$HG02071.verkko_filt_mat.fa:haplotype1_0000041_103610513_104018399_0	0.0592993715932225 Reich
I16553 AV_HG01361#haplotype1#0000023:101593539_102001341$AV_HG01361#haplotype2#0001322:101872897_102186552	0.0592929548161355 Reich
I16553 HG01071#1#JAHBCF010000053.1_26607100_27108065_1$HG01891#1#JAGYVO010000014.1_22855818_23168577_1	0.0592925677869065 Reich
I16553 AV_HG00673#haplotype2#0001165:24014011_24421797$NA20129#2#JAHEPD010000155.1_90039_569275_0	0.0592911066898906 Reich
I16553 AV_HG01361#haplotype1#0000023:101593539_102001341$HG03098#1#JAHEPM010000059.1_16676208_17105596_0	0.0592898948557644 Reich
I16553 HG03453#2#JAGYVV010000088.1_22597550_23005370_1$HG03098#1#JAHEPM010000059.1_16676208_17105596_0	0.0592891786119004 Reich
I16553 HG02818#2#JAHEOR010000010.1_31775319_32183091_1$HG02647.verkko_filt_pat.fa:haplotype2_0000857_103738150_104051769_0	0.0592883619972988 Reich
I16553 HG03486#2#JAHEOP010000248.1_2105565_2584784_1$HG03540#2#JAGYVX010000148.1_1368955_1877115_0	0.0592882032032047 Reich
I16553 HG01358#1#JAGYZB010000020.1_27445742_27855492_1$HG02818#1#JAHEOS010000101.1_89626_496613_0	0.0592826357085997 Reich
I16553 HG03453#1#JAGYVW010000157.1_2105722_2585000_1$HG03540#1#JAGYVY010000208.1_95187_596142_0	0.0592774358469961 Reich
I16553 AV_HG00673#haplotype2#0001165:24014011_24421797$HG02723#1#JAHEOU010000204.1_2102082_2414876_1	0.0592767814312428 Reich
I16553 HG03453#1#JAGYVW010000157.1_2105722_2585000_1$HG002.verkko_filt_pat.fa:haplotype2_0000649_147937390_148315979_1	0.0592728580322648 Reich
I16553 HG00621#1#JAHBCD010000034.1_2122997_2624098_1$HG03453#1#JAGYVW010000157.1_2105722_2585000_1	0.0592629174283296 Reich
I16553 NA20129#2#JAHEPD010000155.1_90039_569275_0$HG03579#1#JAGYVU010000029.1_91404_499180_0	0.0592591785053570 Reich
I16553 HG01109#2#JAHEOZ010000047.1_16671232_17151375_0$HG02293.verkko_filt_pat.fa:haplotype2_0000836_148310532_148812524_1	0.0592580479620974 Reich
I16553 HG03579#2#JAGYVT010000094.1_51581892_51895531_0$chr1_hg38_103456064_103863972_0	0.0592555580931364 Reich
I16553 HG03579#2#JAGYVT010000094.1_51581892_51895531_0$chr1_hg19_103998686_104406594_0	0.0592555580931364 Reich
I16553 HG01109#1#JAHEPA010000099.1_2104245_2511104_1$HG02886#2#JAHAOT010000031.1_87393_401061_0	0.0592514163320842 Reich
I16553 HG02717#1#JAHAOS010000015.1_16660311_17067250_0$HG03492#1#JAHEPI010000180.1_2103395_2543326_1	0.0592510301823045 Reich
I16553 HG03516#2#JAGYYS010000004.1_24452130_24859892_1$HG02293.verkko_filt_mat.fa:haplotype1_0000039_30204405_30517145_1	0.0592505936825508 Reich
I16553 AV_HG00673#haplotype2#0001165:24014011_24421797$HG04228.verkko_filt_pat.fa:haplotype2_0000600_103806749_104119491_0	0.0592472265879533 Reich
I16553 HG03579#1#JAGYVU010000029.1_91404_499180_0$HG04228.verkko_filt_pat.fa:haplotype2_0000600_103806749_104119491_0	0.0592460907458745 Reich
I16553 HG005#1#JAHEPO010000002.1_51519219_51926067_0$HG03098#2#JAHEPL010000003.1_93803759_94117426_0	0.0592450144172403 Reich
I16553 HG02055#2#JAHEPJ010000017.1_24870122_25298560_1$HG002.verkko_filt_mat.fa:haplotype1_0000005_138228497_138636354_1	0.0592439710445828 Reich
I16553 HG02630#1#JAHAOQ010000102.1_16672145_17079089_0$HG03492#1#JAHEPI010000180.1_2103395_2543326_1	0.0592437656679128 Reich
I16553 HG005#1#JAHEPO010000002.1_51519219_51926067_0$HG02109#2#JAHEPF010000078.1_16678387_16991144_0	0.0592437064500839 Reich
I16553 HG03098#1#JAHEPM010000059.1_16676208_17105596_0$NA19240#2#JAHEOL010000010.1_37445323_37853017_0	0.0592428460011487 Reich
I16553 AV_HG01361#haplotype2#0001322:101872897_102186552$NA19240#2#JAHEOL010000010.1_37445323_37853017_0	0.0592403274779298 Reich
I16553 HG01978#1#JAGYVS010000002.1_51519970_52021951_0$HG01109#2#JAHEOZ010000047.1_16671232_17151375_0	0.0592386970332742 Reich
I16553 HG02145#1#JAHKSG010000134.1_2102465_2647653_1$HG03710.verkko_filt_pat.fa:haplotype2_0000488_101614437_102218208_0	0.0592381045540192 Reich
I16553 HG03492#1#JAHEPI010000180.1_2103395_2543326_1$HG03927.verkko_filt_mat.fa:haplotype1_0000009_134765170_135173010_1	0.0592357786720269 Reich
I16553 HG02145#2#JAHKSF010000206.1_1005292_1413195_1$HG03492#1#JAHEPI010000180.1_2103395_2543326_1	0.0592357578522372 Reich
I16553 HG01109#2#JAHEOZ010000047.1_16671232_17151375_0$HG02071.verkko_filt_pat.fa:haplotype2_0000736_102745972_103248026_0	0.0592350329564447 Reich
I16553 AV_HG01361#haplotype2#0001322:101872897_102186552$HG02559#2#JAGYVJ010000037.1_52167780_52574597_1	0.0592337219807999 Reich
I16553 HG02071.verkko_filt_mat.fa:haplotype1_0000041_103610513_104018399_0$HG02647.verkko_filt_pat.fa:haplotype2_0000857_103738150_104051769_0	0.0592305741150612 Reich
I16553 HG00741#1#JAHALY010000007.1_18781197_19307680_1$HG01258#2#JAGYYU010000072.1_51562603_51970395_0	0.0592303458172533 Reich
I16553 HG02723#1#JAHEOU010000204.1_2102082_2414876_1$HG03579#1#JAGYVU010000029.1_91404_499180_0	0.0592180939709682 Reich
I16553 HG01928#1#JAGYVQ010000053.1_16676493_17083407_0$HG02055#2#JAHEPJ010000017.1_24870122_25298560_1	0.0592117945031601 Reich
I16553 HG002.verkko_filt_mat.fa:haplotype1_0000005_138228497_138636354_1$HG02809.verkko_filt_pat.fa:haplotype2_0001251_103421111_103827972_0	0.0592059964964747 Reich
I16553 HG01928#1#JAGYVQ010000053.1_16676493_17083407_0$HG02809.verkko_filt_pat.fa:haplotype2_0001251_103421111_103827972_0	0.0592031462957643 Reich
I16553 HG01109#2#JAHEOZ010000047.1_16671232_17151375_0$HG04228.verkko_filt_mat.fa:haplotype1_0000023_103429213_103930285_0	0.0591954839506210 Reich
I16553 NA18906#1#JAHEOO010000054.1_2103477_2510435_1$HG00733#1#JAHEPQ010000019.1_46106835_46420495_0	0.0591909792353476 Reich
I16553 HG02622#1#JAHAOO010000002.1_16673678_17080663_0$HG01358#1#JAGYZB010000020.1_27445742_27855492_1	0.0591909627771003 Reich
I16553 HG01978#2#JAGYVR010000007.1_51532241_51939176_0$HG02293.verkko_filt_mat.fa:haplotype1_0000039_30204405_30517145_1	0.0591904940500908 Reich
I16553 HG005#1#JAHEPO010000002.1_51519219_51926067_0$HG02622#2#JAHAON010000012.1_51551779_52031001_0	0.0591888140503386 Reich
I16553 HG01123#1#JAGYYZ010000015.1_51528240_51935090_0$HG02109#2#JAHEPF010000078.1_16678387_16991144_0	0.0591863641620423 Reich
I16553 chr1_hg38_103456064_103863972_0$HG02647.verkko_filt_pat.fa:haplotype2_0000857_103738150_104051769_0	0.0591852022032478 Reich
I16553 chr1_hg19_103998686_104406594_0$HG02647.verkko_filt_pat.fa:haplotype2_0000857_103738150_104051769_0	0.0591852022032478 Reich
I16553 HG02055#2#JAHEPJ010000017.1_24870122_25298560_1$HG005#2#JAHEPN010000023.1_51542210_51950070_0	0.0591822796274799 Reich
I16553 HG03098#2#JAHEPL010000003.1_93803759_94117426_0$HG01123#1#JAGYYZ010000015.1_51528240_51935090_0	0.0591800978519583 Reich
I16553 HG01071#1#JAHBCF010000053.1_26607100_27108065_1$HG02809.verkko_filt_mat.fa:haplotype1_0000023_94161320_94589755_0	0.0591796426637547 Reich
I16553 AV_HG02257#haplotype2#0001152:102843493_103251377$HG03492#1#JAHEPI010000180.1_2103395_2543326_1	0.0591758727917698 Reich
I16553 HG03098#2#JAHEPL010000003.1_93803759_94117426_0$HG03579#1#JAGYVU010000029.1_91404_499180_0	0.0591724950911596 Reich
I16553 HG02055#2#JAHEPJ010000017.1_24870122_25298560_1$HG02300.verkko_filt_mat.fa:haplotype1_0000028_144052837_144460586_1	0.0591715546222097 Reich
I16553 HG00741#2#JAHALX010000013.1_51574319_51981226_0$HG00733#1#JAHEPQ010000019.1_46106835_46420495_0	0.0591701378214644 Reich
I16553 AV_HG01175#haplotype1#0000070:46006269_46414083$HG02055#2#JAHEPJ010000017.1_24870122_25298560_1	0.0591661445685931 Reich
I16553 HG03579#2#JAGYVT010000094.1_51581892_51895531_0$HG02486#2#JAGYVL010000029.1_94163344_94570162_0	0.0591652354949791 Reich
I16553 HG00621#2#JAHBCC010000031.1_16669999_17077865_0$HG02055#2#JAHEPJ010000017.1_24870122_25298560_1	0.0591636167598340 Reich
I16553 HG00733#1#JAHEPQ010000019.1_46106835_46420495_0$HG02717#2#JAHAOR010000006.1_19663827_20070693_1	0.0591587270499646 Reich
I16553 HG02055#2#JAHEPJ010000017.1_24870122_25298560_1$HG01099.verkko_filt_mat.fa:haplotype1_0000034_142513097_142920876_1	0.0591583805032393 Reich
I16553 HG02080#1#JAHEOW010000048.1_16689583_17097287_0$HG02293.verkko_filt_mat.fa:haplotype1_0000039_30204405_30517145_1	0.0591579711389859 Reich
I16553 NA18906#1#JAHEOO010000054.1_2103477_2510435_1$HG03710.verkko_filt_mat.fa:haplotype1_0000029_102593394_102907063_0	0.0591572220298634 Reich
I16553 HG02080#2#JAHEOV010000017.1_16662177_17164189_0$HG01109#2#JAHEOZ010000047.1_16671232_17151375_0	0.0591570963628442 Reich
I16553 HG03492#1#JAHEPI010000180.1_2103395_2543326_1$HG02818#1#JAHEOS010000101.1_89626_496613_0	0.0591550464441113 Reich
I16553 HG02622#2#JAHAON010000012.1_51551779_52031001_0$HG01123#1#JAGYYZ010000015.1_51528240_51935090_0	0.0591535606786338 Reich
I16553 HG03579#2#JAGYVT010000094.1_51581892_51895531_0$HG02886#1#JAHAOU010000178.1_62411_469262_0	0.0591535502473006 Reich
I16553 HG02109#1#JAHEPG010000026.1_16673035_17080816_0$NA18906#1#JAHEOO010000054.1_2103477_2510435_1	0.0591530149785399 Reich
I16553 AV_HG01361#haplotype2#0001322:101872897_102186552$HG01978#2#JAGYVR010000007.1_51532241_51939176_0	0.0591515189673681 Reich
I16553 NA18906#2#JAHEON010000009.1_93748295_94249275_0$HG03710.verkko_filt_pat.fa:haplotype2_0000488_101614437_102218208_0	0.0591513205633195 Reich
I16553 HG002.verkko_filt_mat.fa:haplotype1_0000005_138228497_138636354_1$HG02647.verkko_filt_mat.fa:haplotype1_0000002_103892584_104321036_0	0.0591512903905805 Reich
I16553 HG005#2#JAHEPN010000023.1_51542210_51950070_0$HG02809.verkko_filt_pat.fa:haplotype2_0001251_103421111_103827972_0	0.0591499655724122 Reich
I16553 HG03453#1#JAGYVW010000157.1_2105722_2585000_1$HG02293.verkko_filt_pat.fa:haplotype2_0000836_148310532_148812524_1	0.0591431898518802 Reich
I16553 HG03098#1#JAHEPM010000059.1_16676208_17105596_0$HG03516#1#JAGYYT010000012.1_24170958_24578778_1	0.0591417925698030 Reich
I16553 HG01928#1#JAGYVQ010000053.1_16676493_17083407_0$HG02647.verkko_filt_mat.fa:haplotype1_0000002_103892584_104321036_0	0.0591343178358030 Reich
I16553 AV_HG01175#haplotype1#0000070:46006269_46414083$HG02809.verkko_filt_pat.fa:haplotype2_0001251_103421111_103827972_0	0.0591308891103021 Reich
I16553 HG00621#2#JAHBCC010000031.1_16669999_17077865_0$HG02809.verkko_filt_pat.fa:haplotype2_0001251_103421111_103827972_0	0.0591235193364306 Reich
I16553 HG03453#1#JAGYVW010000157.1_2105722_2585000_1$HG02071.verkko_filt_pat.fa:haplotype2_0000736_102745972_103248026_0	0.0591186614357626 Reich
I16553 HG03453#1#JAGYVW010000157.1_2105722_2585000_1$HG01978#1#JAGYVS010000002.1_51519970_52021951_0	0.0591180311573145 Reich
I16553 AV_HG01361#haplotype2#0001322:101872897_102186552$HG03516#1#JAGYYT010000012.1_24170958_24578778_1	0.0591179489206777 Reich
I16553 HG03492#1#JAHEPI010000180.1_2103395_2543326_1$HG02717#2#JAHAOR010000006.1_19663827_20070693_1	0.0591116822456937 Reich
I16553 HG03492#1#JAHEPI010000180.1_2103395_2543326_1$HG00741#2#JAHALX010000013.1_51574319_51981226_0	0.0591069844795662 Reich
I16553 HG02630#1#JAHAOQ010000102.1_16672145_17079089_0$HG00733#1#JAHEPQ010000019.1_46106835_46420495_0	0.0591049680296208 Reich
I16553 HG02145#2#JAHKSF010000206.1_1005292_1413195_1$HG00733#1#JAHEPQ010000019.1_46106835_46420495_0	0.0591046154506401 Reich
I16553 HG03486#1#JAHEOQ010000123.1_16677696_17085575_0$HG03579#2#JAGYVT010000094.1_51581892_51895531_0	0.0591039984926095 Reich
I16553 HG00733#1#JAHEPQ010000019.1_46106835_46420495_0$HG03927.verkko_filt_mat.fa:haplotype1_0000009_134765170_135173010_1	0.0591034952222374 Reich
I16553 HG02818#2#JAHEOR010000010.1_31775319_32183091_1$HG02809.verkko_filt_mat.fa:haplotype1_0000023_94161320_94589755_0	0.0590981447888597 Reich
I16553 HG02486#2#JAGYVL010000029.1_94163344_94570162_0$HG02647.verkko_filt_pat.fa:haplotype2_0000857_103738150_104051769_0	0.0590957081132286 Reich
I16553 HG01109#2#JAHEOZ010000047.1_16671232_17151375_0$HG03927.verkko_filt_pat.fa:haplotype2_0000800_29002142_29504057_1	0.0590947068839586 Reich
I16553 HG005#2#JAHEPN010000023.1_51542210_51950070_0$HG02647.verkko_filt_mat.fa:haplotype1_0000002_103892584_104321036_0	0.0590946611120007 Reich
I16553 HG02559#2#JAGYVJ010000037.1_52167780_52574597_1$HG03098#1#JAHEPM010000059.1_16676208_17105596_0	0.0590943746925406 Reich
I16553 HG02109#1#JAHEPG010000026.1_16673035_17080816_0$HG03927.verkko_filt_mat.fa:haplotype1_0000009_134765170_135173010_1	0.0590927256851505 Reich
I16553 HG02300.verkko_filt_mat.fa:haplotype1_0000028_144052837_144460586_1$HG02809.verkko_filt_pat.fa:haplotype2_0001251_103421111_103827972_0	0.0590919021791987 Reich
I16553 HG02300.verkko_filt_mat.fa:haplotype1_0000028_144052837_144460586_1$HG02647.verkko_filt_mat.fa:haplotype1_0000002_103892584_104321036_0	0.0590868812273705 Reich
I16553 HG02886#1#JAHAOU010000178.1_62411_469262_0$HG02647.verkko_filt_pat.fa:haplotype2_0000857_103738150_104051769_0	0.0590840321340610 Reich
I16553 HG02717#1#JAHAOS010000015.1_16660311_17067250_0$HG00733#1#JAHEPQ010000019.1_46106835_46420495_0	0.0590833766195063 Reich
I16553 AV_HG01175#haplotype1#0000070:46006269_46414083$HG02647.verkko_filt_mat.fa:haplotype1_0000002_103892584_104321036_0	0.0590825228130982 Reich
I16553 HG01099.verkko_filt_mat.fa:haplotype1_0000034_142513097_142920876_1$HG02809.verkko_filt_pat.fa:haplotype2_0001251_103421111_103827972_0	0.0590815828957248 Reich
I16553 HG00621#2#JAHBCC010000031.1_16669999_17077865_0$HG02647.verkko_filt_mat.fa:haplotype1_0000002_103892584_104321036_0	0.0590744330569115 Reich
I16553 HG02717#1#JAHAOS010000015.1_16660311_17067250_0$HG02109#1#JAHEPG010000026.1_16673035_17080816_0	0.0590739697485402 Reich
I16553 HG03098#1#JAHEPM010000059.1_16676208_17105596_0$HG01978#2#JAGYVR010000007.1_51532241_51939176_0	0.0590720760753922 Reich
I16553 HG02071.verkko_filt_mat.fa:haplotype1_0000041_103610513_104018399_0$HG02809.verkko_filt_mat.fa:haplotype1_0000023_94161320_94589755_0	0.0590709454390130 Reich
I16553 HG02630#1#JAHAOQ010000102.1_16672145_17079089_0$HG02109#1#JAHEPG010000026.1_16673035_17080816_0	0.0590693050804994 Reich
I16553 HG01099.verkko_filt_mat.fa:haplotype1_0000034_142513097_142920876_1$HG02647.verkko_filt_mat.fa:haplotype1_0000002_103892584_104321036_0	0.0590671196433459 Reich
I16553 HG005#1#JAHEPO010000002.1_51519219_51926067_0$NA20129#2#JAHEPD010000155.1_90039_569275_0	0.0590652162365424 Reich
I16553 HG01109#1#JAHEPA010000099.1_2104245_2511104_1$HG01358#1#JAGYZB010000020.1_27445742_27855492_1	0.0590649542290812 Reich
I16553 HG00741#2#JAHALX010000013.1_51574319_51981226_0$HG03710.verkko_filt_mat.fa:haplotype1_0000029_102593394_102907063_0	0.0590599417945244 Reich
I16553 HG02145#2#JAHKSF010000206.1_1005292_1413195_1$HG02109#1#JAHEPG010000026.1_16673035_17080816_0	0.0590597631794439 Reich
I16553 HG02145#1#JAHKSG010000134.1_2102465_2647653_1$HG002.verkko_filt_pat.fa:haplotype2_0000649_147937390_148315979_1	0.0590554497429733 Reich
I16553 HG02559#1#JAGYVK010000012.1_51505852_51913611_0$HG02055#2#JAHEPJ010000017.1_24870122_25298560_1	0.0590550668637235 Reich
I16553 AV_HG01361#haplotype2#0001322:101872897_102186552$HG03516#2#JAGYYS010000004.1_24452130_24859892_1	0.0590550668044795 Reich
I16553 HG03453#1#JAGYVW010000157.1_2105722_2585000_1$HG04228.verkko_filt_mat.fa:haplotype1_0000023_103429213_103930285_0	0.0590529180517127 Reich
I16553 HG02717#1#JAHAOS010000015.1_16660311_17067250_0$HG03710.verkko_filt_mat.fa:haplotype1_0000029_102593394_102907063_0	0.0590519787675426 Reich
I16553 HG02630#1#JAHAOQ010000102.1_16672145_17079089_0$HG03710.verkko_filt_mat.fa:haplotype1_0000029_102593394_102907063_0	0.0590500889288445 Reich
I16553 HG03492#1#JAHEPI010000180.1_2103395_2543326_1$HG02622#1#JAHAOO010000002.1_16673678_17080663_0	0.0590460132493445 Reich
I16553 HG02145#2#JAHKSF010000206.1_1005292_1413195_1$HG03710.verkko_filt_mat.fa:haplotype1_0000029_102593394_102907063_0	0.0590453649584524 Reich
I16553 HG03453#1#JAGYVW010000157.1_2105722_2585000_1$HG02080#2#JAHEOV010000017.1_16662177_17164189_0	0.0590432253855670 Reich
I16553 AV_HG00673#haplotype1#0000019:16627360_17129375$HG01109#2#JAHEOZ010000047.1_16671232_17151375_0	0.0590412571927652 Reich
I16553 HG02717#2#JAHAOR010000006.1_19663827_20070693_1$HG03710.verkko_filt_mat.fa:haplotype1_0000029_102593394_102907063_0	0.0590400269987182 Reich
I16553 HG03540#2#JAGYVX010000148.1_1368955_1877115_0$NA18906#2#JAHEON010000009.1_93748295_94249275_0	0.0590355165101341 Reich
I16553 HG03486#1#JAHEOQ010000123.1_16677696_17085575_0$HG02647.verkko_filt_pat.fa:haplotype2_0000857_103738150_104051769_0	0.0590344400843910 Reich
I16553 NA20129#2#JAHEPD010000155.1_90039_569275_0$HG01123#1#JAGYYZ010000015.1_51528240_51935090_0	0.0590269228126593 Reich
I16553 HG02109#1#JAHEPG010000026.1_16673035_17080816_0$HG00741#2#JAHALX010000013.1_51574319_51981226_0	0.0590232654506761 Reich
I16553 HG00733#1#JAHEPQ010000019.1_46106835_46420495_0$HG02818#1#JAHEOS010000101.1_89626_496613_0	0.0590194987982530 Reich
I16553 HG005#1#JAHEPO010000002.1_51519219_51926067_0$HG01123#2#JAGYYY010000006.1_51579630_51892388_0	0.0590189994753022 Reich
I16553 HG02109#1#JAHEPG010000026.1_16673035_17080816_0$HG02717#2#JAHAOR010000006.1_19663827_20070693_1	0.0590186240392516 Reich
I16553 HG00438#2#JAHBCA010000012.1_51513023_51826723_0$NA18906#1#JAHEOO010000054.1_2103477_2510435_1	0.0590111985740038 Reich
I16553 HG02055#2#JAHEPJ010000017.1_24870122_25298560_1$NA19240#1#JAHEOM010000047.1_30103390_30511199_1	0.0590097699659277 Reich
I16553 AV_HG00673#haplotype2#0001165:24014011_24421797$HG02293.verkko_filt_mat.fa:haplotype1_0000039_30204405_30517145_1	0.0590092230295132 Reich
I16553 AV_HG02257#haplotype2#0001152:102843493_103251377$HG00733#1#JAHEPQ010000019.1_46106835_46420495_0	0.0590062955417772 Reich
I16553 AV_HG02257#haplotype2#0001152:102843493_103251377$HG02109#1#JAHEPG010000026.1_16673035_17080816_0	0.0590038708712771 Reich
I16553 HG03098#1#JAHEPM010000059.1_16676208_17105596_0$HG03516#2#JAGYYS010000004.1_24452130_24859892_1	0.0590024818771242 Reich
I16553 chr1_hg38_103456064_103863972_0$HG02809.verkko_filt_mat.fa:haplotype1_0000023_94161320_94589755_0	0.0590002636030330 Reich
I16553 chr1_hg19_103998686_104406594_0$HG02809.verkko_filt_mat.fa:haplotype1_0000023_94161320_94589755_0	0.0590002636030330 Reich
I16553 HG02559#1#JAGYVK010000012.1_51505852_51913611_0$HG02809.verkko_filt_pat.fa:haplotype2_0001251_103421111_103827972_0	0.0589994673965035 Reich
I16553 HG01109#2#JAHEOZ010000047.1_16671232_17151375_0$HG03710.verkko_filt_pat.fa:haplotype2_0000488_101614437_102218208_0	0.0589982079920463 Reich
I16553 HG03579#1#JAGYVU010000029.1_91404_499180_0$HG02293.verkko_filt_mat.fa:haplotype1_0000039_30204405_30517145_1	0.0589968145610759 Reich
I16553 AV_HG01106#haplotype2#0000932:16673968_17175925$HG01109#2#JAHEOZ010000047.1_16671232_17151375_0	0.0589956919342017 Reich
I16553 HG02109#1#JAHEPG010000026.1_16673035_17080816_0$HG02818#1#JAHEOS010000101.1_89626_496613_0	0.0589953094643493 Reich
I16553 HG00438#2#JAHBCA010000012.1_51513023_51826723_0$HG00741#2#JAHALX010000013.1_51574319_51981226_0	0.0589934962334444 Reich
I16553 HG00438#2#JAHBCA010000012.1_51513023_51826723_0$HG02717#2#JAHAOR010000006.1_19663827_20070693_1	0.0589892980857541 Reich
I16553 HG02622#2#JAHAON010000012.1_51551779_52031001_0$NA18906#1#JAHEOO010000054.1_2103477_2510435_1	0.0589892644665919 Reich
I16553 HG02723#2#JAHEOT010000034.1_19776337_20321518_1$HG01258#1#JAGYYV010000004.1_56955948_57456952_1	0.0589871531337761 Reich
I16553 HG03710.verkko_filt_mat.fa:haplotype1_0000029_102593394_102907063_0$HG03927.verkko_filt_mat.fa:haplotype1_0000009_134765170_135173010_1	0.0589817129535025 Reich
I16553 HG00438#1#JAHBCB010000015.1_33474867_33954171_0$HG03098#1#JAHEPM010000059.1_16676208_17105596_0	0.0589808780785257 Reich
I16553 HG02055#2#JAHEPJ010000017.1_24870122_25298560_1$HG02300.verkko_filt_pat.fa:haplotype2_0000620_143362344_143769323_1	0.0589744042533061 Reich
I16553 HG02622#2#JAHAON010000012.1_51551779_52031001_0$HG03927.verkko_filt_mat.fa:haplotype1_0000009_134765170_135173010_1	0.0589742669290130 Reich
I16553 HG03453#1#JAGYVW010000157.1_2105722_2585000_1$HG03927.verkko_filt_pat.fa:haplotype2_0000800_29002142_29504057_1	0.0589723634562594 Reich
I16553 HG01123#2#JAGYYY010000006.1_51579630_51892388_0$HG01123#1#JAGYYZ010000015.1_51528240_51935090_0	0.0589720210894015 Reich
I16553 HG03492#2#JAHEPH010000288.1_2098270_2432686_1$HG01258#2#JAGYYU010000072.1_51562603_51970395_0	0.0589716073662554 Reich
I16553 HG02109#2#JAHEPF010000078.1_16678387_16991144_0$HG03927.verkko_filt_mat.fa:haplotype1_0000009_134765170_135173010_1	0.0589697686871209 Reich
I16553 HG02080#1#JAHEOW010000048.1_16689583_17097287_0$HG03098#1#JAHEPM010000059.1_16676208_17105596_0	0.0589676004593025 Reich
I16553 HG02818#1#JAHEOS010000101.1_89626_496613_0$HG03710.verkko_filt_mat.fa:haplotype1_0000029_102593394_102907063_0	0.0589656098538194 Reich
I16553 AV_HG02257#haplotype2#0001152:102843493_103251377$HG03710.verkko_filt_mat.fa:haplotype1_0000029_102593394_102907063_0	0.0589652335276296 Reich
I16553 NA19240#1#JAHEOM010000047.1_30103390_30511199_1$HG02809.verkko_filt_pat.fa:haplotype2_0001251_103421111_103827972_0	0.0589598804382224 Reich
I16553 HG02055#2#JAHEPJ010000017.1_24870122_25298560_1$HG02004.verkko_filt_mat.fa:haplotype1_0000022_97828542_98235483_0	0.0589590113566211 Reich
I16553 HG01928#1#JAGYVQ010000053.1_16676493_17083407_0$HG03579#2#JAGYVT010000094.1_51581892_51895531_0	0.0589543232014543 Reich
I16553 HG02559#1#JAGYVK010000012.1_51505852_51913611_0$HG02647.verkko_filt_mat.fa:haplotype1_0000002_103892584_104321036_0	0.0589537481599455 Reich
I16553 HG005#1#JAHEPO010000002.1_51519219_51926067_0$HG04228.verkko_filt_pat.fa:haplotype2_0000600_103806749_104119491_0	0.0589523108956643 Reich
I16553 HG02723#2#JAHEOT010000034.1_19776337_20321518_1$HG03540#2#JAGYVX010000148.1_1368955_1877115_0	0.0589511355418809 Reich
I16553 HG02486#2#JAGYVL010000029.1_94163344_94570162_0$HG02809.verkko_filt_mat.fa:haplotype1_0000023_94161320_94589755_0	0.0589462005418097 Reich
I16553 HG02300.verkko_filt_pat.fa:haplotype2_0000620_143362344_143769323_1$HG02809.verkko_filt_pat.fa:haplotype2_0001251_103421111_103827972_0	0.0589446445538456 Reich
I16553 HG00438#1#JAHBCB010000015.1_33474867_33954171_0$HG02622#2#JAHAON010000012.1_51551779_52031001_0	0.0589434899049040 Reich
I16553 HG02145#2#JAHKSF010000206.1_1005292_1413195_1$HG02622#2#JAHAON010000012.1_51551779_52031001_0	0.0589422264291465 Reich
I16553 HG02723#1#JAHEOU010000204.1_2102082_2414876_1$HG005#1#JAHEPO010000002.1_51519219_51926067_0	0.0589410934930848 Reich
I16553 HG02004.verkko_filt_mat.fa:haplotype1_0000022_97828542_98235483_0$HG02809.verkko_filt_pat.fa:haplotype2_0001251_103421111_103827972_0	0.0589374512892655 Reich
I16553 AV_HG02148#haplotype2#0002863:16304803_16712699$HG02055#2#JAHEPJ010000017.1_24870122_25298560_1	0.0589371382798755 Reich
I16553 HG02886#1#JAHAOU010000178.1_62411_469262_0$HG02809.verkko_filt_mat.fa:haplotype1_0000023_94161320_94589755_0	0.0589359077044344 Reich
I16553 AV_HG00673#haplotype1#0000019:16627360_17129375$HG03453#1#JAGYVW010000157.1_2105722_2585000_1	0.0589266825658831 Reich
I16553 HG00438#2#JAHBCA010000012.1_51513023_51826723_0$HG03927.verkko_filt_mat.fa:haplotype1_0000009_134765170_135173010_1	0.0589250263769475 Reich
I16553 HG03579#2#JAGYVT010000094.1_51581892_51895531_0$HG002.verkko_filt_mat.fa:haplotype1_0000005_138228497_138636354_1	0.0589234712514071 Reich
I16553 HG02630#1#JAHAOQ010000102.1_16672145_17079089_0$HG00438#2#JAHBCA010000012.1_51513023_51826723_0	0.0589223416161156 Reich
I16553 HG02717#1#JAHAOS010000015.1_16660311_17067250_0$HG00438#2#JAHBCA010000012.1_51513023_51826723_0	0.0589204590349978 Reich
I16553 HG02717#1#JAHAOS010000015.1_16660311_17067250_0$HG02622#2#JAHAON010000012.1_51551779_52031001_0	0.0589192558107886 Reich
I16553 HG02630#1#JAHAOQ010000102.1_16672145_17079089_0$HG02622#2#JAHAON010000012.1_51551779_52031001_0	0.0589179393495785 Reich
I16553 NA19240#1#JAHEOM010000047.1_30103390_30511199_1$HG02647.verkko_filt_mat.fa:haplotype1_0000002_103892584_104321036_0	0.0589175265100195 Reich
I16553 HG02145#2#JAHKSF010000206.1_1005292_1413195_1$HG00438#2#JAHBCA010000012.1_51513023_51826723_0	0.0589148708971436 Reich
I16553 NA18906#1#JAHEOO010000054.1_2103477_2510435_1$HG02109#2#JAHEPF010000078.1_16678387_16991144_0	0.0589080385235826 Reich
I16553 AV_HG02148#haplotype2#0002863:16304803_16712699$HG02809.verkko_filt_pat.fa:haplotype2_0001251_103421111_103827972_0	0.0589040148449710 Reich
I16553 HG02723#1#JAHEOU010000204.1_2102082_2414876_1$HG01123#1#JAGYYZ010000015.1_51528240_51935090_0	0.0589038128250954 Reich
I16553 HG02622#1#JAHAOO010000002.1_16673678_17080663_0$HG00733#1#JAHEPQ010000019.1_46106835_46420495_0	0.0589024879502973 Reich
I16553 HG01123#1#JAGYYZ010000015.1_51528240_51935090_0$HG04228.verkko_filt_pat.fa:haplotype2_0000600_103806749_104119491_0	0.0589023163991920 Reich
I16553 HG03486#1#JAHEOQ010000123.1_16677696_17085575_0$HG02809.verkko_filt_mat.fa:haplotype1_0000023_94161320_94589755_0	0.0589011983152365 Reich
I16553 HG02109#1#JAHEPG010000026.1_16673035_17080816_0$HG02622#1#JAHAOO010000002.1_16673678_17080663_0	0.0588979720957825 Reich
I16553 HG03098#2#JAHEPL010000003.1_93803759_94117426_0$NA18906#1#JAHEOO010000054.1_2103477_2510435_1	0.0588926094148993 Reich
I16553 HG02300.verkko_filt_pat.fa:haplotype2_0000620_143362344_143769323_1$HG02647.verkko_filt_mat.fa:haplotype1_0000002_103892584_104321036_0	0.0588860829653546 Reich
I16553 HG005#1#JAHEPO010000002.1_51519219_51926067_0$HG02293.verkko_filt_mat.fa:haplotype1_0000039_30204405_30517145_1	0.0588852398934143 Reich
I16553 HG01928#1#JAGYVQ010000053.1_16676493_17083407_0$HG02647.verkko_filt_pat.fa:haplotype2_0000857_103738150_104051769_0	0.0588839726308554 Reich
I16553 AV_HG01361#haplotype2#0001322:101872897_102186552$HG02080#1#JAHEOW010000048.1_16689583_17097287_0	0.0588836206930417 Reich
I16553 HG01109#1#JAHEPA010000099.1_2104245_2511104_1$HG03492#1#JAHEPI010000180.1_2103395_2543326_1	0.0588826827744578 Reich
I16553 HG02622#2#JAHAON010000012.1_51551779_52031001_0$HG00741#2#JAHALX010000013.1_51574319_51981226_0	0.0588798040386481 Reich
I16553 AV_HG02257#haplotype2#0001152:102843493_103251377$HG02622#2#JAHAON010000012.1_51551779_52031001_0	0.0588786741831148 Reich
I16553 HG01071#1#JAHBCF010000053.1_26607100_27108065_1$HG02809.verkko_filt_pat.fa:haplotype2_0001251_103421111_103827972_0	0.0588778031942934 Reich
I16553 AV_HG01106#haplotype2#0000932:16673968_17175925$HG03453#1#JAGYVW010000157.1_2105722_2585000_1	0.0588722533701911 Reich
I16553 HG00741#1#JAHALY010000007.1_18781197_19307680_1$HG02886#2#JAHAOT010000031.1_87393_401061_0	0.0588715379988438 Reich
I16553 HG02004.verkko_filt_mat.fa:haplotype1_0000022_97828542_98235483_0$HG02647.verkko_filt_mat.fa:haplotype1_0000002_103892584_104321036_0	0.0588712423766434 Reich
I16553 HG03579#2#JAGYVT010000094.1_51581892_51895531_0$HG005#2#JAHEPN010000023.1_51542210_51950070_0	0.0588655671045091 Reich
I16553 NA20129#2#JAHEPD010000155.1_90039_569275_0$NA18906#1#JAHEOO010000054.1_2103477_2510435_1	0.0588637437290448 Reich
I16553 AV_HG00673#haplotype2#0001165:24014011_24421797$HG03098#1#JAHEPM010000059.1_16676208_17105596_0	0.0588616960824293 Reich
I16553 HG02622#2#JAHAON010000012.1_51551779_52031001_0$HG02818#1#JAHEOS010000101.1_89626_496613_0	0.0588593522624760 Reich
I16553 HG02622#2#JAHAON010000012.1_51551779_52031001_0$HG02717#2#JAHAOR010000006.1_19663827_20070693_1	0.0588534028185620 Reich
I16553 HG02647.verkko_filt_pat.fa:haplotype2_0000857_103738150_104051769_0$HG002.verkko_filt_mat.fa:haplotype1_0000005_138228497_138636354_1	0.0588523118603412 Reich
I16553 NA20129#2#JAHEPD010000155.1_90039_569275_0$HG03927.verkko_filt_mat.fa:haplotype1_0000009_134765170_135173010_1	0.0588490480473881 Reich
I16553 HG02630#2#JAHAOP010000089.1_16669255_17076135_0$HG02055#2#JAHEPJ010000017.1_24870122_25298560_1	0.0588488065071545 Reich
I16553 AV_HG02148#haplotype2#0002863:16304803_16712699$HG02647.verkko_filt_mat.fa:haplotype1_0000002_103892584_104321036_0	0.0588457986579809 Reich
I16553 HG03453#2#JAGYVV010000088.1_22597550_23005370_1$HG02055#2#JAHEPJ010000017.1_24870122_25298560_1	0.0588451267083397 Reich
I16553 HG02622#1#JAHAOO010000002.1_16673678_17080663_0$HG03710.verkko_filt_mat.fa:haplotype1_0000029_102593394_102907063_0	0.0588414380247523 Reich
I16553 HG03486#2#JAHEOP010000248.1_2105565_2584784_1$HG01258#1#JAGYYV010000004.1_56955948_57456952_1	0.0588409255809944 Reich
I16553 HG00438#2#JAHBCA010000012.1_51513023_51826723_0$HG02818#1#JAHEOS010000101.1_89626_496613_0	0.0588344297355198 Reich
I16553 NA20129#2#JAHEPD010000155.1_90039_569275_0$HG00438#1#JAHBCB010000015.1_33474867_33954171_0	0.0588310944873571 Reich
I16553 AV_HG01361#haplotype1#0000023:101593539_102001341$HG02055#2#JAHEPJ010000017.1_24870122_25298560_1	0.0588309246205971 Reich
I16553 HG01123#1#JAGYYZ010000015.1_51528240_51935090_0$HG02293.verkko_filt_mat.fa:haplotype1_0000039_30204405_30517145_1	0.0588299320342874 Reich
I16553 AV_HG02257#haplotype2#0001152:102843493_103251377$HG00438#2#JAHBCA010000012.1_51513023_51826723_0	0.0588243113580314 Reich
I16553 HG02145#2#JAHKSF010000206.1_1005292_1413195_1$HG02109#2#JAHEPF010000078.1_16678387_16991144_0	0.0588231874160899 Reich
I16553 HG03453#1#JAGYVW010000157.1_2105722_2585000_1$HG03710.verkko_filt_pat.fa:haplotype2_0000488_101614437_102218208_0	0.0588207974415232 Reich
I16553 HG02630#2#JAHAOP010000089.1_16669255_17076135_0$HG02809.verkko_filt_pat.fa:haplotype2_0001251_103421111_103827972_0	0.0588175881466130 Reich
I16553 HG02145#2#JAHKSF010000206.1_1005292_1413195_1$NA20129#2#JAHEPD010000155.1_90039_569275_0	0.0588168234413532 Reich
I16553 HG01243#1#JAHEOY010000013.1_90081_424495_0$HG01258#2#JAGYYU010000072.1_51562603_51970395_0	0.0588144311730702 Reich
I16553 AV_HG01175#haplotype1#0000070:46006269_46414083$HG03579#2#JAGYVT010000094.1_51581892_51895531_0	0.0588109705800571 Reich
I16553 HG02818#2#JAHEOR010000010.1_31775319_32183091_1$HG03486#2#JAHEOP010000248.1_2105565_2584784_1	0.0588097597596985 Reich
I16553 HG03579#2#JAGYVT010000094.1_51581892_51895531_0$HG02300.verkko_filt_mat.fa:haplotype1_0000028_144052837_144460586_1	0.0588085900824671 Reich
I16553 HG02717#1#JAHAOS010000015.1_16660311_17067250_0$HG02109#2#JAHEPF010000078.1_16678387_16991144_0	0.0588053398802079 Reich
I16553 HG00621#2#JAHBCC010000031.1_16669999_17077865_0$HG03579#2#JAGYVT010000094.1_51581892_51895531_0	0.0588049645577191 Reich
I16553 HG02630#1#JAHAOQ010000102.1_16672145_17079089_0$HG02109#2#JAHEPF010000078.1_16678387_16991144_0	0.0587997107973382 Reich
I16553 AV_HG01361#haplotype2#0001322:101872897_102186552$HG03579#1#JAGYVU010000029.1_91404_499180_0	0.0587995994693545 Reich
I16553 HG03453#2#JAGYVV010000088.1_22597550_23005370_1$HG02809.verkko_filt_pat.fa:haplotype2_0001251_103421111_103827972_0	0.0587990136731328 Reich
I16553 HG005#2#JAHEPN010000023.1_51542210_51950070_0$HG02647.verkko_filt_pat.fa:haplotype2_0000857_103738150_104051769_0	0.0587982099815640 Reich
I16553 HG02717#1#JAHAOS010000015.1_16660311_17067250_0$HG03098#2#JAHEPL010000003.1_93803759_94117426_0	0.0587980530666516 Reich
I16553 HG03579#2#JAGYVT010000094.1_51581892_51895531_0$HG01099.verkko_filt_mat.fa:haplotype1_0000034_142513097_142920876_1	0.0587957958714852 Reich
I16553 HG03486#2#JAHEOP010000248.1_2105565_2584784_1$HG02071.verkko_filt_mat.fa:haplotype1_0000041_103610513_104018399_0	0.0587943977436851 Reich
I16553 HG02717#1#JAHAOS010000015.1_16660311_17067250_0$NA20129#2#JAHEPD010000155.1_90039_569275_0	0.0587937779032945 Reich
I16553 HG02630#1#JAHAOQ010000102.1_16672145_17079089_0$NA20129#2#JAHEPD010000155.1_90039_569275_0	0.0587924647402968 Reich
I16553 HG03098#1#JAHEPM010000059.1_16676208_17105596_0$HG03579#1#JAGYVU010000029.1_91404_499180_0	0.0587907470881498 Reich
I16553 HG02055#2#JAHEPJ010000017.1_24870122_25298560_1$NA19240#2#JAHEOL010000010.1_37445323_37853017_0	0.0587851333736356 Reich
I16553 HG02630#1#JAHAOQ010000102.1_16672145_17079089_0$HG03098#2#JAHEPL010000003.1_93803759_94117426_0	0.0587826340787101 Reich
I16553 HG00741#2#JAHALX010000013.1_51574319_51981226_0$HG02109#2#JAHEPF010000078.1_16678387_16991144_0	0.0587818551556668 Reich
I16553 HG02622#2#JAHAON010000012.1_51551779_52031001_0$HG02622#1#JAHAOO010000002.1_16673678_17080663_0	0.0587813205731066 Reich
I16553 HG03098#2#JAHEPL010000003.1_93803759_94117426_0$HG02717#2#JAHAOR010000006.1_19663827_20070693_1	0.0587801514845157 Reich
I16553 HG01109#1#JAHEPA010000099.1_2104245_2511104_1$HG02109#1#JAHEPG010000026.1_16673035_17080816_0	0.0587782743906639 Reich
I16553 HG02109#2#JAHEPF010000078.1_16678387_16991144_0$HG02717#2#JAHAOR010000006.1_19663827_20070693_1	0.0587749863589220 Reich
I16553 HG03098#2#JAHEPL010000003.1_93803759_94117426_0$HG00741#2#JAHALX010000013.1_51574319_51981226_0	0.0587734956484694 Reich
I16553 HG02145#2#JAHKSF010000206.1_1005292_1413195_1$HG03098#2#JAHEPL010000003.1_93803759_94117426_0	0.0587685923981671 Reich
I16553 HG03453#2#JAGYVV010000088.1_22597550_23005370_1$HG02647.verkko_filt_mat.fa:haplotype1_0000002_103892584_104321036_0	0.0587587639359336 Reich
I16553 NA18906#2#JAHEON010000009.1_93748295_94249275_0$HG02071.verkko_filt_mat.fa:haplotype1_0000041_103610513_104018399_0	0.0587584600538160 Reich
I16553 NA20129#2#JAHEPD010000155.1_90039_569275_0$HG00741#2#JAHALX010000013.1_51574319_51981226_0	0.0587559378687087 Reich
I16553 HG02630#2#JAHAOP010000089.1_16669255_17076135_0$HG02647.verkko_filt_mat.fa:haplotype1_0000002_103892584_104321036_0	0.0587556005805017 Reich
I16553 HG01109#1#JAHEPA010000099.1_2104245_2511104_1$HG00733#1#JAHEPQ010000019.1_46106835_46420495_0	0.0587554952229173 Reich
I16553 AV_HG01361#haplotype1#0000023:101593539_102001341$HG02809.verkko_filt_pat.fa:haplotype2_0001251_103421111_103827972_0	0.0587554095879710 Reich
I16553 HG02818#2#JAHEOR010000010.1_31775319_32183091_1$NA18906#2#JAHEON010000009.1_93748295_94249275_0	0.0587543683599024 Reich
I16553 AV_HG02257#haplotype2#0001152:102843493_103251377$NA20129#2#JAHEPD010000155.1_90039_569275_0	0.0587529235081056 Reich
I16553 HG01123#2#JAGYYY010000006.1_51579630_51892388_0$HG03927.verkko_filt_mat.fa:haplotype1_0000009_134765170_135173010_1	0.0587503311788939 Reich
I16553 AV_HG01361#haplotype2#0001322:101872897_102186552$HG005#1#JAHEPO010000002.1_51519219_51926067_0	0.0587472833614531 Reich
I16553 HG02809.verkko_filt_mat.fa:haplotype1_0000023_94161320_94589755_0$HG002.verkko_filt_mat.fa:haplotype1_0000005_138228497_138636354_1	0.0587472227839670 Reich
I16553 AV_HG01175#haplotype1#0000070:46006269_46414083$HG02647.verkko_filt_pat.fa:haplotype2_0000857_103738150_104051769_0	0.0587405756649285 Reich
I16553 HG03579#2#JAGYVT010000094.1_51581892_51895531_0$HG00438#1#JAHBCB010000015.1_33474867_33954171_0	0.0587389217152214 Reich
I16553 chr1_hg38_103456064_103863972_0$HG03486#2#JAHEOP010000248.1_2105565_2584784_1	0.0587376892029553 Reich
I16553 chr1_hg19_103998686_104406594_0$HG03486#2#JAHEOP010000248.1_2105565_2584784_1	0.0587376892029553 Reich
I16553 AV_HG01361#haplotype1#0000023:101593539_102001341$HG02647.verkko_filt_mat.fa:haplotype1_0000002_103892584_104321036_0	0.0587369133936155 Reich
I16553 HG02647.verkko_filt_pat.fa:haplotype2_0000857_103738150_104051769_0$HG02300.verkko_filt_mat.fa:haplotype1_0000028_144052837_144460586_1	0.0587366103063292 Reich
I16553 HG00621#2#JAHBCC010000031.1_16669999_17077865_0$HG02647.verkko_filt_pat.fa:haplotype2_0000857_103738150_104051769_0	0.0587345746866563 Reich
I16553 AV_HG00673#haplotype2#0001165:24014011_24421797$AV_HG01361#haplotype2#0001322:101872897_102186552	0.0587336611949906 Reich
I16553 NA20129#2#JAHEPD010000155.1_90039_569275_0$HG02818#1#JAHEOS010000101.1_89626_496613_0	0.0587336503459224 Reich
I16553 AV_HG02257#haplotype2#0001152:102843493_103251377$HG02109#2#JAHEPF010000078.1_16678387_16991144_0	0.0587334094654502 Reich
I16553 NA20129#2#JAHEPD010000155.1_90039_569275_0$HG02717#2#JAHAOR010000006.1_19663827_20070693_1	0.0587302165891943 Reich
I16553 HG01099.verkko_filt_mat.fa:haplotype1_0000034_142513097_142920876_1$HG02647.verkko_filt_pat.fa:haplotype2_0000857_103738150_104051769_0	0.0587238278290416 Reich
I16553 HG03098#2#JAHEPL010000003.1_93803759_94117426_0$HG03927.verkko_filt_mat.fa:haplotype1_0000009_134765170_135173010_1	0.0587217638120192 Reich
I16553 HG01109#1#JAHEPA010000099.1_2104245_2511104_1$HG03710.verkko_filt_mat.fa:haplotype1_0000029_102593394_102907063_0	0.0587208049128712 Reich
I16553 HG00438#2#JAHBCA010000012.1_51513023_51826723_0$HG02622#1#JAHAOO010000002.1_16673678_17080663_0	0.0587129801173774 Reich
I16553 HG02109#2#JAHEPF010000078.1_16678387_16991144_0$HG02818#1#JAHEOS010000101.1_89626_496613_0	0.0587106117669429 Reich
I16553 HG01928#1#JAGYVQ010000053.1_16676493_17083407_0$HG02809.verkko_filt_mat.fa:haplotype1_0000023_94161320_94589755_0	0.0587089483610671 Reich
I16553 chr1_hg38_103456064_103863972_0$NA18906#2#JAHEON010000009.1_93748295_94249275_0	0.0587065402286029 Reich
I16553 chr1_hg19_103998686_104406594_0$NA18906#2#JAHEON010000009.1_93748295_94249275_0	0.0587065402286029 Reich
I16553 AV_HG01361#haplotype2#0001322:101872897_102186552$HG01123#1#JAGYYZ010000015.1_51528240_51935090_0	0.0587046364362300 Reich
I16553 NA19240#2#JAHEOL010000010.1_37445323_37853017_0$HG02809.verkko_filt_pat.fa:haplotype2_0001251_103421111_103827972_0	0.0587036908436945 Reich
I16553 AV_HG02257#haplotype2#0001152:102843493_103251377$HG03098#2#JAHEPL010000003.1_93803759_94117426_0	0.0586967359130018 Reich
I16553 NA19240#2#JAHEOL010000010.1_37445323_37853017_0$HG02647.verkko_filt_mat.fa:haplotype1_0000002_103892584_104321036_0	0.0586956581365853 Reich
I16553 HG03486#2#JAHEOP010000248.1_2105565_2584784_1$HG02486#2#JAGYVL010000029.1_94163344_94570162_0	0.0586942360911625 Reich
I16553 HG04228.verkko_filt_pat.fa:haplotype2_0000600_103806749_104119491_0$HG03927.verkko_filt_mat.fa:haplotype1_0000009_134765170_135173010_1	0.0586903741981731 Reich
I16553 HG03516#1#JAGYYT010000012.1_24170958_24578778_1$HG02055#2#JAHEPJ010000017.1_24870122_25298560_1	0.0586881184156775 Reich
I16553 HG03098#2#JAHEPL010000003.1_93803759_94117426_0$HG02818#1#JAHEOS010000101.1_89626_496613_0	0.0586866329790969 Reich
I16553 HG02886#1#JAHAOU010000178.1_62411_469262_0$HG03486#2#JAHEOP010000248.1_2105565_2584784_1	0.0586862273833605 Reich
I16553 HG005#2#JAHEPN010000023.1_51542210_51950070_0$HG02809.verkko_filt_mat.fa:haplotype1_0000023_94161320_94589755_0	0.0586811178647497 Reich
I16553 HG00438#1#JAHBCB010000015.1_33474867_33954171_0$HG02647.verkko_filt_pat.fa:haplotype2_0000857_103738150_104051769_0	0.0586775180749060 Reich
I16553 HG02559#1#JAGYVK010000012.1_51505852_51913611_0$HG03579#2#JAGYVT010000094.1_51581892_51895531_0	0.0586769091568196 Reich
I16553 HG02300.verkko_filt_mat.fa:haplotype1_0000028_144052837_144460586_1$HG02809.verkko_filt_mat.fa:haplotype1_0000023_94161320_94589755_0	0.0586763182555917 Reich
I16553 HG01099.verkko_filt_mat.fa:haplotype1_0000034_142513097_142920876_1$HG02809.verkko_filt_mat.fa:haplotype1_0000023_94161320_94589755_0	0.0586637701238309 Reich
I16553 HG02723#1#JAHEOU010000204.1_2102082_2414876_1$HG03927.verkko_filt_mat.fa:haplotype1_0000009_134765170_135173010_1	0.0586634533788686 Reich
I16553 HG00621#2#JAHBCC010000031.1_16669999_17077865_0$HG02809.verkko_filt_mat.fa:haplotype1_0000023_94161320_94589755_0	0.0586620343581146 Reich
I16553 AV_HG01175#haplotype1#0000070:46006269_46414083$HG02809.verkko_filt_mat.fa:haplotype1_0000023_94161320_94589755_0	0.0586605326484785 Reich
I16553 HG02818#2#JAHEOR010000010.1_31775319_32183091_1$HG01891#1#JAGYVO010000014.1_22855818_23168577_1	0.0586604644629152 Reich
I16553 NA20129#2#JAHEPD010000155.1_90039_569275_0$HG02622#1#JAHAOO010000002.1_16673678_17080663_0	0.0586565606408703 Reich
I16553 HG01109#1#JAHEPA010000099.1_2104245_2511104_1$HG02622#2#JAHAON010000012.1_51551779_52031001_0	0.0586540393984671 Reich
I16553 HG02723#2#JAHEOT010000034.1_19776337_20321518_1$HG02486#1#JAGYVM010000007.1_28868414_29370339_1	0.0586535399546973 Reich
I16553 NA18906#2#JAHEON010000009.1_93748295_94249275_0$HG02486#2#JAGYVL010000029.1_94163344_94570162_0	0.0586482967505879 Reich
I16553 HG03486#1#JAHEOQ010000123.1_16677696_17085575_0$HG03486#2#JAHEOP010000248.1_2105565_2584784_1	0.0586461311523107 Reich
I16553 HG02886#1#JAHAOU010000178.1_62411_469262_0$NA18906#2#JAHEON010000009.1_93748295_94249275_0	0.0586386336378887 Reich
I16553 HG03579#2#JAGYVT010000094.1_51581892_51895531_0$HG02004.verkko_filt_mat.fa:haplotype1_0000022_97828542_98235483_0	0.0586383251223497 Reich
I16553 HG005#1#JAHEPO010000002.1_51519219_51926067_0$HG03098#1#JAHEPM010000059.1_16676208_17105596_0	0.0586344099479357 Reich
I16553 HG03540#2#JAGYVX010000148.1_1368955_1877115_0$HG01109#2#JAHEOZ010000047.1_16671232_17151375_0	0.0586289388741370 Reich
I16553 HG03579#2#JAGYVT010000094.1_51581892_51895531_0$NA19240#1#JAHEOM010000047.1_30103390_30511199_1	0.0586216500830346 Reich
I16553 HG03486#1#JAHEOQ010000123.1_16677696_17085575_0$NA18906#2#JAHEON010000009.1_93748295_94249275_0	0.0586177131428992 Reich
I16553 HG03579#2#JAGYVT010000094.1_51581892_51895531_0$HG02300.verkko_filt_pat.fa:haplotype2_0000620_143362344_143769323_1	0.0586165750998412 Reich
I16553 HG03516#1#JAGYYT010000012.1_24170958_24578778_1$HG02809.verkko_filt_pat.fa:haplotype2_0001251_103421111_103827972_0	0.0586106007938700 Reich
I16553 HG01123#1#JAGYYZ010000015.1_51528240_51935090_0$HG03098#1#JAHEPM010000059.1_16676208_17105596_0	0.0586087591880872 Reich
I16553 HG02559#1#JAGYVK010000012.1_51505852_51913611_0$HG02647.verkko_filt_pat.fa:haplotype2_0000857_103738150_104051769_0	0.0586065445525001 Reich
I16553 HG02622#1#JAHAOO010000002.1_16673678_17080663_0$HG02109#2#JAHEPF010000078.1_16678387_16991144_0	0.0586044485869480 Reich
I16553 HG01891#1#JAGYVO010000014.1_22855818_23168577_1$HG02071.verkko_filt_mat.fa:haplotype1_0000041_103610513_104018399_0	0.0586015884392959 Reich
I16553 HG01978#2#JAGYVR010000007.1_51532241_51939176_0$HG02055#2#JAHEPJ010000017.1_24870122_25298560_1	0.0586003997730407 Reich
I16553 HG03516#1#JAGYYT010000012.1_24170958_24578778_1$HG02647.verkko_filt_mat.fa:haplotype1_0000002_103892584_104321036_0	0.0586001497046574 Reich
I16553 HG01123#2#JAGYYY010000006.1_51579630_51892388_0$NA18906#1#JAHEOO010000054.1_2103477_2510435_1	0.0585997159148609 Reich
I16553 HG01109#1#JAHEPA010000099.1_2104245_2511104_1$HG00438#2#JAHBCA010000012.1_51513023_51826723_0	0.0585836560704174 Reich
I16553 NA18906#1#JAHEOO010000054.1_2103477_2510435_1$HG04228.verkko_filt_pat.fa:haplotype2_0000600_103806749_104119491_0	0.0585824971080319 Reich
I16553 HG01978#2#JAGYVR010000007.1_51532241_51939176_0$HG02809.verkko_filt_pat.fa:haplotype2_0001251_103421111_103827972_0	0.0585768849316576 Reich
I16553 HG01258#1#JAGYYV010000004.1_56955948_57456952_1$HG02145#1#JAHKSG010000134.1_2102465_2647653_1	0.0585755923348563 Reich
I16553 HG01123#2#JAGYYY010000006.1_51579630_51892388_0$HG00741#2#JAHALX010000013.1_51574319_51981226_0	0.0585736122093595 Reich
I16553 HG02559#2#JAGYVJ010000037.1_52167780_52574597_1$HG02055#2#JAHEPJ010000017.1_24870122_25298560_1	0.0585686476701597 Reich
I16553 HG02004.verkko_filt_mat.fa:haplotype1_0000022_97828542_98235483_0$HG02647.verkko_filt_pat.fa:haplotype2_0000857_103738150_104051769_0	0.0585679104379860 Reich
I16553 HG03098#2#JAHEPL010000003.1_93803759_94117426_0$HG02622#1#JAHAOO010000002.1_16673678_17080663_0	0.0585676622519106 Reich
I16553 HG01258#1#JAGYYV010000004.1_56955948_57456952_1$NA18906#2#JAHEON010000009.1_93748295_94249275_0	0.0585664324132640 Reich
I16553 chr1_hg38_103456064_103863972_0$HG01891#1#JAGYVO010000014.1_22855818_23168577_1	0.0585633303030630 Reich
I16553 chr1_hg19_103998686_104406594_0$HG01891#1#JAGYVO010000014.1_22855818_23168577_1	0.0585633303030630 Reich
I16553 HG00438#1#JAHBCB010000015.1_33474867_33954171_0$HG02055#2#JAHEPJ010000017.1_24870122_25298560_1	0.0585618969386948 Reich
I16553 HG02559#1#JAGYVK010000012.1_51505852_51913611_0$HG02809.verkko_filt_mat.fa:haplotype1_0000023_94161320_94589755_0	0.0585574350334650 Reich
I16553 HG01123#2#JAGYYY010000006.1_51579630_51892388_0$HG02717#2#JAHAOR010000006.1_19663827_20070693_1	0.0585554303338861 Reich
I16553 HG03540#2#JAGYVX010000148.1_1368955_1877115_0$HG02145#1#JAHKSG010000134.1_2102465_2647653_1	0.0585536924309928 Reich
I16553 HG02559#2#JAGYVJ010000037.1_52167780_52574597_1$HG02809.verkko_filt_pat.fa:haplotype2_0001251_103421111_103827972_0	0.0585517763207043 Reich
I16553 HG03486#2#JAHEOP010000248.1_2105565_2584784_1$HG02486#1#JAGYVM010000007.1_28868414_29370339_1	0.0585517334230552 Reich
I16553 NA19240#1#JAHEOM010000047.1_30103390_30511199_1$HG02647.verkko_filt_pat.fa:haplotype2_0000857_103738150_104051769_0	0.0585505870239841 Reich
I16553 HG02145#2#JAHKSF010000206.1_1005292_1413195_1$HG01123#2#JAGYYY010000006.1_51579630_51892388_0	0.0585473579988092 Reich
I16553 HG02055#2#JAHEPJ010000017.1_24870122_25298560_1$HG03516#2#JAGYYS010000004.1_24452130_24859892_1	0.0585462528635404 Reich
I16553 HG02647.verkko_filt_pat.fa:haplotype2_0000857_103738150_104051769_0$HG02300.verkko_filt_pat.fa:haplotype2_0000620_143362344_143769323_1	0.0585460959865256 Reich
I16553 AV_HG02148#haplotype2#0002863:16304803_16712699$HG03579#2#JAGYVT010000094.1_51581892_51895531_0	0.0585365299662941 Reich
I16553 HG01109#1#JAHEPA010000099.1_2104245_2511104_1$NA20129#2#JAHEPD010000155.1_90039_569275_0	0.0585290933908436 Reich
I16553 HG00741#1#JAHALY010000007.1_18781197_19307680_1$HG00733#1#JAHEPQ010000019.1_46106835_46420495_0	0.0585229923602587 Reich
I16553 NA18906#1#JAHEOO010000054.1_2103477_2510435_1$HG02293.verkko_filt_mat.fa:haplotype1_0000039_30204405_30517145_1	0.0585224217855421 Reich
I16553 HG02630#1#JAHAOQ010000102.1_16672145_17079089_0$HG01123#2#JAGYYY010000006.1_51579630_51892388_0	0.0585146638478490 Reich
I16553 HG01978#2#JAGYVR010000007.1_51532241_51939176_0$HG02647.verkko_filt_mat.fa:haplotype1_0000002_103892584_104321036_0	0.0585128316819158 Reich
I16553 HG02723#1#JAHEOU010000204.1_2102082_2414876_1$NA18906#1#JAHEOO010000054.1_2103477_2510435_1	0.0585092997681531 Reich
I16553 HG02145#2#JAHKSF010000206.1_1005292_1413195_1$HG04228.verkko_filt_pat.fa:haplotype2_0000600_103806749_104119491_0	0.0585092997681531 Reich
I16553 NA19240#1#JAHEOM010000047.1_30103390_30511199_1$HG02809.verkko_filt_mat.fa:haplotype1_0000023_94161320_94589755_0	0.0585090880275228 Reich
I16553 HG03453#1#JAGYVW010000157.1_2105722_2585000_1$HG03540#2#JAGYVX010000148.1_1368955_1877115_0	0.0585083004306097 Reich
I16553 HG03486#2#JAHEOP010000248.1_2105565_2584784_1$HG002.verkko_filt_mat.fa:haplotype1_0000005_138228497_138636354_1	0.0585082441725294 Reich
I16553 HG02717#1#JAHAOS010000015.1_16660311_17067250_0$HG01123#2#JAGYYY010000006.1_51579630_51892388_0	0.0585045714069103 Reich
I16553 HG02080#1#JAHEOW010000048.1_16689583_17097287_0$HG02055#2#JAHEPJ010000017.1_24870122_25298560_1	0.0585031763935959 Reich
I16553 HG03579#2#JAGYVT010000094.1_51581892_51895531_0$HG02630#2#JAHAOP010000089.1_16669255_17076135_0	0.0585030733247909 Reich
I16553 HG01928#1#JAGYVQ010000053.1_16676493_17083407_0$HG03486#2#JAHEOP010000248.1_2105565_2584784_1	0.0585004682503848 Reich
I16553 HG03516#2#JAGYYS010000004.1_24452130_24859892_1$HG02809.verkko_filt_pat.fa:haplotype2_0001251_103421111_103827972_0	0.0584985441065723 Reich
I16553 HG02717#2#JAHAOR010000006.1_19663827_20070693_1$HG04228.verkko_filt_pat.fa:haplotype2_0000600_103806749_104119491_0	0.0584966468236539 Reich
I16553 NA18906#2#JAHEON010000009.1_93748295_94249275_0$HG002.verkko_filt_mat.fa:haplotype1_0000005_138228497_138636354_1	0.0584952298021898 Reich
I16553 HG02630#1#JAHAOQ010000102.1_16672145_17079089_0$HG04228.verkko_filt_pat.fa:haplotype2_0000600_103806749_104119491_0	0.0584944841863164 Reich
I16553 HG02559#2#JAGYVJ010000037.1_52167780_52574597_1$HG02647.verkko_filt_mat.fa:haplotype1_0000002_103892584_104321036_0	0.0584905954185079 Reich
I16553 HG02723#1#JAHEOU010000204.1_2102082_2414876_1$HG00741#2#JAHALX010000013.1_51574319_51981226_0	0.0584867743146078 Reich
I16553 HG00741#2#JAHALX010000013.1_51574319_51981226_0$HG04228.verkko_filt_pat.fa:haplotype2_0000600_103806749_104119491_0	0.0584845527776275 Reich
I16553 HG01928#1#JAGYVQ010000053.1_16676493_17083407_0$NA18906#2#JAHEON010000009.1_93748295_94249275_0	0.0584838425184841 Reich
I16553 HG02717#1#JAHAOS010000015.1_16660311_17067250_0$HG04228.verkko_filt_pat.fa:haplotype2_0000600_103806749_104119491_0	0.0584799229636162 Reich
I16553 HG02809.verkko_filt_mat.fa:haplotype1_0000023_94161320_94589755_0$HG02300.verkko_filt_pat.fa:haplotype2_0000620_143362344_143769323_1	0.0584783513715915 Reich
I16553 HG02723#1#JAHEOU010000204.1_2102082_2414876_1$HG02717#2#JAHAOR010000006.1_19663827_20070693_1	0.0584773390384149 Reich
I16553 HG00438#1#JAHBCB010000015.1_33474867_33954171_0$HG02647.verkko_filt_mat.fa:haplotype1_0000002_103892584_104321036_0	0.0584756093524979 Reich
I16553 HG01258#2#JAGYYU010000072.1_51562603_51970395_0$HG01358#1#JAGYZB010000020.1_27445742_27855492_1	0.0584743517711416 Reich
I16553 HG01109#1#JAHEPA010000099.1_2104245_2511104_1$HG02109#2#JAHEPF010000078.1_16678387_16991144_0	0.0584730788679460 Reich
I16553 HG02145#2#JAHKSF010000206.1_1005292_1413195_1$HG02293.verkko_filt_mat.fa:haplotype1_0000039_30204405_30517145_1	0.0584707298101055 Reich
I16553 AV_HG02148#haplotype2#0002863:16304803_16712699$HG02647.verkko_filt_pat.fa:haplotype2_0000857_103738150_104051769_0	0.0584676104188889 Reich
I16553 HG01109#1#JAHEPA010000099.1_2104245_2511104_1$HG03098#2#JAHEPL010000003.1_93803759_94117426_0	0.0584658377201663 Reich
I16553 HG03486#2#JAHEOP010000248.1_2105565_2584784_1$HG005#2#JAHEPN010000023.1_51542210_51950070_0	0.0584599531783492 Reich
I16553 HG02886#2#JAHAOT010000031.1_87393_401061_0$HG01258#2#JAGYYU010000072.1_51562603_51970395_0	0.0584597861198635 Reich
I16553 HG02004.verkko_filt_mat.fa:haplotype1_0000022_97828542_98235483_0$HG02809.verkko_filt_mat.fa:haplotype1_0000023_94161320_94589755_0	0.0584522518645612 Reich
I16553 HG02630#1#JAHAOQ010000102.1_16672145_17079089_0$HG02293.verkko_filt_mat.fa:haplotype1_0000039_30204405_30517145_1	0.0584522309793890 Reich
I16553 HG005#2#JAHEPN010000023.1_51542210_51950070_0$NA18906#2#JAHEON010000009.1_93748295_94249275_0	0.0584487842422390 Reich
I16553 AV_HG01175#haplotype1#0000070:46006269_46414083$HG03486#2#JAHEOP010000248.1_2105565_2584784_1	0.0584459617187496 Reich
I16553 HG03516#2#JAGYYS010000004.1_24452130_24859892_1$HG02647.verkko_filt_mat.fa:haplotype1_0000002_103892584_104321036_0	0.0584426443785016 Reich
I16553 HG00741#2#JAHALX010000013.1_51574319_51981226_0$HG02293.verkko_filt_mat.fa:haplotype1_0000039_30204405_30517145_1	0.0584419473778317 Reich
I16553 HG02080#1#JAHEOW010000048.1_16689583_17097287_0$HG02809.verkko_filt_pat.fa:haplotype2_0001251_103421111_103827972_0	0.0584396821355018 Reich
I16553 HG02486#2#JAGYVL010000029.1_94163344_94570162_0$HG01891#1#JAGYVO010000014.1_22855818_23168577_1	0.0584396562602121 Reich
I16553 AV_HG02257#haplotype2#0001152:102843493_103251377$HG01123#2#JAGYYY010000006.1_51579630_51892388_0	0.0584396562602121 Reich
I16553 HG00621#2#JAHBCC010000031.1_16669999_17077865_0$HG03486#2#JAHEOP010000248.1_2105565_2584784_1	0.0584385337839782 Reich
I16553 HG02717#2#JAHAOR010000006.1_19663827_20070693_1$HG02293.verkko_filt_mat.fa:haplotype1_0000039_30204405_30517145_1	0.0584377940749588 Reich
I16553 HG01123#2#JAGYYY010000006.1_51579630_51892388_0$HG02818#1#JAHEOS010000101.1_89626_496613_0	0.0584370492507004 Reich
I16553 HG02723#1#JAHEOU010000204.1_2102082_2414876_1$HG02145#2#JAHKSF010000206.1_1005292_1413195_1	0.0584348907191138 Reich
I16553 AV_HG02148#haplotype2#0002863:16304803_16712699$HG02809.verkko_filt_mat.fa:haplotype1_0000023_94161320_94589755_0	0.0584334685246434 Reich
I16553 HG02630#2#JAHAOP010000089.1_16669255_17076135_0$HG02647.verkko_filt_pat.fa:haplotype2_0000857_103738150_104051769_0	0.0584328554777166 Reich
I16553 AV_HG01361#haplotype2#0001322:101872897_102186552$NA18906#1#JAHEOO010000054.1_2103477_2510435_1	0.0584320041268383 Reich
I16553 HG03579#2#JAGYVT010000094.1_51581892_51895531_0$HG03453#2#JAGYVV010000088.1_22597550_23005370_1	0.0584299748403770 Reich
I16553 AV_HG01175#haplotype1#0000070:46006269_46414083$NA18906#2#JAHEON010000009.1_93748295_94249275_0	0.0584262917479534 Reich
I16553 HG00621#2#JAHBCC010000031.1_16669999_17077865_0$NA18906#2#JAHEON010000009.1_93748295_94249275_0	0.0584256379321061 Reich
I16553 HG03486#2#JAHEOP010000248.1_2105565_2584784_1$HG02300.verkko_filt_mat.fa:haplotype1_0000028_144052837_144460586_1	0.0584213843661760 Reich
I16553 HG02886#1#JAHAOU010000178.1_62411_469262_0$HG01891#1#JAGYVO010000014.1_22855818_23168577_1	0.0584184378951837 Reich
I16553 HG02717#1#JAHAOS010000015.1_16660311_17067250_0$HG02293.verkko_filt_mat.fa:haplotype1_0000039_30204405_30517145_1	0.0584151644469224 Reich
I16553 HG03927.verkko_filt_mat.fa:haplotype1_0000009_134765170_135173010_1$HG02293.verkko_filt_mat.fa:haplotype1_0000039_30204405_30517145_1	0.0584148489001189 Reich
I16553 AV_HG02257#haplotype2#0001152:102843493_103251377$HG04228.verkko_filt_pat.fa:haplotype2_0000600_103806749_104119491_0	0.0584121140839650 Reich
I16553 HG03486#1#JAHEOQ010000123.1_16677696_17085575_0$HG01891#1#JAGYVO010000014.1_22855818_23168577_1	0.0584117141039070 Reich
I16553 HG02080#1#JAHEOW010000048.1_16689583_17097287_0$HG02647.verkko_filt_mat.fa:haplotype1_0000002_103892584_104321036_0	0.0584114515126844 Reich
I16553 HG03492#2#JAHEPH010000288.1_2098270_2432686_1$HG03492#1#JAHEPI010000180.1_2103395_2543326_1	0.0584111606018490 Reich
I16553 HG03486#2#JAHEOP010000248.1_2105565_2584784_1$HG01099.verkko_filt_mat.fa:haplotype1_0000034_142513097_142920876_1	0.0584102358142770 Reich
I16553 HG00741#1#JAHALY010000007.1_18781197_19307680_1$HG00438#2#JAHBCA010000012.1_51513023_51826723_0	0.0584098092791714 Reich
I16553 HG02723#1#JAHEOU010000204.1_2102082_2414876_1$HG02630#1#JAHAOQ010000102.1_16672145_17079089_0	0.0584087670152122 Reich
I16553 HG03098#1#JAHEPM010000059.1_16676208_17105596_0$NA18906#1#JAHEOO010000054.1_2103477_2510435_1	0.0584059166451151 Reich
I16553 HG02723#1#JAHEOU010000204.1_2102082_2414876_1$HG02717#1#JAHAOS010000015.1_16660311_17067250_0	0.0584054205217640 Reich
I16553 HG00741#1#JAHALY010000007.1_18781197_19307680_1$HG03710.verkko_filt_mat.fa:haplotype1_0000029_102593394_102907063_0	0.0584037738548633 Reich
I16553 HG02818#1#JAHEOS010000101.1_89626_496613_0$HG04228.verkko_filt_pat.fa:haplotype2_0000600_103806749_104119491_0	0.0584035616072650 Reich
I16553 AV_HG00673#haplotype2#0001165:24014011_24421797$HG02055#2#JAHEPJ010000017.1_24870122_25298560_1	0.0583979234308692 Reich
I16553 HG00741#1#JAHALY010000007.1_18781197_19307680_1$HG02109#2#JAHEPF010000078.1_16678387_16991144_0	0.0583972214451204 Reich
I16553 AV_HG01361#haplotype1#0000023:101593539_102001341$HG03579#2#JAGYVT010000094.1_51581892_51895531_0	0.0583927341713779 Reich
I16553 NA18906#2#JAHEON010000009.1_93748295_94249275_0$HG01099.verkko_filt_mat.fa:haplotype1_0000034_142513097_142920876_1	0.0583843370210890 Reich
I16553 NA18906#2#JAHEON010000009.1_93748295_94249275_0$HG02300.verkko_filt_mat.fa:haplotype1_0000028_144052837_144460586_1	0.0583827030472275 Reich
I16553 AV_HG02257#haplotype2#0001152:102843493_103251377$HG02293.verkko_filt_mat.fa:haplotype1_0000039_30204405_30517145_1	0.0583613751496525 Reich
I16553 HG03492#2#JAHEPH010000288.1_2098270_2432686_1$HG02622#2#JAHAON010000012.1_51551779_52031001_0	0.0583602506549480 Reich
I16553 HG03453#2#JAGYVV010000088.1_22597550_23005370_1$HG02647.verkko_filt_pat.fa:haplotype2_0000857_103738150_104051769_0	0.0583588268601289 Reich
I16553 HG02818#1#JAHEOS010000101.1_89626_496613_0$HG02293.verkko_filt_mat.fa:haplotype1_0000039_30204405_30517145_1	0.0583550348258412 Reich
I16553 HG02630#2#JAHAOP010000089.1_16669255_17076135_0$HG02809.verkko_filt_mat.fa:haplotype1_0000023_94161320_94589755_0	0.0583526599241304 Reich
I16553 HG03453#2#JAGYVV010000088.1_22597550_23005370_1$HG02809.verkko_filt_mat.fa:haplotype1_0000023_94161320_94589755_0	0.0583422567082062 Reich
I16553 HG03098#1#JAHEPM010000059.1_16676208_17105596_0$HG03927.verkko_filt_mat.fa:haplotype1_0000009_134765170_135173010_1	0.0583415329517389 Reich
I16553 HG02055#2#JAHEPJ010000017.1_24870122_25298560_1$HG03579#1#JAGYVU010000029.1_91404_499180_0	0.0583388256702635 Reich
I16553 AV_HG01361#haplotype1#0000023:101593539_102001341$HG02809.verkko_filt_mat.fa:haplotype1_0000023_94161320_94589755_0	0.0583379499716576 Reich
I16553 HG02559#1#JAGYVK010000012.1_51505852_51913611_0$HG03486#2#JAHEOP010000248.1_2105565_2584784_1	0.0583347795837244 Reich
I16553 HG01123#2#JAGYYY010000006.1_51579630_51892388_0$HG02622#1#JAHAOO010000002.1_16673678_17080663_0	0.0583334245382579 Reich
I16553 HG00438#1#JAHBCB010000015.1_33474867_33954171_0$HG02809.verkko_filt_pat.fa:haplotype2_0001251_103421111_103827972_0	0.0583325985550984 Reich
I16553 AV_HG01361#haplotype2#0001322:101872897_102186552$HG02717#1#JAHAOS010000015.1_16660311_17067250_0	0.0583322772182672 Reich
I16553 HG03579#2#JAGYVT010000094.1_51581892_51895531_0$NA19240#2#JAHEOL010000010.1_37445323_37853017_0	0.0583315563375947 Reich
I16553 AV_HG00673#haplotype2#0001165:24014011_24421797$HG02809.verkko_filt_pat.fa:haplotype2_0001251_103421111_103827972_0	0.0583297654458338 Reich
I16553 AV_HG02257#haplotype2#0001152:102843493_103251377$HG02723#1#JAHEOU010000204.1_2102082_2414876_1	0.0583282392461879 Reich
I16553 HG02145#2#JAHKSF010000206.1_1005292_1413195_1$HG03098#1#JAHEPM010000059.1_16676208_17105596_0	0.0583216536869329 Reich
I16553 HG02630#1#JAHAOQ010000102.1_16672145_17079089_0$HG03098#1#JAHEPM010000059.1_16676208_17105596_0	0.0583199918513927 Reich
I16553 AV_HG01361#haplotype2#0001322:101872897_102186552$HG02630#1#JAHAOQ010000102.1_16672145_17079089_0	0.0583199556668778 Reich
I16553 AV_HG01361#haplotype1#0000023:101593539_102001341$HG02647.verkko_filt_pat.fa:haplotype2_0000857_103738150_104051769_0	0.0583199556668778 Reich
I16553 HG02717#1#JAHAOS010000015.1_16660311_17067250_0$HG03098#1#JAHEPM010000059.1_16676208_17105596_0	0.0583197425498098 Reich
I16553 HG02723#1#JAHEOU010000204.1_2102082_2414876_1$HG02818#1#JAHEOS010000101.1_89626_496613_0	0.0583182429437387 Reich
I16553 HG00741#1#JAHALY010000007.1_18781197_19307680_1$HG03492#1#JAHEPI010000180.1_2103395_2543326_1	0.0583155814249441 Reich
I16553 HG02559#1#JAGYVK010000012.1_51505852_51913611_0$NA18906#2#JAHEON010000009.1_93748295_94249275_0	0.0583091531395384 Reich
I16553 AV_HG01361#haplotype2#0001322:101872897_102186552$HG02145#2#JAHKSF010000206.1_1005292_1413195_1	0.0583058742904826 Reich
I16553 HG03492#1#JAHEPI010000180.1_2103395_2543326_1$HG01258#2#JAGYYU010000072.1_51562603_51970395_0	0.0583038571780226 Reich
I16553 HG00741#1#JAHALY010000007.1_18781197_19307680_1$HG02109#1#JAHEPG010000026.1_16673035_17080816_0	0.0583036428384312 Reich
I16553 AV_HG00673#haplotype2#0001165:24014011_24421797$HG02647.verkko_filt_mat.fa:haplotype1_0000002_103892584_104321036_0	0.0583016651800988 Reich
I16553 HG03486#2#JAHEOP010000248.1_2105565_2584784_1$NA19240#1#JAHEOM010000047.1_30103390_30511199_1	0.0583007625449201 Reich
I16553 NA18906#2#JAHEON010000009.1_93748295_94249275_0$HG02486#1#JAGYVM010000007.1_28868414_29370339_1	0.0582972800277198 Reich
I16553 AV_HG01361#haplotype2#0001322:101872897_102186552$HG00741#2#JAHALX010000013.1_51574319_51981226_0	0.0582927201689596 Reich
I16553 HG03579#1#JAGYVU010000029.1_91404_499180_0$HG02809.verkko_filt_pat.fa:haplotype2_0001251_103421111_103827972_0	0.0582888720914045 Reich
I16553 HG02622#1#JAHAOO010000002.1_16673678_17080663_0$HG04228.verkko_filt_pat.fa:haplotype2_0000600_103806749_104119491_0	0.0582875457230598 Reich
I16553 NA19240#2#JAHEOL010000010.1_37445323_37853017_0$HG02809.verkko_filt_mat.fa:haplotype1_0000023_94161320_94589755_0	0.0582856184254592 Reich
I16553 AV_HG01361#haplotype2#0001322:101872897_102186552$HG02717#2#JAHAOR010000006.1_19663827_20070693_1	0.0582838398182369 Reich
I16553 HG03486#2#JAHEOP010000248.1_2105565_2584784_1$HG02300.verkko_filt_pat.fa:haplotype2_0000620_143362344_143769323_1	0.0582801045571850 Reich
I16553 NA18906#2#JAHEON010000009.1_93748295_94249275_0$HG02300.verkko_filt_pat.fa:haplotype2_0000620_143362344_143769323_1	0.0582768835910930 Reich
I16553 NA18906#2#JAHEON010000009.1_93748295_94249275_0$NA19240#1#JAHEOM010000047.1_30103390_30511199_1	0.0582766256195105 Reich
I16553 NA18906#2#JAHEON010000009.1_93748295_94249275_0$HG02004.verkko_filt_mat.fa:haplotype1_0000022_97828542_98235483_0	0.0582724160506014 Reich
I16553 HG03492#1#JAHEPI010000180.1_2103395_2543326_1$HG01243#1#JAHEOY010000013.1_90081_424495_0	0.0582702977303686 Reich
I16553 HG03486#2#JAHEOP010000248.1_2105565_2584784_1$HG02004.verkko_filt_mat.fa:haplotype1_0000022_97828542_98235483_0	0.0582698091493420 Reich
I16553 HG03098#1#JAHEPM010000059.1_16676208_17105596_0$HG02717#2#JAHAOR010000006.1_19663827_20070693_1	0.0582688514764440 Reich
I16553 HG03098#1#JAHEPM010000059.1_16676208_17105596_0$HG00741#2#JAHALX010000013.1_51574319_51981226_0	0.0582685430686849 Reich
I16553 HG01258#1#JAGYYV010000004.1_56955948_57456952_1$HG01109#2#JAHEOZ010000047.1_16671232_17151375_0	0.0582614197474174 Reich
I16553 NA19240#2#JAHEOL010000010.1_37445323_37853017_0$HG02647.verkko_filt_pat.fa:haplotype2_0000857_103738150_104051769_0	0.0582610695698748 Reich
I16553 AV_HG02257#haplotype2#0001152:102843493_103251377$HG03098#1#JAHEPM010000059.1_16676208_17105596_0	0.0582475797133548 Reich
I16553 HG02622#1#JAHAOO010000002.1_16673678_17080663_0$HG02293.verkko_filt_mat.fa:haplotype1_0000039_30204405_30517145_1	0.0582475645019072 Reich
I16553 HG03098#1#JAHEPM010000059.1_16676208_17105596_0$HG02818#1#JAHEOS010000101.1_89626_496613_0	0.0582448477728303 Reich
I16553 AV_HG02148#haplotype2#0002863:16304803_16712699$NA18906#2#JAHEON010000009.1_93748295_94249275_0	0.0582436393159887 Reich
I16553 AV_HG02148#haplotype2#0002863:16304803_16712699$HG03486#2#JAHEOP010000248.1_2105565_2584784_1	0.0582423521388959 Reich
I16553 HG01071#1#JAHBCF010000053.1_26607100_27108065_1$HG02723#2#JAHEOT010000034.1_19776337_20321518_1	0.0582407233709258 Reich
I16553 HG01928#1#JAGYVQ010000053.1_16676493_17083407_0$HG01891#1#JAGYVO010000014.1_22855818_23168577_1	0.0582402413223825 Reich
I16553 HG03579#1#JAGYVU010000029.1_91404_499180_0$HG02647.verkko_filt_mat.fa:haplotype1_0000002_103892584_104321036_0	0.0582381124196006 Reich
I16553 HG02145#1#JAHKSG010000134.1_2102465_2647653_1$HG02486#1#JAGYVM010000007.1_28868414_29370339_1	0.0582359393402650 Reich
I16553 AV_HG01361#haplotype2#0001322:101872897_102186552$HG03927.verkko_filt_mat.fa:haplotype1_0000009_134765170_135173010_1	0.0582332971035913 Reich
I16553 HG00741#1#JAHALY010000007.1_18781197_19307680_1$HG01123#2#JAGYYY010000006.1_51579630_51892388_0	0.0582322415713376 Reich
I16553 AV_HG01361#haplotype2#0001322:101872897_102186552$AV_HG02257#haplotype2#0001152:102843493_103251377	0.0582294640411767 Reich
I16553 HG02622#2#JAHAON010000012.1_51551779_52031001_0$HG01243#1#JAHEOY010000013.1_90081_424495_0	0.0582246812654240 Reich
I16553 AV_HG01361#haplotype2#0001322:101872897_102186552$HG02818#1#JAHEOS010000101.1_89626_496613_0	0.0582246347879170 Reich
I16553 HG03579#2#JAGYVT010000094.1_51581892_51895531_0$HG03516#1#JAGYYT010000012.1_24170958_24578778_1	0.0582212524901581 Reich
I16553 HG03492#2#JAHEPH010000288.1_2098270_2432686_1$NA20129#2#JAHEPD010000155.1_90039_569275_0	0.0582196225961279 Reich
I16553 HG01891#1#JAGYVO010000014.1_22855818_23168577_1$HG002.verkko_filt_mat.fa:haplotype1_0000005_138228497_138636354_1	0.0582177209609453 Reich
I16553 HG00741#1#JAHALY010000007.1_18781197_19307680_1$HG03098#2#JAHEPL010000003.1_93803759_94117426_0	0.0582157058707767 Reich
I16553 HG00741#1#JAHALY010000007.1_18781197_19307680_1$HG01358#1#JAGYZB010000020.1_27445742_27855492_1	0.0582138678616596 Reich
I16553 HG02723#1#JAHEOU010000204.1_2102082_2414876_1$HG02622#1#JAHAOO010000002.1_16673678_17080663_0	0.0582042055860840 Reich
I16553 HG03579#2#JAGYVT010000094.1_51581892_51895531_0$HG01978#2#JAGYVR010000007.1_51532241_51939176_0	0.0581953936484445 Reich
I16553 HG03516#1#JAGYYT010000012.1_24170958_24578778_1$HG02809.verkko_filt_mat.fa:haplotype1_0000023_94161320_94589755_0	0.0581875656718203 Reich
I16553 HG00741#1#JAHALY010000007.1_18781197_19307680_1$HG04228.verkko_filt_pat.fa:haplotype2_0000600_103806749_104119491_0	0.0581807545976586 Reich
I16553 HG02630#2#JAHAOP010000089.1_16669255_17076135_0$HG03486#2#JAHEOP010000248.1_2105565_2584784_1	0.0581739101394721 Reich
I16553 HG005#2#JAHEPN010000023.1_51542210_51950070_0$HG01891#1#JAGYVO010000014.1_22855818_23168577_1	0.0581701203890581 Reich
I16553 HG02630#2#JAHAOP010000089.1_16669255_17076135_0$NA18906#2#JAHEON010000009.1_93748295_94249275_0	0.0581695081667434 Reich
I16553 HG03453#2#JAGYVV010000088.1_22597550_23005370_1$NA18906#2#JAHEON010000009.1_93748295_94249275_0	0.0581645836902144 Reich
I16553 HG01109#1#JAHEPA010000099.1_2104245_2511104_1$HG01123#2#JAGYYY010000006.1_51579630_51892388_0	0.0581623238367039 Reich
I16553 HG02723#1#JAHEOU010000204.1_2102082_2414876_1$HG00741#1#JAHALY010000007.1_18781197_19307680_1	0.0581574846218862 Reich
I16553 HG03516#1#JAGYYT010000012.1_24170958_24578778_1$HG02647.verkko_filt_pat.fa:haplotype2_0000857_103738150_104051769_0	0.0581530799916342 Reich
I16553 HG03492#2#JAHEPH010000288.1_2098270_2432686_1$HG01358#1#JAGYZB010000020.1_27445742_27855492_1	0.0581527634103926 Reich
I16553 HG03453#2#JAGYVV010000088.1_22597550_23005370_1$HG03486#2#JAHEOP010000248.1_2105565_2584784_1	0.0581522745682671 Reich
I16553 HG02109#1#JAHEPG010000026.1_16673035_17080816_0$HG01258#2#JAGYYU010000072.1_51562603_51970395_0	0.0581443802756666 Reich
I16553 HG02622#1#JAHAOO010000002.1_16673678_17080663_0$HG03098#1#JAHEPM010000059.1_16676208_17105596_0	0.0581400829721713 Reich
I16553 HG02723#1#JAHEOU010000204.1_2102082_2414876_1$HG01109#1#JAHEPA010000099.1_2104245_2511104_1	0.0581299497086683 Reich
I16553 HG01978#2#JAGYVR010000007.1_51532241_51939176_0$HG02647.verkko_filt_pat.fa:haplotype2_0000857_103738150_104051769_0	0.0581263424422771 Reich
I16553 AV_HG01175#haplotype1#0000070:46006269_46414083$HG01891#1#JAGYVO010000014.1_22855818_23168577_1	0.0581226266132108 Reich
I16553 HG00438#1#JAHBCB010000015.1_33474867_33954171_0$HG02809.verkko_filt_mat.fa:haplotype1_0000023_94161320_94589755_0	0.0581210613850869 Reich
I16553 AV_HG01361#haplotype1#0000023:101593539_102001341$HG03486#2#JAHEOP010000248.1_2105565_2584784_1	0.0581201301388778 Reich
I16553 HG02622#2#JAHAON010000012.1_51551779_52031001_0$HG01258#2#JAGYYU010000072.1_51562603_51970395_0	0.0581175641564310 Reich
I16553 HG00621#2#JAHBCC010000031.1_16669999_17077865_0$HG01891#1#JAGYVO010000014.1_22855818_23168577_1	0.0581107407472897 Reich
I16553 HG02559#2#JAGYVJ010000037.1_52167780_52574597_1$HG03579#2#JAGYVT010000094.1_51581892_51895531_0	0.0581101996857765 Reich
I16553 HG01891#1#JAGYVO010000014.1_22855818_23168577_1$HG02300.verkko_filt_mat.fa:haplotype1_0000028_144052837_144460586_1	0.0581082044241182 Reich
I16553 HG005#1#JAHEPO010000002.1_51519219_51926067_0$HG02055#2#JAHEPJ010000017.1_24870122_25298560_1	0.0581077525538253 Reich
I16553 AV_HG01361#haplotype1#0000023:101593539_102001341$NA18906#2#JAHEON010000009.1_93748295_94249275_0	0.0581069247112866 Reich
I16553 AV_HG01361#haplotype2#0001322:101872897_102186552$HG02622#1#JAHAOO010000002.1_16673678_17080663_0	0.0581057692039398 Reich
I16553 HG02818#2#JAHEOR010000010.1_31775319_32183091_1$HG02723#2#JAHEOT010000034.1_19776337_20321518_1	0.0581057317454601 Reich
I16553 HG01978#2#JAGYVR010000007.1_51532241_51939176_0$HG02809.verkko_filt_mat.fa:haplotype1_0000023_94161320_94589755_0	0.0580999908677439 Reich
I16553 HG01109#1#JAHEPA010000099.1_2104245_2511104_1$HG04228.verkko_filt_pat.fa:haplotype2_0000600_103806749_104119491_0	0.0580939602487720 Reich
I16553 HG00438#1#JAHBCB010000015.1_33474867_33954171_0$HG01891#1#JAGYVO010000014.1_22855818_23168577_1	0.0580931473643808 Reich
I16553 HG01891#1#JAGYVO010000014.1_22855818_23168577_1$HG01099.verkko_filt_mat.fa:haplotype1_0000034_142513097_142920876_1	0.0580836477302603 Reich
I16553 NA20129#2#JAHEPD010000155.1_90039_569275_0$HG01243#1#JAHEOY010000013.1_90081_424495_0	0.0580812082401087 Reich
I16553 HG01258#2#JAGYYU010000072.1_51562603_51970395_0$HG00733#1#JAHEPQ010000019.1_46106835_46420495_0	0.0580806872078814 Reich
I16553 HG005#1#JAHEPO010000002.1_51519219_51926067_0$HG02809.verkko_filt_pat.fa:haplotype2_0001251_103421111_103827972_0	0.0580798211381387 Reich
I16553 HG02723#2#JAHEOT010000034.1_19776337_20321518_1$HG02071.verkko_filt_mat.fa:haplotype1_0000041_103610513_104018399_0	0.0580784078565424 Reich
I16553 HG01123#1#JAGYYZ010000015.1_51528240_51935090_0$HG02055#2#JAHEPJ010000017.1_24870122_25298560_1	0.0580777908831863 Reich
I16553 HG00741#1#JAHALY010000007.1_18781197_19307680_1$HG02622#2#JAHAON010000012.1_51551779_52031001_0	0.0580740942376580 Reich
I16553 HG03486#2#JAHEOP010000248.1_2105565_2584784_1$NA19240#2#JAHEOL010000010.1_37445323_37853017_0	0.0580721405921441 Reich
I16553 HG01071#1#JAHBCF010000053.1_26607100_27108065_1$HG03486#2#JAHEOP010000248.1_2105565_2584784_1	0.0580697819586765 Reich
I16553 HG02559#2#JAGYVJ010000037.1_52167780_52574597_1$HG02809.verkko_filt_mat.fa:haplotype1_0000023_94161320_94589755_0	0.0580691558626487 Reich
I16553 NA18906#2#JAHEON010000009.1_93748295_94249275_0$NA19240#2#JAHEOL010000010.1_37445323_37853017_0	0.0580656748454770 Reich
I16553 HG03579#2#JAGYVT010000094.1_51581892_51895531_0$HG03516#2#JAGYYS010000004.1_24452130_24859892_1	0.0580595663509489 Reich
I16553 HG03516#2#JAGYYS010000004.1_24452130_24859892_1$HG02809.verkko_filt_mat.fa:haplotype1_0000023_94161320_94589755_0	0.0580531946961729 Reich
I16553 HG01109#1#JAHEPA010000099.1_2104245_2511104_1$HG02293.verkko_filt_mat.fa:haplotype1_0000039_30204405_30517145_1	0.0580460567110126 Reich
I16553 HG02559#2#JAGYVJ010000037.1_52167780_52574597_1$HG02647.verkko_filt_pat.fa:haplotype2_0000857_103738150_104051769_0	0.0580412942337254 Reich
I16553 HG01123#1#JAGYYZ010000015.1_51528240_51935090_0$HG02809.verkko_filt_pat.fa:haplotype2_0001251_103421111_103827972_0	0.0580377776496022 Reich
I16553 HG03453#1#JAGYVW010000157.1_2105722_2585000_1$HG01258#1#JAGYYV010000004.1_56955948_57456952_1	0.0580333018412148 Reich
I16553 HG005#1#JAHEPO010000002.1_51519219_51926067_0$HG02647.verkko_filt_mat.fa:haplotype1_0000002_103892584_104321036_0	0.0580293020703317 Reich
I16553 HG02723#2#JAHEOT010000034.1_19776337_20321518_1$HG02486#2#JAGYVL010000029.1_94163344_94570162_0	0.0580247033680565 Reich
I16553 HG02080#1#JAHEOW010000048.1_16689583_17097287_0$HG02809.verkko_filt_mat.fa:haplotype1_0000023_94161320_94589755_0	0.0580103345398029 Reich
I16553 HG02723#2#JAHEOT010000034.1_19776337_20321518_1$HG02886#1#JAHAOU010000178.1_62411_469262_0	0.0580096706359717 Reich
I16553 chr1_hg19_103998686_104406594_0$HG02723#2#JAHEOT010000034.1_19776337_20321518_1	0.0580089797567883 Reich
I16553 HG02723#2#JAHEOT010000034.1_19776337_20321518_1$chr1_hg38_103456064_103863972_0	0.0580089797567883 Reich
I16553 HG01243#1#JAHEOY010000013.1_90081_424495_0$HG01358#1#JAGYZB010000020.1_27445742_27855492_1	0.0580019241825164 Reich
I16553 HG01109#1#JAHEPA010000099.1_2104245_2511104_1$HG03098#1#JAHEPM010000059.1_16676208_17105596_0	0.0579999682929599 Reich
I16553 HG02080#1#JAHEOW010000048.1_16689583_17097287_0$HG03579#2#JAGYVT010000094.1_51581892_51895531_0	0.0579944712167013 Reich
I16553 HG02622#2#JAHAON010000012.1_51551779_52031001_0$HG02886#2#JAHAOT010000031.1_87393_401061_0	0.0579938537990211 Reich
I16553 HG01123#1#JAGYYZ010000015.1_51528240_51935090_0$HG02647.verkko_filt_mat.fa:haplotype1_0000002_103892584_104321036_0	0.0579923855456281 Reich
I16553 NA20129#2#JAHEPD010000155.1_90039_569275_0$HG01258#2#JAGYYU010000072.1_51562603_51970395_0	0.0579922722139537 Reich
I16553 HG03516#1#JAGYYT010000012.1_24170958_24578778_1$NA18906#2#JAHEON010000009.1_93748295_94249275_0	0.0579894158766079 Reich
I16553 HG03516#2#JAGYYS010000004.1_24452130_24859892_1$HG02647.verkko_filt_pat.fa:haplotype2_0000857_103738150_104051769_0	0.0579890612770680 Reich
I16553 HG02886#1#JAHAOU010000178.1_62411_469262_0$HG01109#2#JAHEOZ010000047.1_16671232_17151375_0	0.0579868475184400 Reich
I16553 HG01109#2#JAHEOZ010000047.1_16671232_17151375_0$HG02071.verkko_filt_mat.fa:haplotype1_0000041_103610513_104018399_0	0.0579864043439884 Reich
I16553 AV_HG01361#haplotype2#0001322:101872897_102186552$HG01109#1#JAHEPA010000099.1_2104245_2511104_1	0.0579856611744453 Reich
I16553 HG01109#2#JAHEOZ010000047.1_16671232_17151375_0$HG02486#2#JAGYVL010000029.1_94163344_94570162_0	0.0579851859909597 Reich
I16553 HG02818#2#JAHEOR010000010.1_31775319_32183091_1$HG01109#2#JAHEOZ010000047.1_16671232_17151375_0	0.0579833054242520 Reich
I16553 HG03486#2#JAHEOP010000248.1_2105565_2584784_1$HG03516#1#JAGYYT010000012.1_24170958_24578778_1	0.0579822044440577 Reich
I16553 HG00741#1#JAHALY010000007.1_18781197_19307680_1$HG02293.verkko_filt_mat.fa:haplotype1_0000039_30204405_30517145_1	0.0579794772466914 Reich
I16553 HG01978#2#JAGYVR010000007.1_51532241_51939176_0$NA18906#2#JAHEON010000009.1_93748295_94249275_0	0.0579792172932376 Reich
I16553 HG02559#1#JAGYVK010000012.1_51505852_51913611_0$HG01891#1#JAGYVO010000014.1_22855818_23168577_1	0.0579787034451676 Reich
I16553 HG00741#1#JAHALY010000007.1_18781197_19307680_1$NA20129#2#JAHEPD010000155.1_90039_569275_0	0.0579662813701709 Reich
I16553 HG03486#2#JAHEOP010000248.1_2105565_2584784_1$HG01978#2#JAGYVR010000007.1_51532241_51939176_0	0.0579574979971429 Reich
I16553 HG01258#2#JAGYYU010000072.1_51562603_51970395_0$HG03710.verkko_filt_mat.fa:haplotype1_0000029_102593394_102907063_0	0.0579517284759167 Reich
I16553 HG02559#2#JAGYVJ010000037.1_52167780_52574597_1$NA18906#2#JAHEON010000009.1_93748295_94249275_0	0.0579498583196831 Reich
I16553 HG01109#2#JAHEOZ010000047.1_16671232_17151375_0$HG02486#1#JAGYVM010000007.1_28868414_29370339_1	0.0579385144678512 Reich
I16553 HG02559#2#JAGYVJ010000037.1_52167780_52574597_1$HG03486#2#JAHEOP010000248.1_2105565_2584784_1	0.0579369829490779 Reich
I16553 HG03486#1#JAHEOQ010000123.1_16677696_17085575_0$HG02723#2#JAHEOT010000034.1_19776337_20321518_1	0.0579307972872212 Reich
I16553 chr1_hg38_103456064_103863972_0$HG01109#2#JAHEOZ010000047.1_16671232_17151375_0	0.0579285948323179 Reich
I16553 chr1_hg19_103998686_104406594_0$HG01109#2#JAHEOZ010000047.1_16671232_17151375_0	0.0579285948323179 Reich
I16553 NA19240#1#JAHEOM010000047.1_30103390_30511199_1$HG01891#1#JAGYVO010000014.1_22855818_23168577_1	0.0579247845281835 Reich
I16553 HG02080#1#JAHEOW010000048.1_16689583_17097287_0$HG02647.verkko_filt_pat.fa:haplotype2_0000857_103738150_104051769_0	0.0579231124364413 Reich
I16553 HG01891#1#JAGYVO010000014.1_22855818_23168577_1$HG02004.verkko_filt_mat.fa:haplotype1_0000022_97828542_98235483_0	0.0579100315418076 Reich
I16553 AV_HG00673#haplotype2#0001165:24014011_24421797$HG02809.verkko_filt_mat.fa:haplotype1_0000023_94161320_94589755_0	0.0579064718516376 Reich
I16553 HG00438#2#JAHBCA010000012.1_51513023_51826723_0$HG01258#2#JAGYYU010000072.1_51562603_51970395_0	0.0578997229028381 Reich
I16553 HG03486#2#JAHEOP010000248.1_2105565_2584784_1$HG03516#2#JAGYYS010000004.1_24452130_24859892_1	0.0578964100804120 Reich
I16553 NA18906#2#JAHEON010000009.1_93748295_94249275_0$HG03516#2#JAGYYS010000004.1_24452130_24859892_1	0.0578959053575277 Reich
I16553 NA18906#1#JAHEOO010000054.1_2103477_2510435_1$HG02055#2#JAHEPJ010000017.1_24870122_25298560_1	0.0578880449348302 Reich
I16553 HG02055#2#JAHEPJ010000017.1_24870122_25298560_1$HG03927.verkko_filt_mat.fa:haplotype1_0000009_134765170_135173010_1	0.0578868968403728 Reich
I16553 HG01891#1#JAGYVO010000014.1_22855818_23168577_1$HG02300.verkko_filt_pat.fa:haplotype2_0000620_143362344_143769323_1	0.0578838447855612 Reich
I16553 AV_HG00673#haplotype2#0001165:24014011_24421797$HG03579#2#JAGYVT010000094.1_51581892_51895531_0	0.0578734855255425 Reich
I16553 HG02080#1#JAHEOW010000048.1_16689583_17097287_0$HG03486#2#JAHEOP010000248.1_2105565_2584784_1	0.0578508574847046 Reich
I16553 HG02080#1#JAHEOW010000048.1_16689583_17097287_0$NA18906#2#JAHEON010000009.1_93748295_94249275_0	0.0578472438105646 Reich
I16553 NA20129#2#JAHEPD010000155.1_90039_569275_0$HG02886#2#JAHAOT010000031.1_87393_401061_0	0.0578468577208014 Reich
I16553 HG03579#1#JAGYVU010000029.1_91404_499180_0$HG02809.verkko_filt_mat.fa:haplotype1_0000023_94161320_94589755_0	0.0578420093253233 Reich
I16553 HG03486#1#JAHEOQ010000123.1_16677696_17085575_0$HG01109#2#JAHEOZ010000047.1_16671232_17151375_0	0.0578375335838861 Reich
I16553 AV_HG02148#haplotype2#0002863:16304803_16712699$HG01891#1#JAGYVO010000014.1_22855818_23168577_1	0.0578321040346486 Reich
I16553 HG03453#1#JAGYVW010000157.1_2105722_2585000_1$HG02071.verkko_filt_mat.fa:haplotype1_0000041_103610513_104018399_0	0.0578318440293481 Reich
I16553 HG01071#1#JAHBCF010000053.1_26607100_27108065_1$NA18906#2#JAHEON010000009.1_93748295_94249275_0	0.0578308144693773 Reich
I16553 HG03927.verkko_filt_mat.fa:haplotype1_0000009_134765170_135173010_1$HG02809.verkko_filt_pat.fa:haplotype2_0001251_103421111_103827972_0	0.0578298438622712 Reich
I16553 AV_HG01361#haplotype2#0001322:101872897_102186552$HG00741#1#JAHALY010000007.1_18781197_19307680_1	0.0578279153815958 Reich
I16553 HG02145#2#JAHKSF010000206.1_1005292_1413195_1$HG02055#2#JAHEPJ010000017.1_24870122_25298560_1	0.0578242373594467 Reich
I16553 HG01071#1#JAHBCF010000053.1_26607100_27108065_1$HG02145#1#JAHKSG010000134.1_2102465_2647653_1	0.0578224972289295 Reich
I16553 NA18906#1#JAHEOO010000054.1_2103477_2510435_1$HG02809.verkko_filt_pat.fa:haplotype2_0001251_103421111_103827972_0	0.0578217273554876 Reich
I16553 HG02818#2#JAHEOR010000010.1_31775319_32183091_1$HG03453#1#JAGYVW010000157.1_2105722_2585000_1	0.0578163512985890 Reich
I16553 HG02630#1#JAHAOQ010000102.1_16672145_17079089_0$HG02055#2#JAHEPJ010000017.1_24870122_25298560_1	0.0578067234038915 Reich
I16553 HG03453#1#JAGYVW010000157.1_2105722_2585000_1$chr1_hg38_103456064_103863972_0	0.0578052668281748 Reich
I16553 HG03453#1#JAGYVW010000157.1_2105722_2585000_1$chr1_hg19_103998686_104406594_0	0.0578052668281748 Reich
I16553 AV_HG00673#haplotype2#0001165:24014011_24421797$HG02647.verkko_filt_pat.fa:haplotype2_0000857_103738150_104051769_0	0.0578043666373172 Reich
I16553 HG03492#2#JAHEPH010000288.1_2098270_2432686_1$HG02109#1#JAHEPG010000026.1_16673035_17080816_0	0.0578010153331571 Reich
I16553 HG01928#1#JAGYVQ010000053.1_16676493_17083407_0$HG02723#2#JAHEOT010000034.1_19776337_20321518_1	0.0577986855274653 Reich
I16553 NA18906#1#JAHEOO010000054.1_2103477_2510435_1$HG02647.verkko_filt_mat.fa:haplotype1_0000002_103892584_104321036_0	0.0577964024618671 Reich
I16553 HG02717#1#JAHAOS010000015.1_16660311_17067250_0$HG02055#2#JAHEPJ010000017.1_24870122_25298560_1	0.0577956004279447 Reich
I16553 HG03927.verkko_filt_mat.fa:haplotype1_0000009_134765170_135173010_1$HG02647.verkko_filt_mat.fa:haplotype1_0000002_103892584_104321036_0	0.0577948777516029 Reich
I16553 HG02723#2#JAHEOT010000034.1_19776337_20321518_1$HG002.verkko_filt_mat.fa:haplotype1_0000005_138228497_138636354_1	0.0577941882780162 Reich
I16553 HG03579#2#JAGYVT010000094.1_51581892_51895531_0$HG03579#1#JAGYVU010000029.1_91404_499180_0	0.0577904428966125 Reich
I16553 HG02630#2#JAHAOP010000089.1_16669255_17076135_0$HG01891#1#JAGYVO010000014.1_22855818_23168577_1	0.0577716077403930 Reich
I16553 HG02145#2#JAHKSF010000206.1_1005292_1413195_1$HG02809.verkko_filt_pat.fa:haplotype2_0001251_103421111_103827972_0	0.0577651155712171 Reich
I16553 AV_HG00673#haplotype2#0001165:24014011_24421797$NA18906#2#JAHEON010000009.1_93748295_94249275_0	0.0577649127908299 Reich
I16553 AV_HG02257#haplotype2#0001152:102843493_103251377$HG02055#2#JAHEPJ010000017.1_24870122_25298560_1	0.0577506795785061 Reich
I16553 HG02055#2#JAHEPJ010000017.1_24870122_25298560_1$HG00741#2#JAHALX010000013.1_51574319_51981226_0	0.0577500380278409 Reich
I16553 HG02723#2#JAHEOT010000034.1_19776337_20321518_1$HG005#2#JAHEPN010000023.1_51542210_51950070_0	0.0577477734492644 Reich
I16553 HG02055#2#JAHEPJ010000017.1_24870122_25298560_1$HG02717#2#JAHAOR010000006.1_19663827_20070693_1	0.0577473127056334 Reich
I16553 AV_HG00673#haplotype2#0001165:24014011_24421797$HG03486#2#JAHEOP010000248.1_2105565_2584784_1	0.0577467359637959 Reich
I16553 HG02717#1#JAHAOS010000015.1_16660311_17067250_0$HG02809.verkko_filt_pat.fa:haplotype2_0001251_103421111_103827972_0	0.0577444714470619 Reich
I16553 AV_HG01175#haplotype1#0000070:46006269_46414083$HG02723#2#JAHEOT010000034.1_19776337_20321518_1	0.0577440948855351 Reich
I16553 HG02630#1#JAHAOQ010000102.1_16672145_17079089_0$HG02809.verkko_filt_pat.fa:haplotype2_0001251_103421111_103827972_0	0.0577432724215020 Reich
I16553 HG03453#1#JAGYVW010000157.1_2105722_2585000_1$HG02486#1#JAGYVM010000007.1_28868414_29370339_1	0.0577377119204390 Reich
I16553 HG02145#2#JAHKSF010000206.1_1005292_1413195_1$HG02647.verkko_filt_mat.fa:haplotype1_0000002_103892584_104321036_0	0.0577345809691145 Reich
I16553 HG02055#2#JAHEPJ010000017.1_24870122_25298560_1$HG02818#1#JAHEOS010000101.1_89626_496613_0	0.0577317061094857 Reich
I16553 HG03453#2#JAGYVV010000088.1_22597550_23005370_1$HG01891#1#JAGYVO010000014.1_22855818_23168577_1	0.0577316959221593 Reich
I16553 NA18906#2#JAHEON010000009.1_93748295_94249275_0$HG03579#1#JAGYVU010000029.1_91404_499180_0	0.0577279644115397 Reich
I16553 HG02723#2#JAHEOT010000034.1_19776337_20321518_1$HG02300.verkko_filt_mat.fa:haplotype1_0000028_144052837_144460586_1	0.0577254722590097 Reich
I16553 HG00621#2#JAHBCC010000031.1_16669999_17077865_0$HG02723#2#JAHEOT010000034.1_19776337_20321518_1	0.0577251846588043 Reich
I16553 HG03579#1#JAGYVU010000029.1_91404_499180_0$HG02647.verkko_filt_pat.fa:haplotype2_0000857_103738150_104051769_0	0.0577206533452288 Reich
I16553 HG01258#2#JAGYYU010000072.1_51562603_51970395_0$HG02109#2#JAHEPF010000078.1_16678387_16991144_0	0.0577180896554444 Reich
I16553 HG01928#1#JAGYVQ010000053.1_16676493_17083407_0$HG01109#2#JAHEOZ010000047.1_16671232_17151375_0	0.0577142978356860 Reich
I16553 HG02630#1#JAHAOQ010000102.1_16672145_17079089_0$HG02647.verkko_filt_mat.fa:haplotype1_0000002_103892584_104321036_0	0.0577135535690408 Reich
I16553 HG02717#1#JAHAOS010000015.1_16660311_17067250_0$HG02647.verkko_filt_mat.fa:haplotype1_0000002_103892584_104321036_0	0.0577133063843209 Reich
I16553 HG03486#2#JAHEOP010000248.1_2105565_2584784_1$HG03579#1#JAGYVU010000029.1_91404_499180_0	0.0577131991958375 Reich
I16553 HG00741#2#JAHALX010000013.1_51574319_51981226_0$HG02809.verkko_filt_pat.fa:haplotype2_0001251_103421111_103827972_0	0.0577113006136217 Reich
I16553 HG02723#2#JAHEOT010000034.1_19776337_20321518_1$HG01099.verkko_filt_mat.fa:haplotype1_0000034_142513097_142920876_1	0.0577099842191669 Reich
I16553 HG03453#1#JAGYVW010000157.1_2105722_2585000_1$HG02486#2#JAGYVL010000029.1_94163344_94570162_0	0.0577050898691843 Reich
I16553 HG01109#2#JAHEOZ010000047.1_16671232_17151375_0$HG002.verkko_filt_mat.fa:haplotype1_0000005_138228497_138636354_1	0.0577047054876641 Reich
I16553 HG03453#1#JAGYVW010000157.1_2105722_2585000_1$HG02886#1#JAHAOU010000178.1_62411_469262_0	0.0577023501182928 Reich
I16553 AV_HG02257#haplotype2#0001152:102843493_103251377$HG02809.verkko_filt_pat.fa:haplotype2_0001251_103421111_103827972_0	0.0576913065669835 Reich
I16553 HG03486#1#JAHEOQ010000123.1_16677696_17085575_0$HG03453#1#JAGYVW010000157.1_2105722_2585000_1	0.0576905080099279 Reich
I16553 HG02717#2#JAHAOR010000006.1_19663827_20070693_1$HG02809.verkko_filt_pat.fa:haplotype2_0001251_103421111_103827972_0	0.0576886349920177 Reich
I16553 AV_HG01361#haplotype1#0000023:101593539_102001341$HG01891#1#JAGYVO010000014.1_22855818_23168577_1	0.0576856182562795 Reich
I16553 HG03098#2#JAHEPL010000003.1_93803759_94117426_0$HG01258#2#JAGYYU010000072.1_51562603_51970395_0	0.0576821044276373 Reich
I16553 HG02818#1#JAHEOS010000101.1_89626_496613_0$HG02809.verkko_filt_pat.fa:haplotype2_0001251_103421111_103827972_0	0.0576686006518006 Reich
I16553 HG00741#2#JAHALX010000013.1_51574319_51981226_0$HG02647.verkko_filt_mat.fa:haplotype1_0000002_103892584_104321036_0	0.0576604951588186 Reich
I16553 AV_HG02257#haplotype2#0001152:102843493_103251377$HG02647.verkko_filt_mat.fa:haplotype1_0000002_103892584_104321036_0	0.0576585098686432 Reich
I16553 HG02717#2#JAHAOR010000006.1_19663827_20070693_1$HG02647.verkko_filt_mat.fa:haplotype1_0000002_103892584_104321036_0	0.0576577161253494 Reich
I16553 HG01109#2#JAHEOZ010000047.1_16671232_17151375_0$HG005#2#JAHEPN010000023.1_51542210_51950070_0	0.0576541583228909 Reich
I16553 HG02109#1#JAHEPG010000026.1_16673035_17080816_0$HG01243#1#JAHEOY010000013.1_90081_424495_0	0.0576485490773310 Reich
I16553 HG02559#1#JAGYVK010000012.1_51505852_51913611_0$HG02723#2#JAHEOT010000034.1_19776337_20321518_1	0.0576442131372354 Reich
I16553 NA19240#2#JAHEOL010000010.1_37445323_37853017_0$HG01891#1#JAGYVO010000014.1_22855818_23168577_1	0.0576383960387693 Reich
I16553 HG02818#1#JAHEOS010000101.1_89626_496613_0$HG02647.verkko_filt_mat.fa:haplotype1_0000002_103892584_104321036_0	0.0576375705038325 Reich
I16553 HG02622#1#JAHAOO010000002.1_16673678_17080663_0$HG02055#2#JAHEPJ010000017.1_24870122_25298560_1	0.0576346678477221 Reich
I16553 HG00621#2#JAHBCC010000031.1_16669999_17077865_0$HG01109#2#JAHEOZ010000047.1_16671232_17151375_0	0.0576344426499400 Reich
I16553 AV_HG01175#haplotype1#0000070:46006269_46414083$HG01109#2#JAHEOZ010000047.1_16671232_17151375_0	0.0576256570232861 Reich
I16553 HG02622#2#JAHAON010000012.1_51551779_52031001_0$HG00733#1#JAHEPQ010000019.1_46106835_46420495_0	0.0576148302400865 Reich
I16553 HG03492#1#JAHEPI010000180.1_2103395_2543326_1$HG01358#1#JAGYZB010000020.1_27445742_27855492_1	0.0576102058616751 Reich
I16553 HG02818#2#JAHEOR010000010.1_31775319_32183091_1$HG02145#1#JAHKSG010000134.1_2102465_2647653_1	0.0576099188894314 Reich
I16553 HG005#1#JAHEPO010000002.1_51519219_51926067_0$HG02809.verkko_filt_mat.fa:haplotype1_0000023_94161320_94589755_0	0.0576071992896517 Reich
I16553 HG02723#2#JAHEOT010000034.1_19776337_20321518_1$NA19240#1#JAHEOM010000047.1_30103390_30511199_1	0.0576055083856308 Reich
I16553 HG01109#2#JAHEOZ010000047.1_16671232_17151375_0$HG01099.verkko_filt_mat.fa:haplotype1_0000034_142513097_142920876_1	0.0575962262275847 Reich
I16553 HG01109#2#JAHEOZ010000047.1_16671232_17151375_0$HG02300.verkko_filt_mat.fa:haplotype1_0000028_144052837_144460586_1	0.0575958600827750 Reich
I16553 HG02723#2#JAHEOT010000034.1_19776337_20321518_1$HG02300.verkko_filt_pat.fa:haplotype2_0000620_143362344_143769323_1	0.0575891300242521 Reich
I16553 HG02145#1#JAHKSG010000134.1_2102465_2647653_1$HG02071.verkko_filt_mat.fa:haplotype1_0000041_103610513_104018399_0	0.0575830948415477 Reich
I16553 HG02723#2#JAHEOT010000034.1_19776337_20321518_1$HG02004.verkko_filt_mat.fa:haplotype1_0000022_97828542_98235483_0	0.0575812928426454 Reich
I16553 HG02622#1#JAHAOO010000002.1_16673678_17080663_0$HG02809.verkko_filt_pat.fa:haplotype2_0001251_103421111_103827972_0	0.0575801841743385 Reich
I16553 HG01123#1#JAGYYZ010000015.1_51528240_51935090_0$HG02809.verkko_filt_mat.fa:haplotype1_0000023_94161320_94589755_0	0.0575764349320534 Reich
I16553 HG03453#1#JAGYVW010000157.1_2105722_2585000_1$HG01928#1#JAGYVQ010000053.1_16676493_17083407_0	0.0575637227130160 Reich
I16553 HG03453#1#JAGYVW010000157.1_2105722_2585000_1$HG002.verkko_filt_mat.fa:haplotype1_0000005_138228497_138636354_1	0.0575631183751386 Reich
I16553 HG005#1#JAHEPO010000002.1_51519219_51926067_0$HG03579#2#JAGYVT010000094.1_51581892_51895531_0	0.0575594201078664 Reich
I16553 AV_HG02148#haplotype2#0002863:16304803_16712699$HG02723#2#JAHEOT010000034.1_19776337_20321518_1	0.0575575818501432 Reich
I16553 HG00438#1#JAHBCB010000015.1_33474867_33954171_0$NA18906#2#JAHEON010000009.1_93748295_94249275_0	0.0575503925597410 Reich
I16553 HG02145#1#JAHKSG010000134.1_2102465_2647653_1$HG02486#2#JAGYVL010000029.1_94163344_94570162_0	0.0575489617880893 Reich
I16553 HG005#1#JAHEPO010000002.1_51519219_51926067_0$NA18906#2#JAHEON010000009.1_93748295_94249275_0	0.0575489388240235 Reich
I16553 HG02622#1#JAHAOO010000002.1_16673678_17080663_0$HG02647.verkko_filt_mat.fa:haplotype1_0000002_103892584_104321036_0	0.0575474228944453 Reich
I16553 HG02886#1#JAHAOU010000178.1_62411_469262_0$HG02145#1#JAHKSG010000134.1_2102465_2647653_1	0.0575348085239020 Reich
I16553 HG03453#1#JAGYVW010000157.1_2105722_2585000_1$HG005#2#JAHEPN010000023.1_51542210_51950070_0	0.0575298851078367 Reich
I16553 HG02886#2#JAHAOT010000031.1_87393_401061_0$HG01358#1#JAGYZB010000020.1_27445742_27855492_1	0.0575293875369319 Reich
I16553 HG02622#2#JAHAON010000012.1_51551779_52031001_0$HG03710.verkko_filt_mat.fa:haplotype1_0000029_102593394_102907063_0	0.0575275882395507 Reich
I16553 HG005#1#JAHEPO010000002.1_51519219_51926067_0$HG03486#2#JAHEOP010000248.1_2105565_2584784_1	0.0575252805042746 Reich
I16553 chr1_hg38_103456064_103863972_0$HG02145#1#JAHKSG010000134.1_2102465_2647653_1	0.0575242430169355 Reich
I16553 chr1_hg19_103998686_104406594_0$HG02145#1#JAHKSG010000134.1_2102465_2647653_1	0.0575242430169355 Reich
I16553 HG02622#2#JAHAON010000012.1_51551779_52031001_0$HG00438#2#JAHBCA010000012.1_51513023_51826723_0	0.0575200966265658 Reich
I16553 HG02630#2#JAHAOP010000089.1_16669255_17076135_0$HG02723#2#JAHEOT010000034.1_19776337_20321518_1	0.0575148752601580 Reich
I16553 HG03516#1#JAGYYT010000012.1_24170958_24578778_1$HG01891#1#JAGYVO010000014.1_22855818_23168577_1	0.0575146212588007 Reich
I16553 HG00438#1#JAHBCB010000015.1_33474867_33954171_0$HG03486#2#JAHEOP010000248.1_2105565_2584784_1	0.0575112452902966 Reich
I16553 HG02559#1#JAGYVK010000012.1_51505852_51913611_0$HG01109#2#JAHEOZ010000047.1_16671232_17151375_0	0.0575101914598634 Reich
I16553 HG01123#1#JAGYYZ010000015.1_51528240_51935090_0$NA18906#2#JAHEON010000009.1_93748295_94249275_0	0.0575089855814177 Reich
I16553 HG01123#2#JAGYYY010000006.1_51579630_51892388_0$HG01258#2#JAGYYU010000072.1_51562603_51970395_0	0.0575062027619331 Reich
I16553 HG03579#2#JAGYVT010000094.1_51581892_51895531_0$HG01123#1#JAGYYZ010000015.1_51528240_51935090_0	0.0574984920679700 Reich
I16553 HG01123#1#JAGYYZ010000015.1_51528240_51935090_0$HG03486#2#JAHEOP010000248.1_2105565_2584784_1	0.0574967157187967 Reich
I16553 HG01109#2#JAHEOZ010000047.1_16671232_17151375_0$HG02300.verkko_filt_pat.fa:haplotype2_0000620_143362344_143769323_1	0.0574966837389804 Reich
I16553 HG03492#1#JAHEPI010000180.1_2103395_2543326_1$HG02886#2#JAHAOT010000031.1_87393_401061_0	0.0574937017687160 Reich
I16553 HG005#1#JAHEPO010000002.1_51519219_51926067_0$HG02647.verkko_filt_pat.fa:haplotype2_0000857_103738150_104051769_0	0.0574904688359393 Reich
I16553 HG01109#1#JAHEPA010000099.1_2104245_2511104_1$HG02055#2#JAHEPJ010000017.1_24870122_25298560_1	0.0574887765627554 Reich
I16553 HG00621#2#JAHBCC010000031.1_16669999_17077865_0$HG03453#1#JAGYVW010000157.1_2105722_2585000_1	0.0574874548406816 Reich
I16553 HG02630#2#JAHAOP010000089.1_16669255_17076135_0$HG01109#2#JAHEOZ010000047.1_16671232_17151375_0	0.0574870590429713 Reich
I16553 HG01109#2#JAHEOZ010000047.1_16671232_17151375_0$HG02004.verkko_filt_mat.fa:haplotype1_0000022_97828542_98235483_0	0.0574858133086515 Reich
I16553 AV_HG01175#haplotype1#0000070:46006269_46414083$HG03453#1#JAGYVW010000157.1_2105722_2585000_1	0.0574816189211345 Reich
I16553 HG01071#1#JAHBCF010000053.1_26607100_27108065_1$HG01109#2#JAHEOZ010000047.1_16671232_17151375_0	0.0574811347127823 Reich
I16553 HG01109#2#JAHEOZ010000047.1_16671232_17151375_0$NA19240#1#JAHEOM010000047.1_30103390_30511199_1	0.0574788692124556 Reich
I16553 HG02723#2#JAHEOT010000034.1_19776337_20321518_1$HG03453#2#JAGYVV010000088.1_22597550_23005370_1	0.0574778850988850 Reich
I16553 HG01978#2#JAGYVR010000007.1_51532241_51939176_0$HG01891#1#JAGYVO010000014.1_22855818_23168577_1	0.0574687758365527 Reich
I16553 NA20129#2#JAHEPD010000155.1_90039_569275_0$HG00733#1#JAHEPQ010000019.1_46106835_46420495_0	0.0574661364025971 Reich
I16553 HG02622#2#JAHAON010000012.1_51551779_52031001_0$HG01358#1#JAGYZB010000020.1_27445742_27855492_1	0.0574583861663075 Reich
I16553 HG01258#2#JAGYYU010000072.1_51562603_51970395_0$HG04228.verkko_filt_pat.fa:haplotype2_0000600_103806749_104119491_0	0.0574528496820816 Reich
I16553 HG01109#1#JAHEPA010000099.1_2104245_2511104_1$HG02809.verkko_filt_pat.fa:haplotype2_0001251_103421111_103827972_0	0.0574527601343712 Reich
I16553 HG03453#1#JAGYVW010000157.1_2105722_2585000_1$HG01099.verkko_filt_mat.fa:haplotype1_0000034_142513097_142920876_1	0.0574466480264872 Reich
I16553 AV_HG02148#haplotype2#0002863:16304803_16712699$HG01109#2#JAHEOZ010000047.1_16671232_17151375_0	0.0574459185452424 Reich
I16553 HG03453#1#JAGYVW010000157.1_2105722_2585000_1$HG02300.verkko_filt_mat.fa:haplotype1_0000028_144052837_144460586_1	0.0574433655797128 Reich
I16553 HG03486#1#JAHEOQ010000123.1_16677696_17085575_0$HG02145#1#JAHKSG010000134.1_2102465_2647653_1	0.0574376817844993 Reich
I16553 HG02723#1#JAHEOU010000204.1_2102082_2414876_1$HG01258#2#JAGYYU010000072.1_51562603_51970395_0	0.0574324248545409 Reich
I16553 AV_HG01361#haplotype1#0000023:101593539_102001341$HG02723#2#JAHEOT010000034.1_19776337_20321518_1	0.0574303429538211 Reich
I16553 HG01123#1#JAGYYZ010000015.1_51528240_51935090_0$HG02647.verkko_filt_pat.fa:haplotype2_0000857_103738150_104051769_0	0.0574280509391567 Reich
I16553 HG02109#1#JAHEPG010000026.1_16673035_17080816_0$HG01358#1#JAGYZB010000020.1_27445742_27855492_1	0.0574262283303619 Reich
I16553 HG02723#2#JAHEOT010000034.1_19776337_20321518_1$NA19240#2#JAHEOL010000010.1_37445323_37853017_0	0.0574146020503742 Reich
I16553 HG01109#1#JAHEPA010000099.1_2104245_2511104_1$HG02647.verkko_filt_mat.fa:haplotype1_0000002_103892584_104321036_0	0.0574039149915788 Reich
I16553 NA18906#1#JAHEOO010000054.1_2103477_2510435_1$HG02809.verkko_filt_mat.fa:haplotype1_0000023_94161320_94589755_0	0.0573912643098600 Reich
I16553 HG01258#2#JAGYYU010000072.1_51562603_51970395_0$HG02293.verkko_filt_mat.fa:haplotype1_0000039_30204405_30517145_1	0.0573907029359392 Reich
I16553 HG03927.verkko_filt_mat.fa:haplotype1_0000009_134765170_135173010_1$HG02809.verkko_filt_mat.fa:haplotype1_0000023_94161320_94589755_0	0.0573869414159581 Reich
I16553 HG03098#1#JAHEPM010000059.1_16676208_17105596_0$HG01258#2#JAGYYU010000072.1_51562603_51970395_0	0.0573817430856818 Reich
I16553 HG02559#2#JAGYVJ010000037.1_52167780_52574597_1$HG01891#1#JAGYVO010000014.1_22855818_23168577_1	0.0573798116424041 Reich
I16553 NA20129#2#JAHEPD010000155.1_90039_569275_0$HG03710.verkko_filt_mat.fa:haplotype1_0000029_102593394_102907063_0	0.0573791468113250 Reich
I16553 NA20129#2#JAHEPD010000155.1_90039_569275_0$HG00438#2#JAHBCA010000012.1_51513023_51826723_0	0.0573714858701982 Reich
I16553 NA18906#1#JAHEOO010000054.1_2103477_2510435_1$NA18906#2#JAHEON010000009.1_93748295_94249275_0	0.0573648623606064 Reich
I16553 HG03516#2#JAGYYS010000004.1_24452130_24859892_1$HG01891#1#JAGYVO010000014.1_22855818_23168577_1	0.0573548530141134 Reich
I16553 HG03492#1#JAHEPI010000180.1_2103395_2543326_1$HG02109#1#JAHEPG010000026.1_16673035_17080816_0	0.0573502302421922 Reich
I16553 HG03453#2#JAGYVV010000088.1_22597550_23005370_1$HG01109#2#JAHEOZ010000047.1_16671232_17151375_0	0.0573461061550453 Reich
I16553 NA18906#2#JAHEON010000009.1_93748295_94249275_0$HG03927.verkko_filt_mat.fa:haplotype1_0000009_134765170_135173010_1	0.0573440636327648 Reich
I16553 HG02559#1#JAGYVK010000012.1_51505852_51913611_0$HG03453#1#JAGYVW010000157.1_2105722_2585000_1	0.0573427948970847 Reich
I16553 HG03098#2#JAHEPL010000003.1_93803759_94117426_0$HG02622#2#JAHAON010000012.1_51551779_52031001_0	0.0573420645934582 Reich
I16553 HG03453#1#JAGYVW010000157.1_2105722_2585000_1$HG02004.verkko_filt_mat.fa:haplotype1_0000022_97828542_98235483_0	0.0573397449573519 Reich
I16553 HG02622#2#JAHAON010000012.1_51551779_52031001_0$HG02109#2#JAHEPF010000078.1_16678387_16991144_0	0.0573362070892285 Reich
I16553 HG02723#2#JAHEOT010000034.1_19776337_20321518_1$HG03516#1#JAGYYT010000012.1_24170958_24578778_1	0.0573355802494345 Reich
I16553 NA20129#2#JAHEPD010000155.1_90039_569275_0$HG01358#1#JAGYZB010000020.1_27445742_27855492_1	0.0573319482667177 Reich
I16553 HG02145#2#JAHKSF010000206.1_1005292_1413195_1$HG02809.verkko_filt_mat.fa:haplotype1_0000023_94161320_94589755_0	0.0573285662231734 Reich
I16553 HG03453#1#JAGYVW010000157.1_2105722_2585000_1$HG02300.verkko_filt_pat.fa:haplotype2_0000620_143362344_143769323_1	0.0573234549804974 Reich
I16553 HG03486#2#JAHEOP010000248.1_2105565_2584784_1$NA18906#1#JAHEOO010000054.1_2103477_2510435_1	0.0573222937741560 Reich
I16553 HG02559#2#JAGYVJ010000037.1_52167780_52574597_1$HG02723#2#JAHEOT010000034.1_19776337_20321518_1	0.0573185501470104 Reich
I16553 HG02145#2#JAHKSF010000206.1_1005292_1413195_1$NA18906#2#JAHEON010000009.1_93748295_94249275_0	0.0573151592951771 Reich
I16553 HG02145#1#JAHKSG010000134.1_2102465_2647653_1$HG002.verkko_filt_mat.fa:haplotype1_0000005_138228497_138636354_1	0.0573102937529257 Reich
I16553 AV_HG01361#haplotype1#0000023:101593539_102001341$HG01109#2#JAHEOZ010000047.1_16671232_17151375_0	0.0573091743760677 Reich
I16553 HG02630#1#JAHAOQ010000102.1_16672145_17079089_0$HG02809.verkko_filt_mat.fa:haplotype1_0000023_94161320_94589755_0	0.0573047421262187 Reich
I16553 HG03453#1#JAGYVW010000157.1_2105722_2585000_1$NA19240#1#JAHEOM010000047.1_30103390_30511199_1	0.0573032934995403 Reich
I16553 HG01928#1#JAGYVQ010000053.1_16676493_17083407_0$HG02145#1#JAHKSG010000134.1_2102465_2647653_1	0.0573014424538097 Reich
I16553 HG02630#1#JAHAOQ010000102.1_16672145_17079089_0$NA18906#2#JAHEON010000009.1_93748295_94249275_0	0.0573008778141925 Reich
I16553 HG03486#2#JAHEOP010000248.1_2105565_2584784_1$HG03927.verkko_filt_mat.fa:haplotype1_0000009_134765170_135173010_1	0.0572981767203765 Reich
I16553 HG02080#1#JAHEOW010000048.1_16689583_17097287_0$HG01891#1#JAGYVO010000014.1_22855818_23168577_1	0.0572981363340415 Reich
I16553 HG02717#1#JAHAOS010000015.1_16660311_17067250_0$HG02809.verkko_filt_mat.fa:haplotype1_0000023_94161320_94589755_0	0.0572947090764540 Reich
I16553 HG02717#1#JAHAOS010000015.1_16660311_17067250_0$NA18906#2#JAHEON010000009.1_93748295_94249275_0	0.0572914222369528 Reich
I16553 AV_HG02148#haplotype2#0002863:16304803_16712699$HG03453#1#JAGYVW010000157.1_2105722_2585000_1	0.0572874677608087 Reich
I16553 HG02723#2#JAHEOT010000034.1_19776337_20321518_1$HG01978#2#JAGYVR010000007.1_51532241_51939176_0	0.0572766205868173 Reich
I16553 HG02145#2#JAHKSF010000206.1_1005292_1413195_1$HG03486#2#JAHEOP010000248.1_2105565_2584784_1	0.0572684160045789 Reich
I16553 HG03579#2#JAGYVT010000094.1_51581892_51895531_0$HG03927.verkko_filt_mat.fa:haplotype1_0000009_134765170_135173010_1	0.0572598933736987 Reich
I16553 HG02145#1#JAHKSG010000134.1_2102465_2647653_1$HG02300.verkko_filt_mat.fa:haplotype1_0000028_144052837_144460586_1	0.0572582891774609 Reich
I16553 HG03453#1#JAGYVW010000157.1_2105722_2585000_1$HG01071#1#JAHBCF010000053.1_26607100_27108065_1	0.0572564538084272 Reich
I16553 HG02630#1#JAHAOQ010000102.1_16672145_17079089_0$HG03486#2#JAHEOP010000248.1_2105565_2584784_1	0.0572548232686071 Reich
I16553 AV_HG02257#haplotype2#0001152:102843493_103251377$NA18906#2#JAHEON010000009.1_93748295_94249275_0	0.0572542863249407 Reich
I16553 HG005#2#JAHEPN010000023.1_51542210_51950070_0$HG02145#1#JAHKSG010000134.1_2102465_2647653_1	0.0572540134428311 Reich
I16553 HG02717#2#JAHAOR010000006.1_19663827_20070693_1$HG02809.verkko_filt_mat.fa:haplotype1_0000023_94161320_94589755_0	0.0572515317331250 Reich
I16553 HG02717#1#JAHAOS010000015.1_16660311_17067250_0$HG03486#2#JAHEOP010000248.1_2105565_2584784_1	0.0572506378215261 Reich
I16553 AV_HG02257#haplotype2#0001152:102843493_103251377$HG02809.verkko_filt_mat.fa:haplotype1_0000023_94161320_94589755_0	0.0572502356551350 Reich
I16553 AV_HG01175#haplotype1#0000070:46006269_46414083$HG02145#1#JAHKSG010000134.1_2102465_2647653_1	0.0572501002053219 Reich
I16553 HG01109#2#JAHEOZ010000047.1_16671232_17151375_0$NA19240#2#JAHEOL010000010.1_37445323_37853017_0	0.0572473431393199 Reich
I16553 NA18906#2#JAHEON010000009.1_93748295_94249275_0$HG00741#2#JAHALX010000013.1_51574319_51981226_0	0.0572454215682468 Reich
I16553 HG00741#2#JAHALX010000013.1_51574319_51981226_0$HG02809.verkko_filt_mat.fa:haplotype1_0000023_94161320_94589755_0	0.0572441697607535 Reich
I16553 HG00741#1#JAHALY010000007.1_18781197_19307680_1$HG02809.verkko_filt_pat.fa:haplotype2_0001251_103421111_103827972_0	0.0572429838592468 Reich
I16553 HG02145#1#JAHKSG010000134.1_2102465_2647653_1$HG01099.verkko_filt_mat.fa:haplotype1_0000034_142513097_142920876_1	0.0572413007040844 Reich
I16553 HG00621#2#JAHBCC010000031.1_16669999_17077865_0$HG02145#1#JAHKSG010000134.1_2102465_2647653_1	0.0572385735669213 Reich
I16553 NA18906#2#JAHEON010000009.1_93748295_94249275_0$HG02818#1#JAHEOS010000101.1_89626_496613_0	0.0572355856716115 Reich
I16553 NA18906#2#JAHEON010000009.1_93748295_94249275_0$HG02717#2#JAHAOR010000006.1_19663827_20070693_1	0.0572346761949364 Reich
I16553 HG02559#2#JAGYVJ010000037.1_52167780_52574597_1$HG01109#2#JAHEOZ010000047.1_16671232_17151375_0	0.0572337234118088 Reich
I16553 HG02818#1#JAHEOS010000101.1_89626_496613_0$HG02809.verkko_filt_mat.fa:haplotype1_0000023_94161320_94589755_0	0.0572304758137066 Reich
I16553 HG02622#2#JAHAON010000012.1_51551779_52031001_0$HG03492#1#JAHEPI010000180.1_2103395_2543326_1	0.0572250991180696 Reich
I16553 HG02723#2#JAHEOT010000034.1_19776337_20321518_1$HG03516#2#JAGYYS010000004.1_24452130_24859892_1	0.0572176416288086 Reich
I16553 HG03579#2#JAGYVT010000094.1_51581892_51895531_0$NA18906#1#JAHEOO010000054.1_2103477_2510435_1	0.0572135190574374 Reich
I16553 HG03453#1#JAGYVW010000157.1_2105722_2585000_1$HG02630#2#JAHAOP010000089.1_16669255_17076135_0	0.0572121006493519 Reich
I16553 AV_HG02257#haplotype2#0001152:102843493_103251377$HG03486#2#JAHEOP010000248.1_2105565_2584784_1	0.0572004839460898 Reich
I16553 AV_HG01361#haplotype2#0001322:101872897_102186552$HG01258#2#JAGYYU010000072.1_51562603_51970395_0	0.0571995114267432 Reich
I16553 HG03486#2#JAHEOP010000248.1_2105565_2584784_1$HG00741#2#JAHALX010000013.1_51574319_51981226_0	0.0571988888750821 Reich
I16553 HG03453#1#JAGYVW010000157.1_2105722_2585000_1$HG03453#2#JAGYVV010000088.1_22597550_23005370_1	0.0571987463729408 Reich
I16553 NA20129#2#JAHEPD010000155.1_90039_569275_0$HG03098#2#JAHEPL010000003.1_93803759_94117426_0	0.0571935872290352 Reich
I16553 HG03927.verkko_filt_mat.fa:haplotype1_0000009_134765170_135173010_1$HG02647.verkko_filt_pat.fa:haplotype2_0000857_103738150_104051769_0	0.0571907773324784 Reich
I16553 HG03486#2#JAHEOP010000248.1_2105565_2584784_1$HG02717#2#JAHAOR010000006.1_19663827_20070693_1	0.0571903868652381 Reich
I16553 NA20129#2#JAHEPD010000155.1_90039_569275_0$HG02109#2#JAHEPF010000078.1_16678387_16991144_0	0.0571895620903733 Reich
I16553 HG03486#2#JAHEOP010000248.1_2105565_2584784_1$HG02818#1#JAHEOS010000101.1_89626_496613_0	0.0571799879283659 Reich
I16553 HG01109#2#JAHEOZ010000047.1_16671232_17151375_0$HG03516#1#JAGYYT010000012.1_24170958_24578778_1	0.0571764840291340 Reich
I16553 HG03492#2#JAHEPH010000288.1_2098270_2432686_1$HG01243#1#JAHEOY010000013.1_90081_424495_0	0.0571749990719649 Reich
I16553 HG01109#2#JAHEOZ010000047.1_16671232_17151375_0$HG01978#2#JAGYVR010000007.1_51532241_51939176_0	0.0571748448272404 Reich
I16553 AV_HG00673#haplotype2#0001165:24014011_24421797$HG01891#1#JAGYVO010000014.1_22855818_23168577_1	0.0571724191828462 Reich
I16553 HG02080#1#JAHEOW010000048.1_16689583_17097287_0$HG02723#2#JAHEOT010000034.1_19776337_20321518_1	0.0571682840165436 Reich
I16553 HG02622#1#JAHAOO010000002.1_16673678_17080663_0$NA18906#2#JAHEON010000009.1_93748295_94249275_0	0.0571573061912277 Reich
I16553 HG02559#1#JAGYVK010000012.1_51505852_51913611_0$HG02145#1#JAHKSG010000134.1_2102465_2647653_1	0.0571554012189303 Reich
I16553 AV_HG01361#haplotype1#0000023:101593539_102001341$HG03453#1#JAGYVW010000157.1_2105722_2585000_1	0.0571528843429040 Reich
I16553 HG02622#2#JAHAON010000012.1_51551779_52031001_0$HG02109#1#JAHEPG010000026.1_16673035_17080816_0	0.0571435624734387 Reich
I16553 NA18906#1#JAHEOO010000054.1_2103477_2510435_1$HG02647.verkko_filt_pat.fa:haplotype2_0000857_103738150_104051769_0	0.0571428169004030 Reich
I16553 HG00438#1#JAHBCB010000015.1_33474867_33954171_0$HG02723#2#JAHEOT010000034.1_19776337_20321518_1	0.0571404072115034 Reich
I16553 HG03492#1#JAHEPI010000180.1_2103395_2543326_1$HG00733#1#JAHEPQ010000019.1_46106835_46420495_0	0.0571400701333253 Reich
I16553 HG01123#2#JAGYYY010000006.1_51579630_51892388_0$HG02622#2#JAHAON010000012.1_51551779_52031001_0	0.0571384833784293 Reich
I16553 HG01358#1#JAGYZB010000020.1_27445742_27855492_1$HG00733#1#JAHEPQ010000019.1_46106835_46420495_0	0.0571325055941883 Reich
I16553 HG02622#1#JAHAOO010000002.1_16673678_17080663_0$HG02809.verkko_filt_mat.fa:haplotype1_0000023_94161320_94589755_0	0.0571281019394753 Reich
I16553 HG02630#1#JAHAOQ010000102.1_16672145_17079089_0$HG03579#2#JAGYVT010000094.1_51581892_51895531_0	0.0571139897863348 Reich
I16553 HG02145#1#JAHKSG010000134.1_2102465_2647653_1$NA19240#1#JAHEOM010000047.1_30103390_30511199_1	0.0571108253280429 Reich
I16553 NA20129#2#JAHEPD010000155.1_90039_569275_0$HG03492#1#JAHEPI010000180.1_2103395_2543326_1	0.0571087025672398 Reich
I16553 HG03579#2#JAGYVT010000094.1_51581892_51895531_0$HG00741#2#JAHALX010000013.1_51574319_51981226_0	0.0571085727091527 Reich
I16553 HG02717#1#JAHAOS010000015.1_16660311_17067250_0$HG03579#2#JAGYVT010000094.1_51581892_51895531_0	0.0571056052787016 Reich
I16553 HG02145#2#JAHKSF010000206.1_1005292_1413195_1$HG03579#2#JAGYVT010000094.1_51581892_51895531_0	0.0571034572138938 Reich
I16553 HG03579#2#JAGYVT010000094.1_51581892_51895531_0$HG02717#2#JAHAOR010000006.1_19663827_20070693_1	0.0571003484619185 Reich
I16553 HG02145#1#JAHKSG010000134.1_2102465_2647653_1$HG02300.verkko_filt_pat.fa:haplotype2_0000620_143362344_143769323_1	0.0571001884243337 Reich
I16553 HG03579#1#JAGYVU010000029.1_91404_499180_0$HG01891#1#JAGYVO010000014.1_22855818_23168577_1	0.0570968601629874 Reich
I16553 HG03453#1#JAGYVW010000157.1_2105722_2585000_1$NA19240#2#JAHEOL010000010.1_37445323_37853017_0	0.0570956521160127 Reich
I16553 HG03486#2#JAHEOP010000248.1_2105565_2584784_1$HG02622#1#JAHAOO010000002.1_16673678_17080663_0	0.0570955162225262 Reich
I16553 HG02622#2#JAHAON010000012.1_51551779_52031001_0$HG04228.verkko_filt_pat.fa:haplotype2_0000600_103806749_104119491_0	0.0570924185899450 Reich
I16553 HG02145#1#JAHKSG010000134.1_2102465_2647653_1$HG02004.verkko_filt_mat.fa:haplotype1_0000022_97828542_98235483_0	0.0570853135617239 Reich
I16553 HG02723#1#JAHEOU010000204.1_2102082_2414876_1$HG02622#2#JAHAON010000012.1_51551779_52031001_0	0.0570756461952948 Reich
I16553 HG01109#2#JAHEOZ010000047.1_16671232_17151375_0$HG03516#2#JAGYYS010000004.1_24452130_24859892_1	0.0570742942268509 Reich
I16553 HG02109#1#JAHEPG010000026.1_16673035_17080816_0$HG02886#2#JAHAOT010000031.1_87393_401061_0	0.0570731956351402 Reich
I16553 AV_HG00673#haplotype2#0001165:24014011_24421797$HG02723#2#JAHEOT010000034.1_19776337_20321518_1	0.0570704664447227 Reich
I16553 AV_HG02148#haplotype2#0002863:16304803_16712699$HG02145#1#JAHKSG010000134.1_2102465_2647653_1	0.0570592841312888 Reich
I16553 HG00741#1#JAHALY010000007.1_18781197_19307680_1$HG03579#2#JAGYVT010000094.1_51581892_51895531_0	0.0570580206424980 Reich
I16553 HG02630#1#JAHAOQ010000102.1_16672145_17079089_0$HG02647.verkko_filt_pat.fa:haplotype2_0000857_103738150_104051769_0	0.0570403753315181 Reich
I16553 HG01109#1#JAHEPA010000099.1_2104245_2511104_1$NA18906#2#JAHEON010000009.1_93748295_94249275_0	0.0570393039830480 Reich
I16553 HG00741#2#JAHALX010000013.1_51574319_51981226_0$HG02647.verkko_filt_pat.fa:haplotype2_0000857_103738150_104051769_0	0.0570388557054710 Reich
I16553 HG02723#2#JAHEOT010000034.1_19776337_20321518_1$HG03579#1#JAGYVU010000029.1_91404_499180_0	0.0570387167193861 Reich
I16553 HG02145#2#JAHKSF010000206.1_1005292_1413195_1$HG02647.verkko_filt_pat.fa:haplotype2_0000857_103738150_104051769_0	0.0570335779993175 Reich
I16553 HG02717#1#JAHAOS010000015.1_16660311_17067250_0$HG02647.verkko_filt_pat.fa:haplotype2_0000857_103738150_104051769_0	0.0570319994922785 Reich
I16553 HG03453#1#JAGYVW010000157.1_2105722_2585000_1$HG01978#2#JAGYVR010000007.1_51532241_51939176_0	0.0570310242473109 Reich
I16553 HG02717#2#JAHAOR010000006.1_19663827_20070693_1$HG02647.verkko_filt_pat.fa:haplotype2_0000857_103738150_104051769_0	0.0570291072642702 Reich
I16553 HG02622#2#JAHAON010000012.1_51551779_52031001_0$HG02293.verkko_filt_mat.fa:haplotype1_0000039_30204405_30517145_1	0.0570282021298185 Reich
I16553 AV_HG02257#haplotype2#0001152:102843493_103251377$HG03579#2#JAGYVT010000094.1_51581892_51895531_0	0.0570277695078064 Reich
I16553 HG03579#2#JAGYVT010000094.1_51581892_51895531_0$HG02818#1#JAHEOS010000101.1_89626_496613_0	0.0570252288507601 Reich
I16553 HG02630#2#JAHAOP010000089.1_16669255_17076135_0$HG02145#1#JAHKSG010000134.1_2102465_2647653_1	0.0570241679069677 Reich
I16553 NA20129#2#JAHEPD010000155.1_90039_569275_0$HG02109#1#JAHEPG010000026.1_16673035_17080816_0	0.0570234076362953 Reich
I16553 HG02080#1#JAHEOW010000048.1_16689583_17097287_0$HG01109#2#JAHEOZ010000047.1_16671232_17151375_0	0.0570168840897257 Reich
I16553 HG03492#1#JAHEPI010000180.1_2103395_2543326_1$HG03710.verkko_filt_mat.fa:haplotype1_0000029_102593394_102907063_0	0.0570093011831398 Reich
I16553 HG03453#1#JAGYVW010000157.1_2105722_2585000_1$HG03516#1#JAGYYT010000012.1_24170958_24578778_1	0.0570085050300437 Reich
I16553 HG00741#1#JAHALY010000007.1_18781197_19307680_1$HG02647.verkko_filt_pat.fa:haplotype2_0000857_103738150_104051769_0	0.0570012137637174 Reich
I16553 HG01358#1#JAGYZB010000020.1_27445742_27855492_1$HG03710.verkko_filt_mat.fa:haplotype1_0000029_102593394_102907063_0	0.0569902574507388 Reich
I16553 NA20129#2#JAHEPD010000155.1_90039_569275_0$HG01123#2#JAGYYY010000006.1_51579630_51892388_0	0.0569900222102922 Reich
I16553 HG01109#1#JAHEPA010000099.1_2104245_2511104_1$HG02809.verkko_filt_mat.fa:haplotype1_0000023_94161320_94589755_0	0.0569826050088427 Reich
I16553 HG03453#2#JAGYVV010000088.1_22597550_23005370_1$HG02145#1#JAHKSG010000134.1_2102465_2647653_1	0.0569814492434268 Reich
I16553 HG00438#2#JAHBCA010000012.1_51513023_51826723_0$HG01358#1#JAGYZB010000020.1_27445742_27855492_1	0.0569692961422747 Reich
I16553 HG01109#1#JAHEPA010000099.1_2104245_2511104_1$HG03486#2#JAHEOP010000248.1_2105565_2584784_1	0.0569667871860955 Reich
I16553 HG00438#2#JAHBCA010000012.1_51513023_51826723_0$HG03492#1#JAHEPI010000180.1_2103395_2543326_1	0.0569654847427978 Reich
I16553 AV_HG01361#haplotype1#0000023:101593539_102001341$HG02145#1#JAHKSG010000134.1_2102465_2647653_1	0.0569613475859469 Reich
I16553 HG02818#1#JAHEOS010000101.1_89626_496613_0$HG02647.verkko_filt_pat.fa:haplotype2_0000857_103738150_104051769_0	0.0569575079143987 Reich
I16553 AV_HG02257#haplotype2#0001152:102843493_103251377$HG02647.verkko_filt_pat.fa:haplotype2_0000857_103738150_104051769_0	0.0569571452559250 Reich
I16553 HG03453#1#JAGYVW010000157.1_2105722_2585000_1$HG02559#2#JAGYVJ010000037.1_52167780_52574597_1	0.0569523296729179 Reich
I16553 NA20129#2#JAHEPD010000155.1_90039_569275_0$HG04228.verkko_filt_pat.fa:haplotype2_0000600_103806749_104119491_0	0.0569435517858496 Reich
I16553 AV_HG00673#haplotype2#0001165:24014011_24421797$HG01109#2#JAHEOZ010000047.1_16671232_17151375_0	0.0569391876590849 Reich
I16553 HG02145#1#JAHKSG010000134.1_2102465_2647653_1$NA19240#2#JAHEOL010000010.1_37445323_37853017_0	0.0569306229115403 Reich
I16553 HG00741#1#JAHALY010000007.1_18781197_19307680_1$HG03098#1#JAHEPM010000059.1_16676208_17105596_0	0.0569287291063649 Reich
I16553 HG02723#1#JAHEOU010000204.1_2102082_2414876_1$NA20129#2#JAHEPD010000155.1_90039_569275_0	0.0569279071375120 Reich
I16553 HG03579#2#JAGYVT010000094.1_51581892_51895531_0$HG02622#1#JAHAOO010000002.1_16673678_17080663_0	0.0569184660316303 Reich
I16553 HG005#1#JAHEPO010000002.1_51519219_51926067_0$HG02723#2#JAHEOT010000034.1_19776337_20321518_1	0.0569141407039163 Reich
I16553 HG03453#1#JAGYVW010000157.1_2105722_2585000_1$HG03516#2#JAGYYS010000004.1_24452130_24859892_1	0.0569111892734792 Reich
I16553 AV_HG01361#haplotype2#0001322:101872897_102186552$HG02622#2#JAHAON010000012.1_51551779_52031001_0	0.0569056830513167 Reich
I16553 HG02055#2#JAHEPJ010000017.1_24870122_25298560_1$HG01258#2#JAGYYU010000072.1_51562603_51970395_0	0.0568903195205083 Reich
I16553 HG01123#1#JAGYYZ010000015.1_51528240_51935090_0$HG02723#2#JAHEOT010000034.1_19776337_20321518_1	0.0568887052934300 Reich
I16553 HG01109#2#JAHEOZ010000047.1_16671232_17151375_0$HG03579#1#JAGYVU010000029.1_91404_499180_0	0.0568873686967187 Reich
I16553 NA20129#2#JAHEPD010000155.1_90039_569275_0$HG02293.verkko_filt_mat.fa:haplotype1_0000039_30204405_30517145_1	0.0568802180253444 Reich
I16553 HG02080#1#JAHEOW010000048.1_16689583_17097287_0$HG03453#1#JAGYVW010000157.1_2105722_2585000_1	0.0568770776935183 Reich
I16553 HG00741#1#JAHALY010000007.1_18781197_19307680_1$NA18906#2#JAHEON010000009.1_93748295_94249275_0	0.0568563087412072 Reich
I16553 HG01258#2#JAGYYU010000072.1_51562603_51970395_0$HG02809.verkko_filt_pat.fa:haplotype2_0001251_103421111_103827972_0	0.0568529957668906 Reich
I16553 HG02622#1#JAHAOO010000002.1_16673678_17080663_0$HG02647.verkko_filt_pat.fa:haplotype2_0000857_103738150_104051769_0	0.0568464960929350 Reich
I16553 HG005#1#JAHEPO010000002.1_51519219_51926067_0$HG01891#1#JAGYVO010000014.1_22855818_23168577_1	0.0568400073841426 Reich
I16553 HG03516#1#JAGYYT010000012.1_24170958_24578778_1$HG02145#1#JAHKSG010000134.1_2102465_2647653_1	0.0568389142077951 Reich
I16553 HG03492#1#JAHEPI010000180.1_2103395_2543326_1$HG02109#2#JAHEPF010000078.1_16678387_16991144_0	0.0568276325654865 Reich
I16553 HG005#1#JAHEPO010000002.1_51519219_51926067_0$HG01109#2#JAHEOZ010000047.1_16671232_17151375_0	0.0568195627989592 Reich
I16553 HG00438#1#JAHBCB010000015.1_33474867_33954171_0$HG01109#2#JAHEOZ010000047.1_16671232_17151375_0	0.0568074550696482 Reich
I16553 HG02559#2#JAGYVJ010000037.1_52167780_52574597_1$HG02145#1#JAHKSG010000134.1_2102465_2647653_1	0.0568063767375938 Reich
I16553 HG01109#1#JAHEPA010000099.1_2104245_2511104_1$HG03579#2#JAGYVT010000094.1_51581892_51895531_0	0.0568057981923606 Reich
I16553 AV_HG00673#haplotype2#0001165:24014011_24421797$HG03453#1#JAGYVW010000157.1_2105722_2585000_1	0.0568019990361993 Reich
I16553 HG01258#2#JAGYYU010000072.1_51562603_51970395_0$HG02647.verkko_filt_mat.fa:haplotype1_0000002_103892584_104321036_0	0.0567928418569278 Reich
I16553 HG01978#2#JAGYVR010000007.1_51532241_51939176_0$HG02145#1#JAHKSG010000134.1_2102465_2647653_1	0.0567882707580533 Reich
I16553 HG01123#1#JAGYYZ010000015.1_51528240_51935090_0$HG01109#2#JAHEOZ010000047.1_16671232_17151375_0	0.0567870468036978 Reich
I16553 HG01123#1#JAGYYZ010000015.1_51528240_51935090_0$HG01891#1#JAGYVO010000014.1_22855818_23168577_1	0.0567867562748425 Reich
I16553 HG03098#2#JAHEPL010000003.1_93803759_94117426_0$HG03492#1#JAHEPI010000180.1_2103395_2543326_1	0.0567660430275498 Reich
I16553 AV_HG01361#haplotype2#0001322:101872897_102186552$NA20129#2#JAHEPD010000155.1_90039_569275_0	0.0567600152836955 Reich
I16553 HG00438#1#JAHBCB010000015.1_33474867_33954171_0$HG02145#1#JAHKSG010000134.1_2102465_2647653_1	0.0567490263437841 Reich
I16553 HG02145#1#JAHKSG010000134.1_2102465_2647653_1$HG03516#2#JAGYYS010000004.1_24452130_24859892_1	0.0567368842687385 Reich
I16553 HG01109#1#JAHEPA010000099.1_2104245_2511104_1$HG02647.verkko_filt_pat.fa:haplotype2_0000857_103738150_104051769_0	0.0567352845884202 Reich
I16553 HG03098#2#JAHEPL010000003.1_93803759_94117426_0$HG01358#1#JAGYZB010000020.1_27445742_27855492_1	0.0567246652141568 Reich
I16553 HG02723#2#JAHEOT010000034.1_19776337_20321518_1$NA18906#1#JAHEOO010000054.1_2103477_2510435_1	0.0567207744045802 Reich
I16553 HG03453#1#JAGYVW010000157.1_2105722_2585000_1$HG03579#1#JAGYVU010000029.1_91404_499180_0	0.0567201767379241 Reich
I16553 NA20129#2#JAHEPD010000155.1_90039_569275_0$HG02622#2#JAHAON010000012.1_51551779_52031001_0	0.0567022635493060 Reich
I16553 HG02080#1#JAHEOW010000048.1_16689583_17097287_0$HG02145#1#JAHKSG010000134.1_2102465_2647653_1	0.0566980853709139 Reich
I16553 HG02109#1#JAHEPG010000026.1_16673035_17080816_0$HG00733#1#JAHEPQ010000019.1_46106835_46420495_0	0.0566825460255363 Reich
I16553 HG02109#2#JAHEPF010000078.1_16678387_16991144_0$HG01358#1#JAGYZB010000020.1_27445742_27855492_1	0.0566671157331017 Reich
I16553 HG03453#1#JAGYVW010000157.1_2105722_2585000_1$HG00438#1#JAHBCB010000015.1_33474867_33954171_0	0.0566633527096232 Reich
I16553 HG03492#2#JAHEPH010000288.1_2098270_2432686_1$HG03098#1#JAHEPM010000059.1_16676208_17105596_0	0.0566610737020829 Reich
I16553 HG02723#2#JAHEOT010000034.1_19776337_20321518_1$HG03927.verkko_filt_mat.fa:haplotype1_0000009_134765170_135173010_1	0.0566557102153779 Reich
I16553 HG02145#2#JAHKSF010000206.1_1005292_1413195_1$HG02723#2#JAHEOT010000034.1_19776337_20321518_1	0.0566548095696424 Reich
I16553 HG02630#1#JAHAOQ010000102.1_16672145_17079089_0$HG02723#2#JAHEOT010000034.1_19776337_20321518_1	0.0566534226578137 Reich
I16553 HG02717#1#JAHAOS010000015.1_16660311_17067250_0$HG02723#2#JAHEOT010000034.1_19776337_20321518_1	0.0566532534954003 Reich
I16553 HG02622#2#JAHAON010000012.1_51551779_52031001_0$HG03098#1#JAHEPM010000059.1_16676208_17105596_0	0.0566504858781301 Reich
I16553 HG02886#2#JAHAOT010000031.1_87393_401061_0$NA18906#2#JAHEON010000009.1_93748295_94249275_0	0.0566384470923775 Reich
I16553 HG00741#1#JAHALY010000007.1_18781197_19307680_1$HG03486#2#JAHEOP010000248.1_2105565_2584784_1	0.0566345182812819 Reich
I16553 HG01123#2#JAGYYY010000006.1_51579630_51892388_0$HG03492#1#JAHEPI010000180.1_2103395_2543326_1	0.0566287353740015 Reich
I16553 NA18906#1#JAHEOO010000054.1_2103477_2510435_1$HG01109#2#JAHEOZ010000047.1_16671232_17151375_0	0.0566217317536420 Reich
I16553 HG02723#2#JAHEOT010000034.1_19776337_20321518_1$HG00741#2#JAHALX010000013.1_51574319_51981226_0	0.0566101838455115 Reich
I16553 AV_HG02257#haplotype2#0001152:102843493_103251377$HG02723#2#JAHEOT010000034.1_19776337_20321518_1	0.0566052726081629 Reich
I16553 HG02723#2#JAHEOT010000034.1_19776337_20321518_1$HG02717#2#JAHAOR010000006.1_19663827_20070693_1	0.0566037368887461 Reich
I16553 AV_HG00673#haplotype2#0001165:24014011_24421797$HG02145#1#JAHKSG010000134.1_2102465_2647653_1	0.0566012929883897 Reich
I16553 HG02723#2#JAHEOT010000034.1_19776337_20321518_1$HG02818#1#JAHEOS010000101.1_89626_496613_0	0.0566010547741478 Reich
I16553 HG02109#1#JAHEPG010000026.1_16673035_17080816_0$HG03710.verkko_filt_mat.fa:haplotype1_0000029_102593394_102907063_0	0.0565686838013635 Reich
I16553 HG03492#1#JAHEPI010000180.1_2103395_2543326_1$HG04228.verkko_filt_pat.fa:haplotype2_0000600_103806749_104119491_0	0.0565612807878707 Reich
I16553 HG02145#1#JAHKSG010000134.1_2102465_2647653_1$HG03579#1#JAGYVU010000029.1_91404_499180_0	0.0565592440533784 Reich
I16553 HG03453#1#JAGYVW010000157.1_2105722_2585000_1$HG005#1#JAHEPO010000002.1_51519219_51926067_0	0.0565588297608560 Reich
I16553 HG02145#2#JAHKSF010000206.1_1005292_1413195_1$HG01109#2#JAHEOZ010000047.1_16671232_17151375_0	0.0565546388141491 Reich
I16553 HG02630#1#JAHAOQ010000102.1_16672145_17079089_0$HG01109#2#JAHEOZ010000047.1_16671232_17151375_0	0.0565531702691166 Reich
I16553 HG01891#1#JAGYVO010000014.1_22855818_23168577_1$HG03927.verkko_filt_mat.fa:haplotype1_0000009_134765170_135173010_1	0.0565528337915815 Reich
I16553 HG03492#2#JAHEPH010000288.1_2098270_2432686_1$NA18906#2#JAHEON010000009.1_93748295_94249275_0	0.0565494116102376 Reich
I16553 NA18906#2#JAHEON010000009.1_93748295_94249275_0$HG01258#2#JAGYYU010000072.1_51562603_51970395_0	0.0565478326190542 Reich
I16553 HG00741#1#JAHALY010000007.1_18781197_19307680_1$HG02055#2#JAHEPJ010000017.1_24870122_25298560_1	0.0565469210281776 Reich
I16553 HG02717#1#JAHAOS010000015.1_16660311_17067250_0$HG01109#2#JAHEOZ010000047.1_16671232_17151375_0	0.0565457758471397 Reich
I16553 HG01123#2#JAGYYY010000006.1_51579630_51892388_0$HG01358#1#JAGYZB010000020.1_27445742_27855492_1	0.0565452225478158 Reich
I16553 HG02723#1#JAHEOU010000204.1_2102082_2414876_1$HG03492#1#JAHEPI010000180.1_2103395_2543326_1	0.0565348690881173 Reich
I16553 NA20129#2#JAHEPD010000155.1_90039_569275_0$HG03098#1#JAHEPM010000059.1_16676208_17105596_0	0.0565250635335475 Reich
I16553 HG02723#2#JAHEOT010000034.1_19776337_20321518_1$HG02622#1#JAHAOO010000002.1_16673678_17080663_0	0.0565231105182752 Reich
I16553 HG00438#2#JAHBCA010000012.1_51513023_51826723_0$HG02109#1#JAHEPG010000026.1_16673035_17080816_0	0.0565174033969970 Reich
I16553 HG01243#1#JAHEOY010000013.1_90081_424495_0$HG03098#1#JAHEPM010000059.1_16676208_17105596_0	0.0565112737396987 Reich
I16553 HG01109#2#JAHEOZ010000047.1_16671232_17151375_0$HG00741#2#JAHALX010000013.1_51574319_51981226_0	0.0565063302015419 Reich
I16553 HG03492#2#JAHEPH010000288.1_2098270_2432686_1$HG03486#2#JAHEOP010000248.1_2105565_2584784_1	0.0565044311126869 Reich
I16553 HG03453#1#JAGYVW010000157.1_2105722_2585000_1$HG01123#1#JAGYYZ010000015.1_51528240_51935090_0	0.0565009181911065 Reich
I16553 HG03492#1#JAHEPI010000180.1_2103395_2543326_1$HG02293.verkko_filt_mat.fa:haplotype1_0000039_30204405_30517145_1	0.0564976900660959 Reich
I16553 AV_HG02257#haplotype2#0001152:102843493_103251377$HG01109#2#JAHEOZ010000047.1_16671232_17151375_0	0.0564913988366611 Reich
I16553 HG01109#2#JAHEOZ010000047.1_16671232_17151375_0$HG02717#2#JAHAOR010000006.1_19663827_20070693_1	0.0564912239992532 Reich
I16553 HG01109#2#JAHEOZ010000047.1_16671232_17151375_0$HG03927.verkko_filt_mat.fa:haplotype1_0000009_134765170_135173010_1	0.0564886321131162 Reich
I16553 HG01109#2#JAHEOZ010000047.1_16671232_17151375_0$HG02818#1#JAHEOS010000101.1_89626_496613_0	0.0564861854546078 Reich
I16553 NA18906#1#JAHEOO010000054.1_2103477_2510435_1$HG01891#1#JAGYVO010000014.1_22855818_23168577_1	0.0564819525384694 Reich
I16553 HG00741#1#JAHALY010000007.1_18781197_19307680_1$HG01891#1#JAGYVO010000014.1_22855818_23168577_1	0.0564789731225419 Reich
I16553 HG01358#1#JAGYZB010000020.1_27445742_27855492_1$HG04228.verkko_filt_pat.fa:haplotype2_0000600_103806749_104119491_0	0.0564747866374330 Reich
I16553 HG00741#1#JAHALY010000007.1_18781197_19307680_1$HG02647.verkko_filt_mat.fa:haplotype1_0000002_103892584_104321036_0	0.0564745077989064 Reich
I16553 HG03492#2#JAHEPH010000288.1_2098270_2432686_1$HG02886#2#JAHAOT010000031.1_87393_401061_0	0.0564628044885573 Reich
I16553 HG02723#1#JAHEOU010000204.1_2102082_2414876_1$HG01358#1#JAGYZB010000020.1_27445742_27855492_1	0.0564572187490703 Reich
I16553 HG03486#2#JAHEOP010000248.1_2105565_2584784_1$HG01258#2#JAGYYU010000072.1_51562603_51970395_0	0.0564502540720579 Reich
I16553 HG01358#1#JAGYZB010000020.1_27445742_27855492_1$HG02293.verkko_filt_mat.fa:haplotype1_0000039_30204405_30517145_1	0.0564296486129143 Reich
I16553 HG01243#1#JAHEOY010000013.1_90081_424495_0$NA18906#2#JAHEON010000009.1_93748295_94249275_0	0.0564249632576357 Reich
I16553 HG005#1#JAHEPO010000002.1_51519219_51926067_0$HG02145#1#JAHKSG010000134.1_2102465_2647653_1	0.0564201030188460 Reich
I16553 HG01109#1#JAHEPA010000099.1_2104245_2511104_1$HG02723#2#JAHEOT010000034.1_19776337_20321518_1	0.0564057483767636 Reich
I16553 HG01123#1#JAGYYZ010000015.1_51528240_51935090_0$HG02145#1#JAHKSG010000134.1_2102465_2647653_1	0.0564040598874822 Reich
I16553 HG02145#2#JAHKSF010000206.1_1005292_1413195_1$HG01891#1#JAGYVO010000014.1_22855818_23168577_1	0.0564027472933735 Reich
I16553 HG02622#1#JAHAOO010000002.1_16673678_17080663_0$HG01109#2#JAHEOZ010000047.1_16671232_17151375_0	0.0564013566385845 Reich
I16553 HG02717#1#JAHAOS010000015.1_16660311_17067250_0$HG01891#1#JAGYVO010000014.1_22855818_23168577_1	0.0563938289025872 Reich
I16553 HG02109#1#JAHEPG010000026.1_16673035_17080816_0$HG02109#2#JAHEPF010000078.1_16678387_16991144_0	0.0563923314392912 Reich
I16553 HG01258#2#JAGYYU010000072.1_51562603_51970395_0$HG02809.verkko_filt_mat.fa:haplotype1_0000023_94161320_94589755_0	0.0563912061867713 Reich
I16553 HG03098#1#JAHEPM010000059.1_16676208_17105596_0$HG01358#1#JAGYZB010000020.1_27445742_27855492_1	0.0563910547476278 Reich
I16553 HG00741#2#JAHALX010000013.1_51574319_51981226_0$HG01891#1#JAGYVO010000014.1_22855818_23168577_1	0.0563875659959821 Reich
I16553 HG03492#1#JAHEPI010000180.1_2103395_2543326_1$HG03098#1#JAHEPM010000059.1_16676208_17105596_0	0.0563850950160935 Reich
I16553 HG02630#1#JAHAOQ010000102.1_16672145_17079089_0$HG01891#1#JAGYVO010000014.1_22855818_23168577_1	0.0563833881010410 Reich
I16553 HG03486#2#JAHEOP010000248.1_2105565_2584784_1$HG01243#1#JAHEOY010000013.1_90081_424495_0	0.0563734563902216 Reich
I16553 HG02717#2#JAHAOR010000006.1_19663827_20070693_1$HG01891#1#JAGYVO010000014.1_22855818_23168577_1	0.0563662712371063 Reich
I16553 HG03453#1#JAGYVW010000157.1_2105722_2585000_1$NA18906#1#JAHEOO010000054.1_2103477_2510435_1	0.0563454005414933 Reich
I16553 HG03453#1#JAGYVW010000157.1_2105722_2585000_1$HG03927.verkko_filt_mat.fa:haplotype1_0000009_134765170_135173010_1	0.0563287923061566 Reich
I16553 AV_HG02257#haplotype2#0001152:102843493_103251377$HG01891#1#JAGYVO010000014.1_22855818_23168577_1	0.0563255289298499 Reich
I16553 HG03098#2#JAHEPL010000003.1_93803759_94117426_0$HG02109#1#JAHEPG010000026.1_16673035_17080816_0	0.0563015033202825 Reich
I16553 AV_HG01361#haplotype2#0001322:101872897_102186552$HG03492#1#JAHEPI010000180.1_2103395_2543326_1	0.0562981033022376 Reich
I16553 NA18906#2#JAHEON010000009.1_93748295_94249275_0$HG00733#1#JAHEPQ010000019.1_46106835_46420495_0	0.0562959098162539 Reich
I16553 HG02818#1#JAHEOS010000101.1_89626_496613_0$HG01891#1#JAGYVO010000014.1_22855818_23168577_1	0.0562943374528859 Reich
I16553 HG03453#1#JAGYVW010000157.1_2105722_2585000_1$HG02145#2#JAHKSF010000206.1_1005292_1413195_1	0.0562897077326610 Reich
I16553 HG02630#1#JAHAOQ010000102.1_16672145_17079089_0$HG03453#1#JAGYVW010000157.1_2105722_2585000_1	0.0562781941050055 Reich
I16553 HG01109#1#JAHEPA010000099.1_2104245_2511104_1$HG01109#2#JAHEOZ010000047.1_16671232_17151375_0	0.0562763446407215 Reich
I16553 AV_HG01361#haplotype2#0001322:101872897_102186552$HG01358#1#JAGYZB010000020.1_27445742_27855492_1	0.0562747434110054 Reich
I16553 HG02886#2#JAHAOT010000031.1_87393_401061_0$HG01243#1#JAHEOY010000013.1_90081_424495_0	0.0562739392715294 Reich
I16553 HG03492#2#JAHEPH010000288.1_2098270_2432686_1$HG02809.verkko_filt_pat.fa:haplotype2_0001251_103421111_103827972_0	0.0562732602820880 Reich
I16553 HG02717#1#JAHAOS010000015.1_16660311_17067250_0$HG03453#1#JAGYVW010000157.1_2105722_2585000_1	0.0562719480016528 Reich
I16553 NA18906#1#JAHEOO010000054.1_2103477_2510435_1$HG02145#1#JAHKSG010000134.1_2102465_2647653_1	0.0562384275140921 Reich
I16553 HG02109#1#JAHEPG010000026.1_16673035_17080816_0$HG03098#1#JAHEPM010000059.1_16676208_17105596_0	0.0562360740743600 Reich
I16553 AV_HG02257#haplotype2#0001152:102843493_103251377$HG03453#1#JAGYVW010000157.1_2105722_2585000_1	0.0562295295810211 Reich
I16553 HG03453#1#JAGYVW010000157.1_2105722_2585000_1$HG00741#2#JAHALX010000013.1_51574319_51981226_0	0.0562239535382291 Reich
I16553 NA18906#2#JAHEON010000009.1_93748295_94249275_0$HG03710.verkko_filt_mat.fa:haplotype1_0000029_102593394_102907063_0	0.0562116624234435 Reich
I16553 HG03453#1#JAGYVW010000157.1_2105722_2585000_1$HG02717#2#JAHAOR010000006.1_19663827_20070693_1	0.0562085595285755 Reich
I16553 HG03453#1#JAGYVW010000157.1_2105722_2585000_1$HG02818#1#JAHEOS010000101.1_89626_496613_0	0.0562048001260351 Reich
I16553 HG02622#1#JAHAOO010000002.1_16673678_17080663_0$HG01891#1#JAGYVO010000014.1_22855818_23168577_1	0.0561910951483228 Reich
I16553 HG02622#2#JAHAON010000012.1_51551779_52031001_0$HG02055#2#JAHEPJ010000017.1_24870122_25298560_1	0.0561899302472309 Reich
I16553 HG00438#2#JAHBCA010000012.1_51513023_51826723_0$NA18906#2#JAHEON010000009.1_93748295_94249275_0	0.0561772341119800 Reich
I16553 HG02630#1#JAHAOQ010000102.1_16672145_17079089_0$HG02145#1#JAHKSG010000134.1_2102465_2647653_1	0.0561713889318252 Reich
I16553 HG02145#1#JAHKSG010000134.1_2102465_2647653_1$HG03927.verkko_filt_mat.fa:haplotype1_0000009_134765170_135173010_1	0.0561671916700070 Reich
I16553 HG02145#2#JAHKSF010000206.1_1005292_1413195_1$HG02145#1#JAHKSG010000134.1_2102465_2647653_1	0.0561670445300798 Reich
I16553 HG01123#2#JAGYYY010000006.1_51579630_51892388_0$HG02109#1#JAHEPG010000026.1_16673035_17080816_0	0.0561640140479509 Reich
I16553 HG02717#1#JAHAOS010000015.1_16660311_17067250_0$HG02145#1#JAHKSG010000134.1_2102465_2647653_1	0.0561635495080919 Reich
I16553 HG00741#1#JAHALY010000007.1_18781197_19307680_1$HG02809.verkko_filt_mat.fa:haplotype1_0000023_94161320_94589755_0	0.0561421976619357 Reich
I16553 HG02145#1#JAHKSG010000134.1_2102465_2647653_1$HG02717#2#JAHAOR010000006.1_19663827_20070693_1	0.0561206299219382 Reich
I16553 HG01243#1#JAHEOY010000013.1_90081_424495_0$HG02809.verkko_filt_pat.fa:haplotype2_0001251_103421111_103827972_0	0.0561184804119388 Reich
I16553 HG03453#1#JAGYVW010000157.1_2105722_2585000_1$HG02622#1#JAHAOO010000002.1_16673678_17080663_0	0.0561177069122887 Reich
I16553 HG01358#1#JAGYZB010000020.1_27445742_27855492_1$HG02809.verkko_filt_pat.fa:haplotype2_0001251_103421111_103827972_0	0.0561142031089721 Reich
I16553 HG02145#1#JAHKSG010000134.1_2102465_2647653_1$HG00741#2#JAHALX010000013.1_51574319_51981226_0	0.0561137098963905 Reich
I16553 AV_HG02257#haplotype2#0001152:102843493_103251377$HG02145#1#JAHKSG010000134.1_2102465_2647653_1	0.0561102618160670 Reich
I16553 HG02622#2#JAHAON010000012.1_51551779_52031001_0$HG02647.verkko_filt_mat.fa:haplotype1_0000002_103892584_104321036_0	0.0561098563978851 Reich
I16553 HG03492#1#JAHEPI010000180.1_2103395_2543326_1$HG02809.verkko_filt_pat.fa:haplotype2_0001251_103421111_103827972_0	0.0561082482536580 Reich
I16553 HG02109#1#JAHEPG010000026.1_16673035_17080816_0$HG04228.verkko_filt_pat.fa:haplotype2_0000600_103806749_104119491_0	0.0561074053908757 Reich
I16553 HG02145#1#JAHKSG010000134.1_2102465_2647653_1$HG02818#1#JAHEOS010000101.1_89626_496613_0	0.0561071026276769 Reich
I16553 HG02723#1#JAHEOU010000204.1_2102082_2414876_1$HG02109#1#JAHEPG010000026.1_16673035_17080816_0	0.0560809512673723 Reich
I16553 HG01109#1#JAHEPA010000099.1_2104245_2511104_1$HG01891#1#JAGYVO010000014.1_22855818_23168577_1	0.0560774214530589 Reich
I16553 NA20129#2#JAHEPD010000155.1_90039_569275_0$HG02055#2#JAHEPJ010000017.1_24870122_25298560_1	0.0560656800396839 Reich
I16553 HG03492#2#JAHEPH010000288.1_2098270_2432686_1$HG02055#2#JAHEPJ010000017.1_24870122_25298560_1	0.0560498577301681 Reich
I16553 NA18906#2#JAHEON010000009.1_93748295_94249275_0$HG02109#2#JAHEPF010000078.1_16678387_16991144_0	0.0560362356119950 Reich
I16553 HG03579#2#JAGYVT010000094.1_51581892_51895531_0$HG01258#2#JAGYYU010000072.1_51562603_51970395_0	0.0560199142032011 Reich
I16553 HG02622#1#JAHAOO010000002.1_16673678_17080663_0$HG02145#1#JAHKSG010000134.1_2102465_2647653_1	0.0560193578637830 Reich
I16553 HG03098#2#JAHEPL010000003.1_93803759_94117426_0$NA18906#2#JAHEON010000009.1_93748295_94249275_0	0.0560141704643820 Reich
I16553 HG02109#1#JAHEPG010000026.1_16673035_17080816_0$HG02293.verkko_filt_mat.fa:haplotype1_0000039_30204405_30517145_1	0.0560050206469039 Reich
I16553 HG01109#1#JAHEPA010000099.1_2104245_2511104_1$HG03453#1#JAGYVW010000157.1_2105722_2585000_1	0.0560045396889417 Reich
I16553 HG03492#2#JAHEPH010000288.1_2098270_2432686_1$HG00733#1#JAHEPQ010000019.1_46106835_46420495_0	0.0559980426681612 Reich
I16553 HG02622#2#JAHAON010000012.1_51551779_52031001_0$HG02809.verkko_filt_pat.fa:haplotype2_0001251_103421111_103827972_0	0.0559861727839402 Reich
I16553 NA20129#2#JAHEPD010000155.1_90039_569275_0$HG02647.verkko_filt_mat.fa:haplotype1_0000002_103892584_104321036_0	0.0559847979052841 Reich
I16553 NA18906#2#JAHEON010000009.1_93748295_94249275_0$HG01358#1#JAGYZB010000020.1_27445742_27855492_1	0.0559715840435660 Reich
I16553 HG00741#1#JAHALY010000007.1_18781197_19307680_1$HG01109#2#JAHEOZ010000047.1_16671232_17151375_0	0.0559591426300783 Reich
I16553 HG03492#1#JAHEPI010000180.1_2103395_2543326_1$NA18906#2#JAHEON010000009.1_93748295_94249275_0	0.0559564821826795 Reich
I16553 HG01258#2#JAGYYU010000072.1_51562603_51970395_0$HG02647.verkko_filt_pat.fa:haplotype2_0000857_103738150_104051769_0	0.0559499491075593 Reich
I16553 HG03492#2#JAHEPH010000288.1_2098270_2432686_1$HG02647.verkko_filt_mat.fa:haplotype1_0000002_103892584_104321036_0	0.0559437056366488 Reich
I16553 HG03486#2#JAHEOP010000248.1_2105565_2584784_1$HG02886#2#JAHAOT010000031.1_87393_401061_0	0.0559370990751237 Reich
I16553 HG03492#1#JAHEPI010000180.1_2103395_2543326_1$HG02055#2#JAHEPJ010000017.1_24870122_25298560_1	0.0559316388767981 Reich
I16553 HG01109#1#JAHEPA010000099.1_2104245_2511104_1$HG02145#1#JAHKSG010000134.1_2102465_2647653_1	0.0559024377199308 Reich
I16553 HG01243#1#JAHEOY010000013.1_90081_424495_0$HG02055#2#JAHEPJ010000017.1_24870122_25298560_1	0.0559019311645498 Reich
I16553 HG03492#2#JAHEPH010000288.1_2098270_2432686_1$HG03710.verkko_filt_mat.fa:haplotype1_0000029_102593394_102907063_0	0.0558846827725431 Reich
I16553 HG02055#2#JAHEPJ010000017.1_24870122_25298560_1$HG01358#1#JAGYZB010000020.1_27445742_27855492_1	0.0558811039667191 Reich
I16553 HG03579#2#JAGYVT010000094.1_51581892_51895531_0$HG02622#2#JAHAON010000012.1_51551779_52031001_0	0.0558671099059394 Reich
I16553 HG02723#2#JAHEOT010000034.1_19776337_20321518_1$HG01258#2#JAGYYU010000072.1_51562603_51970395_0	0.0558663028421194 Reich
I16553 NA20129#2#JAHEPD010000155.1_90039_569275_0$HG02809.verkko_filt_pat.fa:haplotype2_0001251_103421111_103827972_0	0.0558643999981041 Reich
I16553 HG00741#1#JAHALY010000007.1_18781197_19307680_1$HG03453#1#JAGYVW010000157.1_2105722_2585000_1	0.0558602845019421 Reich
I16553 HG03492#1#JAHEPI010000180.1_2103395_2543326_1$HG02647.verkko_filt_mat.fa:haplotype1_0000002_103892584_104321036_0	0.0558508790922971 Reich
I16553 HG01123#2#JAGYYY010000006.1_51579630_51892388_0$NA18906#2#JAHEON010000009.1_93748295_94249275_0	0.0558489099643039 Reich
I16553 AV_HG01361#haplotype2#0001322:101872897_102186552$HG02109#1#JAHEPG010000026.1_16673035_17080816_0	0.0558154208323784 Reich
I16553 HG01243#1#JAHEOY010000013.1_90081_424495_0$HG00733#1#JAHEPQ010000019.1_46106835_46420495_0	0.0558088495285548 Reich
I16553 NA18906#2#JAHEON010000009.1_93748295_94249275_0$HG04228.verkko_filt_pat.fa:haplotype2_0000600_103806749_104119491_0	0.0558075029078101 Reich
I16553 HG02622#2#JAHAON010000012.1_51551779_52031001_0$HG02647.verkko_filt_pat.fa:haplotype2_0000857_103738150_104051769_0	0.0558053755293344 Reich
I16553 HG03486#2#JAHEOP010000248.1_2105565_2584784_1$HG01358#1#JAGYZB010000020.1_27445742_27855492_1	0.0558041148746611 Reich
I16553 HG03492#2#JAHEPH010000288.1_2098270_2432686_1$HG00438#2#JAHBCA010000012.1_51513023_51826723_0	0.0558032459996143 Reich
I16553 HG01243#1#JAHEOY010000013.1_90081_424495_0$HG02647.verkko_filt_mat.fa:haplotype1_0000002_103892584_104321036_0	0.0557925181631744 Reich
I16553 HG02109#1#JAHEPG010000026.1_16673035_17080816_0$HG02055#2#JAHEPJ010000017.1_24870122_25298560_1	0.0557891823842577 Reich
I16553 HG01358#1#JAGYZB010000020.1_27445742_27855492_1$HG02647.verkko_filt_mat.fa:haplotype1_0000002_103892584_104321036_0	0.0557856416889001 Reich
I16553 HG02723#1#JAHEOU010000204.1_2102082_2414876_1$NA18906#2#JAHEON010000009.1_93748295_94249275_0	0.0557675635058014 Reich
I16553 HG02622#2#JAHAON010000012.1_51551779_52031001_0$HG02809.verkko_filt_mat.fa:haplotype1_0000023_94161320_94589755_0	0.0557596968516868 Reich
I16553 HG01109#2#JAHEOZ010000047.1_16671232_17151375_0$HG01258#2#JAGYYU010000072.1_51562603_51970395_0	0.0557363894619984 Reich
I16553 NA18906#2#JAHEON010000009.1_93748295_94249275_0$HG02293.verkko_filt_mat.fa:haplotype1_0000039_30204405_30517145_1	0.0557322083878627 Reich
I16553 NA20129#2#JAHEPD010000155.1_90039_569275_0$HG03579#2#JAGYVT010000094.1_51581892_51895531_0	0.0557206693921393 Reich
I16553 HG02109#1#JAHEPG010000026.1_16673035_17080816_0$HG02809.verkko_filt_pat.fa:haplotype2_0001251_103421111_103827972_0	0.0557060290990669 Reich
I16553 HG03492#2#JAHEPH010000288.1_2098270_2432686_1$HG01109#2#JAHEOZ010000047.1_16671232_17151375_0	0.0556975858636623 Reich
I16553 HG01243#1#JAHEOY010000013.1_90081_424495_0$HG03710.verkko_filt_mat.fa:haplotype1_0000029_102593394_102907063_0	0.0556958765196666 Reich
I16553 HG02109#1#JAHEPG010000026.1_16673035_17080816_0$HG02647.verkko_filt_mat.fa:haplotype1_0000002_103892584_104321036_0	0.0556909348733751 Reich
I16553 NA20129#2#JAHEPD010000155.1_90039_569275_0$HG02647.verkko_filt_pat.fa:haplotype2_0000857_103738150_104051769_0	0.0556599750242034 Reich
I16553 HG03098#1#JAHEPM010000059.1_16676208_17105596_0$NA18906#2#JAHEON010000009.1_93748295_94249275_0	0.0556468311372979 Reich
I16553 NA20129#2#JAHEPD010000155.1_90039_569275_0$HG02809.verkko_filt_mat.fa:haplotype1_0000023_94161320_94589755_0	0.0556355678479984 Reich
I16553 HG02109#1#JAHEPG010000026.1_16673035_17080816_0$NA18906#2#JAHEON010000009.1_93748295_94249275_0	0.0556306410367164 Reich
I16553 HG00438#2#JAHBCA010000012.1_51513023_51826723_0$HG01243#1#JAHEOY010000013.1_90081_424495_0	0.0556163139378053 Reich
I16553 AV_HG01361#haplotype2#0001322:101872897_102186552$NA18906#2#JAHEON010000009.1_93748295_94249275_0	0.0556142018753876 Reich
I16553 HG03492#1#JAHEPI010000180.1_2103395_2543326_1$HG03486#2#JAHEOP010000248.1_2105565_2584784_1	0.0555981509975696 Reich
I16553 HG02622#2#JAHAON010000012.1_51551779_52031001_0$NA18906#2#JAHEON010000009.1_93748295_94249275_0	0.0555800146545618 Reich
I16553 HG03486#2#JAHEOP010000248.1_2105565_2584784_1$HG00733#1#JAHEPQ010000019.1_46106835_46420495_0	0.0555761078182290 Reich
I16553 HG01243#1#JAHEOY010000013.1_90081_424495_0$HG01109#2#JAHEOZ010000047.1_16671232_17151375_0	0.0555654589535144 Reich
I16553 HG03492#2#JAHEPH010000288.1_2098270_2432686_1$HG03098#2#JAHEPL010000003.1_93803759_94117426_0	0.0555641937299941 Reich
I16553 HG03492#2#JAHEPH010000288.1_2098270_2432686_1$HG02109#2#JAHEPF010000078.1_16678387_16991144_0	0.0555407617550202 Reich
I16553 HG02886#2#JAHAOT010000031.1_87393_401061_0$HG02809.verkko_filt_pat.fa:haplotype2_0001251_103421111_103827972_0	0.0555123344794723 Reich
I16553 HG03492#2#JAHEPH010000288.1_2098270_2432686_1$HG02809.verkko_filt_mat.fa:haplotype1_0000023_94161320_94589755_0	0.0554874990318006 Reich
I16553 HG03453#1#JAGYVW010000157.1_2105722_2585000_1$HG01258#2#JAGYYU010000072.1_51562603_51970395_0	0.0554798611408740 Reich
I16553 NA20129#2#JAHEPD010000155.1_90039_569275_0$NA18906#2#JAHEON010000009.1_93748295_94249275_0	0.0554789009146625 Reich
I16553 HG03486#2#JAHEOP010000248.1_2105565_2584784_1$HG03710.verkko_filt_mat.fa:haplotype1_0000029_102593394_102907063_0	0.0554782834909243 Reich
I16553 HG03492#2#JAHEPH010000288.1_2098270_2432686_1$HG02723#2#JAHEOT010000034.1_19776337_20321518_1	0.0554780088629599 Reich
I16553 HG03492#1#JAHEPI010000180.1_2103395_2543326_1$HG02809.verkko_filt_mat.fa:haplotype1_0000023_94161320_94589755_0	0.0554482065404750 Reich
I16553 HG00438#2#JAHBCA010000012.1_51513023_51826723_0$HG03486#2#JAHEOP010000248.1_2105565_2584784_1	0.0554464192924149 Reich
I16553 HG03486#2#JAHEOP010000248.1_2105565_2584784_1$HG02109#1#JAHEPG010000026.1_16673035_17080816_0	0.0554448739681356 Reich
I16553 HG02622#2#JAHAON010000012.1_51551779_52031001_0$HG03486#2#JAHEOP010000248.1_2105565_2584784_1	0.0554318729974738 Reich
I16553 HG02145#1#JAHKSG010000134.1_2102465_2647653_1$HG01258#2#JAGYYU010000072.1_51562603_51970395_0	0.0553850898346886 Reich
I16553 HG01358#1#JAGYZB010000020.1_27445742_27855492_1$HG02809.verkko_filt_mat.fa:haplotype1_0000023_94161320_94589755_0	0.0553844805241081 Reich
I16553 HG03098#2#JAHEPL010000003.1_93803759_94117426_0$HG01243#1#JAHEOY010000013.1_90081_424495_0	0.0553783804851655 Reich
I16553 HG03453#1#JAGYVW010000157.1_2105722_2585000_1$HG03492#2#JAHEPH010000288.1_2098270_2432686_1	0.0553741642354629 Reich
I16553 HG01243#1#JAHEOY010000013.1_90081_424495_0$HG02109#2#JAHEPF010000078.1_16678387_16991144_0	0.0553534404674822 Reich
I16553 HG02723#2#JAHEOT010000034.1_19776337_20321518_1$HG01243#1#JAHEOY010000013.1_90081_424495_0	0.0553529195584848 Reich
I16553 HG01243#1#JAHEOY010000013.1_90081_424495_0$HG02809.verkko_filt_mat.fa:haplotype1_0000023_94161320_94589755_0	0.0553358938431892 Reich
I16553 NA20129#2#JAHEPD010000155.1_90039_569275_0$HG03486#2#JAHEOP010000248.1_2105565_2584784_1	0.0553220727207543 Reich
I16553 HG01258#2#JAGYYU010000072.1_51562603_51970395_0$HG01891#1#JAGYVO010000014.1_22855818_23168577_1	0.0553172697082993 Reich
I16553 HG02109#1#JAHEPG010000026.1_16673035_17080816_0$HG02809.verkko_filt_mat.fa:haplotype1_0000023_94161320_94589755_0	0.0552946680314994 Reich
I16553 HG03486#2#JAHEOP010000248.1_2105565_2584784_1$HG02109#2#JAHEPF010000078.1_16678387_16991144_0	0.0552915542531549 Reich
I16553 HG03492#2#JAHEPH010000288.1_2098270_2432686_1$HG01123#2#JAGYYY010000006.1_51579630_51892388_0	0.0552764434790978 Reich
I16553 HG03098#2#JAHEPL010000003.1_93803759_94117426_0$HG03486#2#JAHEOP010000248.1_2105565_2584784_1	0.0552705002966331 Reich
I16553 HG00741#1#JAHALY010000007.1_18781197_19307680_1$HG02723#2#JAHEOT010000034.1_19776337_20321518_1	0.0552494229305038 Reich
I16553 HG03453#1#JAGYVW010000157.1_2105722_2585000_1$HG01243#1#JAHEOY010000013.1_90081_424495_0	0.0552420593876549 Reich
I16553 HG03579#2#JAGYVT010000094.1_51581892_51895531_0$HG03492#1#JAHEPI010000180.1_2103395_2543326_1	0.0552289917483732 Reich
I16553 HG02622#2#JAHAON010000012.1_51551779_52031001_0$HG01891#1#JAGYVO010000014.1_22855818_23168577_1	0.0552284092188874 Reich
I16553 HG03492#2#JAHEPH010000288.1_2098270_2432686_1$HG04228.verkko_filt_pat.fa:haplotype2_0000600_103806749_104119491_0	0.0552233295197691 Reich
I16553 HG02723#1#JAHEOU010000204.1_2102082_2414876_1$HG03492#2#JAHEPH010000288.1_2098270_2432686_1	0.0552129144003918 Reich
I16553 HG02055#2#JAHEPJ010000017.1_24870122_25298560_1$NA18906#2#JAHEON010000009.1_93748295_94249275_0	0.0552126456078018 Reich
I16553 HG02622#2#JAHAON010000012.1_51551779_52031001_0$HG02723#2#JAHEOT010000034.1_19776337_20321518_1	0.0551746194696833 Reich
I16553 HG03492#2#JAHEPH010000288.1_2098270_2432686_1$HG02293.verkko_filt_mat.fa:haplotype1_0000039_30204405_30517145_1	0.0551693858919046 Reich
I16553 HG03492#1#JAHEPI010000180.1_2103395_2543326_1$HG02647.verkko_filt_pat.fa:haplotype2_0000857_103738150_104051769_0	0.0551608943962798 Reich
I16553 NA18906#2#JAHEON010000009.1_93748295_94249275_0$HG02647.verkko_filt_mat.fa:haplotype1_0000002_103892584_104321036_0	0.0551439715685768 Reich
I16553 HG01109#2#JAHEOZ010000047.1_16671232_17151375_0$HG01358#1#JAGYZB010000020.1_27445742_27855492_1	0.0551161311533865 Reich
I16553 HG03579#2#JAGYVT010000094.1_51581892_51895531_0$HG01358#1#JAGYZB010000020.1_27445742_27855492_1	0.0551072321837396 Reich
I16553 HG00733#1#JAHEPQ010000019.1_46106835_46420495_0$HG02809.verkko_filt_pat.fa:haplotype2_0001251_103421111_103827972_0	0.0551025336189056 Reich
I16553 HG01123#2#JAGYYY010000006.1_51579630_51892388_0$HG03486#2#JAHEOP010000248.1_2105565_2584784_1	0.0550881723202402 Reich
I16553 HG01123#2#JAGYYY010000006.1_51579630_51892388_0$HG01243#1#JAHEOY010000013.1_90081_424495_0	0.0550868544593055 Reich
I16553 NA20129#2#JAHEPD010000155.1_90039_569275_0$HG01891#1#JAGYVO010000014.1_22855818_23168577_1	0.0550857311628624 Reich
I16553 NA20129#2#JAHEPD010000155.1_90039_569275_0$HG02723#2#JAHEOT010000034.1_19776337_20321518_1	0.0550657957087627 Reich
I16553 HG02723#2#JAHEOT010000034.1_19776337_20321518_1$HG03492#1#JAHEPI010000180.1_2103395_2543326_1	0.0550480837055320 Reich
I16553 HG03486#2#JAHEOP010000248.1_2105565_2584784_1$HG04228.verkko_filt_pat.fa:haplotype2_0000600_103806749_104119491_0	0.0550461026311445 Reich
I16553 HG01243#1#JAHEOY010000013.1_90081_424495_0$HG04228.verkko_filt_pat.fa:haplotype2_0000600_103806749_104119491_0	0.0550339263047173 Reich
I16553 HG01358#1#JAGYZB010000020.1_27445742_27855492_1$HG02647.verkko_filt_pat.fa:haplotype2_0000857_103738150_104051769_0	0.0550328457378734 Reich
I16553 HG02723#1#JAHEOU010000204.1_2102082_2414876_1$HG01243#1#JAHEOY010000013.1_90081_424495_0	0.0550282644752099 Reich
I16553 AV_HG01361#haplotype2#0001322:101872897_102186552$HG03492#2#JAHEPH010000288.1_2098270_2432686_1	0.0550265843010661 Reich
I16553 HG03710.verkko_filt_mat.fa:haplotype1_0000029_102593394_102907063_0$HG02809.verkko_filt_pat.fa:haplotype2_0001251_103421111_103827972_0	0.0550029170355479 Reich
I16553 HG02723#1#JAHEOU010000204.1_2102082_2414876_1$HG03486#2#JAHEOP010000248.1_2105565_2584784_1	0.0550010238518910 Reich
I16553 HG01243#1#JAHEOY010000013.1_90081_424495_0$HG02293.verkko_filt_mat.fa:haplotype1_0000039_30204405_30517145_1	0.0549842580540126 Reich
I16553 HG03486#2#JAHEOP010000248.1_2105565_2584784_1$HG02293.verkko_filt_mat.fa:haplotype1_0000039_30204405_30517145_1	0.0549760510383919 Reich
I16553 HG03098#1#JAHEPM010000059.1_16676208_17105596_0$HG02809.verkko_filt_pat.fa:haplotype2_0001251_103421111_103827972_0	0.0549655234669288 Reich
I16553 HG03492#2#JAHEPH010000288.1_2098270_2432686_1$HG02145#1#JAHKSG010000134.1_2102465_2647653_1	0.0549637599044226 Reich
I16553 HG02723#2#JAHEOT010000034.1_19776337_20321518_1$HG01358#1#JAGYZB010000020.1_27445742_27855492_1	0.0549503014963318 Reich
I16553 HG00438#2#JAHBCA010000012.1_51513023_51826723_0$HG02809.verkko_filt_pat.fa:haplotype2_0001251_103421111_103827972_0	0.0549458820868246 Reich
I16553 HG03492#1#JAHEPI010000180.1_2103395_2543326_1$HG01109#2#JAHEOZ010000047.1_16671232_17151375_0	0.0549221673050135 Reich
I16553 HG02886#2#JAHAOT010000031.1_87393_401061_0$HG01109#2#JAHEOZ010000047.1_16671232_17151375_0	0.0549190030949646 Reich
I16553 HG03486#2#JAHEOP010000248.1_2105565_2584784_1$HG03098#1#JAHEPM010000059.1_16676208_17105596_0	0.0549126474050780 Reich
I16553 HG02723#2#JAHEOT010000034.1_19776337_20321518_1$HG02109#1#JAHEPG010000026.1_16673035_17080816_0	0.0549068570565228 Reich
I16553 HG03453#1#JAGYVW010000157.1_2105722_2585000_1$HG01358#1#JAGYZB010000020.1_27445742_27855492_1	0.0548601561199090 Reich
I16553 HG01243#1#JAHEOY010000013.1_90081_424495_0$HG02145#1#JAHKSG010000134.1_2102465_2647653_1	0.0548406483995103 Reich
I16553 HG00741#1#JAHALY010000007.1_18781197_19307680_1$HG02145#1#JAHKSG010000134.1_2102465_2647653_1	0.0548381732861476 Reich
I16553 AV_HG01361#haplotype2#0001322:101872897_102186552$HG01243#1#JAHEOY010000013.1_90081_424495_0	0.0548378368854621 Reich
I16553 AV_HG01361#haplotype2#0001322:101872897_102186552$HG03486#2#JAHEOP010000248.1_2105565_2584784_1	0.0548326855456084 Reich
I16553 NA18906#2#JAHEON010000009.1_93748295_94249275_0$HG02809.verkko_filt_mat.fa:haplotype1_0000023_94161320_94589755_0	0.0548054372271243 Reich
I16553 HG02622#2#JAHAON010000012.1_51551779_52031001_0$HG01109#2#JAHEOZ010000047.1_16671232_17151375_0	0.0547861354840401 Reich
I16553 HG02622#2#JAHAON010000012.1_51551779_52031001_0$HG02145#1#JAHKSG010000134.1_2102465_2647653_1	0.0547810844334631 Reich
I16553 HG02109#2#JAHEPF010000078.1_16678387_16991144_0$HG02809.verkko_filt_pat.fa:haplotype2_0001251_103421111_103827972_0	0.0547569841164734 Reich
I16553 HG03098#2#JAHEPL010000003.1_93803759_94117426_0$HG02809.verkko_filt_pat.fa:haplotype2_0001251_103421111_103827972_0	0.0547515217143661 Reich
I16553 HG02109#1#JAHEPG010000026.1_16673035_17080816_0$HG01109#2#JAHEOZ010000047.1_16671232_17151375_0	0.0547393634799586 Reich
I16553 HG03453#1#JAGYVW010000157.1_2105722_2585000_1$HG02886#2#JAHAOT010000031.1_87393_401061_0	0.0547340569435606 Reich
I16553 NA20129#2#JAHEPD010000155.1_90039_569275_0$HG01109#2#JAHEOZ010000047.1_16671232_17151375_0	0.0546822911791380 Reich
I16553 HG03453#1#JAGYVW010000157.1_2105722_2585000_1$HG03492#1#JAHEPI010000180.1_2103395_2543326_1	0.0546788660534832 Reich
I16553 NA20129#2#JAHEPD010000155.1_90039_569275_0$HG02145#1#JAHKSG010000134.1_2102465_2647653_1	0.0546756409212458 Reich
I16553 HG03579#2#JAGYVT010000094.1_51581892_51895531_0$HG02109#1#JAHEPG010000026.1_16673035_17080816_0	0.0546682218250167 Reich
I16553 HG03579#2#JAGYVT010000094.1_51581892_51895531_0$NA18906#2#JAHEON010000009.1_93748295_94249275_0	0.0546526639345884 Reich
I16553 HG02886#2#JAHAOT010000031.1_87393_401061_0$HG03098#1#JAHEPM010000059.1_16676208_17105596_0	0.0546378757440285 Reich
I16553 HG02109#1#JAHEPG010000026.1_16673035_17080816_0$HG02647.verkko_filt_pat.fa:haplotype2_0000857_103738150_104051769_0	0.0545951117139861 Reich
I16553 NA18906#2#JAHEON010000009.1_93748295_94249275_0$HG02647.verkko_filt_pat.fa:haplotype2_0000857_103738150_104051769_0	0.0545940385938038 Reich
I16553 HG03453#1#JAGYVW010000157.1_2105722_2585000_1$HG02622#2#JAHAON010000012.1_51551779_52031001_0	0.0545885628674491 Reich
I16553 HG03492#1#JAHEPI010000180.1_2103395_2543326_1$HG01891#1#JAGYVO010000014.1_22855818_23168577_1	0.0545702540093770 Reich
I16553 HG01109#2#JAHEOZ010000047.1_16671232_17151375_0$HG00733#1#JAHEPQ010000019.1_46106835_46420495_0	0.0545541303493186 Reich
I16553 NA18906#2#JAHEON010000009.1_93748295_94249275_0$HG02809.verkko_filt_pat.fa:haplotype2_0001251_103421111_103827972_0	0.0545503003842455 Reich
I16553 HG03492#1#JAHEPI010000180.1_2103395_2543326_1$HG02145#1#JAHKSG010000134.1_2102465_2647653_1	0.0545440267162768 Reich
I16553 HG03453#1#JAGYVW010000157.1_2105722_2585000_1$HG02109#1#JAHEPG010000026.1_16673035_17080816_0	0.0545220122529949 Reich
I16553 HG01123#2#JAGYYY010000006.1_51579630_51892388_0$HG02809.verkko_filt_pat.fa:haplotype2_0001251_103421111_103827972_0	0.0545148137876603 Reich
I16553 HG03453#1#JAGYVW010000157.1_2105722_2585000_1$NA20129#2#JAHEPD010000155.1_90039_569275_0	0.0544857274293275 Reich
I16553 HG04228.verkko_filt_pat.fa:haplotype2_0000600_103806749_104119491_0$HG02809.verkko_filt_pat.fa:haplotype2_0001251_103421111_103827972_0	0.0544772796770709 Reich
I16553 HG02723#2#JAHEOT010000034.1_19776337_20321518_1$NA18906#2#JAHEON010000009.1_93748295_94249275_0	0.0544732470355652 Reich
I16553 HG03486#2#JAHEOP010000248.1_2105565_2584784_1$HG02055#2#JAHEPJ010000017.1_24870122_25298560_1	0.0544711786386043 Reich
I16553 HG02145#1#JAHKSG010000134.1_2102465_2647653_1$HG01358#1#JAGYZB010000020.1_27445742_27855492_1	0.0544708878847462 Reich
I16553 HG01109#2#JAHEOZ010000047.1_16671232_17151375_0$HG03710.verkko_filt_mat.fa:haplotype1_0000029_102593394_102907063_0	0.0544510939445453 Reich
I16553 HG02055#2#JAHEPJ010000017.1_24870122_25298560_1$HG02809.verkko_filt_pat.fa:haplotype2_0001251_103421111_103827972_0	0.0544509202975232 Reich
I16553 HG01109#2#JAHEOZ010000047.1_16671232_17151375_0$HG02109#2#JAHEPF010000078.1_16678387_16991144_0	0.0544468602908762 Reich
I16553 HG02723#1#JAHEOU010000204.1_2102082_2414876_1$HG02809.verkko_filt_pat.fa:haplotype2_0001251_103421111_103827972_0	0.0544412088952055 Reich
I16553 HG02109#1#JAHEPG010000026.1_16673035_17080816_0$HG02145#1#JAHKSG010000134.1_2102465_2647653_1	0.0544281843570784 Reich
I16553 HG00438#2#JAHBCA010000012.1_51513023_51826723_0$HG01109#2#JAHEOZ010000047.1_16671232_17151375_0	0.0544262213918557 Reich
I16553 HG02293.verkko_filt_mat.fa:haplotype1_0000039_30204405_30517145_1$HG02809.verkko_filt_pat.fa:haplotype2_0001251_103421111_103827972_0	0.0544079364581515 Reich
I16553 HG03453#1#JAGYVW010000157.1_2105722_2585000_1$HG00733#1#JAHEPQ010000019.1_46106835_46420495_0	0.0544041699751313 Reich
I16553 HG03486#2#JAHEOP010000248.1_2105565_2584784_1$HG02647.verkko_filt_mat.fa:haplotype1_0000002_103892584_104321036_0	0.0543876478816062 Reich
I16553 HG01358#1#JAGYZB010000020.1_27445742_27855492_1$HG01891#1#JAGYVO010000014.1_22855818_23168577_1	0.0543718673174182 Reich
I16553 HG02647.verkko_filt_mat.fa:haplotype1_0000002_103892584_104321036_0$HG02809.verkko_filt_pat.fa:haplotype2_0001251_103421111_103827972_0	0.0543574402617733 Reich
I16553 HG03453#1#JAGYVW010000157.1_2105722_2585000_1$HG03710.verkko_filt_mat.fa:haplotype1_0000029_102593394_102907063_0	0.0543050336158763 Reich
I16553 HG03486#2#JAHEOP010000248.1_2105565_2584784_1$HG02809.verkko_filt_pat.fa:haplotype2_0001251_103421111_103827972_0	0.0542823583037332 Reich
I16553 AV_HG01361#haplotype2#0001322:101872897_102186552$HG02809.verkko_filt_pat.fa:haplotype2_0001251_103421111_103827972_0	0.0542572793770520 Reich
I16553 HG03453#1#JAGYVW010000157.1_2105722_2585000_1$HG00438#2#JAHBCA010000012.1_51513023_51826723_0	0.0542483513344690 Reich
I16553 HG01123#2#JAGYYY010000006.1_51579630_51892388_0$HG01109#2#JAHEOZ010000047.1_16671232_17151375_0	0.0542482005273841 Reich
I16553 HG03098#2#JAHEPL010000003.1_93803759_94117426_0$HG01109#2#JAHEOZ010000047.1_16671232_17151375_0	0.0542440114152975 Reich
I16553 HG03098#1#JAHEPM010000059.1_16676208_17105596_0$HG00733#1#JAHEPQ010000019.1_46106835_46420495_0	0.0542261553825753 Reich
I16553 HG03486#2#JAHEOP010000248.1_2105565_2584784_1$NA18906#2#JAHEON010000009.1_93748295_94249275_0	0.0542149462797916 Reich
I16553 HG01109#2#JAHEOZ010000047.1_16671232_17151375_0$HG04228.verkko_filt_pat.fa:haplotype2_0000600_103806749_104119491_0	0.0542070808151766 Reich
I16553 HG02723#1#JAHEOU010000204.1_2102082_2414876_1$HG01109#2#JAHEOZ010000047.1_16671232_17151375_0	0.0541711776665079 Reich
I16553 HG03098#1#JAHEPM010000059.1_16676208_17105596_0$HG01109#2#JAHEOZ010000047.1_16671232_17151375_0	0.0541609868322992 Reich
I16553 HG03453#1#JAGYVW010000157.1_2105722_2585000_1$HG02109#2#JAHEPF010000078.1_16678387_16991144_0	0.0541038245565632 Reich
I16553 HG02886#2#JAHAOT010000031.1_87393_401061_0$HG02055#2#JAHEPJ010000017.1_24870122_25298560_1	0.0540986719614452 Reich
I16553 HG03098#1#JAHEPM010000059.1_16676208_17105596_0$HG03710.verkko_filt_mat.fa:haplotype1_0000029_102593394_102907063_0	0.0540800455137855 Reich
I16553 HG02145#1#JAHKSG010000134.1_2102465_2647653_1$NA18906#2#JAHEON010000009.1_93748295_94249275_0	0.0540748244433288 Reich
I16553 HG00438#2#JAHBCA010000012.1_51513023_51826723_0$HG03098#1#JAHEPM010000059.1_16676208_17105596_0	0.0540736909660947 Reich
I16553 HG03453#1#JAGYVW010000157.1_2105722_2585000_1$HG03098#2#JAHEPL010000003.1_93803759_94117426_0	0.0540705092122524 Reich
I16553 NA18906#2#JAHEON010000009.1_93748295_94249275_0$HG01891#1#JAGYVO010000014.1_22855818_23168577_1	0.0540487244296260 Reich
I16553 HG03486#2#JAHEOP010000248.1_2105565_2584784_1$HG02809.verkko_filt_mat.fa:haplotype1_0000023_94161320_94589755_0	0.0540348635938658 Reich
I16553 HG01109#2#JAHEOZ010000047.1_16671232_17151375_0$HG02293.verkko_filt_mat.fa:haplotype1_0000039_30204405_30517145_1	0.0539885310459263 Reich
I16553 HG02886#2#JAHAOT010000031.1_87393_401061_0$HG02647.verkko_filt_mat.fa:haplotype1_0000002_103892584_104321036_0	0.0539846423788322 Reich
I16553 HG03453#1#JAGYVW010000157.1_2105722_2585000_1$HG03098#1#JAHEPM010000059.1_16676208_17105596_0	0.0539754896458244 Reich
I16553 HG02809.verkko_filt_mat.fa:haplotype1_0000023_94161320_94589755_0$HG02809.verkko_filt_pat.fa:haplotype2_0001251_103421111_103827972_0	0.0539591684701151 Reich
I16553 HG02109#1#JAHEPG010000026.1_16673035_17080816_0$HG01891#1#JAGYVO010000014.1_22855818_23168577_1	0.0539548521075432 Reich
I16553 HG03098#1#JAHEPM010000059.1_16676208_17105596_0$HG02109#2#JAHEPF010000078.1_16678387_16991144_0	0.0539378958517151 Reich
I16553 HG02723#2#JAHEOT010000034.1_19776337_20321518_1$HG02886#2#JAHAOT010000031.1_87393_401061_0	0.0539358705913165 Reich
I16553 HG03453#1#JAGYVW010000157.1_2105722_2585000_1$HG01123#2#JAGYYY010000006.1_51579630_51892388_0	0.0539289778363672 Reich
I16553 HG03453#1#JAGYVW010000157.1_2105722_2585000_1$HG04228.verkko_filt_pat.fa:haplotype2_0000600_103806749_104119491_0	0.0538792470397205 Reich
I16553 HG02723#2#JAHEOT010000034.1_19776337_20321518_1$HG02809.verkko_filt_pat.fa:haplotype2_0001251_103421111_103827972_0	0.0538451245133544 Reich
I16553 HG03579#2#JAGYVT010000094.1_51581892_51895531_0$HG03486#2#JAHEOP010000248.1_2105565_2584784_1	0.0538437559641675 Reich
I16553 HG03098#2#JAHEPL010000003.1_93803759_94117426_0$HG03098#1#JAHEPM010000059.1_16676208_17105596_0	0.0538437431748368 Reich
I16553 AV_HG01361#haplotype2#0001322:101872897_102186552$HG01109#2#JAHEOZ010000047.1_16671232_17151375_0	0.0538293105510212 Reich
I16553 HG02723#1#JAHEOU010000204.1_2102082_2414876_1$HG03453#1#JAGYVW010000157.1_2105722_2585000_1	0.0538281375601245 Reich
I16553 HG03453#1#JAGYVW010000157.1_2105722_2585000_1$HG02293.verkko_filt_mat.fa:haplotype1_0000039_30204405_30517145_1	0.0538046903091833 Reich
I16553 HG03486#2#JAHEOP010000248.1_2105565_2584784_1$HG02647.verkko_filt_pat.fa:haplotype2_0000857_103738150_104051769_0	0.0537803580568099 Reich
I16553 HG01109#2#JAHEOZ010000047.1_16671232_17151375_0$HG02055#2#JAHEPJ010000017.1_24870122_25298560_1	0.0537567490584572 Reich
I16553 HG02723#2#JAHEOT010000034.1_19776337_20321518_1$HG03486#2#JAHEOP010000248.1_2105565_2584784_1	0.0537519573607031 Reich
I16553 HG01123#2#JAGYYY010000006.1_51579630_51892388_0$HG03098#1#JAHEPM010000059.1_16676208_17105596_0	0.0537344031611349 Reich
I16553 HG03098#1#JAHEPM010000059.1_16676208_17105596_0$HG04228.verkko_filt_pat.fa:haplotype2_0000600_103806749_104119491_0	0.0536812111018133 Reich
I16553 HG01109#2#JAHEOZ010000047.1_16671232_17151375_0$HG02647.verkko_filt_mat.fa:haplotype1_0000002_103892584_104321036_0	0.0536807968139897 Reich
I16553 AV_HG01361#haplotype2#0001322:101872897_102186552$HG03453#1#JAGYVW010000157.1_2105722_2585000_1	0.0536712033815019 Reich
I16553 HG02055#2#JAHEPJ010000017.1_24870122_25298560_1$HG00733#1#JAHEPQ010000019.1_46106835_46420495_0	0.0536666839061410 Reich
I16553 HG02723#1#JAHEOU010000204.1_2102082_2414876_1$HG03098#1#JAHEPM010000059.1_16676208_17105596_0	0.0536650827471918 Reich
I16553 HG01109#2#JAHEOZ010000047.1_16671232_17151375_0$HG02809.verkko_filt_pat.fa:haplotype2_0001251_103421111_103827972_0	0.0536159678424553 Reich
I16553 HG02723#2#JAHEOT010000034.1_19776337_20321518_1$HG00733#1#JAHEPQ010000019.1_46106835_46420495_0	0.0535907767334183 Reich
I16553 HG03492#2#JAHEPH010000288.1_2098270_2432686_1$HG03579#2#JAGYVT010000094.1_51581892_51895531_0	0.0535844357664738 Reich
I16553 HG01109#2#JAHEOZ010000047.1_16671232_17151375_0$NA18906#2#JAHEON010000009.1_93748295_94249275_0	0.0535791244106813 Reich
I16553 HG03098#1#JAHEPM010000059.1_16676208_17105596_0$HG02293.verkko_filt_mat.fa:haplotype1_0000039_30204405_30517145_1	0.0535699685806837 Reich
I16553 HG00733#1#JAHEPQ010000019.1_46106835_46420495_0$HG02647.verkko_filt_mat.fa:haplotype1_0000002_103892584_104321036_0	0.0535569480615855 Reich
I16553 HG00438#2#JAHBCA010000012.1_51513023_51826723_0$HG02055#2#JAHEPJ010000017.1_24870122_25298560_1	0.0535395081996353 Reich
I16553 HG02055#2#JAHEPJ010000017.1_24870122_25298560_1$HG03710.verkko_filt_mat.fa:haplotype1_0000029_102593394_102907063_0	0.0535377343260712 Reich
I16553 HG03453#1#JAGYVW010000157.1_2105722_2585000_1$HG02055#2#JAHEPJ010000017.1_24870122_25298560_1	0.0535191012315001 Reich
I16553 HG03492#2#JAHEPH010000288.1_2098270_2432686_1$HG02647.verkko_filt_pat.fa:haplotype2_0000857_103738150_104051769_0	0.0535044996302624 Reich
I16553 HG02886#2#JAHAOT010000031.1_87393_401061_0$HG02809.verkko_filt_mat.fa:haplotype1_0000023_94161320_94589755_0	0.0534954796823522 Reich
I16553 HG02723#2#JAHEOT010000034.1_19776337_20321518_1$HG00438#2#JAHBCA010000012.1_51513023_51826723_0	0.0534884926001496 Reich
I16553 HG02723#2#JAHEOT010000034.1_19776337_20321518_1$HG03710.verkko_filt_mat.fa:haplotype1_0000029_102593394_102907063_0	0.0534856601380267 Reich
I16553 HG03453#1#JAGYVW010000157.1_2105722_2585000_1$HG02647.verkko_filt_mat.fa:haplotype1_0000002_103892584_104321036_0	0.0534482879539419 Reich
I16553 HG03710.verkko_filt_mat.fa:haplotype1_0000029_102593394_102907063_0$HG02647.verkko_filt_mat.fa:haplotype1_0000002_103892584_104321036_0	0.0534320433461114 Reich
I16553 HG00438#2#JAHBCA010000012.1_51513023_51826723_0$HG02647.verkko_filt_mat.fa:haplotype1_0000002_103892584_104321036_0	0.0534263386430052 Reich
I16553 HG03579#2#JAGYVT010000094.1_51581892_51895531_0$HG01243#1#JAHEOY010000013.1_90081_424495_0	0.0533915930070342 Reich
I16553 HG03453#1#JAGYVW010000157.1_2105722_2585000_1$NA18906#2#JAHEON010000009.1_93748295_94249275_0	0.0533870960802713 Reich
I16553 AV_HG01361#haplotype2#0001322:101872897_102186552$HG03098#1#JAHEPM010000059.1_16676208_17105596_0	0.0533750424380283 Reich
I16553 HG02145#1#JAHKSG010000134.1_2102465_2647653_1$HG02809.verkko_filt_pat.fa:haplotype2_0001251_103421111_103827972_0	0.0533672616842108 Reich
I16553 HG03453#1#JAGYVW010000157.1_2105722_2585000_1$HG02809.verkko_filt_pat.fa:haplotype2_0001251_103421111_103827972_0	0.0533628623071730 Reich
I16553 HG02723#2#JAHEOT010000034.1_19776337_20321518_1$HG02109#2#JAHEPF010000078.1_16678387_16991144_0	0.0533614865492263 Reich
I16553 HG02886#2#JAHAOT010000031.1_87393_401061_0$HG02145#1#JAHKSG010000134.1_2102465_2647653_1	0.0533482284615046 Reich
I16553 HG01109#2#JAHEOZ010000047.1_16671232_17151375_0$HG02809.verkko_filt_mat.fa:haplotype1_0000023_94161320_94589755_0	0.0533217667669550 Reich
I16553 HG03486#2#JAHEOP010000248.1_2105565_2584784_1$HG01109#2#JAHEOZ010000047.1_16671232_17151375_0	0.0533149628512253 Reich
I16553 HG01243#1#JAHEOY010000013.1_90081_424495_0$HG02647.verkko_filt_pat.fa:haplotype2_0000857_103738150_104051769_0	0.0533134403451983 Reich
I16553 HG03098#2#JAHEPL010000003.1_93803759_94117426_0$HG02055#2#JAHEPJ010000017.1_24870122_25298560_1	0.0533029736927138 Reich
I16553 HG03486#2#JAHEOP010000248.1_2105565_2584784_1$HG02145#1#JAHKSG010000134.1_2102465_2647653_1	0.0533029333626248 Reich
I16553 HG02055#2#JAHEPJ010000017.1_24870122_25298560_1$HG02109#2#JAHEPF010000078.1_16678387_16991144_0	0.0532996813644391 Reich
I16553 HG03098#2#JAHEPL010000003.1_93803759_94117426_0$HG02723#2#JAHEOT010000034.1_19776337_20321518_1	0.0532961726122015 Reich
I16553 HG03098#1#JAHEPM010000059.1_16676208_17105596_0$HG02055#2#JAHEPJ010000017.1_24870122_25298560_1	0.0532660756985255 Reich
I16553 HG01123#2#JAGYYY010000006.1_51579630_51892388_0$HG02723#2#JAHEOT010000034.1_19776337_20321518_1	0.0531890626132139 Reich
I16553 HG03486#2#JAHEOP010000248.1_2105565_2584784_1$HG01891#1#JAGYVO010000014.1_22855818_23168577_1	0.0531886789307349 Reich
I16553 HG03098#1#JAHEPM010000059.1_16676208_17105596_0$HG02647.verkko_filt_mat.fa:haplotype1_0000002_103892584_104321036_0	0.0531779835445598 Reich
I16553 HG03098#2#JAHEPL010000003.1_93803759_94117426_0$HG02647.verkko_filt_mat.fa:haplotype1_0000002_103892584_104321036_0	0.0531776704769116 Reich
I16553 HG02109#2#JAHEPF010000078.1_16678387_16991144_0$HG02647.verkko_filt_mat.fa:haplotype1_0000002_103892584_104321036_0	0.0531758479722622 Reich
I16553 HG02723#2#JAHEOT010000034.1_19776337_20321518_1$HG04228.verkko_filt_pat.fa:haplotype2_0000600_103806749_104119491_0	0.0531433726785551 Reich
I16553 HG02723#1#JAHEOU010000204.1_2102082_2414876_1$HG02723#2#JAHEOT010000034.1_19776337_20321518_1	0.0531429296639069 Reich
I16553 HG02723#2#JAHEOT010000034.1_19776337_20321518_1$HG01109#2#JAHEOZ010000047.1_16671232_17151375_0	0.0531098413879818 Reich
I16553 HG03453#1#JAGYVW010000157.1_2105722_2585000_1$HG03486#2#JAHEOP010000248.1_2105565_2584784_1	0.0531087727379076 Reich
I16553 HG01123#2#JAGYYY010000006.1_51579630_51892388_0$HG02055#2#JAHEPJ010000017.1_24870122_25298560_1	0.0530967963993117 Reich
I16553 HG03453#1#JAGYVW010000157.1_2105722_2585000_1$HG02809.verkko_filt_mat.fa:haplotype1_0000023_94161320_94589755_0	0.0530853035270254 Reich
I16553 HG00733#1#JAHEPQ010000019.1_46106835_46420495_0$HG02809.verkko_filt_mat.fa:haplotype1_0000023_94161320_94589755_0	0.0530612285827617 Reich
I16553 HG03579#2#JAGYVT010000094.1_51581892_51895531_0$HG02809.verkko_filt_pat.fa:haplotype2_0001251_103421111_103827972_0	0.0530579330573641 Reich
I16553 HG02723#2#JAHEOT010000034.1_19776337_20321518_1$HG02293.verkko_filt_mat.fa:haplotype1_0000039_30204405_30517145_1	0.0530462573333729 Reich
I16553 HG02055#2#JAHEPJ010000017.1_24870122_25298560_1$HG04228.verkko_filt_pat.fa:haplotype2_0000600_103806749_104119491_0	0.0530409057195752 Reich
I16553 HG02723#1#JAHEOU010000204.1_2102082_2414876_1$HG02055#2#JAHEPJ010000017.1_24870122_25298560_1	0.0530276244088566 Reich
I16553 HG02145#1#JAHKSG010000134.1_2102465_2647653_1$HG00733#1#JAHEPQ010000019.1_46106835_46420495_0	0.0530054675215924 Reich
I16553 HG02647.verkko_filt_pat.fa:haplotype2_0000857_103738150_104051769_0$HG02809.verkko_filt_pat.fa:haplotype2_0001251_103421111_103827972_0	0.0529872893698143 Reich
I16553 HG01123#2#JAGYYY010000006.1_51579630_51892388_0$HG02647.verkko_filt_mat.fa:haplotype1_0000002_103892584_104321036_0	0.0529766253967494 Reich
I16553 HG02055#2#JAHEPJ010000017.1_24870122_25298560_1$HG02293.verkko_filt_mat.fa:haplotype1_0000039_30204405_30517145_1	0.0529716317004893 Reich
I16553 HG03453#1#JAGYVW010000157.1_2105722_2585000_1$HG02723#2#JAHEOT010000034.1_19776337_20321518_1	0.0529693525518169 Reich
I16553 HG03579#2#JAGYVT010000094.1_51581892_51895531_0$HG01109#2#JAHEOZ010000047.1_16671232_17151375_0	0.0529469383798596 Reich
I16553 HG03710.verkko_filt_mat.fa:haplotype1_0000029_102593394_102907063_0$HG02809.verkko_filt_mat.fa:haplotype1_0000023_94161320_94589755_0	0.0529319530123603 Reich
I16553 HG00438#2#JAHBCA010000012.1_51513023_51826723_0$HG02809.verkko_filt_mat.fa:haplotype1_0000023_94161320_94589755_0	0.0529307365873046 Reich
I16553 HG04228.verkko_filt_pat.fa:haplotype2_0000600_103806749_104119491_0$HG02647.verkko_filt_mat.fa:haplotype1_0000002_103892584_104321036_0	0.0529181214630964 Reich
I16553 HG02723#1#JAHEOU010000204.1_2102082_2414876_1$HG02647.verkko_filt_mat.fa:haplotype1_0000002_103892584_104321036_0	0.0529141396131957 Reich
I16553 AV_HG01361#haplotype2#0001322:101872897_102186552$HG02723#2#JAHEOT010000034.1_19776337_20321518_1	0.0529078118326732 Reich
I16553 HG00438#2#JAHBCA010000012.1_51513023_51826723_0$HG02145#1#JAHKSG010000134.1_2102465_2647653_1	0.0528957638145944 Reich
I16553 HG02145#1#JAHKSG010000134.1_2102465_2647653_1$HG03710.verkko_filt_mat.fa:haplotype1_0000029_102593394_102907063_0	0.0528943840985763 Reich
I16553 HG01109#2#JAHEOZ010000047.1_16671232_17151375_0$HG02647.verkko_filt_pat.fa:haplotype2_0000857_103738150_104051769_0	0.0528843557429511 Reich
I16553 HG02293.verkko_filt_mat.fa:haplotype1_0000039_30204405_30517145_1$HG02647.verkko_filt_mat.fa:haplotype1_0000002_103892584_104321036_0	0.0528692826083423 Reich
I16553 HG02886#2#JAHAOT010000031.1_87393_401061_0$HG00733#1#JAHEPQ010000019.1_46106835_46420495_0	0.0528480159928002 Reich
I16553 AV_HG01361#haplotype2#0001322:101872897_102186552$HG02055#2#JAHEPJ010000017.1_24870122_25298560_1	0.0528319791025185 Reich
I16553 HG03098#1#JAHEPM010000059.1_16676208_17105596_0$HG02809.verkko_filt_mat.fa:haplotype1_0000023_94161320_94589755_0	0.0527833450250416 Reich
I16553 HG02145#1#JAHKSG010000134.1_2102465_2647653_1$HG02109#2#JAHEPF010000078.1_16678387_16991144_0	0.0527718898520761 Reich
I16553 HG03492#2#JAHEPH010000288.1_2098270_2432686_1$HG01891#1#JAGYVO010000014.1_22855818_23168577_1	0.0527471945734951 Reich
I16553 AV_HG01361#haplotype2#0001322:101872897_102186552$HG02647.verkko_filt_mat.fa:haplotype1_0000002_103892584_104321036_0	0.0527109816138878 Reich
I16553 HG03098#2#JAHEPL010000003.1_93803759_94117426_0$HG02145#1#JAHKSG010000134.1_2102465_2647653_1	0.0527011604257711 Reich
I16553 HG02886#2#JAHAOT010000031.1_87393_401061_0$HG02109#2#JAHEPF010000078.1_16678387_16991144_0	0.0527007527967272 Reich
I16553 HG02886#2#JAHAOT010000031.1_87393_401061_0$HG03710.verkko_filt_mat.fa:haplotype1_0000029_102593394_102907063_0	0.0526994837746717 Reich
I16553 HG03098#2#JAHEPL010000003.1_93803759_94117426_0$HG02809.verkko_filt_mat.fa:haplotype1_0000023_94161320_94589755_0	0.0526992999238423 Reich
I16553 HG02109#2#JAHEPF010000078.1_16678387_16991144_0$HG02809.verkko_filt_mat.fa:haplotype1_0000023_94161320_94589755_0	0.0526963620880653 Reich
I16553 HG01109#2#JAHEOZ010000047.1_16671232_17151375_0$HG02145#1#JAHKSG010000134.1_2102465_2647653_1	0.0526698184177019 Reich
I16553 HG02055#2#JAHEPJ010000017.1_24870122_25298560_1$HG02647.verkko_filt_mat.fa:haplotype1_0000002_103892584_104321036_0	0.0526535641212544 Reich
I16553 HG00438#2#JAHBCA010000012.1_51513023_51826723_0$HG02886#2#JAHAOT010000031.1_87393_401061_0	0.0526294995463683 Reich
I16553 HG02723#2#JAHEOT010000034.1_19776337_20321518_1$HG03098#1#JAHEPM010000059.1_16676208_17105596_0	0.0526229824826355 Reich
I16553 HG01123#2#JAGYYY010000006.1_51579630_51892388_0$HG02145#1#JAHKSG010000134.1_2102465_2647653_1	0.0526118835749047 Reich
I16553 HG03453#1#JAGYVW010000157.1_2105722_2585000_1$HG03579#2#JAGYVT010000094.1_51581892_51895531_0	0.0525867483497573 Reich
I16553 HG01243#1#JAHEOY010000013.1_90081_424495_0$HG01891#1#JAGYVO010000014.1_22855818_23168577_1	0.0525625160742272 Reich
I16553 HG02145#1#JAHKSG010000134.1_2102465_2647653_1$HG04228.verkko_filt_pat.fa:haplotype2_0000600_103806749_104119491_0	0.0525565638411515 Reich
I16553 HG02723#1#JAHEOU010000204.1_2102082_2414876_1$HG02145#1#JAHKSG010000134.1_2102465_2647653_1	0.0525496067958293 Reich
I16553 HG03453#1#JAGYVW010000157.1_2105722_2585000_1$HG02647.verkko_filt_pat.fa:haplotype2_0000857_103738150_104051769_0	0.0525248433575772 Reich
I16553 HG03453#1#JAGYVW010000157.1_2105722_2585000_1$HG02145#1#JAHKSG010000134.1_2102465_2647653_1	0.0525198239298358 Reich
I16553 HG01123#2#JAGYYY010000006.1_51579630_51892388_0$HG02809.verkko_filt_mat.fa:haplotype1_0000023_94161320_94589755_0	0.0524941876787059 Reich
I16553 HG03453#1#JAGYVW010000157.1_2105722_2585000_1$HG01109#2#JAHEOZ010000047.1_16671232_17151375_0	0.0524616644345701 Reich
I16553 HG02145#1#JAHKSG010000134.1_2102465_2647653_1$HG02293.verkko_filt_mat.fa:haplotype1_0000039_30204405_30517145_1	0.0524610525435963 Reich
I16553 HG04228.verkko_filt_pat.fa:haplotype2_0000600_103806749_104119491_0$HG02809.verkko_filt_mat.fa:haplotype1_0000023_94161320_94589755_0	0.0524311505047467 Reich
I16553 HG02723#1#JAHEOU010000204.1_2102082_2414876_1$HG02809.verkko_filt_mat.fa:haplotype1_0000023_94161320_94589755_0	0.0524291842505785 Reich
I16553 HG01123#2#JAGYYY010000006.1_51579630_51892388_0$HG02886#2#JAHAOT010000031.1_87393_401061_0	0.0524275049169734 Reich
I16553 HG03098#2#JAHEPL010000003.1_93803759_94117426_0$HG02886#2#JAHAOT010000031.1_87393_401061_0	0.0523905747767679 Reich
I16553 HG02293.verkko_filt_mat.fa:haplotype1_0000039_30204405_30517145_1$HG02809.verkko_filt_mat.fa:haplotype1_0000023_94161320_94589755_0	0.0523732933138228 Reich
I16553 HG02723#1#JAHEOU010000204.1_2102082_2414876_1$HG02886#2#JAHAOT010000031.1_87393_401061_0	0.0523488393515721 Reich
I16553 HG02886#2#JAHAOT010000031.1_87393_401061_0$HG04228.verkko_filt_pat.fa:haplotype2_0000600_103806749_104119491_0	0.0523396677700348 Reich
I16553 HG01109#2#JAHEOZ010000047.1_16671232_17151375_0$HG01891#1#JAGYVO010000014.1_22855818_23168577_1	0.0523338585198298 Reich
I16553 AV_HG01361#haplotype2#0001322:101872897_102186552$HG02145#1#JAHKSG010000134.1_2102465_2647653_1	0.0523172631871383 Reich
I16553 HG01891#1#JAGYVO010000014.1_22855818_23168577_1$HG02809.verkko_filt_pat.fa:haplotype2_0001251_103421111_103827972_0	0.0523134755147816 Reich
I16553 HG03579#2#JAGYVT010000094.1_51581892_51895531_0$HG03098#1#JAHEPM010000059.1_16676208_17105596_0	0.0522772643034054 Reich
I16553 HG02055#2#JAHEPJ010000017.1_24870122_25298560_1$HG02809.verkko_filt_mat.fa:haplotype1_0000023_94161320_94589755_0	0.0522652411810887 Reich
I16553 HG02723#2#JAHEOT010000034.1_19776337_20321518_1$HG02055#2#JAHEPJ010000017.1_24870122_25298560_1	0.0522451389362681 Reich
I16553 AV_HG01361#haplotype2#0001322:101872897_102186552$HG02809.verkko_filt_mat.fa:haplotype1_0000023_94161320_94589755_0	0.0522298721425615 Reich
I16553 HG02109#2#JAHEPF010000078.1_16678387_16991144_0$HG00733#1#JAHEPQ010000019.1_46106835_46420495_0	0.0522141446390849 Reich
I16553 HG03098#1#JAHEPM010000059.1_16676208_17105596_0$HG02647.verkko_filt_pat.fa:haplotype2_0000857_103738150_104051769_0	0.0522037353152620 Reich
I16553 HG02809.verkko_filt_mat.fa:haplotype1_0000023_94161320_94589755_0$HG02647.verkko_filt_mat.fa:haplotype1_0000002_103892584_104321036_0	0.0521802539244765 Reich
I16553 HG00733#1#JAHEPQ010000019.1_46106835_46420495_0$HG03710.verkko_filt_mat.fa:haplotype1_0000029_102593394_102907063_0	0.0521769131889134 Reich
I16553 HG02723#2#JAHEOT010000034.1_19776337_20321518_1$HG02647.verkko_filt_mat.fa:haplotype1_0000002_103892584_104321036_0	0.0521655492913879 Reich
I16553 HG03098#1#JAHEPM010000059.1_16676208_17105596_0$HG02145#1#JAHKSG010000134.1_2102465_2647653_1	0.0521195238274420 Reich
I16553 HG02109#2#JAHEPF010000078.1_16678387_16991144_0$HG03710.verkko_filt_mat.fa:haplotype1_0000029_102593394_102907063_0	0.0520553592543709 Reich
I16553 HG02886#2#JAHAOT010000031.1_87393_401061_0$HG02293.verkko_filt_mat.fa:haplotype1_0000039_30204405_30517145_1	0.0520286154185156 Reich
I16553 HG00438#2#JAHBCA010000012.1_51513023_51826723_0$HG02109#2#JAHEPF010000078.1_16678387_16991144_0	0.0520212834657038 Reich
I16553 HG03579#2#JAGYVT010000094.1_51581892_51895531_0$HG02723#2#JAHEOT010000034.1_19776337_20321518_1	0.0520182589856820 Reich
I16553 HG00438#2#JAHBCA010000012.1_51513023_51826723_0$HG03710.verkko_filt_mat.fa:haplotype1_0000029_102593394_102907063_0	0.0520064624611120 Reich
I16553 HG02723#2#JAHEOT010000034.1_19776337_20321518_1$HG02647.verkko_filt_pat.fa:haplotype2_0000857_103738150_104051769_0	0.0519576715855501 Reich
I16553 HG03453#1#JAGYVW010000157.1_2105722_2585000_1$HG01891#1#JAGYVO010000014.1_22855818_23168577_1	0.0519541892705173 Reich
I16553 HG03098#2#JAHEPL010000003.1_93803759_94117426_0$HG00733#1#JAHEPQ010000019.1_46106835_46420495_0	0.0519229058432166 Reich
I16553 HG00438#2#JAHBCA010000012.1_51513023_51826723_0$HG00733#1#JAHEPQ010000019.1_46106835_46420495_0	0.0519228897521945 Reich
I16553 HG02723#2#JAHEOT010000034.1_19776337_20321518_1$HG02809.verkko_filt_mat.fa:haplotype1_0000023_94161320_94589755_0	0.0518446845063915 Reich
I16553 HG01123#2#JAGYYY010000006.1_51579630_51892388_0$HG03710.verkko_filt_mat.fa:haplotype1_0000029_102593394_102907063_0	0.0517877588205512 Reich
I16553 HG02055#2#JAHEPJ010000017.1_24870122_25298560_1$HG02145#1#JAHKSG010000134.1_2102465_2647653_1	0.0517528731642321 Reich
I16553 HG03098#2#JAHEPL010000003.1_93803759_94117426_0$HG03710.verkko_filt_mat.fa:haplotype1_0000029_102593394_102907063_0	0.0517452319846034 Reich
I16553 HG02723#1#JAHEOU010000204.1_2102082_2414876_1$HG00733#1#JAHEPQ010000019.1_46106835_46420495_0	0.0517448912830799 Reich
I16553 HG04228.verkko_filt_pat.fa:haplotype2_0000600_103806749_104119491_0$HG03710.verkko_filt_mat.fa:haplotype1_0000029_102593394_102907063_0	0.0517373374681033 Reich
I16553 HG03098#2#JAHEPL010000003.1_93803759_94117426_0$HG02109#2#JAHEPF010000078.1_16678387_16991144_0	0.0517215812267038 Reich
I16553 AV_HG01361#haplotype2#0001322:101872897_102186552$HG02886#2#JAHAOT010000031.1_87393_401061_0	0.0517183650411928 Reich
I16553 HG00733#1#JAHEPQ010000019.1_46106835_46420495_0$HG04228.verkko_filt_pat.fa:haplotype2_0000600_103806749_104119491_0	0.0517126847072824 Reich
I16553 HG02723#1#JAHEOU010000204.1_2102082_2414876_1$HG03710.verkko_filt_mat.fa:haplotype1_0000029_102593394_102907063_0	0.0517091657603417 Reich
I16553 HG03098#2#JAHEPL010000003.1_93803759_94117426_0$HG00438#2#JAHBCA010000012.1_51513023_51826723_0	0.0516916947847960 Reich
I16553 HG02145#1#JAHKSG010000134.1_2102465_2647653_1$HG02647.verkko_filt_mat.fa:haplotype1_0000002_103892584_104321036_0	0.0516758319205690 Reich
I16553 HG01123#2#JAGYYY010000006.1_51579630_51892388_0$HG00733#1#JAHEPQ010000019.1_46106835_46420495_0	0.0516664929334031 Reich
I16553 HG03579#2#JAGYVT010000094.1_51581892_51895531_0$HG02055#2#JAHEPJ010000017.1_24870122_25298560_1	0.0516587748350708 Reich
I16553 HG02055#2#JAHEPJ010000017.1_24870122_25298560_1$HG02647.verkko_filt_pat.fa:haplotype2_0000857_103738150_104051769_0	0.0515877230881106 Reich
I16553 HG03098#1#JAHEPM010000059.1_16676208_17105596_0$HG01891#1#JAGYVO010000014.1_22855818_23168577_1	0.0515854627983605 Reich
I16553 HG02723#1#JAHEOU010000204.1_2102082_2414876_1$HG00438#2#JAHBCA010000012.1_51513023_51826723_0	0.0515582452258498 Reich
I16553 HG00438#2#JAHBCA010000012.1_51513023_51826723_0$HG04228.verkko_filt_pat.fa:haplotype2_0000600_103806749_104119491_0	0.0515532439895297 Reich
I16553 HG03579#2#JAGYVT010000094.1_51581892_51895531_0$HG02647.verkko_filt_mat.fa:haplotype1_0000002_103892584_104321036_0	0.0515531391875458 Reich
I16553 HG01123#2#JAGYYY010000006.1_51579630_51892388_0$HG00438#2#JAHBCA010000012.1_51513023_51826723_0	0.0514993232097898 Reich
I16553 HG01123#2#JAGYYY010000006.1_51579630_51892388_0$HG03098#2#JAHEPL010000003.1_93803759_94117426_0	0.0514883317491763 Reich
I16553 HG02647.verkko_filt_pat.fa:haplotype2_0000857_103738150_104051769_0$HG02647.verkko_filt_mat.fa:haplotype1_0000002_103892584_104321036_0	0.0514781283483416 Reich
I16553 HG01123#2#JAGYYY010000006.1_51579630_51892388_0$HG02109#2#JAHEPF010000078.1_16678387_16991144_0	0.0514510326135626 Reich
I16553 HG02723#2#JAHEOT010000034.1_19776337_20321518_1$HG01891#1#JAGYVO010000014.1_22855818_23168577_1	0.0514414720996465 Reich
I16553 HG03579#2#JAGYVT010000094.1_51581892_51895531_0$HG02145#1#JAHKSG010000134.1_2102465_2647653_1	0.0514366568786901 Reich
I16553 HG03098#2#JAHEPL010000003.1_93803759_94117426_0$HG04228.verkko_filt_pat.fa:haplotype2_0000600_103806749_104119491_0	0.0514131903943059 Reich
I16553 HG02723#1#JAHEOU010000204.1_2102082_2414876_1$HG03098#2#JAHEPL010000003.1_93803759_94117426_0	0.0513932081978636 Reich
I16553 HG03710.verkko_filt_mat.fa:haplotype1_0000029_102593394_102907063_0$HG02293.verkko_filt_mat.fa:haplotype1_0000039_30204405_30517145_1	0.0513837981423426 Reich
I16553 HG00733#1#JAHEPQ010000019.1_46106835_46420495_0$HG02293.verkko_filt_mat.fa:haplotype1_0000039_30204405_30517145_1	0.0513773376157385 Reich
I16553 HG02145#1#JAHKSG010000134.1_2102465_2647653_1$HG02647.verkko_filt_pat.fa:haplotype2_0000857_103738150_104051769_0	0.0513766465632864 Reich
I16553 HG02109#2#JAHEPF010000078.1_16678387_16991144_0$HG04228.verkko_filt_pat.fa:haplotype2_0000600_103806749_104119491_0	0.0513723696377720 Reich
I16553 HG02723#1#JAHEOU010000204.1_2102082_2414876_1$HG02109#2#JAHEPF010000078.1_16678387_16991144_0	0.0513664099661003 Reich
I16553 HG02109#2#JAHEPF010000078.1_16678387_16991144_0$HG02293.verkko_filt_mat.fa:haplotype1_0000039_30204405_30517145_1	0.0513523155813161 Reich
I16553 HG02145#1#JAHKSG010000134.1_2102465_2647653_1$HG02809.verkko_filt_mat.fa:haplotype1_0000023_94161320_94589755_0	0.0513419661176804 Reich
I16553 AV_HG01361#haplotype2#0001322:101872897_102186552$HG00733#1#JAHEPQ010000019.1_46106835_46420495_0	0.0513060592217876 Reich
I16553 HG00438#2#JAHBCA010000012.1_51513023_51826723_0$HG02293.verkko_filt_mat.fa:haplotype1_0000039_30204405_30517145_1	0.0512297337405241 Reich
I16553 AV_HG01361#haplotype2#0001322:101872897_102186552$HG02109#2#JAHEPF010000078.1_16678387_16991144_0	0.0511643059611662 Reich
I16553 AV_HG01361#haplotype2#0001322:101872897_102186552$HG03710.verkko_filt_mat.fa:haplotype1_0000029_102593394_102907063_0	0.0511621193362918 Reich
I16553 AV_HG01361#haplotype2#0001322:101872897_102186552$HG00438#2#JAHBCA010000012.1_51513023_51826723_0	0.0511120067951925 Reich
I16553 HG03098#2#JAHEPL010000003.1_93803759_94117426_0$HG02293.verkko_filt_mat.fa:haplotype1_0000039_30204405_30517145_1	0.0510954358097375 Reich
I16553 HG02723#2#JAHEOT010000034.1_19776337_20321518_1$HG02145#1#JAHKSG010000134.1_2102465_2647653_1	0.0510914877912741 Reich
I16553 HG03579#2#JAGYVT010000094.1_51581892_51895531_0$HG02809.verkko_filt_mat.fa:haplotype1_0000023_94161320_94589755_0	0.0510575779427808 Reich
I16553 HG02723#1#JAHEOU010000204.1_2102082_2414876_1$HG01123#2#JAGYYY010000006.1_51579630_51892388_0	0.0509864605626991 Reich
I16553 HG02647.verkko_filt_pat.fa:haplotype2_0000857_103738150_104051769_0$HG02809.verkko_filt_mat.fa:haplotype1_0000023_94161320_94589755_0	0.0509851956858214 Reich
I16553 HG02723#1#JAHEOU010000204.1_2102082_2414876_1$HG04228.verkko_filt_pat.fa:haplotype2_0000600_103806749_104119491_0	0.0509805427995807 Reich
I16553 HG01123#2#JAGYYY010000006.1_51579630_51892388_0$HG04228.verkko_filt_pat.fa:haplotype2_0000600_103806749_104119491_0	0.0509608317940497 Reich
I16553 HG02055#2#JAHEPJ010000017.1_24870122_25298560_1$HG01891#1#JAGYVO010000014.1_22855818_23168577_1	0.0509497522250754 Reich
I16553 HG02723#1#JAHEOU010000204.1_2102082_2414876_1$HG02293.verkko_filt_mat.fa:haplotype1_0000039_30204405_30517145_1	0.0509452464713566 Reich
I16553 HG01123#2#JAGYYY010000006.1_51579630_51892388_0$HG02293.verkko_filt_mat.fa:haplotype1_0000039_30204405_30517145_1	0.0509313668235111 Reich
I16553 AV_HG01361#haplotype2#0001322:101872897_102186552$HG01123#2#JAGYYY010000006.1_51579630_51892388_0	0.0508795385831197 Reich
I16553 HG04228.verkko_filt_pat.fa:haplotype2_0000600_103806749_104119491_0$HG02293.verkko_filt_mat.fa:haplotype1_0000039_30204405_30517145_1	0.0508621383467349 Reich
I16553 HG02145#1#JAHKSG010000134.1_2102465_2647653_1$HG01891#1#JAGYVO010000014.1_22855818_23168577_1	0.0508597144605654 Reich
I16553 AV_HG01361#haplotype2#0001322:101872897_102186552$HG03098#2#JAHEPL010000003.1_93803759_94117426_0	0.0508518497442552 Reich
I16553 HG01891#1#JAGYVO010000014.1_22855818_23168577_1$HG02647.verkko_filt_mat.fa:haplotype1_0000002_103892584_104321036_0	0.0508274123592240 Reich
I16553 AV_HG01361#haplotype2#0001322:101872897_102186552$HG02723#1#JAHEOU010000204.1_2102082_2414876_1	0.0507974133153771 Reich
I16553 AV_HG01361#haplotype2#0001322:101872897_102186552$HG04228.verkko_filt_pat.fa:haplotype2_0000600_103806749_104119491_0	0.0507806414915737 Reich
I16553 HG03579#2#JAGYVT010000094.1_51581892_51895531_0$HG02886#2#JAHAOT010000031.1_87393_401061_0	0.0505688372684626 Reich
I16553 HG02886#2#JAHAOT010000031.1_87393_401061_0$HG02647.verkko_filt_pat.fa:haplotype2_0000857_103738150_104051769_0	0.0504788944647941 Reich
I16553 AV_HG01361#haplotype2#0001322:101872897_102186552$HG02293.verkko_filt_mat.fa:haplotype1_0000039_30204405_30517145_1	0.0504753638392606 Reich
I16553 HG01891#1#JAGYVO010000014.1_22855818_23168577_1$HG02809.verkko_filt_mat.fa:haplotype1_0000023_94161320_94589755_0	0.0503495992806778 Reich
I16553 HG03579#2#JAGYVT010000094.1_51581892_51895531_0$HG00733#1#JAHEPQ010000019.1_46106835_46420495_0	0.0500710760345726 Reich
I16553 HG00733#1#JAHEPQ010000019.1_46106835_46420495_0$HG02647.verkko_filt_pat.fa:haplotype2_0000857_103738150_104051769_0	0.0499828236049122 Reich
I16553 HG03579#2#JAGYVT010000094.1_51581892_51895531_0$HG03710.verkko_filt_mat.fa:haplotype1_0000029_102593394_102907063_0	0.0499519718718301 Reich
I16553 HG03579#2#JAGYVT010000094.1_51581892_51895531_0$HG00438#2#JAHBCA010000012.1_51513023_51826723_0	0.0498716161705399 Reich
I16553 HG03710.verkko_filt_mat.fa:haplotype1_0000029_102593394_102907063_0$HG02647.verkko_filt_pat.fa:haplotype2_0000857_103738150_104051769_0	0.0498609715248204 Reich
I16553 HG00438#2#JAHBCA010000012.1_51513023_51826723_0$HG02647.verkko_filt_pat.fa:haplotype2_0000857_103738150_104051769_0	0.0497805698378107 Reich
I16553 HG02886#2#JAHAOT010000031.1_87393_401061_0$HG01891#1#JAGYVO010000014.1_22855818_23168577_1	0.0497199231774125 Reich
I16553 HG03579#2#JAGYVT010000094.1_51581892_51895531_0$HG02109#2#JAHEPF010000078.1_16678387_16991144_0	0.0496501134758490 Reich
I16553 HG03579#2#JAGYVT010000094.1_51581892_51895531_0$HG03098#2#JAHEPL010000003.1_93803759_94117426_0	0.0496283196843637 Reich
I16553 HG02109#2#JAHEPF010000078.1_16678387_16991144_0$HG02647.verkko_filt_pat.fa:haplotype2_0000857_103738150_104051769_0	0.0495601877684945 Reich
I16553 HG03098#2#JAHEPL010000003.1_93803759_94117426_0$HG02647.verkko_filt_pat.fa:haplotype2_0000857_103738150_104051769_0	0.0495392239858224 Reich
I16553 HG01123#2#JAGYYY010000006.1_51579630_51892388_0$HG03579#2#JAGYVT010000094.1_51581892_51895531_0	0.0493661931012427 Reich
I16553 HG03579#2#JAGYVT010000094.1_51581892_51895531_0$HG04228.verkko_filt_pat.fa:haplotype2_0000600_103806749_104119491_0	0.0493030906265378 Reich
I16553 HG02723#1#JAHEOU010000204.1_2102082_2414876_1$HG03579#2#JAGYVT010000094.1_51581892_51895531_0	0.0492935507393282 Reich
I16553 HG01123#2#JAGYYY010000006.1_51579630_51892388_0$HG02647.verkko_filt_pat.fa:haplotype2_0000857_103738150_104051769_0	0.0492769827777242 Reich
I16553 HG03579#2#JAGYVT010000094.1_51581892_51895531_0$HG02293.verkko_filt_mat.fa:haplotype1_0000039_30204405_30517145_1	0.0492489891978252 Reich
I16553 HG00733#1#JAHEPQ010000019.1_46106835_46420495_0$HG01891#1#JAGYVO010000014.1_22855818_23168577_1	0.0492277481487430 Reich
I16553 HG04228.verkko_filt_pat.fa:haplotype2_0000600_103806749_104119491_0$HG02647.verkko_filt_pat.fa:haplotype2_0000857_103738150_104051769_0	0.0492158734901903 Reich
I16553 HG02723#1#JAHEOU010000204.1_2102082_2414876_1$HG02647.verkko_filt_pat.fa:haplotype2_0000857_103738150_104051769_0	0.0492044407887723 Reich
I16553 HG02647.verkko_filt_pat.fa:haplotype2_0000857_103738150_104051769_0$HG02293.verkko_filt_mat.fa:haplotype1_0000039_30204405_30517145_1	0.0491596221209447 Reich
I16553 HG01891#1#JAGYVO010000014.1_22855818_23168577_1$HG03710.verkko_filt_mat.fa:haplotype1_0000029_102593394_102907063_0	0.0491199327172590 Reich
I16553 AV_HG01361#haplotype2#0001322:101872897_102186552$HG03579#2#JAGYVT010000094.1_51581892_51895531_0	0.0490541553623455 Reich
I16553 HG00438#2#JAHBCA010000012.1_51513023_51826723_0$HG01891#1#JAGYVO010000014.1_22855818_23168577_1	0.0490315387228982 Reich
I16553 AV_HG01361#haplotype2#0001322:101872897_102186552$HG02647.verkko_filt_pat.fa:haplotype2_0000857_103738150_104051769_0	0.0489629990581181 Reich
I16553 HG03098#2#JAHEPL010000003.1_93803759_94117426_0$HG01891#1#JAGYVO010000014.1_22855818_23168577_1	0.0487801218604381 Reich
I16553 HG02109#2#JAHEPF010000078.1_16678387_16991144_0$HG01891#1#JAGYVO010000014.1_22855818_23168577_1	0.0487569748671029 Reich
I16553 HG01123#2#JAGYYY010000006.1_51579630_51892388_0$HG01891#1#JAGYVO010000014.1_22855818_23168577_1	0.0484813279308295 Reich
I16553 HG01891#1#JAGYVO010000014.1_22855818_23168577_1$HG04228.verkko_filt_pat.fa:haplotype2_0000600_103806749_104119491_0	0.0484193241143607 Reich
I16553 HG02723#1#JAHEOU010000204.1_2102082_2414876_1$HG01891#1#JAGYVO010000014.1_22855818_23168577_1	0.0483940273943785 Reich
I16553 HG01891#1#JAGYVO010000014.1_22855818_23168577_1$HG02293.verkko_filt_mat.fa:haplotype1_0000039_30204405_30517145_1	0.0483786573832661 Reich
I16553 AV_HG01361#haplotype2#0001322:101872897_102186552$HG01891#1#JAGYVO010000014.1_22855818_23168577_1	0.0481956301840576 Reich
I16553 HG03579#2#JAGYVT010000094.1_51581892_51895531_0$HG02647.verkko_filt_pat.fa:haplotype2_0000857_103738150_104051769_0	0.0472928952010596 Reich
I16553 HG03579#2#JAGYVT010000094.1_51581892_51895531_0$HG01891#1#JAGYVO010000014.1_22855818_23168577_1	0.0466345212688246 Reich
I16553 HG01891#1#JAGYVO010000014.1_22855818_23168577_1$HG02647.verkko_filt_pat.fa:haplotype2_0000857_103738150_104051769_0	0.0465431682783660 Reich
