HGDP01354 HG02080#1#JAHEOW010000048.1_16689583_17097287_0$HG04228.verkko_filt_pat.fa:haplotype2_0000600_103806749_104119491_0	0.9786080400287013 HGDP
HGDP01354 AV_HG01361#haplotype2#0001322:101872897_102186552$HG01123#1#JAGYYZ010000015.1_51528240_51935090_0	0.9785457354463655 HGDP
HGDP01354 HG04228.verkko_filt_pat.fa:haplotype2_0000600_103806749_104119491_0$HG02300.verkko_filt_mat.fa:haplotype1_0000028_144052837_144460586_1	0.9784503932030153 HGDP
HGDP01354 HG02080#1#JAHEOW010000048.1_16689583_17097287_0$HG02109#2#JAHEPF010000078.1_16678387_16991144_0	0.9784469776622792 HGDP
HGDP01354 AV_HG01361#haplotype2#0001322:101872897_102186552$HG02717#2#JAHAOR010000006.1_19663827_20070693_1	0.9783683669154084 HGDP
HGDP01354 HG02080#1#JAHEOW010000048.1_16689583_17097287_0$HG01123#2#JAGYYY010000006.1_51579630_51892388_0	0.9783525165246074 HGDP
HGDP01354 HG02109#2#JAHEPF010000078.1_16678387_16991144_0$HG02300.verkko_filt_mat.fa:haplotype1_0000028_144052837_144460586_1	0.9783520388199834 HGDP
HGDP01354 HG02080#1#JAHEOW010000048.1_16689583_17097287_0$HG03579#2#JAGYVT010000094.1_51581892_51895531_0	0.9783421075302932 HGDP
HGDP01354 HG02080#1#JAHEOW010000048.1_16689583_17097287_0$HG02647.verkko_filt_pat.fa:haplotype2_0000857_103738150_104051769_0	0.9783278531875726 HGDP
HGDP01354 HG02080#1#JAHEOW010000048.1_16689583_17097287_0$HG01891#1#JAGYVO010000014.1_22855818_23168577_1	0.9782837157844811 HGDP
HGDP01354 HG03579#2#JAGYVT010000094.1_51581892_51895531_0$HG02300.verkko_filt_mat.fa:haplotype1_0000028_144052837_144460586_1	0.9782221123789627 HGDP
HGDP01354 HG01123#1#JAGYYZ010000015.1_51528240_51935090_0$HG02886#2#JAHAOT010000031.1_87393_401061_0	0.9782071433035684 HGDP
HGDP01354 HG02647.verkko_filt_pat.fa:haplotype2_0000857_103738150_104051769_0$HG02300.verkko_filt_mat.fa:haplotype1_0000028_144052837_144460586_1	0.9781953219327103 HGDP
HGDP01354 HG04228.verkko_filt_pat.fa:haplotype2_0000600_103806749_104119491_0$HG01099.verkko_filt_mat.fa:haplotype1_0000034_142513097_142920876_1	0.9781377783215984 HGDP
HGDP01354 HG01123#2#JAGYYY010000006.1_51579630_51892388_0$HG02300.verkko_filt_mat.fa:haplotype1_0000028_144052837_144460586_1	0.9781192309630599 HGDP
HGDP01354 AV_HG01361#haplotype2#0001322:101872897_102186552$HG005#1#JAHEPO010000002.1_51519219_51926067_0	0.9780932745086340 HGDP
HGDP01354 HG01891#1#JAGYVO010000014.1_22855818_23168577_1$HG02300.verkko_filt_mat.fa:haplotype1_0000028_144052837_144460586_1	0.9780884777812799 HGDP
HGDP01354 HG03579#2#JAGYVT010000094.1_51581892_51895531_0$HG01099.verkko_filt_mat.fa:haplotype1_0000034_142513097_142920876_1	0.9780727304733126 HGDP
HGDP01354 NA19240#2#JAHEOL010000010.1_37445323_37853017_0$HG04228.verkko_filt_pat.fa:haplotype2_0000600_103806749_104119491_0	0.9780632257556807 HGDP
HGDP01354 AV_HG01361#haplotype1#0000023:101593539_102001341$HG03579#2#JAGYVT010000094.1_51581892_51895531_0	0.9780573020212998 HGDP
HGDP01354 HG01099.verkko_filt_mat.fa:haplotype1_0000034_142513097_142920876_1$HG02647.verkko_filt_pat.fa:haplotype2_0000857_103738150_104051769_0	0.9780458902153867 HGDP
HGDP01354 AV_HG01361#haplotype1#0000023:101593539_102001341$HG04228.verkko_filt_pat.fa:haplotype2_0000600_103806749_104119491_0	0.9780346595495670 HGDP
HGDP01354 AV_HG01361#haplotype1#0000023:101593539_102001341$HG02647.verkko_filt_pat.fa:haplotype2_0000857_103738150_104051769_0	0.9780179439905667 HGDP
HGDP01354 HG02109#2#JAHEPF010000078.1_16678387_16991144_0$HG01099.verkko_filt_mat.fa:haplotype1_0000034_142513097_142920876_1	0.9779645087209548 HGDP
HGDP01354 HG02886#2#JAHAOT010000031.1_87393_401061_0$HG02717#2#JAHAOR010000006.1_19663827_20070693_1	0.9779547950527100 HGDP
HGDP01354 AV_HG01361#haplotype1#0000023:101593539_102001341$HG02109#2#JAHEPF010000078.1_16678387_16991144_0	0.9779490801567167 HGDP
HGDP01354 AV_HG01361#haplotype1#0000023:101593539_102001341$HG01123#2#JAGYYY010000006.1_51579630_51892388_0	0.9779285910293041 HGDP
HGDP01354 HG005#1#JAHEPO010000002.1_51519219_51926067_0$HG02886#2#JAHAOT010000031.1_87393_401061_0	0.9779158333033333 HGDP
HGDP01354 AV_HG00673#haplotype2#0001165:24014011_24421797$HG02647.verkko_filt_pat.fa:haplotype2_0000857_103738150_104051769_0	0.9778690528869490 HGDP
HGDP01354 AV_HG01361#haplotype2#0001322:101872897_102186552$HG01258#2#JAGYYU010000072.1_51562603_51970395_0	0.9778663930203642 HGDP
HGDP01354 AV_HG00673#haplotype2#0001165:24014011_24421797$HG03579#2#JAGYVT010000094.1_51581892_51895531_0	0.9778459811793163 HGDP
HGDP01354 HG01123#2#JAGYYY010000006.1_51579630_51892388_0$HG01099.verkko_filt_mat.fa:haplotype1_0000034_142513097_142920876_1	0.9778183656505611 HGDP
HGDP01354 AV_HG01361#haplotype1#0000023:101593539_102001341$HG01891#1#JAGYVO010000014.1_22855818_23168577_1	0.9778108004286550 HGDP
HGDP01354 HG01258#2#JAGYYU010000072.1_51562603_51970395_0$HG04228.verkko_filt_pat.fa:haplotype2_0000600_103806749_104119491_0	0.9777977615463400 HGDP
HGDP01354 HG01123#2#JAGYYY010000006.1_51579630_51892388_0$NA19240#2#JAHEOL010000010.1_37445323_37853017_0	0.9777680122187306 HGDP
HGDP01354 HG02109#2#JAHEPF010000078.1_16678387_16991144_0$NA19240#2#JAHEOL010000010.1_37445323_37853017_0	0.9777528907692304 HGDP
HGDP01354 HG03579#2#JAGYVT010000094.1_51581892_51895531_0$NA19240#2#JAHEOL010000010.1_37445323_37853017_0	0.9777488527199579 HGDP
HGDP01354 NA19240#2#JAHEOL010000010.1_37445323_37853017_0$HG02647.verkko_filt_pat.fa:haplotype2_0000857_103738150_104051769_0	0.9777468174367480 HGDP
HGDP01354 HG01891#1#JAGYVO010000014.1_22855818_23168577_1$HG01099.verkko_filt_mat.fa:haplotype1_0000034_142513097_142920876_1	0.9777385900625657 HGDP
HGDP01354 AV_HG01361#haplotype2#0001322:101872897_102186552$HG00741#2#JAHALX010000013.1_51574319_51981226_0	0.9777363354302766 HGDP
HGDP01354 NA19240#2#JAHEOL010000010.1_37445323_37853017_0$HG01891#1#JAGYVO010000014.1_22855818_23168577_1	0.9777270437288261 HGDP
HGDP01354 HG02080#1#JAHEOW010000048.1_16689583_17097287_0$HG02723#1#JAHEOU010000204.1_2102082_2414876_1	0.9777095133336463 HGDP
HGDP01354 AV_HG00673#haplotype2#0001165:24014011_24421797$HG02109#2#JAHEPF010000078.1_16678387_16991144_0	0.9777001517299116 HGDP
HGDP01354 AV_HG00673#haplotype2#0001165:24014011_24421797$HG01891#1#JAGYVO010000014.1_22855818_23168577_1	0.9776993867802231 HGDP
HGDP01354 HG03579#2#JAGYVT010000094.1_51581892_51895531_0$HG02717#2#JAHAOR010000006.1_19663827_20070693_1	0.9776532354347829 HGDP
HGDP01354 HG02717#2#JAHAOR010000006.1_19663827_20070693_1$HG02647.verkko_filt_pat.fa:haplotype2_0000857_103738150_104051769_0	0.9776382325955419 HGDP
HGDP01354 HG02886#2#JAHAOT010000031.1_87393_401061_0$HG00741#2#JAHALX010000013.1_51574319_51981226_0	0.9776200137288821 HGDP
HGDP01354 HG02717#2#JAHAOR010000006.1_19663827_20070693_1$HG04228.verkko_filt_pat.fa:haplotype2_0000600_103806749_104119491_0	0.9776162665801206 HGDP
HGDP01354 HG02886#2#JAHAOT010000031.1_87393_401061_0$HG01258#2#JAGYYU010000072.1_51562603_51970395_0	0.9776014876214231 HGDP
HGDP01354 HG01123#1#JAGYYZ010000015.1_51528240_51935090_0$HG04228.verkko_filt_pat.fa:haplotype2_0000600_103806749_104119491_0	0.9775447501092772 HGDP
HGDP01354 HG02559#2#JAGYVJ010000037.1_52167780_52574597_1$HG02647.verkko_filt_pat.fa:haplotype2_0000857_103738150_104051769_0	0.9775087521683502 HGDP
HGDP01354 HG03516#1#JAGYYT010000012.1_24170958_24578778_1$HG02647.verkko_filt_pat.fa:haplotype2_0000857_103738150_104051769_0	0.9775044085850148 HGDP
HGDP01354 HG02559#2#JAGYVJ010000037.1_52167780_52574597_1$HG03579#2#JAGYVT010000094.1_51581892_51895531_0	0.9774863952490424 HGDP
HGDP01354 HG03516#1#JAGYYT010000012.1_24170958_24578778_1$HG04228.verkko_filt_pat.fa:haplotype2_0000600_103806749_104119491_0	0.9774827170552806 HGDP
HGDP01354 HG01123#2#JAGYYY010000006.1_51579630_51892388_0$HG03516#1#JAGYYT010000012.1_24170958_24578778_1	0.9774714709696815 HGDP
HGDP01354 HG03579#2#JAGYVT010000094.1_51581892_51895531_0$HG03516#1#JAGYYT010000012.1_24170958_24578778_1	0.9774694988956928 HGDP
HGDP01354 HG03579#2#JAGYVT010000094.1_51581892_51895531_0$HG01123#1#JAGYYZ010000015.1_51528240_51935090_0	0.9774576923121350 HGDP
HGDP01354 HG01123#1#JAGYYZ010000015.1_51528240_51935090_0$HG02647.verkko_filt_pat.fa:haplotype2_0000857_103738150_104051769_0	0.9774550502768452 HGDP
HGDP01354 HG04228.verkko_filt_pat.fa:haplotype2_0000600_103806749_104119491_0$HG03927.verkko_filt_mat.fa:haplotype1_0000009_134765170_135173010_1	0.9774220354342412 HGDP
HGDP01354 HG02723#1#JAHEOU010000204.1_2102082_2414876_1$HG02300.verkko_filt_mat.fa:haplotype1_0000028_144052837_144460586_1	0.9774014018476589 HGDP
HGDP01354 AV_HG01361#haplotype2#0001322:101872897_102186552$HG02486#2#JAGYVL010000029.1_94163344_94570162_0	0.9773886806599831 HGDP
HGDP01354 AV_HG00673#haplotype2#0001165:24014011_24421797$HG04228.verkko_filt_pat.fa:haplotype2_0000600_103806749_104119491_0	0.9773479755396266 HGDP
HGDP01354 HG005#1#JAHEPO010000002.1_51519219_51926067_0$HG02647.verkko_filt_pat.fa:haplotype2_0000857_103738150_104051769_0	0.9773266853960567 HGDP
HGDP01354 AV_HG00673#haplotype2#0001165:24014011_24421797$HG01123#2#JAGYYY010000006.1_51579630_51892388_0	0.9773144641695182 HGDP
HGDP01354 HG005#1#JAHEPO010000002.1_51519219_51926067_0$HG03579#2#JAGYVT010000094.1_51581892_51895531_0	0.9773046205002512 HGDP
HGDP01354 HG01123#1#JAGYYZ010000015.1_51528240_51935090_0$HG03710.verkko_filt_mat.fa:haplotype1_0000029_102593394_102907063_0	0.9773035950818932 HGDP
HGDP01354 HG02717#2#JAHAOR010000006.1_19663827_20070693_1$HG03710.verkko_filt_mat.fa:haplotype1_0000029_102593394_102907063_0	0.9773005223936999 HGDP
HGDP01354 HG03516#1#JAGYYT010000012.1_24170958_24578778_1$HG02109#2#JAHEPF010000078.1_16678387_16991144_0	0.9772986772415309 HGDP
HGDP01354 AV_HG01361#haplotype2#0001322:101872897_102186552$HG02886#1#JAHAOU010000178.1_62411_469262_0	0.9772268819269412 HGDP
HGDP01354 HG005#1#JAHEPO010000002.1_51519219_51926067_0$HG04228.verkko_filt_pat.fa:haplotype2_0000600_103806749_104119491_0	0.9772177321406545 HGDP
HGDP01354 AV_HG01361#haplotype2#0001322:101872897_102186552$HG02809.verkko_filt_pat.fa:haplotype2_0001251_103421111_103827972_0	0.9772155358898221 HGDP
HGDP01354 HG01258#2#JAGYYU010000072.1_51562603_51970395_0$HG02647.verkko_filt_pat.fa:haplotype2_0000857_103738150_104051769_0	0.9771994972570852 HGDP
HGDP01354 HG03516#1#JAGYYT010000012.1_24170958_24578778_1$HG01891#1#JAGYVO010000014.1_22855818_23168577_1	0.9771975370361772 HGDP
HGDP01354 HG03579#2#JAGYVT010000094.1_51581892_51895531_0$HG01258#2#JAGYYU010000072.1_51562603_51970395_0	0.9771898780262960 HGDP
HGDP01354 AV_HG01361#haplotype2#0001322:101872897_102186552$HG02559#2#JAGYVJ010000037.1_52167780_52574597_1	0.9771828522103231 HGDP
HGDP01354 HG03098#2#JAHEPL010000003.1_93803759_94117426_0$HG02717#2#JAHAOR010000006.1_19663827_20070693_1	0.9771583901836053 HGDP
HGDP01354 AV_HG01361#haplotype2#0001322:101872897_102186552$HG01109#1#JAHEPA010000099.1_2104245_2511104_1	0.9771452471740674 HGDP
HGDP01354 HG01123#1#JAGYYZ010000015.1_51528240_51935090_0$HG01891#1#JAGYVO010000014.1_22855818_23168577_1	0.9770863915400607 HGDP
HGDP01354 HG02559#2#JAGYVJ010000037.1_52167780_52574597_1$HG02109#2#JAHEPF010000078.1_16678387_16991144_0	0.9770796215244699 HGDP
HGDP01354 HG01123#1#JAGYYZ010000015.1_51528240_51935090_0$HG02109#2#JAHEPF010000078.1_16678387_16991144_0	0.9770513273082596 HGDP
HGDP01354 HG01123#2#JAGYYY010000006.1_51579630_51892388_0$HG01258#2#JAGYYU010000072.1_51562603_51970395_0	0.9770505797948064 HGDP
HGDP01354 AV_HG01361#haplotype1#0000023:101593539_102001341$HG02723#1#JAHEOU010000204.1_2102082_2414876_1	0.9770486687892797 HGDP
HGDP01354 HG01123#2#JAGYYY010000006.1_51579630_51892388_0$HG01123#1#JAGYYZ010000015.1_51528240_51935090_0	0.9770460292687783 HGDP
HGDP01354 HG02559#2#JAGYVJ010000037.1_52167780_52574597_1$HG03098#2#JAHEPL010000003.1_93803759_94117426_0	0.9770291433003139 HGDP
HGDP01354 HG02723#1#JAHEOU010000204.1_2102082_2414876_1$HG01099.verkko_filt_mat.fa:haplotype1_0000034_142513097_142920876_1	0.9770265727380316 HGDP
HGDP01354 HG02109#2#JAHEPF010000078.1_16678387_16991144_0$HG02717#2#JAHAOR010000006.1_19663827_20070693_1	0.9770237002492231 HGDP
HGDP01354 HG02559#2#JAGYVJ010000037.1_52167780_52574597_1$HG04228.verkko_filt_pat.fa:haplotype2_0000600_103806749_104119491_0	0.9770147779143611 HGDP
HGDP01354 HG00741#2#JAHALX010000013.1_51574319_51981226_0$HG02647.verkko_filt_pat.fa:haplotype2_0000857_103738150_104051769_0	0.9769961345499504 HGDP
HGDP01354 HG02559#2#JAGYVJ010000037.1_52167780_52574597_1$HG02886#2#JAHAOT010000031.1_87393_401061_0	0.9769921396172996 HGDP
HGDP01354 HG03098#2#JAHEPL010000003.1_93803759_94117426_0$HG01123#1#JAGYYZ010000015.1_51528240_51935090_0	0.9769874184504053 HGDP
HGDP01354 HG03579#2#JAGYVT010000094.1_51581892_51895531_0$HG00741#2#JAHALX010000013.1_51574319_51981226_0	0.9769866899796853 HGDP
HGDP01354 HG01258#2#JAGYYU010000072.1_51562603_51970395_0$HG01891#1#JAGYVO010000014.1_22855818_23168577_1	0.9769796573159181 HGDP
HGDP01354 HG02723#1#JAHEOU010000204.1_2102082_2414876_1$NA19240#2#JAHEOL010000010.1_37445323_37853017_0	0.9769778680531096 HGDP
HGDP01354 HG01258#2#JAGYYU010000072.1_51562603_51970395_0$HG02109#2#JAHEPF010000078.1_16678387_16991144_0	0.9769695181902236 HGDP
HGDP01354 HG01109#1#JAHEPA010000099.1_2104245_2511104_1$HG02886#2#JAHAOT010000031.1_87393_401061_0	0.9769664517386474 HGDP
HGDP01354 HG02559#2#JAGYVJ010000037.1_52167780_52574597_1$HG01123#2#JAGYYY010000006.1_51579630_51892388_0	0.9769637085647082 HGDP
HGDP01354 HG03927.verkko_filt_mat.fa:haplotype1_0000009_134765170_135173010_1$HG02647.verkko_filt_pat.fa:haplotype2_0000857_103738150_104051769_0	0.9769457344529853 HGDP
HGDP01354 HG01123#2#JAGYYY010000006.1_51579630_51892388_0$HG02717#2#JAHAOR010000006.1_19663827_20070693_1	0.9769434930930241 HGDP
HGDP01354 HG03579#2#JAGYVT010000094.1_51581892_51895531_0$HG03927.verkko_filt_mat.fa:haplotype1_0000009_134765170_135173010_1	0.9769233471887467 HGDP
HGDP01354 HG005#1#JAHEPO010000002.1_51519219_51926067_0$HG03098#2#JAHEPL010000003.1_93803759_94117426_0	0.9769084350941787 HGDP
HGDP01354 HG02717#2#JAHAOR010000006.1_19663827_20070693_1$HG01891#1#JAGYVO010000014.1_22855818_23168577_1	0.9768975493007460 HGDP
HGDP01354 HG00741#2#JAHALX010000013.1_51574319_51981226_0$HG03710.verkko_filt_mat.fa:haplotype1_0000029_102593394_102907063_0	0.9768673319323633 HGDP
HGDP01354 HG00733#1#JAHEPQ010000019.1_46106835_46420495_0$HG02717#2#JAHAOR010000006.1_19663827_20070693_1	0.9768658271220459 HGDP
HGDP01354 HG005#1#JAHEPO010000002.1_51519219_51926067_0$HG03710.verkko_filt_mat.fa:haplotype1_0000029_102593394_102907063_0	0.9768640063836421 HGDP
HGDP01354 HG02886#2#JAHAOT010000031.1_87393_401061_0$HG02809.verkko_filt_pat.fa:haplotype2_0001251_103421111_103827972_0	0.9768515285206496 HGDP
HGDP01354 HG005#1#JAHEPO010000002.1_51519219_51926067_0$HG02109#2#JAHEPF010000078.1_16678387_16991144_0	0.9768489088112867 HGDP
HGDP01354 HG02559#2#JAGYVJ010000037.1_52167780_52574597_1$HG03710.verkko_filt_mat.fa:haplotype1_0000029_102593394_102907063_0	0.9768478950146304 HGDP
HGDP01354 HG02109#2#JAHEPF010000078.1_16678387_16991144_0$HG03927.verkko_filt_mat.fa:haplotype1_0000009_134765170_135173010_1	0.9768394848277029 HGDP
HGDP01354 HG02559#2#JAGYVJ010000037.1_52167780_52574597_1$HG01891#1#JAGYVO010000014.1_22855818_23168577_1	0.9768045469510748 HGDP
HGDP01354 HG01258#2#JAGYYU010000072.1_51562603_51970395_0$HG02293.verkko_filt_mat.fa:haplotype1_0000039_30204405_30517145_1	0.9768017382865957 HGDP
HGDP01354 HG005#1#JAHEPO010000002.1_51519219_51926067_0$HG01891#1#JAGYVO010000014.1_22855818_23168577_1	0.9767970327207657 HGDP
HGDP01354 HG01123#1#JAGYYZ010000015.1_51528240_51935090_0$HG00733#1#JAHEPQ010000019.1_46106835_46420495_0	0.9767941788209898 HGDP
HGDP01354 HG01123#2#JAGYYY010000006.1_51579630_51892388_0$HG03927.verkko_filt_mat.fa:haplotype1_0000009_134765170_135173010_1	0.9767621456613236 HGDP
HGDP01354 HG01258#2#JAGYYU010000072.1_51562603_51970395_0$HG03710.verkko_filt_mat.fa:haplotype1_0000029_102593394_102907063_0	0.9767489872841328 HGDP
HGDP01354 AV_HG00673#haplotype2#0001165:24014011_24421797$HG02723#1#JAHEOU010000204.1_2102082_2414876_1	0.9767375069346971 HGDP
HGDP01354 HG005#1#JAHEPO010000002.1_51519219_51926067_0$HG01123#2#JAGYYY010000006.1_51579630_51892388_0	0.9766685950336543 HGDP
HGDP01354 HG01891#1#JAGYVO010000014.1_22855818_23168577_1$HG03927.verkko_filt_mat.fa:haplotype1_0000009_134765170_135173010_1	0.9766512034802660 HGDP
HGDP01354 HG02717#2#JAHAOR010000006.1_19663827_20070693_1$HG02293.verkko_filt_mat.fa:haplotype1_0000039_30204405_30517145_1	0.9766447623818642 HGDP
HGDP01354 HG00741#2#JAHALX010000013.1_51574319_51981226_0$HG04228.verkko_filt_pat.fa:haplotype2_0000600_103806749_104119491_0	0.9766396701995875 HGDP
HGDP01354 HG02109#1#JAHEPG010000026.1_16673035_17080816_0$HG04228.verkko_filt_pat.fa:haplotype2_0000600_103806749_104119491_0	0.9766039977240163 HGDP
HGDP01354 HG02559#2#JAGYVJ010000037.1_52167780_52574597_1$HG02293.verkko_filt_mat.fa:haplotype1_0000039_30204405_30517145_1	0.9765781061059402 HGDP
HGDP01354 HG01123#1#JAGYYZ010000015.1_51528240_51935090_0$HG00438#2#JAHBCA010000012.1_51513023_51826723_0	0.9765536743500953 HGDP
HGDP01354 HG00438#2#JAHBCA010000012.1_51513023_51826723_0$HG02717#2#JAHAOR010000006.1_19663827_20070693_1	0.9765506290173150 HGDP
HGDP01354 HG04228.verkko_filt_pat.fa:haplotype2_0000600_103806749_104119491_0$HG02809.verkko_filt_pat.fa:haplotype2_0001251_103421111_103827972_0	0.9765490576441778 HGDP
HGDP01354 HG03516#2#JAGYYS010000004.1_24452130_24859892_1$HG04228.verkko_filt_pat.fa:haplotype2_0000600_103806749_104119491_0	0.9765391647453263 HGDP
HGDP01354 HG02559#1#JAGYVK010000012.1_51505852_51913611_0$HG04228.verkko_filt_pat.fa:haplotype2_0000600_103806749_104119491_0	0.9765341980916787 HGDP
HGDP01354 HG01258#2#JAGYYU010000072.1_51562603_51970395_0$HG00733#1#JAHEPQ010000019.1_46106835_46420495_0	0.9765240389300930 HGDP
HGDP01354 HG02559#2#JAGYVJ010000037.1_52167780_52574597_1$HG00438#2#JAHBCA010000012.1_51513023_51826723_0	0.9765210989058930 HGDP
HGDP01354 HG02723#1#JAHEOU010000204.1_2102082_2414876_1$HG01123#1#JAGYYZ010000015.1_51528240_51935090_0	0.9764754960228461 HGDP
HGDP01354 HG01123#2#JAGYYY010000006.1_51579630_51892388_0$HG00741#2#JAHALX010000013.1_51574319_51981226_0	0.9764734656893663 HGDP
HGDP01354 HG01109#1#JAHEPA010000099.1_2104245_2511104_1$HG03579#2#JAGYVT010000094.1_51581892_51895531_0	0.9764699267258825 HGDP
HGDP01354 HG01109#1#JAHEPA010000099.1_2104245_2511104_1$HG02647.verkko_filt_pat.fa:haplotype2_0000857_103738150_104051769_0	0.9764669665334030 HGDP
HGDP01354 HG02886#2#JAHAOT010000031.1_87393_401061_0$HG02486#2#JAGYVL010000029.1_94163344_94570162_0	0.9764500345084148 HGDP
HGDP01354 HG00741#2#JAHALX010000013.1_51574319_51981226_0$HG01891#1#JAGYVO010000014.1_22855818_23168577_1	0.9764423174351727 HGDP
HGDP01354 HG02559#2#JAGYVJ010000037.1_52167780_52574597_1$HG00733#1#JAHEPQ010000019.1_46106835_46420495_0	0.9764379285257279 HGDP
HGDP01354 HG03098#2#JAHEPL010000003.1_93803759_94117426_0$HG01258#2#JAGYYU010000072.1_51562603_51970395_0	0.9764336809227441 HGDP
HGDP01354 HG02723#1#JAHEOU010000204.1_2102082_2414876_1$HG03516#1#JAGYYT010000012.1_24170958_24578778_1	0.9764245801588790 HGDP
HGDP01354 HG02818#2#JAHEOR010000010.1_31775319_32183091_1$HG04228.verkko_filt_pat.fa:haplotype2_0000600_103806749_104119491_0	0.9763919395172218 HGDP
HGDP01354 HG005#1#JAHEPO010000002.1_51519219_51926067_0$HG00733#1#JAHEPQ010000019.1_46106835_46420495_0	0.9763777851944599 HGDP
HGDP01354 HG00741#2#JAHALX010000013.1_51574319_51981226_0$HG02109#2#JAHEPF010000078.1_16678387_16991144_0	0.9763709176567571 HGDP
HGDP01354 HG02723#1#JAHEOU010000204.1_2102082_2414876_1$HG01258#2#JAGYYU010000072.1_51562603_51970395_0	0.9763564210132508 HGDP
HGDP01354 HG02486#2#JAGYVL010000029.1_94163344_94570162_0$HG04228.verkko_filt_pat.fa:haplotype2_0000600_103806749_104119491_0	0.9763462923623804 HGDP
HGDP01354 HG01123#1#JAGYYZ010000015.1_51528240_51935090_0$HG02293.verkko_filt_mat.fa:haplotype1_0000039_30204405_30517145_1	0.9763367188849312 HGDP
HGDP01354 HG005#1#JAHEPO010000002.1_51519219_51926067_0$HG00438#2#JAHBCA010000012.1_51513023_51826723_0	0.9763252718070490 HGDP
HGDP01354 HG02886#1#JAHAOU010000178.1_62411_469262_0$HG02886#2#JAHAOT010000031.1_87393_401061_0	0.9763009637090723 HGDP
HGDP01354 HG00741#2#JAHALX010000013.1_51574319_51981226_0$HG00733#1#JAHEPQ010000019.1_46106835_46420495_0	0.9762932605108989 HGDP
HGDP01354 HG03098#2#JAHEPL010000003.1_93803759_94117426_0$HG00741#2#JAHALX010000013.1_51574319_51981226_0	0.9762797706284070 HGDP
HGDP01354 HG03579#1#JAGYVU010000029.1_91404_499180_0$HG04228.verkko_filt_pat.fa:haplotype2_0000600_103806749_104119491_0	0.9762696416659221 HGDP
HGDP01354 HG02723#1#JAHEOU010000204.1_2102082_2414876_1$HG02717#2#JAHAOR010000006.1_19663827_20070693_1	0.9761999299344042 HGDP
HGDP01354 HG02647.verkko_filt_pat.fa:haplotype2_0000857_103738150_104051769_0$HG02809.verkko_filt_pat.fa:haplotype2_0001251_103421111_103827972_0	0.9761854602243029 HGDP
HGDP01354 HG02886#1#JAHAOU010000178.1_62411_469262_0$HG04228.verkko_filt_pat.fa:haplotype2_0000600_103806749_104119491_0	0.9761852628058045 HGDP
HGDP01354 HG03579#2#JAGYVT010000094.1_51581892_51895531_0$HG02809.verkko_filt_pat.fa:haplotype2_0001251_103421111_103827972_0	0.9761756611496664 HGDP
HGDP01354 AV_HG01361#haplotype2#0001322:101872897_102186552$HG02630#1#JAHAOQ010000102.1_16672145_17079089_0	0.9761194234384215 HGDP
HGDP01354 HG005#1#JAHEPO010000002.1_51519219_51926067_0$HG02293.verkko_filt_mat.fa:haplotype1_0000039_30204405_30517145_1	0.9760960307451536 HGDP
HGDP01354 HG02109#1#JAHEPG010000026.1_16673035_17080816_0$HG02109#2#JAHEPF010000078.1_16678387_16991144_0	0.9760841092931906 HGDP
HGDP01354 AV_HG01361#haplotype2#0001322:101872897_102186552$HG02109#1#JAHEPG010000026.1_16673035_17080816_0	0.9760010416390084 HGDP
HGDP01354 HG00438#2#JAHBCA010000012.1_51513023_51826723_0$HG01258#2#JAGYYU010000072.1_51562603_51970395_0	0.9759865632463526 HGDP
HGDP01354 AV_HG01361#haplotype2#0001322:101872897_102186552$HG02630#2#JAHAOP010000089.1_16669255_17076135_0	0.9759812948098188 HGDP
HGDP01354 HG03710.verkko_filt_mat.fa:haplotype1_0000029_102593394_102907063_0$HG02809.verkko_filt_pat.fa:haplotype2_0001251_103421111_103827972_0	0.9759716893780607 HGDP
HGDP01354 NA19240#1#JAHEOM010000047.1_30103390_30511199_1$HG04228.verkko_filt_pat.fa:haplotype2_0000600_103806749_104119491_0	0.9759705347046191 HGDP
HGDP01354 HG02723#1#JAHEOU010000204.1_2102082_2414876_1$HG02559#2#JAGYVJ010000037.1_52167780_52574597_1	0.9759700655263128 HGDP
HGDP01354 HG03098#2#JAHEPL010000003.1_93803759_94117426_0$HG02809.verkko_filt_pat.fa:haplotype2_0001251_103421111_103827972_0	0.9759662717083772 HGDP
HGDP01354 HG02723#1#JAHEOU010000204.1_2102082_2414876_1$HG005#1#JAHEPO010000002.1_51519219_51926067_0	0.9759385042382061 HGDP
HGDP01354 HG00741#2#JAHALX010000013.1_51574319_51981226_0$HG02293.verkko_filt_mat.fa:haplotype1_0000039_30204405_30517145_1	0.9759381078488243 HGDP
HGDP01354 HG01123#2#JAGYYY010000006.1_51579630_51892388_0$HG02109#1#JAHEPG010000026.1_16673035_17080816_0	0.9759308254272641 HGDP
HGDP01354 HG02109#2#JAHEPF010000078.1_16678387_16991144_0$HG02809.verkko_filt_pat.fa:haplotype2_0001251_103421111_103827972_0	0.9759177023377188 HGDP
HGDP01354 AV_HG01361#haplotype2#0001322:101872897_102186552$NA18906#1#JAHEOO010000054.1_2103477_2510435_1	0.9759075938476492 HGDP
HGDP01354 HG03579#2#JAGYVT010000094.1_51581892_51895531_0$HG02109#1#JAHEPG010000026.1_16673035_17080816_0	0.9759073034756643 HGDP
HGDP01354 HG02559#1#JAGYVK010000012.1_51505852_51913611_0$HG01123#2#JAGYYY010000006.1_51579630_51892388_0	0.9758863004155562 HGDP
HGDP01354 HG02723#1#JAHEOU010000204.1_2102082_2414876_1$HG03927.verkko_filt_mat.fa:haplotype1_0000009_134765170_135173010_1	0.9758780717453862 HGDP
HGDP01354 AV_HG01361#haplotype2#0001322:101872897_102186552$HG02145#2#JAHKSF010000206.1_1005292_1413195_1	0.9758766673022528 HGDP
HGDP01354 HG02109#1#JAHEPG010000026.1_16673035_17080816_0$HG02647.verkko_filt_pat.fa:haplotype2_0000857_103738150_104051769_0	0.9758673568561144 HGDP
HGDP01354 HG00438#2#JAHBCA010000012.1_51513023_51826723_0$HG00741#2#JAHALX010000013.1_51574319_51981226_0	0.9758569773106565 HGDP
HGDP01354 HG01123#2#JAGYYY010000006.1_51579630_51892388_0$HG03516#2#JAGYYS010000004.1_24452130_24859892_1	0.9758413894645253 HGDP
HGDP01354 HG02486#2#JAGYVL010000029.1_94163344_94570162_0$HG02647.verkko_filt_pat.fa:haplotype2_0000857_103738150_104051769_0	0.9758075471571627 HGDP
HGDP01354 HG01109#1#JAHEPA010000099.1_2104245_2511104_1$HG01891#1#JAGYVO010000014.1_22855818_23168577_1	0.9758017437498623 HGDP
HGDP01354 HG03579#2#JAGYVT010000094.1_51581892_51895531_0$HG02486#2#JAGYVL010000029.1_94163344_94570162_0	0.9757976527549572 HGDP
HGDP01354 HG02886#1#JAHAOU010000178.1_62411_469262_0$HG02647.verkko_filt_pat.fa:haplotype2_0000857_103738150_104051769_0	0.9757963420403084 HGDP
HGDP01354 HG03579#2#JAGYVT010000094.1_51581892_51895531_0$HG02886#1#JAHAOU010000178.1_62411_469262_0	0.9757864885835918 HGDP
HGDP01354 HG01109#1#JAHEPA010000099.1_2104245_2511104_1$HG02109#2#JAHEPF010000078.1_16678387_16991144_0	0.9757428408368242 HGDP
HGDP01354 HG01109#1#JAHEPA010000099.1_2104245_2511104_1$HG03710.verkko_filt_mat.fa:haplotype1_0000029_102593394_102907063_0	0.9757427655236517 HGDP
HGDP01354 HG02630#2#JAHAOP010000089.1_16669255_17076135_0$HG02886#2#JAHAOT010000031.1_87393_401061_0	0.9757271300885133 HGDP
HGDP01354 HG03579#2#JAGYVT010000094.1_51581892_51895531_0$HG03516#2#JAGYYS010000004.1_24452130_24859892_1	0.9757152334139938 HGDP
HGDP01354 HG03516#2#JAGYYS010000004.1_24452130_24859892_1$HG02647.verkko_filt_pat.fa:haplotype2_0000857_103738150_104051769_0	0.9757127477509399 HGDP
HGDP01354 HG02109#1#JAHEPG010000026.1_16673035_17080816_0$HG02886#2#JAHAOT010000031.1_87393_401061_0	0.9756854704051290 HGDP
HGDP01354 HG01109#1#JAHEPA010000099.1_2104245_2511104_1$HG03098#2#JAHEPL010000003.1_93803759_94117426_0	0.9756759317079665 HGDP
HGDP01354 AV_HG01361#haplotype2#0001322:101872897_102186552$HG02717#1#JAHAOS010000015.1_16660311_17067250_0	0.9756566029964215 HGDP
HGDP01354 AV_HG01361#haplotype2#0001322:101872897_102186552$AV_HG02257#haplotype2#0001152:102843493_103251377	0.9756557511522287 HGDP
HGDP01354 HG01123#2#JAGYYY010000006.1_51579630_51892388_0$HG03579#1#JAGYVU010000029.1_91404_499180_0	0.9756464629576843 HGDP
HGDP01354 HG02818#2#JAHEOR010000010.1_31775319_32183091_1$HG01123#2#JAGYYY010000006.1_51579630_51892388_0	0.9756438188427268 HGDP
HGDP01354 AV_HG01361#haplotype2#0001322:101872897_102186552$HG02818#1#JAHEOS010000101.1_89626_496613_0	0.9756116633261381 HGDP
HGDP01354 HG02559#1#JAGYVK010000012.1_51505852_51913611_0$HG03579#2#JAGYVT010000094.1_51581892_51895531_0	0.9756116366415105 HGDP
HGDP01354 HG02559#1#JAGYVK010000012.1_51505852_51913611_0$HG02647.verkko_filt_pat.fa:haplotype2_0000857_103738150_104051769_0	0.9756090459997857 HGDP
HGDP01354 HG01123#2#JAGYYY010000006.1_51579630_51892388_0$NA19240#1#JAHEOM010000047.1_30103390_30511199_1	0.9755959224084659 HGDP
HGDP01354 HG02723#1#JAHEOU010000204.1_2102082_2414876_1$HG00741#2#JAHALX010000013.1_51574319_51981226_0	0.9755844398397714 HGDP
HGDP01354 HG02886#1#JAHAOU010000178.1_62411_469262_0$HG02293.verkko_filt_mat.fa:haplotype1_0000039_30204405_30517145_1	0.9755755007250961 HGDP
HGDP01354 HG02486#2#JAGYVL010000029.1_94163344_94570162_0$HG02293.verkko_filt_mat.fa:haplotype1_0000039_30204405_30517145_1	0.9755747310980144 HGDP
HGDP01354 HG01123#2#JAGYYY010000006.1_51579630_51892388_0$HG02809.verkko_filt_pat.fa:haplotype2_0001251_103421111_103827972_0	0.9755643173585800 HGDP
HGDP01354 HG02109#1#JAHEPG010000026.1_16673035_17080816_0$HG01891#1#JAGYVO010000014.1_22855818_23168577_1	0.9755354455111995 HGDP
HGDP01354 HG02630#1#JAHAOQ010000102.1_16672145_17079089_0$HG02886#2#JAHAOT010000031.1_87393_401061_0	0.9755301484007275 HGDP
HGDP01354 HG02293.verkko_filt_mat.fa:haplotype1_0000039_30204405_30517145_1$HG02809.verkko_filt_pat.fa:haplotype2_0001251_103421111_103827972_0	0.9755146017058564 HGDP
HGDP01354 HG03516#2#JAGYYS010000004.1_24452130_24859892_1$HG01891#1#JAGYVO010000014.1_22855818_23168577_1	0.9754925683904581 HGDP
HGDP01354 HG02559#1#JAGYVK010000012.1_51505852_51913611_0$HG01891#1#JAGYVO010000014.1_22855818_23168577_1	0.9754883855843458 HGDP
HGDP01354 HG02818#2#JAHEOR010000010.1_31775319_32183091_1$HG03579#2#JAGYVT010000094.1_51581892_51895531_0	0.9754712670795137 HGDP
HGDP01354 HG02818#2#JAHEOR010000010.1_31775319_32183091_1$HG02647.verkko_filt_pat.fa:haplotype2_0000857_103738150_104051769_0	0.9754312741721597 HGDP
HGDP01354 HG02145#2#JAHKSF010000206.1_1005292_1413195_1$HG02886#2#JAHAOT010000031.1_87393_401061_0	0.9754244330066673 HGDP
HGDP01354 HG01123#2#JAGYYY010000006.1_51579630_51892388_0$HG02486#2#JAGYVL010000029.1_94163344_94570162_0	0.9754234689532670 HGDP
HGDP01354 AV_HG02257#haplotype2#0001152:102843493_103251377$HG02886#2#JAHAOT010000031.1_87393_401061_0	0.9754152914208858 HGDP
HGDP01354 HG03579#1#JAGYVU010000029.1_91404_499180_0$HG02647.verkko_filt_pat.fa:haplotype2_0000857_103738150_104051769_0	0.9753945461547392 HGDP
HGDP01354 HG03579#2#JAGYVT010000094.1_51581892_51895531_0$HG03579#1#JAGYVU010000029.1_91404_499180_0	0.9753847332233192 HGDP
HGDP01354 HG03579#1#JAGYVU010000029.1_91404_499180_0$HG01891#1#JAGYVO010000014.1_22855818_23168577_1	0.9753484950773674 HGDP
HGDP01354 HG02886#1#JAHAOU010000178.1_62411_469262_0$HG03710.verkko_filt_mat.fa:haplotype1_0000029_102593394_102907063_0	0.9753459516838843 HGDP
HGDP01354 HG00733#1#JAHEPQ010000019.1_46106835_46420495_0$HG02809.verkko_filt_pat.fa:haplotype2_0001251_103421111_103827972_0	0.9753366238527242 HGDP
HGDP01354 HG02886#1#JAHAOU010000178.1_62411_469262_0$HG00733#1#JAHEPQ010000019.1_46106835_46420495_0	0.9753356945953415 HGDP
HGDP01354 HG02818#2#JAHEOR010000010.1_31775319_32183091_1$HG01891#1#JAGYVO010000014.1_22855818_23168577_1	0.9752979818486043 HGDP
HGDP01354 AV_HG01175#haplotype1#0000070:46006269_46414083$HG02109#2#JAHEPF010000078.1_16678387_16991144_0	0.9752879816882511 HGDP
HGDP01354 HG02886#2#JAHAOT010000031.1_87393_401061_0$NA18906#1#JAHEOO010000054.1_2103477_2510435_1	0.9752681279483056 HGDP
HGDP01354 HG01123#2#JAGYYY010000006.1_51579630_51892388_0$HG02886#1#JAHAOU010000178.1_62411_469262_0	0.9752623837689420 HGDP
HGDP01354 HG02886#2#JAHAOT010000031.1_87393_401061_0$HG02818#1#JAHEOS010000101.1_89626_496613_0	0.9752589328356603 HGDP
HGDP01354 HG02717#1#JAHAOS010000015.1_16660311_17067250_0$HG02886#2#JAHAOT010000031.1_87393_401061_0	0.9752546194634436 HGDP
HGDP01354 HG03579#2#JAGYVT010000094.1_51581892_51895531_0$NA19240#1#JAHEOM010000047.1_30103390_30511199_1	0.9752498372450591 HGDP
HGDP01354 NA19240#1#JAHEOM010000047.1_30103390_30511199_1$HG02647.verkko_filt_pat.fa:haplotype2_0000857_103738150_104051769_0	0.9752346110499593 HGDP
HGDP01354 HG03516#2#JAGYYS010000004.1_24452130_24859892_1$HG02109#2#JAHEPF010000078.1_16678387_16991144_0	0.9752330427896151 HGDP
HGDP01354 HG01891#1#JAGYVO010000014.1_22855818_23168577_1$HG02809.verkko_filt_pat.fa:haplotype2_0001251_103421111_103827972_0	0.9752329295877062 HGDP
HGDP01354 HG02486#2#JAGYVL010000029.1_94163344_94570162_0$HG01891#1#JAGYVO010000014.1_22855818_23168577_1	0.9752142545554388 HGDP
HGDP01354 HG03579#2#JAGYVT010000094.1_51581892_51895531_0$chr1_hg38_103456064_103863972_0	0.9751987558423287 HGDP
HGDP01354 HG03579#2#JAGYVT010000094.1_51581892_51895531_0$chr1_hg19_103998686_104406594_0	0.9751987558423287 HGDP
HGDP01354 chr1_hg38_103456064_103863972_0$HG02647.verkko_filt_pat.fa:haplotype2_0000857_103738150_104051769_0	0.9751963634723246 HGDP
HGDP01354 chr1_hg19_103998686_104406594_0$HG02647.verkko_filt_pat.fa:haplotype2_0000857_103738150_104051769_0	0.9751963634723246 HGDP
HGDP01354 HG02559#1#JAGYVK010000012.1_51505852_51913611_0$HG02109#2#JAHEPF010000078.1_16678387_16991144_0	0.9751919127366213 HGDP
HGDP01354 chr1_hg38_103456064_103863972_0$HG01891#1#JAGYVO010000014.1_22855818_23168577_1	0.9751882088993938 HGDP
HGDP01354 chr1_hg19_103998686_104406594_0$HG01891#1#JAGYVO010000014.1_22855818_23168577_1	0.9751882088993938 HGDP
HGDP01354 HG00438#2#JAHBCA010000012.1_51513023_51826723_0$HG02809.verkko_filt_pat.fa:haplotype2_0001251_103421111_103827972_0	0.9751459830645289 HGDP
HGDP01354 chr1_hg38_103456064_103863972_0$HG02109#2#JAHEPF010000078.1_16678387_16991144_0	0.9751397744065951 HGDP
HGDP01354 chr1_hg19_103998686_104406594_0$HG02109#2#JAHEPF010000078.1_16678387_16991144_0	0.9751397744065951 HGDP
HGDP01354 NA19240#1#JAHEOM010000047.1_30103390_30511199_1$HG01891#1#JAGYVO010000014.1_22855818_23168577_1	0.9751384744765544 HGDP
HGDP01354 AV_HG01361#haplotype2#0001322:101872897_102186552$HG02622#1#JAHAOO010000002.1_16673678_17080663_0	0.9751376010146681 HGDP
HGDP01354 HG03579#2#JAGYVT010000094.1_51581892_51895531_0$HG002.verkko_filt_mat.fa:haplotype1_0000005_138228497_138636354_1	0.9751343781411308 HGDP
HGDP01354 HG03579#2#JAGYVT010000094.1_51581892_51895531_0$HG02630#2#JAHAOP010000089.1_16669255_17076135_0	0.9751336013111666 HGDP
HGDP01354 HG02486#2#JAGYVL010000029.1_94163344_94570162_0$HG03710.verkko_filt_mat.fa:haplotype1_0000029_102593394_102907063_0	0.9751330046844555 HGDP
HGDP01354 HG02630#2#JAHAOP010000089.1_16669255_17076135_0$HG02647.verkko_filt_pat.fa:haplotype2_0000857_103738150_104051769_0	0.9751304191387714 HGDP
HGDP01354 HG02486#2#JAGYVL010000029.1_94163344_94570162_0$HG00733#1#JAHEPQ010000019.1_46106835_46420495_0	0.9751221483980487 HGDP
HGDP01354 HG02630#2#JAHAOP010000089.1_16669255_17076135_0$HG04228.verkko_filt_pat.fa:haplotype2_0000600_103806749_104119491_0	0.9751199535965195 HGDP
HGDP01354 HG02647.verkko_filt_pat.fa:haplotype2_0000857_103738150_104051769_0$HG002.verkko_filt_mat.fa:haplotype1_0000005_138228497_138636354_1	0.9751194824698297 HGDP
HGDP01354 HG02818#2#JAHEOR010000010.1_31775319_32183091_1$HG02109#2#JAHEPF010000078.1_16678387_16991144_0	0.9751139765124222 HGDP
HGDP01354 HG02630#1#JAHAOQ010000102.1_16672145_17079089_0$HG03579#2#JAGYVT010000094.1_51581892_51895531_0	0.9750894627861416 HGDP
HGDP01354 HG03098#2#JAHEPL010000003.1_93803759_94117426_0$HG02486#2#JAGYVL010000029.1_94163344_94570162_0	0.9750778518454538 HGDP
HGDP01354 HG02109#2#JAHEPF010000078.1_16678387_16991144_0$HG03579#1#JAGYVU010000029.1_91404_499180_0	0.9750768433156082 HGDP
HGDP01354 HG02109#2#JAHEPF010000078.1_16678387_16991144_0$HG002.verkko_filt_mat.fa:haplotype1_0000005_138228497_138636354_1	0.9750753521732893 HGDP
HGDP01354 HG02723#1#JAHEOU010000204.1_2102082_2414876_1$HG02109#1#JAHEPG010000026.1_16673035_17080816_0	0.9750478473629254 HGDP
HGDP01354 HG02886#1#JAHAOU010000178.1_62411_469262_0$HG01891#1#JAGYVO010000014.1_22855818_23168577_1	0.9750417056408163 HGDP
HGDP01354 HG02630#1#JAHAOQ010000102.1_16672145_17079089_0$HG02647.verkko_filt_pat.fa:haplotype2_0000857_103738150_104051769_0	0.9750371250763553 HGDP
HGDP01354 HG01978#2#JAGYVR010000007.1_51532241_51939176_0$HG02647.verkko_filt_pat.fa:haplotype2_0000857_103738150_104051769_0	0.9750107320645510 HGDP
HGDP01354 HG03579#2#JAGYVT010000094.1_51581892_51895531_0$HG01978#2#JAGYVR010000007.1_51532241_51939176_0	0.9749882520772545 HGDP
HGDP01354 HG02145#2#JAHKSF010000206.1_1005292_1413195_1$HG04228.verkko_filt_pat.fa:haplotype2_0000600_103806749_104119491_0	0.9749620914712434 HGDP
HGDP01354 HG02145#2#JAHKSF010000206.1_1005292_1413195_1$HG02109#2#JAHEPF010000078.1_16678387_16991144_0	0.9749525634647884 HGDP
HGDP01354 HG02109#1#JAHEPG010000026.1_16673035_17080816_0$HG02293.verkko_filt_mat.fa:haplotype1_0000039_30204405_30517145_1	0.9749462439448850 HGDP
HGDP01354 HG03098#2#JAHEPL010000003.1_93803759_94117426_0$HG02886#1#JAHAOU010000178.1_62411_469262_0	0.9749297688767190 HGDP
HGDP01354 HG03453#2#JAGYVV010000088.1_22597550_23005370_1$HG02109#2#JAHEPF010000078.1_16678387_16991144_0	0.9749271707882189 HGDP
HGDP01354 AV_HG01175#haplotype1#0000070:46006269_46414083$HG01891#1#JAGYVO010000014.1_22855818_23168577_1	0.9749248085778034 HGDP
HGDP01354 NA19240#1#JAHEOM010000047.1_30103390_30511199_1$HG02109#2#JAHEPF010000078.1_16678387_16991144_0	0.9749050407821954 HGDP
HGDP01354 HG01891#1#JAGYVO010000014.1_22855818_23168577_1$HG002.verkko_filt_mat.fa:haplotype1_0000005_138228497_138636354_1	0.9748991684279832 HGDP
HGDP01354 HG005#2#JAHEPN010000023.1_51542210_51950070_0$HG02647.verkko_filt_pat.fa:haplotype2_0000857_103738150_104051769_0	0.9748978487210173 HGDP
HGDP01354 HG02109#1#JAHEPG010000026.1_16673035_17080816_0$HG03710.verkko_filt_mat.fa:haplotype1_0000029_102593394_102907063_0	0.9748943872865737 HGDP
HGDP01354 HG02145#2#JAHKSF010000206.1_1005292_1413195_1$HG02647.verkko_filt_pat.fa:haplotype2_0000857_103738150_104051769_0	0.9748850695335473 HGDP
HGDP01354 HG02145#2#JAHKSF010000206.1_1005292_1413195_1$HG03579#2#JAGYVT010000094.1_51581892_51895531_0	0.9748754925262058 HGDP
HGDP01354 AV_HG01175#haplotype1#0000070:46006269_46414083$HG03579#2#JAGYVT010000094.1_51581892_51895531_0	0.9748736437250942 HGDP
HGDP01354 AV_HG01175#haplotype1#0000070:46006269_46414083$HG02647.verkko_filt_pat.fa:haplotype2_0000857_103738150_104051769_0	0.9748710767222131 HGDP
HGDP01354 HG00621#2#JAHBCC010000031.1_16669999_17077865_0$HG02109#2#JAHEPF010000078.1_16678387_16991144_0	0.9748598553630927 HGDP
HGDP01354 HG03579#2#JAGYVT010000094.1_51581892_51895531_0$HG005#2#JAHEPN010000023.1_51542210_51950070_0	0.9748507339483353 HGDP
HGDP01354 HG03579#2#JAGYVT010000094.1_51581892_51895531_0$HG02004.verkko_filt_mat.fa:haplotype1_0000022_97828542_98235483_0	0.9748464461607876 HGDP
HGDP01354 HG02622#1#JAHAOO010000002.1_16673678_17080663_0$HG02886#2#JAHAOT010000031.1_87393_401061_0	0.9748457220778738 HGDP
HGDP01354 HG02004.verkko_filt_mat.fa:haplotype1_0000022_97828542_98235483_0$HG02647.verkko_filt_pat.fa:haplotype2_0000857_103738150_104051769_0	0.9748438425134807 HGDP
HGDP01354 HG02723#1#JAHEOU010000204.1_2102082_2414876_1$HG03516#2#JAGYYS010000004.1_24452130_24859892_1	0.9748429591398633 HGDP
HGDP01354 HG02109#2#JAHEPF010000078.1_16678387_16991144_0$HG02486#2#JAGYVL010000029.1_94163344_94570162_0	0.9748314483453399 HGDP
HGDP01354 HG005#2#JAHEPN010000023.1_51542210_51950070_0$HG02109#2#JAHEPF010000078.1_16678387_16991144_0	0.9748287660284650 HGDP
HGDP01354 AV_HG02148#haplotype2#0002863:16304803_16712699$HG02647.verkko_filt_pat.fa:haplotype2_0000857_103738150_104051769_0	0.9748184676092764 HGDP
HGDP01354 HG02723#1#JAHEOU010000204.1_2102082_2414876_1$HG02559#1#JAGYVK010000012.1_51505852_51913611_0	0.9748140322223597 HGDP
HGDP01354 HG02723#1#JAHEOU010000204.1_2102082_2414876_1$HG02809.verkko_filt_pat.fa:haplotype2_0001251_103421111_103827972_0	0.9748072435712202 HGDP
HGDP01354 AV_HG02148#haplotype2#0002863:16304803_16712699$HG02109#2#JAHEPF010000078.1_16678387_16991144_0	0.9747991369233786 HGDP
HGDP01354 AV_HG02148#haplotype2#0002863:16304803_16712699$HG03579#2#JAGYVT010000094.1_51581892_51895531_0	0.9747962673428372 HGDP
HGDP01354 HG01928#1#JAGYVQ010000053.1_16676493_17083407_0$HG03579#2#JAGYVT010000094.1_51581892_51895531_0	0.9747809795051240 HGDP
HGDP01354 HG01928#1#JAGYVQ010000053.1_16676493_17083407_0$HG02647.verkko_filt_pat.fa:haplotype2_0000857_103738150_104051769_0	0.9747783422590025 HGDP
HGDP01354 HG005#2#JAHEPN010000023.1_51542210_51950070_0$HG01891#1#JAGYVO010000014.1_22855818_23168577_1	0.9747770572094961 HGDP
HGDP01354 HG03579#2#JAGYVT010000094.1_51581892_51895531_0$HG03453#2#JAGYVV010000088.1_22597550_23005370_1	0.9747504070898593 HGDP
HGDP01354 HG02109#2#JAHEPF010000078.1_16678387_16991144_0$HG02071.verkko_filt_mat.fa:haplotype1_0000041_103610513_104018399_0	0.9747406546455060 HGDP
HGDP01354 HG03453#2#JAGYVV010000088.1_22597550_23005370_1$HG02647.verkko_filt_pat.fa:haplotype2_0000857_103738150_104051769_0	0.9747352248091510 HGDP
HGDP01354 HG00621#2#JAHBCC010000031.1_16669999_17077865_0$HG03579#2#JAGYVT010000094.1_51581892_51895531_0	0.9747323369600014 HGDP
HGDP01354 HG00621#2#JAHBCC010000031.1_16669999_17077865_0$HG02647.verkko_filt_pat.fa:haplotype2_0000857_103738150_104051769_0	0.9747297271582865 HGDP
HGDP01354 HG02630#1#JAHAOQ010000102.1_16672145_17079089_0$HG04228.verkko_filt_pat.fa:haplotype2_0000600_103806749_104119491_0	0.9747163064184061 HGDP
HGDP01354 HG02145#2#JAHKSF010000206.1_1005292_1413195_1$HG01891#1#JAGYVO010000014.1_22855818_23168577_1	0.9747143736504570 HGDP
HGDP01354 HG02723#1#JAHEOU010000204.1_2102082_2414876_1$HG03579#1#JAGYVU010000029.1_91404_499180_0	0.9747113838104160 HGDP
HGDP01354 HG02818#1#JAHEOS010000101.1_89626_496613_0$HG02647.verkko_filt_pat.fa:haplotype2_0000857_103738150_104051769_0	0.9747072285249706 HGDP
HGDP01354 HG00438#2#JAHBCA010000012.1_51513023_51826723_0$HG02486#2#JAGYVL010000029.1_94163344_94570162_0	0.9747056515977242 HGDP
HGDP01354 HG02071.verkko_filt_mat.fa:haplotype1_0000041_103610513_104018399_0$HG02647.verkko_filt_pat.fa:haplotype2_0000857_103738150_104051769_0	0.9746976674488805 HGDP
HGDP01354 HG00621#2#JAHBCC010000031.1_16669999_17077865_0$HG01891#1#JAGYVO010000014.1_22855818_23168577_1	0.9746836671381593 HGDP
HGDP01354 HG03579#2#JAGYVT010000094.1_51581892_51895531_0$NA18906#1#JAHEOO010000054.1_2103477_2510435_1	0.9746773909196677 HGDP
HGDP01354 HG03579#2#JAGYVT010000094.1_51581892_51895531_0$HG02071.verkko_filt_mat.fa:haplotype1_0000041_103610513_104018399_0	0.9746753605075390 HGDP
HGDP01354 NA18906#1#JAHEOO010000054.1_2103477_2510435_1$HG02647.verkko_filt_pat.fa:haplotype2_0000857_103738150_104051769_0	0.9746748502620026 HGDP
HGDP01354 AV_HG02257#haplotype2#0001152:102843493_103251377$HG03579#2#JAGYVT010000094.1_51581892_51895531_0	0.9746670867886481 HGDP
HGDP01354 AV_HG02257#haplotype2#0001152:102843493_103251377$HG02647.verkko_filt_pat.fa:haplotype2_0000857_103738150_104051769_0	0.9746642295222355 HGDP
HGDP01354 HG03579#2#JAGYVT010000094.1_51581892_51895531_0$HG02818#1#JAHEOS010000101.1_89626_496613_0	0.9746604488487712 HGDP
HGDP01354 HG02886#1#JAHAOU010000178.1_62411_469262_0$HG02109#2#JAHEPF010000078.1_16678387_16991144_0	0.9746470096767561 HGDP
HGDP01354 HG01109#1#JAHEPA010000099.1_2104245_2511104_1$HG04228.verkko_filt_pat.fa:haplotype2_0000600_103806749_104119491_0	0.9746420913955318 HGDP
HGDP01354 HG03453#2#JAGYVV010000088.1_22597550_23005370_1$HG01891#1#JAGYVO010000014.1_22855818_23168577_1	0.9746266940644291 HGDP
HGDP01354 HG03098#2#JAHEPL010000003.1_93803759_94117426_0$HG02109#1#JAHEPG010000026.1_16673035_17080816_0	0.9746162210525492 HGDP
HGDP01354 HG02630#1#JAHAOQ010000102.1_16672145_17079089_0$HG03710.verkko_filt_mat.fa:haplotype1_0000029_102593394_102907063_0	0.9745740700044200 HGDP
HGDP01354 AV_HG02148#haplotype2#0002863:16304803_16712699$HG01891#1#JAGYVO010000014.1_22855818_23168577_1	0.9745732091183790 HGDP
HGDP01354 AV_HG01361#haplotype2#0001322:101872897_102186552$HG02300.verkko_filt_mat.fa:haplotype1_0000028_144052837_144460586_1	0.9745674193322945 HGDP
HGDP01354 HG01891#1#JAGYVO010000014.1_22855818_23168577_1$HG02071.verkko_filt_mat.fa:haplotype1_0000041_103610513_104018399_0	0.9745644465671656 HGDP
HGDP01354 HG02630#1#JAHAOQ010000102.1_16672145_17079089_0$HG02109#2#JAHEPF010000078.1_16678387_16991144_0	0.9745573425384808 HGDP
HGDP01354 HG03486#1#JAHEOQ010000123.1_16677696_17085575_0$HG02109#2#JAHEPF010000078.1_16678387_16991144_0	0.9745560191805875 HGDP
HGDP01354 HG02723#1#JAHEOU010000204.1_2102082_2414876_1$HG02486#2#JAGYVL010000029.1_94163344_94570162_0	0.9745524238842120 HGDP
HGDP01354 HG02886#1#JAHAOU010000178.1_62411_469262_0$HG00438#2#JAHBCA010000012.1_51513023_51826723_0	0.9745447286197219 HGDP
HGDP01354 HG03579#2#JAGYVT010000094.1_51581892_51895531_0$HG02300.verkko_filt_pat.fa:haplotype2_0000620_143362344_143769323_1	0.9745310011923715 HGDP
HGDP01354 HG02647.verkko_filt_pat.fa:haplotype2_0000857_103738150_104051769_0$HG02300.verkko_filt_pat.fa:haplotype2_0000620_143362344_143769323_1	0.9745285145676185 HGDP
HGDP01354 HG02818#2#JAHEOR010000010.1_31775319_32183091_1$HG02723#1#JAHEOU010000204.1_2102082_2414876_1	0.9745245441115067 HGDP
HGDP01354 HG03486#1#JAHEOQ010000123.1_16677696_17085575_0$HG02647.verkko_filt_pat.fa:haplotype2_0000857_103738150_104051769_0	0.9745131959216184 HGDP
HGDP01354 AV_HG02257#haplotype2#0001152:102843493_103251377$HG02109#2#JAHEPF010000078.1_16678387_16991144_0	0.9745082551135272 HGDP
HGDP01354 HG02145#2#JAHKSF010000206.1_1005292_1413195_1$HG03710.verkko_filt_mat.fa:haplotype1_0000029_102593394_102907063_0	0.9745078873547718 HGDP
HGDP01354 HG03486#1#JAHEOQ010000123.1_16677696_17085575_0$HG03579#2#JAGYVT010000094.1_51581892_51895531_0	0.9745034839962957 HGDP
HGDP01354 AV_HG02257#haplotype2#0001152:102843493_103251377$HG01891#1#JAGYVO010000014.1_22855818_23168577_1	0.9744810644425116 HGDP
HGDP01354 HG03486#1#JAHEOQ010000123.1_16677696_17085575_0$HG01891#1#JAGYVO010000014.1_22855818_23168577_1	0.9744793532769480 HGDP
HGDP01354 HG02109#1#JAHEPG010000026.1_16673035_17080816_0$HG00733#1#JAHEPQ010000019.1_46106835_46420495_0	0.9744557279081284 HGDP
HGDP01354 HG02630#1#JAHAOQ010000102.1_16672145_17079089_0$HG01891#1#JAGYVO010000014.1_22855818_23168577_1	0.9744309027732955 HGDP
HGDP01354 HG01978#2#JAGYVR010000007.1_51532241_51939176_0$HG02109#2#JAHEPF010000078.1_16678387_16991144_0	0.9744308736180266 HGDP
HGDP01354 HG02630#2#JAHAOP010000089.1_16669255_17076135_0$HG01891#1#JAGYVO010000014.1_22855818_23168577_1	0.9744160578103825 HGDP
HGDP01354 HG01978#2#JAGYVR010000007.1_51532241_51939176_0$HG01891#1#JAGYVO010000014.1_22855818_23168577_1	0.9744040591076262 HGDP
HGDP01354 HG02723#1#JAHEOU010000204.1_2102082_2414876_1$NA19240#1#JAHEOM010000047.1_30103390_30511199_1	0.9744023342230442 HGDP
HGDP01354 HG01928#1#JAGYVQ010000053.1_16676493_17083407_0$HG02109#2#JAHEPF010000078.1_16678387_16991144_0	0.9743983251875592 HGDP
HGDP01354 HG01928#1#JAGYVQ010000053.1_16676493_17083407_0$HG01891#1#JAGYVO010000014.1_22855818_23168577_1	0.9743962108442876 HGDP
HGDP01354 AV_HG02257#haplotype2#0001152:102843493_103251377$HG04228.verkko_filt_pat.fa:haplotype2_0000600_103806749_104119491_0	0.9743935780167103 HGDP
HGDP01354 HG03098#2#JAHEPL010000003.1_93803759_94117426_0$HG02300.verkko_filt_mat.fa:haplotype1_0000028_144052837_144460586_1	0.9743733330495210 HGDP
HGDP01354 HG02723#1#JAHEOU010000204.1_2102082_2414876_1$HG02886#1#JAHAOU010000178.1_62411_469262_0	0.9743675464059015 HGDP
HGDP01354 HG03579#2#JAGYVT010000094.1_51581892_51895531_0$HG02622#1#JAHAOO010000002.1_16673678_17080663_0	0.9743518043727669 HGDP
HGDP01354 HG02080#1#JAHEOW010000048.1_16689583_17097287_0$HG02293.verkko_filt_mat.fa:haplotype1_0000039_30204405_30517145_1	0.9743383363856649 HGDP
HGDP01354 HG02622#1#JAHAOO010000002.1_16673678_17080663_0$HG02647.verkko_filt_pat.fa:haplotype2_0000857_103738150_104051769_0	0.9743238448500763 HGDP
HGDP01354 HG02145#2#JAHKSF010000206.1_1005292_1413195_1$HG02293.verkko_filt_mat.fa:haplotype1_0000039_30204405_30517145_1	0.9743235400693258 HGDP
HGDP01354 HG02630#1#JAHAOQ010000102.1_16672145_17079089_0$HG03098#2#JAHEPL010000003.1_93803759_94117426_0	0.9743193136918762 HGDP
HGDP01354 HG02109#2#JAHEPF010000078.1_16678387_16991144_0$HG02004.verkko_filt_mat.fa:haplotype1_0000022_97828542_98235483_0	0.9743021136806337 HGDP
HGDP01354 HG02080#1#JAHEOW010000048.1_16689583_17097287_0$HG03098#2#JAHEPL010000003.1_93803759_94117426_0	0.9742948803998156 HGDP
HGDP01354 HG02818#1#JAHEOS010000101.1_89626_496613_0$HG04228.verkko_filt_pat.fa:haplotype2_0000600_103806749_104119491_0	0.9742876990147886 HGDP
HGDP01354 NA18906#1#JAHEOO010000054.1_2103477_2510435_1$HG02109#2#JAHEPF010000078.1_16678387_16991144_0	0.9742819952397691 HGDP
HGDP01354 HG02717#1#JAHAOS010000015.1_16660311_17067250_0$HG03579#2#JAGYVT010000094.1_51581892_51895531_0	0.9742783477630574 HGDP
HGDP01354 NA18906#1#JAHEOO010000054.1_2103477_2510435_1$HG03710.verkko_filt_mat.fa:haplotype1_0000029_102593394_102907063_0	0.9742740341084246 HGDP
HGDP01354 HG02293.verkko_filt_mat.fa:haplotype1_0000039_30204405_30517145_1$HG02300.verkko_filt_mat.fa:haplotype1_0000028_144052837_144460586_1	0.9742679077945580 HGDP
HGDP01354 HG02818#1#JAHEOS010000101.1_89626_496613_0$HG03710.verkko_filt_mat.fa:haplotype1_0000029_102593394_102907063_0	0.9742677093582319 HGDP
HGDP01354 HG02717#1#JAHAOS010000015.1_16660311_17067250_0$HG02647.verkko_filt_pat.fa:haplotype2_0000857_103738150_104051769_0	0.9742258959031312 HGDP
HGDP01354 HG01891#1#JAGYVO010000014.1_22855818_23168577_1$HG02004.verkko_filt_mat.fa:haplotype1_0000022_97828542_98235483_0	0.9742253481183007 HGDP
HGDP01354 AV_HG02257#haplotype2#0001152:102843493_103251377$HG03710.verkko_filt_mat.fa:haplotype1_0000029_102593394_102907063_0	0.9742246554038650 HGDP
HGDP01354 AV_HG01361#haplotype2#0001322:101872897_102186552$HG01099.verkko_filt_mat.fa:haplotype1_0000034_142513097_142920876_1	0.9742220710183390 HGDP
HGDP01354 HG02630#2#JAHAOP010000089.1_16669255_17076135_0$HG02109#2#JAHEPF010000078.1_16678387_16991144_0	0.9741973662241588 HGDP
HGDP01354 HG02630#2#JAHAOP010000089.1_16669255_17076135_0$HG03710.verkko_filt_mat.fa:haplotype1_0000029_102593394_102907063_0	0.9741824625876583 HGDP
HGDP01354 HG02630#2#JAHAOP010000089.1_16669255_17076135_0$HG02293.verkko_filt_mat.fa:haplotype1_0000039_30204405_30517145_1	0.9741682579650658 HGDP
HGDP01354 HG02109#2#JAHEPF010000078.1_16678387_16991144_0$HG02818#1#JAHEOS010000101.1_89626_496613_0	0.9741667722180086 HGDP
HGDP01354 HG00438#2#JAHBCA010000012.1_51513023_51826723_0$HG02109#1#JAHEPG010000026.1_16673035_17080816_0	0.9741555468472830 HGDP
HGDP01354 HG02723#1#JAHEOU010000204.1_2102082_2414876_1$HG01109#1#JAHEPA010000099.1_2104245_2511104_1	0.9741542078280899 HGDP
HGDP01354 HG01109#1#JAHEPA010000099.1_2104245_2511104_1$HG01123#2#JAGYYY010000006.1_51579630_51892388_0	0.9741381236675442 HGDP
HGDP01354 HG01099.verkko_filt_mat.fa:haplotype1_0000034_142513097_142920876_1$HG02293.verkko_filt_mat.fa:haplotype1_0000039_30204405_30517145_1	0.9741072366202168 HGDP
HGDP01354 NA18906#1#JAHEOO010000054.1_2103477_2510435_1$HG04228.verkko_filt_pat.fa:haplotype2_0000600_103806749_104119491_0	0.9741049570481577 HGDP
HGDP01354 HG02109#2#JAHEPF010000078.1_16678387_16991144_0$HG02300.verkko_filt_pat.fa:haplotype2_0000620_143362344_143769323_1	0.9740980304548397 HGDP
HGDP01354 AV_HG01361#haplotype2#0001322:101872897_102186552$HG03927.verkko_filt_mat.fa:haplotype1_0000009_134765170_135173010_1	0.9740947167038415 HGDP
HGDP01354 AV_HG01361#haplotype2#0001322:101872897_102186552$HG02080#1#JAHEOW010000048.1_16689583_17097287_0	0.9740934158290526 HGDP
HGDP01354 HG02145#2#JAHKSF010000206.1_1005292_1413195_1$HG03098#2#JAHEPL010000003.1_93803759_94117426_0	0.9740926294369137 HGDP
HGDP01354 HG03098#2#JAHEPL010000003.1_93803759_94117426_0$NA18906#1#JAHEOO010000054.1_2103477_2510435_1	0.9740689910830402 HGDP
HGDP01354 HG01123#2#JAGYYY010000006.1_51579630_51892388_0$HG02630#2#JAHAOP010000089.1_16669255_17076135_0	0.9740608319174328 HGDP
HGDP01354 AV_HG01361#haplotype1#0000023:101593539_102001341$HG02293.verkko_filt_mat.fa:haplotype1_0000039_30204405_30517145_1	0.9740418936206952 HGDP
HGDP01354 HG02080#1#JAHEOW010000048.1_16689583_17097287_0$HG03710.verkko_filt_mat.fa:haplotype1_0000029_102593394_102907063_0	0.9740269117560194 HGDP
HGDP01354 AV_HG01361#haplotype1#0000023:101593539_102001341$AV_HG01361#haplotype2#0001322:101872897_102186552	0.9740209066040222 HGDP
HGDP01354 HG02630#1#JAHAOQ010000102.1_16672145_17079089_0$HG02293.verkko_filt_mat.fa:haplotype1_0000039_30204405_30517145_1	0.9740163863633454 HGDP
HGDP01354 NA18906#1#JAHEOO010000054.1_2103477_2510435_1$HG01891#1#JAGYVO010000014.1_22855818_23168577_1	0.9740061773193828 HGDP
HGDP01354 HG02886#2#JAHAOT010000031.1_87393_401061_0$HG02300.verkko_filt_mat.fa:haplotype1_0000028_144052837_144460586_1	0.9740023660382293 HGDP
HGDP01354 HG03098#2#JAHEPL010000003.1_93803759_94117426_0$HG01099.verkko_filt_mat.fa:haplotype1_0000034_142513097_142920876_1	0.9740023229553081 HGDP
HGDP01354 HG02717#1#JAHAOS010000015.1_16660311_17067250_0$HG02109#2#JAHEPF010000078.1_16678387_16991144_0	0.9739826582945839 HGDP
HGDP01354 HG02818#1#JAHEOS010000101.1_89626_496613_0$HG01891#1#JAGYVO010000014.1_22855818_23168577_1	0.9739782066258159 HGDP
HGDP01354 AV_HG01361#haplotype1#0000023:101593539_102001341$HG03710.verkko_filt_mat.fa:haplotype1_0000029_102593394_102907063_0	0.9739544364983341 HGDP
HGDP01354 HG02080#1#JAHEOW010000048.1_16689583_17097287_0$HG02886#2#JAHAOT010000031.1_87393_401061_0	0.9739490287304183 HGDP
HGDP01354 AV_HG02257#haplotype2#0001152:102843493_103251377$HG03098#2#JAHEPL010000003.1_93803759_94117426_0	0.9739461485375656 HGDP
HGDP01354 HG02717#1#JAHAOS010000015.1_16660311_17067250_0$HG01891#1#JAGYVO010000014.1_22855818_23168577_1	0.9739431823026804 HGDP
HGDP01354 HG02145#2#JAHKSF010000206.1_1005292_1413195_1$HG01123#2#JAGYYY010000006.1_51579630_51892388_0	0.9739390282532124 HGDP
HGDP01354 HG02717#1#JAHAOS010000015.1_16660311_17067250_0$HG03710.verkko_filt_mat.fa:haplotype1_0000029_102593394_102907063_0	0.9739363172195622 HGDP
HGDP01354 HG01109#1#JAHEPA010000099.1_2104245_2511104_1$HG00733#1#JAHEPQ010000019.1_46106835_46420495_0	0.9739261775853209 HGDP
HGDP01354 HG02622#1#JAHAOO010000002.1_16673678_17080663_0$HG02109#2#JAHEPF010000078.1_16678387_16991144_0	0.9739211752365927 HGDP
HGDP01354 HG03710.verkko_filt_mat.fa:haplotype1_0000029_102593394_102907063_0$HG02300.verkko_filt_mat.fa:haplotype1_0000028_144052837_144460586_1	0.9739191512119111 HGDP
HGDP01354 HG02630#2#JAHAOP010000089.1_16669255_17076135_0$HG00733#1#JAHEPQ010000019.1_46106835_46420495_0	0.9739130359420998 HGDP
HGDP01354 HG03710.verkko_filt_mat.fa:haplotype1_0000029_102593394_102907063_0$HG01099.verkko_filt_mat.fa:haplotype1_0000034_142513097_142920876_1	0.9739080227805160 HGDP
HGDP01354 HG02717#1#JAHAOS010000015.1_16660311_17067250_0$HG03098#2#JAHEPL010000003.1_93803759_94117426_0	0.9739060637615419 HGDP
HGDP01354 AV_HG01361#haplotype1#0000023:101593539_102001341$HG03098#2#JAHEPL010000003.1_93803759_94117426_0	0.9738999276149550 HGDP
HGDP01354 AV_HG01361#haplotype2#0001322:101872897_102186552$NA19240#2#JAHEOL010000010.1_37445323_37853017_0	0.9738699442645687 HGDP
HGDP01354 HG02622#1#JAHAOO010000002.1_16673678_17080663_0$HG04228.verkko_filt_pat.fa:haplotype2_0000600_103806749_104119491_0	0.9738684025983863 HGDP
HGDP01354 HG01109#1#JAHEPA010000099.1_2104245_2511104_1$HG02293.verkko_filt_mat.fa:haplotype1_0000039_30204405_30517145_1	0.9738608701937476 HGDP
HGDP01354 HG01891#1#JAGYVO010000014.1_22855818_23168577_1$HG02300.verkko_filt_pat.fa:haplotype2_0000620_143362344_143769323_1	0.9738470040845534 HGDP
HGDP01354 HG03098#2#JAHEPL010000003.1_93803759_94117426_0$HG02818#1#JAHEOS010000101.1_89626_496613_0	0.9738153255713758 HGDP
HGDP01354 HG02080#1#JAHEOW010000048.1_16689583_17097287_0$HG00438#2#JAHBCA010000012.1_51513023_51826723_0	0.9738091567512114 HGDP
HGDP01354 HG02717#1#JAHAOS010000015.1_16660311_17067250_0$HG04228.verkko_filt_pat.fa:haplotype2_0000600_103806749_104119491_0	0.9738057067153851 HGDP
HGDP01354 HG03098#2#JAHEPL010000003.1_93803759_94117426_0$NA19240#2#JAHEOL010000010.1_37445323_37853017_0	0.9737972290432578 HGDP
HGDP01354 NA19240#2#JAHEOL010000010.1_37445323_37853017_0$HG02293.verkko_filt_mat.fa:haplotype1_0000039_30204405_30517145_1	0.9737884723513355 HGDP
HGDP01354 HG04228.verkko_filt_pat.fa:haplotype2_0000600_103806749_104119491_0$HG002.verkko_filt_mat.fa:haplotype1_0000005_138228497_138636354_1	0.9737657414457994 HGDP
HGDP01354 AV_HG01361#haplotype1#0000023:101593539_102001341$HG02886#2#JAHAOT010000031.1_87393_401061_0	0.9737526611682462 HGDP
HGDP01354 HG02630#2#JAHAOP010000089.1_16669255_17076135_0$HG03098#2#JAHEPL010000003.1_93803759_94117426_0	0.9737455485671666 HGDP
HGDP01354 AV_HG00673#haplotype2#0001165:24014011_24421797$HG03098#2#JAHEPL010000003.1_93803759_94117426_0	0.9737425272977287 HGDP
HGDP01354 HG02622#1#JAHAOO010000002.1_16673678_17080663_0$HG03710.verkko_filt_mat.fa:haplotype1_0000029_102593394_102907063_0	0.9737339524565019 HGDP
HGDP01354 HG02886#2#JAHAOT010000031.1_87393_401061_0$HG03927.verkko_filt_mat.fa:haplotype1_0000009_134765170_135173010_1	0.9737268868101547 HGDP
HGDP01354 HG02622#1#JAHAOO010000002.1_16673678_17080663_0$HG01891#1#JAGYVO010000014.1_22855818_23168577_1	0.9737080266531265 HGDP
HGDP01354 HG02630#2#JAHAOP010000089.1_16669255_17076135_0$HG00438#2#JAHBCA010000012.1_51513023_51826723_0	0.9737035019814049 HGDP
HGDP01354 AV_HG01361#haplotype1#0000023:101593539_102001341$HG00733#1#JAHEPQ010000019.1_46106835_46420495_0	0.9737003231541904 HGDP
HGDP01354 HG02080#1#JAHEOW010000048.1_16689583_17097287_0$HG00733#1#JAHEPQ010000019.1_46106835_46420495_0	0.9736980509563063 HGDP
HGDP01354 AV_HG00673#haplotype2#0001165:24014011_24421797$HG03710.verkko_filt_mat.fa:haplotype1_0000029_102593394_102907063_0	0.9736730020732011 HGDP
HGDP01354 HG02886#2#JAHAOT010000031.1_87393_401061_0$HG01099.verkko_filt_mat.fa:haplotype1_0000034_142513097_142920876_1	0.9736444582470407 HGDP
HGDP01354 AV_HG01175#haplotype1#0000070:46006269_46414083$HG04228.verkko_filt_pat.fa:haplotype2_0000600_103806749_104119491_0	0.9736057330165834 HGDP
HGDP01354 HG00733#1#JAHEPQ010000019.1_46106835_46420495_0$HG01099.verkko_filt_mat.fa:haplotype1_0000034_142513097_142920876_1	0.9736038202723565 HGDP
HGDP01354 HG00438#2#JAHBCA010000012.1_51513023_51826723_0$HG02300.verkko_filt_mat.fa:haplotype1_0000028_144052837_144460586_1	0.9735771085262860 HGDP
HGDP01354 HG01109#1#JAHEPA010000099.1_2104245_2511104_1$HG00438#2#JAHBCA010000012.1_51513023_51826723_0	0.9735585077838846 HGDP
HGDP01354 AV_HG02257#haplotype2#0001152:102843493_103251377$HG02293.verkko_filt_mat.fa:haplotype1_0000039_30204405_30517145_1	0.9735542482336317 HGDP
HGDP01354 AV_HG00673#haplotype2#0001165:24014011_24421797$HG02886#2#JAHAOT010000031.1_87393_401061_0	0.9735461711099526 HGDP
HGDP01354 HG00733#1#JAHEPQ010000019.1_46106835_46420495_0$HG02300.verkko_filt_mat.fa:haplotype1_0000028_144052837_144460586_1	0.9735404031454937 HGDP
HGDP01354 chr1_hg38_103456064_103863972_0$HG04228.verkko_filt_pat.fa:haplotype2_0000600_103806749_104119491_0	0.9735067979913018 HGDP
HGDP01354 chr1_hg19_103998686_104406594_0$HG04228.verkko_filt_pat.fa:haplotype2_0000600_103806749_104119491_0	0.9735067979913018 HGDP
HGDP01354 HG03516#1#JAGYYT010000012.1_24170958_24578778_1$HG02293.verkko_filt_mat.fa:haplotype1_0000039_30204405_30517145_1	0.9735059902394732 HGDP
HGDP01354 HG02818#1#JAHEOS010000101.1_89626_496613_0$HG02293.verkko_filt_mat.fa:haplotype1_0000039_30204405_30517145_1	0.9734853415813335 HGDP
HGDP01354 AV_HG01361#haplotype1#0000023:101593539_102001341$HG00438#2#JAHBCA010000012.1_51513023_51826723_0	0.9734385670000658 HGDP
HGDP01354 AV_HG01361#haplotype2#0001322:101872897_102186552$HG03516#1#JAGYYT010000012.1_24170958_24578778_1	0.9734214927856714 HGDP
HGDP01354 HG02886#2#JAHAOT010000031.1_87393_401061_0$NA19240#2#JAHEOL010000010.1_37445323_37853017_0	0.9734157089616915 HGDP
HGDP01354 HG04228.verkko_filt_pat.fa:haplotype2_0000600_103806749_104119491_0$HG02071.verkko_filt_mat.fa:haplotype1_0000041_103610513_104018399_0	0.9734075082769912 HGDP
HGDP01354 AV_HG00673#haplotype2#0001165:24014011_24421797$HG02293.verkko_filt_mat.fa:haplotype1_0000039_30204405_30517145_1	0.9733989493385479 HGDP
HGDP01354 HG02630#1#JAHAOQ010000102.1_16672145_17079089_0$HG01123#2#JAGYYY010000006.1_51579630_51892388_0	0.9733939609176667 HGDP
HGDP01354 HG03516#1#JAGYYT010000012.1_24170958_24578778_1$HG03710.verkko_filt_mat.fa:haplotype1_0000029_102593394_102907063_0	0.9733622266979657 HGDP
HGDP01354 HG03098#2#JAHEPL010000003.1_93803759_94117426_0$HG02622#1#JAHAOO010000002.1_16673678_17080663_0	0.9733582580533853 HGDP
HGDP01354 HG03453#2#JAGYVV010000088.1_22597550_23005370_1$HG04228.verkko_filt_pat.fa:haplotype2_0000600_103806749_104119491_0	0.9733484368212181 HGDP
HGDP01354 HG005#2#JAHEPN010000023.1_51542210_51950070_0$HG04228.verkko_filt_pat.fa:haplotype2_0000600_103806749_104119491_0	0.9733358915407934 HGDP
HGDP01354 NA19240#2#JAHEOL010000010.1_37445323_37853017_0$HG03710.verkko_filt_mat.fa:haplotype1_0000029_102593394_102907063_0	0.9733195188415742 HGDP
HGDP01354 HG03098#2#JAHEPL010000003.1_93803759_94117426_0$HG03516#1#JAGYYT010000012.1_24170958_24578778_1	0.9733086033561260 HGDP
HGDP01354 HG00438#2#JAHBCA010000012.1_51513023_51826723_0$HG01099.verkko_filt_mat.fa:haplotype1_0000034_142513097_142920876_1	0.9733052181640385 HGDP
HGDP01354 AV_HG00673#haplotype2#0001165:24014011_24421797$HG00438#2#JAHBCA010000012.1_51513023_51826723_0	0.9732931685638136 HGDP
HGDP01354 AV_HG01361#haplotype2#0001322:101872897_102186552$HG03516#2#JAGYYS010000004.1_24452130_24859892_1	0.9732659332837258 HGDP
HGDP01354 HG00438#2#JAHBCA010000012.1_51513023_51826723_0$NA19240#2#JAHEOL010000010.1_37445323_37853017_0	0.9732362356094867 HGDP
HGDP01354 HG02622#1#JAHAOO010000002.1_16673678_17080663_0$HG02293.verkko_filt_mat.fa:haplotype1_0000039_30204405_30517145_1	0.9732117516095407 HGDP
HGDP01354 AV_HG00673#haplotype2#0001165:24014011_24421797$HG00733#1#JAHEPQ010000019.1_46106835_46420495_0	0.9732057042819947 HGDP
HGDP01354 HG02723#1#JAHEOU010000204.1_2102082_2414876_1$HG02630#2#JAHAOP010000089.1_16669255_17076135_0	0.9732003461711265 HGDP
HGDP01354 AV_HG02257#haplotype2#0001152:102843493_103251377$HG01123#2#JAGYYY010000006.1_51579630_51892388_0	0.9731965380728678 HGDP
HGDP01354 HG01123#2#JAGYYY010000006.1_51579630_51892388_0$HG02818#1#JAHEOS010000101.1_89626_496613_0	0.9731899325467656 HGDP
HGDP01354 AV_HG01361#haplotype2#0001322:101872897_102186552$HG02559#1#JAGYVK010000012.1_51505852_51913611_0	0.9731896248580357 HGDP
HGDP01354 HG00621#2#JAHBCC010000031.1_16669999_17077865_0$HG04228.verkko_filt_pat.fa:haplotype2_0000600_103806749_104119491_0	0.9731671580042011 HGDP
HGDP01354 HG03516#1#JAGYYT010000012.1_24170958_24578778_1$HG00733#1#JAHEPQ010000019.1_46106835_46420495_0	0.9731631210690099 HGDP
HGDP01354 AV_HG01361#haplotype2#0001322:101872897_102186552$HG03579#1#JAGYVU010000029.1_91404_499180_0	0.9731606032248583 HGDP
HGDP01354 HG03486#1#JAHEOQ010000123.1_16677696_17085575_0$HG04228.verkko_filt_pat.fa:haplotype2_0000600_103806749_104119491_0	0.9731378266992166 HGDP
HGDP01354 AV_HG00673#haplotype2#0001165:24014011_24421797$AV_HG01361#haplotype2#0001322:101872897_102186552	0.9731240492910059 HGDP
HGDP01354 NA18906#1#JAHEOO010000054.1_2103477_2510435_1$HG02293.verkko_filt_mat.fa:haplotype1_0000039_30204405_30517145_1	0.9731044401089518 HGDP
HGDP01354 HG02886#2#JAHAOT010000031.1_87393_401061_0$HG03516#1#JAGYYT010000012.1_24170958_24578778_1	0.9731018554961891 HGDP
HGDP01354 HG02145#2#JAHKSF010000206.1_1005292_1413195_1$HG00733#1#JAHEPQ010000019.1_46106835_46420495_0	0.9730851322764947 HGDP
HGDP01354 HG02630#1#JAHAOQ010000102.1_16672145_17079089_0$HG00733#1#JAHEPQ010000019.1_46106835_46420495_0	0.9730758494036678 HGDP
HGDP01354 HG00733#1#JAHEPQ010000019.1_46106835_46420495_0$NA19240#2#JAHEOL010000010.1_37445323_37853017_0	0.9730613872167841 HGDP
HGDP01354 AV_HG01361#haplotype2#0001322:101872897_102186552$HG02818#2#JAHEOR010000010.1_31775319_32183091_1	0.9730529628950428 HGDP
HGDP01354 AV_HG02148#haplotype2#0002863:16304803_16712699$HG04228.verkko_filt_pat.fa:haplotype2_0000600_103806749_104119491_0	0.9729969756624560 HGDP
HGDP01354 HG01123#2#JAGYYY010000006.1_51579630_51892388_0$HG02622#1#JAHAOO010000002.1_16673678_17080663_0	0.9729814761306100 HGDP
HGDP01354 AV_HG01361#haplotype2#0001322:101872897_102186552$NA19240#1#JAHEOM010000047.1_30103390_30511199_1	0.9729438931370926 HGDP
HGDP01354 HG03710.verkko_filt_mat.fa:haplotype1_0000029_102593394_102907063_0$HG03927.verkko_filt_mat.fa:haplotype1_0000009_134765170_135173010_1	0.9729274274604897 HGDP
HGDP01354 HG01978#2#JAGYVR010000007.1_51532241_51939176_0$HG04228.verkko_filt_pat.fa:haplotype2_0000600_103806749_104119491_0	0.9729001178703954 HGDP
HGDP01354 HG03927.verkko_filt_mat.fa:haplotype1_0000009_134765170_135173010_1$HG02293.verkko_filt_mat.fa:haplotype1_0000039_30204405_30517145_1	0.9728360783006842 HGDP
HGDP01354 HG00438#2#JAHBCA010000012.1_51513023_51826723_0$HG03516#1#JAGYYT010000012.1_24170958_24578778_1	0.9728082786229506 HGDP
HGDP01354 HG01928#1#JAGYVQ010000053.1_16676493_17083407_0$HG04228.verkko_filt_pat.fa:haplotype2_0000600_103806749_104119491_0	0.9728077069788568 HGDP
HGDP01354 HG03098#2#JAHEPL010000003.1_93803759_94117426_0$HG03927.verkko_filt_mat.fa:haplotype1_0000009_134765170_135173010_1	0.9727753014277645 HGDP
HGDP01354 HG00733#1#JAHEPQ010000019.1_46106835_46420495_0$HG02818#1#JAHEOS010000101.1_89626_496613_0	0.9727576175217495 HGDP
HGDP01354 HG01123#2#JAGYYY010000006.1_51579630_51892388_0$NA18906#1#JAHEOO010000054.1_2103477_2510435_1	0.9727325463279761 HGDP
HGDP01354 HG02717#1#JAHAOS010000015.1_16660311_17067250_0$HG02293.verkko_filt_mat.fa:haplotype1_0000039_30204405_30517145_1	0.9727296581592212 HGDP
HGDP01354 HG02886#2#JAHAOT010000031.1_87393_401061_0$HG03516#2#JAGYYS010000004.1_24452130_24859892_1	0.9727249056147057 HGDP
HGDP01354 HG04228.verkko_filt_pat.fa:haplotype2_0000600_103806749_104119491_0$HG02004.verkko_filt_mat.fa:haplotype1_0000022_97828542_98235483_0	0.9727117540509809 HGDP
HGDP01354 HG02559#1#JAGYVK010000012.1_51505852_51913611_0$HG02886#2#JAHAOT010000031.1_87393_401061_0	0.9726732511510205 HGDP
HGDP01354 AV_HG01175#haplotype1#0000070:46006269_46414083$HG02723#1#JAHEOU010000204.1_2102082_2414876_1	0.9726337530569004 HGDP
HGDP01354 HG02723#1#JAHEOU010000204.1_2102082_2414876_1$HG02145#2#JAHKSF010000206.1_1005292_1413195_1	0.9726278121413078 HGDP
HGDP01354 HG02723#1#JAHEOU010000204.1_2102082_2414876_1$HG002.verkko_filt_mat.fa:haplotype1_0000005_138228497_138636354_1	0.9725948595503079 HGDP
HGDP01354 HG02717#1#JAHAOS010000015.1_16660311_17067250_0$HG01123#2#JAGYYY010000006.1_51579630_51892388_0	0.9725578307967053 HGDP
HGDP01354 HG02886#2#JAHAOT010000031.1_87393_401061_0$HG03579#1#JAGYVU010000029.1_91404_499180_0	0.9725577189019406 HGDP
HGDP01354 HG02630#1#JAHAOQ010000102.1_16672145_17079089_0$HG00438#2#JAHBCA010000012.1_51513023_51826723_0	0.9725517146497498 HGDP
HGDP01354 HG00733#1#JAHEPQ010000019.1_46106835_46420495_0$HG03927.verkko_filt_mat.fa:haplotype1_0000009_134765170_135173010_1	0.9725422317452240 HGDP
HGDP01354 HG02723#1#JAHEOU010000204.1_2102082_2414876_1$chr1_hg38_103456064_103863972_0	0.9725345999547584 HGDP
HGDP01354 HG02723#1#JAHEOU010000204.1_2102082_2414876_1$chr1_hg19_103998686_104406594_0	0.9725345999547584 HGDP
HGDP01354 AV_HG02257#haplotype2#0001152:102843493_103251377$HG00733#1#JAHEPQ010000019.1_46106835_46420495_0	0.9725031401396951 HGDP
HGDP01354 HG02145#2#JAHKSF010000206.1_1005292_1413195_1$HG00438#2#JAHBCA010000012.1_51513023_51826723_0	0.9724400603425924 HGDP
HGDP01354 HG02818#2#JAHEOR010000010.1_31775319_32183091_1$HG02886#2#JAHAOT010000031.1_87393_401061_0	0.9724377926463690 HGDP
HGDP01354 NA18906#1#JAHEOO010000054.1_2103477_2510435_1$HG00733#1#JAHEPQ010000019.1_46106835_46420495_0	0.9724258330702361 HGDP
HGDP01354 HG02886#2#JAHAOT010000031.1_87393_401061_0$NA19240#1#JAHEOM010000047.1_30103390_30511199_1	0.9724026527555278 HGDP
HGDP01354 AV_HG01361#haplotype2#0001322:101872897_102186552$HG01358#1#JAGYZB010000020.1_27445742_27855492_1	0.9723926209811472 HGDP
HGDP01354 HG02622#1#JAHAOO010000002.1_16673678_17080663_0$HG00733#1#JAHEPQ010000019.1_46106835_46420495_0	0.9723485129553353 HGDP
HGDP01354 AV_HG01175#haplotype1#0000070:46006269_46414083$AV_HG01361#haplotype2#0001322:101872897_102186552	0.9723131990868058 HGDP
HGDP01354 HG04228.verkko_filt_pat.fa:haplotype2_0000600_103806749_104119491_0$HG02300.verkko_filt_pat.fa:haplotype2_0000620_143362344_143769323_1	0.9722938872052045 HGDP
HGDP01354 HG00621#2#JAHBCC010000031.1_16669999_17077865_0$HG02723#1#JAHEOU010000204.1_2102082_2414876_1	0.9722821743033642 HGDP
HGDP01354 HG02559#1#JAGYVK010000012.1_51505852_51913611_0$HG02293.verkko_filt_mat.fa:haplotype1_0000039_30204405_30517145_1	0.9722517754446034 HGDP
HGDP01354 HG02886#2#JAHAOT010000031.1_87393_401061_0$HG01358#1#JAGYZB010000020.1_27445742_27855492_1	0.9722393143082786 HGDP
HGDP01354 HG02723#1#JAHEOU010000204.1_2102082_2414876_1$HG02071.verkko_filt_mat.fa:haplotype1_0000041_103610513_104018399_0	0.9722247384884382 HGDP
HGDP01354 AV_HG01361#haplotype2#0001322:101872897_102186552$HG002.verkko_filt_mat.fa:haplotype1_0000005_138228497_138636354_1	0.9722244826972587 HGDP
HGDP01354 HG03516#2#JAGYYS010000004.1_24452130_24859892_1$HG02293.verkko_filt_mat.fa:haplotype1_0000039_30204405_30517145_1	0.9722047957405903 HGDP
HGDP01354 HG02723#1#JAHEOU010000204.1_2102082_2414876_1$HG005#2#JAHEPN010000023.1_51542210_51950070_0	0.9722035728563859 HGDP
HGDP01354 HG02723#1#JAHEOU010000204.1_2102082_2414876_1$HG02630#1#JAHAOQ010000102.1_16672145_17079089_0	0.9721925703362679 HGDP
HGDP01354 HG00438#2#JAHBCA010000012.1_51513023_51826723_0$HG02818#1#JAHEOS010000101.1_89626_496613_0	0.9721876407959446 HGDP
HGDP01354 HG02723#1#JAHEOU010000204.1_2102082_2414876_1$HG03453#2#JAGYVV010000088.1_22597550_23005370_1	0.9721424359919318 HGDP
HGDP01354 HG03579#1#JAGYVU010000029.1_91404_499180_0$HG02293.verkko_filt_mat.fa:haplotype1_0000039_30204405_30517145_1	0.9721362333776333 HGDP
HGDP01354 AV_HG02148#haplotype2#0002863:16304803_16712699$HG02723#1#JAHEOU010000204.1_2102082_2414876_1	0.9721247838975319 HGDP
HGDP01354 HG00438#2#JAHBCA010000012.1_51513023_51826723_0$HG03927.verkko_filt_mat.fa:haplotype1_0000009_134765170_135173010_1	0.9720773129781493 HGDP
HGDP01354 HG02723#1#JAHEOU010000204.1_2102082_2414876_1$HG03486#1#JAHEOQ010000123.1_16677696_17085575_0	0.9720549155978999 HGDP
HGDP01354 HG02717#1#JAHAOS010000015.1_16660311_17067250_0$HG00733#1#JAHEPQ010000019.1_46106835_46420495_0	0.9720510800581621 HGDP
HGDP01354 HG02818#2#JAHEOR010000010.1_31775319_32183091_1$HG02293.verkko_filt_mat.fa:haplotype1_0000039_30204405_30517145_1	0.9720398645820596 HGDP
HGDP01354 AV_HG01361#haplotype2#0001322:101872897_102186552$AV_HG02148#haplotype2#0002863:16304803_16712699	0.9720289629263140 HGDP
HGDP01354 AV_HG01361#haplotype2#0001322:101872897_102186552$chr1_hg38_103456064_103863972_0	0.9720160567330290 HGDP
HGDP01354 AV_HG01361#haplotype2#0001322:101872897_102186552$chr1_hg19_103998686_104406594_0	0.9720160567330290 HGDP
HGDP01354 HG02886#2#JAHAOT010000031.1_87393_401061_0$HG01978#2#JAGYVR010000007.1_51532241_51939176_0	0.9720071531378054 HGDP
HGDP01354 chr1_hg38_103456064_103863972_0$HG02886#2#JAHAOT010000031.1_87393_401061_0	0.9720061633245561 HGDP
HGDP01354 chr1_hg19_103998686_104406594_0$HG02886#2#JAHAOT010000031.1_87393_401061_0	0.9720061633245561 HGDP
HGDP01354 HG02886#2#JAHAOT010000031.1_87393_401061_0$HG002.verkko_filt_mat.fa:haplotype1_0000005_138228497_138636354_1	0.9719921243849977 HGDP
HGDP01354 AV_HG02257#haplotype2#0001152:102843493_103251377$HG00438#2#JAHBCA010000012.1_51513023_51826723_0	0.9719836449383729 HGDP
HGDP01354 AV_HG01175#haplotype1#0000070:46006269_46414083$HG02886#2#JAHAOT010000031.1_87393_401061_0	0.9719694676251509 HGDP
HGDP01354 HG01928#1#JAGYVQ010000053.1_16676493_17083407_0$HG02886#2#JAHAOT010000031.1_87393_401061_0	0.9719648918595518 HGDP
HGDP01354 HG00438#2#JAHBCA010000012.1_51513023_51826723_0$NA18906#1#JAHEOO010000054.1_2103477_2510435_1	0.9719523323853498 HGDP
HGDP01354 AV_HG01361#haplotype2#0001322:101872897_102186552$HG02071.verkko_filt_mat.fa:haplotype1_0000041_103610513_104018399_0	0.9719299093843669 HGDP
HGDP01354 AV_HG02257#haplotype2#0001152:102843493_103251377$HG02723#1#JAHEOU010000204.1_2102082_2414876_1	0.9719005441911929 HGDP
HGDP01354 AV_HG01361#haplotype2#0001322:101872897_102186552$HG01978#2#JAGYVR010000007.1_51532241_51939176_0	0.9718811000568599 HGDP
HGDP01354 AV_HG01361#haplotype2#0001322:101872897_102186552$HG00621#2#JAHBCC010000031.1_16669999_17077865_0	0.9718764806770915 HGDP
HGDP01354 AV_HG02148#haplotype2#0002863:16304803_16712699$HG02886#2#JAHAOT010000031.1_87393_401061_0	0.9718699459939723 HGDP
HGDP01354 AV_HG01361#haplotype2#0001322:101872897_102186552$HG02300.verkko_filt_pat.fa:haplotype2_0000620_143362344_143769323_1	0.9718683994998679 HGDP
HGDP01354 HG02717#1#JAHAOS010000015.1_16660311_17067250_0$HG00438#2#JAHBCA010000012.1_51513023_51826723_0	0.9718522714009452 HGDP
HGDP01354 NA19240#1#JAHEOM010000047.1_30103390_30511199_1$HG02293.verkko_filt_mat.fa:haplotype1_0000039_30204405_30517145_1	0.9718439895425439 HGDP
HGDP01354 HG02886#2#JAHAOT010000031.1_87393_401061_0$HG02004.verkko_filt_mat.fa:haplotype1_0000022_97828542_98235483_0	0.9718195303521401 HGDP
HGDP01354 HG02723#1#JAHEOU010000204.1_2102082_2414876_1$HG01978#2#JAGYVR010000007.1_51532241_51939176_0	0.9717921038269066 HGDP
HGDP01354 HG02723#1#JAHEOU010000204.1_2102082_2414876_1$NA18906#1#JAHEOO010000054.1_2103477_2510435_1	0.9717920703062930 HGDP
HGDP01354 AV_HG01361#haplotype2#0001322:101872897_102186552$HG03486#1#JAHEOQ010000123.1_16677696_17085575_0	0.9717861337632154 HGDP
HGDP01354 HG03516#2#JAGYYS010000004.1_24452130_24859892_1$HG00733#1#JAHEPQ010000019.1_46106835_46420495_0	0.9717748037901145 HGDP
HGDP01354 HG02723#1#JAHEOU010000204.1_2102082_2414876_1$HG02818#1#JAHEOS010000101.1_89626_496613_0	0.9717707139393402 HGDP
HGDP01354 HG02559#1#JAGYVK010000012.1_51505852_51913611_0$HG00733#1#JAHEPQ010000019.1_46106835_46420495_0	0.9717474010967088 HGDP
HGDP01354 AV_HG01361#haplotype2#0001322:101872897_102186552$HG01928#1#JAGYVQ010000053.1_16676493_17083407_0	0.9717411928573323 HGDP
HGDP01354 HG02886#2#JAHAOT010000031.1_87393_401061_0$HG005#2#JAHEPN010000023.1_51542210_51950070_0	0.9717385910251790 HGDP
HGDP01354 AV_HG01361#haplotype2#0001322:101872897_102186552$HG005#2#JAHEPN010000023.1_51542210_51950070_0	0.9717375906768605 HGDP
HGDP01354 HG01123#2#JAGYYY010000006.1_51579630_51892388_0$HG002.verkko_filt_mat.fa:haplotype1_0000005_138228497_138636354_1	0.9717367299832910 HGDP
HGDP01354 HG03579#2#JAGYVT010000094.1_51581892_51895531_0$HG01358#1#JAGYZB010000020.1_27445742_27855492_1	0.9717350548837895 HGDP
HGDP01354 HG02723#1#JAHEOU010000204.1_2102082_2414876_1$HG01928#1#JAGYVQ010000053.1_16676493_17083407_0	0.9717252411451271 HGDP
HGDP01354 AV_HG01361#haplotype2#0001322:101872897_102186552$HG03453#2#JAGYVV010000088.1_22597550_23005370_1	0.9717146269080469 HGDP
HGDP01354 HG02886#2#JAHAOT010000031.1_87393_401061_0$HG02071.verkko_filt_mat.fa:haplotype1_0000041_103610513_104018399_0	0.9717094486313841 HGDP
HGDP01354 AV_HG01361#haplotype2#0001322:101872897_102186552$HG02004.verkko_filt_mat.fa:haplotype1_0000022_97828542_98235483_0	0.9717070908000262 HGDP
HGDP01354 HG00438#2#JAHBCA010000012.1_51513023_51826723_0$HG02622#1#JAHAOO010000002.1_16673678_17080663_0	0.9716974483772068 HGDP
HGDP01354 HG00621#2#JAHBCC010000031.1_16669999_17077865_0$HG02886#2#JAHAOT010000031.1_87393_401061_0	0.9716681525949362 HGDP
HGDP01354 HG01358#1#JAGYZB010000020.1_27445742_27855492_1$HG02647.verkko_filt_pat.fa:haplotype2_0000857_103738150_104051769_0	0.9716572093915740 HGDP
HGDP01354 AV_HG01175#haplotype1#0000070:46006269_46414083$HG01123#2#JAGYYY010000006.1_51579630_51892388_0	0.9716520788627810 HGDP
HGDP01354 HG03516#2#JAGYYS010000004.1_24452130_24859892_1$HG03710.verkko_filt_mat.fa:haplotype1_0000029_102593394_102907063_0	0.9716155856041856 HGDP
HGDP01354 HG02886#2#JAHAOT010000031.1_87393_401061_0$HG02300.verkko_filt_pat.fa:haplotype2_0000620_143362344_143769323_1	0.9716112982114210 HGDP
HGDP01354 HG02723#1#JAHEOU010000204.1_2102082_2414876_1$HG02004.verkko_filt_mat.fa:haplotype1_0000022_97828542_98235483_0	0.9715922547685517 HGDP
HGDP01354 HG03453#2#JAGYVV010000088.1_22597550_23005370_1$HG02886#2#JAHAOT010000031.1_87393_401061_0	0.9715917401052763 HGDP
HGDP01354 HG00733#1#JAHEPQ010000019.1_46106835_46420495_0$HG03579#1#JAGYVU010000029.1_91404_499180_0	0.9715698338177189 HGDP
HGDP01354 HG03486#1#JAHEOQ010000123.1_16677696_17085575_0$HG02886#2#JAHAOT010000031.1_87393_401061_0	0.9715404854332735 HGDP
HGDP01354 HG01123#2#JAGYYY010000006.1_51579630_51892388_0$HG02071.verkko_filt_mat.fa:haplotype1_0000041_103610513_104018399_0	0.9715156866920596 HGDP
HGDP01354 HG02559#1#JAGYVK010000012.1_51505852_51913611_0$HG03710.verkko_filt_mat.fa:haplotype1_0000029_102593394_102907063_0	0.9715154687534314 HGDP
HGDP01354 HG02818#2#JAHEOR010000010.1_31775319_32183091_1$HG00733#1#JAHEPQ010000019.1_46106835_46420495_0	0.9715106464045464 HGDP
HGDP01354 HG01123#2#JAGYYY010000006.1_51579630_51892388_0$chr1_hg38_103456064_103863972_0	0.9714907241580671 HGDP
HGDP01354 HG01123#2#JAGYYY010000006.1_51579630_51892388_0$chr1_hg19_103998686_104406594_0	0.9714907241580671 HGDP
HGDP01354 HG02723#1#JAHEOU010000204.1_2102082_2414876_1$HG02717#1#JAHAOS010000015.1_16660311_17067250_0	0.9714697597524924 HGDP
HGDP01354 HG01358#1#JAGYZB010000020.1_27445742_27855492_1$HG04228.verkko_filt_pat.fa:haplotype2_0000600_103806749_104119491_0	0.9714499138186730 HGDP
HGDP01354 NA19240#1#JAHEOM010000047.1_30103390_30511199_1$HG00733#1#JAHEPQ010000019.1_46106835_46420495_0	0.9714383188001969 HGDP
HGDP01354 HG01123#2#JAGYYY010000006.1_51579630_51892388_0$HG03453#2#JAGYVV010000088.1_22597550_23005370_1	0.9714097271343703 HGDP
HGDP01354 HG02723#1#JAHEOU010000204.1_2102082_2414876_1$HG02300.verkko_filt_pat.fa:haplotype2_0000620_143362344_143769323_1	0.9714085553022811 HGDP
HGDP01354 HG03579#1#JAGYVU010000029.1_91404_499180_0$HG03710.verkko_filt_mat.fa:haplotype1_0000029_102593394_102907063_0	0.9713997248353499 HGDP
HGDP01354 HG02723#1#JAHEOU010000204.1_2102082_2414876_1$HG02622#1#JAHAOO010000002.1_16673678_17080663_0	0.9713843942348807 HGDP
HGDP01354 NA19240#1#JAHEOM010000047.1_30103390_30511199_1$HG03710.verkko_filt_mat.fa:haplotype1_0000029_102593394_102907063_0	0.9713204397941254 HGDP
HGDP01354 HG03486#1#JAHEOQ010000123.1_16677696_17085575_0$HG01123#2#JAGYYY010000006.1_51579630_51892388_0	0.9712598507720942 HGDP
HGDP01354 AV_HG02148#haplotype2#0002863:16304803_16712699$HG01123#2#JAGYYY010000006.1_51579630_51892388_0	0.9712558508620013 HGDP
HGDP01354 HG02818#2#JAHEOR010000010.1_31775319_32183091_1$HG03710.verkko_filt_mat.fa:haplotype1_0000029_102593394_102907063_0	0.9712202373403331 HGDP
HGDP01354 HG03492#1#JAHEPI010000180.1_2103395_2543326_1$HG04228.verkko_filt_pat.fa:haplotype2_0000600_103806749_104119491_0	0.9711804156354554 HGDP
HGDP01354 HG00621#2#JAHBCC010000031.1_16669999_17077865_0$HG01123#2#JAGYYY010000006.1_51579630_51892388_0	0.9711651117076469 HGDP
HGDP01354 HG01123#2#JAGYYY010000006.1_51579630_51892388_0$HG005#2#JAHEPN010000023.1_51542210_51950070_0	0.9710504366151551 HGDP
HGDP01354 chr1_hg19_103998686_104406594_0$HG03098#2#JAHEPL010000003.1_93803759_94117426_0	0.9710396354383325 HGDP
HGDP01354 HG03098#2#JAHEPL010000003.1_93803759_94117426_0$chr1_hg38_103456064_103863972_0	0.9710396354383325 HGDP
HGDP01354 HG01123#2#JAGYYY010000006.1_51579630_51892388_0$HG01358#1#JAGYZB010000020.1_27445742_27855492_1	0.9710224604837200 HGDP
HGDP01354 HG00438#2#JAHBCA010000012.1_51513023_51826723_0$HG03516#2#JAGYYS010000004.1_24452130_24859892_1	0.9709494902177976 HGDP
HGDP01354 AV_HG01175#haplotype1#0000070:46006269_46414083$HG03098#2#JAHEPL010000003.1_93803759_94117426_0	0.9709295554968781 HGDP
HGDP01354 HG03710.verkko_filt_mat.fa:haplotype1_0000029_102593394_102907063_0$HG002.verkko_filt_mat.fa:haplotype1_0000005_138228497_138636354_1	0.9708942644604762 HGDP
HGDP01354 HG03098#2#JAHEPL010000003.1_93803759_94117426_0$HG01978#2#JAGYVR010000007.1_51532241_51939176_0	0.9708923035719123 HGDP
HGDP01354 HG03098#2#JAHEPL010000003.1_93803759_94117426_0$HG002.verkko_filt_mat.fa:haplotype1_0000005_138228497_138636354_1	0.9708776177685629 HGDP
HGDP01354 HG02559#1#JAGYVK010000012.1_51505852_51913611_0$HG00438#2#JAHBCA010000012.1_51513023_51826723_0	0.9708740144309018 HGDP
HGDP01354 HG01928#1#JAGYVQ010000053.1_16676493_17083407_0$HG01123#2#JAGYYY010000006.1_51579630_51892388_0	0.9708442883840850 HGDP
HGDP01354 HG03492#1#JAHEPI010000180.1_2103395_2543326_1$HG02886#2#JAHAOT010000031.1_87393_401061_0	0.9708351349664768 HGDP
HGDP01354 HG01358#1#JAGYZB010000020.1_27445742_27855492_1$HG01891#1#JAGYVO010000014.1_22855818_23168577_1	0.9708319380122215 HGDP
HGDP01354 HG01358#1#JAGYZB010000020.1_27445742_27855492_1$HG00733#1#JAHEPQ010000019.1_46106835_46420495_0	0.9708297501771056 HGDP
HGDP01354 AV_HG01361#haplotype2#0001322:101872897_102186552$HG03492#1#JAHEPI010000180.1_2103395_2543326_1	0.9707931739045345 HGDP
HGDP01354 HG01123#2#JAGYYY010000006.1_51579630_51892388_0$HG03492#1#JAHEPI010000180.1_2103395_2543326_1	0.9707892079646158 HGDP
HGDP01354 HG01358#1#JAGYZB010000020.1_27445742_27855492_1$HG03710.verkko_filt_mat.fa:haplotype1_0000029_102593394_102907063_0	0.9707825451173392 HGDP
HGDP01354 HG01358#1#JAGYZB010000020.1_27445742_27855492_1$HG02293.verkko_filt_mat.fa:haplotype1_0000039_30204405_30517145_1	0.9707637216374337 HGDP
HGDP01354 HG03579#2#JAGYVT010000094.1_51581892_51895531_0$HG03492#1#JAHEPI010000180.1_2103395_2543326_1	0.9707572084468260 HGDP
HGDP01354 HG01123#2#JAGYYY010000006.1_51579630_51892388_0$HG01978#2#JAGYVR010000007.1_51532241_51939176_0	0.9707496367618983 HGDP
HGDP01354 AV_HG02148#haplotype2#0002863:16304803_16712699$HG03710.verkko_filt_mat.fa:haplotype1_0000029_102593394_102907063_0	0.9707490131073698 HGDP
HGDP01354 HG00438#2#JAHBCA010000012.1_51513023_51826723_0$HG03579#1#JAGYVU010000029.1_91404_499180_0	0.9707458611587919 HGDP
HGDP01354 HG03492#1#JAHEPI010000180.1_2103395_2543326_1$HG02647.verkko_filt_pat.fa:haplotype2_0000857_103738150_104051769_0	0.9707216597320972 HGDP
HGDP01354 HG03492#1#JAHEPI010000180.1_2103395_2543326_1$HG02109#2#JAHEPF010000078.1_16678387_16991144_0	0.9707065999342276 HGDP
HGDP01354 HG01928#1#JAGYVQ010000053.1_16676493_17083407_0$HG03098#2#JAHEPL010000003.1_93803759_94117426_0	0.9706788437041197 HGDP
HGDP01354 AV_HG02148#haplotype2#0002863:16304803_16712699$HG03098#2#JAHEPL010000003.1_93803759_94117426_0	0.9706463383651713 HGDP
HGDP01354 HG01123#2#JAGYYY010000006.1_51579630_51892388_0$HG02004.verkko_filt_mat.fa:haplotype1_0000022_97828542_98235483_0	0.9706374204064582 HGDP
HGDP01354 HG03710.verkko_filt_mat.fa:haplotype1_0000029_102593394_102907063_0$HG02300.verkko_filt_pat.fa:haplotype2_0000620_143362344_143769323_1	0.9706363557919646 HGDP
HGDP01354 HG03098#2#JAHEPL010000003.1_93803759_94117426_0$HG02004.verkko_filt_mat.fa:haplotype1_0000022_97828542_98235483_0	0.9706200678487220 HGDP
HGDP01354 HG00621#2#JAHBCC010000031.1_16669999_17077865_0$HG03710.verkko_filt_mat.fa:haplotype1_0000029_102593394_102907063_0	0.9706084665374508 HGDP
HGDP01354 HG03098#2#JAHEPL010000003.1_93803759_94117426_0$HG005#2#JAHEPN010000023.1_51542210_51950070_0	0.9706014980053487 HGDP
HGDP01354 HG02818#2#JAHEOR010000010.1_31775319_32183091_1$HG00438#2#JAHBCA010000012.1_51513023_51826723_0	0.9705786336946276 HGDP
HGDP01354 chr1_hg38_103456064_103863972_0$HG03710.verkko_filt_mat.fa:haplotype1_0000029_102593394_102907063_0	0.9705625674678050 HGDP
HGDP01354 chr1_hg19_103998686_104406594_0$HG03710.verkko_filt_mat.fa:haplotype1_0000029_102593394_102907063_0	0.9705625674678050 HGDP
HGDP01354 HG00438#2#JAHBCA010000012.1_51513023_51826723_0$HG01358#1#JAGYZB010000020.1_27445742_27855492_1	0.9705529213376269 HGDP
HGDP01354 HG02071.verkko_filt_mat.fa:haplotype1_0000041_103610513_104018399_0$HG03710.verkko_filt_mat.fa:haplotype1_0000029_102593394_102907063_0	0.9705506378109061 HGDP
HGDP01354 HG03492#1#JAHEPI010000180.1_2103395_2543326_1$HG01891#1#JAGYVO010000014.1_22855818_23168577_1	0.9705447847320187 HGDP
HGDP01354 HG03098#2#JAHEPL010000003.1_93803759_94117426_0$HG02071.verkko_filt_mat.fa:haplotype1_0000041_103610513_104018399_0	0.9705341175639320 HGDP
HGDP01354 HG00438#2#JAHBCA010000012.1_51513023_51826723_0$NA19240#1#JAHEOM010000047.1_30103390_30511199_1	0.9705312357352051 HGDP
HGDP01354 AV_HG01175#haplotype1#0000070:46006269_46414083$HG03710.verkko_filt_mat.fa:haplotype1_0000029_102593394_102907063_0	0.9705021863377461 HGDP
HGDP01354 HG03098#2#JAHEPL010000003.1_93803759_94117426_0$HG01358#1#JAGYZB010000020.1_27445742_27855492_1	0.9704896293507089 HGDP
HGDP01354 HG03098#2#JAHEPL010000003.1_93803759_94117426_0$HG02300.verkko_filt_pat.fa:haplotype2_0000620_143362344_143769323_1	0.9704837679619090 HGDP
HGDP01354 HG01123#2#JAGYYY010000006.1_51579630_51892388_0$HG02300.verkko_filt_pat.fa:haplotype2_0000620_143362344_143769323_1	0.9704769708171933 HGDP
HGDP01354 HG00621#2#JAHBCC010000031.1_16669999_17077865_0$HG03098#2#JAHEPL010000003.1_93803759_94117426_0	0.9704687363931641 HGDP
HGDP01354 HG01978#2#JAGYVR010000007.1_51532241_51939176_0$HG03710.verkko_filt_mat.fa:haplotype1_0000029_102593394_102907063_0	0.9704646718391917 HGDP
HGDP01354 HG03453#2#JAGYVV010000088.1_22597550_23005370_1$HG03710.verkko_filt_mat.fa:haplotype1_0000029_102593394_102907063_0	0.9704230052016327 HGDP
HGDP01354 HG03486#1#JAHEOQ010000123.1_16677696_17085575_0$HG03710.verkko_filt_mat.fa:haplotype1_0000029_102593394_102907063_0	0.9703951661981266 HGDP
HGDP01354 HG03098#2#JAHEPL010000003.1_93803759_94117426_0$HG03453#2#JAGYVV010000088.1_22597550_23005370_1	0.9702837980185673 HGDP
HGDP01354 HG03486#1#JAHEOQ010000123.1_16677696_17085575_0$HG03098#2#JAHEPL010000003.1_93803759_94117426_0	0.9702556712306954 HGDP
HGDP01354 HG02004.verkko_filt_mat.fa:haplotype1_0000022_97828542_98235483_0$HG03710.verkko_filt_mat.fa:haplotype1_0000029_102593394_102907063_0	0.9702423614428802 HGDP
HGDP01354 HG005#2#JAHEPN010000023.1_51542210_51950070_0$HG03710.verkko_filt_mat.fa:haplotype1_0000029_102593394_102907063_0	0.9701870605736309 HGDP
HGDP01354 HG03492#1#JAHEPI010000180.1_2103395_2543326_1$HG02293.verkko_filt_mat.fa:haplotype1_0000039_30204405_30517145_1	0.9701691142255305 HGDP
HGDP01354 HG01928#1#JAGYVQ010000053.1_16676493_17083407_0$HG03710.verkko_filt_mat.fa:haplotype1_0000029_102593394_102907063_0	0.9701411144340875 HGDP
HGDP01354 HG02723#1#JAHEOU010000204.1_2102082_2414876_1$HG01358#1#JAGYZB010000020.1_27445742_27855492_1	0.9700649603997555 HGDP
HGDP01354 HG03098#2#JAHEPL010000003.1_93803759_94117426_0$HG03579#1#JAGYVU010000029.1_91404_499180_0	0.9699326942526050 HGDP
HGDP01354 HG03098#2#JAHEPL010000003.1_93803759_94117426_0$HG03516#2#JAGYYS010000004.1_24452130_24859892_1	0.9699262486736706 HGDP
HGDP01354 HG03492#1#JAHEPI010000180.1_2103395_2543326_1$HG03710.verkko_filt_mat.fa:haplotype1_0000029_102593394_102907063_0	0.9698803285877109 HGDP
HGDP01354 HG03492#1#JAHEPI010000180.1_2103395_2543326_1$HG00733#1#JAHEPQ010000019.1_46106835_46420495_0	0.9698610521955157 HGDP
HGDP01354 HG02559#1#JAGYVK010000012.1_51505852_51913611_0$HG03098#2#JAHEPL010000003.1_93803759_94117426_0	0.9697423163084914 HGDP
HGDP01354 HG03098#2#JAHEPL010000003.1_93803759_94117426_0$HG03492#1#JAHEPI010000180.1_2103395_2543326_1	0.9697348124129539 HGDP
HGDP01354 HG02723#1#JAHEOU010000204.1_2102082_2414876_1$HG03492#1#JAHEPI010000180.1_2103395_2543326_1	0.9697034659638802 HGDP
HGDP01354 HG03098#2#JAHEPL010000003.1_93803759_94117426_0$NA19240#1#JAHEOM010000047.1_30103390_30511199_1	0.9695994414086606 HGDP
HGDP01354 HG02293.verkko_filt_mat.fa:haplotype1_0000039_30204405_30517145_1$HG002.verkko_filt_mat.fa:haplotype1_0000005_138228497_138636354_1	0.9695917754672851 HGDP
HGDP01354 HG02818#2#JAHEOR010000010.1_31775319_32183091_1$HG03098#2#JAHEPL010000003.1_93803759_94117426_0	0.9694387320474385 HGDP
HGDP01354 HG02109#2#JAHEPF010000078.1_16678387_16991144_0$HG01358#1#JAGYZB010000020.1_27445742_27855492_1	0.9694181214338273 HGDP
HGDP01354 chr1_hg38_103456064_103863972_0$HG02293.verkko_filt_mat.fa:haplotype1_0000039_30204405_30517145_1	0.9693836061058998 HGDP
HGDP01354 chr1_hg19_103998686_104406594_0$HG02293.verkko_filt_mat.fa:haplotype1_0000039_30204405_30517145_1	0.9693836061058998 HGDP
HGDP01354 AV_HG01175#haplotype1#0000070:46006269_46414083$HG02293.verkko_filt_mat.fa:haplotype1_0000039_30204405_30517145_1	0.9693605526438684 HGDP
HGDP01354 HG02071.verkko_filt_mat.fa:haplotype1_0000041_103610513_104018399_0$HG02293.verkko_filt_mat.fa:haplotype1_0000039_30204405_30517145_1	0.9693471275077717 HGDP
HGDP01354 HG00438#2#JAHBCA010000012.1_51513023_51826723_0$HG03492#1#JAHEPI010000180.1_2103395_2543326_1	0.9692535969270633 HGDP
HGDP01354 HG03453#2#JAGYVV010000088.1_22597550_23005370_1$HG02293.verkko_filt_mat.fa:haplotype1_0000039_30204405_30517145_1	0.9691470071074049 HGDP
HGDP01354 HG00621#2#JAHBCC010000031.1_16669999_17077865_0$HG02293.verkko_filt_mat.fa:haplotype1_0000039_30204405_30517145_1	0.9690972947888109 HGDP
HGDP01354 HG03486#1#JAHEOQ010000123.1_16677696_17085575_0$HG02293.verkko_filt_mat.fa:haplotype1_0000039_30204405_30517145_1	0.9690445457558565 HGDP
HGDP01354 HG005#2#JAHEPN010000023.1_51542210_51950070_0$HG02293.verkko_filt_mat.fa:haplotype1_0000039_30204405_30517145_1	0.9689599722208599 HGDP
HGDP01354 HG02080#1#JAHEOW010000048.1_16689583_17097287_0$HG03492#2#JAHEPH010000288.1_2098270_2432686_1	0.9689546097134196 HGDP
HGDP01354 AV_HG02148#haplotype2#0002863:16304803_16712699$HG02293.verkko_filt_mat.fa:haplotype1_0000039_30204405_30517145_1	0.9688941944150532 HGDP
HGDP01354 HG02080#1#JAHEOW010000048.1_16689583_17097287_0$HG01243#1#JAHEOY010000013.1_90081_424495_0	0.9688760823718406 HGDP
HGDP01354 HG03492#2#JAHEPH010000288.1_2098270_2432686_1$HG02300.verkko_filt_mat.fa:haplotype1_0000028_144052837_144460586_1	0.9686460533959927 HGDP
HGDP01354 HG01243#1#JAHEOY010000013.1_90081_424495_0$HG02300.verkko_filt_mat.fa:haplotype1_0000028_144052837_144460586_1	0.9686102331591825 HGDP
HGDP01354 AV_HG00673#haplotype2#0001165:24014011_24421797$HG03492#2#JAHEPH010000288.1_2098270_2432686_1	0.9685665398147155 HGDP
HGDP01354 HG03492#2#JAHEPH010000288.1_2098270_2432686_1$NA19240#2#JAHEOL010000010.1_37445323_37853017_0	0.9685537503665688 HGDP
HGDP01354 AV_HG00673#haplotype2#0001165:24014011_24421797$HG01243#1#JAHEOY010000013.1_90081_424495_0	0.9684987940522142 HGDP
HGDP01354 HG01243#1#JAHEOY010000013.1_90081_424495_0$NA19240#2#JAHEOL010000010.1_37445323_37853017_0	0.9684967033753453 HGDP
HGDP01354 AV_HG01361#haplotype1#0000023:101593539_102001341$HG03492#2#JAHEPH010000288.1_2098270_2432686_1	0.9684536328850221 HGDP
HGDP01354 HG02559#2#JAGYVJ010000037.1_52167780_52574597_1$HG01243#1#JAHEOY010000013.1_90081_424495_0	0.9684511688571577 HGDP
HGDP01354 HG02559#2#JAGYVJ010000037.1_52167780_52574597_1$HG03492#2#JAHEPH010000288.1_2098270_2432686_1	0.9684337441660954 HGDP
HGDP01354 AV_HG01361#haplotype1#0000023:101593539_102001341$HG01243#1#JAHEOY010000013.1_90081_424495_0	0.9683965219637575 HGDP
HGDP01354 HG03492#2#JAHEPH010000288.1_2098270_2432686_1$HG01099.verkko_filt_mat.fa:haplotype1_0000034_142513097_142920876_1	0.9683637366033667 HGDP
HGDP01354 AV_HG01361#haplotype2#0001322:101872897_102186552$NA20129#2#JAHEPD010000155.1_90039_569275_0	0.9683461077702812 HGDP
HGDP01354 HG01243#1#JAHEOY010000013.1_90081_424495_0$HG01099.verkko_filt_mat.fa:haplotype1_0000034_142513097_142920876_1	0.9683279564256165 HGDP
HGDP01354 HG03492#2#JAHEPH010000288.1_2098270_2432686_1$HG03516#1#JAGYYT010000012.1_24170958_24578778_1	0.9683269304510668 HGDP
HGDP01354 HG01243#1#JAHEOY010000013.1_90081_424495_0$HG02647.verkko_filt_mat.fa:haplotype1_0000002_103892584_104321036_0	0.9683015955248268 HGDP
HGDP01354 HG03492#2#JAHEPH010000288.1_2098270_2432686_1$HG02647.verkko_filt_mat.fa:haplotype1_0000002_103892584_104321036_0	0.9682837964651452 HGDP
HGDP01354 AV_HG01361#haplotype2#0001322:101872897_102186552$HG02622#2#JAHAON010000012.1_51551779_52031001_0	0.9682620549784537 HGDP
HGDP01354 HG01243#1#JAHEOY010000013.1_90081_424495_0$HG03516#1#JAGYYT010000012.1_24170958_24578778_1	0.9682595016314124 HGDP
HGDP01354 HG01978#2#JAGYVR010000007.1_51532241_51939176_0$HG02293.verkko_filt_mat.fa:haplotype1_0000039_30204405_30517145_1	0.9682521571163405 HGDP
HGDP01354 HG01928#1#JAGYVQ010000053.1_16676493_17083407_0$HG02293.verkko_filt_mat.fa:haplotype1_0000039_30204405_30517145_1	0.9681647949848089 HGDP
HGDP01354 HG02293.verkko_filt_mat.fa:haplotype1_0000039_30204405_30517145_1$HG02300.verkko_filt_pat.fa:haplotype2_0000620_143362344_143769323_1	0.9680886919948994 HGDP
HGDP01354 HG01243#1#JAHEOY010000013.1_90081_424495_0$HG02055#2#JAHEPJ010000017.1_24870122_25298560_1	0.9680848934227335 HGDP
HGDP01354 NA20129#2#JAHEPD010000155.1_90039_569275_0$HG02886#2#JAHAOT010000031.1_87393_401061_0	0.9680769928122734 HGDP
HGDP01354 HG02004.verkko_filt_mat.fa:haplotype1_0000022_97828542_98235483_0$HG02293.verkko_filt_mat.fa:haplotype1_0000039_30204405_30517145_1	0.9680692866579153 HGDP
HGDP01354 HG03492#2#JAHEPH010000288.1_2098270_2432686_1$HG02055#2#JAHEPJ010000017.1_24870122_25298560_1	0.9680127928614917 HGDP
HGDP01354 HG02622#2#JAHAON010000012.1_51551779_52031001_0$HG02886#2#JAHAOT010000031.1_87393_401061_0	0.9680113216853669 HGDP
HGDP01354 HG01243#1#JAHEOY010000013.1_90081_424495_0$HG03098#1#JAHEPM010000059.1_16676208_17105596_0	0.9680049220295718 HGDP
HGDP01354 HG01243#1#JAHEOY010000013.1_90081_424495_0$HG02809.verkko_filt_mat.fa:haplotype1_0000023_94161320_94589755_0	0.9679792150763467 HGDP
HGDP01354 HG03492#2#JAHEPH010000288.1_2098270_2432686_1$HG02809.verkko_filt_mat.fa:haplotype1_0000023_94161320_94589755_0	0.9679723107924956 HGDP
HGDP01354 HG03492#2#JAHEPH010000288.1_2098270_2432686_1$HG03098#1#JAHEPM010000059.1_16676208_17105596_0	0.9679654152275947 HGDP
HGDP01354 HG03579#2#JAGYVT010000094.1_51581892_51895531_0$HG00438#1#JAHBCB010000015.1_33474867_33954171_0	0.9678427644566118 HGDP
HGDP01354 HG00438#1#JAHBCB010000015.1_33474867_33954171_0$HG02647.verkko_filt_pat.fa:haplotype2_0000857_103738150_104051769_0	0.9678281176033807 HGDP
HGDP01354 HG00438#1#JAHBCB010000015.1_33474867_33954171_0$HG04228.verkko_filt_pat.fa:haplotype2_0000600_103806749_104119491_0	0.9677858997873914 HGDP
HGDP01354 NA20129#2#JAHEPD010000155.1_90039_569275_0$HG04228.verkko_filt_pat.fa:haplotype2_0000600_103806749_104119491_0	0.9676844937734076 HGDP
HGDP01354 HG02622#2#JAHAON010000012.1_51551779_52031001_0$HG04228.verkko_filt_pat.fa:haplotype2_0000600_103806749_104119491_0	0.9676553995153897 HGDP
HGDP01354 HG03492#1#JAHEPI010000180.1_2103395_2543326_1$HG01243#1#JAHEOY010000013.1_90081_424495_0	0.9676506321163830 HGDP
HGDP01354 HG03492#2#JAHEPH010000288.1_2098270_2432686_1$HG03492#1#JAHEPI010000180.1_2103395_2543326_1	0.9676347503436800 HGDP
HGDP01354 NA20129#2#JAHEPD010000155.1_90039_569275_0$HG02647.verkko_filt_pat.fa:haplotype2_0000857_103738150_104051769_0	0.9674245309074190 HGDP
HGDP01354 NA20129#2#JAHEPD010000155.1_90039_569275_0$HG03579#2#JAGYVT010000094.1_51581892_51895531_0	0.9674211139686986 HGDP
HGDP01354 NA20129#2#JAHEPD010000155.1_90039_569275_0$HG03098#2#JAHEPL010000003.1_93803759_94117426_0	0.9673862123696483 HGDP
HGDP01354 HG03579#2#JAGYVT010000094.1_51581892_51895531_0$HG02622#2#JAHAON010000012.1_51551779_52031001_0	0.9673552519205170 HGDP
HGDP01354 HG03098#2#JAHEPL010000003.1_93803759_94117426_0$HG02622#2#JAHAON010000012.1_51551779_52031001_0	0.9673479784426053 HGDP
HGDP01354 HG02622#2#JAHAON010000012.1_51551779_52031001_0$HG02647.verkko_filt_pat.fa:haplotype2_0000857_103738150_104051769_0	0.9673403568895189 HGDP
HGDP01354 HG03492#2#JAHEPH010000288.1_2098270_2432686_1$HG02109#1#JAHEPG010000026.1_16673035_17080816_0	0.9672906015873989 HGDP
HGDP01354 NA20129#2#JAHEPD010000155.1_90039_569275_0$HG02109#2#JAHEPF010000078.1_16678387_16991144_0	0.9672557245591543 HGDP
HGDP01354 HG02109#1#JAHEPG010000026.1_16673035_17080816_0$HG01243#1#JAHEOY010000013.1_90081_424495_0	0.9672550060052074 HGDP
HGDP01354 chr1_hg19_103998686_104406594_0$HG00438#2#JAHBCA010000012.1_51513023_51826723_0	0.9672287277201690 HGDP
HGDP01354 HG00438#2#JAHBCA010000012.1_51513023_51826723_0$chr1_hg38_103456064_103863972_0	0.9672287277201690 HGDP
HGDP01354 HG00733#1#JAHEPQ010000019.1_46106835_46420495_0$HG002.verkko_filt_mat.fa:haplotype1_0000005_138228497_138636354_1	0.9672283537971995 HGDP
HGDP01354 HG03486#2#JAHEOP010000248.1_2105565_2584784_1$HG02886#2#JAHAOT010000031.1_87393_401061_0	0.9672105379659602 HGDP
HGDP01354 HG00438#1#JAHBCB010000015.1_33474867_33954171_0$HG02109#2#JAHEPF010000078.1_16678387_16991144_0	0.9672089818405449 HGDP
HGDP01354 HG03492#2#JAHEPH010000288.1_2098270_2432686_1$HG01258#2#JAGYYU010000072.1_51562603_51970395_0	0.9671969866301753 HGDP
HGDP01354 HG03453#2#JAGYVV010000088.1_22597550_23005370_1$HG00733#1#JAHEPQ010000019.1_46106835_46420495_0	0.9671937017827736 HGDP
HGDP01354 HG02622#2#JAHAON010000012.1_51551779_52031001_0$HG02109#2#JAHEPF010000078.1_16678387_16991144_0	0.9671898476604931 HGDP
HGDP01354 chr1_hg38_103456064_103863972_0$HG00733#1#JAHEPQ010000019.1_46106835_46420495_0	0.9671804296259363 HGDP
HGDP01354 chr1_hg19_103998686_104406594_0$HG00733#1#JAHEPQ010000019.1_46106835_46420495_0	0.9671804296259363 HGDP
HGDP01354 AV_HG02148#haplotype2#0002863:16304803_16712699$HG00733#1#JAHEPQ010000019.1_46106835_46420495_0	0.9671488678262055 HGDP
HGDP01354 HG00438#2#JAHBCA010000012.1_51513023_51826723_0$HG002.verkko_filt_mat.fa:haplotype1_0000005_138228497_138636354_1	0.9671420124624313 HGDP
HGDP01354 HG00733#1#JAHEPQ010000019.1_46106835_46420495_0$HG02071.verkko_filt_mat.fa:haplotype1_0000041_103610513_104018399_0	0.9671076391140422 HGDP
HGDP01354 HG00438#2#JAHBCA010000012.1_51513023_51826723_0$HG01978#2#JAGYVR010000007.1_51532241_51939176_0	0.9671066702972785 HGDP
HGDP01354 AV_HG01361#haplotype2#0001322:101872897_102186552$HG03486#2#JAHEOP010000248.1_2105565_2584784_1	0.9670893930484658 HGDP
HGDP01354 HG01109#2#JAHEOZ010000047.1_16671232_17151375_0$HG04228.verkko_filt_pat.fa:haplotype2_0000600_103806749_104119491_0	0.9670866112076043 HGDP
HGDP01354 HG01243#1#JAHEOY010000013.1_90081_424495_0$HG01258#2#JAGYYU010000072.1_51562603_51970395_0	0.9670773197537195 HGDP
HGDP01354 HG005#1#JAHEPO010000002.1_51519219_51926067_0$HG03492#2#JAHEPH010000288.1_2098270_2432686_1	0.9670610836558390 HGDP
HGDP01354 NA20129#2#JAHEPD010000155.1_90039_569275_0$HG01123#2#JAGYYY010000006.1_51579630_51892388_0	0.9670446686401315 HGDP
HGDP01354 HG01928#1#JAGYVQ010000053.1_16676493_17083407_0$HG00438#2#JAHBCA010000012.1_51513023_51826723_0	0.9670334267655063 HGDP
HGDP01354 HG00621#2#JAHBCC010000031.1_16669999_17077865_0$HG00733#1#JAHEPQ010000019.1_46106835_46420495_0	0.9670190121569420 HGDP
HGDP01354 HG03492#2#JAHEPH010000288.1_2098270_2432686_1$HG02717#2#JAHAOR010000006.1_19663827_20070693_1	0.9670145428722978 HGDP
HGDP01354 HG00438#1#JAHBCB010000015.1_33474867_33954171_0$HG01891#1#JAGYVO010000014.1_22855818_23168577_1	0.9670140601536806 HGDP
HGDP01354 HG01123#2#JAGYYY010000006.1_51579630_51892388_0$HG02622#2#JAHAON010000012.1_51551779_52031001_0	0.9670063924977432 HGDP
HGDP01354 HG005#1#JAHEPO010000002.1_51519219_51926067_0$HG01243#1#JAHEOY010000013.1_90081_424495_0	0.9669941357247446 HGDP
HGDP01354 HG01243#1#JAHEOY010000013.1_90081_424495_0$HG02717#2#JAHAOR010000006.1_19663827_20070693_1	0.9669792024218981 HGDP
HGDP01354 HG03579#2#JAGYVT010000094.1_51581892_51895531_0$HG03486#2#JAHEOP010000248.1_2105565_2584784_1	0.9669729043376774 HGDP
HGDP01354 HG03492#2#JAHEPH010000288.1_2098270_2432686_1$HG02809.verkko_filt_pat.fa:haplotype2_0001251_103421111_103827972_0	0.9669714142691810 HGDP
HGDP01354 HG01123#2#JAGYYY010000006.1_51579630_51892388_0$HG00438#1#JAHBCB010000015.1_33474867_33954171_0	0.9669531129436026 HGDP
HGDP01354 HG03486#2#JAHEOP010000248.1_2105565_2584784_1$HG04228.verkko_filt_pat.fa:haplotype2_0000600_103806749_104119491_0	0.9669510329875687 HGDP
HGDP01354 HG03486#2#JAHEOP010000248.1_2105565_2584784_1$HG02647.verkko_filt_pat.fa:haplotype2_0000857_103738150_104051769_0	0.9669303079118791 HGDP
HGDP01354 HG01243#1#JAHEOY010000013.1_90081_424495_0$HG02809.verkko_filt_pat.fa:haplotype2_0001251_103421111_103827972_0	0.9668935103564567 HGDP
HGDP01354 NA20129#2#JAHEPD010000155.1_90039_569275_0$HG03710.verkko_filt_mat.fa:haplotype1_0000029_102593394_102907063_0	0.9668575101509896 HGDP
HGDP01354 HG01978#2#JAGYVR010000007.1_51532241_51939176_0$HG00733#1#JAHEPQ010000019.1_46106835_46420495_0	0.9668497576236537 HGDP
HGDP01354 HG00438#2#JAHBCA010000012.1_51513023_51826723_0$HG005#2#JAHEPN010000023.1_51542210_51950070_0	0.9668480585504352 HGDP
HGDP01354 HG03492#2#JAHEPH010000288.1_2098270_2432686_1$HG01123#1#JAGYYZ010000015.1_51528240_51935090_0	0.9668295186815988 HGDP
HGDP01354 NA20129#2#JAHEPD010000155.1_90039_569275_0$HG00438#2#JAHBCA010000012.1_51513023_51826723_0	0.9668267495385694 HGDP
HGDP01354 HG00438#2#JAHBCA010000012.1_51513023_51826723_0$HG02071.verkko_filt_mat.fa:haplotype1_0000041_103610513_104018399_0	0.9668260149879147 HGDP
HGDP01354 HG02622#2#JAHAON010000012.1_51551779_52031001_0$HG03710.verkko_filt_mat.fa:haplotype1_0000029_102593394_102907063_0	0.9668191467466285 HGDP
HGDP01354 HG00438#2#JAHBCA010000012.1_51513023_51826723_0$HG02004.verkko_filt_mat.fa:haplotype1_0000022_97828542_98235483_0	0.9668159915479382 HGDP
HGDP01354 AV_HG01175#haplotype1#0000070:46006269_46414083$HG00438#2#JAHBCA010000012.1_51513023_51826723_0	0.9668040011574609 HGDP
HGDP01354 AV_HG01175#haplotype1#0000070:46006269_46414083$HG00733#1#JAHEPQ010000019.1_46106835_46420495_0	0.9668033734061927 HGDP
HGDP01354 HG02622#2#JAHAON010000012.1_51551779_52031001_0$HG00438#2#JAHBCA010000012.1_51513023_51826723_0	0.9667885038233412 HGDP
HGDP01354 HG03492#2#JAHEPH010000288.1_2098270_2432686_1$HG03927.verkko_filt_mat.fa:haplotype1_0000009_134765170_135173010_1	0.9667726463513223 HGDP
HGDP01354 HG01243#1#JAHEOY010000013.1_90081_424495_0$HG03927.verkko_filt_mat.fa:haplotype1_0000009_134765170_135173010_1	0.9667583225957610 HGDP
HGDP01354 NA20129#2#JAHEPD010000155.1_90039_569275_0$HG01891#1#JAGYVO010000014.1_22855818_23168577_1	0.9667497886426271 HGDP
HGDP01354 HG01123#1#JAGYYZ010000015.1_51528240_51935090_0$HG01243#1#JAHEOY010000013.1_90081_424495_0	0.9667204751678158 HGDP
HGDP01354 HG005#2#JAHEPN010000023.1_51542210_51950070_0$HG00733#1#JAHEPQ010000019.1_46106835_46420495_0	0.9667124855374435 HGDP
HGDP01354 HG00733#1#JAHEPQ010000019.1_46106835_46420495_0$HG02300.verkko_filt_pat.fa:haplotype2_0000620_143362344_143769323_1	0.9667098469173787 HGDP
HGDP01354 AV_HG02148#haplotype2#0002863:16304803_16712699$HG00438#2#JAHBCA010000012.1_51513023_51826723_0	0.9666974907831524 HGDP
HGDP01354 HG00438#2#JAHBCA010000012.1_51513023_51826723_0$HG03453#2#JAGYVV010000088.1_22597550_23005370_1	0.9666820059944110 HGDP
HGDP01354 HG00733#1#JAHEPQ010000019.1_46106835_46420495_0$HG02004.verkko_filt_mat.fa:haplotype1_0000022_97828542_98235483_0	0.9666805892919880 HGDP
HGDP01354 HG01928#1#JAGYVQ010000053.1_16676493_17083407_0$HG00733#1#JAHEPQ010000019.1_46106835_46420495_0	0.9666781031496827 HGDP
HGDP01354 NA20129#2#JAHEPD010000155.1_90039_569275_0$HG02293.verkko_filt_mat.fa:haplotype1_0000039_30204405_30517145_1	0.9666579112308538 HGDP
HGDP01354 HG03486#1#JAHEOQ010000123.1_16677696_17085575_0$HG00733#1#JAHEPQ010000019.1_46106835_46420495_0	0.9666487902674282 HGDP
HGDP01354 HG02622#2#JAHAON010000012.1_51551779_52031001_0$HG01891#1#JAGYVO010000014.1_22855818_23168577_1	0.9666197950790913 HGDP
HGDP01354 HG02622#2#JAHAON010000012.1_51551779_52031001_0$HG02293.verkko_filt_mat.fa:haplotype1_0000039_30204405_30517145_1	0.9666104450287138 HGDP
HGDP01354 HG00438#2#JAHBCA010000012.1_51513023_51826723_0$HG02300.verkko_filt_pat.fa:haplotype2_0000620_143362344_143769323_1	0.9665869630008179 HGDP
HGDP01354 HG03486#1#JAHEOQ010000123.1_16677696_17085575_0$HG00438#2#JAHBCA010000012.1_51513023_51826723_0	0.9665645074684074 HGDP
HGDP01354 HG01109#2#JAHEOZ010000047.1_16671232_17151375_0$HG02109#2#JAHEPF010000078.1_16678387_16991144_0	0.9665213681284219 HGDP
HGDP01354 HG03486#2#JAHEOP010000248.1_2105565_2584784_1$HG02109#2#JAHEPF010000078.1_16678387_16991144_0	0.9665072386211616 HGDP
HGDP01354 HG03492#2#JAHEPH010000288.1_2098270_2432686_1$HG00741#2#JAHALX010000013.1_51574319_51981226_0	0.9664819225658950 HGDP
HGDP01354 HG02723#1#JAHEOU010000204.1_2102082_2414876_1$HG00438#1#JAHBCB010000015.1_33474867_33954171_0	0.9664815957428264 HGDP
HGDP01354 HG02723#1#JAHEOU010000204.1_2102082_2414876_1$NA20129#2#JAHEPD010000155.1_90039_569275_0	0.9664738427321070 HGDP
HGDP01354 HG01243#1#JAHEOY010000013.1_90081_424495_0$HG00741#2#JAHALX010000013.1_51574319_51981226_0	0.9664361832815931 HGDP
HGDP01354 HG02723#1#JAHEOU010000204.1_2102082_2414876_1$HG02622#2#JAHAON010000012.1_51551779_52031001_0	0.9664261968309882 HGDP
HGDP01354 HG02559#1#JAGYVK010000012.1_51505852_51913611_0$HG03492#2#JAHEPH010000288.1_2098270_2432686_1	0.9664109727884549 HGDP
HGDP01354 HG01123#2#JAGYYY010000006.1_51579630_51892388_0$HG01109#2#JAHEOZ010000047.1_16671232_17151375_0	0.9663912423043906 HGDP
HGDP01354 HG02559#1#JAGYVK010000012.1_51505852_51913611_0$HG01243#1#JAHEOY010000013.1_90081_424495_0	0.9663753999685231 HGDP
HGDP01354 HG03492#2#JAHEPH010000288.1_2098270_2432686_1$HG03516#2#JAGYYS010000004.1_24452130_24859892_1	0.9663746538984554 HGDP
HGDP01354 AV_HG01361#haplotype2#0001322:101872897_102186552$HG03453#1#JAGYVW010000157.1_2105722_2585000_1	0.9663695943711440 HGDP
HGDP01354 HG01243#1#JAHEOY010000013.1_90081_424495_0$HG03516#2#JAGYYS010000004.1_24452130_24859892_1	0.9663602705447848 HGDP
HGDP01354 AV_HG01175#haplotype1#0000070:46006269_46414083$HG03492#2#JAHEPH010000288.1_2098270_2432686_1	0.9663502787191617 HGDP
HGDP01354 HG03492#2#JAHEPH010000288.1_2098270_2432686_1$HG02145#2#JAHKSF010000206.1_1005292_1413195_1	0.9663059947339960 HGDP
HGDP01354 HG03492#2#JAHEPH010000288.1_2098270_2432686_1$chr1_hg38_103456064_103863972_0	0.9663051213217844 HGDP
HGDP01354 HG03492#2#JAHEPH010000288.1_2098270_2432686_1$chr1_hg19_103998686_104406594_0	0.9663051213217844 HGDP
HGDP01354 AV_HG01175#haplotype1#0000070:46006269_46414083$HG01243#1#JAHEOY010000013.1_90081_424495_0	0.9663039610763362 HGDP
HGDP01354 HG03492#2#JAHEPH010000288.1_2098270_2432686_1$HG002.verkko_filt_mat.fa:haplotype1_0000005_138228497_138636354_1	0.9662981670378212 HGDP
HGDP01354 HG01243#1#JAHEOY010000013.1_90081_424495_0$HG002.verkko_filt_mat.fa:haplotype1_0000005_138228497_138636354_1	0.9662837369719989 HGDP
HGDP01354 HG01123#2#JAGYYY010000006.1_51579630_51892388_0$HG03486#2#JAHEOP010000248.1_2105565_2584784_1	0.9662645933449295 HGDP
HGDP01354 chr1_hg38_103456064_103863972_0$HG01243#1#JAHEOY010000013.1_90081_424495_0	0.9662587787893099 HGDP
HGDP01354 chr1_hg19_103998686_104406594_0$HG01243#1#JAHEOY010000013.1_90081_424495_0	0.9662587787893099 HGDP
HGDP01354 NA20129#2#JAHEPD010000155.1_90039_569275_0$HG00733#1#JAHEPQ010000019.1_46106835_46420495_0	0.9662529708941980 HGDP
HGDP01354 HG02145#2#JAHKSF010000206.1_1005292_1413195_1$HG01243#1#JAHEOY010000013.1_90081_424495_0	0.9662492322791577 HGDP
HGDP01354 HG03098#2#JAHEPL010000003.1_93803759_94117426_0$HG03486#2#JAHEOP010000248.1_2105565_2584784_1	0.9662408419340184 HGDP
HGDP01354 HG03492#2#JAHEPH010000288.1_2098270_2432686_1$HG02486#2#JAGYVL010000029.1_94163344_94570162_0	0.9662401922062354 HGDP
HGDP01354 HG01243#1#JAHEOY010000013.1_90081_424495_0$NA19240#1#JAHEOM010000047.1_30103390_30511199_1	0.9662251538748767 HGDP
HGDP01354 HG02818#2#JAHEOR010000010.1_31775319_32183091_1$HG01243#1#JAHEOY010000013.1_90081_424495_0	0.9662247478783272 HGDP
HGDP01354 HG03492#2#JAHEPH010000288.1_2098270_2432686_1$NA19240#1#JAHEOM010000047.1_30103390_30511199_1	0.9662183291552263 HGDP
HGDP01354 HG02622#2#JAHAON010000012.1_51551779_52031001_0$HG00733#1#JAHEPQ010000019.1_46106835_46420495_0	0.9662146842069740 HGDP
HGDP01354 HG03492#2#JAHEPH010000288.1_2098270_2432686_1$HG03579#1#JAGYVU010000029.1_91404_499180_0	0.9662077907237691 HGDP
HGDP01354 HG02818#2#JAHEOR010000010.1_31775319_32183091_1$HG03492#2#JAHEPH010000288.1_2098270_2432686_1	0.9662073402062079 HGDP
HGDP01354 AV_HG01361#haplotype2#0001322:101872897_102186552$HG03492#2#JAHEPH010000288.1_2098270_2432686_1	0.9661959311406011 HGDP
HGDP01354 AV_HG01361#haplotype2#0001322:101872897_102186552$HG01243#1#JAHEOY010000013.1_90081_424495_0	0.9661878626639886 HGDP
HGDP01354 HG01243#1#JAHEOY010000013.1_90081_424495_0$HG02486#2#JAGYVL010000029.1_94163344_94570162_0	0.9661834677219385 HGDP
HGDP01354 AV_HG02148#haplotype2#0002863:16304803_16712699$HG03492#2#JAHEPH010000288.1_2098270_2432686_1	0.9661689126449990 HGDP
HGDP01354 HG01109#1#JAHEPA010000099.1_2104245_2511104_1$HG01243#1#JAHEOY010000013.1_90081_424495_0	0.9661627612279681 HGDP
HGDP01354 AV_HG01361#haplotype2#0001322:101872897_102186552$HG002.verkko_filt_pat.fa:haplotype2_0000649_147937390_148315979_1	0.9661592422156179 HGDP
HGDP01354 HG01109#1#JAHEPA010000099.1_2104245_2511104_1$HG03492#2#JAHEPH010000288.1_2098270_2432686_1	0.9661454435218587 HGDP
HGDP01354 HG03453#1#JAGYVW010000157.1_2105722_2585000_1$HG04228.verkko_filt_pat.fa:haplotype2_0000600_103806749_104119491_0	0.9661403357228809 HGDP
HGDP01354 HG00621#2#JAHBCC010000031.1_16669999_17077865_0$HG00438#2#JAHBCA010000012.1_51513023_51826723_0	0.9661401059947742 HGDP
HGDP01354 HG03492#2#JAHEPH010000288.1_2098270_2432686_1$HG02886#1#JAHAOU010000178.1_62411_469262_0	0.9661385529167390 HGDP
HGDP01354 AV_HG02148#haplotype2#0002863:16304803_16712699$HG01243#1#JAHEOY010000013.1_90081_424495_0	0.9661332823456791 HGDP
HGDP01354 HG01243#1#JAHEOY010000013.1_90081_424495_0$HG03579#1#JAGYVU010000029.1_91404_499180_0	0.9661298307265849 HGDP
HGDP01354 HG03492#2#JAHEPH010000288.1_2098270_2432686_1$HG02071.verkko_filt_mat.fa:haplotype1_0000041_103610513_104018399_0	0.9661200005438672 HGDP
HGDP01354 HG03579#2#JAGYVT010000094.1_51581892_51895531_0$HG01109#2#JAHEOZ010000047.1_16671232_17151375_0	0.9661023325972269 HGDP
HGDP01354 HG03486#2#JAHEOP010000248.1_2105565_2584784_1$HG03710.verkko_filt_mat.fa:haplotype1_0000029_102593394_102907063_0	0.9660979979061569 HGDP
HGDP01354 HG02886#1#JAHAOU010000178.1_62411_469262_0$HG01243#1#JAHEOY010000013.1_90081_424495_0	0.9660924528405788 HGDP
HGDP01354 HG01109#2#JAHEOZ010000047.1_16671232_17151375_0$HG02647.verkko_filt_pat.fa:haplotype2_0000857_103738150_104051769_0	0.9660779855626567 HGDP
HGDP01354 HG00621#2#JAHBCC010000031.1_16669999_17077865_0$HG03492#2#JAHEPH010000288.1_2098270_2432686_1	0.9660670782630777 HGDP
HGDP01354 HG01243#1#JAHEOY010000013.1_90081_424495_0$HG02071.verkko_filt_mat.fa:haplotype1_0000041_103610513_104018399_0	0.9660524400551895 HGDP
HGDP01354 HG00621#2#JAHBCC010000031.1_16669999_17077865_0$HG01243#1#JAHEOY010000013.1_90081_424495_0	0.9660420463493617 HGDP
HGDP01354 AV_HG02257#haplotype2#0001152:102843493_103251377$HG03492#2#JAHEPH010000288.1_2098270_2432686_1	0.9659895170026614 HGDP
HGDP01354 HG03492#2#JAHEPH010000288.1_2098270_2432686_1$HG005#2#JAHEPN010000023.1_51542210_51950070_0	0.9659259516171916 HGDP
HGDP01354 HG03486#2#JAHEOP010000248.1_2105565_2584784_1$HG01891#1#JAGYVO010000014.1_22855818_23168577_1	0.9659036548316131 HGDP
HGDP01354 AV_HG02257#haplotype2#0001152:102843493_103251377$HG01243#1#JAHEOY010000013.1_90081_424495_0	0.9659010025411107 HGDP
HGDP01354 HG03486#1#JAHEOQ010000123.1_16677696_17085575_0$HG03492#2#JAHEPH010000288.1_2098270_2432686_1	0.9658952946834517 HGDP
HGDP01354 HG03492#2#JAHEPH010000288.1_2098270_2432686_1$HG03453#2#JAGYVV010000088.1_22597550_23005370_1	0.9658930367481758 HGDP
HGDP01354 HG01243#1#JAHEOY010000013.1_90081_424495_0$HG005#2#JAHEPN010000023.1_51542210_51950070_0	0.9658691322495916 HGDP
HGDP01354 HG03453#2#JAGYVV010000088.1_22597550_23005370_1$HG01243#1#JAHEOY010000013.1_90081_424495_0	0.9658680686337588 HGDP
HGDP01354 HG03486#2#JAHEOP010000248.1_2105565_2584784_1$HG02293.verkko_filt_mat.fa:haplotype1_0000039_30204405_30517145_1	0.9658497183366630 HGDP
HGDP01354 HG03486#1#JAHEOQ010000123.1_16677696_17085575_0$HG01243#1#JAHEOY010000013.1_90081_424495_0	0.9658490616100527 HGDP
HGDP01354 HG02630#1#JAHAOQ010000102.1_16672145_17079089_0$HG03492#2#JAHEPH010000288.1_2098270_2432686_1	0.9658259449118732 HGDP
HGDP01354 HG01109#2#JAHEOZ010000047.1_16671232_17151375_0$HG01891#1#JAGYVO010000014.1_22855818_23168577_1	0.9658151442991783 HGDP
HGDP01354 HG03453#1#JAGYVW010000157.1_2105722_2585000_1$HG02886#2#JAHAOT010000031.1_87393_401061_0	0.9657971919446774 HGDP
HGDP01354 HG02886#2#JAHAOT010000031.1_87393_401061_0$HG002.verkko_filt_pat.fa:haplotype2_0000649_147937390_148315979_1	0.9657716076731712 HGDP
HGDP01354 HG02630#1#JAHAOQ010000102.1_16672145_17079089_0$HG01243#1#JAHEOY010000013.1_90081_424495_0	0.9657585091811186 HGDP
HGDP01354 HG03486#2#JAHEOP010000248.1_2105565_2584784_1$HG00733#1#JAHEPQ010000019.1_46106835_46420495_0	0.9657365320295156 HGDP
HGDP01354 HG00438#2#JAHBCA010000012.1_51513023_51826723_0$HG03486#2#JAHEOP010000248.1_2105565_2584784_1	0.9656803384039151 HGDP
HGDP01354 HG03492#2#JAHEPH010000288.1_2098270_2432686_1$HG01978#2#JAGYVR010000007.1_51532241_51939176_0	0.9656626597349612 HGDP
HGDP01354 HG01928#1#JAGYVQ010000053.1_16676493_17083407_0$HG03492#2#JAHEPH010000288.1_2098270_2432686_1	0.9656499062379084 HGDP
HGDP01354 HG03492#2#JAHEPH010000288.1_2098270_2432686_1$HG02818#1#JAHEOS010000101.1_89626_496613_0	0.9656477385420955 HGDP
HGDP01354 HG03453#1#JAGYVW010000157.1_2105722_2585000_1$HG01123#2#JAGYYY010000006.1_51579630_51892388_0	0.9656078662104015 HGDP
HGDP01354 HG01243#1#JAHEOY010000013.1_90081_424495_0$HG01978#2#JAGYVR010000007.1_51532241_51939176_0	0.9655845633813022 HGDP
HGDP01354 HG01928#1#JAGYVQ010000053.1_16676493_17083407_0$HG01243#1#JAHEOY010000013.1_90081_424495_0	0.9655719112535615 HGDP
HGDP01354 HG03492#2#JAHEPH010000288.1_2098270_2432686_1$HG02004.verkko_filt_mat.fa:haplotype1_0000022_97828542_98235483_0	0.9655634261631222 HGDP
HGDP01354 HG01243#1#JAHEOY010000013.1_90081_424495_0$HG02818#1#JAHEOS010000101.1_89626_496613_0	0.9655487492876723 HGDP
HGDP01354 AV_HG01361#haplotype2#0001322:101872897_102186552$HG00438#1#JAHBCB010000015.1_33474867_33954171_0	0.9655333790838541 HGDP
HGDP01354 HG03492#2#JAHEPH010000288.1_2098270_2432686_1$HG02630#2#JAHAOP010000089.1_16669255_17076135_0	0.9655309150505802 HGDP
HGDP01354 HG02723#1#JAHEOU010000204.1_2102082_2414876_1$HG01109#2#JAHEOZ010000047.1_16671232_17151375_0	0.9655019717467659 HGDP
HGDP01354 HG01243#1#JAHEOY010000013.1_90081_424495_0$HG02004.verkko_filt_mat.fa:haplotype1_0000022_97828542_98235483_0	0.9654854441385342 HGDP
HGDP01354 HG03492#2#JAHEPH010000288.1_2098270_2432686_1$HG02622#1#JAHAOO010000002.1_16673678_17080663_0	0.9654765873841300 HGDP
HGDP01354 HG03492#2#JAHEPH010000288.1_2098270_2432686_1$NA18906#1#JAHEOO010000054.1_2103477_2510435_1	0.9654728569795686 HGDP
HGDP01354 HG01243#1#JAHEOY010000013.1_90081_424495_0$NA18906#1#JAHEOO010000054.1_2103477_2510435_1	0.9654266258386495 HGDP
HGDP01354 HG02630#2#JAHAOP010000089.1_16669255_17076135_0$HG01243#1#JAHEOY010000013.1_90081_424495_0	0.9654219855362767 HGDP
HGDP01354 HG01243#1#JAHEOY010000013.1_90081_424495_0$HG02300.verkko_filt_pat.fa:haplotype2_0000620_143362344_143769323_1	0.9654052717181204 HGDP
HGDP01354 HG02622#1#JAHAOO010000002.1_16673678_17080663_0$HG01243#1#JAHEOY010000013.1_90081_424495_0	0.9653990387919890 HGDP
HGDP01354 HG02717#1#JAHAOS010000015.1_16660311_17067250_0$HG03492#2#JAHEPH010000288.1_2098270_2432686_1	0.9653918676437375 HGDP
HGDP01354 HG03492#2#JAHEPH010000288.1_2098270_2432686_1$HG02886#2#JAHAOT010000031.1_87393_401061_0	0.9653853009725054 HGDP
HGDP01354 HG02886#2#JAHAOT010000031.1_87393_401061_0$HG01243#1#JAHEOY010000013.1_90081_424495_0	0.9653772343369020 HGDP
HGDP01354 HG03492#2#JAHEPH010000288.1_2098270_2432686_1$HG02300.verkko_filt_pat.fa:haplotype2_0000620_143362344_143769323_1	0.9653665596549609 HGDP
HGDP01354 HG03453#1#JAGYVW010000157.1_2105722_2585000_1$HG02109#2#JAHEPF010000078.1_16678387_16991144_0	0.9653172424800720 HGDP
HGDP01354 HG02717#1#JAHAOS010000015.1_16660311_17067250_0$HG01243#1#JAHEOY010000013.1_90081_424495_0	0.9653138300334465 HGDP
HGDP01354 HG02723#1#JAHEOU010000204.1_2102082_2414876_1$HG03486#2#JAHEOP010000248.1_2105565_2584784_1	0.9652175457546798 HGDP
HGDP01354 HG03453#1#JAGYVW010000157.1_2105722_2585000_1$HG03710.verkko_filt_mat.fa:haplotype1_0000029_102593394_102907063_0	0.9651877713568358 HGDP
HGDP01354 HG00438#1#JAHBCB010000015.1_33474867_33954171_0$HG02886#2#JAHAOT010000031.1_87393_401061_0	0.9651336535226757 HGDP
HGDP01354 HG04228.verkko_filt_pat.fa:haplotype2_0000600_103806749_104119491_0$HG002.verkko_filt_pat.fa:haplotype2_0000649_147937390_148315979_1	0.9650354555679070 HGDP
HGDP01354 HG03579#2#JAGYVT010000094.1_51581892_51895531_0$HG002.verkko_filt_pat.fa:haplotype2_0000649_147937390_148315979_1	0.9650231700620305 HGDP
HGDP01354 HG02647.verkko_filt_pat.fa:haplotype2_0000857_103738150_104051769_0$HG002.verkko_filt_pat.fa:haplotype2_0000649_147937390_148315979_1	0.9650162693318042 HGDP
HGDP01354 HG03453#1#JAGYVW010000157.1_2105722_2585000_1$HG02293.verkko_filt_mat.fa:haplotype1_0000039_30204405_30517145_1	0.9649833014109701 HGDP
HGDP01354 HG03453#1#JAGYVW010000157.1_2105722_2585000_1$HG00733#1#JAHEPQ010000019.1_46106835_46420495_0	0.9648869742818668 HGDP
HGDP01354 HG03453#1#JAGYVW010000157.1_2105722_2585000_1$HG03098#2#JAHEPL010000003.1_93803759_94117426_0	0.9648494069765542 HGDP
HGDP01354 HG03710.verkko_filt_mat.fa:haplotype1_0000029_102593394_102907063_0$HG002.verkko_filt_pat.fa:haplotype2_0000649_147937390_148315979_1	0.9646983466341125 HGDP
HGDP01354 HG03492#2#JAHEPH010000288.1_2098270_2432686_1$HG03710.verkko_filt_mat.fa:haplotype1_0000029_102593394_102907063_0	0.9646067808735767 HGDP
HGDP01354 HG01243#1#JAHEOY010000013.1_90081_424495_0$HG03710.verkko_filt_mat.fa:haplotype1_0000029_102593394_102907063_0	0.9645987340105650 HGDP
HGDP01354 HG01123#2#JAGYYY010000006.1_51579630_51892388_0$HG002.verkko_filt_pat.fa:haplotype2_0000649_147937390_148315979_1	0.9645270419727083 HGDP
HGDP01354 HG03453#1#JAGYVW010000157.1_2105722_2585000_1$HG03579#2#JAGYVT010000094.1_51581892_51895531_0	0.9644783864180613 HGDP
HGDP01354 HG03453#1#JAGYVW010000157.1_2105722_2585000_1$HG02647.verkko_filt_pat.fa:haplotype2_0000857_103738150_104051769_0	0.9644624307277424 HGDP
HGDP01354 HG03098#2#JAHEPL010000003.1_93803759_94117426_0$HG002.verkko_filt_pat.fa:haplotype2_0000649_147937390_148315979_1	0.9644603796200488 HGDP
HGDP01354 HG00438#1#JAHBCB010000015.1_33474867_33954171_0$HG03710.verkko_filt_mat.fa:haplotype1_0000029_102593394_102907063_0	0.9644582897792778 HGDP
HGDP01354 HG03098#2#JAHEPL010000003.1_93803759_94117426_0$HG00438#1#JAHBCB010000015.1_33474867_33954171_0	0.9644371637024975 HGDP
HGDP01354 HG03492#2#JAHEPH010000288.1_2098270_2432686_1$HG04228.verkko_filt_pat.fa:haplotype2_0000600_103806749_104119491_0	0.9644082830045665 HGDP
HGDP01354 HG01243#1#JAHEOY010000013.1_90081_424495_0$HG04228.verkko_filt_pat.fa:haplotype2_0000600_103806749_104119491_0	0.9643837443058216 HGDP
HGDP01354 HG00733#1#JAHEPQ010000019.1_46106835_46420495_0$HG002.verkko_filt_pat.fa:haplotype2_0000649_147937390_148315979_1	0.9643601190502542 HGDP
HGDP01354 HG02109#2#JAHEPF010000078.1_16678387_16991144_0$HG002.verkko_filt_pat.fa:haplotype2_0000649_147937390_148315979_1	0.9643477819974248 HGDP
HGDP01354 HG03453#1#JAGYVW010000157.1_2105722_2585000_1$HG00438#2#JAHBCA010000012.1_51513023_51826723_0	0.9643423087212665 HGDP
HGDP01354 HG01891#1#JAGYVO010000014.1_22855818_23168577_1$HG002.verkko_filt_pat.fa:haplotype2_0000649_147937390_148315979_1	0.9643204346707251 HGDP
HGDP01354 HG02293.verkko_filt_mat.fa:haplotype1_0000039_30204405_30517145_1$HG002.verkko_filt_pat.fa:haplotype2_0000649_147937390_148315979_1	0.9642922185547751 HGDP
HGDP01354 AV_HG01361#haplotype2#0001322:101872897_102186552$HG01109#2#JAHEOZ010000047.1_16671232_17151375_0	0.9642892323008735 HGDP
HGDP01354 HG02723#1#JAHEOU010000204.1_2102082_2414876_1$HG03453#1#JAGYVW010000157.1_2105722_2585000_1	0.9642833165235015 HGDP
HGDP01354 HG02300.verkko_filt_mat.fa:haplotype1_0000028_144052837_144460586_1$HG02647.verkko_filt_mat.fa:haplotype1_0000002_103892584_104321036_0	0.9642604770679981 HGDP
HGDP01354 HG02080#1#JAHEOW010000048.1_16689583_17097287_0$HG02647.verkko_filt_mat.fa:haplotype1_0000002_103892584_104321036_0	0.9642124407198202 HGDP
HGDP01354 HG02886#2#JAHAOT010000031.1_87393_401061_0$HG01109#2#JAHEOZ010000047.1_16671232_17151375_0	0.9641792479909066 HGDP
HGDP01354 HG03492#2#JAHEPH010000288.1_2098270_2432686_1$HG02647.verkko_filt_pat.fa:haplotype2_0000857_103738150_104051769_0	0.9641747197645363 HGDP
HGDP01354 HG03098#2#JAHEPL010000003.1_93803759_94117426_0$HG01243#1#JAHEOY010000013.1_90081_424495_0	0.9641511919693749 HGDP
HGDP01354 HG03492#2#JAHEPH010000288.1_2098270_2432686_1$HG03579#2#JAGYVT010000094.1_51581892_51895531_0	0.9641318462097451 HGDP
HGDP01354 HG01243#1#JAHEOY010000013.1_90081_424495_0$HG02647.verkko_filt_pat.fa:haplotype2_0000857_103738150_104051769_0	0.9641171941644354 HGDP
HGDP01354 HG03492#2#JAHEPH010000288.1_2098270_2432686_1$HG03098#2#JAHEPL010000003.1_93803759_94117426_0	0.9641095005221342 HGDP
HGDP01354 HG03579#2#JAGYVT010000094.1_51581892_51895531_0$HG01243#1#JAHEOY010000013.1_90081_424495_0	0.9640413486447074 HGDP
HGDP01354 HG02080#1#JAHEOW010000048.1_16689583_17097287_0$HG02055#2#JAHEPJ010000017.1_24870122_25298560_1	0.9639909855353427 HGDP
HGDP01354 HG01099.verkko_filt_mat.fa:haplotype1_0000034_142513097_142920876_1$HG02647.verkko_filt_mat.fa:haplotype1_0000002_103892584_104321036_0	0.9639899084751165 HGDP
HGDP01354 AV_HG01361#haplotype1#0000023:101593539_102001341$HG02647.verkko_filt_mat.fa:haplotype1_0000002_103892584_104321036_0	0.9639723304102852 HGDP
HGDP01354 HG02080#1#JAHEOW010000048.1_16689583_17097287_0$HG02809.verkko_filt_mat.fa:haplotype1_0000023_94161320_94589755_0	0.9639519013970743 HGDP
HGDP01354 HG00438#1#JAHBCB010000015.1_33474867_33954171_0$HG00733#1#JAHEPQ010000019.1_46106835_46420495_0	0.9639404267797926 HGDP
HGDP01354 HG02055#2#JAHEPJ010000017.1_24870122_25298560_1$HG02300.verkko_filt_mat.fa:haplotype1_0000028_144052837_144460586_1	0.9639314404430926 HGDP
HGDP01354 HG00438#2#JAHBCA010000012.1_51513023_51826723_0$HG002.verkko_filt_pat.fa:haplotype2_0000649_147937390_148315979_1	0.9638985349684900 HGDP
HGDP01354 NA19240#2#JAHEOL010000010.1_37445323_37853017_0$HG02647.verkko_filt_mat.fa:haplotype1_0000002_103892584_104321036_0	0.9638817685481400 HGDP
HGDP01354 HG02300.verkko_filt_mat.fa:haplotype1_0000028_144052837_144460586_1$HG02809.verkko_filt_mat.fa:haplotype1_0000023_94161320_94589755_0	0.9638593425388196 HGDP
HGDP01354 HG00438#1#JAHBCB010000015.1_33474867_33954171_0$HG00438#2#JAHBCA010000012.1_51513023_51826723_0	0.9638573166196347 HGDP
HGDP01354 AV_HG01361#haplotype1#0000023:101593539_102001341$HG02055#2#JAHEPJ010000017.1_24870122_25298560_1	0.9637923985358670 HGDP
HGDP01354 HG03453#1#JAGYVW010000157.1_2105722_2585000_1$HG01891#1#JAGYVO010000014.1_22855818_23168577_1	0.9637846927584390 HGDP
HGDP01354 HG03492#2#JAHEPH010000288.1_2098270_2432686_1$HG00733#1#JAHEPQ010000019.1_46106835_46420495_0	0.9637729230579871 HGDP
HGDP01354 HG02055#2#JAHEPJ010000017.1_24870122_25298560_1$HG01099.verkko_filt_mat.fa:haplotype1_0000034_142513097_142920876_1	0.9637687197674244 HGDP
HGDP01354 HG01243#1#JAHEOY010000013.1_90081_424495_0$HG00733#1#JAHEPQ010000019.1_46106835_46420495_0	0.9637648405390485 HGDP
HGDP01354 AV_HG01361#haplotype1#0000023:101593539_102001341$HG02809.verkko_filt_mat.fa:haplotype1_0000023_94161320_94589755_0	0.9637534450605407 HGDP
HGDP01354 HG00438#1#JAHBCB010000015.1_33474867_33954171_0$HG02293.verkko_filt_mat.fa:haplotype1_0000039_30204405_30517145_1	0.9637346491768634 HGDP
HGDP01354 HG01099.verkko_filt_mat.fa:haplotype1_0000034_142513097_142920876_1$HG02809.verkko_filt_mat.fa:haplotype1_0000023_94161320_94589755_0	0.9637050823042284 HGDP
HGDP01354 HG01243#1#JAHEOY010000013.1_90081_424495_0$HG02293.verkko_filt_mat.fa:haplotype1_0000039_30204405_30517145_1	0.9636798833247286 HGDP
HGDP01354 AV_HG00673#haplotype2#0001165:24014011_24421797$HG02647.verkko_filt_mat.fa:haplotype1_0000002_103892584_104321036_0	0.9636406434714772 HGDP
HGDP01354 HG02055#2#JAHEPJ010000017.1_24870122_25298560_1$NA19240#2#JAHEOL010000010.1_37445323_37853017_0	0.9636283054396723 HGDP
HGDP01354 HG03492#2#JAHEPH010000288.1_2098270_2432686_1$HG02293.verkko_filt_mat.fa:haplotype1_0000039_30204405_30517145_1	0.9636214984490181 HGDP
HGDP01354 HG03516#1#JAGYYT010000012.1_24170958_24578778_1$HG02647.verkko_filt_mat.fa:haplotype1_0000002_103892584_104321036_0	0.9635989237477880 HGDP
HGDP01354 HG01243#1#JAHEOY010000013.1_90081_424495_0$HG02109#2#JAHEPF010000078.1_16678387_16991144_0	0.9635866154387550 HGDP
HGDP01354 HG01243#1#JAHEOY010000013.1_90081_424495_0$HG01891#1#JAGYVO010000014.1_22855818_23168577_1	0.9635849421069848 HGDP
HGDP01354 HG03492#2#JAHEPH010000288.1_2098270_2432686_1$HG02109#2#JAHEPF010000078.1_16678387_16991144_0	0.9635780846005141 HGDP
HGDP01354 HG03492#2#JAHEPH010000288.1_2098270_2432686_1$HG01891#1#JAGYVO010000014.1_22855818_23168577_1	0.9635269022073957 HGDP
HGDP01354 AV_HG00673#haplotype2#0001165:24014011_24421797$HG02055#2#JAHEPJ010000017.1_24870122_25298560_1	0.9634944105586456 HGDP
HGDP01354 HG02723#1#JAHEOU010000204.1_2102082_2414876_1$HG002.verkko_filt_pat.fa:haplotype2_0000649_147937390_148315979_1	0.9634785598412174 HGDP
HGDP01354 NA19240#2#JAHEOL010000010.1_37445323_37853017_0$HG02809.verkko_filt_mat.fa:haplotype1_0000023_94161320_94589755_0	0.9634746334712402 HGDP
HGDP01354 AV_HG00673#haplotype2#0001165:24014011_24421797$HG02809.verkko_filt_mat.fa:haplotype1_0000023_94161320_94589755_0	0.9634723871338904 HGDP
HGDP01354 HG03492#2#JAHEPH010000288.1_2098270_2432686_1$HG01123#2#JAGYYY010000006.1_51579630_51892388_0	0.9634125764975912 HGDP
HGDP01354 HG00438#2#JAHBCA010000012.1_51513023_51826723_0$HG01243#1#JAHEOY010000013.1_90081_424495_0	0.9633971740276494 HGDP
HGDP01354 HG01123#2#JAGYYY010000006.1_51579630_51892388_0$HG01243#1#JAHEOY010000013.1_90081_424495_0	0.9633880165722742 HGDP
HGDP01354 HG03492#2#JAHEPH010000288.1_2098270_2432686_1$HG00438#2#JAHBCA010000012.1_51513023_51826723_0	0.9633720286002436 HGDP
HGDP01354 HG02717#2#JAHAOR010000006.1_19663827_20070693_1$HG02647.verkko_filt_mat.fa:haplotype1_0000002_103892584_104321036_0	0.9633668248850121 HGDP
HGDP01354 HG01109#2#JAHEOZ010000047.1_16671232_17151375_0$HG02293.verkko_filt_mat.fa:haplotype1_0000039_30204405_30517145_1	0.9633549277903443 HGDP
HGDP01354 HG01123#1#JAGYYZ010000015.1_51528240_51935090_0$HG02647.verkko_filt_mat.fa:haplotype1_0000002_103892584_104321036_0	0.9633515825669842 HGDP
HGDP01354 HG01258#2#JAGYYU010000072.1_51562603_51970395_0$HG02647.verkko_filt_mat.fa:haplotype1_0000002_103892584_104321036_0	0.9633376537846814 HGDP
HGDP01354 HG03516#1#JAGYYT010000012.1_24170958_24578778_1$HG02055#2#JAHEPJ010000017.1_24870122_25298560_1	0.9633225942132183 HGDP
HGDP01354 HG02559#2#JAGYVJ010000037.1_52167780_52574597_1$HG02647.verkko_filt_mat.fa:haplotype1_0000002_103892584_104321036_0	0.9633152438574384 HGDP
HGDP01354 HG02055#2#JAHEPJ010000017.1_24870122_25298560_1$HG01258#2#JAGYYU010000072.1_51562603_51970395_0	0.9632021845989682 HGDP
HGDP01354 HG03516#1#JAGYYT010000012.1_24170958_24578778_1$HG02809.verkko_filt_mat.fa:haplotype1_0000023_94161320_94589755_0	0.9631375572744215 HGDP
HGDP01354 HG02055#2#JAHEPJ010000017.1_24870122_25298560_1$HG02717#2#JAHAOR010000006.1_19663827_20070693_1	0.9631084707348749 HGDP
HGDP01354 HG03492#2#JAHEPH010000288.1_2098270_2432686_1$HG01358#1#JAGYZB010000020.1_27445742_27855492_1	0.9631003053374929 HGDP
HGDP01354 HG01243#1#JAHEOY010000013.1_90081_424495_0$HG01358#1#JAGYZB010000020.1_27445742_27855492_1	0.9630657116173721 HGDP
HGDP01354 HG03098#2#JAHEPL010000003.1_93803759_94117426_0$HG01109#2#JAHEOZ010000047.1_16671232_17151375_0	0.9630408512368941 HGDP
HGDP01354 HG01123#1#JAGYYZ010000015.1_51528240_51935090_0$HG02055#2#JAHEPJ010000017.1_24870122_25298560_1	0.9630276891833558 HGDP
HGDP01354 HG005#1#JAHEPO010000002.1_51519219_51926067_0$HG02647.verkko_filt_mat.fa:haplotype1_0000002_103892584_104321036_0	0.9630168898431595 HGDP
HGDP01354 HG02723#1#JAHEOU010000204.1_2102082_2414876_1$HG01243#1#JAHEOY010000013.1_90081_424495_0	0.9630134294887992 HGDP
HGDP01354 HG01258#2#JAGYYU010000072.1_51562603_51970395_0$HG02809.verkko_filt_mat.fa:haplotype1_0000023_94161320_94589755_0	0.9630101837489986 HGDP
HGDP01354 HG02647.verkko_filt_mat.fa:haplotype1_0000002_103892584_104321036_0$HG002.verkko_filt_pat.fa:haplotype2_0000649_147937390_148315979_1	0.9630039126673117 HGDP
HGDP01354 HG02717#2#JAHAOR010000006.1_19663827_20070693_1$HG02809.verkko_filt_mat.fa:haplotype1_0000023_94161320_94589755_0	0.9629819272226016 HGDP
HGDP01354 HG01123#1#JAGYYZ010000015.1_51528240_51935090_0$HG03098#1#JAHEPM010000059.1_16676208_17105596_0	0.9629693894892508 HGDP
HGDP01354 HG02723#1#JAHEOU010000204.1_2102082_2414876_1$HG03492#2#JAHEPH010000288.1_2098270_2432686_1	0.9629553609052539 HGDP
HGDP01354 HG03098#1#JAHEPM010000059.1_16676208_17105596_0$HG02717#2#JAHAOR010000006.1_19663827_20070693_1	0.9628947053269465 HGDP
HGDP01354 HG01109#2#JAHEOZ010000047.1_16671232_17151375_0$HG03710.verkko_filt_mat.fa:haplotype1_0000029_102593394_102907063_0	0.9628891437017331 HGDP
HGDP01354 HG02559#2#JAGYVJ010000037.1_52167780_52574597_1$HG02055#2#JAHEPJ010000017.1_24870122_25298560_1	0.9628760191226113 HGDP
HGDP01354 HG03927.verkko_filt_mat.fa:haplotype1_0000009_134765170_135173010_1$HG02647.verkko_filt_mat.fa:haplotype1_0000002_103892584_104321036_0	0.9628516021393295 HGDP
HGDP01354 HG02080#1#JAHEOW010000048.1_16689583_17097287_0$HG03098#1#JAHEPM010000059.1_16676208_17105596_0	0.9628117999316117 HGDP
HGDP01354 HG01123#1#JAGYYZ010000015.1_51528240_51935090_0$HG02809.verkko_filt_mat.fa:haplotype1_0000023_94161320_94589755_0	0.9628112971025312 HGDP
HGDP01354 HG00741#2#JAHALX010000013.1_51574319_51981226_0$HG02647.verkko_filt_mat.fa:haplotype1_0000002_103892584_104321036_0	0.9627792551680321 HGDP
HGDP01354 HG03098#1#JAHEPM010000059.1_16676208_17105596_0$HG02300.verkko_filt_mat.fa:haplotype1_0000028_144052837_144460586_1	0.9627356428219344 HGDP
HGDP01354 HG02559#2#JAGYVJ010000037.1_52167780_52574597_1$HG03098#1#JAHEPM010000059.1_16676208_17105596_0	0.9627276204884365 HGDP
HGDP01354 HG02559#2#JAGYVJ010000037.1_52167780_52574597_1$HG02809.verkko_filt_mat.fa:haplotype1_0000023_94161320_94589755_0	0.9627001895835520 HGDP
HGDP01354 HG02055#2#JAHEPJ010000017.1_24870122_25298560_1$HG002.verkko_filt_pat.fa:haplotype2_0000649_147937390_148315979_1	0.9626607819681705 HGDP
HGDP01354 HG01109#2#JAHEOZ010000047.1_16671232_17151375_0$HG00733#1#JAHEPQ010000019.1_46106835_46420495_0	0.9626479927406731 HGDP
HGDP01354 HG02055#2#JAHEPJ010000017.1_24870122_25298560_1$HG03927.verkko_filt_mat.fa:haplotype1_0000009_134765170_135173010_1	0.9626334395142775 HGDP
HGDP01354 HG00438#2#JAHBCA010000012.1_51513023_51826723_0$HG01109#2#JAHEOZ010000047.1_16671232_17151375_0	0.9626051532136904 HGDP
HGDP01354 HG005#1#JAHEPO010000002.1_51519219_51926067_0$HG02055#2#JAHEPJ010000017.1_24870122_25298560_1	0.9625794179394500 HGDP
HGDP01354 AV_HG01361#haplotype1#0000023:101593539_102001341$HG03098#1#JAHEPM010000059.1_16676208_17105596_0	0.9625313302079028 HGDP
HGDP01354 HG02055#2#JAHEPJ010000017.1_24870122_25298560_1$HG00741#2#JAHALX010000013.1_51574319_51981226_0	0.9625223898652223 HGDP
HGDP01354 HG03098#1#JAHEPM010000059.1_16676208_17105596_0$HG01258#2#JAGYYU010000072.1_51562603_51970395_0	0.9624815372432886 HGDP
HGDP01354 HG03098#1#JAHEPM010000059.1_16676208_17105596_0$HG01099.verkko_filt_mat.fa:haplotype1_0000034_142513097_142920876_1	0.9624667296555024 HGDP
HGDP01354 HG005#1#JAHEPO010000002.1_51519219_51926067_0$HG03098#1#JAHEPM010000059.1_16676208_17105596_0	0.9624557468814587 HGDP
HGDP01354 HG03927.verkko_filt_mat.fa:haplotype1_0000009_134765170_135173010_1$HG02809.verkko_filt_mat.fa:haplotype1_0000023_94161320_94589755_0	0.9624489653911231 HGDP
HGDP01354 HG02809.verkko_filt_mat.fa:haplotype1_0000023_94161320_94589755_0$HG002.verkko_filt_pat.fa:haplotype2_0000649_147937390_148315979_1	0.9624031113049208 HGDP
HGDP01354 HG03098#1#JAHEPM010000059.1_16676208_17105596_0$HG002.verkko_filt_pat.fa:haplotype2_0000649_147937390_148315979_1	0.9623977758525570 HGDP
HGDP01354 HG005#1#JAHEPO010000002.1_51519219_51926067_0$HG02809.verkko_filt_mat.fa:haplotype1_0000023_94161320_94589755_0	0.9623720300038603 HGDP
HGDP01354 HG03098#1#JAHEPM010000059.1_16676208_17105596_0$NA19240#2#JAHEOL010000010.1_37445323_37853017_0	0.9623528915608808 HGDP
HGDP01354 HG02109#1#JAHEPG010000026.1_16673035_17080816_0$HG02647.verkko_filt_mat.fa:haplotype1_0000002_103892584_104321036_0	0.9623358097047285 HGDP
HGDP01354 AV_HG00673#haplotype2#0001165:24014011_24421797$HG03098#1#JAHEPM010000059.1_16676208_17105596_0	0.9623090628755454 HGDP
HGDP01354 HG02145#2#JAHKSF010000206.1_1005292_1413195_1$HG02647.verkko_filt_mat.fa:haplotype1_0000002_103892584_104321036_0	0.9623030863001899 HGDP
HGDP01354 HG02647.verkko_filt_mat.fa:haplotype1_0000002_103892584_104321036_0$HG02809.verkko_filt_pat.fa:haplotype2_0001251_103421111_103827972_0	0.9622955249729354 HGDP
HGDP01354 HG03098#1#JAHEPM010000059.1_16676208_17105596_0$HG00741#2#JAHALX010000013.1_51574319_51981226_0	0.9622682528778845 HGDP
HGDP01354 HG00741#2#JAHALX010000013.1_51574319_51981226_0$HG02809.verkko_filt_mat.fa:haplotype1_0000023_94161320_94589755_0	0.9622176847993488 HGDP
HGDP01354 HG01109#1#JAHEPA010000099.1_2104245_2511104_1$HG02647.verkko_filt_mat.fa:haplotype1_0000002_103892584_104321036_0	0.9622051810756274 HGDP
HGDP01354 HG02109#1#JAHEPG010000026.1_16673035_17080816_0$HG02055#2#JAHEPJ010000017.1_24870122_25298560_1	0.9621998255035592 HGDP
HGDP01354 HG02109#1#JAHEPG010000026.1_16673035_17080816_0$HG02809.verkko_filt_mat.fa:haplotype1_0000023_94161320_94589755_0	0.9620891077760088 HGDP
HGDP01354 HG02055#2#JAHEPJ010000017.1_24870122_25298560_1$HG02809.verkko_filt_pat.fa:haplotype2_0001251_103421111_103827972_0	0.9620613367480532 HGDP
HGDP01354 HG02145#2#JAHKSF010000206.1_1005292_1413195_1$HG02055#2#JAHEPJ010000017.1_24870122_25298560_1	0.9620431172014902 HGDP
HGDP01354 HG02486#2#JAGYVL010000029.1_94163344_94570162_0$HG02647.verkko_filt_mat.fa:haplotype1_0000002_103892584_104321036_0	0.9620024060861359 HGDP
HGDP01354 HG03098#1#JAHEPM010000059.1_16676208_17105596_0$HG03516#1#JAGYYT010000012.1_24170958_24578778_1	0.9619943258976943 HGDP
HGDP01354 HG02809.verkko_filt_mat.fa:haplotype1_0000023_94161320_94589755_0$HG02809.verkko_filt_pat.fa:haplotype2_0001251_103421111_103827972_0	0.9619836417158097 HGDP
HGDP01354 HG02630#1#JAHAOQ010000102.1_16672145_17079089_0$HG02647.verkko_filt_mat.fa:haplotype1_0000002_103892584_104321036_0	0.9619537898852754 HGDP
HGDP01354 HG02145#2#JAHKSF010000206.1_1005292_1413195_1$HG02809.verkko_filt_mat.fa:haplotype1_0000023_94161320_94589755_0	0.9619400972799125 HGDP
HGDP01354 AV_HG02257#haplotype2#0001152:102843493_103251377$HG02647.verkko_filt_mat.fa:haplotype1_0000002_103892584_104321036_0	0.9618965422324288 HGDP
HGDP01354 HG02886#1#JAHAOU010000178.1_62411_469262_0$HG02647.verkko_filt_mat.fa:haplotype1_0000002_103892584_104321036_0	0.9618758112979224 HGDP
HGDP01354 HG01109#1#JAHEPA010000099.1_2104245_2511104_1$HG02055#2#JAHEPJ010000017.1_24870122_25298560_1	0.9618670387877253 HGDP
HGDP01354 HG02630#1#JAHAOQ010000102.1_16672145_17079089_0$HG02055#2#JAHEPJ010000017.1_24870122_25298560_1	0.9617509034647936 HGDP
HGDP01354 HG02559#1#JAGYVK010000012.1_51505852_51913611_0$HG02647.verkko_filt_mat.fa:haplotype1_0000002_103892584_104321036_0	0.9617439149900030 HGDP
HGDP01354 HG02055#2#JAHEPJ010000017.1_24870122_25298560_1$HG02486#2#JAGYVL010000029.1_94163344_94570162_0	0.9617267342063952 HGDP
HGDP01354 HG03516#2#JAGYYS010000004.1_24452130_24859892_1$HG02647.verkko_filt_mat.fa:haplotype1_0000002_103892584_104321036_0	0.9617263896603929 HGDP
HGDP01354 HG03579#1#JAGYVU010000029.1_91404_499180_0$HG02647.verkko_filt_mat.fa:haplotype1_0000002_103892584_104321036_0	0.9617238134674033 HGDP
HGDP01354 HG03098#1#JAHEPM010000059.1_16676208_17105596_0$HG02809.verkko_filt_pat.fa:haplotype2_0001251_103421111_103827972_0	0.9617080339089324 HGDP
HGDP01354 HG02055#2#JAHEPJ010000017.1_24870122_25298560_1$HG03516#2#JAGYYS010000004.1_24452130_24859892_1	0.9617052209619696 HGDP
HGDP01354 HG02886#1#JAHAOU010000178.1_62411_469262_0$HG02055#2#JAHEPJ010000017.1_24870122_25298560_1	0.9616907212821382 HGDP
HGDP01354 HG02559#1#JAGYVK010000012.1_51505852_51913611_0$HG02055#2#JAHEPJ010000017.1_24870122_25298560_1	0.9616900678382181 HGDP
HGDP01354 AV_HG02257#haplotype2#0001152:102843493_103251377$HG02055#2#JAHEPJ010000017.1_24870122_25298560_1	0.9616780895090050 HGDP
HGDP01354 HG02080#1#JAHEOW010000048.1_16689583_17097287_0$HG002.verkko_filt_pat.fa:haplotype2_0000649_147937390_148315979_1	0.9616761806635801 HGDP
HGDP01354 HG02055#2#JAHEPJ010000017.1_24870122_25298560_1$HG03579#1#JAGYVU010000029.1_91404_499180_0	0.9616534429242264 HGDP
HGDP01354 HG03516#2#JAGYYS010000004.1_24452130_24859892_1$HG02809.verkko_filt_mat.fa:haplotype1_0000023_94161320_94589755_0	0.9616516667241990 HGDP
HGDP01354 NA18906#1#JAHEOO010000054.1_2103477_2510435_1$HG02647.verkko_filt_mat.fa:haplotype1_0000002_103892584_104321036_0	0.9616322911885266 HGDP
HGDP01354 NA19240#1#JAHEOM010000047.1_30103390_30511199_1$HG02647.verkko_filt_mat.fa:haplotype1_0000002_103892584_104321036_0	0.9616091417051901 HGDP
HGDP01354 HG02818#1#JAHEOS010000101.1_89626_496613_0$HG02647.verkko_filt_mat.fa:haplotype1_0000002_103892584_104321036_0	0.9615773546592237 HGDP
HGDP01354 HG02559#1#JAGYVK010000012.1_51505852_51913611_0$HG02809.verkko_filt_mat.fa:haplotype1_0000023_94161320_94589755_0	0.9615629507792640 HGDP
HGDP01354 HG01109#1#JAHEPA010000099.1_2104245_2511104_1$HG02809.verkko_filt_mat.fa:haplotype1_0000023_94161320_94589755_0	0.9615546559100018 HGDP
HGDP01354 HG02630#1#JAHAOQ010000102.1_16672145_17079089_0$HG02809.verkko_filt_mat.fa:haplotype1_0000023_94161320_94589755_0	0.9615489155278202 HGDP
HGDP01354 HG02486#2#JAGYVL010000029.1_94163344_94570162_0$HG02809.verkko_filt_mat.fa:haplotype1_0000023_94161320_94589755_0	0.9615422944645379 HGDP
HGDP01354 HG03579#1#JAGYVU010000029.1_91404_499180_0$HG02809.verkko_filt_mat.fa:haplotype1_0000023_94161320_94589755_0	0.9615344114281064 HGDP
HGDP01354 HG02886#1#JAHAOU010000178.1_62411_469262_0$HG02809.verkko_filt_mat.fa:haplotype1_0000023_94161320_94589755_0	0.9615228387764365 HGDP
HGDP01354 HG03098#1#JAHEPM010000059.1_16676208_17105596_0$HG02486#2#JAGYVL010000029.1_94163344_94570162_0	0.9614960926794071 HGDP
HGDP01354 AV_HG02257#haplotype2#0001152:102843493_103251377$HG02809.verkko_filt_mat.fa:haplotype1_0000023_94161320_94589755_0	0.9614933664942937 HGDP
HGDP01354 HG01109#1#JAHEPA010000099.1_2104245_2511104_1$HG03098#1#JAHEPM010000059.1_16676208_17105596_0	0.9614907298126573 HGDP
HGDP01354 HG02818#2#JAHEOR010000010.1_31775319_32183091_1$HG02647.verkko_filt_mat.fa:haplotype1_0000002_103892584_104321036_0	0.9614382693660454 HGDP
HGDP01354 AV_HG01175#haplotype1#0000070:46006269_46414083$HG02647.verkko_filt_mat.fa:haplotype1_0000002_103892584_104321036_0	0.9614360907780233 HGDP
HGDP01354 HG02145#2#JAHKSF010000206.1_1005292_1413195_1$HG03098#1#JAHEPM010000059.1_16676208_17105596_0	0.9614101312969949 HGDP
HGDP01354 HG02055#2#JAHEPJ010000017.1_24870122_25298560_1$NA19240#1#JAHEOM010000047.1_30103390_30511199_1	0.9614082452619449 HGDP
HGDP01354 NA18906#1#JAHEOO010000054.1_2103477_2510435_1$HG02055#2#JAHEPJ010000017.1_24870122_25298560_1	0.9614046913226790 HGDP
HGDP01354 HG02717#1#JAHAOS010000015.1_16660311_17067250_0$HG02647.verkko_filt_mat.fa:haplotype1_0000002_103892584_104321036_0	0.9614024775259423 HGDP
HGDP01354 HG02055#2#JAHEPJ010000017.1_24870122_25298560_1$HG02818#1#JAHEOS010000101.1_89626_496613_0	0.9613922552932581 HGDP
HGDP01354 HG02630#1#JAHAOQ010000102.1_16672145_17079089_0$HG03098#1#JAHEPM010000059.1_16676208_17105596_0	0.9613717974692674 HGDP
HGDP01354 HG02886#1#JAHAOU010000178.1_62411_469262_0$HG03098#1#JAHEPM010000059.1_16676208_17105596_0	0.9613699970105130 HGDP
HGDP01354 HG02300.verkko_filt_mat.fa:haplotype1_0000028_144052837_144460586_1$HG002.verkko_filt_pat.fa:haplotype2_0000649_147937390_148315979_1	0.9613278303213937 HGDP
HGDP01354 HG02622#1#JAHAOO010000002.1_16673678_17080663_0$HG02647.verkko_filt_mat.fa:haplotype1_0000002_103892584_104321036_0	0.9613158949219855 HGDP
HGDP01354 HG03098#1#JAHEPM010000059.1_16676208_17105596_0$HG03927.verkko_filt_mat.fa:haplotype1_0000009_134765170_135173010_1	0.9613064019858051 HGDP
HGDP01354 NA18906#1#JAHEOO010000054.1_2103477_2510435_1$HG02809.verkko_filt_mat.fa:haplotype1_0000023_94161320_94589755_0	0.9612931001038465 HGDP
HGDP01354 AV_HG00673#haplotype2#0001165:24014011_24421797$HG002.verkko_filt_pat.fa:haplotype2_0000649_147937390_148315979_1	0.9612767178529097 HGDP
HGDP01354 AV_HG01361#haplotype1#0000023:101593539_102001341$HG002.verkko_filt_pat.fa:haplotype2_0000649_147937390_148315979_1	0.9612741271908843 HGDP
HGDP01354 HG02818#2#JAHEOR010000010.1_31775319_32183091_1$HG02055#2#JAHEPJ010000017.1_24870122_25298560_1	0.9612703973291301 HGDP
HGDP01354 HG00621#2#JAHBCC010000031.1_16669999_17077865_0$HG02647.verkko_filt_mat.fa:haplotype1_0000002_103892584_104321036_0	0.9612702661069918 HGDP
HGDP01354 HG002.verkko_filt_mat.fa:haplotype1_0000005_138228497_138636354_1$HG02647.verkko_filt_mat.fa:haplotype1_0000002_103892584_104321036_0	0.9612624584906618 HGDP
HGDP01354 HG02071.verkko_filt_mat.fa:haplotype1_0000041_103610513_104018399_0$HG02647.verkko_filt_mat.fa:haplotype1_0000002_103892584_104321036_0	0.9612576657341964 HGDP
HGDP01354 NA19240#1#JAHEOM010000047.1_30103390_30511199_1$HG02809.verkko_filt_mat.fa:haplotype1_0000023_94161320_94589755_0	0.9612245757530502 HGDP
HGDP01354 HG02818#1#JAHEOS010000101.1_89626_496613_0$HG02809.verkko_filt_mat.fa:haplotype1_0000023_94161320_94589755_0	0.9611916047233444 HGDP
HGDP01354 AV_HG02148#haplotype2#0002863:16304803_16712699$HG02647.verkko_filt_mat.fa:haplotype1_0000002_103892584_104321036_0	0.9611847550247087 HGDP
HGDP01354 HG03453#2#JAGYVV010000088.1_22597550_23005370_1$HG02647.verkko_filt_mat.fa:haplotype1_0000002_103892584_104321036_0	0.9611573469356837 HGDP
HGDP01354 HG02818#2#JAHEOR010000010.1_31775319_32183091_1$HG02809.verkko_filt_mat.fa:haplotype1_0000023_94161320_94589755_0	0.9611523478648307 HGDP
HGDP01354 HG01099.verkko_filt_mat.fa:haplotype1_0000034_142513097_142920876_1$HG002.verkko_filt_pat.fa:haplotype2_0000649_147937390_148315979_1	0.9611282747412918 HGDP
HGDP01354 chr1_hg38_103456064_103863972_0$HG02647.verkko_filt_mat.fa:haplotype1_0000002_103892584_104321036_0	0.9611042093630011 HGDP
HGDP01354 chr1_hg19_103998686_104406594_0$HG02647.verkko_filt_mat.fa:haplotype1_0000002_103892584_104321036_0	0.9611042093630011 HGDP
HGDP01354 HG03098#1#JAHEPM010000059.1_16676208_17105596_0$NA18906#1#JAHEOO010000054.1_2103477_2510435_1	0.9610995070022103 HGDP
HGDP01354 HG02055#2#JAHEPJ010000017.1_24870122_25298560_1$HG02071.verkko_filt_mat.fa:haplotype1_0000041_103610513_104018399_0	0.9610966361630991 HGDP
HGDP01354 AV_HG01175#haplotype1#0000070:46006269_46414083$HG02055#2#JAHEPJ010000017.1_24870122_25298560_1	0.9610942333604954 HGDP
HGDP01354 HG02055#2#JAHEPJ010000017.1_24870122_25298560_1$HG002.verkko_filt_mat.fa:haplotype1_0000005_138228497_138636354_1	0.9610685474439525 HGDP
HGDP01354 AV_HG02257#haplotype2#0001152:102843493_103251377$HG03098#1#JAHEPM010000059.1_16676208_17105596_0	0.9610372550255935 HGDP
HGDP01354 HG03098#1#JAHEPM010000059.1_16676208_17105596_0$HG02818#1#JAHEOS010000101.1_89626_496613_0	0.9610222885454823 HGDP
HGDP01354 HG02717#1#JAHAOS010000015.1_16660311_17067250_0$HG02055#2#JAHEPJ010000017.1_24870122_25298560_1	0.9610191293586164 HGDP
HGDP01354 HG00621#2#JAHBCC010000031.1_16669999_17077865_0$HG02055#2#JAHEPJ010000017.1_24870122_25298560_1	0.9610190146841207 HGDP
HGDP01354 HG02622#1#JAHAOO010000002.1_16673678_17080663_0$HG02055#2#JAHEPJ010000017.1_24870122_25298560_1	0.9610178213821564 HGDP
HGDP01354 NA19240#2#JAHEOL010000010.1_37445323_37853017_0$HG002.verkko_filt_pat.fa:haplotype2_0000649_147937390_148315979_1	0.9609832175614614 HGDP
HGDP01354 AV_HG02148#haplotype2#0002863:16304803_16712699$HG02055#2#JAHEPJ010000017.1_24870122_25298560_1	0.9609668621478071 HGDP
HGDP01354 HG02809.verkko_filt_mat.fa:haplotype1_0000023_94161320_94589755_0$HG002.verkko_filt_mat.fa:haplotype1_0000005_138228497_138636354_1	0.9609657484055227 HGDP
HGDP01354 HG01243#1#JAHEOY010000013.1_90081_424495_0$HG002.verkko_filt_pat.fa:haplotype2_0000649_147937390_148315979_1	0.9609613495475071 HGDP
HGDP01354 HG03486#1#JAHEOQ010000123.1_16677696_17085575_0$HG02647.verkko_filt_mat.fa:haplotype1_0000002_103892584_104321036_0	0.9609575615183091 HGDP
HGDP01354 HG03492#2#JAHEPH010000288.1_2098270_2432686_1$HG002.verkko_filt_pat.fa:haplotype2_0000649_147937390_148315979_1	0.9609182192179760 HGDP
HGDP01354 HG005#2#JAHEPN010000023.1_51542210_51950070_0$HG02647.verkko_filt_mat.fa:haplotype1_0000002_103892584_104321036_0	0.9608942925725160 HGDP
HGDP01354 HG02071.verkko_filt_mat.fa:haplotype1_0000041_103610513_104018399_0$HG02809.verkko_filt_mat.fa:haplotype1_0000023_94161320_94589755_0	0.9608625379859405 HGDP
HGDP01354 HG03453#2#JAGYVV010000088.1_22597550_23005370_1$HG02055#2#JAHEPJ010000017.1_24870122_25298560_1	0.9608578251352993 HGDP
HGDP01354 chr1_hg38_103456064_103863972_0$HG02055#2#JAHEPJ010000017.1_24870122_25298560_1	0.9608447946583381 HGDP
HGDP01354 chr1_hg19_103998686_104406594_0$HG02055#2#JAHEPJ010000017.1_24870122_25298560_1	0.9608447946583381 HGDP
HGDP01354 AV_HG01175#haplotype1#0000070:46006269_46414083$HG02809.verkko_filt_mat.fa:haplotype1_0000023_94161320_94589755_0	0.9608439331698876 HGDP
HGDP01354 HG00621#2#JAHBCC010000031.1_16669999_17077865_0$HG02809.verkko_filt_mat.fa:haplotype1_0000023_94161320_94589755_0	0.9608343961024848 HGDP
HGDP01354 HG02717#1#JAHAOS010000015.1_16660311_17067250_0$HG02809.verkko_filt_mat.fa:haplotype1_0000023_94161320_94589755_0	0.9608342053352041 HGDP
HGDP01354 HG02717#1#JAHAOS010000015.1_16660311_17067250_0$HG03098#1#JAHEPM010000059.1_16676208_17105596_0	0.9608210220714081 HGDP
HGDP01354 HG02559#2#JAGYVJ010000037.1_52167780_52574597_1$HG002.verkko_filt_pat.fa:haplotype2_0000649_147937390_148315979_1	0.9607931149117442 HGDP
HGDP01354 AV_HG02148#haplotype2#0002863:16304803_16712699$HG02809.verkko_filt_mat.fa:haplotype1_0000023_94161320_94589755_0	0.9607417095198979 HGDP
HGDP01354 HG03486#1#JAHEOQ010000123.1_16677696_17085575_0$HG02055#2#JAHEPJ010000017.1_24870122_25298560_1	0.9607315946585597 HGDP
HGDP01354 chr1_hg38_103456064_103863972_0$HG02809.verkko_filt_mat.fa:haplotype1_0000023_94161320_94589755_0	0.9607176315313620 HGDP
HGDP01354 chr1_hg19_103998686_104406594_0$HG02809.verkko_filt_mat.fa:haplotype1_0000023_94161320_94589755_0	0.9607176315313620 HGDP
HGDP01354 HG02622#1#JAHAOO010000002.1_16673678_17080663_0$HG02809.verkko_filt_mat.fa:haplotype1_0000023_94161320_94589755_0	0.9607127813224907 HGDP
HGDP01354 HG02109#1#JAHEPG010000026.1_16673035_17080816_0$HG03098#1#JAHEPM010000059.1_16676208_17105596_0	0.9606928730164302 HGDP
HGDP01354 HG03453#2#JAGYVV010000088.1_22597550_23005370_1$HG02809.verkko_filt_mat.fa:haplotype1_0000023_94161320_94589755_0	0.9606413220659135 HGDP
HGDP01354 HG02055#2#JAHEPJ010000017.1_24870122_25298560_1$HG005#2#JAHEPN010000023.1_51542210_51950070_0	0.9606194704492650 HGDP
HGDP01354 HG03516#1#JAGYYT010000012.1_24170958_24578778_1$HG002.verkko_filt_pat.fa:haplotype2_0000649_147937390_148315979_1	0.9606022759547426 HGDP
HGDP01354 HG03486#1#JAHEOQ010000123.1_16677696_17085575_0$HG02809.verkko_filt_mat.fa:haplotype1_0000023_94161320_94589755_0	0.9605639065745860 HGDP
HGDP01354 HG02300.verkko_filt_pat.fa:haplotype2_0000620_143362344_143769323_1$HG02647.verkko_filt_mat.fa:haplotype1_0000002_103892584_104321036_0	0.9605351683986673 HGDP
HGDP01354 HG02622#1#JAHAOO010000002.1_16673678_17080663_0$HG03098#1#JAHEPM010000059.1_16676208_17105596_0	0.9605347368107697 HGDP
HGDP01354 HG02630#2#JAHAOP010000089.1_16669255_17076135_0$HG02647.verkko_filt_mat.fa:haplotype1_0000002_103892584_104321036_0	0.9604854944902018 HGDP
HGDP01354 HG01978#2#JAGYVR010000007.1_51532241_51939176_0$HG02647.verkko_filt_mat.fa:haplotype1_0000002_103892584_104321036_0	0.9604433012471826 HGDP
HGDP01354 HG005#2#JAHEPN010000023.1_51542210_51950070_0$HG02809.verkko_filt_mat.fa:haplotype1_0000023_94161320_94589755_0	0.9604357629916064 HGDP
HGDP01354 HG03098#1#JAHEPM010000059.1_16676208_17105596_0$HG03516#2#JAGYYS010000004.1_24452130_24859892_1	0.9604092698713499 HGDP
HGDP01354 HG02630#2#JAHAOP010000089.1_16669255_17076135_0$HG02055#2#JAHEPJ010000017.1_24870122_25298560_1	0.9603039635924322 HGDP
HGDP01354 HG01928#1#JAGYVQ010000053.1_16676493_17083407_0$HG02647.verkko_filt_mat.fa:haplotype1_0000002_103892584_104321036_0	0.9602997016229956 HGDP
HGDP01354 HG03098#1#JAHEPM010000059.1_16676208_17105596_0$HG03579#1#JAGYVU010000029.1_91404_499180_0	0.9602843520915830 HGDP
HGDP01354 HG02004.verkko_filt_mat.fa:haplotype1_0000022_97828542_98235483_0$HG02647.verkko_filt_mat.fa:haplotype1_0000002_103892584_104321036_0	0.9602760953501006 HGDP
HGDP01354 HG02055#2#JAHEPJ010000017.1_24870122_25298560_1$HG02300.verkko_filt_pat.fa:haplotype2_0000620_143362344_143769323_1	0.9602678713550600 HGDP
HGDP01354 HG02559#1#JAGYVK010000012.1_51505852_51913611_0$HG03098#1#JAHEPM010000059.1_16676208_17105596_0	0.9602560611009118 HGDP
HGDP01354 HG02080#1#JAHEOW010000048.1_16689583_17097287_0$HG01123#1#JAGYYZ010000015.1_51528240_51935090_0	0.9601973848324641 HGDP
HGDP01354 HG02809.verkko_filt_mat.fa:haplotype1_0000023_94161320_94589755_0$HG02300.verkko_filt_pat.fa:haplotype2_0000620_143362344_143769323_1	0.9601737772768403 HGDP
HGDP01354 HG02630#2#JAHAOP010000089.1_16669255_17076135_0$HG02809.verkko_filt_mat.fa:haplotype1_0000023_94161320_94589755_0	0.9601719616291706 HGDP
HGDP01354 HG01978#2#JAGYVR010000007.1_51532241_51939176_0$HG02055#2#JAHEPJ010000017.1_24870122_25298560_1	0.9601603900851605 HGDP
HGDP01354 HG02080#1#JAHEOW010000048.1_16689583_17097287_0$HG02717#2#JAHAOR010000006.1_19663827_20070693_1	0.9601021040082247 HGDP
HGDP01354 HG03098#1#JAHEPM010000059.1_16676208_17105596_0$NA19240#1#JAHEOM010000047.1_30103390_30511199_1	0.9600256773329915 HGDP
HGDP01354 HG02055#2#JAHEPJ010000017.1_24870122_25298560_1$HG02004.verkko_filt_mat.fa:haplotype1_0000022_97828542_98235483_0	0.9600021620868445 HGDP
HGDP01354 HG02080#1#JAHEOW010000048.1_16689583_17097287_0$HG005#1#JAHEPO010000002.1_51519219_51926067_0	0.9600018755395885 HGDP
HGDP01354 HG02109#1#JAHEPG010000026.1_16673035_17080816_0$HG002.verkko_filt_pat.fa:haplotype2_0000649_147937390_148315979_1	0.9599905761784582 HGDP
HGDP01354 HG01978#2#JAGYVR010000007.1_51532241_51939176_0$HG02809.verkko_filt_mat.fa:haplotype1_0000023_94161320_94589755_0	0.9599849815920495 HGDP
HGDP01354 HG02559#2#JAGYVJ010000037.1_52167780_52574597_1$HG01258#2#JAGYYU010000072.1_51562603_51970395_0	0.9599757994126721 HGDP
HGDP01354 HG02080#1#JAHEOW010000048.1_16689583_17097287_0$HG00741#2#JAHALX010000013.1_51574319_51981226_0	0.9599679966509961 HGDP
HGDP01354 HG01123#1#JAGYYZ010000015.1_51528240_51935090_0$HG01099.verkko_filt_mat.fa:haplotype1_0000034_142513097_142920876_1	0.9599570512055990 HGDP
HGDP01354 HG02080#1#JAHEOW010000048.1_16689583_17097287_0$HG01258#2#JAGYYU010000072.1_51562603_51970395_0	0.9599476690975273 HGDP
HGDP01354 HG01123#1#JAGYYZ010000015.1_51528240_51935090_0$HG02300.verkko_filt_mat.fa:haplotype1_0000028_144052837_144460586_1	0.9599378261676318 HGDP
HGDP01354 HG02630#2#JAHAOP010000089.1_16669255_17076135_0$HG03098#1#JAHEPM010000059.1_16676208_17105596_0	0.9599039738725040 HGDP
HGDP01354 HG02717#2#JAHAOR010000006.1_19663827_20070693_1$HG02300.verkko_filt_mat.fa:haplotype1_0000028_144052837_144460586_1	0.9598983394305924 HGDP
HGDP01354 HG01258#2#JAGYYU010000072.1_51562603_51970395_0$HG002.verkko_filt_pat.fa:haplotype2_0000649_147937390_148315979_1	0.9598713711943584 HGDP
HGDP01354 HG02818#2#JAHEOR010000010.1_31775319_32183091_1$HG03098#1#JAHEPM010000059.1_16676208_17105596_0	0.9598639711061761 HGDP
HGDP01354 HG01928#1#JAGYVQ010000053.1_16676493_17083407_0$HG02055#2#JAHEPJ010000017.1_24870122_25298560_1	0.9598621669419676 HGDP
HGDP01354 HG02717#2#JAHAOR010000006.1_19663827_20070693_1$HG01099.verkko_filt_mat.fa:haplotype1_0000034_142513097_142920876_1	0.9598379835157945 HGDP
HGDP01354 HG01258#2#JAGYYU010000072.1_51562603_51970395_0$HG02300.verkko_filt_mat.fa:haplotype1_0000028_144052837_144460586_1	0.9598314873375384 HGDP
HGDP01354 HG005#1#JAHEPO010000002.1_51519219_51926067_0$HG02300.verkko_filt_mat.fa:haplotype1_0000028_144052837_144460586_1	0.9598299854394133 HGDP
HGDP01354 AV_HG00673#haplotype2#0001165:24014011_24421797$HG01123#1#JAGYYZ010000015.1_51528240_51935090_0	0.9597926384372610 HGDP
HGDP01354 AV_HG01361#haplotype1#0000023:101593539_102001341$HG02717#2#JAHAOR010000006.1_19663827_20070693_1	0.9597804881851768 HGDP
HGDP01354 AV_HG01361#haplotype1#0000023:101593539_102001341$HG01123#1#JAGYYZ010000015.1_51528240_51935090_0	0.9597801437544239 HGDP
HGDP01354 AV_HG02148#haplotype2#0002863:16304803_16712699$HG03098#1#JAHEPM010000059.1_16676208_17105596_0	0.9597292865167733 HGDP
HGDP01354 HG03098#1#JAHEPM010000059.1_16676208_17105596_0$HG002.verkko_filt_mat.fa:haplotype1_0000005_138228497_138636354_1	0.9597227651937511 HGDP
HGDP01354 HG02004.verkko_filt_mat.fa:haplotype1_0000022_97828542_98235483_0$HG02809.verkko_filt_mat.fa:haplotype1_0000023_94161320_94589755_0	0.9597211666106935 HGDP
HGDP01354 AV_HG01175#haplotype1#0000070:46006269_46414083$HG03098#1#JAHEPM010000059.1_16676208_17105596_0	0.9597162055369560 HGDP
HGDP01354 AV_HG01361#haplotype1#0000023:101593539_102001341$HG005#1#JAHEPO010000002.1_51519219_51926067_0	0.9596803624814157 HGDP
HGDP01354 HG00741#2#JAHALX010000013.1_51574319_51981226_0$HG02300.verkko_filt_mat.fa:haplotype1_0000028_144052837_144460586_1	0.9596769736855812 HGDP
HGDP01354 HG005#1#JAHEPO010000002.1_51519219_51926067_0$HG01099.verkko_filt_mat.fa:haplotype1_0000034_142513097_142920876_1	0.9596742177483483 HGDP
HGDP01354 HG02559#2#JAGYVJ010000037.1_52167780_52574597_1$HG01123#1#JAGYYZ010000015.1_51528240_51935090_0	0.9596693510399431 HGDP
HGDP01354 HG01258#2#JAGYYU010000072.1_51562603_51970395_0$HG01099.verkko_filt_mat.fa:haplotype1_0000034_142513097_142920876_1	0.9596677733281069 HGDP
HGDP01354 HG00621#2#JAHBCC010000031.1_16669999_17077865_0$HG03098#1#JAHEPM010000059.1_16676208_17105596_0	0.9596657344085656 HGDP
HGDP01354 HG01123#1#JAGYYZ010000015.1_51528240_51935090_0$HG002.verkko_filt_pat.fa:haplotype2_0000649_147937390_148315979_1	0.9596610454650628 HGDP
HGDP01354 HG03098#1#JAHEPM010000059.1_16676208_17105596_0$HG02071.verkko_filt_mat.fa:haplotype1_0000041_103610513_104018399_0	0.9596525835468275 HGDP
HGDP01354 HG01928#1#JAGYVQ010000053.1_16676493_17083407_0$HG02809.verkko_filt_mat.fa:haplotype1_0000023_94161320_94589755_0	0.9596467895074348 HGDP
HGDP01354 HG01123#1#JAGYYZ010000015.1_51528240_51935090_0$NA19240#2#JAHEOL010000010.1_37445323_37853017_0	0.9596255515515033 HGDP
HGDP01354 AV_HG00673#haplotype2#0001165:24014011_24421797$HG02717#2#JAHAOR010000006.1_19663827_20070693_1	0.9596022099518499 HGDP
HGDP01354 HG02717#2#JAHAOR010000006.1_19663827_20070693_1$HG002.verkko_filt_pat.fa:haplotype2_0000649_147937390_148315979_1	0.9595749664247202 HGDP
HGDP01354 HG02809.verkko_filt_pat.fa:haplotype2_0001251_103421111_103827972_0$HG002.verkko_filt_pat.fa:haplotype2_0000649_147937390_148315979_1	0.9595602736320342 HGDP
HGDP01354 AV_HG00673#haplotype2#0001165:24014011_24421797$HG005#1#JAHEPO010000002.1_51519219_51926067_0	0.9595578512088804 HGDP
HGDP01354 HG005#1#JAHEPO010000002.1_51519219_51926067_0$HG002.verkko_filt_pat.fa:haplotype2_0000649_147937390_148315979_1	0.9595479192053310 HGDP
HGDP01354 HG02559#2#JAGYVJ010000037.1_52167780_52574597_1$HG02717#2#JAHAOR010000006.1_19663827_20070693_1	0.9595353706715324 HGDP
HGDP01354 HG02080#1#JAHEOW010000048.1_16689583_17097287_0$HG01109#1#JAHEPA010000099.1_2104245_2511104_1	0.9595263790805774 HGDP
HGDP01354 HG00741#2#JAHALX010000013.1_51574319_51981226_0$HG01099.verkko_filt_mat.fa:haplotype1_0000034_142513097_142920876_1	0.9595214490191207 HGDP
HGDP01354 HG005#1#JAHEPO010000002.1_51519219_51926067_0$NA19240#2#JAHEOL010000010.1_37445323_37853017_0	0.9595181339905282 HGDP
HGDP01354 HG02486#2#JAGYVL010000029.1_94163344_94570162_0$HG002.verkko_filt_pat.fa:haplotype2_0000649_147937390_148315979_1	0.9595122575577395 HGDP
HGDP01354 AV_HG01361#haplotype1#0000023:101593539_102001341$HG01258#2#JAGYYU010000072.1_51562603_51970395_0	0.9595069538010098 HGDP
HGDP01354 HG01123#1#JAGYYZ010000015.1_51528240_51935090_0$HG03516#1#JAGYYT010000012.1_24170958_24578778_1	0.9594590162771851 HGDP
HGDP01354 AV_HG00673#haplotype2#0001165:24014011_24421797$HG01258#2#JAGYYU010000072.1_51562603_51970395_0	0.9594560958917707 HGDP
HGDP01354 HG03098#1#JAHEPM010000059.1_16676208_17105596_0$HG02300.verkko_filt_pat.fa:haplotype2_0000620_143362344_143769323_1	0.9594469651447576 HGDP
HGDP01354 chr1_hg38_103456064_103863972_0$HG03098#1#JAHEPM010000059.1_16676208_17105596_0	0.9594424966100665 HGDP
HGDP01354 chr1_hg19_103998686_104406594_0$HG03098#1#JAHEPM010000059.1_16676208_17105596_0	0.9594424966100665 HGDP
HGDP01354 HG005#1#JAHEPO010000002.1_51519219_51926067_0$HG02559#2#JAGYVJ010000037.1_52167780_52574597_1	0.9594359616138726 HGDP
HGDP01354 HG02717#2#JAHAOR010000006.1_19663827_20070693_1$NA19240#2#JAHEOL010000010.1_37445323_37853017_0	0.9594274580400987 HGDP
HGDP01354 HG02559#2#JAGYVJ010000037.1_52167780_52574597_1$HG03927.verkko_filt_mat.fa:haplotype1_0000009_134765170_135173010_1	0.9594178793027840 HGDP
HGDP01354 AV_HG01361#haplotype1#0000023:101593539_102001341$HG02559#2#JAGYVJ010000037.1_52167780_52574597_1	0.9594001047910221 HGDP
HGDP01354 HG01258#2#JAGYYU010000072.1_51562603_51970395_0$NA19240#2#JAHEOL010000010.1_37445323_37853017_0	0.9593847149929272 HGDP
HGDP01354 HG02886#1#JAHAOU010000178.1_62411_469262_0$HG002.verkko_filt_pat.fa:haplotype2_0000649_147937390_148315979_1	0.9593839435121003 HGDP
HGDP01354 HG03486#1#JAHEOQ010000123.1_16677696_17085575_0$HG03098#1#JAHEPM010000059.1_16676208_17105596_0	0.9593798491831460 HGDP
HGDP01354 HG03453#2#JAGYVV010000088.1_22597550_23005370_1$HG03098#1#JAHEPM010000059.1_16676208_17105596_0	0.9593765477173244 HGDP
HGDP01354 HG02559#2#JAGYVJ010000037.1_52167780_52574597_1$HG01099.verkko_filt_mat.fa:haplotype1_0000034_142513097_142920876_1	0.9593382459089969 HGDP
HGDP01354 HG02080#1#JAHEOW010000048.1_16689583_17097287_0$HG02559#2#JAGYVJ010000037.1_52167780_52574597_1	0.9593317940326435 HGDP
HGDP01354 HG01109#1#JAHEPA010000099.1_2104245_2511104_1$HG02300.verkko_filt_mat.fa:haplotype1_0000028_144052837_144460586_1	0.9593227386832732 HGDP
HGDP01354 HG00741#2#JAHALX010000013.1_51574319_51981226_0$NA19240#2#JAHEOL010000010.1_37445323_37853017_0	0.9593025418821797 HGDP
HGDP01354 AV_HG01361#haplotype1#0000023:101593539_102001341$HG00741#2#JAHALX010000013.1_51574319_51981226_0	0.9592973039938258 HGDP
HGDP01354 HG02080#1#JAHEOW010000048.1_16689583_17097287_0$HG02809.verkko_filt_pat.fa:haplotype2_0001251_103421111_103827972_0	0.9592964740006819 HGDP
HGDP01354 HG03927.verkko_filt_mat.fa:haplotype1_0000009_134765170_135173010_1$HG002.verkko_filt_pat.fa:haplotype2_0000649_147937390_148315979_1	0.9592872830612073 HGDP
HGDP01354 HG02559#2#JAGYVJ010000037.1_52167780_52574597_1$HG02300.verkko_filt_mat.fa:haplotype1_0000028_144052837_144460586_1	0.9592473948236786 HGDP
HGDP01354 AV_HG01361#haplotype1#0000023:101593539_102001341$HG01109#1#JAHEPA010000099.1_2104245_2511104_1	0.9592130030719431 HGDP
HGDP01354 HG01109#1#JAHEPA010000099.1_2104245_2511104_1$HG01099.verkko_filt_mat.fa:haplotype1_0000034_142513097_142920876_1	0.9591989437805334 HGDP
HGDP01354 HG03516#1#JAGYYT010000012.1_24170958_24578778_1$HG02717#2#JAHAOR010000006.1_19663827_20070693_1	0.9591904814505781 HGDP
HGDP01354 HG005#1#JAHEPO010000002.1_51519219_51926067_0$HG03516#1#JAGYYT010000012.1_24170958_24578778_1	0.9591860189915538 HGDP
HGDP01354 HG03516#2#JAGYYS010000004.1_24452130_24859892_1$HG002.verkko_filt_pat.fa:haplotype2_0000649_147937390_148315979_1	0.9591846964098577 HGDP
HGDP01354 HG02559#2#JAGYVJ010000037.1_52167780_52574597_1$HG02109#1#JAHEPG010000026.1_16673035_17080816_0	0.9591760434454056 HGDP
HGDP01354 HG02559#2#JAGYVJ010000037.1_52167780_52574597_1$HG00741#2#JAHALX010000013.1_51574319_51981226_0	0.9591666784995949 HGDP
HGDP01354 HG03098#1#JAHEPM010000059.1_16676208_17105596_0$HG005#2#JAHEPN010000023.1_51542210_51950070_0	0.9591463769823938 HGDP
HGDP01354 HG02300.verkko_filt_mat.fa:haplotype1_0000028_144052837_144460586_1$HG02809.verkko_filt_pat.fa:haplotype2_0001251_103421111_103827972_0	0.9591322560465237 HGDP
HGDP01354 HG03098#1#JAHEPM010000059.1_16676208_17105596_0$HG01978#2#JAGYVR010000007.1_51532241_51939176_0	0.9591200235007665 HGDP
HGDP01354 AV_HG00673#haplotype2#0001165:24014011_24421797$HG00741#2#JAHALX010000013.1_51574319_51981226_0	0.9591198865000381 HGDP
HGDP01354 HG02145#2#JAHKSF010000206.1_1005292_1413195_1$HG002.verkko_filt_pat.fa:haplotype2_0000649_147937390_148315979_1	0.9591198469345130 HGDP
HGDP01354 AV_HG00673#haplotype2#0001165:24014011_24421797$HG02559#2#JAGYVJ010000037.1_52167780_52574597_1	0.9591184623514694 HGDP
HGDP01354 HG02559#1#JAGYVK010000012.1_51505852_51913611_0$HG002.verkko_filt_pat.fa:haplotype2_0000649_147937390_148315979_1	0.9590440768935695 HGDP
HGDP01354 HG02080#1#JAHEOW010000048.1_16689583_17097287_0$HG02886#1#JAHAOU010000178.1_62411_469262_0	0.9590431867787278 HGDP
HGDP01354 HG03516#1#JAGYYT010000012.1_24170958_24578778_1$HG01258#2#JAGYYU010000072.1_51562603_51970395_0	0.9590294045614398 HGDP
HGDP01354 HG03579#1#JAGYVU010000029.1_91404_499180_0$HG002.verkko_filt_pat.fa:haplotype2_0000649_147937390_148315979_1	0.9590237483022777 HGDP
HGDP01354 AV_HG00673#haplotype2#0001165:24014011_24421797$HG01109#1#JAHEPA010000099.1_2104245_2511104_1	0.9590193510623674 HGDP
HGDP01354 HG01099.verkko_filt_mat.fa:haplotype1_0000034_142513097_142920876_1$HG02809.verkko_filt_pat.fa:haplotype2_0001251_103421111_103827972_0	0.9590158988872139 HGDP
HGDP01354 HG02559#2#JAGYVJ010000037.1_52167780_52574597_1$HG02809.verkko_filt_pat.fa:haplotype2_0001251_103421111_103827972_0	0.9589889127598498 HGDP
HGDP01354 AV_HG01361#haplotype1#0000023:101593539_102001341$HG02809.verkko_filt_pat.fa:haplotype2_0001251_103421111_103827972_0	0.9589822267382229 HGDP
HGDP01354 HG01928#1#JAGYVQ010000053.1_16676493_17083407_0$HG03098#1#JAHEPM010000059.1_16676208_17105596_0	0.9589787090692888 HGDP
HGDP01354 HG00741#2#JAHALX010000013.1_51574319_51981226_0$HG002.verkko_filt_pat.fa:haplotype2_0000649_147937390_148315979_1	0.9589556827093096 HGDP
HGDP01354 HG02080#1#JAHEOW010000048.1_16689583_17097287_0$HG02486#2#JAGYVL010000029.1_94163344_94570162_0	0.9589243501178438 HGDP
HGDP01354 HG02559#2#JAGYVJ010000037.1_52167780_52574597_1$NA19240#2#JAHEOL010000010.1_37445323_37853017_0	0.9589199846321034 HGDP
HGDP01354 AV_HG00673#haplotype2#0001165:24014011_24421797$HG02486#2#JAGYVL010000029.1_94163344_94570162_0	0.9589174273049963 HGDP
HGDP01354 HG03098#1#JAHEPM010000059.1_16676208_17105596_0$HG02004.verkko_filt_mat.fa:haplotype1_0000022_97828542_98235483_0	0.9589061241068997 HGDP
HGDP01354 chr1_hg38_103456064_103863972_0$HG002.verkko_filt_pat.fa:haplotype2_0000649_147937390_148315979_1	0.9588625202738228 HGDP
HGDP01354 chr1_hg19_103998686_104406594_0$HG002.verkko_filt_pat.fa:haplotype2_0000649_147937390_148315979_1	0.9588625202738228 HGDP
HGDP01354 HG02886#1#JAHAOU010000178.1_62411_469262_0$HG02300.verkko_filt_mat.fa:haplotype1_0000028_144052837_144460586_1	0.9588549099364542 HGDP
HGDP01354 HG01109#1#JAHEPA010000099.1_2104245_2511104_1$NA19240#2#JAHEOL010000010.1_37445323_37853017_0	0.9588530505966305 HGDP
HGDP01354 AV_HG00673#haplotype2#0001165:24014011_24421797$HG02886#1#JAHAOU010000178.1_62411_469262_0	0.9588526586405174 HGDP
HGDP01354 AV_HG01361#haplotype1#0000023:101593539_102001341$HG02486#2#JAGYVL010000029.1_94163344_94570162_0	0.9588413949559047 HGDP
HGDP01354 AV_HG01175#haplotype1#0000070:46006269_46414083$HG002.verkko_filt_pat.fa:haplotype2_0000649_147937390_148315979_1	0.9588339635551809 HGDP
HGDP01354 HG02647.verkko_filt_pat.fa:haplotype2_0000857_103738150_104051769_0$HG03927.verkko_filt_pat.fa:haplotype2_0000800_29002142_29504057_1	0.9588234834026761 HGDP
HGDP01354 HG002.verkko_filt_mat.fa:haplotype1_0000005_138228497_138636354_1$HG002.verkko_filt_pat.fa:haplotype2_0000649_147937390_148315979_1	0.9588164810355525 HGDP
HGDP01354 HG03579#2#JAGYVT010000094.1_51581892_51895531_0$HG03927.verkko_filt_pat.fa:haplotype2_0000800_29002142_29504057_1	0.9588152229237827 HGDP
HGDP01354 AV_HG02257#haplotype2#0001152:102843493_103251377$HG002.verkko_filt_pat.fa:haplotype2_0000649_147937390_148315979_1	0.9588119136572311 HGDP
HGDP01354 HG02630#1#JAHAOQ010000102.1_16672145_17079089_0$HG002.verkko_filt_pat.fa:haplotype2_0000649_147937390_148315979_1	0.9588073957923360 HGDP
HGDP01354 HG01123#1#JAGYYZ010000015.1_51528240_51935090_0$HG02109#1#JAHEPG010000026.1_16673035_17080816_0	0.9588023402506805 HGDP
HGDP01354 HG02486#2#JAGYVL010000029.1_94163344_94570162_0$HG01099.verkko_filt_mat.fa:haplotype1_0000034_142513097_142920876_1	0.9587952333016048 HGDP
HGDP01354 HG02559#2#JAGYVJ010000037.1_52167780_52574597_1$HG02886#1#JAHAOU010000178.1_62411_469262_0	0.9587663945915169 HGDP
HGDP01354 HG02818#2#JAHEOR010000010.1_31775319_32183091_1$HG002.verkko_filt_pat.fa:haplotype2_0000649_147937390_148315979_1	0.9587487599959791 HGDP
HGDP01354 NA19240#1#JAHEOM010000047.1_30103390_30511199_1$HG002.verkko_filt_pat.fa:haplotype2_0000649_147937390_148315979_1	0.9587479400128777 HGDP
HGDP01354 HG02486#2#JAGYVL010000029.1_94163344_94570162_0$HG02300.verkko_filt_mat.fa:haplotype1_0000028_144052837_144460586_1	0.9587440557039266 HGDP
HGDP01354 AV_HG01361#haplotype1#0000023:101593539_102001341$HG02886#1#JAHAOU010000178.1_62411_469262_0	0.9587286903169540 HGDP
HGDP01354 NA19240#2#JAHEOL010000010.1_37445323_37853017_0$HG02809.verkko_filt_pat.fa:haplotype2_0001251_103421111_103827972_0	0.9587155565663749 HGDP
HGDP01354 HG03516#1#JAGYYT010000012.1_24170958_24578778_1$HG00741#2#JAHALX010000013.1_51574319_51981226_0	0.9587114809180166 HGDP
HGDP01354 AV_HG00673#haplotype2#0001165:24014011_24421797$HG02809.verkko_filt_pat.fa:haplotype2_0001251_103421111_103827972_0	0.9587078016252835 HGDP
HGDP01354 HG02559#2#JAGYVJ010000037.1_52167780_52574597_1$HG03516#1#JAGYYT010000012.1_24170958_24578778_1	0.9586992647472832 HGDP
HGDP01354 HG02886#1#JAHAOU010000178.1_62411_469262_0$HG01099.verkko_filt_mat.fa:haplotype1_0000034_142513097_142920876_1	0.9586905535626792 HGDP
HGDP01354 HG01109#1#JAHEPA010000099.1_2104245_2511104_1$HG002.verkko_filt_pat.fa:haplotype2_0000649_147937390_148315979_1	0.9586816714502419 HGDP
HGDP01354 HG02559#2#JAGYVJ010000037.1_52167780_52574597_1$HG03579#1#JAGYVU010000029.1_91404_499180_0	0.9586744734621772 HGDP
HGDP01354 HG02559#2#JAGYVJ010000037.1_52167780_52574597_1$HG02486#2#JAGYVL010000029.1_94163344_94570162_0	0.9586716118059858 HGDP
HGDP01354 HG02109#1#JAHEPG010000026.1_16673035_17080816_0$HG02717#2#JAHAOR010000006.1_19663827_20070693_1	0.9586682578036972 HGDP
HGDP01354 HG02559#2#JAGYVJ010000037.1_52167780_52574597_1$HG03516#2#JAGYYS010000004.1_24452130_24859892_1	0.9586673130014823 HGDP
HGDP01354 HG01123#1#JAGYYZ010000015.1_51528240_51935090_0$HG02809.verkko_filt_pat.fa:haplotype2_0001251_103421111_103827972_0	0.9586475465795906 HGDP
HGDP01354 HG00621#2#JAHBCC010000031.1_16669999_17077865_0$HG002.verkko_filt_pat.fa:haplotype2_0000649_147937390_148315979_1	0.9586444714987581 HGDP
HGDP01354 HG005#1#JAHEPO010000002.1_51519219_51926067_0$HG02109#1#JAHEPG010000026.1_16673035_17080816_0	0.9586400238935620 HGDP
HGDP01354 HG02886#1#JAHAOU010000178.1_62411_469262_0$NA19240#2#JAHEOL010000010.1_37445323_37853017_0	0.9586368578920959 HGDP
HGDP01354 HG02080#1#JAHEOW010000048.1_16689583_17097287_0$HG02145#2#JAHKSF010000206.1_1005292_1413195_1	0.9586224701606382 HGDP
HGDP01354 AV_HG02148#haplotype2#0002863:16304803_16712699$HG002.verkko_filt_pat.fa:haplotype2_0000649_147937390_148315979_1	0.9586211044163365 HGDP
HGDP01354 HG02071.verkko_filt_mat.fa:haplotype1_0000041_103610513_104018399_0$HG002.verkko_filt_pat.fa:haplotype2_0000649_147937390_148315979_1	0.9586208126160991 HGDP
HGDP01354 AV_HG01361#haplotype2#0001322:101872897_102186552$HG01258#1#JAGYYV010000004.1_56955948_57456952_1	0.9586017964578778 HGDP
HGDP01354 HG02559#1#JAGYVK010000012.1_51505852_51913611_0$HG02559#2#JAGYVJ010000037.1_52167780_52574597_1	0.9585945428384591 HGDP
HGDP01354 HG01258#2#JAGYYU010000072.1_51562603_51970395_0$HG02809.verkko_filt_pat.fa:haplotype2_0001251_103421111_103827972_0	0.9585819314912309 HGDP
HGDP01354 HG005#1#JAHEPO010000002.1_51519219_51926067_0$HG01258#2#JAGYYU010000072.1_51562603_51970395_0	0.9585743939594465 HGDP
HGDP01354 HG01258#2#JAGYYU010000072.1_51562603_51970395_0$HG02717#2#JAHAOR010000006.1_19663827_20070693_1	0.9585629355296255 HGDP
HGDP01354 HG02630#2#JAHAOP010000089.1_16669255_17076135_0$HG002.verkko_filt_pat.fa:haplotype2_0000649_147937390_148315979_1	0.9585613484983833 HGDP
HGDP01354 HG03516#1#JAGYYT010000012.1_24170958_24578778_1$HG02486#2#JAGYVL010000029.1_94163344_94570162_0	0.9585325903413798 HGDP
HGDP01354 HG02080#1#JAHEOW010000048.1_16689583_17097287_0$HG02630#1#JAHAOQ010000102.1_16672145_17079089_0	0.9585289352203503 HGDP
HGDP01354 HG005#1#JAHEPO010000002.1_51519219_51926067_0$HG02717#2#JAHAOR010000006.1_19663827_20070693_1	0.9585140942860469 HGDP
HGDP01354 HG01109#1#JAHEPA010000099.1_2104245_2511104_1$HG02559#2#JAGYVJ010000037.1_52167780_52574597_1	0.9585123128632084 HGDP
HGDP01354 HG02080#1#JAHEOW010000048.1_16689583_17097287_0$HG02109#1#JAHEPG010000026.1_16673035_17080816_0	0.9585121421489121 HGDP
HGDP01354 HG01123#1#JAGYYZ010000015.1_51528240_51935090_0$HG01258#2#JAGYYU010000072.1_51562603_51970395_0	0.9585069576392311 HGDP
HGDP01354 HG02886#1#JAHAOU010000178.1_62411_469262_0$HG03516#1#JAGYYT010000012.1_24170958_24578778_1	0.9585002450930011 HGDP
HGDP01354 HG02559#2#JAGYVJ010000037.1_52167780_52574597_1$HG02145#2#JAHKSF010000206.1_1005292_1413195_1	0.9584978912334495 HGDP
HGDP01354 AV_HG02257#haplotype2#0001152:102843493_103251377$HG02080#1#JAHEOW010000048.1_16689583_17097287_0	0.9584874222590416 HGDP
HGDP01354 HG005#2#JAHEPN010000023.1_51542210_51950070_0$HG002.verkko_filt_pat.fa:haplotype2_0000649_147937390_148315979_1	0.9584749875495239 HGDP
HGDP01354 NA18906#1#JAHEOO010000054.1_2103477_2510435_1$HG002.verkko_filt_pat.fa:haplotype2_0000649_147937390_148315979_1	0.9584743054576267 HGDP
HGDP01354 HG03516#1#JAGYYT010000012.1_24170958_24578778_1$HG02809.verkko_filt_pat.fa:haplotype2_0001251_103421111_103827972_0	0.9584610552734847 HGDP
HGDP01354 HG02559#2#JAGYVJ010000037.1_52167780_52574597_1$HG002.verkko_filt_mat.fa:haplotype1_0000005_138228497_138636354_1	0.9584595712561951 HGDP
HGDP01354 AV_HG01361#haplotype2#0001322:101872897_102186552$HG01071#1#JAHBCF010000053.1_26607100_27108065_1	0.9584458164046297 HGDP
HGDP01354 HG02486#2#JAGYVL010000029.1_94163344_94570162_0$NA19240#2#JAHEOL010000010.1_37445323_37853017_0	0.9584304412326287 HGDP
HGDP01354 HG02109#2#JAHEPF010000078.1_16678387_16991144_0$HG03927.verkko_filt_pat.fa:haplotype2_0000800_29002142_29504057_1	0.9584238096117460 HGDP
HGDP01354 HG005#1#JAHEPO010000002.1_51519219_51926067_0$HG02809.verkko_filt_pat.fa:haplotype2_0001251_103421111_103827972_0	0.9584142329544869 HGDP
HGDP01354 HG01258#1#JAGYYV010000004.1_56955948_57456952_1$HG02886#2#JAHAOT010000031.1_87393_401061_0	0.9584133356529807 HGDP
HGDP01354 HG01123#1#JAGYYZ010000015.1_51528240_51935090_0$HG02717#2#JAHAOR010000006.1_19663827_20070693_1	0.9583994006689208 HGDP
HGDP01354 HG02109#1#JAHEPG010000026.1_16673035_17080816_0$HG02300.verkko_filt_mat.fa:haplotype1_0000028_144052837_144460586_1	0.9583958200077872 HGDP
HGDP01354 HG01891#1#JAGYVO010000014.1_22855818_23168577_1$HG03927.verkko_filt_pat.fa:haplotype2_0000800_29002142_29504057_1	0.9583878372085931 HGDP
HGDP01354 HG005#1#JAHEPO010000002.1_51519219_51926067_0$HG01123#1#JAGYYZ010000015.1_51528240_51935090_0	0.9583872455633695 HGDP
HGDP01354 HG02080#1#JAHEOW010000048.1_16689583_17097287_0$HG02818#1#JAHEOS010000101.1_89626_496613_0	0.9583854869866631 HGDP
HGDP01354 HG03486#1#JAHEOQ010000123.1_16677696_17085575_0$HG002.verkko_filt_pat.fa:haplotype2_0000649_147937390_148315979_1	0.9583842822552606 HGDP
HGDP01354 HG01109#1#JAHEPA010000099.1_2104245_2511104_1$HG03516#1#JAGYYT010000012.1_24170958_24578778_1	0.9583806594580032 HGDP
HGDP01354 HG01258#1#JAGYYV010000004.1_56955948_57456952_1$HG02647.verkko_filt_pat.fa:haplotype2_0000857_103738150_104051769_0	0.9583773736732001 HGDP
HGDP01354 HG03579#2#JAGYVT010000094.1_51581892_51895531_0$HG01258#1#JAGYYV010000004.1_56955948_57456952_1	0.9583770433753976 HGDP
HGDP01354 HG02717#1#JAHAOS010000015.1_16660311_17067250_0$HG002.verkko_filt_pat.fa:haplotype2_0000649_147937390_148315979_1	0.9583734650718145 HGDP
HGDP01354 HG02145#2#JAHKSF010000206.1_1005292_1413195_1$HG02300.verkko_filt_mat.fa:haplotype1_0000028_144052837_144460586_1	0.9583703991689517 HGDP
HGDP01354 HG03453#2#JAGYVV010000088.1_22597550_23005370_1$HG002.verkko_filt_pat.fa:haplotype2_0000649_147937390_148315979_1	0.9583683149298545 HGDP
HGDP01354 HG02559#2#JAGYVJ010000037.1_52167780_52574597_1$chr1_hg38_103456064_103863972_0	0.9583531211340957 HGDP
HGDP01354 HG02559#2#JAGYVJ010000037.1_52167780_52574597_1$chr1_hg19_103998686_104406594_0	0.9583531211340957 HGDP
HGDP01354 HG02080#1#JAHEOW010000048.1_16689583_17097287_0$HG02630#2#JAHAOP010000089.1_16669255_17076135_0	0.9583437817986360 HGDP
HGDP01354 HG02818#1#JAHEOS010000101.1_89626_496613_0$HG002.verkko_filt_pat.fa:haplotype2_0000649_147937390_148315979_1	0.9583434052832538 HGDP
HGDP01354 HG02717#2#JAHAOR010000006.1_19663827_20070693_1$HG02809.verkko_filt_pat.fa:haplotype2_0001251_103421111_103827972_0	0.9583395708223988 HGDP
HGDP01354 HG01258#2#JAGYYU010000072.1_51562603_51970395_0$HG02486#2#JAGYVL010000029.1_94163344_94570162_0	0.9583352322936597 HGDP
HGDP01354 HG005#1#JAHEPO010000002.1_51519219_51926067_0$HG02886#1#JAHAOU010000178.1_62411_469262_0	0.9583254463383917 HGDP
HGDP01354 HG02630#1#JAHAOQ010000102.1_16672145_17079089_0$HG02300.verkko_filt_mat.fa:haplotype1_0000028_144052837_144460586_1	0.9583164813035904 HGDP
HGDP01354 HG02145#2#JAHKSF010000206.1_1005292_1413195_1$HG01099.verkko_filt_mat.fa:haplotype1_0000034_142513097_142920876_1	0.9583098844959181 HGDP
HGDP01354 HG02559#2#JAGYVJ010000037.1_52167780_52574597_1$NA19240#1#JAHEOM010000047.1_30103390_30511199_1	0.9582978530439201 HGDP
HGDP01354 HG02886#1#JAHAOU010000178.1_62411_469262_0$HG01258#2#JAGYYU010000072.1_51562603_51970395_0	0.9582953122878879 HGDP
HGDP01354 HG00621#2#JAHBCC010000031.1_16669999_17077865_0$HG02559#2#JAGYVJ010000037.1_52167780_52574597_1	0.9582791667378557 HGDP
HGDP01354 HG02109#1#JAHEPG010000026.1_16673035_17080816_0$HG01258#2#JAGYYU010000072.1_51562603_51970395_0	0.9582775781595366 HGDP
HGDP01354 HG005#1#JAHEPO010000002.1_51519219_51926067_0$HG02486#2#JAGYVL010000029.1_94163344_94570162_0	0.9582703027674898 HGDP
HGDP01354 HG02080#1#JAHEOW010000048.1_16689583_17097287_0$NA18906#1#JAHEOO010000054.1_2103477_2510435_1	0.9582631210164072 HGDP
HGDP01354 HG01071#1#JAHBCF010000053.1_26607100_27108065_1$HG02886#2#JAHAOT010000031.1_87393_401061_0	0.9582487934163066 HGDP
HGDP01354 HG005#1#JAHEPO010000002.1_51519219_51926067_0$HG03516#2#JAGYYS010000004.1_24452130_24859892_1	0.9582415481914902 HGDP
HGDP01354 HG02109#1#JAHEPG010000026.1_16673035_17080816_0$HG01099.verkko_filt_mat.fa:haplotype1_0000034_142513097_142920876_1	0.9582399765190566 HGDP
HGDP01354 HG02630#1#JAHAOQ010000102.1_16672145_17079089_0$HG01099.verkko_filt_mat.fa:haplotype1_0000034_142513097_142920876_1	0.9582398019768389 HGDP
HGDP01354 AV_HG02257#haplotype2#0001152:102843493_103251377$HG02300.verkko_filt_mat.fa:haplotype1_0000028_144052837_144460586_1	0.9582353272398028 HGDP
HGDP01354 HG02818#2#JAHEOR010000010.1_31775319_32183091_1$HG02559#2#JAGYVJ010000037.1_52167780_52574597_1	0.9582280448240997 HGDP
HGDP01354 HG04228.verkko_filt_pat.fa:haplotype2_0000600_103806749_104119491_0$HG03927.verkko_filt_pat.fa:haplotype2_0000800_29002142_29504057_1	0.9582154806518831 HGDP
HGDP01354 HG02145#2#JAHKSF010000206.1_1005292_1413195_1$HG01123#1#JAGYYZ010000015.1_51528240_51935090_0	0.9582115958922267 HGDP
HGDP01354 HG02559#2#JAGYVJ010000037.1_52167780_52574597_1$HG02071.verkko_filt_mat.fa:haplotype1_0000041_103610513_104018399_0	0.9582082748774758 HGDP
HGDP01354 HG01123#1#JAGYYZ010000015.1_51528240_51935090_0$HG02886#1#JAHAOU010000178.1_62411_469262_0	0.9581946554159290 HGDP
HGDP01354 HG02080#1#JAHEOW010000048.1_16689583_17097287_0$HG02622#1#JAHAOO010000002.1_16673678_17080663_0	0.9581909811050959 HGDP
HGDP01354 HG02486#2#JAGYVL010000029.1_94163344_94570162_0$HG02717#2#JAHAOR010000006.1_19663827_20070693_1	0.9581797222332291 HGDP
HGDP01354 HG005#1#JAHEPO010000002.1_51519219_51926067_0$HG02145#2#JAHKSF010000206.1_1005292_1413195_1	0.9581760051760803 HGDP
HGDP01354 HG01978#2#JAGYVR010000007.1_51532241_51939176_0$HG002.verkko_filt_pat.fa:haplotype2_0000649_147937390_148315979_1	0.9581751866038968 HGDP
HGDP01354 AV_HG02257#haplotype2#0001152:102843493_103251377$HG01099.verkko_filt_mat.fa:haplotype1_0000034_142513097_142920876_1	0.9581748096734077 HGDP
HGDP01354 AV_HG01361#haplotype1#0000023:101593539_102001341$HG02630#1#JAHAOQ010000102.1_16672145_17079089_0	0.9581741145035477 HGDP
HGDP01354 HG02818#1#JAHEOS010000101.1_89626_496613_0$HG02300.verkko_filt_mat.fa:haplotype1_0000028_144052837_144460586_1	0.9581653557196752 HGDP
HGDP01354 HG02630#2#JAHAOP010000089.1_16669255_17076135_0$HG02300.verkko_filt_mat.fa:haplotype1_0000028_144052837_144460586_1	0.9581640310046118 HGDP
HGDP01354 HG02559#1#JAGYVK010000012.1_51505852_51913611_0$HG005#1#JAHEPO010000002.1_51519219_51926067_0	0.9581615955873406 HGDP
HGDP01354 HG01123#1#JAGYYZ010000015.1_51528240_51935090_0$HG002.verkko_filt_mat.fa:haplotype1_0000005_138228497_138636354_1	0.9581556642926972 HGDP
HGDP01354 HG02717#2#JAHAOR010000006.1_19663827_20070693_1$HG03927.verkko_filt_mat.fa:haplotype1_0000009_134765170_135173010_1	0.9581518329891472 HGDP
HGDP01354 HG02109#1#JAHEPG010000026.1_16673035_17080816_0$HG00741#2#JAHALX010000013.1_51574319_51981226_0	0.9581491841474098 HGDP
HGDP01354 HG02886#1#JAHAOU010000178.1_62411_469262_0$HG02717#2#JAHAOR010000006.1_19663827_20070693_1	0.9581477687403475 HGDP
HGDP01354 HG01123#2#JAGYYY010000006.1_51579630_51892388_0$HG03927.verkko_filt_pat.fa:haplotype2_0000800_29002142_29504057_1	0.9581409794335836 HGDP
HGDP01354 HG01123#1#JAGYYZ010000015.1_51528240_51935090_0$HG02486#2#JAGYVL010000029.1_94163344_94570162_0	0.9581395000050726 HGDP
HGDP01354 chr1_hg19_103998686_104406594_0$HG01123#1#JAGYYZ010000015.1_51528240_51935090_0	0.9581368065996788 HGDP
HGDP01354 HG01123#1#JAGYYZ010000015.1_51528240_51935090_0$chr1_hg38_103456064_103863972_0	0.9581368065996788 HGDP
HGDP01354 HG02717#2#JAHAOR010000006.1_19663827_20070693_1$HG002.verkko_filt_mat.fa:haplotype1_0000005_138228497_138636354_1	0.9581243472382017 HGDP
HGDP01354 HG02630#1#JAHAOQ010000102.1_16672145_17079089_0$HG02559#2#JAGYVJ010000037.1_52167780_52574597_1	0.9581236630707148 HGDP
HGDP01354 HG02080#1#JAHEOW010000048.1_16689583_17097287_0$HG02717#1#JAHAOS010000015.1_16660311_17067250_0	0.9581207989041136 HGDP
HGDP01354 HG03492#2#JAHEPH010000288.1_2098270_2432686_1$HG03486#2#JAHEOP010000248.1_2105565_2584784_1	0.9581205637337610 HGDP
HGDP01354 AV_HG02257#haplotype2#0001152:102843493_103251377$HG02559#2#JAGYVJ010000037.1_52167780_52574597_1	0.9581167332309577 HGDP
HGDP01354 HG03486#2#JAHEOP010000248.1_2105565_2584784_1$HG01243#1#JAHEOY010000013.1_90081_424495_0	0.9581106800241750 HGDP
HGDP01354 AV_HG01175#haplotype1#0000070:46006269_46414083$HG02717#2#JAHAOR010000006.1_19663827_20070693_1	0.9581053457935953 HGDP
HGDP01354 HG02818#1#JAHEOS010000101.1_89626_496613_0$HG01099.verkko_filt_mat.fa:haplotype1_0000034_142513097_142920876_1	0.9581048642232852 HGDP
HGDP01354 HG01123#1#JAGYYZ010000015.1_51528240_51935090_0$HG03927.verkko_filt_mat.fa:haplotype1_0000009_134765170_135173010_1	0.9581037024045912 HGDP
HGDP01354 AV_HG01361#haplotype1#0000023:101593539_102001341$HG02145#2#JAHKSF010000206.1_1005292_1413195_1	0.9581007789932605 HGDP
HGDP01354 HG02630#1#JAHAOQ010000102.1_16672145_17079089_0$NA19240#2#JAHEOL010000010.1_37445323_37853017_0	0.9580979466803583 HGDP
HGDP01354 HG00741#2#JAHALX010000013.1_51574319_51981226_0$HG02809.verkko_filt_pat.fa:haplotype2_0001251_103421111_103827972_0	0.9580977868027364 HGDP
HGDP01354 AV_HG00673#haplotype2#0001165:24014011_24421797$HG02630#1#JAHAOQ010000102.1_16672145_17079089_0	0.9580904808268328 HGDP
HGDP01354 HG03516#2#JAGYYS010000004.1_24452130_24859892_1$HG02717#2#JAHAOR010000006.1_19663827_20070693_1	0.9580875083869282 HGDP
HGDP01354 AV_HG02148#haplotype2#0002863:16304803_16712699$HG02559#2#JAGYVJ010000037.1_52167780_52574597_1	0.9580683967921313 HGDP
HGDP01354 HG005#1#JAHEPO010000002.1_51519219_51926067_0$HG03579#1#JAGYVU010000029.1_91404_499180_0	0.9580665777248289 HGDP
HGDP01354 HG03486#1#JAHEOQ010000123.1_16677696_17085575_0$HG02559#2#JAGYVJ010000037.1_52167780_52574597_1	0.9580665709800149 HGDP
HGDP01354 HG02630#1#JAHAOQ010000102.1_16672145_17079089_0$HG01258#2#JAGYYU010000072.1_51562603_51970395_0	0.9580645371643979 HGDP
HGDP01354 HG005#1#JAHEPO010000002.1_51519219_51926067_0$HG002.verkko_filt_mat.fa:haplotype1_0000005_138228497_138636354_1	0.9580562115701812 HGDP
HGDP01354 HG02559#1#JAGYVK010000012.1_51505852_51913611_0$HG02717#2#JAHAOR010000006.1_19663827_20070693_1	0.9580551796030934 HGDP
HGDP01354 HG01928#1#JAGYVQ010000053.1_16676493_17083407_0$HG002.verkko_filt_pat.fa:haplotype2_0000649_147937390_148315979_1	0.9580549458286115 HGDP
HGDP01354 HG02145#2#JAHKSF010000206.1_1005292_1413195_1$HG02717#2#JAHAOR010000006.1_19663827_20070693_1	0.9580537325935526 HGDP
HGDP01354 HG02145#2#JAHKSF010000206.1_1005292_1413195_1$NA19240#2#JAHEOL010000010.1_37445323_37853017_0	0.9580494249916313 HGDP
HGDP01354 HG01258#2#JAGYYU010000072.1_51562603_51970395_0$HG00741#2#JAHALX010000013.1_51574319_51981226_0	0.9580479663547606 HGDP
HGDP01354 HG03579#2#JAGYVT010000094.1_51581892_51895531_0$HG01071#1#JAHBCF010000053.1_26607100_27108065_1	0.9580478664302554 HGDP
HGDP01354 chr1_hg38_103456064_103863972_0$HG02717#2#JAHAOR010000006.1_19663827_20070693_1	0.9580419165510766 HGDP
HGDP01354 chr1_hg19_103998686_104406594_0$HG02717#2#JAHAOR010000006.1_19663827_20070693_1	0.9580419165510766 HGDP
HGDP01354 HG02630#2#JAHAOP010000089.1_16669255_17076135_0$HG01099.verkko_filt_mat.fa:haplotype1_0000034_142513097_142920876_1	0.9580404497437168 HGDP
HGDP01354 HG005#1#JAHEPO010000002.1_51519219_51926067_0$HG03927.verkko_filt_mat.fa:haplotype1_0000009_134765170_135173010_1	0.9580290900291536 HGDP
HGDP01354 HG01123#1#JAGYYZ010000015.1_51528240_51935090_0$HG03516#2#JAGYYS010000004.1_24452130_24859892_1	0.9580235069504395 HGDP
HGDP01354 HG01071#1#JAHBCF010000053.1_26607100_27108065_1$HG02647.verkko_filt_pat.fa:haplotype2_0000857_103738150_104051769_0	0.9580163625596677 HGDP
HGDP01354 AV_HG01175#haplotype1#0000070:46006269_46414083$HG02559#2#JAGYVJ010000037.1_52167780_52574597_1	0.9580105306696349 HGDP
HGDP01354 AV_HG01175#haplotype1#0000070:46006269_46414083$HG01123#1#JAGYYZ010000015.1_51528240_51935090_0	0.9580095346675005 HGDP
HGDP01354 HG02559#2#JAGYVJ010000037.1_52167780_52574597_1$HG005#2#JAHEPN010000023.1_51542210_51950070_0	0.9580093048009275 HGDP
HGDP01354 HG02559#1#JAGYVK010000012.1_51505852_51913611_0$HG01123#1#JAGYYZ010000015.1_51528240_51935090_0	0.9580070311130215 HGDP
HGDP01354 HG02004.verkko_filt_mat.fa:haplotype1_0000022_97828542_98235483_0$HG002.verkko_filt_pat.fa:haplotype2_0000649_147937390_148315979_1	0.9580043468738498 HGDP
HGDP01354 HG02109#1#JAHEPG010000026.1_16673035_17080816_0$NA19240#2#JAHEOL010000010.1_37445323_37853017_0	0.9579966518640169 HGDP
HGDP01354 HG00741#2#JAHALX010000013.1_51574319_51981226_0$HG02717#2#JAHAOR010000006.1_19663827_20070693_1	0.9579877011897372 HGDP
HGDP01354 NA18906#1#JAHEOO010000054.1_2103477_2510435_1$HG02300.verkko_filt_mat.fa:haplotype1_0000028_144052837_144460586_1	0.9579786157852594 HGDP
HGDP01354 AV_HG01361#haplotype1#0000023:101593539_102001341$HG02109#1#JAHEPG010000026.1_16673035_17080816_0	0.9579756469991267 HGDP
HGDP01354 AV_HG01361#haplotype1#0000023:101593539_102001341$HG02818#1#JAHEOS010000101.1_89626_496613_0	0.9579675286957654 HGDP
HGDP01354 AV_HG01361#haplotype1#0000023:101593539_102001341$AV_HG02257#haplotype2#0001152:102843493_103251377	0.9579656871692566 HGDP
HGDP01354 AV_HG02257#haplotype2#0001152:102843493_103251377$HG01123#1#JAGYYZ010000015.1_51528240_51935090_0	0.9579656534149285 HGDP
HGDP01354 HG02818#2#JAHEOR010000010.1_31775319_32183091_1$HG005#1#JAHEPO010000002.1_51519219_51926067_0	0.9579630008075952 HGDP
HGDP01354 HG02717#2#JAHAOR010000006.1_19663827_20070693_1$HG02071.verkko_filt_mat.fa:haplotype1_0000041_103610513_104018399_0	0.9579610528278413 HGDP
HGDP01354 HG01123#1#JAGYYZ010000015.1_51528240_51935090_0$HG02071.verkko_filt_mat.fa:haplotype1_0000041_103610513_104018399_0	0.9579605460607024 HGDP
HGDP01354 HG02622#1#JAHAOO010000002.1_16673678_17080663_0$HG02300.verkko_filt_mat.fa:haplotype1_0000028_144052837_144460586_1	0.9579553880451640 HGDP
HGDP01354 HG02300.verkko_filt_pat.fa:haplotype2_0000620_143362344_143769323_1$HG002.verkko_filt_pat.fa:haplotype2_0000649_147937390_148315979_1	0.9579535256989539 HGDP
HGDP01354 HG02145#2#JAHKSF010000206.1_1005292_1413195_1$HG01258#2#JAGYYU010000072.1_51562603_51970395_0	0.9579478815728554 HGDP
HGDP01354 HG00741#2#JAHALX010000013.1_51574319_51981226_0$HG02486#2#JAGYVL010000029.1_94163344_94570162_0	0.9579451591170937 HGDP
HGDP01354 HG00621#2#JAHBCC010000031.1_16669999_17077865_0$HG02717#2#JAHAOR010000006.1_19663827_20070693_1	0.9579446526476822 HGDP
HGDP01354 AV_HG02148#haplotype2#0002863:16304803_16712699$HG02717#2#JAHAOR010000006.1_19663827_20070693_1	0.9579411571357490 HGDP
HGDP01354 HG03579#1#JAGYVU010000029.1_91404_499180_0$HG02717#2#JAHAOR010000006.1_19663827_20070693_1	0.9579363851415601 HGDP
HGDP01354 HG03927.verkko_filt_mat.fa:haplotype1_0000009_134765170_135173010_1$HG02809.verkko_filt_pat.fa:haplotype2_0001251_103421111_103827972_0	0.9579272417848016 HGDP
HGDP01354 NA18906#1#JAHEOO010000054.1_2103477_2510435_1$HG01099.verkko_filt_mat.fa:haplotype1_0000034_142513097_142920876_1	0.9579259096134243 HGDP
HGDP01354 HG02622#1#JAHAOO010000002.1_16673678_17080663_0$HG002.verkko_filt_pat.fa:haplotype2_0000649_147937390_148315979_1	0.9579174438233224 HGDP
HGDP01354 HG005#1#JAHEPO010000002.1_51519219_51926067_0$NA19240#1#JAHEOM010000047.1_30103390_30511199_1	0.9579139843595513 HGDP
HGDP01354 AV_HG00673#haplotype2#0001165:24014011_24421797$HG02145#2#JAHKSF010000206.1_1005292_1413195_1	0.9579062353678599 HGDP
HGDP01354 HG02818#2#JAHEOR010000010.1_31775319_32183091_1$HG02717#2#JAHAOR010000006.1_19663827_20070693_1	0.9579041464437257 HGDP
HGDP01354 HG02630#1#JAHAOQ010000102.1_16672145_17079089_0$HG01123#1#JAGYYZ010000015.1_51528240_51935090_0	0.9579003221984438 HGDP
HGDP01354 AV_HG02257#haplotype2#0001152:102843493_103251377$NA19240#2#JAHEOL010000010.1_37445323_37853017_0	0.9578984267383981 HGDP
HGDP01354 AV_HG01361#haplotype1#0000023:101593539_102001341$NA18906#1#JAHEOO010000054.1_2103477_2510435_1	0.9578921788487726 HGDP
HGDP01354 AV_HG02257#haplotype2#0001152:102843493_103251377$HG005#1#JAHEPO010000002.1_51519219_51926067_0	0.9578905105331432 HGDP
HGDP01354 HG02886#1#JAHAOU010000178.1_62411_469262_0$HG00741#2#JAHALX010000013.1_51574319_51981226_0	0.9578896897430715 HGDP
HGDP01354 AV_HG01175#haplotype1#0000070:46006269_46414083$HG005#1#JAHEPO010000002.1_51519219_51926067_0	0.9578864394419159 HGDP
HGDP01354 HG02630#1#JAHAOQ010000102.1_16672145_17079089_0$HG005#1#JAHEPO010000002.1_51519219_51926067_0	0.9578804812364787 HGDP
HGDP01354 HG02622#1#JAHAOO010000002.1_16673678_17080663_0$HG01099.verkko_filt_mat.fa:haplotype1_0000034_142513097_142920876_1	0.9578792819121941 HGDP
HGDP01354 NA19240#1#JAHEOM010000047.1_30103390_30511199_1$HG02717#2#JAHAOR010000006.1_19663827_20070693_1	0.9578788546792861 HGDP
HGDP01354 HG02559#2#JAGYVJ010000037.1_52167780_52574597_1$NA18906#1#JAHEOO010000054.1_2103477_2510435_1	0.9578734718040345 HGDP
HGDP01354 HG005#1#JAHEPO010000002.1_51519219_51926067_0$HG00741#2#JAHALX010000013.1_51574319_51981226_0	0.9578657161361230 HGDP
HGDP01354 HG02717#1#JAHAOS010000015.1_16660311_17067250_0$HG01099.verkko_filt_mat.fa:haplotype1_0000034_142513097_142920876_1	0.9578636458315574 HGDP
HGDP01354 HG00621#2#JAHBCC010000031.1_16669999_17077865_0$HG01123#1#JAGYYZ010000015.1_51528240_51935090_0	0.9578567947939329 HGDP
HGDP01354 AV_HG02257#haplotype2#0001152:102843493_103251377$HG02717#2#JAHAOR010000006.1_19663827_20070693_1	0.9578553715171878 HGDP
HGDP01354 HG005#1#JAHEPO010000002.1_51519219_51926067_0$chr1_hg38_103456064_103863972_0	0.9578546787939687 HGDP
HGDP01354 HG005#1#JAHEPO010000002.1_51519219_51926067_0$chr1_hg19_103998686_104406594_0	0.9578546787939687 HGDP
HGDP01354 HG01123#1#JAGYYZ010000015.1_51528240_51935090_0$HG005#2#JAHEPN010000023.1_51542210_51950070_0	0.9578498453215982 HGDP
HGDP01354 AV_HG02148#haplotype2#0002863:16304803_16712699$HG01123#1#JAGYYZ010000015.1_51528240_51935090_0	0.9578454045146098 HGDP
HGDP01354 HG005#1#JAHEPO010000002.1_51519219_51926067_0$HG02071.verkko_filt_mat.fa:haplotype1_0000041_103610513_104018399_0	0.9578453409640569 HGDP
HGDP01354 HG02717#1#JAHAOS010000015.1_16660311_17067250_0$HG02300.verkko_filt_mat.fa:haplotype1_0000028_144052837_144460586_1	0.9578443888054157 HGDP
HGDP01354 HG01123#1#JAGYYZ010000015.1_51528240_51935090_0$HG03579#1#JAGYVU010000029.1_91404_499180_0	0.9578407114527118 HGDP
HGDP01354 AV_HG00673#haplotype2#0001165:24014011_24421797$HG02109#1#JAHEPG010000026.1_16673035_17080816_0	0.9578375582638181 HGDP
HGDP01354 AV_HG00673#haplotype2#0001165:24014011_24421797$HG02818#1#JAHEOS010000101.1_89626_496613_0	0.9578366997272788 HGDP
HGDP01354 AV_HG01361#haplotype1#0000023:101593539_102001341$HG02630#2#JAHAOP010000089.1_16669255_17076135_0	0.9578323014346752 HGDP
HGDP01354 HG01123#1#JAGYYZ010000015.1_51528240_51935090_0$NA19240#1#JAHEOM010000047.1_30103390_30511199_1	0.9578307045056758 HGDP
HGDP01354 HG02630#1#JAHAOQ010000102.1_16672145_17079089_0$HG03516#1#JAGYYT010000012.1_24170958_24578778_1	0.9578255123074130 HGDP
HGDP01354 HG02818#2#JAHEOR010000010.1_31775319_32183091_1$HG01123#1#JAGYYZ010000015.1_51528240_51935090_0	0.9578243649630018 HGDP
HGDP01354 HG005#2#JAHEPN010000023.1_51542210_51950070_0$HG02717#2#JAHAOR010000006.1_19663827_20070693_1	0.9578186995697473 HGDP
HGDP01354 AV_HG00673#haplotype2#0001165:24014011_24421797$NA18906#1#JAHEOO010000054.1_2103477_2510435_1	0.9578164957765176 HGDP
HGDP01354 HG02886#2#JAHAOT010000031.1_87393_401061_0$HG02647.verkko_filt_mat.fa:haplotype1_0000002_103892584_104321036_0	0.9578158674460885 HGDP
HGDP01354 HG02486#2#JAGYVL010000029.1_94163344_94570162_0$HG03927.verkko_filt_mat.fa:haplotype1_0000009_134765170_135173010_1	0.9578155425856648 HGDP
HGDP01354 AV_HG00673#haplotype2#0001165:24014011_24421797$AV_HG02257#haplotype2#0001152:102843493_103251377	0.9578109523070888 HGDP
HGDP01354 HG01258#1#JAGYYV010000004.1_56955948_57456952_1$HG02109#2#JAHEPF010000078.1_16678387_16991144_0	0.9578034237816992 HGDP
HGDP01354 HG03486#1#JAHEOQ010000123.1_16677696_17085575_0$HG02717#2#JAHAOR010000006.1_19663827_20070693_1	0.9577962524411882 HGDP
HGDP01354 HG01109#1#JAHEPA010000099.1_2104245_2511104_1$HG01258#2#JAGYYU010000072.1_51562603_51970395_0	0.9577954537483399 HGDP
HGDP01354 AV_HG01175#haplotype1#0000070:46006269_46414083$HG01258#2#JAGYYU010000072.1_51562603_51970395_0	0.9577927628932887 HGDP
HGDP01354 HG03492#2#JAHEPH010000288.1_2098270_2432686_1$HG01109#2#JAHEOZ010000047.1_16671232_17151375_0	0.9577898707113116 HGDP
HGDP01354 HG02818#1#JAHEOS010000101.1_89626_496613_0$NA19240#2#JAHEOL010000010.1_37445323_37853017_0	0.9577809078613098 HGDP
HGDP01354 HG02559#2#JAGYVJ010000037.1_52167780_52574597_1$HG02818#1#JAHEOS010000101.1_89626_496613_0	0.9577774980105587 HGDP
HGDP01354 AV_HG02257#haplotype2#0001152:102843493_103251377$HG01258#2#JAGYYU010000072.1_51562603_51970395_0	0.9577732948118035 HGDP
HGDP01354 HG02886#1#JAHAOU010000178.1_62411_469262_0$HG03927.verkko_filt_mat.fa:haplotype1_0000009_134765170_135173010_1	0.9577674962036756 HGDP
HGDP01354 HG00621#2#JAHBCC010000031.1_16669999_17077865_0$HG005#1#JAHEPO010000002.1_51519219_51926067_0	0.9577655241647393 HGDP
HGDP01354 HG01243#1#JAHEOY010000013.1_90081_424495_0$HG01109#2#JAHEOZ010000047.1_16671232_17151375_0	0.9577640858840022 HGDP
HGDP01354 NA18906#1#JAHEOO010000054.1_2103477_2510435_1$NA19240#2#JAHEOL010000010.1_37445323_37853017_0	0.9577600967470511 HGDP
HGDP01354 HG01109#1#JAHEPA010000099.1_2104245_2511104_1$HG01123#1#JAGYYZ010000015.1_51528240_51935090_0	0.9577499276238822 HGDP
HGDP01354 HG01258#2#JAGYYU010000072.1_51562603_51970395_0$HG03927.verkko_filt_mat.fa:haplotype1_0000009_134765170_135173010_1	0.9577467347027635 HGDP
HGDP01354 AV_HG02148#haplotype2#0002863:16304803_16712699$HG005#1#JAHEPO010000002.1_51519219_51926067_0	0.9577463504721314 HGDP
HGDP01354 chr1_hg38_103456064_103863972_0$HG01258#2#JAGYYU010000072.1_51562603_51970395_0	0.9577450812307172 HGDP
HGDP01354 chr1_hg19_103998686_104406594_0$HG01258#2#JAGYYU010000072.1_51562603_51970395_0	0.9577450812307172 HGDP
HGDP01354 HG02145#2#JAHKSF010000206.1_1005292_1413195_1$HG00741#2#JAHALX010000013.1_51574319_51981226_0	0.9577401478485226 HGDP
HGDP01354 HG03492#2#JAHEPH010000288.1_2098270_2432686_1$NA20129#2#JAHEPD010000155.1_90039_569275_0	0.9577393754204918 HGDP
HGDP01354 HG03492#2#JAHEPH010000288.1_2098270_2432686_1$HG02622#2#JAHAON010000012.1_51551779_52031001_0	0.9577326098328893 HGDP
HGDP01354 HG01258#2#JAGYYU010000072.1_51562603_51970395_0$HG002.verkko_filt_mat.fa:haplotype1_0000005_138228497_138636354_1	0.9577242887438367 HGDP
HGDP01354 HG03486#1#JAHEOQ010000123.1_16677696_17085575_0$HG01123#1#JAGYYZ010000015.1_51528240_51935090_0	0.9577242860509102 HGDP
HGDP01354 HG02630#2#JAHAOP010000089.1_16669255_17076135_0$NA19240#2#JAHEOL010000010.1_37445323_37853017_0	0.9577193902268468 HGDP
HGDP01354 AV_HG00673#haplotype2#0001165:24014011_24421797$HG02630#2#JAHAOP010000089.1_16669255_17076135_0	0.9577107972163613 HGDP
HGDP01354 HG01109#1#JAHEPA010000099.1_2104245_2511104_1$HG02109#1#JAHEPG010000026.1_16673035_17080816_0	0.9577075629119414 HGDP
HGDP01354 HG01258#2#JAGYYU010000072.1_51562603_51970395_0$HG03516#2#JAGYYS010000004.1_24452130_24859892_1	0.9577044311601723 HGDP
HGDP01354 NA18906#1#JAHEOO010000054.1_2103477_2510435_1$HG01258#2#JAGYYU010000072.1_51562603_51970395_0	0.9577030903885638 HGDP
HGDP01354 HG02559#2#JAGYVJ010000037.1_52167780_52574597_1$HG03453#2#JAGYVV010000088.1_22597550_23005370_1	0.9576982425144777 HGDP
HGDP01354 HG02630#1#JAHAOQ010000102.1_16672145_17079089_0$HG02717#2#JAHAOR010000006.1_19663827_20070693_1	0.9576946307856822 HGDP
HGDP01354 HG01109#1#JAHEPA010000099.1_2104245_2511104_1$HG005#1#JAHEPO010000002.1_51519219_51926067_0	0.9576916676137361 HGDP
HGDP01354 AV_HG01361#haplotype1#0000023:101593539_102001341$HG02717#1#JAHAOS010000015.1_16660311_17067250_0	0.9576861011733817 HGDP
HGDP01354 HG02109#1#JAHEPG010000026.1_16673035_17080816_0$HG03516#1#JAGYYT010000012.1_24170958_24578778_1	0.9576731184361341 HGDP
HGDP01354 AV_HG01361#haplotype2#0001322:101872897_102186552$HG02647.verkko_filt_mat.fa:haplotype1_0000002_103892584_104321036_0	0.9576672126608404 HGDP
HGDP01354 HG02559#2#JAGYVJ010000037.1_52167780_52574597_1$HG02630#2#JAHAOP010000089.1_16669255_17076135_0	0.9576649028414868 HGDP
HGDP01354 HG01258#1#JAGYYV010000004.1_56955948_57456952_1$HG01891#1#JAGYVO010000014.1_22855818_23168577_1	0.9576644594782038 HGDP
HGDP01354 HG01109#1#JAHEPA010000099.1_2104245_2511104_1$HG02717#2#JAHAOR010000006.1_19663827_20070693_1	0.9576644256356325 HGDP
HGDP01354 HG00741#2#JAHALX010000013.1_51574319_51981226_0$HG03516#2#JAGYYS010000004.1_24452130_24859892_1	0.9576549560315645 HGDP
HGDP01354 AV_HG01361#haplotype1#0000023:101593539_102001341$HG02622#1#JAHAOO010000002.1_16673678_17080663_0	0.9576549408712723 HGDP
HGDP01354 AV_HG02148#haplotype2#0002863:16304803_16712699$HG01258#2#JAGYYU010000072.1_51562603_51970395_0	0.9576527977423284 HGDP
HGDP01354 HG02622#2#JAHAON010000012.1_51551779_52031001_0$HG01243#1#JAHEOY010000013.1_90081_424495_0	0.9576513545800079 HGDP
HGDP01354 HG02559#1#JAGYVK010000012.1_51505852_51913611_0$HG01258#2#JAGYYU010000072.1_51562603_51970395_0	0.9576486949622457 HGDP
HGDP01354 HG01258#1#JAGYYV010000004.1_56955948_57456952_1$HG03710.verkko_filt_mat.fa:haplotype1_0000029_102593394_102907063_0	0.9576415005224181 HGDP
HGDP01354 HG02559#2#JAGYVJ010000037.1_52167780_52574597_1$HG01978#2#JAGYVR010000007.1_51532241_51939176_0	0.9576404861161083 HGDP
HGDP01354 HG01123#1#JAGYYZ010000015.1_51528240_51935090_0$HG03453#2#JAGYVV010000088.1_22597550_23005370_1	0.9576347098955006 HGDP
HGDP01354 HG02717#1#JAHAOS010000015.1_16660311_17067250_0$HG01258#2#JAGYYU010000072.1_51562603_51970395_0	0.9576335036470104 HGDP
HGDP01354 HG01071#1#JAHBCF010000053.1_26607100_27108065_1$HG02109#2#JAHEPF010000078.1_16678387_16991144_0	0.9576254032436158 HGDP
HGDP01354 HG01258#2#JAGYYU010000072.1_51562603_51970395_0$HG02818#1#JAHEOS010000101.1_89626_496613_0	0.9576248607350982 HGDP
HGDP01354 HG02109#1#JAHEPG010000026.1_16673035_17080816_0$HG02486#2#JAGYVL010000029.1_94163344_94570162_0	0.9576208126224072 HGDP
HGDP01354 HG02717#1#JAHAOS010000015.1_16660311_17067250_0$HG02559#2#JAGYVJ010000037.1_52167780_52574597_1	0.9576128576976617 HGDP
HGDP01354 NA20129#2#JAHEPD010000155.1_90039_569275_0$HG01243#1#JAHEOY010000013.1_90081_424495_0	0.9576106191221365 HGDP
HGDP01354 HG02818#2#JAHEOR010000010.1_31775319_32183091_1$HG01258#2#JAGYYU010000072.1_51562603_51970395_0	0.9576088819660302 HGDP
HGDP01354 HG03453#2#JAGYVV010000088.1_22597550_23005370_1$HG02717#2#JAHAOR010000006.1_19663827_20070693_1	0.9576036777144974 HGDP
HGDP01354 HG01123#1#JAGYYZ010000015.1_51528240_51935090_0$HG00741#2#JAHALX010000013.1_51574319_51981226_0	0.9575862623632868 HGDP
HGDP01354 HG02630#1#JAHAOQ010000102.1_16672145_17079089_0$HG00741#2#JAHALX010000013.1_51574319_51981226_0	0.9575784324211488 HGDP
HGDP01354 HG03486#1#JAHEOQ010000123.1_16677696_17085575_0$HG005#1#JAHEPO010000002.1_51519219_51926067_0	0.9575776515699647 HGDP
HGDP01354 AV_HG01175#haplotype1#0000070:46006269_46414083$HG00741#2#JAHALX010000013.1_51574319_51981226_0	0.9575763019033477 HGDP
HGDP01354 HG02559#1#JAGYVK010000012.1_51505852_51913611_0$HG00741#2#JAHALX010000013.1_51574319_51981226_0	0.9575757299540986 HGDP
HGDP01354 HG02145#2#JAHKSF010000206.1_1005292_1413195_1$HG03516#1#JAGYYT010000012.1_24170958_24578778_1	0.9575730278993472 HGDP
HGDP01354 HG02559#2#JAGYVJ010000037.1_52167780_52574597_1$HG02300.verkko_filt_pat.fa:haplotype2_0000620_143362344_143769323_1	0.9575678984914231 HGDP
HGDP01354 HG01258#2#JAGYYU010000072.1_51562603_51970395_0$NA19240#1#JAHEOM010000047.1_30103390_30511199_1	0.9575678102010693 HGDP
HGDP01354 HG00741#2#JAHALX010000013.1_51574319_51981226_0$HG002.verkko_filt_mat.fa:haplotype1_0000005_138228497_138636354_1	0.9575632176834249 HGDP
HGDP01354 HG02717#1#JAHAOS010000015.1_16660311_17067250_0$NA19240#2#JAHEOL010000010.1_37445323_37853017_0	0.9575623718114681 HGDP
HGDP01354 HG01123#1#JAGYYZ010000015.1_51528240_51935090_0$NA18906#1#JAHEOO010000054.1_2103477_2510435_1	0.9575547112141175 HGDP
HGDP01354 HG01258#2#JAGYYU010000072.1_51562603_51970395_0$HG02071.verkko_filt_mat.fa:haplotype1_0000041_103610513_104018399_0	0.9575453737119527 HGDP
HGDP01354 chr1_hg38_103456064_103863972_0$HG00741#2#JAHALX010000013.1_51574319_51981226_0	0.9575443106216251 HGDP
HGDP01354 chr1_hg19_103998686_104406594_0$HG00741#2#JAHALX010000013.1_51574319_51981226_0	0.9575443106216251 HGDP
HGDP01354 HG005#1#JAHEPO010000002.1_51519219_51926067_0$NA18906#1#JAHEOO010000054.1_2103477_2510435_1	0.9575428179211650 HGDP
HGDP01354 HG02886#2#JAHAOT010000031.1_87393_401061_0$HG02055#2#JAHEPJ010000017.1_24870122_25298560_1	0.9575381669118808 HGDP
HGDP01354 HG01123#1#JAGYYZ010000015.1_51528240_51935090_0$HG01978#2#JAGYVR010000007.1_51532241_51939176_0	0.9575365770532523 HGDP
HGDP01354 AV_HG02257#haplotype2#0001152:102843493_103251377$HG00741#2#JAHALX010000013.1_51574319_51981226_0	0.9575339980766965 HGDP
HGDP01354 HG01123#1#JAGYYZ010000015.1_51528240_51935090_0$HG02818#1#JAHEOS010000101.1_89626_496613_0	0.9575320775426114 HGDP
HGDP01354 HG01258#2#JAGYYU010000072.1_51562603_51970395_0$HG03579#1#JAGYVU010000029.1_91404_499180_0	0.9575298685359304 HGDP
HGDP01354 NA18906#1#JAHEOO010000054.1_2103477_2510435_1$HG03516#1#JAGYYT010000012.1_24170958_24578778_1	0.9575274990517001 HGDP
HGDP01354 HG02622#1#JAHAOO010000002.1_16673678_17080663_0$NA19240#2#JAHEOL010000010.1_37445323_37853017_0	0.9575256012302713 HGDP
HGDP01354 HG00741#2#JAHALX010000013.1_51574319_51981226_0$HG03927.verkko_filt_mat.fa:haplotype1_0000009_134765170_135173010_1	0.9575249812451727 HGDP
HGDP01354 AV_HG00673#haplotype2#0001165:24014011_24421797$HG02717#1#JAHAOS010000015.1_16660311_17067250_0	0.9575228279760730 HGDP
HGDP01354 HG01978#2#JAGYVR010000007.1_51532241_51939176_0$HG01258#2#JAGYYU010000072.1_51562603_51970395_0	0.9575183214398046 HGDP
HGDP01354 AV_HG00673#haplotype2#0001165:24014011_24421797$HG02622#1#JAHAOO010000002.1_16673678_17080663_0	0.9575171854062206 HGDP
HGDP01354 HG005#1#JAHEPO010000002.1_51519219_51926067_0$HG005#2#JAHEPN010000023.1_51542210_51950070_0	0.9575130512231932 HGDP
HGDP01354 AV_HG01361#haplotype2#0001322:101872897_102186552$HG02055#2#JAHEPJ010000017.1_24870122_25298560_1	0.9574991118910081 HGDP
HGDP01354 HG01071#1#JAHBCF010000053.1_26607100_27108065_1$HG01891#1#JAGYVO010000014.1_22855818_23168577_1	0.9574943534849242 HGDP
HGDP01354 HG02886#1#JAHAOU010000178.1_62411_469262_0$HG02109#1#JAHEPG010000026.1_16673035_17080816_0	0.9574932535401166 HGDP
HGDP01354 HG00621#2#JAHBCC010000031.1_16669999_17077865_0$HG01258#2#JAGYYU010000072.1_51562603_51970395_0	0.9574895202101201 HGDP
HGDP01354 HG02486#2#JAGYVL010000029.1_94163344_94570162_0$HG02809.verkko_filt_pat.fa:haplotype2_0001251_103421111_103827972_0	0.9574892830350460 HGDP
HGDP01354 HG005#1#JAHEPO010000002.1_51519219_51926067_0$HG03453#2#JAGYVV010000088.1_22597550_23005370_1	0.9574804879943658 HGDP
HGDP01354 HG01928#1#JAGYVQ010000053.1_16676493_17083407_0$HG02559#2#JAGYVJ010000037.1_52167780_52574597_1	0.9574785427391117 HGDP
HGDP01354 AV_HG02257#haplotype2#0001152:102843493_103251377$HG03516#1#JAGYYT010000012.1_24170958_24578778_1	0.9574776007600753 HGDP
HGDP01354 HG005#1#JAHEPO010000002.1_51519219_51926067_0$HG02818#1#JAHEOS010000101.1_89626_496613_0	0.9574729956764774 HGDP
HGDP01354 HG01109#1#JAHEPA010000099.1_2104245_2511104_1$HG03927.verkko_filt_mat.fa:haplotype1_0000009_134765170_135173010_1	0.9574536797414652 HGDP
HGDP01354 HG01258#2#JAGYYU010000072.1_51562603_51970395_0$HG02004.verkko_filt_mat.fa:haplotype1_0000022_97828542_98235483_0	0.9574523777873103 HGDP
HGDP01354 HG02886#1#JAHAOU010000178.1_62411_469262_0$HG02809.verkko_filt_pat.fa:haplotype2_0001251_103421111_103827972_0	0.9574491790285009 HGDP
HGDP01354 HG01928#1#JAGYVQ010000053.1_16676493_17083407_0$HG01258#2#JAGYYU010000072.1_51562603_51970395_0	0.9574443742241017 HGDP
HGDP01354 HG01978#2#JAGYVR010000007.1_51532241_51939176_0$HG02717#2#JAHAOR010000006.1_19663827_20070693_1	0.9574419566495451 HGDP
HGDP01354 HG01109#1#JAHEPA010000099.1_2104245_2511104_1$HG02809.verkko_filt_pat.fa:haplotype2_0001251_103421111_103827972_0	0.9574351929810330 HGDP
HGDP01354 HG005#2#JAHEPN010000023.1_51542210_51950070_0$HG01258#2#JAGYYU010000072.1_51562603_51970395_0	0.9574195686426152 HGDP
HGDP01354 HG00741#2#JAHALX010000013.1_51574319_51981226_0$HG03579#1#JAGYVU010000029.1_91404_499180_0	0.9574095047716369 HGDP
HGDP01354 HG02818#2#JAHEOR010000010.1_31775319_32183091_1$HG00741#2#JAHALX010000013.1_51574319_51981226_0	0.9574020871615079 HGDP
HGDP01354 AV_HG01361#haplotype2#0001322:101872897_102186552$NA18906#2#JAHEON010000009.1_93748295_94249275_0	0.9573919620058134 HGDP
HGDP01354 HG02622#1#JAHAOO010000002.1_16673678_17080663_0$HG01258#2#JAGYYU010000072.1_51562603_51970395_0	0.9573903078343833 HGDP
HGDP01354 HG02723#1#JAHEOU010000204.1_2102082_2414876_1$HG03927.verkko_filt_pat.fa:haplotype2_0000800_29002142_29504057_1	0.9573887398002827 HGDP
HGDP01354 HG01928#1#JAGYVQ010000053.1_16676493_17083407_0$HG02717#2#JAHAOR010000006.1_19663827_20070693_1	0.9573838985613822 HGDP
HGDP01354 NA18906#1#JAHEOO010000054.1_2103477_2510435_1$HG02717#2#JAHAOR010000006.1_19663827_20070693_1	0.9573807248423466 HGDP
HGDP01354 HG03453#2#JAGYVV010000088.1_22597550_23005370_1$HG01258#2#JAGYYU010000072.1_51562603_51970395_0	0.9573791764379558 HGDP
HGDP01354 HG02717#2#JAHAOR010000006.1_19663827_20070693_1$HG02004.verkko_filt_mat.fa:haplotype1_0000022_97828542_98235483_0	0.9573760547150491 HGDP
HGDP01354 HG01123#1#JAGYYZ010000015.1_51528240_51935090_0$HG02004.verkko_filt_mat.fa:haplotype1_0000022_97828542_98235483_0	0.9573754124159501 HGDP
HGDP01354 HG02818#1#JAHEOS010000101.1_89626_496613_0$HG02717#2#JAHAOR010000006.1_19663827_20070693_1	0.9573745865549788 HGDP
HGDP01354 HG01258#2#JAGYYU010000072.1_51562603_51970395_0$HG02300.verkko_filt_pat.fa:haplotype2_0000620_143362344_143769323_1	0.9573737956961699 HGDP
HGDP01354 HG02630#1#JAHAOQ010000102.1_16672145_17079089_0$HG03927.verkko_filt_mat.fa:haplotype1_0000009_134765170_135173010_1	0.9573703018361762 HGDP
HGDP01354 HG02559#2#JAGYVJ010000037.1_52167780_52574597_1$HG02004.verkko_filt_mat.fa:haplotype1_0000022_97828542_98235483_0	0.9573675737936425 HGDP
HGDP01354 HG00741#2#JAHALX010000013.1_51574319_51981226_0$HG02071.verkko_filt_mat.fa:haplotype1_0000041_103610513_104018399_0	0.9573607857766537 HGDP
HGDP01354 HG03516#1#JAGYYT010000012.1_24170958_24578778_1$HG02818#1#JAHEOS010000101.1_89626_496613_0	0.9573606120980792 HGDP
HGDP01354 HG02717#1#JAHAOS010000015.1_16660311_17067250_0$HG02717#2#JAHAOR010000006.1_19663827_20070693_1	0.9573588050973638 HGDP
HGDP01354 HG02886#2#JAHAOT010000031.1_87393_401061_0$NA18906#2#JAHEON010000009.1_93748295_94249275_0	0.9573435502323846 HGDP
HGDP01354 HG03486#1#JAHEOQ010000123.1_16677696_17085575_0$HG01258#2#JAGYYU010000072.1_51562603_51970395_0	0.9573415003042567 HGDP
HGDP01354 HG01109#1#JAHEPA010000099.1_2104245_2511104_1$HG02486#2#JAGYVL010000029.1_94163344_94570162_0	0.9573373349075998 HGDP
HGDP01354 HG02886#2#JAHAOT010000031.1_87393_401061_0$HG02809.verkko_filt_mat.fa:haplotype1_0000023_94161320_94589755_0	0.9573360042440056 HGDP
HGDP01354 HG02559#2#JAGYVJ010000037.1_52167780_52574597_1$HG02622#1#JAHAOO010000002.1_16673678_17080663_0	0.9573356531532946 HGDP
HGDP01354 HG03098#2#JAHEPL010000003.1_93803759_94117426_0$HG01258#1#JAGYYV010000004.1_56955948_57456952_1	0.9573306792641368 HGDP
HGDP01354 HG03516#2#JAGYYS010000004.1_24452130_24859892_1$HG02809.verkko_filt_pat.fa:haplotype2_0001251_103421111_103827972_0	0.9573177670839329 HGDP
HGDP01354 HG02717#1#JAHAOS010000015.1_16660311_17067250_0$HG03516#1#JAGYYT010000012.1_24170958_24578778_1	0.9573146341181098 HGDP
HGDP01354 HG02717#2#JAHAOR010000006.1_19663827_20070693_1$HG02300.verkko_filt_pat.fa:haplotype2_0000620_143362344_143769323_1	0.9573053332115624 HGDP
HGDP01354 HG02717#1#JAHAOS010000015.1_16660311_17067250_0$HG01123#1#JAGYYZ010000015.1_51528240_51935090_0	0.9573026883854086 HGDP
HGDP01354 HG01109#1#JAHEPA010000099.1_2104245_2511104_1$HG02886#1#JAHAOU010000178.1_62411_469262_0	0.9572977726228455 HGDP
HGDP01354 NA18906#1#JAHEOO010000054.1_2103477_2510435_1$HG00741#2#JAHALX010000013.1_51574319_51981226_0	0.9572962039763427 HGDP
HGDP01354 HG02559#1#JAGYVK010000012.1_51505852_51913611_0$HG02809.verkko_filt_pat.fa:haplotype2_0001251_103421111_103827972_0	0.9572930718589411 HGDP
HGDP01354 HG02145#2#JAHKSF010000206.1_1005292_1413195_1$HG02809.verkko_filt_pat.fa:haplotype2_0001251_103421111_103827972_0	0.9572916763531101 HGDP
HGDP01354 HG02630#2#JAHAOP010000089.1_16669255_17076135_0$HG03516#1#JAGYYT010000012.1_24170958_24578778_1	0.9572884475718602 HGDP
HGDP01354 AV_HG01361#haplotype2#0001322:101872897_102186552$HG02809.verkko_filt_mat.fa:haplotype1_0000023_94161320_94589755_0	0.9572861082120085 HGDP
HGDP01354 HG02717#1#JAHAOS010000015.1_16660311_17067250_0$HG005#1#JAHEPO010000002.1_51519219_51926067_0	0.9572750355644516 HGDP
HGDP01354 HG01123#1#JAGYYZ010000015.1_51528240_51935090_0$HG02622#1#JAHAOO010000002.1_16673678_17080663_0	0.9572659949205061 HGDP
HGDP01354 HG005#2#JAHEPN010000023.1_51542210_51950070_0$HG00741#2#JAHALX010000013.1_51574319_51981226_0	0.9572513892294366 HGDP
HGDP01354 HG01123#1#JAGYYZ010000015.1_51528240_51935090_0$HG02300.verkko_filt_pat.fa:haplotype2_0000620_143362344_143769323_1	0.9572492024983617 HGDP
HGDP01354 HG02630#2#JAHAOP010000089.1_16669255_17076135_0$HG01123#1#JAGYYZ010000015.1_51528240_51935090_0	0.9572255103555221 HGDP
HGDP01354 HG005#1#JAHEPO010000002.1_51519219_51926067_0$HG01978#2#JAGYVR010000007.1_51532241_51939176_0	0.9572234132673593 HGDP
HGDP01354 HG03579#2#JAGYVT010000094.1_51581892_51895531_0$HG02647.verkko_filt_mat.fa:haplotype1_0000002_103892584_104321036_0	0.9572211204535287 HGDP
HGDP01354 HG01928#1#JAGYVQ010000053.1_16676493_17083407_0$HG01123#1#JAGYYZ010000015.1_51528240_51935090_0	0.9572169110702333 HGDP
HGDP01354 HG03579#1#JAGYVU010000029.1_91404_499180_0$HG02809.verkko_filt_pat.fa:haplotype2_0001251_103421111_103827972_0	0.9571821065327026 HGDP
HGDP01354 HG005#1#JAHEPO010000002.1_51519219_51926067_0$HG02300.verkko_filt_pat.fa:haplotype2_0000620_143362344_143769323_1	0.9571817865670019 HGDP
HGDP01354 HG02080#1#JAHEOW010000048.1_16689583_17097287_0$HG03927.verkko_filt_mat.fa:haplotype1_0000009_134765170_135173010_1	0.9571665835000679 HGDP
HGDP01354 HG02145#2#JAHKSF010000206.1_1005292_1413195_1$HG03927.verkko_filt_mat.fa:haplotype1_0000009_134765170_135173010_1	0.9571658565805350 HGDP
HGDP01354 HG02630#2#JAHAOP010000089.1_16669255_17076135_0$HG02717#2#JAHAOR010000006.1_19663827_20070693_1	0.9571635308859131 HGDP
HGDP01354 HG01109#1#JAHEPA010000099.1_2104245_2511104_1$HG03516#2#JAGYYS010000004.1_24452130_24859892_1	0.9571577057780593 HGDP
HGDP01354 NA18906#2#JAHEON010000009.1_93748295_94249275_0$HG04228.verkko_filt_pat.fa:haplotype2_0000600_103806749_104119491_0	0.9571541012216336 HGDP
HGDP01354 HG02630#2#JAHAOP010000089.1_16669255_17076135_0$HG01258#2#JAGYYU010000072.1_51562603_51970395_0	0.9571530729951132 HGDP
HGDP01354 HG005#1#JAHEPO010000002.1_51519219_51926067_0$HG02622#1#JAHAOO010000002.1_16673678_17080663_0	0.9571522110832352 HGDP
HGDP01354 AV_HG02148#haplotype2#0002863:16304803_16712699$HG00741#2#JAHALX010000013.1_51574319_51981226_0	0.9571521431535772 HGDP
HGDP01354 HG01071#1#JAHBCF010000053.1_26607100_27108065_1$HG03710.verkko_filt_mat.fa:haplotype1_0000029_102593394_102907063_0	0.9571461594102808 HGDP
HGDP01354 HG02647.verkko_filt_pat.fa:haplotype2_0000857_103738150_104051769_0$HG02647.verkko_filt_mat.fa:haplotype1_0000002_103892584_104321036_0	0.9571418934797921 HGDP
HGDP01354 HG02109#1#JAHEPG010000026.1_16673035_17080816_0$HG03927.verkko_filt_mat.fa:haplotype1_0000009_134765170_135173010_1	0.9571396446372393 HGDP
HGDP01354 HG03098#2#JAHEPL010000003.1_93803759_94117426_0$HG01071#1#JAHBCF010000053.1_26607100_27108065_1	0.9571366510757405 HGDP
HGDP01354 HG02622#1#JAHAOO010000002.1_16673678_17080663_0$HG02717#2#JAHAOR010000006.1_19663827_20070693_1	0.9571249584817803 HGDP
HGDP01354 HG02630#1#JAHAOQ010000102.1_16672145_17079089_0$HG02109#1#JAHEPG010000026.1_16673035_17080816_0	0.9571199172912773 HGDP
HGDP01354 AV_HG02257#haplotype2#0001152:102843493_103251377$HG03927.verkko_filt_mat.fa:haplotype1_0000009_134765170_135173010_1	0.9571179472473132 HGDP
HGDP01354 HG01109#1#JAHEPA010000099.1_2104245_2511104_1$HG02559#1#JAGYVK010000012.1_51505852_51913611_0	0.9571101876384933 HGDP
HGDP01354 NA19240#1#JAHEOM010000047.1_30103390_30511199_1$HG02809.verkko_filt_pat.fa:haplotype2_0001251_103421111_103827972_0	0.9571001520059961 HGDP
HGDP01354 HG02717#1#JAHAOS010000015.1_16660311_17067250_0$HG00741#2#JAHALX010000013.1_51574319_51981226_0	0.9570922222475279 HGDP
HGDP01354 HG005#1#JAHEPO010000002.1_51519219_51926067_0$HG02630#2#JAHAOP010000089.1_16669255_17076135_0	0.9570885557018970 HGDP
HGDP01354 HG02818#2#JAHEOR010000010.1_31775319_32183091_1$HG02809.verkko_filt_pat.fa:haplotype2_0001251_103421111_103827972_0	0.9570858635621198 HGDP
HGDP01354 HG00741#2#JAHALX010000013.1_51574319_51981226_0$HG02818#1#JAHEOS010000101.1_89626_496613_0	0.9570778697363360 HGDP
HGDP01354 HG00741#2#JAHALX010000013.1_51574319_51981226_0$NA19240#1#JAHEOM010000047.1_30103390_30511199_1	0.9570772447713349 HGDP
HGDP01354 HG005#1#JAHEPO010000002.1_51519219_51926067_0$HG02004.verkko_filt_mat.fa:haplotype1_0000022_97828542_98235483_0	0.9570707382795699 HGDP
HGDP01354 HG00621#2#JAHBCC010000031.1_16669999_17077865_0$HG00741#2#JAHALX010000013.1_51574319_51981226_0	0.9570677645681525 HGDP
HGDP01354 HG01109#1#JAHEPA010000099.1_2104245_2511104_1$HG03579#1#JAGYVU010000029.1_91404_499180_0	0.9570624232999501 HGDP
HGDP01354 AV_HG01175#haplotype1#0000070:46006269_46414083$HG02809.verkko_filt_pat.fa:haplotype2_0001251_103421111_103827972_0	0.9570578811653961 HGDP
HGDP01354 HG01109#1#JAHEPA010000099.1_2104245_2511104_1$HG00741#2#JAHALX010000013.1_51574319_51981226_0	0.9570494090079614 HGDP
HGDP01354 HG02486#1#JAGYVM010000007.1_28868414_29370339_1$HG04228.verkko_filt_pat.fa:haplotype2_0000600_103806749_104119491_0	0.9570488916724423 HGDP
HGDP01354 HG03453#2#JAGYVV010000088.1_22597550_23005370_1$HG00741#2#JAHALX010000013.1_51574319_51981226_0	0.9570059336817536 HGDP
HGDP01354 HG002.verkko_filt_mat.fa:haplotype1_0000005_138228497_138636354_1$HG02809.verkko_filt_pat.fa:haplotype2_0001251_103421111_103827972_0	0.9570053323177735 HGDP
HGDP01354 NA18906#1#JAHEOO010000054.1_2103477_2510435_1$HG03927.verkko_filt_mat.fa:haplotype1_0000009_134765170_135173010_1	0.9570005909406162 HGDP
HGDP01354 HG02145#2#JAHKSF010000206.1_1005292_1413195_1$HG02109#1#JAHEPG010000026.1_16673035_17080816_0	0.9569944146734161 HGDP
HGDP01354 HG04228.verkko_filt_pat.fa:haplotype2_0000600_103806749_104119491_0$HG01099.verkko_filt_pat.fa:haplotype2_0000583_143544270_144046196_1	0.9569917218520364 HGDP
HGDP01354 HG03486#1#JAHEOQ010000123.1_16677696_17085575_0$HG00741#2#JAHALX010000013.1_51574319_51981226_0	0.9569834752300124 HGDP
HGDP01354 HG02818#1#JAHEOS010000101.1_89626_496613_0$HG03927.verkko_filt_mat.fa:haplotype1_0000009_134765170_135173010_1	0.9569454865876580 HGDP
HGDP01354 HG01258#1#JAGYYV010000004.1_56955948_57456952_1$HG04228.verkko_filt_pat.fa:haplotype2_0000600_103806749_104119491_0	0.9569392375249414 HGDP
HGDP01354 HG02622#1#JAHAOO010000002.1_16673678_17080663_0$HG03516#1#JAGYYT010000012.1_24170958_24578778_1	0.9569352638845442 HGDP
HGDP01354 chr1_hg38_103456064_103863972_0$HG02809.verkko_filt_pat.fa:haplotype2_0001251_103421111_103827972_0	0.9569307590348225 HGDP
HGDP01354 chr1_hg19_103998686_104406594_0$HG02809.verkko_filt_pat.fa:haplotype2_0001251_103421111_103827972_0	0.9569307590348225 HGDP
HGDP01354 HG02071.verkko_filt_mat.fa:haplotype1_0000041_103610513_104018399_0$HG02809.verkko_filt_pat.fa:haplotype2_0001251_103421111_103827972_0	0.9569293233000323 HGDP
HGDP01354 HG02630#1#JAHAOQ010000102.1_16672145_17079089_0$HG02809.verkko_filt_pat.fa:haplotype2_0001251_103421111_103827972_0	0.9569246172852831 HGDP
HGDP01354 AV_HG02148#haplotype2#0002863:16304803_16712699$HG02809.verkko_filt_pat.fa:haplotype2_0001251_103421111_103827972_0	0.9569172344046861 HGDP
HGDP01354 HG01928#1#JAGYVQ010000053.1_16676493_17083407_0$HG005#1#JAHEPO010000002.1_51519219_51926067_0	0.9569124741270428 HGDP
HGDP01354 AV_HG02257#haplotype2#0001152:102843493_103251377$HG02809.verkko_filt_pat.fa:haplotype2_0001251_103421111_103827972_0	0.9569105158781883 HGDP
HGDP01354 AV_HG02257#haplotype2#0001152:102843493_103251377$HG02109#1#JAHEPG010000026.1_16673035_17080816_0	0.9569068706507898 HGDP
HGDP01354 HG00621#2#JAHBCC010000031.1_16669999_17077865_0$HG02809.verkko_filt_pat.fa:haplotype2_0001251_103421111_103827972_0	0.9569049166049121 HGDP
HGDP01354 HG02717#1#JAHAOS010000015.1_16660311_17067250_0$HG03927.verkko_filt_mat.fa:haplotype1_0000009_134765170_135173010_1	0.9568990955300136 HGDP
HGDP01354 HG01109#1#JAHEPA010000099.1_2104245_2511104_1$HG02145#2#JAHKSF010000206.1_1005292_1413195_1	0.9568795699911272 HGDP
HGDP01354 chr1_hg38_103456064_103863972_0$HG02486#2#JAGYVL010000029.1_94163344_94570162_0	0.9568597647765081 HGDP
HGDP01354 chr1_hg19_103998686_104406594_0$HG02486#2#JAGYVL010000029.1_94163344_94570162_0	0.9568597647765081 HGDP
HGDP01354 HG01978#2#JAGYVR010000007.1_51532241_51939176_0$HG00741#2#JAHALX010000013.1_51574319_51981226_0	0.9568587502083916 HGDP
HGDP01354 HG02145#2#JAHKSF010000206.1_1005292_1413195_1$HG02486#2#JAGYVL010000029.1_94163344_94570162_0	0.9568543753825937 HGDP
HGDP01354 HG02109#1#JAHEPG010000026.1_16673035_17080816_0$NA18906#1#JAHEOO010000054.1_2103477_2510435_1	0.9568296431118669 HGDP
HGDP01354 HG03927.verkko_filt_mat.fa:haplotype1_0000009_134765170_135173010_1$HG02300.verkko_filt_mat.fa:haplotype1_0000028_144052837_144460586_1	0.9568208806601219 HGDP
HGDP01354 HG01109#1#JAHEPA010000099.1_2104245_2511104_1$NA19240#1#JAHEOM010000047.1_30103390_30511199_1	0.9568088941726295 HGDP
HGDP01354 HG01071#1#JAHBCF010000053.1_26607100_27108065_1$HG04228.verkko_filt_pat.fa:haplotype2_0000600_103806749_104119491_0	0.9568024154162238 HGDP
HGDP01354 HG04228.verkko_filt_pat.fa:haplotype2_0000600_103806749_104119491_0$HG02647.verkko_filt_mat.fa:haplotype1_0000002_103892584_104321036_0	0.9568009496237581 HGDP
HGDP01354 HG02109#1#JAHEPG010000026.1_16673035_17080816_0$HG02818#1#JAHEOS010000101.1_89626_496613_0	0.9567977118413117 HGDP
HGDP01354 HG02818#2#JAHEOR010000010.1_31775319_32183091_1$HG01109#1#JAHEPA010000099.1_2104245_2511104_1	0.9567710627217469 HGDP
HGDP01354 HG03579#2#JAGYVT010000094.1_51581892_51895531_0$HG02055#2#JAHEPJ010000017.1_24870122_25298560_1	0.9567544621323798 HGDP
HGDP01354 chr1_hg19_103998686_104406594_0$HG02886#1#JAHAOU010000178.1_62411_469262_0	0.9567476149125463 HGDP
HGDP01354 HG02886#1#JAHAOU010000178.1_62411_469262_0$chr1_hg38_103456064_103863972_0	0.9567476149125463 HGDP
HGDP01354 HG02055#2#JAHEPJ010000017.1_24870122_25298560_1$HG02647.verkko_filt_pat.fa:haplotype2_0000857_103738150_104051769_0	0.9567470291664728 HGDP
HGDP01354 NA18906#2#JAHEON010000009.1_93748295_94249275_0$HG02109#2#JAHEPF010000078.1_16678387_16991144_0	0.9567396077804317 HGDP
HGDP01354 HG03453#1#JAGYVW010000157.1_2105722_2585000_1$HG03492#2#JAHEPH010000288.1_2098270_2432686_1	0.9567282463407792 HGDP
HGDP01354 HG02145#2#JAHKSF010000206.1_1005292_1413195_1$HG02886#1#JAHAOU010000178.1_62411_469262_0	0.9567189954582805 HGDP
HGDP01354 HG03453#1#JAGYVW010000157.1_2105722_2585000_1$HG01243#1#JAHEOY010000013.1_90081_424495_0	0.9566948305711681 HGDP
HGDP01354 HG01928#1#JAGYVQ010000053.1_16676493_17083407_0$HG00741#2#JAHALX010000013.1_51574319_51981226_0	0.9566911351289314 HGDP
HGDP01354 HG02080#1#JAHEOW010000048.1_16689583_17097287_0$HG01099.verkko_filt_mat.fa:haplotype1_0000034_142513097_142920876_1	0.9566795612456067 HGDP
HGDP01354 HG00741#2#JAHALX010000013.1_51574319_51981226_0$HG02004.verkko_filt_mat.fa:haplotype1_0000022_97828542_98235483_0	0.9566753270707326 HGDP
HGDP01354 HG02055#2#JAHEPJ010000017.1_24870122_25298560_1$HG04228.verkko_filt_pat.fa:haplotype2_0000600_103806749_104119491_0	0.9566699968403880 HGDP
HGDP01354 HG03486#1#JAHEOQ010000123.1_16677696_17085575_0$HG02809.verkko_filt_pat.fa:haplotype2_0001251_103421111_103827972_0	0.9566689023870245 HGDP
HGDP01354 HG02080#1#JAHEOW010000048.1_16689583_17097287_0$HG02300.verkko_filt_mat.fa:haplotype1_0000028_144052837_144460586_1	0.9566681470025238 HGDP
HGDP01354 HG02486#2#JAGYVL010000029.1_94163344_94570162_0$HG02071.verkko_filt_mat.fa:haplotype1_0000041_103610513_104018399_0	0.9566670829364885 HGDP
HGDP01354 HG03927.verkko_filt_mat.fa:haplotype1_0000009_134765170_135173010_1$HG01099.verkko_filt_mat.fa:haplotype1_0000034_142513097_142920876_1	0.9566662405955422 HGDP
HGDP01354 AV_HG01175#haplotype1#0000070:46006269_46414083$HG02886#1#JAHAOU010000178.1_62411_469262_0	0.9566598265575194 HGDP
HGDP01354 HG02717#1#JAHAOS010000015.1_16660311_17067250_0$HG02109#1#JAHEPG010000026.1_16673035_17080816_0	0.9566564495602113 HGDP
HGDP01354 AV_HG02257#haplotype2#0001152:102843493_103251377$HG02486#2#JAGYVL010000029.1_94163344_94570162_0	0.9566476856709707 HGDP
HGDP01354 AV_HG02148#haplotype2#0002863:16304803_16712699$HG02486#2#JAGYVL010000029.1_94163344_94570162_0	0.9566467578631234 HGDP
HGDP01354 HG02630#2#JAHAOP010000089.1_16669255_17076135_0$HG03927.verkko_filt_mat.fa:haplotype1_0000009_134765170_135173010_1	0.9566453887340661 HGDP
HGDP01354 HG005#2#JAHEPN010000023.1_51542210_51950070_0$HG02809.verkko_filt_pat.fa:haplotype2_0001251_103421111_103827972_0	0.9566437469876931 HGDP
HGDP01354 HG03579#2#JAGYVT010000094.1_51581892_51895531_0$NA18906#2#JAHEON010000009.1_93748295_94249275_0	0.9566418358923243 HGDP
HGDP01354 HG005#2#JAHEPN010000023.1_51542210_51950070_0$HG02486#2#JAGYVL010000029.1_94163344_94570162_0	0.9566273734116967 HGDP
HGDP01354 HG02630#2#JAHAOP010000089.1_16669255_17076135_0$HG00741#2#JAHALX010000013.1_51574319_51981226_0	0.9566263772259196 HGDP
HGDP01354 HG03579#2#JAGYVT010000094.1_51581892_51895531_0$HG02486#1#JAGYVM010000007.1_28868414_29370339_1	0.9566124698921989 HGDP
HGDP01354 NA18906#2#JAHEON010000009.1_93748295_94249275_0$HG02647.verkko_filt_pat.fa:haplotype2_0000857_103738150_104051769_0	0.9566100370393668 HGDP
HGDP01354 HG02486#2#JAGYVL010000029.1_94163344_94570162_0$HG002.verkko_filt_mat.fa:haplotype1_0000005_138228497_138636354_1	0.9566078035857595 HGDP
HGDP01354 HG03492#2#JAHEPH010000288.1_2098270_2432686_1$HG00438#1#JAHBCB010000015.1_33474867_33954171_0	0.9566071731492291 HGDP
HGDP01354 HG02486#1#JAGYVM010000007.1_28868414_29370339_1$HG02647.verkko_filt_pat.fa:haplotype2_0000857_103738150_104051769_0	0.9566045659973147 HGDP
HGDP01354 AV_HG01361#haplotype1#0000023:101593539_102001341$HG02080#1#JAHEOW010000048.1_16689583_17097287_0	0.9565983829042948 HGDP
HGDP01354 HG03540#1#JAGYVY010000208.1_95187_596142_0$HG04228.verkko_filt_pat.fa:haplotype2_0000600_103806749_104119491_0	0.9565950022141082 HGDP
HGDP01354 NA19240#2#JAHEOL010000010.1_37445323_37853017_0$HG03927.verkko_filt_mat.fa:haplotype1_0000009_134765170_135173010_1	0.9565845086598699 HGDP
HGDP01354 HG02622#1#JAHAOO010000002.1_16673678_17080663_0$HG03927.verkko_filt_mat.fa:haplotype1_0000009_134765170_135173010_1	0.9565837259507446 HGDP
HGDP01354 HG03453#2#JAGYVV010000088.1_22597550_23005370_1$HG02809.verkko_filt_pat.fa:haplotype2_0001251_103421111_103827972_0	0.9565791908136450 HGDP
HGDP01354 HG02622#1#JAHAOO010000002.1_16673678_17080663_0$HG00741#2#JAHALX010000013.1_51574319_51981226_0	0.9565784391938633 HGDP
HGDP01354 HG02080#1#JAHEOW010000048.1_16689583_17097287_0$HG03516#1#JAGYYT010000012.1_24170958_24578778_1	0.9565774583485073 HGDP
HGDP01354 HG00621#2#JAHBCC010000031.1_16669999_17077865_0$HG02486#2#JAGYVL010000029.1_94163344_94570162_0	0.9565709340703323 HGDP
HGDP01354 HG03492#2#JAHEPH010000288.1_2098270_2432686_1$HG01243#1#JAHEOY010000013.1_90081_424495_0	0.9565682164199260 HGDP
HGDP01354 AV_HG01175#haplotype1#0000070:46006269_46414083$HG02486#2#JAGYVL010000029.1_94163344_94570162_0	0.9565648477681650 HGDP
HGDP01354 HG02818#1#JAHEOS010000101.1_89626_496613_0$HG02809.verkko_filt_pat.fa:haplotype2_0001251_103421111_103827972_0	0.9565635745224184 HGDP
HGDP01354 NA18906#1#JAHEOO010000054.1_2103477_2510435_1$HG02809.verkko_filt_pat.fa:haplotype2_0001251_103421111_103827972_0	0.9565547851052389 HGDP
HGDP01354 AV_HG02257#haplotype2#0001152:102843493_103251377$HG02886#1#JAHAOU010000178.1_62411_469262_0	0.9565361656839653 HGDP
HGDP01354 HG01123#2#JAGYYY010000006.1_51579630_51892388_0$HG01099.verkko_filt_pat.fa:haplotype2_0000583_143544270_144046196_1	0.9565360798915964 HGDP
HGDP01354 AV_HG00673#haplotype2#0001165:24014011_24421797$HG03927.verkko_filt_mat.fa:haplotype1_0000009_134765170_135173010_1	0.9565358394253359 HGDP
HGDP01354 HG01891#1#JAGYVO010000014.1_22855818_23168577_1$HG02647.verkko_filt_mat.fa:haplotype1_0000002_103892584_104321036_0	0.9565336225930159 HGDP
HGDP01354 HG01358#1#JAGYZB010000020.1_27445742_27855492_1$HG002.verkko_filt_pat.fa:haplotype2_0000649_147937390_148315979_1	0.9565322274338387 HGDP
HGDP01354 HG01123#2#JAGYYY010000006.1_51579630_51892388_0$NA18906#2#JAHEON010000009.1_93748295_94249275_0	0.9565318610929991 HGDP
HGDP01354 HG02886#1#JAHAOU010000178.1_62411_469262_0$HG02071.verkko_filt_mat.fa:haplotype1_0000041_103610513_104018399_0	0.9565312130785590 HGDP
HGDP01354 HG03579#2#JAGYVT010000094.1_51581892_51895531_0$HG02809.verkko_filt_mat.fa:haplotype1_0000023_94161320_94589755_0	0.9565310325865833 HGDP
HGDP01354 HG02109#1#JAHEPG010000026.1_16673035_17080816_0$HG02809.verkko_filt_pat.fa:haplotype2_0001251_103421111_103827972_0	0.9565286992141171 HGDP
HGDP01354 HG03098#1#JAHEPM010000059.1_16676208_17105596_0$HG04228.verkko_filt_pat.fa:haplotype2_0000600_103806749_104119491_0	0.9565276307840583 HGDP
HGDP01354 AV_HG02148#haplotype2#0002863:16304803_16712699$HG02886#1#JAHAOU010000178.1_62411_469262_0	0.9565270456013781 HGDP
HGDP01354 HG02886#1#JAHAOU010000178.1_62411_469262_0$HG005#2#JAHEPN010000023.1_51542210_51950070_0	0.9565235586196607 HGDP
HGDP01354 HG00438#1#JAHBCB010000015.1_33474867_33954171_0$HG01243#1#JAHEOY010000013.1_90081_424495_0	0.9565023336941116 HGDP
HGDP01354 HG02647.verkko_filt_pat.fa:haplotype2_0000857_103738150_104051769_0$HG02809.verkko_filt_mat.fa:haplotype1_0000023_94161320_94589755_0	0.9564995224248540 HGDP
HGDP01354 HG01123#2#JAGYYY010000006.1_51579630_51892388_0$HG02486#1#JAGYVM010000007.1_28868414_29370339_1	0.9564981112299465 HGDP
HGDP01354 HG01109#1#JAHEPA010000099.1_2104245_2511104_1$HG02630#1#JAHAOQ010000102.1_16672145_17079089_0	0.9564955062599911 HGDP
HGDP01354 NA19240#2#JAHEOL010000010.1_37445323_37853017_0$HG01099.verkko_filt_mat.fa:haplotype1_0000034_142513097_142920876_1	0.9564842539592139 HGDP
HGDP01354 HG00741#2#JAHALX010000013.1_51574319_51981226_0$HG02300.verkko_filt_pat.fa:haplotype2_0000620_143362344_143769323_1	0.9564841252787056 HGDP
HGDP01354 AV_HG01361#haplotype1#0000023:101593539_102001341$HG03927.verkko_filt_mat.fa:haplotype1_0000009_134765170_135173010_1	0.9564824669179636 HGDP
HGDP01354 HG02630#2#JAHAOP010000089.1_16669255_17076135_0$HG02109#1#JAHEPG010000026.1_16673035_17080816_0	0.9564805577551894 HGDP
HGDP01354 HG03516#1#JAGYYT010000012.1_24170958_24578778_1$HG02300.verkko_filt_mat.fa:haplotype1_0000028_144052837_144460586_1	0.9564771196039014 HGDP
HGDP01354 HG03579#2#JAGYVT010000094.1_51581892_51895531_0$HG01099.verkko_filt_pat.fa:haplotype2_0000583_143544270_144046196_1	0.9564761553564890 HGDP
HGDP01354 HG02886#1#JAHAOU010000178.1_62411_469262_0$HG002.verkko_filt_mat.fa:haplotype1_0000005_138228497_138636354_1	0.9564719721252436 HGDP
HGDP01354 AV_HG00673#haplotype2#0001165:24014011_24421797$HG02300.verkko_filt_mat.fa:haplotype1_0000028_144052837_144460586_1	0.9564718728862361 HGDP
HGDP01354 HG03453#2#JAGYVV010000088.1_22597550_23005370_1$HG02486#2#JAGYVL010000029.1_94163344_94570162_0	0.9564590659620529 HGDP
HGDP01354 HG02647.verkko_filt_pat.fa:haplotype2_0000857_103738150_104051769_0$HG01099.verkko_filt_pat.fa:haplotype2_0000583_143544270_144046196_1	0.9564524340235853 HGDP
HGDP01354 HG01123#2#JAGYYY010000006.1_51579630_51892388_0$HG01258#1#JAGYYV010000004.1_56955948_57456952_1	0.9564433429759641 HGDP
HGDP01354 HG02109#1#JAHEPG010000026.1_16673035_17080816_0$HG02622#1#JAHAOO010000002.1_16673678_17080663_0	0.9564429477419781 HGDP
HGDP01354 AV_HG01106#haplotype2#0000932:16673968_17175925$HG03579#2#JAGYVT010000094.1_51581892_51895531_0	0.9564420494593354 HGDP
HGDP01354 HG03098#2#JAHEPL010000003.1_93803759_94117426_0$NA18906#2#JAHEON010000009.1_93748295_94249275_0	0.9564314468672173 HGDP
HGDP01354 HG02886#1#JAHAOU010000178.1_62411_469262_0$HG03453#2#JAGYVV010000088.1_22597550_23005370_1	0.9564269406139752 HGDP
HGDP01354 AV_HG01106#haplotype2#0000932:16673968_17175925$HG02647.verkko_filt_pat.fa:haplotype2_0000857_103738150_104051769_0	0.9564264680359045 HGDP
HGDP01354 HG00621#2#JAHBCC010000031.1_16669999_17077865_0$HG02886#1#JAHAOU010000178.1_62411_469262_0	0.9564113507263582 HGDP
HGDP01354 HG02717#1#JAHAOS010000015.1_16660311_17067250_0$HG02809.verkko_filt_pat.fa:haplotype2_0001251_103421111_103827972_0	0.9564056605914132 HGDP
HGDP01354 HG02723#1#JAHEOU010000204.1_2102082_2414876_1$HG01258#1#JAGYYV010000004.1_56955948_57456952_1	0.9563968734577200 HGDP
HGDP01354 HG03486#1#JAHEOQ010000123.1_16677696_17085575_0$HG02486#2#JAGYVL010000029.1_94163344_94570162_0	0.9563743915912752 HGDP
HGDP01354 NA19240#2#JAHEOL010000010.1_37445323_37853017_0$HG02300.verkko_filt_mat.fa:haplotype1_0000028_144052837_144460586_1	0.9563699430309868 HGDP
HGDP01354 HG02559#1#JAGYVK010000012.1_51505852_51913611_0$HG02109#1#JAHEPG010000026.1_16673035_17080816_0	0.9563697627575057 HGDP
HGDP01354 HG02055#2#JAHEPJ010000017.1_24870122_25298560_1$HG01891#1#JAGYVO010000014.1_22855818_23168577_1	0.9563670301419267 HGDP
HGDP01354 HG02630#1#JAHAOQ010000102.1_16672145_17079089_0$HG02486#2#JAGYVL010000029.1_94163344_94570162_0	0.9563599601088014 HGDP
HGDP01354 NA18906#2#JAHEON010000009.1_93748295_94249275_0$HG03710.verkko_filt_mat.fa:haplotype1_0000029_102593394_102907063_0	0.9563540397974791 HGDP
HGDP01354 HG03516#1#JAGYYT010000012.1_24170958_24578778_1$HG01099.verkko_filt_mat.fa:haplotype1_0000034_142513097_142920876_1	0.9563465551815842 HGDP
HGDP01354 HG02109#1#JAHEPG010000026.1_16673035_17080816_0$HG03516#2#JAGYYS010000004.1_24452130_24859892_1	0.9563463041965976 HGDP
HGDP01354 HG01123#2#JAGYYY010000006.1_51579630_51892388_0$HG01071#1#JAHBCF010000053.1_26607100_27108065_1	0.9563454949136546 HGDP
HGDP01354 AV_HG01106#haplotype2#0000932:16673968_17175925$HG02109#2#JAHEPF010000078.1_16678387_16991144_0	0.9563433598770127 HGDP
HGDP01354 AV_HG00673#haplotype2#0001165:24014011_24421797$HG01099.verkko_filt_mat.fa:haplotype1_0000034_142513097_142920876_1	0.9563249720352448 HGDP
HGDP01354 AV_HG01361#haplotype1#0000023:101593539_102001341$NA19240#2#JAHEOL010000010.1_37445323_37853017_0	0.9563240529316153 HGDP
HGDP01354 HG02622#1#JAHAOO010000002.1_16673678_17080663_0$HG02809.verkko_filt_pat.fa:haplotype2_0001251_103421111_103827972_0	0.9563205172607993 HGDP
HGDP01354 HG02080#1#JAHEOW010000048.1_16689583_17097287_0$NA19240#2#JAHEOL010000010.1_37445323_37853017_0	0.9563200585427158 HGDP
HGDP01354 HG02080#1#JAHEOW010000048.1_16689583_17097287_0$HG02559#1#JAGYVK010000012.1_51505852_51913611_0	0.9563175366304744 HGDP
HGDP01354 HG04228.verkko_filt_pat.fa:haplotype2_0000600_103806749_104119491_0$HG02809.verkko_filt_mat.fa:haplotype1_0000023_94161320_94589755_0	0.9563147195620192 HGDP
HGDP01354 HG02080#1#JAHEOW010000048.1_16689583_17097287_0$NA19240#1#JAHEOM010000047.1_30103390_30511199_1	0.9563076145001352 HGDP
HGDP01354 HG02080#1#JAHEOW010000048.1_16689583_17097287_0$HG002.verkko_filt_mat.fa:haplotype1_0000005_138228497_138636354_1	0.9562982824843890 HGDP
HGDP01354 HG02080#1#JAHEOW010000048.1_16689583_17097287_0$HG03516#2#JAGYYS010000004.1_24452130_24859892_1	0.9562941712751905 HGDP
HGDP01354 AV_HG01175#haplotype1#0000070:46006269_46414083$HG02109#1#JAHEPG010000026.1_16673035_17080816_0	0.9562915591272803 HGDP
HGDP01354 HG02300.verkko_filt_pat.fa:haplotype2_0000620_143362344_143769323_1$HG02809.verkko_filt_pat.fa:haplotype2_0001251_103421111_103827972_0	0.9562886825589315 HGDP
HGDP01354 HG01928#1#JAGYVQ010000053.1_16676493_17083407_0$HG02809.verkko_filt_pat.fa:haplotype2_0001251_103421111_103827972_0	0.9562877959482050 HGDP
HGDP01354 HG02630#2#JAHAOP010000089.1_16669255_17076135_0$HG02809.verkko_filt_pat.fa:haplotype2_0001251_103421111_103827972_0	0.9562875776418069 HGDP
HGDP01354 HG02559#1#JAGYVK010000012.1_51505852_51913611_0$HG02300.verkko_filt_mat.fa:haplotype1_0000028_144052837_144460586_1	0.9562804781966774 HGDP
HGDP01354 AV_HG02257#haplotype2#0001152:102843493_103251377$HG01109#1#JAHEPA010000099.1_2104245_2511104_1	0.9562789580206833 HGDP
HGDP01354 HG02630#1#JAHAOQ010000102.1_16672145_17079089_0$HG03516#2#JAGYYS010000004.1_24452130_24859892_1	0.9562677774655592 HGDP
HGDP01354 HG02818#2#JAHEOR010000010.1_31775319_32183091_1$HG02109#1#JAHEPG010000026.1_16673035_17080816_0	0.9562666861023634 HGDP
HGDP01354 HG02559#1#JAGYVK010000012.1_51505852_51913611_0$HG02630#1#JAHAOQ010000102.1_16672145_17079089_0	0.9562509503206177 HGDP
HGDP01354 HG03486#1#JAHEOQ010000123.1_16677696_17085575_0$HG02886#1#JAHAOU010000178.1_62411_469262_0	0.9562388706059936 HGDP
HGDP01354 AV_HG01361#haplotype1#0000023:101593539_102001341$HG02300.verkko_filt_mat.fa:haplotype1_0000028_144052837_144460586_1	0.9562365478242327 HGDP
HGDP01354 HG01978#2#JAGYVR010000007.1_51532241_51939176_0$HG02486#2#JAGYVL010000029.1_94163344_94570162_0	0.9562341741357836 HGDP
HGDP01354 HG02630#1#JAHAOQ010000102.1_16672145_17079089_0$HG02886#1#JAHAOU010000178.1_62411_469262_0	0.9562324120143589 HGDP
HGDP01354 HG02080#1#JAHEOW010000048.1_16689583_17097287_0$HG02818#2#JAHEOR010000010.1_31775319_32183091_1	0.9562300434474763 HGDP
HGDP01354 AV_HG01361#haplotype2#0001322:101872897_102186552$HG02486#1#JAGYVM010000007.1_28868414_29370339_1	0.9562277929710442 HGDP
HGDP01354 AV_HG02148#haplotype2#0002863:16304803_16712699$HG02080#1#JAHEOW010000048.1_16689583_17097287_0	0.9562266383576199 HGDP
HGDP01354 HG03579#2#JAGYVT010000094.1_51581892_51895531_0$HG03540#1#JAGYVY010000208.1_95187_596142_0	0.9562220739310233 HGDP
HGDP01354 HG03579#2#JAGYVT010000094.1_51581892_51895531_0$HG03098#1#JAHEPM010000059.1_16676208_17105596_0	0.9562173376956572 HGDP
HGDP01354 HG02080#1#JAHEOW010000048.1_16689583_17097287_0$HG03579#1#JAGYVU010000029.1_91404_499180_0	0.9562143880237579 HGDP
HGDP01354 HG03540#1#JAGYVY010000208.1_95187_596142_0$HG02647.verkko_filt_pat.fa:haplotype2_0000857_103738150_104051769_0	0.9562141319118911 HGDP
HGDP01354 HG01123#2#JAGYYY010000006.1_51579630_51892388_0$HG02647.verkko_filt_mat.fa:haplotype1_0000002_103892584_104321036_0	0.9562137784658998 HGDP
HGDP01354 HG02109#1#JAHEPG010000026.1_16673035_17080816_0$HG03579#1#JAGYVU010000029.1_91404_499180_0	0.9562111920419436 HGDP
HGDP01354 HG03516#2#JAGYYS010000004.1_24452130_24859892_1$HG02300.verkko_filt_mat.fa:haplotype1_0000028_144052837_144460586_1	0.9562095597995885 HGDP
HGDP01354 HG01978#2#JAGYVR010000007.1_51532241_51939176_0$HG02809.verkko_filt_pat.fa:haplotype2_0001251_103421111_103827972_0	0.9562030409023627 HGDP
HGDP01354 HG01928#1#JAGYVQ010000053.1_16676493_17083407_0$HG02486#2#JAGYVL010000029.1_94163344_94570162_0	0.9561993531196844 HGDP
HGDP01354 HG02559#1#JAGYVK010000012.1_51505852_51913611_0$HG02486#2#JAGYVL010000029.1_94163344_94570162_0	0.9561971630906970 HGDP
HGDP01354 chr1_hg38_103456064_103863972_0$HG02109#1#JAHEPG010000026.1_16673035_17080816_0	0.9561960670606510 HGDP
HGDP01354 chr1_hg19_103998686_104406594_0$HG02109#1#JAHEPG010000026.1_16673035_17080816_0	0.9561960670606510 HGDP
HGDP01354 HG00438#2#JAHBCA010000012.1_51513023_51826723_0$HG02647.verkko_filt_mat.fa:haplotype1_0000002_103892584_104321036_0	0.9561949432780990 HGDP
HGDP01354 HG02486#2#JAGYVL010000029.1_94163344_94570162_0$HG02818#1#JAHEOS010000101.1_89626_496613_0	0.9561813198041461 HGDP
HGDP01354 AV_HG01106#haplotype2#0000932:16673968_17175925$HG01891#1#JAGYVO010000014.1_22855818_23168577_1	0.9561803460103352 HGDP
HGDP01354 HG02630#1#JAHAOQ010000102.1_16672145_17079089_0$HG03579#1#JAGYVU010000029.1_91404_499180_0	0.9561796156308074 HGDP
HGDP01354 HG01928#1#JAGYVQ010000053.1_16676493_17083407_0$HG02886#1#JAHAOU010000178.1_62411_469262_0	0.9561751654384549 HGDP
HGDP01354 HG01891#1#JAGYVO010000014.1_22855818_23168577_1$HG01099.verkko_filt_pat.fa:haplotype2_0000583_143544270_144046196_1	0.9561750111438638 HGDP
HGDP01354 HG02559#1#JAGYVK010000012.1_51505852_51913611_0$HG02145#2#JAHKSF010000206.1_1005292_1413195_1	0.9561740241420880 HGDP
HGDP01354 HG02723#1#JAHEOU010000204.1_2102082_2414876_1$HG01071#1#JAHBCF010000053.1_26607100_27108065_1	0.9561735611558653 HGDP
HGDP01354 HG02109#1#JAHEPG010000026.1_16673035_17080816_0$HG002.verkko_filt_mat.fa:haplotype1_0000005_138228497_138636354_1	0.9561673691603920 HGDP
HGDP01354 HG03098#1#JAHEPM010000059.1_16676208_17105596_0$HG02647.verkko_filt_pat.fa:haplotype2_0000857_103738150_104051769_0	0.9561619027660543 HGDP
HGDP01354 HG02004.verkko_filt_mat.fa:haplotype1_0000022_97828542_98235483_0$HG02809.verkko_filt_pat.fa:haplotype2_0001251_103421111_103827972_0	0.9561609833829797 HGDP
HGDP01354 AV_HG00673#haplotype2#0001165:24014011_24421797$HG02080#1#JAHEOW010000048.1_16689583_17097287_0	0.9561607603978853 HGDP
HGDP01354 HG01891#1#JAGYVO010000014.1_22855818_23168577_1$HG02809.verkko_filt_mat.fa:haplotype1_0000023_94161320_94589755_0	0.9561556335763850 HGDP
HGDP01354 HG03579#1#JAGYVU010000029.1_91404_499180_0$HG02300.verkko_filt_mat.fa:haplotype1_0000028_144052837_144460586_1	0.9561535494230408 HGDP
HGDP01354 HG02080#1#JAHEOW010000048.1_16689583_17097287_0$HG02071.verkko_filt_mat.fa:haplotype1_0000041_103610513_104018399_0	0.9561508517700298 HGDP
HGDP01354 HG02145#2#JAHKSF010000206.1_1005292_1413195_1$HG03516#2#JAGYYS010000004.1_24452130_24859892_1	0.9561507322861025 HGDP
HGDP01354 HG02293.verkko_filt_mat.fa:haplotype1_0000039_30204405_30517145_1$HG02647.verkko_filt_mat.fa:haplotype1_0000002_103892584_104321036_0	0.9561498000178987 HGDP
HGDP01354 AV_HG01361#haplotype1#0000023:101593539_102001341$HG03516#1#JAGYYT010000012.1_24170958_24578778_1	0.9561473576115397 HGDP
HGDP01354 HG02486#1#JAGYVM010000007.1_28868414_29370339_1$HG01891#1#JAGYVO010000014.1_22855818_23168577_1	0.9561454655622781 HGDP
HGDP01354 NA19240#1#JAHEOM010000047.1_30103390_30511199_1$HG02300.verkko_filt_mat.fa:haplotype1_0000028_144052837_144460586_1	0.9561438665071820 HGDP
HGDP01354 HG03098#1#JAHEPM010000059.1_16676208_17105596_0$HG01891#1#JAGYVO010000014.1_22855818_23168577_1	0.9561408972073341 HGDP
HGDP01354 HG02559#1#JAGYVK010000012.1_51505852_51913611_0$HG01099.verkko_filt_mat.fa:haplotype1_0000034_142513097_142920876_1	0.9561334570024995 HGDP
HGDP01354 HG02109#1#JAHEPG010000026.1_16673035_17080816_0$NA19240#1#JAHEOM010000047.1_30103390_30511199_1	0.9561307112097511 HGDP
HGDP01354 HG03516#1#JAGYYT010000012.1_24170958_24578778_1$HG03927.verkko_filt_mat.fa:haplotype1_0000009_134765170_135173010_1	0.9561259610406838 HGDP
HGDP01354 HG02886#1#JAHAOU010000178.1_62411_469262_0$HG01978#2#JAGYVR010000007.1_51532241_51939176_0	0.9561144612280471 HGDP
HGDP01354 HG02486#1#JAGYVM010000007.1_28868414_29370339_1$HG02109#2#JAHEPF010000078.1_16678387_16991144_0	0.9561108958339561 HGDP
HGDP01354 HG02080#1#JAHEOW010000048.1_16689583_17097287_0$HG01358#1#JAGYZB010000020.1_27445742_27855492_1	0.9561068801646470 HGDP
HGDP01354 HG02818#2#JAHEOR010000010.1_31775319_32183091_1$HG02300.verkko_filt_mat.fa:haplotype1_0000028_144052837_144460586_1	0.9561058754241657 HGDP
HGDP01354 AV_HG00673#haplotype2#0001165:24014011_24421797$HG02559#1#JAGYVK010000012.1_51505852_51913611_0	0.9561055622377649 HGDP
HGDP01354 HG03710.verkko_filt_mat.fa:haplotype1_0000029_102593394_102907063_0$HG02647.verkko_filt_mat.fa:haplotype1_0000002_103892584_104321036_0	0.9561000071566131 HGDP
HGDP01354 HG02109#1#JAHEPG010000026.1_16673035_17080816_0$HG02071.verkko_filt_mat.fa:haplotype1_0000041_103610513_104018399_0	0.9560994901781626 HGDP
HGDP01354 AV_HG01361#haplotype1#0000023:101593539_102001341$HG01099.verkko_filt_mat.fa:haplotype1_0000034_142513097_142920876_1	0.9560975921805881 HGDP
HGDP01354 HG02080#1#JAHEOW010000048.1_16689583_17097287_0$chr1_hg38_103456064_103863972_0	0.9560966019187731 HGDP
HGDP01354 HG02080#1#JAHEOW010000048.1_16689583_17097287_0$chr1_hg19_103998686_104406594_0	0.9560966019187731 HGDP
HGDP01354 HG02559#1#JAGYVK010000012.1_51505852_51913611_0$HG02886#1#JAHAOU010000178.1_62411_469262_0	0.9560939800670291 HGDP
HGDP01354 HG02486#2#JAGYVL010000029.1_94163344_94570162_0$HG02004.verkko_filt_mat.fa:haplotype1_0000022_97828542_98235483_0	0.9560882431285178 HGDP
HGDP01354 AV_HG02257#haplotype2#0001152:102843493_103251377$HG03516#2#JAGYYS010000004.1_24452130_24859892_1	0.9560868894411217 HGDP
HGDP01354 NA18906#1#JAHEOO010000054.1_2103477_2510435_1$HG02486#2#JAGYVL010000029.1_94163344_94570162_0	0.9560853551193694 HGDP
HGDP01354 HG02109#2#JAHEPF010000078.1_16678387_16991144_0$HG01099.verkko_filt_pat.fa:haplotype2_0000583_143544270_144046196_1	0.9560850888520522 HGDP
HGDP01354 HG01109#1#JAHEPA010000099.1_2104245_2511104_1$HG02818#1#JAHEOS010000101.1_89626_496613_0	0.9560839292152979 HGDP
HGDP01354 HG02486#2#JAGYVL010000029.1_94163344_94570162_0$HG02300.verkko_filt_pat.fa:haplotype2_0000620_143362344_143769323_1	0.9560737631167182 HGDP
HGDP01354 AV_HG02148#haplotype2#0002863:16304803_16712699$HG02109#1#JAHEPG010000026.1_16673035_17080816_0	0.9560724681926490 HGDP
HGDP01354 HG01109#1#JAHEPA010000099.1_2104245_2511104_1$HG02630#2#JAHAOP010000089.1_16669255_17076135_0	0.9560672369631944 HGDP
HGDP01354 AV_HG00673#haplotype2#0001165:24014011_24421797$HG02818#2#JAHEOR010000010.1_31775319_32183091_1	0.9560658671151804 HGDP
HGDP01354 HG02080#1#JAHEOW010000048.1_16689583_17097287_0$HG00621#2#JAHBCC010000031.1_16669999_17077865_0	0.9560631217600277 HGDP
HGDP01354 HG01109#1#JAHEPA010000099.1_2104245_2511104_1$NA18906#1#JAHEOO010000054.1_2103477_2510435_1	0.9560627368007357 HGDP
HGDP01354 HG03516#2#JAGYYS010000004.1_24452130_24859892_1$HG01099.verkko_filt_mat.fa:haplotype1_0000034_142513097_142920876_1	0.9560624660574063 HGDP
HGDP01354 HG03516#2#JAGYYS010000004.1_24452130_24859892_1$HG02486#2#JAGYVL010000029.1_94163344_94570162_0	0.9560548868910641 HGDP
HGDP01354 HG02886#1#JAHAOU010000178.1_62411_469262_0$HG02818#1#JAHEOS010000101.1_89626_496613_0	0.9560542657011968 HGDP
HGDP01354 NA19240#1#JAHEOM010000047.1_30103390_30511199_1$HG02486#2#JAGYVL010000029.1_94163344_94570162_0	0.9560525729220679 HGDP
HGDP01354 AV_HG00673#haplotype2#0001165:24014011_24421797$HG03516#2#JAGYYS010000004.1_24452130_24859892_1	0.9560503541151296 HGDP
HGDP01354 HG03453#2#JAGYVV010000088.1_22597550_23005370_1$HG02109#1#JAHEPG010000026.1_16673035_17080816_0	0.9560444317988376 HGDP
HGDP01354 AV_HG02148#haplotype2#0002863:16304803_16712699$HG02300.verkko_filt_mat.fa:haplotype1_0000028_144052837_144460586_1	0.9560388456162279 HGDP
HGDP01354 HG01123#2#JAGYYY010000006.1_51579630_51892388_0$HG02055#2#JAHEPJ010000017.1_24870122_25298560_1	0.9560343482659985 HGDP
HGDP01354 HG02630#1#JAHAOQ010000102.1_16672145_17079089_0$NA19240#1#JAHEOM010000047.1_30103390_30511199_1	0.9560259379843947 HGDP
HGDP01354 HG02622#1#JAHAOO010000002.1_16673678_17080663_0$HG02486#2#JAGYVL010000029.1_94163344_94570162_0	0.9560247508664783 HGDP
HGDP01354 AV_HG02257#haplotype2#0001152:102843493_103251377$HG02559#1#JAGYVK010000012.1_51505852_51913611_0	0.9560229175160975 HGDP
HGDP01354 AV_HG00673#haplotype2#0001165:24014011_24421797$NA19240#2#JAHEOL010000010.1_37445323_37853017_0	0.9560217399651166 HGDP
HGDP01354 HG01123#2#JAGYYY010000006.1_51579630_51892388_0$HG03540#1#JAGYVY010000208.1_95187_596142_0	0.9560200947200943 HGDP
HGDP01354 AV_HG01175#haplotype1#0000070:46006269_46414083$HG02080#1#JAHEOW010000048.1_16689583_17097287_0	0.9560174090355890 HGDP
HGDP01354 HG02300.verkko_filt_mat.fa:haplotype1_0000028_144052837_144460586_1$HG002.verkko_filt_mat.fa:haplotype1_0000005_138228497_138636354_1	0.9560149987720884 HGDP
HGDP01354 HG02145#2#JAHKSF010000206.1_1005292_1413195_1$HG03579#1#JAGYVU010000029.1_91404_499180_0	0.9560074283064012 HGDP
HGDP01354 HG01358#1#JAGYZB010000020.1_27445742_27855492_1$HG02300.verkko_filt_mat.fa:haplotype1_0000028_144052837_144460586_1	0.9560067485712002 HGDP
HGDP01354 HG01258#1#JAGYYV010000004.1_56955948_57456952_1$HG02293.verkko_filt_mat.fa:haplotype1_0000039_30204405_30517145_1	0.9560065657299733 HGDP
HGDP01354 HG03098#2#JAHEPL010000003.1_93803759_94117426_0$HG02647.verkko_filt_mat.fa:haplotype1_0000002_103892584_104321036_0	0.9560030016609656 HGDP
HGDP01354 HG02071.verkko_filt_mat.fa:haplotype1_0000041_103610513_104018399_0$HG02300.verkko_filt_mat.fa:haplotype1_0000028_144052837_144460586_1	0.9560026605000935 HGDP
HGDP01354 HG02080#1#JAHEOW010000048.1_16689583_17097287_0$HG03486#1#JAHEOQ010000123.1_16677696_17085575_0	0.9560021308780302 HGDP
HGDP01354 HG03579#1#JAGYVU010000029.1_91404_499180_0$HG01099.verkko_filt_mat.fa:haplotype1_0000034_142513097_142920876_1	0.9559986008252424 HGDP
HGDP01354 NA19240#1#JAHEOM010000047.1_30103390_30511199_1$HG01099.verkko_filt_mat.fa:haplotype1_0000034_142513097_142920876_1	0.9559891753380727 HGDP
HGDP01354 AV_HG02257#haplotype2#0001152:102843493_103251377$HG03579#1#JAGYVU010000029.1_91404_499180_0	0.9559831890730341 HGDP
HGDP01354 HG01978#1#JAGYVS010000002.1_51519970_52021951_0$HG02647.verkko_filt_pat.fa:haplotype2_0000857_103738150_104051769_0	0.9559803989225054 HGDP
HGDP01354 AV_HG01361#haplotype1#0000023:101593539_102001341$HG02818#2#JAHEOR010000010.1_31775319_32183091_1	0.9559729639268774 HGDP
HGDP01354 HG02886#1#JAHAOU010000178.1_62411_469262_0$HG02004.verkko_filt_mat.fa:haplotype1_0000022_97828542_98235483_0	0.9559688145017474 HGDP
HGDP01354 HG02717#1#JAHAOS010000015.1_16660311_17067250_0$HG02486#2#JAGYVL010000029.1_94163344_94570162_0	0.9559679384831868 HGDP
HGDP01354 HG02818#2#JAHEOR010000010.1_31775319_32183091_1$HG02145#2#JAHKSF010000206.1_1005292_1413195_1	0.9559675664548563 HGDP
HGDP01354 HG02886#1#JAHAOU010000178.1_62411_469262_0$HG03516#2#JAGYYS010000004.1_24452130_24859892_1	0.9559675253559289 HGDP
HGDP01354 AV_HG01361#haplotype1#0000023:101593539_102001341$HG03516#2#JAGYYS010000004.1_24452130_24859892_1	0.9559654469895280 HGDP
HGDP01354 AV_HG01361#haplotype1#0000023:101593539_102001341$HG02559#1#JAGYVK010000012.1_51505852_51913611_0	0.9559652130153602 HGDP
HGDP01354 HG02080#1#JAHEOW010000048.1_16689583_17097287_0$HG01978#2#JAGYVR010000007.1_51532241_51939176_0	0.9559648945548292 HGDP
HGDP01354 HG03579#2#JAGYVT010000094.1_51581892_51895531_0$HG01978#1#JAGYVS010000002.1_51519970_52021951_0	0.9559643331754836 HGDP
HGDP01354 HG01099.verkko_filt_mat.fa:haplotype1_0000034_142513097_142920876_1$HG02300.verkko_filt_mat.fa:haplotype1_0000028_144052837_144460586_1	0.9559615074120529 HGDP
HGDP01354 HG02080#1#JAHEOW010000048.1_16689583_17097287_0$HG005#2#JAHEPN010000023.1_51542210_51950070_0	0.9559613097404323 HGDP
HGDP01354 HG01258#1#JAGYYV010000004.1_56955948_57456952_1$HG00733#1#JAHEPQ010000019.1_46106835_46420495_0	0.9559593465850175 HGDP
HGDP01354 HG02886#2#JAHAOT010000031.1_87393_401061_0$HG02486#1#JAGYVM010000007.1_28868414_29370339_1	0.9559579913786762 HGDP
HGDP01354 HG02886#1#JAHAOU010000178.1_62411_469262_0$NA18906#1#JAHEOO010000054.1_2103477_2510435_1	0.9559577538495189 HGDP
HGDP01354 HG02818#2#JAHEOR010000010.1_31775319_32183091_1$HG02630#1#JAHAOQ010000102.1_16672145_17079089_0	0.9559560863678808 HGDP
HGDP01354 HG02818#2#JAHEOR010000010.1_31775319_32183091_1$HG01099.verkko_filt_mat.fa:haplotype1_0000034_142513097_142920876_1	0.9559512118088263 HGDP
HGDP01354 HG01928#1#JAGYVQ010000053.1_16676493_17083407_0$HG02109#1#JAHEPG010000026.1_16673035_17080816_0	0.9559510335760971 HGDP
HGDP01354 HG00733#1#JAHEPQ010000019.1_46106835_46420495_0$HG02647.verkko_filt_mat.fa:haplotype1_0000002_103892584_104321036_0	0.9559506629105718 HGDP
HGDP01354 HG02109#1#JAHEPG010000026.1_16673035_17080816_0$HG005#2#JAHEPN010000023.1_51542210_51950070_0	0.9559500718669702 HGDP
HGDP01354 HG02109#1#JAHEPG010000026.1_16673035_17080816_0$HG01978#2#JAGYVR010000007.1_51532241_51939176_0	0.9559453931961599 HGDP
HGDP01354 HG02717#1#JAHAOS010000015.1_16660311_17067250_0$HG02886#1#JAHAOU010000178.1_62411_469262_0	0.9559437248848360 HGDP
HGDP01354 HG01109#1#JAHEPA010000099.1_2104245_2511104_1$HG002.verkko_filt_mat.fa:haplotype1_0000005_138228497_138636354_1	0.9559423866150470 HGDP
HGDP01354 HG03516#2#JAGYYS010000004.1_24452130_24859892_1$NA19240#2#JAHEOL010000010.1_37445323_37853017_0	0.9559405672337826 HGDP
HGDP01354 HG02080#1#JAHEOW010000048.1_16689583_17097287_0$HG01928#1#JAGYVQ010000053.1_16676493_17083407_0	0.9559385521485257 HGDP
HGDP01354 AV_HG00673#haplotype2#0001165:24014011_24421797$AV_HG01361#haplotype1#0000023:101593539_102001341	0.9559354052859516 HGDP
HGDP01354 chr1_hg38_103456064_103863972_0$HG02300.verkko_filt_mat.fa:haplotype1_0000028_144052837_144460586_1	0.9559325226799388 HGDP
HGDP01354 chr1_hg19_103998686_104406594_0$HG02300.verkko_filt_mat.fa:haplotype1_0000028_144052837_144460586_1	0.9559325226799388 HGDP
HGDP01354 NA18906#2#JAHEON010000009.1_93748295_94249275_0$HG02293.verkko_filt_mat.fa:haplotype1_0000039_30204405_30517145_1	0.9559294832230846 HGDP
HGDP01354 HG02818#2#JAHEOR010000010.1_31775319_32183091_1$HG02486#2#JAGYVL010000029.1_94163344_94570162_0	0.9559275252426350 HGDP
HGDP01354 HG02886#1#JAHAOU010000178.1_62411_469262_0$NA19240#1#JAHEOM010000047.1_30103390_30511199_1	0.9559259152196674 HGDP
HGDP01354 HG01978#1#JAGYVS010000002.1_51519970_52021951_0$HG02109#2#JAHEPF010000078.1_16678387_16991144_0	0.9559210787282920 HGDP
HGDP01354 HG02559#1#JAGYVK010000012.1_51505852_51913611_0$NA18906#1#JAHEOO010000054.1_2103477_2510435_1	0.9559206500554011 HGDP
HGDP01354 HG03098#2#JAHEPL010000003.1_93803759_94117426_0$HG02055#2#JAHEPJ010000017.1_24870122_25298560_1	0.9559202506292910 HGDP
HGDP01354 HG02886#1#JAHAOU010000178.1_62411_469262_0$HG02300.verkko_filt_pat.fa:haplotype2_0000620_143362344_143769323_1	0.9559141471458191 HGDP
HGDP01354 AV_HG01175#haplotype1#0000070:46006269_46414083$HG01099.verkko_filt_mat.fa:haplotype1_0000034_142513097_142920876_1	0.9559124303421312 HGDP
HGDP01354 HG00621#2#JAHBCC010000031.1_16669999_17077865_0$HG02109#1#JAHEPG010000026.1_16673035_17080816_0	0.9559088697207395 HGDP
HGDP01354 HG02080#1#JAHEOW010000048.1_16689583_17097287_0$HG02004.verkko_filt_mat.fa:haplotype1_0000022_97828542_98235483_0	0.9559068954412276 HGDP
HGDP01354 HG02109#1#JAHEPG010000026.1_16673035_17080816_0$HG02004.verkko_filt_mat.fa:haplotype1_0000022_97828542_98235483_0	0.9559035331986546 HGDP
HGDP01354 HG02080#1#JAHEOW010000048.1_16689583_17097287_0$HG02300.verkko_filt_pat.fa:haplotype2_0000620_143362344_143769323_1	0.9558995637562407 HGDP
HGDP01354 HG02717#1#JAHAOS010000015.1_16660311_17067250_0$HG03516#2#JAGYYS010000004.1_24452130_24859892_1	0.9558995207081989 HGDP
HGDP01354 HG02886#1#JAHAOU010000178.1_62411_469262_0$HG02622#1#JAHAOO010000002.1_16673678_17080663_0	0.9558983191376489 HGDP
HGDP01354 AV_HG01175#haplotype1#0000070:46006269_46414083$AV_HG01361#haplotype1#0000023:101593539_102001341	0.9558946406219063 HGDP
HGDP01354 HG00438#2#JAHBCA010000012.1_51513023_51826723_0$HG02055#2#JAHEPJ010000017.1_24870122_25298560_1	0.9558945227840989 HGDP
HGDP01354 HG02559#1#JAGYVK010000012.1_51505852_51913611_0$NA19240#2#JAHEOL010000010.1_37445323_37853017_0	0.9558931012461573 HGDP
HGDP01354 AV_HG02148#haplotype2#0002863:16304803_16712699$HG01099.verkko_filt_mat.fa:haplotype1_0000034_142513097_142920876_1	0.9558916211389683 HGDP
HGDP01354 HG03516#2#JAGYYS010000004.1_24452130_24859892_1$HG02818#1#JAHEOS010000101.1_89626_496613_0	0.9558904886349885 HGDP
HGDP01354 NA19240#1#JAHEOM010000047.1_30103390_30511199_1$NA19240#2#JAHEOL010000010.1_37445323_37853017_0	0.9558838050927234 HGDP
HGDP01354 HG02559#1#JAGYVK010000012.1_51505852_51913611_0$HG02717#1#JAHAOS010000015.1_16660311_17067250_0	0.9558748098812538 HGDP
HGDP01354 NA18906#1#JAHEOO010000054.1_2103477_2510435_1$HG03516#2#JAGYYS010000004.1_24452130_24859892_1	0.9558738131698501 HGDP
HGDP01354 HG02071.verkko_filt_mat.fa:haplotype1_0000041_103610513_104018399_0$HG01099.verkko_filt_mat.fa:haplotype1_0000034_142513097_142920876_1	0.9558711301403062 HGDP
HGDP01354 HG00438#2#JAHBCA010000012.1_51513023_51826723_0$NA18906#2#JAHEON010000009.1_93748295_94249275_0	0.9558705029762304 HGDP
HGDP01354 HG02818#2#JAHEOR010000010.1_31775319_32183091_1$NA19240#2#JAHEOL010000010.1_37445323_37853017_0	0.9558695985161647 HGDP
HGDP01354 HG01099.verkko_filt_mat.fa:haplotype1_0000034_142513097_142920876_1$HG002.verkko_filt_mat.fa:haplotype1_0000005_138228497_138636354_1	0.9558675797630806 HGDP
HGDP01354 HG01109#1#JAHEPA010000099.1_2104245_2511104_1$HG02717#1#JAHAOS010000015.1_16660311_17067250_0	0.9558672389203445 HGDP
HGDP01354 HG02080#1#JAHEOW010000048.1_16689583_17097287_0$HG03453#2#JAGYVV010000088.1_22597550_23005370_1	0.9558653947545830 HGDP
HGDP01354 HG02486#2#JAGYVL010000029.1_94163344_94570162_0$HG03579#1#JAGYVU010000029.1_91404_499180_0	0.9558641796585928 HGDP
HGDP01354 HG00621#2#JAHBCC010000031.1_16669999_17077865_0$HG02300.verkko_filt_mat.fa:haplotype1_0000028_144052837_144460586_1	0.9558594065400351 HGDP
HGDP01354 HG02559#1#JAGYVK010000012.1_51505852_51913611_0$HG02818#1#JAHEOS010000101.1_89626_496613_0	0.9558583956023112 HGDP
HGDP01354 NA18906#2#JAHEON010000009.1_93748295_94249275_0$HG00733#1#JAHEPQ010000019.1_46106835_46420495_0	0.9558576738828602 HGDP
HGDP01354 HG02886#1#JAHAOU010000178.1_62411_469262_0$HG03579#1#JAGYVU010000029.1_91404_499180_0	0.9558561453690944 HGDP
HGDP01354 HG03486#1#JAHEOQ010000123.1_16677696_17085575_0$HG02300.verkko_filt_mat.fa:haplotype1_0000028_144052837_144460586_1	0.9558540078424539 HGDP
HGDP01354 NA19240#2#JAHEOL010000010.1_37445323_37853017_0$HG002.verkko_filt_mat.fa:haplotype1_0000005_138228497_138636354_1	0.9558480552384678 HGDP
HGDP01354 HG005#2#JAHEPN010000023.1_51542210_51950070_0$HG02300.verkko_filt_mat.fa:haplotype1_0000028_144052837_144460586_1	0.9558370159736691 HGDP
HGDP01354 HG01123#2#JAGYYY010000006.1_51579630_51892388_0$HG03098#1#JAHEPM010000059.1_16676208_17105596_0	0.9558318477531077 HGDP
HGDP01354 HG02818#2#JAHEOR010000010.1_31775319_32183091_1$HG02886#1#JAHAOU010000178.1_62411_469262_0	0.9558246824616657 HGDP
HGDP01354 AV_HG02257#haplotype2#0001152:102843493_103251377$HG02818#2#JAHEOR010000010.1_31775319_32183091_1	0.9558244024026147 HGDP
HGDP01354 HG01123#2#JAGYYY010000006.1_51579630_51892388_0$HG02809.verkko_filt_mat.fa:haplotype1_0000023_94161320_94589755_0	0.9558220516701478 HGDP
HGDP01354 AV_HG01175#haplotype1#0000070:46006269_46414083$HG02300.verkko_filt_mat.fa:haplotype1_0000028_144052837_144460586_1	0.9558216526053110 HGDP
HGDP01354 HG02145#2#JAHKSF010000206.1_1005292_1413195_1$NA19240#1#JAHEOM010000047.1_30103390_30511199_1	0.9558156124542593 HGDP
HGDP01354 AV_HG02257#haplotype2#0001152:102843493_103251377$NA19240#1#JAHEOM010000047.1_30103390_30511199_1	0.9558149090336430 HGDP
HGDP01354 HG02109#2#JAHEPF010000078.1_16678387_16991144_0$HG02647.verkko_filt_mat.fa:haplotype1_0000002_103892584_104321036_0	0.9558133395500733 HGDP
HGDP01354 HG02818#1#JAHEOS010000101.1_89626_496613_0$HG03579#1#JAGYVU010000029.1_91404_499180_0	0.9558106810125970 HGDP
HGDP01354 AV_HG00673#haplotype2#0001165:24014011_24421797$HG03516#1#JAGYYT010000012.1_24170958_24578778_1	0.9558071232161223 HGDP
HGDP01354 HG01928#1#JAGYVQ010000053.1_16676493_17083407_0$HG02300.verkko_filt_mat.fa:haplotype1_0000028_144052837_144460586_1	0.9558063116010365 HGDP
HGDP01354 AV_HG01361#haplotype1#0000023:101593539_102001341$NA19240#1#JAHEOM010000047.1_30103390_30511199_1	0.9558053251146666 HGDP
HGDP01354 AV_HG01361#haplotype1#0000023:101593539_102001341$HG002.verkko_filt_mat.fa:haplotype1_0000005_138228497_138636354_1	0.9558021577376503 HGDP
HGDP01354 HG01358#1#JAGYZB010000020.1_27445742_27855492_1$HG01099.verkko_filt_mat.fa:haplotype1_0000034_142513097_142920876_1	0.9557996330998432 HGDP
HGDP01354 NA18906#2#JAHEON010000009.1_93748295_94249275_0$HG01891#1#JAGYVO010000014.1_22855818_23168577_1	0.9557988368431450 HGDP
HGDP01354 NA18906#1#JAHEOO010000054.1_2103477_2510435_1$HG03579#1#JAGYVU010000029.1_91404_499180_0	0.9557936224641163 HGDP
HGDP01354 chr1_hg38_103456064_103863972_0$HG01099.verkko_filt_mat.fa:haplotype1_0000034_142513097_142920876_1	0.9557930674696544 HGDP
HGDP01354 chr1_hg19_103998686_104406594_0$HG01099.verkko_filt_mat.fa:haplotype1_0000034_142513097_142920876_1	0.9557930674696544 HGDP
HGDP01354 AV_HG00673#haplotype2#0001165:24014011_24421797$HG03579#1#JAGYVU010000029.1_91404_499180_0	0.9557887033628514 HGDP
HGDP01354 HG03540#1#JAGYVY010000208.1_95187_596142_0$HG01891#1#JAGYVO010000014.1_22855818_23168577_1	0.9557865878733462 HGDP
HGDP01354 HG01928#1#JAGYVQ010000053.1_16676493_17083407_0$HG01099.verkko_filt_mat.fa:haplotype1_0000034_142513097_142920876_1	0.9557701539095151 HGDP
HGDP01354 AV_HG01361#haplotype1#0000023:101593539_102001341$chr1_hg38_103456064_103863972_0	0.9557673373613362 HGDP
HGDP01354 AV_HG01361#haplotype1#0000023:101593539_102001341$chr1_hg19_103998686_104406594_0	0.9557673373613362 HGDP
HGDP01354 AV_HG01361#haplotype1#0000023:101593539_102001341$HG03579#1#JAGYVU010000029.1_91404_499180_0	0.9557670183177660 HGDP
HGDP01354 AV_HG00673#haplotype2#0001165:24014011_24421797$NA19240#1#JAHEOM010000047.1_30103390_30511199_1	0.9557639524531029 HGDP
HGDP01354 AV_HG02148#haplotype2#0002863:16304803_16712699$NA19240#2#JAHEOL010000010.1_37445323_37853017_0	0.9557615460969221 HGDP
HGDP01354 HG01978#2#JAGYVR010000007.1_51532241_51939176_0$HG02300.verkko_filt_mat.fa:haplotype1_0000028_144052837_144460586_1	0.9557611305598143 HGDP
HGDP01354 HG02717#1#JAHAOS010000015.1_16660311_17067250_0$HG03579#1#JAGYVU010000029.1_91404_499180_0	0.9557477814589587 HGDP
HGDP01354 HG01109#1#JAHEPA010000099.1_2104245_2511104_1$chr1_hg38_103456064_103863972_0	0.9557418252954968 HGDP
HGDP01354 HG01109#1#JAHEPA010000099.1_2104245_2511104_1$chr1_hg19_103998686_104406594_0	0.9557418252954968 HGDP
HGDP01354 AV_HG01361#haplotype1#0000023:101593539_102001341$HG01358#1#JAGYZB010000020.1_27445742_27855492_1	0.9557271623382223 HGDP
HGDP01354 AV_HG01361#haplotype1#0000023:101593539_102001341$HG02071.verkko_filt_mat.fa:haplotype1_0000041_103610513_104018399_0	0.9557263394097700 HGDP
HGDP01354 HG01978#1#JAGYVS010000002.1_51519970_52021951_0$HG01891#1#JAGYVO010000014.1_22855818_23168577_1	0.9557263093940280 HGDP
HGDP01354 HG01358#1#JAGYZB010000020.1_27445742_27855492_1$NA19240#2#JAHEOL010000010.1_37445323_37853017_0	0.9557224272399720 HGDP
HGDP01354 NA18906#1#JAHEOO010000054.1_2103477_2510435_1$NA19240#1#JAHEOM010000047.1_30103390_30511199_1	0.9557194414185400 HGDP
HGDP01354 AV_HG00673#haplotype2#0001165:24014011_24421797$AV_HG01175#haplotype1#0000070:46006269_46414083	0.9557177308705428 HGDP
HGDP01354 HG03486#1#JAHEOQ010000123.1_16677696_17085575_0$HG02109#1#JAHEPG010000026.1_16673035_17080816_0	0.9557133934611157 HGDP
HGDP01354 HG01071#1#JAHBCF010000053.1_26607100_27108065_1$HG02293.verkko_filt_mat.fa:haplotype1_0000039_30204405_30517145_1	0.9557115197495636 HGDP
HGDP01354 HG02055#2#JAHEPJ010000017.1_24870122_25298560_1$HG02109#2#JAHEPF010000078.1_16678387_16991144_0	0.9557079222384660 HGDP
HGDP01354 AV_HG01361#haplotype1#0000023:101593539_102001341$AV_HG02148#haplotype2#0002863:16304803_16712699	0.9557073382236501 HGDP
HGDP01354 AV_HG01175#haplotype1#0000070:46006269_46414083$HG01109#1#JAHEPA010000099.1_2104245_2511104_1	0.9557035150497429 HGDP
HGDP01354 HG03516#1#JAGYYT010000012.1_24170958_24578778_1$HG03516#2#JAGYYS010000004.1_24452130_24859892_1	0.9557008887284508 HGDP
HGDP01354 HG02630#2#JAHAOP010000089.1_16669255_17076135_0$HG02486#2#JAGYVL010000029.1_94163344_94570162_0	0.9556995975057405 HGDP
HGDP01354 HG03579#1#JAGYVU010000029.1_91404_499180_0$NA19240#2#JAHEOL010000010.1_37445323_37853017_0	0.9556950260994036 HGDP
HGDP01354 HG02622#1#JAHAOO010000002.1_16673678_17080663_0$HG03516#2#JAGYYS010000004.1_24452130_24859892_1	0.9556946058269606 HGDP
HGDP01354 HG03486#1#JAHEOQ010000123.1_16677696_17085575_0$HG01099.verkko_filt_mat.fa:haplotype1_0000034_142513097_142920876_1	0.9556909368415196 HGDP
HGDP01354 chr1_hg38_103456064_103863972_0$NA19240#2#JAHEOL010000010.1_37445323_37853017_0	0.9556863923307817 HGDP
HGDP01354 chr1_hg19_103998686_104406594_0$NA19240#2#JAHEOL010000010.1_37445323_37853017_0	0.9556863923307817 HGDP
HGDP01354 HG03098#2#JAHEPL010000003.1_93803759_94117426_0$HG02809.verkko_filt_mat.fa:haplotype1_0000023_94161320_94589755_0	0.9556847423875915 HGDP
HGDP01354 HG005#2#JAHEPN010000023.1_51542210_51950070_0$HG01099.verkko_filt_mat.fa:haplotype1_0000034_142513097_142920876_1	0.9556819694807496 HGDP
HGDP01354 HG02300.verkko_filt_mat.fa:haplotype1_0000028_144052837_144460586_1$HG02300.verkko_filt_pat.fa:haplotype2_0000620_143362344_143769323_1	0.9556797686631974 HGDP
HGDP01354 HG02004.verkko_filt_mat.fa:haplotype1_0000022_97828542_98235483_0$HG02300.verkko_filt_mat.fa:haplotype1_0000028_144052837_144460586_1	0.9556794825497984 HGDP
HGDP01354 HG00438#2#JAHBCA010000012.1_51513023_51826723_0$HG01258#1#JAGYYV010000004.1_56955948_57456952_1	0.9556787124619697 HGDP
HGDP01354 HG02818#2#JAHEOR010000010.1_31775319_32183091_1$NA18906#1#JAHEOO010000054.1_2103477_2510435_1	0.9556733807650425 HGDP
HGDP01354 HG02055#2#JAHEPJ010000017.1_24870122_25298560_1$HG03710.verkko_filt_mat.fa:haplotype1_0000029_102593394_102907063_0	0.9556694993799316 HGDP
HGDP01354 HG02818#2#JAHEOR010000010.1_31775319_32183091_1$HG02818#1#JAHEOS010000101.1_89626_496613_0	0.9556680810173624 HGDP
HGDP01354 HG02109#1#JAHEPG010000026.1_16673035_17080816_0$HG02300.verkko_filt_pat.fa:haplotype2_0000620_143362344_143769323_1	0.9556654640209123 HGDP
HGDP01354 NA19240#2#JAHEOL010000010.1_37445323_37853017_0$HG02071.verkko_filt_mat.fa:haplotype1_0000041_103610513_104018399_0	0.9556613575642443 HGDP
HGDP01354 HG00621#2#JAHBCC010000031.1_16669999_17077865_0$HG01099.verkko_filt_mat.fa:haplotype1_0000034_142513097_142920876_1	0.9556566198029177 HGDP
HGDP01354 HG03453#2#JAGYVV010000088.1_22597550_23005370_1$HG02300.verkko_filt_mat.fa:haplotype1_0000028_144052837_144460586_1	0.9556540114821226 HGDP
HGDP01354 HG02055#2#JAHEPJ010000017.1_24870122_25298560_1$HG02293.verkko_filt_mat.fa:haplotype1_0000039_30204405_30517145_1	0.9556450639640275 HGDP
HGDP01354 HG02723#1#JAHEOU010000204.1_2102082_2414876_1$HG02647.verkko_filt_mat.fa:haplotype1_0000002_103892584_104321036_0	0.9556418788486294 HGDP
HGDP01354 AV_HG00673#haplotype2#0001165:24014011_24421797$HG002.verkko_filt_mat.fa:haplotype1_0000005_138228497_138636354_1	0.9556410714406824 HGDP
HGDP01354 HG02559#1#JAGYVK010000012.1_51505852_51913611_0$HG03516#1#JAGYYT010000012.1_24170958_24578778_1	0.9556383949764468 HGDP
HGDP01354 HG00621#2#JAHBCC010000031.1_16669999_17077865_0$NA19240#2#JAHEOL010000010.1_37445323_37853017_0	0.9556374537473715 HGDP
HGDP01354 NA19240#1#JAHEOM010000047.1_30103390_30511199_1$HG02818#1#JAHEOS010000101.1_89626_496613_0	0.9556348519862465 HGDP
HGDP01354 HG03540#1#JAGYVY010000208.1_95187_596142_0$HG02109#2#JAHEPF010000078.1_16678387_16991144_0	0.9556337057613558 HGDP
HGDP01354 AV_HG01361#haplotype1#0000023:101593539_102001341$HG005#2#JAHEPN010000023.1_51542210_51950070_0	0.9556324731130794 HGDP
HGDP01354 HG03098#2#JAHEPL010000003.1_93803759_94117426_0$HG03927.verkko_filt_pat.fa:haplotype2_0000800_29002142_29504057_1	0.9556312654057731 HGDP
HGDP01354 HG02886#2#JAHAOT010000031.1_87393_401061_0$HG03927.verkko_filt_pat.fa:haplotype2_0000800_29002142_29504057_1	0.9556288888239380 HGDP
HGDP01354 AV_HG01361#haplotype1#0000023:101593539_102001341$HG01978#2#JAGYVR010000007.1_51532241_51939176_0	0.9556277571261246 HGDP
HGDP01354 HG01109#1#JAHEPA010000099.1_2104245_2511104_1$HG02071.verkko_filt_mat.fa:haplotype1_0000041_103610513_104018399_0	0.9556223817937274 HGDP
HGDP01354 HG01978#2#JAGYVR010000007.1_51532241_51939176_0$HG01099.verkko_filt_mat.fa:haplotype1_0000034_142513097_142920876_1	0.9556217465061403 HGDP
HGDP01354 HG02717#1#JAHAOS010000015.1_16660311_17067250_0$NA19240#1#JAHEOM010000047.1_30103390_30511199_1	0.9556102344217288 HGDP
HGDP01354 AV_HG00673#haplotype2#0001165:24014011_24421797$HG01358#1#JAGYZB010000020.1_27445742_27855492_1	0.9556100187309292 HGDP
HGDP01354 AV_HG01361#haplotype1#0000023:101593539_102001341$HG01928#1#JAGYVQ010000053.1_16676493_17083407_0	0.9556096446911421 HGDP
HGDP01354 AV_HG01361#haplotype2#0001322:101872897_102186552$HG03098#1#JAHEPM010000059.1_16676208_17105596_0	0.9556087889045987 HGDP
HGDP01354 HG02886#2#JAHAOT010000031.1_87393_401061_0$HG03098#1#JAHEPM010000059.1_16676208_17105596_0	0.9556075476331118 HGDP
HGDP01354 HG03516#1#JAGYYT010000012.1_24170958_24578778_1$NA19240#2#JAHEOL010000010.1_37445323_37853017_0	0.9555966845783751 HGDP
HGDP01354 HG02818#2#JAHEOR010000010.1_31775319_32183091_1$HG02717#1#JAHAOS010000015.1_16660311_17067250_0	0.9555959325593720 HGDP
HGDP01354 HG01109#1#JAHEPA010000099.1_2104245_2511104_1$HG02622#1#JAHAOO010000002.1_16673678_17080663_0	0.9555948421131767 HGDP
HGDP01354 HG02559#1#JAGYVK010000012.1_51505852_51913611_0$HG02622#1#JAHAOO010000002.1_16673678_17080663_0	0.9555920537502773 HGDP
HGDP01354 HG02055#2#JAHEPJ010000017.1_24870122_25298560_1$HG00733#1#JAHEPQ010000019.1_46106835_46420495_0	0.9555892089123291 HGDP
HGDP01354 HG02723#1#JAHEOU010000204.1_2102082_2414876_1$NA18906#2#JAHEON010000009.1_93748295_94249275_0	0.9555888214096219 HGDP
HGDP01354 HG00438#2#JAHBCA010000012.1_51513023_51826723_0$HG02809.verkko_filt_mat.fa:haplotype1_0000023_94161320_94589755_0	0.9555856448732427 HGDP
HGDP01354 AV_HG00673#haplotype1#0000019:16627360_17129375$HG03579#2#JAGYVT010000094.1_51581892_51895531_0	0.9555848478364771 HGDP
HGDP01354 AV_HG01175#haplotype1#0000070:46006269_46414083$NA19240#2#JAHEOL010000010.1_37445323_37853017_0	0.9555839696929251 HGDP
HGDP01354 HG02630#2#JAHAOP010000089.1_16669255_17076135_0$HG02886#1#JAHAOU010000178.1_62411_469262_0	0.9555816893103752 HGDP
HGDP01354 AV_HG01361#haplotype1#0000023:101593539_102001341$HG02004.verkko_filt_mat.fa:haplotype1_0000022_97828542_98235483_0	0.9555779856718289 HGDP
HGDP01354 HG00621#2#JAHBCC010000031.1_16669999_17077865_0$HG01109#1#JAHEPA010000099.1_2104245_2511104_1	0.9555753261877348 HGDP
HGDP01354 AV_HG00673#haplotype1#0000019:16627360_17129375$HG02647.verkko_filt_pat.fa:haplotype2_0000857_103738150_104051769_0	0.9555689059131821 HGDP
HGDP01354 HG03098#1#JAHEPM010000059.1_16676208_17105596_0$HG02109#2#JAHEPF010000078.1_16678387_16991144_0	0.9555418673951913 HGDP
HGDP01354 AV_HG00673#haplotype2#0001165:24014011_24421797$HG02071.verkko_filt_mat.fa:haplotype1_0000041_103610513_104018399_0	0.9555415627666275 HGDP
HGDP01354 HG02004.verkko_filt_mat.fa:haplotype1_0000022_97828542_98235483_0$HG01099.verkko_filt_mat.fa:haplotype1_0000034_142513097_142920876_1	0.9555403008091563 HGDP
HGDP01354 AV_HG01175#haplotype1#0000070:46006269_46414083$HG02630#2#JAHAOP010000089.1_16669255_17076135_0	0.9555333811353069 HGDP
HGDP01354 HG03486#1#JAHEOQ010000123.1_16677696_17085575_0$NA19240#2#JAHEOL010000010.1_37445323_37853017_0	0.9555292889116772 HGDP
HGDP01354 HG02818#2#JAHEOR010000010.1_31775319_32183091_1$HG03516#1#JAGYYT010000012.1_24170958_24578778_1	0.9555292680940194 HGDP
HGDP01354 HG005#2#JAHEPN010000023.1_51542210_51950070_0$NA19240#2#JAHEOL010000010.1_37445323_37853017_0	0.9555284514832326 HGDP
HGDP01354 HG02559#2#JAGYVJ010000037.1_52167780_52574597_1$HG01358#1#JAGYZB010000020.1_27445742_27855492_1	0.9555278136496650 HGDP
HGDP01354 HG03579#2#JAGYVT010000094.1_51581892_51895531_0$HG02080#2#JAHEOV010000017.1_16662177_17164189_0	0.9555244021817163 HGDP
HGDP01354 HG02080#2#JAHEOV010000017.1_16662177_17164189_0$HG02647.verkko_filt_pat.fa:haplotype2_0000857_103738150_104051769_0	0.9555242990647697 HGDP
HGDP01354 HG01978#2#JAGYVR010000007.1_51532241_51939176_0$NA19240#2#JAHEOL010000010.1_37445323_37853017_0	0.9555231949647505 HGDP
HGDP01354 AV_HG01361#haplotype1#0000023:101593539_102001341$HG03453#2#JAGYVV010000088.1_22597550_23005370_1	0.9555209806630992 HGDP
HGDP01354 HG02622#1#JAHAOO010000002.1_16673678_17080663_0$HG03579#1#JAGYVU010000029.1_91404_499180_0	0.9555204009949092 HGDP
HGDP01354 AV_HG02148#haplotype2#0002863:16304803_16712699$HG01109#1#JAHEPA010000099.1_2104245_2511104_1	0.9555185826251101 HGDP
HGDP01354 HG02293.verkko_filt_mat.fa:haplotype1_0000039_30204405_30517145_1$HG02809.verkko_filt_mat.fa:haplotype1_0000023_94161320_94589755_0	0.9555163653208792 HGDP
HGDP01354 HG01071#1#JAHBCF010000053.1_26607100_27108065_1$HG00733#1#JAHEPQ010000019.1_46106835_46420495_0	0.9555132085876833 HGDP
HGDP01354 HG02630#2#JAHAOP010000089.1_16669255_17076135_0$chr1_hg38_103456064_103863972_0	0.9555087437337271 HGDP
HGDP01354 HG02630#2#JAHAOP010000089.1_16669255_17076135_0$chr1_hg19_103998686_104406594_0	0.9555087437337271 HGDP
HGDP01354 HG03453#2#JAGYVV010000088.1_22597550_23005370_1$HG01099.verkko_filt_mat.fa:haplotype1_0000034_142513097_142920876_1	0.9554992018848546 HGDP
HGDP01354 HG01099.verkko_filt_mat.fa:haplotype1_0000034_142513097_142920876_1$HG02300.verkko_filt_pat.fa:haplotype2_0000620_143362344_143769323_1	0.9554925726119485 HGDP
HGDP01354 HG01928#1#JAGYVQ010000053.1_16676493_17083407_0$NA19240#2#JAHEOL010000010.1_37445323_37853017_0	0.9554817821879612 HGDP
HGDP01354 HG03516#1#JAGYYT010000012.1_24170958_24578778_1$HG002.verkko_filt_mat.fa:haplotype1_0000005_138228497_138636354_1	0.9554800768338664 HGDP
HGDP01354 HG01109#1#JAHEPA010000099.1_2104245_2511104_1$HG03486#1#JAHEOQ010000123.1_16677696_17085575_0	0.9554758893621591 HGDP
HGDP01354 AV_HG01361#haplotype1#0000023:101593539_102001341$HG03486#1#JAHEOQ010000123.1_16677696_17085575_0	0.9554749655943059 HGDP
HGDP01354 AV_HG01175#haplotype1#0000070:46006269_46414083$HG03516#1#JAGYYT010000012.1_24170958_24578778_1	0.9554699981849079 HGDP
HGDP01354 NA19240#2#JAHEOL010000010.1_37445323_37853017_0$HG02300.verkko_filt_pat.fa:haplotype2_0000620_143362344_143769323_1	0.9554651313233778 HGDP
HGDP01354 HG02145#2#JAHKSF010000206.1_1005292_1413195_1$HG02630#2#JAHAOP010000089.1_16669255_17076135_0	0.9554632322426377 HGDP
HGDP01354 HG02109#2#JAHEPF010000078.1_16678387_16991144_0$HG02809.verkko_filt_mat.fa:haplotype1_0000023_94161320_94589755_0	0.9554622364482482 HGDP
HGDP01354 chr1_hg38_103456064_103863972_0$HG03516#1#JAGYYT010000012.1_24170958_24578778_1	0.9554610730416206 HGDP
HGDP01354 chr1_hg19_103998686_104406594_0$HG03516#1#JAGYYT010000012.1_24170958_24578778_1	0.9554610730416206 HGDP
HGDP01354 HG02723#1#JAHEOU010000204.1_2102082_2414876_1$HG01099.verkko_filt_pat.fa:haplotype2_0000583_143544270_144046196_1	0.9554604702361198 HGDP
HGDP01354 AV_HG00673#haplotype2#0001165:24014011_24421797$AV_HG02148#haplotype2#0002863:16304803_16712699	0.9554596399853275 HGDP
HGDP01354 NA19240#2#JAHEOL010000010.1_37445323_37853017_0$HG02004.verkko_filt_mat.fa:haplotype1_0000022_97828542_98235483_0	0.9554580469512043 HGDP
HGDP01354 HG03516#1#JAGYYT010000012.1_24170958_24578778_1$HG03579#1#JAGYVU010000029.1_91404_499180_0	0.9554484750051986 HGDP
HGDP01354 AV_HG01361#haplotype2#0001322:101872897_102186552$HG03927.verkko_filt_pat.fa:haplotype2_0000800_29002142_29504057_1	0.9554369242295919 HGDP
HGDP01354 AV_HG01361#haplotype1#0000023:101593539_102001341$HG00621#2#JAHBCC010000031.1_16669999_17077865_0	0.9554326848212136 HGDP
HGDP01354 HG03710.verkko_filt_mat.fa:haplotype1_0000029_102593394_102907063_0$HG03927.verkko_filt_pat.fa:haplotype2_0000800_29002142_29504057_1	0.9554280587528219 HGDP
HGDP01354 HG01071#1#JAHBCF010000053.1_26607100_27108065_1$HG00438#2#JAHBCA010000012.1_51513023_51826723_0	0.9554240813039653 HGDP
HGDP01354 HG01109#1#JAHEPA010000099.1_2104245_2511104_1$HG005#2#JAHEPN010000023.1_51542210_51950070_0	0.9554125917156892 HGDP
HGDP01354 HG02630#2#JAHAOP010000089.1_16669255_17076135_0$HG002.verkko_filt_mat.fa:haplotype1_0000005_138228497_138636354_1	0.9554012892231263 HGDP
HGDP01354 HG03710.verkko_filt_mat.fa:haplotype1_0000029_102593394_102907063_0$HG02809.verkko_filt_mat.fa:haplotype1_0000023_94161320_94589755_0	0.9553984399477394 HGDP
HGDP01354 HG02486#1#JAGYVM010000007.1_28868414_29370339_1$HG02293.verkko_filt_mat.fa:haplotype1_0000039_30204405_30517145_1	0.9553880128245599 HGDP
HGDP01354 HG03453#2#JAGYVV010000088.1_22597550_23005370_1$NA19240#2#JAHEOL010000010.1_37445323_37853017_0	0.9553541809838993 HGDP
HGDP01354 AV_HG00673#haplotype2#0001165:24014011_24421797$chr1_hg38_103456064_103863972_0	0.9553526117193929 HGDP
HGDP01354 AV_HG00673#haplotype2#0001165:24014011_24421797$chr1_hg19_103998686_104406594_0	0.9553526117193929 HGDP
HGDP01354 HG00733#1#JAHEPQ010000019.1_46106835_46420495_0$HG02809.verkko_filt_mat.fa:haplotype1_0000023_94161320_94589755_0	0.9553516485748771 HGDP
HGDP01354 HG02723#1#JAHEOU010000204.1_2102082_2414876_1$HG02055#2#JAHEPJ010000017.1_24870122_25298560_1	0.9553443330474511 HGDP
HGDP01354 HG02293.verkko_filt_mat.fa:haplotype1_0000039_30204405_30517145_1$HG03927.verkko_filt_pat.fa:haplotype2_0000800_29002142_29504057_1	0.9553411270562688 HGDP
HGDP01354 AV_HG01361#haplotype1#0000023:101593539_102001341$HG02300.verkko_filt_pat.fa:haplotype2_0000620_143362344_143769323_1	0.9553239185474581 HGDP
HGDP01354 HG03579#2#JAGYVT010000094.1_51581892_51895531_0$HG02293.verkko_filt_pat.fa:haplotype2_0000836_148310532_148812524_1	0.9553211915337232 HGDP
HGDP01354 HG02723#1#JAHEOU010000204.1_2102082_2414876_1$HG02486#1#JAGYVM010000007.1_28868414_29370339_1	0.9553206031097639 HGDP
HGDP01354 HG03516#1#JAGYYT010000012.1_24170958_24578778_1$NA19240#1#JAHEOM010000047.1_30103390_30511199_1	0.9553152860546277 HGDP
HGDP01354 HG03516#1#JAGYYT010000012.1_24170958_24578778_1$HG01358#1#JAGYZB010000020.1_27445742_27855492_1	0.9553087872041710 HGDP
HGDP01354 HG02647.verkko_filt_pat.fa:haplotype2_0000857_103738150_104051769_0$HG02293.verkko_filt_pat.fa:haplotype2_0000836_148310532_148812524_1	0.9553051683460843 HGDP
HGDP01354 HG02818#2#JAHEOR010000010.1_31775319_32183091_1$HG02622#1#JAHAOO010000002.1_16673678_17080663_0	0.9552928546160552 HGDP
HGDP01354 AV_HG02148#haplotype2#0002863:16304803_16712699$HG03516#1#JAGYYT010000012.1_24170958_24578778_1	0.9552925707035648 HGDP
HGDP01354 AV_HG00673#haplotype1#0000019:16627360_17129375$HG02109#2#JAHEPF010000078.1_16678387_16991144_0	0.9552885967112071 HGDP
HGDP01354 HG02630#1#JAHAOQ010000102.1_16672145_17079089_0$HG002.verkko_filt_mat.fa:haplotype1_0000005_138228497_138636354_1	0.9552706585493670 HGDP
HGDP01354 HG03516#1#JAGYYT010000012.1_24170958_24578778_1$HG02071.verkko_filt_mat.fa:haplotype1_0000041_103610513_104018399_0	0.9552625349521944 HGDP
HGDP01354 AV_HG00673#haplotype2#0001165:24014011_24421797$HG03486#1#JAHEOQ010000123.1_16677696_17085575_0	0.9552590335373793 HGDP
HGDP01354 HG00621#2#JAHBCC010000031.1_16669999_17077865_0$HG02630#2#JAHAOP010000089.1_16669255_17076135_0	0.9552470455937249 HGDP
HGDP01354 HG02080#2#JAHEOV010000017.1_16662177_17164189_0$HG02109#2#JAHEPF010000078.1_16678387_16991144_0	0.9552438062278135 HGDP
HGDP01354 AV_HG02148#haplotype2#0002863:16304803_16712699$HG02630#2#JAHAOP010000089.1_16669255_17076135_0	0.9552373443779509 HGDP
HGDP01354 AV_HG00673#haplotype1#0000019:16627360_17129375$HG01891#1#JAGYVO010000014.1_22855818_23168577_1	0.9552361716308451 HGDP
HGDP01354 HG02630#1#JAHAOQ010000102.1_16672145_17079089_0$chr1_hg38_103456064_103863972_0	0.9552358136214296 HGDP
HGDP01354 HG02630#1#JAHAOQ010000102.1_16672145_17079089_0$chr1_hg19_103998686_104406594_0	0.9552358136214296 HGDP
HGDP01354 HG01123#1#JAGYYZ010000015.1_51528240_51935090_0$HG01358#1#JAGYZB010000020.1_27445742_27855492_1	0.9552323990176775 HGDP
HGDP01354 HG02630#2#JAHAOP010000089.1_16669255_17076135_0$HG02071.verkko_filt_mat.fa:haplotype1_0000041_103610513_104018399_0	0.9552310680634851 HGDP
HGDP01354 HG02630#1#JAHAOQ010000102.1_16672145_17079089_0$HG02630#2#JAHAOP010000089.1_16669255_17076135_0	0.9552279450213708 HGDP
HGDP01354 AV_HG00673#haplotype2#0001165:24014011_24421797$HG01928#1#JAGYVQ010000053.1_16676493_17083407_0	0.9552273792003891 HGDP
HGDP01354 HG00438#2#JAHBCA010000012.1_51513023_51826723_0$HG03927.verkko_filt_pat.fa:haplotype2_0000800_29002142_29504057_1	0.9552272408583700 HGDP
HGDP01354 HG02630#2#JAHAOP010000089.1_16669255_17076135_0$HG03516#2#JAGYYS010000004.1_24452130_24859892_1	0.9552200594873713 HGDP
HGDP01354 HG02145#2#JAHKSF010000206.1_1005292_1413195_1$chr1_hg38_103456064_103863972_0	0.9552149065552379 HGDP
HGDP01354 HG02145#2#JAHKSF010000206.1_1005292_1413195_1$chr1_hg19_103998686_104406594_0	0.9552149065552379 HGDP
HGDP01354 HG01978#2#JAGYVR010000007.1_51532241_51939176_0$HG03516#1#JAGYYT010000012.1_24170958_24578778_1	0.9552035579974049 HGDP
HGDP01354 AV_HG00673#haplotype2#0001165:24014011_24421797$HG03453#2#JAGYVV010000088.1_22597550_23005370_1	0.9552026465519374 HGDP
HGDP01354 HG01109#1#JAHEPA010000099.1_2104245_2511104_1$HG03453#2#JAGYVV010000088.1_22597550_23005370_1	0.9552007051735297 HGDP
HGDP01354 HG02723#1#JAHEOU010000204.1_2102082_2414876_1$HG02809.verkko_filt_mat.fa:haplotype1_0000023_94161320_94589755_0	0.9551935211292898 HGDP
HGDP01354 AV_HG00673#haplotype2#0001165:24014011_24421797$HG005#2#JAHEPN010000023.1_51542210_51950070_0	0.9551791563074170 HGDP
HGDP01354 HG01258#2#JAGYYU010000072.1_51562603_51970395_0$HG01358#1#JAGYZB010000020.1_27445742_27855492_1	0.9551701971256876 HGDP
HGDP01354 HG02080#2#JAHEOV010000017.1_16662177_17164189_0$HG01891#1#JAGYVO010000014.1_22855818_23168577_1	0.9551677357323368 HGDP
HGDP01354 HG03516#1#JAGYYT010000012.1_24170958_24578778_1$HG005#2#JAHEPN010000023.1_51542210_51950070_0	0.9551628203999655 HGDP
HGDP01354 HG00621#1#JAHBCD010000034.1_2122997_2624098_1$HG03579#2#JAGYVT010000094.1_51581892_51895531_0	0.9551568397298816 HGDP
HGDP01354 HG02630#2#JAHAOP010000089.1_16669255_17076135_0$HG03453#2#JAGYVV010000088.1_22597550_23005370_1	0.9551551338058637 HGDP
HGDP01354 HG02723#1#JAHEOU010000204.1_2102082_2414876_1$HG03098#1#JAHEPM010000059.1_16676208_17105596_0	0.9551541969694187 HGDP
HGDP01354 HG02622#1#JAHAOO010000002.1_16673678_17080663_0$NA19240#1#JAHEOM010000047.1_30103390_30511199_1	0.9551493902197949 HGDP
HGDP01354 HG00621#1#JAHBCD010000034.1_2122997_2624098_1$HG02647.verkko_filt_pat.fa:haplotype2_0000857_103738150_104051769_0	0.9551487819521556 HGDP
HGDP01354 HG02145#2#JAHKSF010000206.1_1005292_1413195_1$HG002.verkko_filt_mat.fa:haplotype1_0000005_138228497_138636354_1	0.9551466485918951 HGDP
HGDP01354 HG02559#1#JAGYVK010000012.1_51505852_51913611_0$HG02630#2#JAHAOP010000089.1_16669255_17076135_0	0.9551421213350557 HGDP
HGDP01354 HG00621#2#JAHBCC010000031.1_16669999_17077865_0$HG03516#1#JAGYYT010000012.1_24170958_24578778_1	0.9551365214354409 HGDP
HGDP01354 AV_HG00673#haplotype2#0001165:24014011_24421797$HG01978#2#JAGYVR010000007.1_51532241_51939176_0	0.9551340238548113 HGDP
HGDP01354 HG01358#1#JAGYZB010000020.1_27445742_27855492_1$HG02717#2#JAHAOR010000006.1_19663827_20070693_1	0.9551256243034476 HGDP
HGDP01354 HG01928#1#JAGYVQ010000053.1_16676493_17083407_0$HG03516#1#JAGYYT010000012.1_24170958_24578778_1	0.9551238757823214 HGDP
HGDP01354 AV_HG00673#haplotype2#0001165:24014011_24421797$HG00621#2#JAHBCC010000031.1_16669999_17077865_0	0.9551217252118501 HGDP
HGDP01354 AV_HG01106#haplotype2#0000932:16673968_17175925$HG04228.verkko_filt_pat.fa:haplotype2_0000600_103806749_104119491_0	0.9551127030955202 HGDP
HGDP01354 AV_HG01175#haplotype1#0000070:46006269_46414083$HG02145#2#JAHKSF010000206.1_1005292_1413195_1	0.9551124037784038 HGDP
HGDP01354 AV_HG00673#haplotype2#0001165:24014011_24421797$HG02004.verkko_filt_mat.fa:haplotype1_0000022_97828542_98235483_0	0.9551007867802602 HGDP
HGDP01354 AV_HG01175#haplotype1#0000070:46006269_46414083$HG02630#1#JAHAOQ010000102.1_16672145_17079089_0	0.9550930388915083 HGDP
HGDP01354 HG00621#2#JAHBCC010000031.1_16669999_17077865_0$HG02630#1#JAHAOQ010000102.1_16672145_17079089_0	0.9550672849525201 HGDP
HGDP01354 HG03516#1#JAGYYT010000012.1_24170958_24578778_1$HG02004.verkko_filt_mat.fa:haplotype1_0000022_97828542_98235483_0	0.9550607115404706 HGDP
HGDP01354 HG01109#1#JAHEPA010000099.1_2104245_2511104_1$HG01978#2#JAGYVR010000007.1_51532241_51939176_0	0.9550589525197601 HGDP
HGDP01354 HG03486#1#JAHEOQ010000123.1_16677696_17085575_0$HG03516#1#JAGYYT010000012.1_24170958_24578778_1	0.9550527964036146 HGDP
HGDP01354 HG02630#2#JAHAOP010000089.1_16669255_17076135_0$HG005#2#JAHEPN010000023.1_51542210_51950070_0	0.9550523621865112 HGDP
HGDP01354 AV_HG02148#haplotype2#0002863:16304803_16712699$HG02630#1#JAHAOQ010000102.1_16672145_17079089_0	0.9550484444634023 HGDP
HGDP01354 HG02486#1#JAGYVM010000007.1_28868414_29370339_1$HG03710.verkko_filt_mat.fa:haplotype1_0000029_102593394_102907063_0	0.9550387413964442 HGDP
HGDP01354 HG03579#2#JAGYVT010000094.1_51581892_51895531_0$HG02071.verkko_filt_pat.fa:haplotype2_0000736_102745972_103248026_0	0.9550205113701781 HGDP
HGDP01354 HG02723#1#JAHEOU010000204.1_2102082_2414876_1$HG03540#1#JAGYVY010000208.1_95187_596142_0	0.9550168336720765 HGDP
HGDP01354 HG02647.verkko_filt_pat.fa:haplotype2_0000857_103738150_104051769_0$HG02071.verkko_filt_pat.fa:haplotype2_0000736_102745972_103248026_0	0.9550122370708567 HGDP
HGDP01354 HG02818#2#JAHEOR010000010.1_31775319_32183091_1$HG02630#2#JAHAOP010000089.1_16669255_17076135_0	0.9550098911075154 HGDP
HGDP01354 HG02630#2#JAHAOP010000089.1_16669255_17076135_0$HG03579#1#JAGYVU010000029.1_91404_499180_0	0.9550073177410068 HGDP
HGDP01354 AV_HG02148#haplotype2#0002863:16304803_16712699$HG02145#2#JAHKSF010000206.1_1005292_1413195_1	0.9550049746463437 HGDP
HGDP01354 HG01109#1#JAHEPA010000099.1_2104245_2511104_1$HG02300.verkko_filt_pat.fa:haplotype2_0000620_143362344_143769323_1	0.9549993321744593 HGDP
HGDP01354 HG03486#1#JAHEOQ010000123.1_16677696_17085575_0$HG02630#2#JAHAOP010000089.1_16669255_17076135_0	0.9549975247756944 HGDP
HGDP01354 AV_HG02257#haplotype2#0001152:102843493_103251377$HG02630#2#JAHAOP010000089.1_16669255_17076135_0	0.9549893457370723 HGDP
HGDP01354 HG00733#1#JAHEPQ010000019.1_46106835_46420495_0$HG03927.verkko_filt_pat.fa:haplotype2_0000800_29002142_29504057_1	0.9549847625385980 HGDP
HGDP01354 HG03453#2#JAGYVV010000088.1_22597550_23005370_1$HG03516#1#JAGYYT010000012.1_24170958_24578778_1	0.9549820447010321 HGDP
HGDP01354 HG03516#1#JAGYYT010000012.1_24170958_24578778_1$HG02300.verkko_filt_pat.fa:haplotype2_0000620_143362344_143769323_1	0.9549786157413201 HGDP
HGDP01354 HG02109#2#JAHEPF010000078.1_16678387_16991144_0$HG02293.verkko_filt_pat.fa:haplotype2_0000836_148310532_148812524_1	0.9549778145303984 HGDP
HGDP01354 HG02080#1#JAHEOW010000048.1_16689583_17097287_0$HG03492#1#JAHEPI010000180.1_2103395_2543326_1	0.9549747580049482 HGDP
HGDP01354 HG02630#1#JAHAOQ010000102.1_16672145_17079089_0$HG005#2#JAHEPN010000023.1_51542210_51950070_0	0.9549735036821179 HGDP
HGDP01354 AV_HG00673#haplotype2#0001165:24014011_24421797$HG02300.verkko_filt_pat.fa:haplotype2_0000620_143362344_143769323_1	0.9549726616791372 HGDP
HGDP01354 HG02630#1#JAHAOQ010000102.1_16672145_17079089_0$HG02071.verkko_filt_mat.fa:haplotype1_0000041_103610513_104018399_0	0.9549722595734575 HGDP
HGDP01354 HG02145#2#JAHKSF010000206.1_1005292_1413195_1$HG005#2#JAHEPN010000023.1_51542210_51950070_0	0.9549697501477206 HGDP
HGDP01354 HG02486#1#JAGYVM010000007.1_28868414_29370339_1$HG00733#1#JAHEPQ010000019.1_46106835_46420495_0	0.9549685622971386 HGDP
HGDP01354 HG01891#1#JAGYVO010000014.1_22855818_23168577_1$HG02293.verkko_filt_pat.fa:haplotype2_0000836_148310532_148812524_1	0.9549646771156857 HGDP
HGDP01354 HG03516#2#JAGYYS010000004.1_24452130_24859892_1$HG03927.verkko_filt_mat.fa:haplotype1_0000009_134765170_135173010_1	0.9549629502316777 HGDP
HGDP01354 HG02630#1#JAHAOQ010000102.1_16672145_17079089_0$HG03453#2#JAGYVV010000088.1_22597550_23005370_1	0.9549569349562171 HGDP
HGDP01354 HG02559#1#JAGYVK010000012.1_51505852_51913611_0$HG03927.verkko_filt_mat.fa:haplotype1_0000009_134765170_135173010_1	0.9549559221484782 HGDP
HGDP01354 AV_HG01175#haplotype1#0000070:46006269_46414083$HG03927.verkko_filt_mat.fa:haplotype1_0000009_134765170_135173010_1	0.9549522611015593 HGDP
HGDP01354 HG03492#1#JAHEPI010000180.1_2103395_2543326_1$HG02300.verkko_filt_mat.fa:haplotype1_0000028_144052837_144460586_1	0.9549408696659755 HGDP
HGDP01354 HG01109#1#JAHEPA010000099.1_2104245_2511104_1$HG01928#1#JAGYVQ010000053.1_16676493_17083407_0	0.9549407583015694 HGDP
HGDP01354 HG02145#2#JAHKSF010000206.1_1005292_1413195_1$HG01978#2#JAGYVR010000007.1_51532241_51939176_0	0.9549406334759531 HGDP
HGDP01354 HG02630#2#JAHAOP010000089.1_16669255_17076135_0$NA19240#1#JAHEOM010000047.1_30103390_30511199_1	0.9549296868526647 HGDP
HGDP01354 HG03486#1#JAHEOQ010000123.1_16677696_17085575_0$HG02630#1#JAHAOQ010000102.1_16672145_17079089_0	0.9549269542726321 HGDP
HGDP01354 HG02145#2#JAHKSF010000206.1_1005292_1413195_1$HG03453#2#JAGYVV010000088.1_22597550_23005370_1	0.9549219723151350 HGDP
HGDP01354 HG005#1#JAHEPO010000002.1_51519219_51926067_0$HG01358#1#JAGYZB010000020.1_27445742_27855492_1	0.9549206936907936 HGDP
HGDP01354 chr1_hg38_103456064_103863972_0$HG02818#1#JAHEOS010000101.1_89626_496613_0	0.9549149663455333 HGDP
HGDP01354 chr1_hg19_103998686_104406594_0$HG02818#1#JAHEOS010000101.1_89626_496613_0	0.9549149663455333 HGDP
HGDP01354 HG01109#1#JAHEPA010000099.1_2104245_2511104_1$HG02004.verkko_filt_mat.fa:haplotype1_0000022_97828542_98235483_0	0.9549012800631843 HGDP
HGDP01354 chr1_hg38_103456064_103863972_0$HG03927.verkko_filt_mat.fa:haplotype1_0000009_134765170_135173010_1	0.9548958286818791 HGDP
HGDP01354 chr1_hg19_103998686_104406594_0$HG03927.verkko_filt_mat.fa:haplotype1_0000009_134765170_135173010_1	0.9548958286818791 HGDP
HGDP01354 HG01928#1#JAGYVQ010000053.1_16676493_17083407_0$HG02145#2#JAHKSF010000206.1_1005292_1413195_1	0.9548913794719266 HGDP
HGDP01354 HG02145#2#JAHKSF010000206.1_1005292_1413195_1$HG02071.verkko_filt_mat.fa:haplotype1_0000041_103610513_104018399_0	0.9548886677099711 HGDP
HGDP01354 HG00621#2#JAHBCC010000031.1_16669999_17077865_0$HG02145#2#JAHKSF010000206.1_1005292_1413195_1	0.9548886234993559 HGDP
HGDP01354 AV_HG01361#haplotype2#0001322:101872897_102186552$HG01099.verkko_filt_pat.fa:haplotype2_0000583_143544270_144046196_1	0.9548702568955161 HGDP
HGDP01354 HG02145#2#JAHKSF010000206.1_1005292_1413195_1$HG02004.verkko_filt_mat.fa:haplotype1_0000022_97828542_98235483_0	0.9548597133937657 HGDP
HGDP01354 HG02818#2#JAHEOR010000010.1_31775319_32183091_1$HG03927.verkko_filt_mat.fa:haplotype1_0000009_134765170_135173010_1	0.9548551609504751 HGDP
HGDP01354 HG02818#1#JAHEOS010000101.1_89626_496613_0$HG002.verkko_filt_mat.fa:haplotype1_0000005_138228497_138636354_1	0.9548546917021482 HGDP
HGDP01354 HG03927.verkko_filt_mat.fa:haplotype1_0000009_134765170_135173010_1$HG002.verkko_filt_mat.fa:haplotype1_0000005_138228497_138636354_1	0.9548438139793272 HGDP
HGDP01354 AV_HG01361#haplotype1#0000023:101593539_102001341$HG03492#1#JAHEPI010000180.1_2103395_2543326_1	0.9548222706087511 HGDP
HGDP01354 HG03492#1#JAHEPI010000180.1_2103395_2543326_1$HG01099.verkko_filt_mat.fa:haplotype1_0000034_142513097_142920876_1	0.9548117419884693 HGDP
HGDP01354 HG02109#2#JAHEPF010000078.1_16678387_16991144_0$HG02071.verkko_filt_pat.fa:haplotype2_0000736_102745972_103248026_0	0.9547954899322141 HGDP
HGDP01354 AV_HG01175#haplotype1#0000070:46006269_46414083$HG02818#1#JAHEOS010000101.1_89626_496613_0	0.9547888655373467 HGDP
HGDP01354 HG01978#1#JAGYVS010000002.1_51519970_52021951_0$HG04228.verkko_filt_pat.fa:haplotype2_0000600_103806749_104119491_0	0.9547780381188453 HGDP
HGDP01354 HG01891#1#JAGYVO010000014.1_22855818_23168577_1$HG02071.verkko_filt_pat.fa:haplotype2_0000736_102745972_103248026_0	0.9547743014574290 HGDP
HGDP01354 HG03579#2#JAGYVT010000094.1_51581892_51895531_0$HG04228.verkko_filt_mat.fa:haplotype1_0000023_103429213_103930285_0	0.9547644218230271 HGDP
HGDP01354 NA18906#1#JAHEOO010000054.1_2103477_2510435_1$HG002.verkko_filt_mat.fa:haplotype1_0000005_138228497_138636354_1	0.9547572210593930 HGDP
HGDP01354 HG03486#1#JAHEOQ010000123.1_16677696_17085575_0$HG02145#2#JAHKSF010000206.1_1005292_1413195_1	0.9547568171446865 HGDP
HGDP01354 AV_HG02257#haplotype2#0001152:102843493_103251377$HG002.verkko_filt_mat.fa:haplotype1_0000005_138228497_138636354_1	0.9547497124460275 HGDP
HGDP01354 HG04228.verkko_filt_mat.fa:haplotype1_0000023_103429213_103930285_0$HG02647.verkko_filt_pat.fa:haplotype2_0000857_103738150_104051769_0	0.9547482711564704 HGDP
HGDP01354 HG03579#1#JAGYVU010000029.1_91404_499180_0$HG03927.verkko_filt_mat.fa:haplotype1_0000009_134765170_135173010_1	0.9547423986999394 HGDP
HGDP01354 HG03098#1#JAHEPM010000059.1_16676208_17105596_0$HG02293.verkko_filt_mat.fa:haplotype1_0000039_30204405_30517145_1	0.9547348480327186 HGDP
HGDP01354 AV_HG01361#haplotype2#0001322:101872897_102186552$HG03540#1#JAGYVY010000208.1_95187_596142_0	0.9547342974138118 HGDP
HGDP01354 chr1_hg38_103456064_103863972_0$NA18906#1#JAHEOO010000054.1_2103477_2510435_1	0.9547303095532506 HGDP
HGDP01354 chr1_hg19_103998686_104406594_0$NA18906#1#JAHEOO010000054.1_2103477_2510435_1	0.9547303095532506 HGDP
HGDP01354 HG02630#2#JAHAOP010000089.1_16669255_17076135_0$NA18906#1#JAHEOO010000054.1_2103477_2510435_1	0.9547240012535948 HGDP
HGDP01354 HG01928#1#JAGYVQ010000053.1_16676493_17083407_0$HG02630#2#JAHAOP010000089.1_16669255_17076135_0	0.9546981459258264 HGDP
HGDP01354 HG01978#2#JAGYVR010000007.1_51532241_51939176_0$HG03927.verkko_filt_mat.fa:haplotype1_0000009_134765170_135173010_1	0.9546936696861302 HGDP
HGDP01354 HG02145#2#JAHKSF010000206.1_1005292_1413195_1$HG02300.verkko_filt_pat.fa:haplotype2_0000620_143362344_143769323_1	0.9546920945397919 HGDP
HGDP01354 HG00621#2#JAHBCC010000031.1_16669999_17077865_0$HG02818#1#JAHEOS010000101.1_89626_496613_0	0.9546918615204754 HGDP
HGDP01354 HG02071.verkko_filt_mat.fa:haplotype1_0000041_103610513_104018399_0$HG03927.verkko_filt_mat.fa:haplotype1_0000009_134765170_135173010_1	0.9546816816844267 HGDP
HGDP01354 AV_HG02148#haplotype2#0002863:16304803_16712699$HG03927.verkko_filt_mat.fa:haplotype1_0000009_134765170_135173010_1	0.9546805415341462 HGDP
HGDP01354 HG01358#1#JAGYZB010000020.1_27445742_27855492_1$HG03927.verkko_filt_mat.fa:haplotype1_0000009_134765170_135173010_1	0.9546630033654077 HGDP
HGDP01354 NA19240#1#JAHEOM010000047.1_30103390_30511199_1$HG03927.verkko_filt_mat.fa:haplotype1_0000009_134765170_135173010_1	0.9546570876916263 HGDP
HGDP01354 AV_HG02257#haplotype2#0001152:102843493_103251377$chr1_hg38_103456064_103863972_0	0.9546514930998983 HGDP
HGDP01354 AV_HG02257#haplotype2#0001152:102843493_103251377$chr1_hg19_103998686_104406594_0	0.9546514930998983 HGDP
HGDP01354 HG01358#1#JAGYZB010000020.1_27445742_27855492_1$HG02647.verkko_filt_mat.fa:haplotype1_0000002_103892584_104321036_0	0.9546461369105700 HGDP
HGDP01354 HG02630#2#JAHAOP010000089.1_16669255_17076135_0$HG02818#1#JAHEOS010000101.1_89626_496613_0	0.9546216734903218 HGDP
HGDP01354 AV_HG01175#haplotype1#0000070:46006269_46414083$AV_HG02257#haplotype2#0001152:102843493_103251377	0.9546206085411093 HGDP
HGDP01354 AV_HG01175#haplotype1#0000070:46006269_46414083$NA18906#1#JAHEOO010000054.1_2103477_2510435_1	0.9546194631174768 HGDP
HGDP01354 HG005#2#JAHEPN010000023.1_51542210_51950070_0$HG02818#1#JAHEOS010000101.1_89626_496613_0	0.9546148056062457 HGDP
HGDP01354 HG00741#2#JAHALX010000013.1_51574319_51981226_0$HG01358#1#JAGYZB010000020.1_27445742_27855492_1	0.9546083354797510 HGDP
HGDP01354 HG02717#1#JAHAOS010000015.1_16660311_17067250_0$HG002.verkko_filt_mat.fa:haplotype1_0000005_138228497_138636354_1	0.9546002344763720 HGDP
HGDP01354 HG02630#2#JAHAOP010000089.1_16669255_17076135_0$HG01978#2#JAGYVR010000007.1_51532241_51939176_0	0.9545960669616377 HGDP
HGDP01354 HG02109#1#JAHEPG010000026.1_16673035_17080816_0$HG01358#1#JAGYZB010000020.1_27445742_27855492_1	0.9545955804659362 HGDP
HGDP01354 HG00621#2#JAHBCC010000031.1_16669999_17077865_0$NA18906#1#JAHEOO010000054.1_2103477_2510435_1	0.9545937030915751 HGDP
HGDP01354 HG02004.verkko_filt_mat.fa:haplotype1_0000022_97828542_98235483_0$HG03927.verkko_filt_mat.fa:haplotype1_0000009_134765170_135173010_1	0.9545905177305127 HGDP
HGDP01354 chr1_hg38_103456064_103863972_0$HG02622#1#JAHAOO010000002.1_16673678_17080663_0	0.9545857348300919 HGDP
HGDP01354 chr1_hg19_103998686_104406594_0$HG02622#1#JAHAOO010000002.1_16673678_17080663_0	0.9545857348300919 HGDP
HGDP01354 HG02630#2#JAHAOP010000089.1_16669255_17076135_0$HG02300.verkko_filt_pat.fa:haplotype2_0000620_143362344_143769323_1	0.9545838819180031 HGDP
HGDP01354 HG02717#1#JAHAOS010000015.1_16660311_17067250_0$HG02630#2#JAHAOP010000089.1_16669255_17076135_0	0.9545762341838094 HGDP
HGDP01354 HG00621#1#JAHBCD010000034.1_2122997_2624098_1$HG02109#2#JAHEPF010000078.1_16678387_16991144_0	0.9545685975261565 HGDP
HGDP01354 HG005#2#JAHEPN010000023.1_51542210_51950070_0$HG03927.verkko_filt_mat.fa:haplotype1_0000009_134765170_135173010_1	0.9545666237284479 HGDP
HGDP01354 HG02630#1#JAHAOQ010000102.1_16672145_17079089_0$HG01978#2#JAGYVR010000007.1_51532241_51939176_0	0.9545640095477327 HGDP
HGDP01354 AV_HG02257#haplotype2#0001152:102843493_103251377$HG00621#2#JAHBCC010000031.1_16669999_17077865_0	0.9545632127380449 HGDP
HGDP01354 HG02630#1#JAHAOQ010000102.1_16672145_17079089_0$HG01928#1#JAGYVQ010000053.1_16676493_17083407_0	0.9545541515999121 HGDP
HGDP01354 HG02630#1#JAHAOQ010000102.1_16672145_17079089_0$HG02300.verkko_filt_pat.fa:haplotype2_0000620_143362344_143769323_1	0.9545456885028286 HGDP
HGDP01354 HG03492#1#JAHEPI010000180.1_2103395_2543326_1$HG02647.verkko_filt_mat.fa:haplotype1_0000002_103892584_104321036_0	0.9545456006191240 HGDP
HGDP01354 HG03453#2#JAGYVV010000088.1_22597550_23005370_1$HG02818#1#JAHEOS010000101.1_89626_496613_0	0.9545435299137779 HGDP
HGDP01354 HG01928#1#JAGYVQ010000053.1_16676493_17083407_0$HG03927.verkko_filt_mat.fa:haplotype1_0000009_134765170_135173010_1	0.9545354770382573 HGDP
HGDP01354 HG02622#1#JAHAOO010000002.1_16673678_17080663_0$HG002.verkko_filt_mat.fa:haplotype1_0000005_138228497_138636354_1	0.9545336888072868 HGDP
HGDP01354 HG02818#1#JAHEOS010000101.1_89626_496613_0$HG02071.verkko_filt_mat.fa:haplotype1_0000041_103610513_104018399_0	0.9545334986122105 HGDP
HGDP01354 HG00621#2#JAHBCC010000031.1_16669999_17077865_0$HG03927.verkko_filt_mat.fa:haplotype1_0000009_134765170_135173010_1	0.9545322141713437 HGDP
HGDP01354 AV_HG00673#haplotype2#0001165:24014011_24421797$HG03492#1#JAHEPI010000180.1_2103395_2543326_1	0.9545298447786492 HGDP
HGDP01354 HG03453#2#JAGYVV010000088.1_22597550_23005370_1$HG03927.verkko_filt_mat.fa:haplotype1_0000009_134765170_135173010_1	0.9545278441999195 HGDP
HGDP01354 HG00741#1#JAHALY010000007.1_18781197_19307680_1$HG02647.verkko_filt_pat.fa:haplotype2_0000857_103738150_104051769_0	0.9545211525669665 HGDP
HGDP01354 HG00741#1#JAHALY010000007.1_18781197_19307680_1$HG03579#2#JAGYVT010000094.1_51581892_51895531_0	0.9545208217090805 HGDP
HGDP01354 HG00621#1#JAHBCD010000034.1_2122997_2624098_1$HG01891#1#JAGYVO010000014.1_22855818_23168577_1	0.9545160415496952 HGDP
HGDP01354 NA18906#1#JAHEOO010000054.1_2103477_2510435_1$HG005#2#JAHEPN010000023.1_51542210_51950070_0	0.9545000833307231 HGDP
HGDP01354 NA18906#1#JAHEOO010000054.1_2103477_2510435_1$HG02071.verkko_filt_mat.fa:haplotype1_0000041_103610513_104018399_0	0.9544986394183205 HGDP
HGDP01354 HG03486#1#JAHEOQ010000123.1_16677696_17085575_0$HG02818#1#JAHEOS010000101.1_89626_496613_0	0.9544968140095547 HGDP
HGDP01354 HG02055#2#JAHEPJ010000017.1_24870122_25298560_1$HG01358#1#JAGYZB010000020.1_27445742_27855492_1	0.9544927069575242 HGDP
HGDP01354 AV_HG02148#haplotype2#0002863:16304803_16712699$HG02818#1#JAHEOS010000101.1_89626_496613_0	0.9544918553845017 HGDP
HGDP01354 HG02630#2#JAHAOP010000089.1_16669255_17076135_0$HG02622#1#JAHAOO010000002.1_16673678_17080663_0	0.9544727823589738 HGDP
HGDP01354 HG02630#1#JAHAOQ010000102.1_16672145_17079089_0$HG02004.verkko_filt_mat.fa:haplotype1_0000022_97828542_98235483_0	0.9544669925232893 HGDP
HGDP01354 HG02717#1#JAHAOS010000015.1_16660311_17067250_0$chr1_hg38_103456064_103863972_0	0.9544621415816705 HGDP
HGDP01354 HG02717#1#JAHAOS010000015.1_16660311_17067250_0$chr1_hg19_103998686_104406594_0	0.9544621415816705 HGDP
HGDP01354 HG03486#1#JAHEOQ010000123.1_16677696_17085575_0$NA18906#1#JAHEOO010000054.1_2103477_2510435_1	0.9544613954010631 HGDP
HGDP01354 AV_HG02148#haplotype2#0002863:16304803_16712699$NA18906#1#JAHEOO010000054.1_2103477_2510435_1	0.9544560473315236 HGDP
HGDP01354 HG03453#2#JAGYVV010000088.1_22597550_23005370_1$NA18906#1#JAHEOO010000054.1_2103477_2510435_1	0.9544519466701432 HGDP
HGDP01354 HG03098#2#JAHEPL010000003.1_93803759_94117426_0$HG02486#1#JAGYVM010000007.1_28868414_29370339_1	0.9544388235381837 HGDP
HGDP01354 AV_HG02257#haplotype2#0001152:102843493_103251377$HG03453#2#JAGYVV010000088.1_22597550_23005370_1	0.9544388004650577 HGDP
HGDP01354 HG02630#2#JAHAOP010000089.1_16669255_17076135_0$HG02004.verkko_filt_mat.fa:haplotype1_0000022_97828542_98235483_0	0.9544302663677692 HGDP
HGDP01354 HG03486#1#JAHEOQ010000123.1_16677696_17085575_0$HG03927.verkko_filt_mat.fa:haplotype1_0000009_134765170_135173010_1	0.9544092645725714 HGDP
HGDP01354 HG01358#1#JAGYZB010000020.1_27445742_27855492_1$HG02809.verkko_filt_pat.fa:haplotype2_0001251_103421111_103827972_0	0.9543989036474131 HGDP
HGDP01354 AV_HG02257#haplotype2#0001152:102843493_103251377$HG005#2#JAHEPN010000023.1_51542210_51950070_0	0.9543913973398517 HGDP
HGDP01354 HG02109#2#JAHEPF010000078.1_16678387_16991144_0$HG04228.verkko_filt_mat.fa:haplotype1_0000023_103429213_103930285_0	0.9543898431284612 HGDP
HGDP01354 AV_HG02257#haplotype2#0001152:102843493_103251377$HG02071.verkko_filt_mat.fa:haplotype1_0000041_103610513_104018399_0	0.9543890366168654 HGDP
HGDP01354 HG02886#1#JAHAOU010000178.1_62411_469262_0$HG02486#2#JAGYVL010000029.1_94163344_94570162_0	0.9543857675606867 HGDP
HGDP01354 AV_HG01175#haplotype1#0000070:46006269_46414083$HG02622#1#JAHAOO010000002.1_16673678_17080663_0	0.9543817146234230 HGDP
HGDP01354 HG02886#2#JAHAOT010000031.1_87393_401061_0$HG01099.verkko_filt_pat.fa:haplotype2_0000583_143544270_144046196_1	0.9543788193839371 HGDP
HGDP01354 AV_HG01175#haplotype1#0000070:46006269_46414083$HG02717#1#JAHAOS010000015.1_16660311_17067250_0	0.9543515657990869 HGDP
HGDP01354 HG00741#1#JAHALY010000007.1_18781197_19307680_1$HG04228.verkko_filt_pat.fa:haplotype2_0000600_103806749_104119491_0	0.9543398628185084 HGDP
HGDP01354 AV_HG02148#haplotype2#0002863:16304803_16712699$AV_HG02257#haplotype2#0001152:102843493_103251377	0.9543317564225582 HGDP
HGDP01354 AV_HG02257#haplotype2#0001152:102843493_103251377$HG03486#1#JAHEOQ010000123.1_16677696_17085575_0	0.9543287277538753 HGDP
HGDP01354 HG02717#1#JAHAOS010000015.1_16660311_17067250_0$HG02071.verkko_filt_mat.fa:haplotype1_0000041_103610513_104018399_0	0.9543259408851255 HGDP
HGDP01354 HG00621#2#JAHBCC010000031.1_16669999_17077865_0$HG02717#1#JAHAOS010000015.1_16660311_17067250_0	0.9543258094731045 HGDP
HGDP01354 HG01891#1#JAGYVO010000014.1_22855818_23168577_1$HG04228.verkko_filt_mat.fa:haplotype1_0000023_103429213_103930285_0	0.9542977610220252 HGDP
HGDP01354 HG03927.verkko_filt_mat.fa:haplotype1_0000009_134765170_135173010_1$HG02300.verkko_filt_pat.fa:haplotype2_0000620_143362344_143769323_1	0.9542948926687319 HGDP
HGDP01354 HG00438#2#JAHBCA010000012.1_51513023_51826723_0$HG02486#1#JAGYVM010000007.1_28868414_29370339_1	0.9542942617294080 HGDP
HGDP01354 HG02717#1#JAHAOS010000015.1_16660311_17067250_0$HG03453#2#JAGYVV010000088.1_22597550_23005370_1	0.9542717198543117 HGDP
HGDP01354 HG02559#2#JAGYVJ010000037.1_52167780_52574597_1$HG03492#1#JAHEPI010000180.1_2103395_2543326_1	0.9542544498837796 HGDP
HGDP01354 AV_HG02257#haplotype2#0001152:102843493_103251377$HG01928#1#JAGYVQ010000053.1_16676493_17083407_0	0.9542497358823245 HGDP
HGDP01354 HG02622#1#JAHAOO010000002.1_16673678_17080663_0$HG005#2#JAHEPN010000023.1_51542210_51950070_0	0.9542405504860594 HGDP
HGDP01354 HG01358#1#JAGYZB010000020.1_27445742_27855492_1$HG02809.verkko_filt_mat.fa:haplotype1_0000023_94161320_94589755_0	0.9542370661828737 HGDP
HGDP01354 AV_HG02148#haplotype2#0002863:16304803_16712699$HG02717#1#JAHAOS010000015.1_16660311_17067250_0	0.9542360650245177 HGDP
HGDP01354 HG02886#2#JAHAOT010000031.1_87393_401061_0$HG03540#1#JAGYVY010000208.1_95187_596142_0	0.9542349165401683 HGDP
HGDP01354 HG03492#1#JAHEPI010000180.1_2103395_2543326_1$HG02055#2#JAHEPJ010000017.1_24870122_25298560_1	0.9542234699874622 HGDP
HGDP01354 HG02717#1#JAHAOS010000015.1_16660311_17067250_0$HG005#2#JAHEPN010000023.1_51542210_51950070_0	0.9542087318419009 HGDP
HGDP01354 HG03486#1#JAHEOQ010000123.1_16677696_17085575_0$HG02717#1#JAHAOS010000015.1_16660311_17067250_0	0.9542016403477744 HGDP
HGDP01354 HG02559#1#JAGYVK010000012.1_51505852_51913611_0$chr1_hg38_103456064_103863972_0	0.9541950506274222 HGDP
HGDP01354 HG02559#1#JAGYVK010000012.1_51505852_51913611_0$chr1_hg19_103998686_104406594_0	0.9541950506274222 HGDP
HGDP01354 HG03098#1#JAHEPM010000059.1_16676208_17105596_0$HG01358#1#JAGYZB010000020.1_27445742_27855492_1	0.9541887369424723 HGDP
HGDP01354 AV_HG02257#haplotype2#0001152:102843493_103251377$HG01978#2#JAGYVR010000007.1_51532241_51939176_0	0.9541875906043891 HGDP
HGDP01354 HG02622#1#JAHAOO010000002.1_16673678_17080663_0$HG02071.verkko_filt_mat.fa:haplotype1_0000041_103610513_104018399_0	0.9541821115553096 HGDP
HGDP01354 HG00741#1#JAHALY010000007.1_18781197_19307680_1$HG01891#1#JAGYVO010000014.1_22855818_23168577_1	0.9541790255348019 HGDP
HGDP01354 chr1_hg38_103456064_103863972_0$HG03516#2#JAGYYS010000004.1_24452130_24859892_1	0.9541789372990136 HGDP
HGDP01354 chr1_hg19_103998686_104406594_0$HG03516#2#JAGYYS010000004.1_24452130_24859892_1	0.9541789372990136 HGDP
HGDP01354 AV_HG02257#haplotype2#0001152:102843493_103251377$HG02300.verkko_filt_pat.fa:haplotype2_0000620_143362344_143769323_1	0.9541762560807483 HGDP
HGDP01354 AV_HG02148#haplotype2#0002863:16304803_16712699$HG02622#1#JAHAOO010000002.1_16673678_17080663_0	0.9541653886285300 HGDP
HGDP01354 HG00621#2#JAHBCC010000031.1_16669999_17077865_0$HG02622#1#JAHAOO010000002.1_16673678_17080663_0	0.9541588352627587 HGDP
HGDP01354 AV_HG00673#haplotype1#0000019:16627360_17129375$HG04228.verkko_filt_pat.fa:haplotype2_0000600_103806749_104119491_0	0.9541434645916766 HGDP
HGDP01354 AV_HG01106#haplotype2#0000932:16673968_17175925$AV_HG01361#haplotype2#0001322:101872897_102186552	0.9541432066169073 HGDP
HGDP01354 HG01928#1#JAGYVQ010000053.1_16676493_17083407_0$HG02818#1#JAHEOS010000101.1_89626_496613_0	0.9541411141238042 HGDP
HGDP01354 HG02080#2#JAHEOV010000017.1_16662177_17164189_0$HG04228.verkko_filt_pat.fa:haplotype2_0000600_103806749_104119491_0	0.9541371484222784 HGDP
HGDP01354 HG03492#1#JAHEPI010000180.1_2103395_2543326_1$NA19240#2#JAHEOL010000010.1_37445323_37853017_0	0.9541212057906019 HGDP
HGDP01354 HG01928#1#JAGYVQ010000053.1_16676493_17083407_0$NA18906#1#JAHEOO010000054.1_2103477_2510435_1	0.9541124737505532 HGDP
HGDP01354 AV_HG01106#haplotype2#0000932:16673968_17175925$HG02723#1#JAHEOU010000204.1_2102082_2414876_1	0.9541030052388538 HGDP
HGDP01354 AV_HG01106#haplotype2#0000932:16673968_17175925$HG02886#2#JAHAOT010000031.1_87393_401061_0	0.9540773026728913 HGDP
HGDP01354 AV_HG01175#haplotype1#0000070:46006269_46414083$HG03516#2#JAGYYS010000004.1_24452130_24859892_1	0.9540772333946885 HGDP
HGDP01354 chr1_hg38_103456064_103863972_0$HG03579#1#JAGYVU010000029.1_91404_499180_0	0.9540758349327504 HGDP
HGDP01354 chr1_hg19_103998686_104406594_0$HG03579#1#JAGYVU010000029.1_91404_499180_0	0.9540758349327504 HGDP
HGDP01354 HG01978#2#JAGYVR010000007.1_51532241_51939176_0$HG02818#1#JAHEOS010000101.1_89626_496613_0	0.9540709556508379 HGDP
HGDP01354 AV_HG01175#haplotype1#0000070:46006269_46414083$HG02559#1#JAGYVK010000012.1_51505852_51913611_0	0.9540618975033339 HGDP
HGDP01354 HG03453#2#JAGYVV010000088.1_22597550_23005370_1$HG02622#1#JAHAOO010000002.1_16673678_17080663_0	0.9540521668354980 HGDP
HGDP01354 HG02818#1#JAHEOS010000101.1_89626_496613_0$HG02300.verkko_filt_pat.fa:haplotype2_0000620_143362344_143769323_1	0.9540436299932767 HGDP
HGDP01354 HG03486#1#JAHEOQ010000123.1_16677696_17085575_0$HG02622#1#JAHAOO010000002.1_16673678_17080663_0	0.9540279757863206 HGDP
HGDP01354 AV_HG01175#haplotype1#0000070:46006269_46414083$HG03579#1#JAGYVU010000029.1_91404_499180_0	0.9540137641453171 HGDP
HGDP01354 HG03098#2#JAHEPL010000003.1_93803759_94117426_0$HG03098#1#JAHEPM010000059.1_16676208_17105596_0	0.9540096848066516 HGDP
HGDP01354 AV_HG02257#haplotype2#0001152:102843493_103251377$HG02004.verkko_filt_mat.fa:haplotype1_0000022_97828542_98235483_0	0.9540047277197103 HGDP
HGDP01354 HG01109#1#JAHEPA010000099.1_2104245_2511104_1$HG01358#1#JAGYZB010000020.1_27445742_27855492_1	0.9539977267667515 HGDP
HGDP01354 HG03098#1#JAHEPM010000059.1_16676208_17105596_0$HG00733#1#JAHEPQ010000019.1_46106835_46420495_0	0.9539939805400720 HGDP
HGDP01354 chr1_hg38_103456064_103863972_0$NA19240#1#JAHEOM010000047.1_30103390_30511199_1	0.9539888062313397 HGDP
HGDP01354 chr1_hg19_103998686_104406594_0$NA19240#1#JAHEOM010000047.1_30103390_30511199_1	0.9539888062313397 HGDP
HGDP01354 HG02818#1#JAHEOS010000101.1_89626_496613_0$HG02004.verkko_filt_mat.fa:haplotype1_0000022_97828542_98235483_0	0.9539751581209002 HGDP
HGDP01354 HG02559#1#JAGYVK010000012.1_51505852_51913611_0$HG002.verkko_filt_mat.fa:haplotype1_0000005_138228497_138636354_1	0.9539612479556685 HGDP
HGDP01354 NA18906#1#JAHEOO010000054.1_2103477_2510435_1$HG01978#2#JAGYVR010000007.1_51532241_51939176_0	0.9539556223134652 HGDP
HGDP01354 HG02559#1#JAGYVK010000012.1_51505852_51913611_0$HG01978#2#JAGYVR010000007.1_51532241_51939176_0	0.9539452532341671 HGDP
HGDP01354 AV_HG02148#haplotype2#0002863:16304803_16712699$HG02559#1#JAGYVK010000012.1_51505852_51913611_0	0.9539320003627632 HGDP
HGDP01354 HG01978#2#JAGYVR010000007.1_51532241_51939176_0$HG03516#2#JAGYYS010000004.1_24452130_24859892_1	0.9539290077087013 HGDP
HGDP01354 HG02818#2#JAHEOR010000010.1_31775319_32183091_1$chr1_hg38_103456064_103863972_0	0.9539193906302796 HGDP
HGDP01354 HG02818#2#JAHEOR010000010.1_31775319_32183091_1$chr1_hg19_103998686_104406594_0	0.9539193906302796 HGDP
HGDP01354 HG005#2#JAHEPN010000023.1_51542210_51950070_0$HG03516#2#JAGYYS010000004.1_24452130_24859892_1	0.9539119276973078 HGDP
HGDP01354 AV_HG02148#haplotype2#0002863:16304803_16712699$HG03516#2#JAGYYS010000004.1_24452130_24859892_1	0.9538997574706406 HGDP
HGDP01354 HG01928#1#JAGYVQ010000053.1_16676493_17083407_0$HG03516#2#JAGYYS010000004.1_24452130_24859892_1	0.9538966173776978 HGDP
HGDP01354 NA18906#1#JAHEOO010000054.1_2103477_2510435_1$HG02004.verkko_filt_mat.fa:haplotype1_0000022_97828542_98235483_0	0.9538906497883580 HGDP
HGDP01354 NA18906#1#JAHEOO010000054.1_2103477_2510435_1$HG02300.verkko_filt_pat.fa:haplotype2_0000620_143362344_143769323_1	0.9538892991509105 HGDP
HGDP01354 HG02293.verkko_filt_mat.fa:haplotype1_0000039_30204405_30517145_1$HG01099.verkko_filt_pat.fa:haplotype2_0000583_143544270_144046196_1	0.9538856014595882 HGDP
HGDP01354 HG02559#1#JAGYVK010000012.1_51505852_51913611_0$HG005#2#JAHEPN010000023.1_51542210_51950070_0	0.9538810527193667 HGDP
HGDP01354 HG02559#1#JAGYVK010000012.1_51505852_51913611_0$HG01928#1#JAGYVQ010000053.1_16676493_17083407_0	0.9538656906543143 HGDP
HGDP01354 HG01978#2#JAGYVR010000007.1_51532241_51939176_0$HG03579#1#JAGYVU010000029.1_91404_499180_0	0.9538655198967200 HGDP
HGDP01354 HG04228.verkko_filt_pat.fa:haplotype2_0000600_103806749_104119491_0$HG02293.verkko_filt_pat.fa:haplotype2_0000836_148310532_148812524_1	0.9538654512056565 HGDP
HGDP01354 AV_HG01175#haplotype1#0000070:46006269_46414083$HG01358#1#JAGYZB010000020.1_27445742_27855492_1	0.9538617622341428 HGDP
HGDP01354 HG00438#2#JAHBCA010000012.1_51513023_51826723_0$HG03098#1#JAHEPM010000059.1_16676208_17105596_0	0.9538593035831615 HGDP
HGDP01354 HG03516#2#JAGYYS010000004.1_24452130_24859892_1$HG002.verkko_filt_mat.fa:haplotype1_0000005_138228497_138636354_1	0.9538501560345702 HGDP
HGDP01354 AV_HG01175#haplotype1#0000070:46006269_46414083$NA19240#1#JAHEOM010000047.1_30103390_30511199_1	0.9538482234472406 HGDP
HGDP01354 HG00741#1#JAHALY010000007.1_18781197_19307680_1$HG01123#2#JAGYYY010000006.1_51579630_51892388_0	0.9538435224003172 HGDP
HGDP01354 HG03579#1#JAGYVU010000029.1_91404_499180_0$HG002.verkko_filt_mat.fa:haplotype1_0000005_138228497_138636354_1	0.9538420143215457 HGDP
HGDP01354 HG005#2#JAHEPN010000023.1_51542210_51950070_0$HG03579#1#JAGYVU010000029.1_91404_499180_0	0.9538407114205553 HGDP
HGDP01354 HG03516#2#JAGYYS010000004.1_24452130_24859892_1$HG02071.verkko_filt_mat.fa:haplotype1_0000041_103610513_104018399_0	0.9538221291501313 HGDP
HGDP01354 HG03492#1#JAHEPI010000180.1_2103395_2543326_1$HG02809.verkko_filt_mat.fa:haplotype1_0000023_94161320_94589755_0	0.9538157684979212 HGDP
HGDP01354 HG01928#1#JAGYVQ010000053.1_16676493_17083407_0$HG03579#1#JAGYVU010000029.1_91404_499180_0	0.9538016924146090 HGDP
HGDP01354 HG03098#1#JAHEPM010000059.1_16676208_17105596_0$HG03710.verkko_filt_mat.fa:haplotype1_0000029_102593394_102907063_0	0.9537955190035012 HGDP
HGDP01354 HG02145#2#JAHKSF010000206.1_1005292_1413195_1$HG01358#1#JAGYZB010000020.1_27445742_27855492_1	0.9537945677310925 HGDP
HGDP01354 AV_HG01361#haplotype2#0001322:101872897_102186552$HG01978#1#JAGYVS010000002.1_51519970_52021951_0	0.9537931638099002 HGDP
HGDP01354 HG02622#1#JAHAOO010000002.1_16673678_17080663_0$HG01978#2#JAGYVR010000007.1_51532241_51939176_0	0.9537919076882523 HGDP
HGDP01354 HG02559#1#JAGYVK010000012.1_51505852_51913611_0$HG02071.verkko_filt_mat.fa:haplotype1_0000041_103610513_104018399_0	0.9537911130642426 HGDP
HGDP01354 HG02559#1#JAGYVK010000012.1_51505852_51913611_0$HG02004.verkko_filt_mat.fa:haplotype1_0000022_97828542_98235483_0	0.9537866930832402 HGDP
HGDP01354 HG03516#2#JAGYYS010000004.1_24452130_24859892_1$HG02004.verkko_filt_mat.fa:haplotype1_0000022_97828542_98235483_0	0.9537781107245825 HGDP
HGDP01354 HG00621#2#JAHBCC010000031.1_16669999_17077865_0$HG02559#1#JAGYVK010000012.1_51505852_51913611_0	0.9537677912883977 HGDP
HGDP01354 HG00621#2#JAHBCC010000031.1_16669999_17077865_0$HG03516#2#JAGYYS010000004.1_24452130_24859892_1	0.9537671410595672 HGDP
HGDP01354 AV_HG02148#haplotype2#0002863:16304803_16712699$HG03579#1#JAGYVU010000029.1_91404_499180_0	0.9537575621042770 HGDP
HGDP01354 HG03579#1#JAGYVU010000029.1_91404_499180_0$HG02004.verkko_filt_mat.fa:haplotype1_0000022_97828542_98235483_0	0.9537463506737163 HGDP
HGDP01354 HG02717#1#JAHAOS010000015.1_16660311_17067250_0$HG01978#2#JAGYVR010000007.1_51532241_51939176_0	0.9537356796952641 HGDP
HGDP01354 HG03579#1#JAGYVU010000029.1_91404_499180_0$HG02071.verkko_filt_mat.fa:haplotype1_0000041_103610513_104018399_0	0.9537350264714125 HGDP
HGDP01354 HG01978#1#JAGYVS010000002.1_51519970_52021951_0$HG02886#2#JAHAOT010000031.1_87393_401061_0	0.9537269573517462 HGDP
HGDP01354 chr1_hg38_103456064_103863972_0$HG01358#1#JAGYZB010000020.1_27445742_27855492_1	0.9537262503976225 HGDP
HGDP01354 chr1_hg19_103998686_104406594_0$HG01358#1#JAGYZB010000020.1_27445742_27855492_1	0.9537262503976225 HGDP
HGDP01354 HG00741#1#JAHALY010000007.1_18781197_19307680_1$HG02109#2#JAHEPF010000078.1_16678387_16991144_0	0.9537225106543636 HGDP
HGDP01354 HG02818#2#JAHEOR010000010.1_31775319_32183091_1$HG002.verkko_filt_mat.fa:haplotype1_0000005_138228497_138636354_1	0.9537176149367996 HGDP
HGDP01354 HG02717#1#JAHAOS010000015.1_16660311_17067250_0$HG02300.verkko_filt_pat.fa:haplotype2_0000620_143362344_143769323_1	0.9537166948979467 HGDP
HGDP01354 NA19240#1#JAHEOM010000047.1_30103390_30511199_1$HG002.verkko_filt_mat.fa:haplotype1_0000005_138228497_138636354_1	0.9537160025409185 HGDP
HGDP01354 AV_HG01175#haplotype1#0000070:46006269_46414083$HG02818#2#JAHEOR010000010.1_31775319_32183091_1	0.9537158325004592 HGDP
HGDP01354 HG01358#1#JAGYZB010000020.1_27445742_27855492_1$HG002.verkko_filt_mat.fa:haplotype1_0000005_138228497_138636354_1	0.9537064987770132 HGDP
HGDP01354 AV_HG02148#haplotype2#0002863:16304803_16712699$HG02818#2#JAHEOR010000010.1_31775319_32183091_1	0.9537047378208018 HGDP
HGDP01354 HG02622#1#JAHAOO010000002.1_16673678_17080663_0$HG02300.verkko_filt_pat.fa:haplotype2_0000620_143362344_143769323_1	0.9536925810815368 HGDP
HGDP01354 HG02723#1#JAHEOU010000204.1_2102082_2414876_1$HG01978#1#JAGYVS010000002.1_51519970_52021951_0	0.9536815307467854 HGDP
HGDP01354 HG02717#1#JAHAOS010000015.1_16660311_17067250_0$HG01928#1#JAGYVQ010000053.1_16676493_17083407_0	0.9536710344561626 HGDP
HGDP01354 HG02818#2#JAHEOR010000010.1_31775319_32183091_1$HG01978#2#JAGYVR010000007.1_51532241_51939176_0	0.9536699835355165 HGDP
HGDP01354 HG01978#2#JAGYVR010000007.1_51532241_51939176_0$NA19240#1#JAHEOM010000047.1_30103390_30511199_1	0.9536683713512563 HGDP
HGDP01354 HG01928#1#JAGYVQ010000053.1_16676493_17083407_0$HG02622#1#JAHAOO010000002.1_16673678_17080663_0	0.9536659833838863 HGDP
HGDP01354 AV_HG02148#haplotype2#0002863:16304803_16712699$HG01358#1#JAGYZB010000020.1_27445742_27855492_1	0.9536505557803315 HGDP
HGDP01354 HG03492#1#JAHEPI010000180.1_2103395_2543326_1$HG02486#2#JAGYVL010000029.1_94163344_94570162_0	0.9536491030754033 HGDP
HGDP01354 HG03453#2#JAGYVV010000088.1_22597550_23005370_1$HG03516#2#JAGYYS010000004.1_24452130_24859892_1	0.9536442128662757 HGDP
HGDP01354 HG02622#1#JAHAOO010000002.1_16673678_17080663_0$HG02004.verkko_filt_mat.fa:haplotype1_0000022_97828542_98235483_0	0.9536422032709493 HGDP
HGDP01354 HG005#2#JAHEPN010000023.1_51542210_51950070_0$NA19240#1#JAHEOM010000047.1_30103390_30511199_1	0.9536364786329468 HGDP
HGDP01354 HG00621#2#JAHBCC010000031.1_16669999_17077865_0$HG01358#1#JAGYZB010000020.1_27445742_27855492_1	0.9536336957877433 HGDP
HGDP01354 HG02559#1#JAGYVK010000012.1_51505852_51913611_0$HG02300.verkko_filt_pat.fa:haplotype2_0000620_143362344_143769323_1	0.9536330368227985 HGDP
HGDP01354 HG03492#1#JAHEPI010000180.1_2103395_2543326_1$HG03516#1#JAGYYT010000012.1_24170958_24578778_1	0.9536133913900907 HGDP
HGDP01354 HG02559#1#JAGYVK010000012.1_51505852_51913611_0$HG03453#2#JAGYVV010000088.1_22597550_23005370_1	0.9536057971642894 HGDP
HGDP01354 HG02886#1#JAHAOU010000178.1_62411_469262_0$HG03492#1#JAHEPI010000180.1_2103395_2543326_1	0.9536001768642409 HGDP
HGDP01354 HG02818#2#JAHEOR010000010.1_31775319_32183091_1$HG02071.verkko_filt_mat.fa:haplotype1_0000041_103610513_104018399_0	0.9535950698915482 HGDP
HGDP01354 AV_HG02148#haplotype2#0002863:16304803_16712699$NA19240#1#JAHEOM010000047.1_30103390_30511199_1	0.9535928915950362 HGDP
HGDP01354 HG02717#1#JAHAOS010000015.1_16660311_17067250_0$HG02004.verkko_filt_mat.fa:haplotype1_0000022_97828542_98235483_0	0.9535918691331946 HGDP
HGDP01354 HG01358#1#JAGYZB010000020.1_27445742_27855492_1$HG02071.verkko_filt_mat.fa:haplotype1_0000041_103610513_104018399_0	0.9535777151160485 HGDP
HGDP01354 HG02818#2#JAHEOR010000010.1_31775319_32183091_1$HG005#2#JAHEPN010000023.1_51542210_51950070_0	0.9535751174474675 HGDP
HGDP01354 HG01928#1#JAGYVQ010000053.1_16676493_17083407_0$NA19240#1#JAHEOM010000047.1_30103390_30511199_1	0.9535658578857299 HGDP
HGDP01354 AV_HG01106#haplotype2#0000932:16673968_17175925$HG01123#2#JAGYYY010000006.1_51579630_51892388_0	0.9535645015832899 HGDP
HGDP01354 HG00621#2#JAHBCC010000031.1_16669999_17077865_0$HG02818#2#JAHEOR010000010.1_31775319_32183091_1	0.9535640559788138 HGDP
HGDP01354 HG03516#2#JAGYYS010000004.1_24452130_24859892_1$HG02300.verkko_filt_pat.fa:haplotype2_0000620_143362344_143769323_1	0.9535614349506769 HGDP
HGDP01354 NA19240#1#JAHEOM010000047.1_30103390_30511199_1$HG02071.verkko_filt_mat.fa:haplotype1_0000041_103610513_104018399_0	0.9535540503417117 HGDP
HGDP01354 HG02818#2#JAHEOR010000010.1_31775319_32183091_1$HG01928#1#JAGYVQ010000053.1_16676493_17083407_0	0.9535438556744408 HGDP
HGDP01354 HG00621#2#JAHBCC010000031.1_16669999_17077865_0$HG03579#1#JAGYVU010000029.1_91404_499180_0	0.9535380911155159 HGDP
HGDP01354 HG02486#2#JAGYVL010000029.1_94163344_94570162_0$HG01358#1#JAGYZB010000020.1_27445742_27855492_1	0.9535320494346401 HGDP
HGDP01354 HG04228.verkko_filt_pat.fa:haplotype2_0000600_103806749_104119491_0$HG02071.verkko_filt_pat.fa:haplotype2_0000736_102745972_103248026_0	0.9535199907974907 HGDP
HGDP01354 HG03516#2#JAGYYS010000004.1_24452130_24859892_1$HG01358#1#JAGYZB010000020.1_27445742_27855492_1	0.9535141104406624 HGDP
HGDP01354 HG03453#2#JAGYVV010000088.1_22597550_23005370_1$HG03579#1#JAGYVU010000029.1_91404_499180_0	0.9535101803910120 HGDP
HGDP01354 HG03486#1#JAHEOQ010000123.1_16677696_17085575_0$HG03516#2#JAGYYS010000004.1_24452130_24859892_1	0.9535098151128550 HGDP
HGDP01354 HG02559#1#JAGYVK010000012.1_51505852_51913611_0$HG01358#1#JAGYZB010000020.1_27445742_27855492_1	0.9535096002634705 HGDP
HGDP01354 HG01123#1#JAGYYZ010000015.1_51528240_51935090_0$HG03492#1#JAHEPI010000180.1_2103395_2543326_1	0.9535074407446642 HGDP
HGDP01354 HG00733#1#JAHEPQ010000019.1_46106835_46420495_0$HG01099.verkko_filt_pat.fa:haplotype2_0000583_143544270_144046196_1	0.9535049850635940 HGDP
HGDP01354 HG03486#1#JAHEOQ010000123.1_16677696_17085575_0$HG02559#1#JAGYVK010000012.1_51505852_51913611_0	0.9535027977133799 HGDP
HGDP01354 HG02630#1#JAHAOQ010000102.1_16672145_17079089_0$HG01358#1#JAGYZB010000020.1_27445742_27855492_1	0.9534840288907876 HGDP
HGDP01354 HG03710.verkko_filt_mat.fa:haplotype1_0000029_102593394_102907063_0$HG01099.verkko_filt_pat.fa:haplotype2_0000583_143544270_144046196_1	0.9534783129805917 HGDP
HGDP01354 NA19240#1#JAHEOM010000047.1_30103390_30511199_1$HG02004.verkko_filt_mat.fa:haplotype1_0000022_97828542_98235483_0	0.9534712106373520 HGDP
HGDP01354 HG00621#1#JAHBCD010000034.1_2122997_2624098_1$HG04228.verkko_filt_pat.fa:haplotype2_0000600_103806749_104119491_0	0.9534554879139302 HGDP
HGDP01354 HG01358#1#JAGYZB010000020.1_27445742_27855492_1$HG03579#1#JAGYVU010000029.1_91404_499180_0	0.9534525932068180 HGDP
HGDP01354 HG03453#2#JAGYVV010000088.1_22597550_23005370_1$HG01358#1#JAGYZB010000020.1_27445742_27855492_1	0.9534475465391369 HGDP
HGDP01354 AV_HG02257#haplotype2#0001152:102843493_103251377$HG01358#1#JAGYZB010000020.1_27445742_27855492_1	0.9534186314918228 HGDP
HGDP01354 HG02818#2#JAHEOR010000010.1_31775319_32183091_1$HG02004.verkko_filt_mat.fa:haplotype1_0000022_97828542_98235483_0	0.9534177275532078 HGDP
HGDP01354 HG03579#1#JAGYVU010000029.1_91404_499180_0$HG02300.verkko_filt_pat.fa:haplotype2_0000620_143362344_143769323_1	0.9534031472697554 HGDP
HGDP01354 HG005#2#JAHEPN010000023.1_51542210_51950070_0$HG01358#1#JAGYZB010000020.1_27445742_27855492_1	0.9533979347419143 HGDP
HGDP01354 HG03492#1#JAHEPI010000180.1_2103395_2543326_1$HG02109#1#JAHEPG010000026.1_16673035_17080816_0	0.9533954440385171 HGDP
HGDP01354 HG02886#1#JAHAOU010000178.1_62411_469262_0$HG01358#1#JAGYZB010000020.1_27445742_27855492_1	0.9533940310941721 HGDP
HGDP01354 HG02818#2#JAHEOR010000010.1_31775319_32183091_1$HG02300.verkko_filt_pat.fa:haplotype2_0000620_143362344_143769323_1	0.9533892655862182 HGDP
HGDP01354 HG03492#1#JAHEPI010000180.1_2103395_2543326_1$HG03098#1#JAHEPM010000059.1_16676208_17105596_0	0.9533737464024917 HGDP
HGDP01354 HG03486#1#JAHEOQ010000123.1_16677696_17085575_0$HG01358#1#JAGYZB010000020.1_27445742_27855492_1	0.9533732037970045 HGDP
HGDP01354 HG03492#1#JAHEPI010000180.1_2103395_2543326_1$HG02809.verkko_filt_pat.fa:haplotype2_0001251_103421111_103827972_0	0.9533644631466923 HGDP
HGDP01354 HG00621#2#JAHBCC010000031.1_16669999_17077865_0$NA19240#1#JAHEOM010000047.1_30103390_30511199_1	0.9533498082282221 HGDP
HGDP01354 HG03453#2#JAGYVV010000088.1_22597550_23005370_1$NA19240#1#JAHEOM010000047.1_30103390_30511199_1	0.9533463042758272 HGDP
HGDP01354 HG03486#1#JAHEOQ010000123.1_16677696_17085575_0$HG03579#1#JAGYVU010000029.1_91404_499180_0	0.9533441255711128 HGDP
HGDP01354 AV_HG00673#haplotype1#0000019:16627360_17129375$HG02886#2#JAHAOT010000031.1_87393_401061_0	0.9533393757839789 HGDP
HGDP01354 HG02818#2#JAHEOR010000010.1_31775319_32183091_1$HG01358#1#JAGYZB010000020.1_27445742_27855492_1	0.9533285913993013 HGDP
HGDP01354 HG005#1#JAHEPO010000002.1_51519219_51926067_0$HG03492#1#JAHEPI010000180.1_2103395_2543326_1	0.9533227122319097 HGDP
HGDP01354 HG04228.verkko_filt_pat.fa:haplotype2_0000600_103806749_104119491_0$HG04228.verkko_filt_mat.fa:haplotype1_0000023_103429213_103930285_0	0.9533184004181702 HGDP
HGDP01354 HG02080#2#JAHEOV010000017.1_16662177_17164189_0$HG02886#2#JAHAOT010000031.1_87393_401061_0	0.9533090430507319 HGDP
HGDP01354 HG02818#2#JAHEOR010000010.1_31775319_32183091_1$HG03453#2#JAGYVV010000088.1_22597550_23005370_1	0.9533086337857954 HGDP
HGDP01354 HG02818#2#JAHEOR010000010.1_31775319_32183091_1$HG03486#1#JAHEOQ010000123.1_16677696_17085575_0	0.9532838800662111 HGDP
HGDP01354 HG03492#1#JAHEPI010000180.1_2103395_2543326_1$HG02717#2#JAHAOR010000006.1_19663827_20070693_1	0.9532671182444391 HGDP
HGDP01354 HG03540#1#JAGYVY010000208.1_95187_596142_0$HG02293.verkko_filt_mat.fa:haplotype1_0000039_30204405_30517145_1	0.9532377016405016 HGDP
HGDP01354 NA19240#1#JAHEOM010000047.1_30103390_30511199_1$HG01358#1#JAGYZB010000020.1_27445742_27855492_1	0.9532339240285893 HGDP
HGDP01354 AV_HG01106#haplotype2#0000932:16673968_17175925$HG03098#2#JAHEPL010000003.1_93803759_94117426_0	0.9532124580634781 HGDP
HGDP01354 HG03540#1#JAGYVY010000208.1_95187_596142_0$HG03710.verkko_filt_mat.fa:haplotype1_0000029_102593394_102907063_0	0.9532007662939799 HGDP
HGDP01354 HG03492#1#JAHEPI010000180.1_2103395_2543326_1$HG01258#2#JAGYYU010000072.1_51562603_51970395_0	0.9531916877563072 HGDP
HGDP01354 NA18906#1#JAHEOO010000054.1_2103477_2510435_1$HG01358#1#JAGYZB010000020.1_27445742_27855492_1	0.9531848122093641 HGDP
HGDP01354 HG03540#1#JAGYVY010000208.1_95187_596142_0$HG00733#1#JAHEPQ010000019.1_46106835_46420495_0	0.9531796846277897 HGDP
HGDP01354 HG03486#1#JAHEOQ010000123.1_16677696_17085575_0$NA19240#1#JAHEOM010000047.1_30103390_30511199_1	0.9531485171139424 HGDP
HGDP01354 HG02630#1#JAHAOQ010000102.1_16672145_17079089_0$HG03492#1#JAHEPI010000180.1_2103395_2543326_1	0.9531404247396473 HGDP
HGDP01354 NA19240#1#JAHEOM010000047.1_30103390_30511199_1$HG02300.verkko_filt_pat.fa:haplotype2_0000620_143362344_143769323_1	0.9531274502324919 HGDP
HGDP01354 HG01358#1#JAGYZB010000020.1_27445742_27855492_1$HG02818#1#JAHEOS010000101.1_89626_496613_0	0.9531182988680238 HGDP
HGDP01354 HG02723#1#JAHEOU010000204.1_2102082_2414876_1$HG00741#1#JAHALY010000007.1_18781197_19307680_1	0.9530721366323597 HGDP
HGDP01354 HG02886#2#JAHAOT010000031.1_87393_401061_0$HG02293.verkko_filt_pat.fa:haplotype2_0000836_148310532_148812524_1	0.9530618047725670 HGDP
HGDP01354 HG01358#1#JAGYZB010000020.1_27445742_27855492_1$HG02300.verkko_filt_pat.fa:haplotype2_0000620_143362344_143769323_1	0.9530507054613470 HGDP
HGDP01354 HG02145#2#JAHKSF010000206.1_1005292_1413195_1$HG03492#1#JAHEPI010000180.1_2103395_2543326_1	0.9530461968818533 HGDP
HGDP01354 AV_HG01106#haplotype2#0000932:16673968_17175925$HG03710.verkko_filt_mat.fa:haplotype1_0000029_102593394_102907063_0	0.9530324777436031 HGDP
HGDP01354 HG01978#2#JAGYVR010000007.1_51532241_51939176_0$HG01358#1#JAGYZB010000020.1_27445742_27855492_1	0.9530283353335116 HGDP
HGDP01354 AV_HG01361#haplotype2#0001322:101872897_102186552$HG02080#2#JAHEOV010000017.1_16662177_17164189_0	0.9530160555950280 HGDP
HGDP01354 AV_HG00673#haplotype1#0000019:16627360_17129375$AV_HG01361#haplotype2#0001322:101872897_102186552	0.9530000072850956 HGDP
HGDP01354 HG00621#1#JAHBCD010000034.1_2122997_2624098_1$HG02886#2#JAHAOT010000031.1_87393_401061_0	0.9529812767975756 HGDP
HGDP01354 HG02717#1#JAHAOS010000015.1_16660311_17067250_0$HG01358#1#JAGYZB010000020.1_27445742_27855492_1	0.9529772519840726 HGDP
HGDP01354 AV_HG00673#haplotype1#0000019:16627360_17129375$HG02723#1#JAHEOU010000204.1_2102082_2414876_1	0.9529716903340574 HGDP
HGDP01354 HG02723#1#JAHEOU010000204.1_2102082_2414876_1$HG02080#2#JAHEOV010000017.1_16662177_17164189_0	0.9529254176567507 HGDP
HGDP01354 HG01928#1#JAGYVQ010000053.1_16676493_17083407_0$HG01358#1#JAGYZB010000020.1_27445742_27855492_1	0.9529154274323081 HGDP
HGDP01354 HG03492#1#JAHEPI010000180.1_2103395_2543326_1$NA18906#1#JAHEOO010000054.1_2103477_2510435_1	0.9528990775602829 HGDP
HGDP01354 HG01123#2#JAGYYY010000006.1_51579630_51892388_0$HG01978#1#JAGYVS010000002.1_51519970_52021951_0	0.9528987052398591 HGDP
HGDP01354 HG03492#1#JAHEPI010000180.1_2103395_2543326_1$HG03516#2#JAGYYS010000004.1_24452130_24859892_1	0.9528935495352413 HGDP
HGDP01354 HG02622#1#JAHAOO010000002.1_16673678_17080663_0$HG01358#1#JAGYZB010000020.1_27445742_27855492_1	0.9528569678953622 HGDP
HGDP01354 AV_HG02257#haplotype2#0001152:102843493_103251377$HG03492#1#JAHEPI010000180.1_2103395_2543326_1	0.9528491298462750 HGDP
HGDP01354 HG01358#1#JAGYZB010000020.1_27445742_27855492_1$HG02004.verkko_filt_mat.fa:haplotype1_0000022_97828542_98235483_0	0.9528450511647261 HGDP
HGDP01354 HG00438#2#JAHBCA010000012.1_51513023_51826723_0$HG01099.verkko_filt_pat.fa:haplotype2_0000583_143544270_144046196_1	0.9528361466232268 HGDP
HGDP01354 HG03098#2#JAHEPL010000003.1_93803759_94117426_0$HG01978#1#JAGYVS010000002.1_51519970_52021951_0	0.9528072310528320 HGDP
HGDP01354 HG02886#2#JAHAOT010000031.1_87393_401061_0$HG02071.verkko_filt_pat.fa:haplotype2_0000736_102745972_103248026_0	0.9527797799355154 HGDP
HGDP01354 HG03492#1#JAHEPI010000180.1_2103395_2543326_1$HG03579#1#JAGYVU010000029.1_91404_499180_0	0.9527499412445369 HGDP
HGDP01354 HG02717#1#JAHAOS010000015.1_16660311_17067250_0$HG03492#1#JAHEPI010000180.1_2103395_2543326_1	0.9527476086113323 HGDP
HGDP01354 AV_HG01361#haplotype2#0001322:101872897_102186552$HG02293.verkko_filt_pat.fa:haplotype2_0000836_148310532_148812524_1	0.9527391204113047 HGDP
HGDP01354 AV_HG01361#haplotype2#0001322:101872897_102186552$HG00621#1#JAHBCD010000034.1_2122997_2624098_1	0.9527278460404573 HGDP
HGDP01354 HG03492#1#JAHEPI010000180.1_2103395_2543326_1$HG002.verkko_filt_mat.fa:haplotype1_0000005_138228497_138636354_1	0.9527250974860332 HGDP
HGDP01354 HG02886#2#JAHAOT010000031.1_87393_401061_0$HG04228.verkko_filt_mat.fa:haplotype1_0000023_103429213_103930285_0	0.9527190029504082 HGDP
HGDP01354 HG03492#1#JAHEPI010000180.1_2103395_2543326_1$HG03927.verkko_filt_mat.fa:haplotype1_0000009_134765170_135173010_1	0.9526930885208275 HGDP
HGDP01354 HG02559#1#JAGYVK010000012.1_51505852_51913611_0$HG03492#1#JAHEPI010000180.1_2103395_2543326_1	0.9526914368688809 HGDP
HGDP01354 HG02723#1#JAHEOU010000204.1_2102082_2414876_1$HG02293.verkko_filt_pat.fa:haplotype2_0000836_148310532_148812524_1	0.9526865601388791 HGDP
HGDP01354 chr1_hg19_103998686_104406594_0$HG03492#1#JAHEPI010000180.1_2103395_2543326_1	0.9526767197429672 HGDP
HGDP01354 HG03492#1#JAHEPI010000180.1_2103395_2543326_1$chr1_hg38_103456064_103863972_0	0.9526767197429672 HGDP
HGDP01354 HG00438#2#JAHBCA010000012.1_51513023_51826723_0$HG03540#1#JAGYVY010000208.1_95187_596142_0	0.9526605363545249 HGDP
HGDP01354 HG03492#1#JAHEPI010000180.1_2103395_2543326_1$HG00741#2#JAHALX010000013.1_51574319_51981226_0	0.9526372277397760 HGDP
HGDP01354 HG01978#1#JAGYVS010000002.1_51519970_52021951_0$HG03710.verkko_filt_mat.fa:haplotype1_0000029_102593394_102907063_0	0.9526351593323205 HGDP
HGDP01354 AV_HG00673#haplotype1#0000019:16627360_17129375$HG01123#2#JAGYYY010000006.1_51579630_51892388_0	0.9526309928731623 HGDP
HGDP01354 AV_HG01361#haplotype2#0001322:101872897_102186552$HG04228.verkko_filt_mat.fa:haplotype1_0000023_103429213_103930285_0	0.9526160793184671 HGDP
HGDP01354 AV_HG01175#haplotype1#0000070:46006269_46414083$HG03492#1#JAHEPI010000180.1_2103395_2543326_1	0.9525784889003148 HGDP
HGDP01354 HG00621#2#JAHBCC010000031.1_16669999_17077865_0$HG03492#1#JAHEPI010000180.1_2103395_2543326_1	0.9525607942178448 HGDP
HGDP01354 HG03492#1#JAHEPI010000180.1_2103395_2543326_1$HG02818#1#JAHEOS010000101.1_89626_496613_0	0.9525418466898682 HGDP
HGDP01354 AV_HG02148#haplotype2#0002863:16304803_16712699$HG03492#1#JAHEPI010000180.1_2103395_2543326_1	0.9525091425683658 HGDP
HGDP01354 HG02630#1#JAHAOQ010000102.1_16672145_17079089_0$HG02145#2#JAHKSF010000206.1_1005292_1413195_1	0.9525032714533772 HGDP
HGDP01354 HG01123#2#JAGYYY010000006.1_51579630_51892388_0$HG02080#2#JAHEOV010000017.1_16662177_17164189_0	0.9524746803271164 HGDP
HGDP01354 HG03492#1#JAHEPI010000180.1_2103395_2543326_1$HG02071.verkko_filt_mat.fa:haplotype1_0000041_103610513_104018399_0	0.9524600452104793 HGDP
HGDP01354 HG02723#1#JAHEOU010000204.1_2102082_2414876_1$HG02071.verkko_filt_pat.fa:haplotype2_0000736_102745972_103248026_0	0.9524519458001917 HGDP
HGDP01354 HG02630#2#JAHAOP010000089.1_16669255_17076135_0$HG01358#1#JAGYZB010000020.1_27445742_27855492_1	0.9524133429576842 HGDP
HGDP01354 AV_HG01361#haplotype2#0001322:101872897_102186552$HG02071.verkko_filt_pat.fa:haplotype2_0000736_102745972_103248026_0	0.9524117281510317 HGDP
HGDP01354 AV_HG02257#haplotype2#0001152:102843493_103251377$HG02145#2#JAHKSF010000206.1_1005292_1413195_1	0.9524098375653963 HGDP
HGDP01354 AV_HG02257#haplotype2#0001152:102843493_103251377$HG02630#1#JAHAOQ010000102.1_16672145_17079089_0	0.9523834314138225 HGDP
HGDP01354 HG03492#1#JAHEPI010000180.1_2103395_2543326_1$NA19240#1#JAHEOM010000047.1_30103390_30511199_1	0.9523690716023063 HGDP
HGDP01354 HG01123#2#JAGYYY010000006.1_51579630_51892388_0$HG02293.verkko_filt_pat.fa:haplotype2_0000836_148310532_148812524_1	0.9523616095744535 HGDP
HGDP01354 HG02818#2#JAHEOR010000010.1_31775319_32183091_1$HG03492#1#JAHEPI010000180.1_2103395_2543326_1	0.9523571341883234 HGDP
HGDP01354 HG02559#1#JAGYVK010000012.1_51505852_51913611_0$HG03516#2#JAGYYS010000004.1_24452130_24859892_1	0.9523514787065922 HGDP
HGDP01354 HG02818#2#JAHEOR010000010.1_31775319_32183091_1$HG03579#1#JAGYVU010000029.1_91404_499180_0	0.9523390739217716 HGDP
HGDP01354 HG03492#1#JAHEPI010000180.1_2103395_2543326_1$HG02300.verkko_filt_pat.fa:haplotype2_0000620_143362344_143769323_1	0.9523379699395857 HGDP
HGDP01354 HG03098#2#JAHEPL010000003.1_93803759_94117426_0$HG01099.verkko_filt_pat.fa:haplotype2_0000583_143544270_144046196_1	0.9523336009892075 HGDP
HGDP01354 HG01109#1#JAHEPA010000099.1_2104245_2511104_1$HG03492#1#JAHEPI010000180.1_2103395_2543326_1	0.9523321479914294 HGDP
HGDP01354 NA19240#1#JAHEOM010000047.1_30103390_30511199_1$HG03516#2#JAGYYS010000004.1_24452130_24859892_1	0.9523215040190787 HGDP
HGDP01354 HG02559#1#JAGYVK010000012.1_51505852_51913611_0$HG03579#1#JAGYVU010000029.1_91404_499180_0	0.9523125012969722 HGDP
HGDP01354 HG03492#1#JAHEPI010000180.1_2103395_2543326_1$HG005#2#JAHEPN010000023.1_51542210_51950070_0	0.9522853447186379 HGDP
HGDP01354 HG00621#1#JAHBCD010000034.1_2122997_2624098_1$HG02723#1#JAHEOU010000204.1_2102082_2414876_1	0.9522837486770130 HGDP
HGDP01354 HG03486#1#JAHEOQ010000123.1_16677696_17085575_0$HG03492#1#JAHEPI010000180.1_2103395_2543326_1	0.9522810332297504 HGDP
HGDP01354 HG03492#1#JAHEPI010000180.1_2103395_2543326_1$HG01978#2#JAGYVR010000007.1_51532241_51939176_0	0.9522588246246990 HGDP
HGDP01354 HG02717#1#JAHAOS010000015.1_16660311_17067250_0$HG02145#2#JAHKSF010000206.1_1005292_1413195_1	0.9522451920771700 HGDP
HGDP01354 HG02818#2#JAHEOR010000010.1_31775319_32183091_1$HG02559#1#JAGYVK010000012.1_51505852_51913611_0	0.9522392698885801 HGDP
HGDP01354 HG01123#2#JAGYYY010000006.1_51579630_51892388_0$HG02071.verkko_filt_pat.fa:haplotype2_0000736_102745972_103248026_0	0.9522366852707609 HGDP
HGDP01354 HG02818#2#JAHEOR010000010.1_31775319_32183091_1$HG03516#2#JAGYYS010000004.1_24452130_24859892_1	0.9522135594105416 HGDP
HGDP01354 HG03516#2#JAGYYS010000004.1_24452130_24859892_1$HG03579#1#JAGYVU010000029.1_91404_499180_0	0.9522007863499210 HGDP
HGDP01354 NA19240#1#JAHEOM010000047.1_30103390_30511199_1$HG03579#1#JAGYVU010000029.1_91404_499180_0	0.9521730478198841 HGDP
HGDP01354 HG02559#1#JAGYVK010000012.1_51505852_51913611_0$NA19240#1#JAHEOM010000047.1_30103390_30511199_1	0.9521515654542702 HGDP
HGDP01354 HG00741#1#JAHALY010000007.1_18781197_19307680_1$HG02886#2#JAHAOT010000031.1_87393_401061_0	0.9521424645435373 HGDP
HGDP01354 AV_HG00673#haplotype1#0000019:16627360_17129375$HG03098#2#JAHEPL010000003.1_93803759_94117426_0	0.9521334733164836 HGDP
HGDP01354 HG03098#2#JAHEPL010000003.1_93803759_94117426_0$HG02080#2#JAHEOV010000017.1_16662177_17164189_0	0.9521257237185171 HGDP
HGDP01354 HG02723#1#JAHEOU010000204.1_2102082_2414876_1$HG04228.verkko_filt_mat.fa:haplotype1_0000023_103429213_103930285_0	0.9521169096937424 HGDP
HGDP01354 HG02630#2#JAHAOP010000089.1_16669255_17076135_0$HG03492#1#JAHEPI010000180.1_2103395_2543326_1	0.9521026943905423 HGDP
HGDP01354 HG01928#1#JAGYVQ010000053.1_16676493_17083407_0$HG03492#1#JAHEPI010000180.1_2103395_2543326_1	0.9520655652687768 HGDP
HGDP01354 HG02145#2#JAHKSF010000206.1_1005292_1413195_1$NA18906#1#JAHEOO010000054.1_2103477_2510435_1	0.9520622441062333 HGDP
HGDP01354 HG03098#2#JAHEPL010000003.1_93803759_94117426_0$HG03540#1#JAGYVY010000208.1_95187_596142_0	0.9520250322046180 HGDP
HGDP01354 HG03492#1#JAHEPI010000180.1_2103395_2543326_1$HG02004.verkko_filt_mat.fa:haplotype1_0000022_97828542_98235483_0	0.9520206497536532 HGDP
HGDP01354 HG02818#2#JAHEOR010000010.1_31775319_32183091_1$NA19240#1#JAHEOM010000047.1_30103390_30511199_1	0.9520145124369954 HGDP
HGDP01354 HG03492#1#JAHEPI010000180.1_2103395_2543326_1$HG03453#2#JAGYVV010000088.1_22597550_23005370_1	0.9520071180041075 HGDP
HGDP01354 AV_HG01106#haplotype2#0000932:16673968_17175925$HG02293.verkko_filt_mat.fa:haplotype1_0000039_30204405_30517145_1	0.9519838279969783 HGDP
HGDP01354 AV_HG01361#haplotype2#0001322:101872897_102186552$HG00741#1#JAHALY010000007.1_18781197_19307680_1	0.9519714175671713 HGDP
HGDP01354 HG02145#2#JAHKSF010000206.1_1005292_1413195_1$HG02818#1#JAHEOS010000101.1_89626_496613_0	0.9519653824237009 HGDP
HGDP01354 HG03492#1#JAHEPI010000180.1_2103395_2543326_1$HG02622#1#JAHAOO010000002.1_16673678_17080663_0	0.9519427989478421 HGDP
HGDP01354 HG01123#2#JAGYYY010000006.1_51579630_51892388_0$HG04228.verkko_filt_mat.fa:haplotype1_0000023_103429213_103930285_0	0.9519407167034537 HGDP
HGDP01354 AV_HG00673#haplotype1#0000019:16627360_17129375$HG03710.verkko_filt_mat.fa:haplotype1_0000029_102593394_102907063_0	0.9519306696263439 HGDP
HGDP01354 AV_HG02257#haplotype2#0001152:102843493_103251377$HG02622#1#JAHAOO010000002.1_16673678_17080663_0	0.9519278730787519 HGDP
HGDP01354 HG02145#2#JAHKSF010000206.1_1005292_1413195_1$HG02622#1#JAHAOO010000002.1_16673678_17080663_0	0.9519149956531130 HGDP
HGDP01354 HG03098#2#JAHEPL010000003.1_93803759_94117426_0$HG02293.verkko_filt_pat.fa:haplotype2_0000836_148310532_148812524_1	0.9519040466725647 HGDP
HGDP01354 HG00621#1#JAHBCD010000034.1_2122997_2624098_1$HG01123#2#JAGYYY010000006.1_51579630_51892388_0	0.9519037272358339 HGDP
HGDP01354 HG02080#2#JAHEOV010000017.1_16662177_17164189_0$HG03710.verkko_filt_mat.fa:haplotype1_0000029_102593394_102907063_0	0.9518914582143515 HGDP
HGDP01354 HG02630#1#JAHAOQ010000102.1_16672145_17079089_0$HG02717#1#JAHAOS010000015.1_16660311_17067250_0	0.9518735264740006 HGDP
HGDP01354 AV_HG02257#haplotype2#0001152:102843493_103251377$HG02818#1#JAHEOS010000101.1_89626_496613_0	0.9518689714052948 HGDP
HGDP01354 HG00621#1#JAHBCD010000034.1_2122997_2624098_1$HG03098#2#JAHEPL010000003.1_93803759_94117426_0	0.9518609025897742 HGDP
HGDP01354 HG02630#1#JAHAOQ010000102.1_16672145_17079089_0$HG02818#1#JAHEOS010000101.1_89626_496613_0	0.9517889198495237 HGDP
HGDP01354 HG03492#1#JAHEPI010000180.1_2103395_2543326_1$HG002.verkko_filt_pat.fa:haplotype2_0000649_147937390_148315979_1	0.9517470925749303 HGDP
HGDP01354 HG02630#1#JAHAOQ010000102.1_16672145_17079089_0$NA18906#1#JAHEOO010000054.1_2103477_2510435_1	0.9517297195529578 HGDP
HGDP01354 HG02630#1#JAHAOQ010000102.1_16672145_17079089_0$HG02622#1#JAHAOO010000002.1_16673678_17080663_0	0.9516749471973591 HGDP
HGDP01354 AV_HG02257#haplotype2#0001152:102843493_103251377$NA18906#1#JAHEOO010000054.1_2103477_2510435_1	0.9516596266689211 HGDP
HGDP01354 HG03710.verkko_filt_mat.fa:haplotype1_0000029_102593394_102907063_0$HG02293.verkko_filt_pat.fa:haplotype2_0000836_148310532_148812524_1	0.9516310208840224 HGDP
HGDP01354 HG03098#2#JAHEPL010000003.1_93803759_94117426_0$HG02071.verkko_filt_pat.fa:haplotype2_0000736_102745972_103248026_0	0.9516160055305087 HGDP
HGDP01354 HG01978#1#JAGYVS010000002.1_51519970_52021951_0$HG02293.verkko_filt_mat.fa:haplotype1_0000039_30204405_30517145_1	0.9515786663408878 HGDP
HGDP01354 HG02717#1#JAHAOS010000015.1_16660311_17067250_0$HG02622#1#JAHAOO010000002.1_16673678_17080663_0	0.9515417710591821 HGDP
HGDP01354 HG03098#2#JAHEPL010000003.1_93803759_94117426_0$HG04228.verkko_filt_mat.fa:haplotype1_0000023_103429213_103930285_0	0.9515308721516504 HGDP
HGDP01354 HG00621#1#JAHBCD010000034.1_2122997_2624098_1$HG03710.verkko_filt_mat.fa:haplotype1_0000029_102593394_102907063_0	0.9515248459662569 HGDP
HGDP01354 HG02717#1#JAHAOS010000015.1_16660311_17067250_0$HG02818#1#JAHEOS010000101.1_89626_496613_0	0.9514913957522892 HGDP
HGDP01354 HG02622#1#JAHAOO010000002.1_16673678_17080663_0$NA18906#1#JAHEOO010000054.1_2103477_2510435_1	0.9514455438112167 HGDP
HGDP01354 HG04228.verkko_filt_mat.fa:haplotype1_0000023_103429213_103930285_0$HG03710.verkko_filt_mat.fa:haplotype1_0000029_102593394_102907063_0	0.9513439361900841 HGDP
HGDP01354 HG03710.verkko_filt_mat.fa:haplotype1_0000029_102593394_102907063_0$HG02071.verkko_filt_pat.fa:haplotype2_0000736_102745972_103248026_0	0.9513433416619915 HGDP
HGDP01354 NA18906#1#JAHEOO010000054.1_2103477_2510435_1$HG02818#1#JAHEOS010000101.1_89626_496613_0	0.9512695334836483 HGDP
HGDP01354 HG02622#1#JAHAOO010000002.1_16673678_17080663_0$HG02818#1#JAHEOS010000101.1_89626_496613_0	0.9511654142350834 HGDP
HGDP01354 AV_HG02257#haplotype2#0001152:102843493_103251377$HG02717#1#JAHAOS010000015.1_16660311_17067250_0	0.9511599336258497 HGDP
HGDP01354 HG02717#1#JAHAOS010000015.1_16660311_17067250_0$NA18906#1#JAHEOO010000054.1_2103477_2510435_1	0.9511490056571252 HGDP
HGDP01354 HG00741#1#JAHALY010000007.1_18781197_19307680_1$HG02293.verkko_filt_mat.fa:haplotype1_0000039_30204405_30517145_1	0.9510076582041398 HGDP
HGDP01354 AV_HG00673#haplotype1#0000019:16627360_17129375$HG02293.verkko_filt_mat.fa:haplotype1_0000039_30204405_30517145_1	0.9509938438242174 HGDP
HGDP01354 HG02080#2#JAHEOV010000017.1_16662177_17164189_0$HG02293.verkko_filt_mat.fa:haplotype1_0000039_30204405_30517145_1	0.9509856090523449 HGDP
HGDP01354 HG00741#1#JAHALY010000007.1_18781197_19307680_1$HG03098#2#JAHEPL010000003.1_93803759_94117426_0	0.9507784863790670 HGDP
HGDP01354 HG02293.verkko_filt_mat.fa:haplotype1_0000039_30204405_30517145_1$HG02293.verkko_filt_pat.fa:haplotype2_0000836_148310532_148812524_1	0.9507257334390724 HGDP
HGDP01354 HG00741#1#JAHALY010000007.1_18781197_19307680_1$HG00438#2#JAHBCA010000012.1_51513023_51826723_0	0.9506878412843462 HGDP
HGDP01354 HG00741#1#JAHALY010000007.1_18781197_19307680_1$HG00733#1#JAHEPQ010000019.1_46106835_46420495_0	0.9505388730486251 HGDP
HGDP01354 HG00741#1#JAHALY010000007.1_18781197_19307680_1$HG03710.verkko_filt_mat.fa:haplotype1_0000029_102593394_102907063_0	0.9505352021805291 HGDP
HGDP01354 HG02293.verkko_filt_mat.fa:haplotype1_0000039_30204405_30517145_1$HG02071.verkko_filt_pat.fa:haplotype2_0000736_102745972_103248026_0	0.9504930975935757 HGDP
HGDP01354 AV_HG01106#haplotype2#0000932:16673968_17175925$HG00733#1#JAHEPQ010000019.1_46106835_46420495_0	0.9504240171287959 HGDP
HGDP01354 AV_HG01175#haplotype1#0000070:46006269_46414083$HG002.verkko_filt_mat.fa:haplotype1_0000005_138228497_138636354_1	0.9503681840613284 HGDP
HGDP01354 AV_HG01106#haplotype2#0000932:16673968_17175925$HG00438#2#JAHBCA010000012.1_51513023_51826723_0	0.9503332107902932 HGDP
HGDP01354 chr1_hg38_103456064_103863972_0$HG002.verkko_filt_mat.fa:haplotype1_0000005_138228497_138636354_1	0.9503183317374839 HGDP
HGDP01354 chr1_hg19_103998686_104406594_0$HG002.verkko_filt_mat.fa:haplotype1_0000005_138228497_138636354_1	0.9503183317374839 HGDP
HGDP01354 HG03453#2#JAGYVV010000088.1_22597550_23005370_1$HG002.verkko_filt_mat.fa:haplotype1_0000005_138228497_138636354_1	0.9503107008249662 HGDP
HGDP01354 AV_HG02148#haplotype2#0002863:16304803_16712699$HG002.verkko_filt_mat.fa:haplotype1_0000005_138228497_138636354_1	0.9502807177749296 HGDP
HGDP01354 HG02071.verkko_filt_mat.fa:haplotype1_0000041_103610513_104018399_0$HG002.verkko_filt_mat.fa:haplotype1_0000005_138228497_138636354_1	0.9502472061211078 HGDP
HGDP01354 HG03453#2#JAGYVV010000088.1_22597550_23005370_1$HG02071.verkko_filt_mat.fa:haplotype1_0000041_103610513_104018399_0	0.9501579952995902 HGDP
HGDP01354 AV_HG01175#haplotype1#0000070:46006269_46414083$chr1_hg38_103456064_103863972_0	0.9501532184329281 HGDP
HGDP01354 AV_HG01175#haplotype1#0000070:46006269_46414083$chr1_hg19_103998686_104406594_0	0.9501532184329281 HGDP
HGDP01354 HG00621#2#JAHBCC010000031.1_16669999_17077865_0$chr1_hg38_103456064_103863972_0	0.9501509876841946 HGDP
HGDP01354 HG00621#2#JAHBCC010000031.1_16669999_17077865_0$chr1_hg19_103998686_104406594_0	0.9501509876841946 HGDP
HGDP01354 chr1_hg38_103456064_103863972_0$HG03453#2#JAGYVV010000088.1_22597550_23005370_1	0.9501272856193257 HGDP
HGDP01354 chr1_hg19_103998686_104406594_0$HG03453#2#JAGYVV010000088.1_22597550_23005370_1	0.9501272856193257 HGDP
HGDP01354 HG00621#1#JAHBCD010000034.1_2122997_2624098_1$HG02293.verkko_filt_mat.fa:haplotype1_0000039_30204405_30517145_1	0.9501107186094144 HGDP
HGDP01354 HG00621#2#JAHBCC010000031.1_16669999_17077865_0$HG002.verkko_filt_mat.fa:haplotype1_0000005_138228497_138636354_1	0.9500841711703111 HGDP
HGDP01354 HG00621#2#JAHBCC010000031.1_16669999_17077865_0$HG02071.verkko_filt_mat.fa:haplotype1_0000041_103610513_104018399_0	0.9500721399888888 HGDP
HGDP01354 AV_HG01175#haplotype1#0000070:46006269_46414083$HG01978#2#JAGYVR010000007.1_51532241_51939176_0	0.9500619135952091 HGDP
HGDP01354 AV_HG02148#haplotype2#0002863:16304803_16712699$chr1_hg38_103456064_103863972_0	0.9500581243374718 HGDP
HGDP01354 AV_HG02148#haplotype2#0002863:16304803_16712699$chr1_hg19_103998686_104406594_0	0.9500581243374718 HGDP
HGDP01354 HG01928#1#JAGYVQ010000053.1_16676493_17083407_0$HG002.verkko_filt_mat.fa:haplotype1_0000005_138228497_138636354_1	0.9500417127227451 HGDP
HGDP01354 HG005#2#JAHEPN010000023.1_51542210_51950070_0$HG002.verkko_filt_mat.fa:haplotype1_0000005_138228497_138636354_1	0.9500345207985234 HGDP
HGDP01354 AV_HG02148#haplotype2#0002863:16304803_16712699$HG005#2#JAHEPN010000023.1_51542210_51950070_0	0.9500331179038406 HGDP
HGDP01354 AV_HG01175#haplotype1#0000070:46006269_46414083$HG00621#2#JAHBCC010000031.1_16669999_17077865_0	0.9500210495117061 HGDP
HGDP01354 chr1_hg38_103456064_103863972_0$HG02071.verkko_filt_mat.fa:haplotype1_0000041_103610513_104018399_0	0.9500087510713580 HGDP
HGDP01354 chr1_hg19_103998686_104406594_0$HG02071.verkko_filt_mat.fa:haplotype1_0000041_103610513_104018399_0	0.9500087510713580 HGDP
HGDP01354 AV_HG01175#haplotype1#0000070:46006269_46414083$HG005#2#JAHEPN010000023.1_51542210_51950070_0	0.9500028093205961 HGDP
HGDP01354 HG01978#1#JAGYVS010000002.1_51519970_52021951_0$HG00733#1#JAHEPQ010000019.1_46106835_46420495_0	0.9499644551790012 HGDP
HGDP01354 AV_HG01175#haplotype1#0000070:46006269_46414083$HG03453#2#JAGYVV010000088.1_22597550_23005370_1	0.9499587292171391 HGDP
HGDP01354 HG01978#2#JAGYVR010000007.1_51532241_51939176_0$HG02071.verkko_filt_mat.fa:haplotype1_0000041_103610513_104018399_0	0.9499565697474081 HGDP
HGDP01354 chr1_hg38_103456064_103863972_0$HG02300.verkko_filt_pat.fa:haplotype2_0000620_143362344_143769323_1	0.9499336891056611 HGDP
HGDP01354 chr1_hg19_103998686_104406594_0$HG02300.verkko_filt_pat.fa:haplotype2_0000620_143362344_143769323_1	0.9499336891056611 HGDP
HGDP01354 HG04228.verkko_filt_mat.fa:haplotype1_0000023_103429213_103930285_0$HG02293.verkko_filt_mat.fa:haplotype1_0000039_30204405_30517145_1	0.9499317195794391 HGDP
HGDP01354 AV_HG01175#haplotype1#0000070:46006269_46414083$HG03486#1#JAHEOQ010000123.1_16677696_17085575_0	0.9499312332027563 HGDP
HGDP01354 HG03453#2#JAGYVV010000088.1_22597550_23005370_1$HG005#2#JAHEPN010000023.1_51542210_51950070_0	0.9499307529215056 HGDP
HGDP01354 HG002.verkko_filt_mat.fa:haplotype1_0000005_138228497_138636354_1$HG02300.verkko_filt_pat.fa:haplotype2_0000620_143362344_143769323_1	0.9499294390187458 HGDP
HGDP01354 HG005#2#JAHEPN010000023.1_51542210_51950070_0$HG02071.verkko_filt_mat.fa:haplotype1_0000041_103610513_104018399_0	0.9499287232522748 HGDP
HGDP01354 AV_HG01175#haplotype1#0000070:46006269_46414083$HG01928#1#JAGYVQ010000053.1_16676493_17083407_0	0.9499161791394297 HGDP
HGDP01354 HG01978#2#JAGYVR010000007.1_51532241_51939176_0$HG002.verkko_filt_mat.fa:haplotype1_0000005_138228497_138636354_1	0.9499138262286047 HGDP
HGDP01354 HG01928#1#JAGYVQ010000053.1_16676493_17083407_0$HG02071.verkko_filt_mat.fa:haplotype1_0000041_103610513_104018399_0	0.9499124249281563 HGDP
HGDP01354 HG03453#2#JAGYVV010000088.1_22597550_23005370_1$HG01978#2#JAGYVR010000007.1_51532241_51939176_0	0.9499032689029818 HGDP
HGDP01354 HG03486#1#JAHEOQ010000123.1_16677696_17085575_0$chr1_hg38_103456064_103863972_0	0.9498967816207584 HGDP
HGDP01354 HG03486#1#JAHEOQ010000123.1_16677696_17085575_0$chr1_hg19_103998686_104406594_0	0.9498967816207584 HGDP
HGDP01354 AV_HG01175#haplotype1#0000070:46006269_46414083$HG02071.verkko_filt_mat.fa:haplotype1_0000041_103610513_104018399_0	0.9498944965800056 HGDP
HGDP01354 HG00621#2#JAHBCC010000031.1_16669999_17077865_0$HG005#2#JAHEPN010000023.1_51542210_51950070_0	0.9498755649954906 HGDP
HGDP01354 HG00621#2#JAHBCC010000031.1_16669999_17077865_0$HG01978#2#JAGYVR010000007.1_51532241_51939176_0	0.9498719217144822 HGDP
HGDP01354 HG01928#1#JAGYVQ010000053.1_16676493_17083407_0$HG03453#2#JAGYVV010000088.1_22597550_23005370_1	0.9498675288438586 HGDP
HGDP01354 HG03486#1#JAHEOQ010000123.1_16677696_17085575_0$HG03453#2#JAGYVV010000088.1_22597550_23005370_1	0.9498669041751842 HGDP
HGDP01354 HG00621#2#JAHBCC010000031.1_16669999_17077865_0$HG01928#1#JAGYVQ010000053.1_16676493_17083407_0	0.9498592290475495 HGDP
HGDP01354 HG00438#2#JAHBCA010000012.1_51513023_51826723_0$HG01978#1#JAGYVS010000002.1_51519970_52021951_0	0.9498508131278010 HGDP
HGDP01354 AV_HG02148#haplotype2#0002863:16304803_16712699$HG01978#2#JAGYVR010000007.1_51532241_51939176_0	0.9498027706416734 HGDP
HGDP01354 AV_HG02148#haplotype2#0002863:16304803_16712699$HG01928#1#JAGYVQ010000053.1_16676493_17083407_0	0.9497981781152871 HGDP
HGDP01354 HG02071.verkko_filt_mat.fa:haplotype1_0000041_103610513_104018399_0$HG02004.verkko_filt_mat.fa:haplotype1_0000022_97828542_98235483_0	0.9497869538085622 HGDP
HGDP01354 AV_HG02148#haplotype2#0002863:16304803_16712699$HG03453#2#JAGYVV010000088.1_22597550_23005370_1	0.9497864186783407 HGDP
HGDP01354 HG00621#2#JAHBCC010000031.1_16669999_17077865_0$HG03453#2#JAGYVV010000088.1_22597550_23005370_1	0.9497847611800923 HGDP
HGDP01354 AV_HG02148#haplotype2#0002863:16304803_16712699$HG02071.verkko_filt_mat.fa:haplotype1_0000041_103610513_104018399_0	0.9497840974615483 HGDP
HGDP01354 HG02004.verkko_filt_mat.fa:haplotype1_0000022_97828542_98235483_0$HG002.verkko_filt_mat.fa:haplotype1_0000005_138228497_138636354_1	0.9497833328148633 HGDP
HGDP01354 AV_HG01175#haplotype1#0000070:46006269_46414083$HG02004.verkko_filt_mat.fa:haplotype1_0000022_97828542_98235483_0	0.9497829388303516 HGDP
HGDP01354 AV_HG01175#haplotype1#0000070:46006269_46414083$AV_HG02148#haplotype2#0002863:16304803_16712699	0.9497801358716401 HGDP
HGDP01354 HG03486#1#JAHEOQ010000123.1_16677696_17085575_0$HG02071.verkko_filt_mat.fa:haplotype1_0000041_103610513_104018399_0	0.9497633675663518 HGDP
HGDP01354 HG005#2#JAHEPN010000023.1_51542210_51950070_0$HG02300.verkko_filt_pat.fa:haplotype2_0000620_143362344_143769323_1	0.9497593228068233 HGDP
HGDP01354 HG02071.verkko_filt_mat.fa:haplotype1_0000041_103610513_104018399_0$HG02300.verkko_filt_pat.fa:haplotype2_0000620_143362344_143769323_1	0.9497450736148469 HGDP
HGDP01354 AV_HG01175#haplotype1#0000070:46006269_46414083$HG02300.verkko_filt_pat.fa:haplotype2_0000620_143362344_143769323_1	0.9497251958043229 HGDP
HGDP01354 HG01928#1#JAGYVQ010000053.1_16676493_17083407_0$chr1_hg38_103456064_103863972_0	0.9497175985062200 HGDP
HGDP01354 HG01928#1#JAGYVQ010000053.1_16676493_17083407_0$chr1_hg19_103998686_104406594_0	0.9497175985062200 HGDP
HGDP01354 AV_HG02148#haplotype2#0002863:16304803_16712699$HG03486#1#JAHEOQ010000123.1_16677696_17085575_0	0.9497039144478335 HGDP
HGDP01354 chr1_hg38_103456064_103863972_0$HG01978#2#JAGYVR010000007.1_51532241_51939176_0	0.9496989828628998 HGDP
HGDP01354 chr1_hg19_103998686_104406594_0$HG01978#2#JAGYVR010000007.1_51532241_51939176_0	0.9496989828628998 HGDP
HGDP01354 HG03486#1#JAHEOQ010000123.1_16677696_17085575_0$HG002.verkko_filt_mat.fa:haplotype1_0000005_138228497_138636354_1	0.9496972421036135 HGDP
HGDP01354 chr1_hg38_103456064_103863972_0$HG005#2#JAHEPN010000023.1_51542210_51950070_0	0.9496870841784121 HGDP
HGDP01354 chr1_hg19_103998686_104406594_0$HG005#2#JAHEPN010000023.1_51542210_51950070_0	0.9496870841784121 HGDP
HGDP01354 HG00621#2#JAHBCC010000031.1_16669999_17077865_0$HG02004.verkko_filt_mat.fa:haplotype1_0000022_97828542_98235483_0	0.9496791439821928 HGDP
HGDP01354 HG03453#2#JAGYVV010000088.1_22597550_23005370_1$HG02004.verkko_filt_mat.fa:haplotype1_0000022_97828542_98235483_0	0.9496564836040644 HGDP
HGDP01354 AV_HG02148#haplotype2#0002863:16304803_16712699$HG00621#2#JAHBCC010000031.1_16669999_17077865_0	0.9496373647890409 HGDP
HGDP01354 HG03486#1#JAHEOQ010000123.1_16677696_17085575_0$HG01978#2#JAGYVR010000007.1_51532241_51939176_0	0.9495711081109884 HGDP
HGDP01354 HG02080#2#JAHEOV010000017.1_16662177_17164189_0$HG00438#2#JAHBCA010000012.1_51513023_51826723_0	0.9495691945333988 HGDP
HGDP01354 chr1_hg38_103456064_103863972_0$HG02004.verkko_filt_mat.fa:haplotype1_0000022_97828542_98235483_0	0.9495609302855432 HGDP
HGDP01354 chr1_hg19_103998686_104406594_0$HG02004.verkko_filt_mat.fa:haplotype1_0000022_97828542_98235483_0	0.9495609302855432 HGDP
HGDP01354 AV_HG02148#haplotype2#0002863:16304803_16712699$HG02004.verkko_filt_mat.fa:haplotype1_0000022_97828542_98235483_0	0.9495480539962995 HGDP
HGDP01354 AV_HG00673#haplotype1#0000019:16627360_17129375$HG00438#2#JAHBCA010000012.1_51513023_51826723_0	0.9495476468769835 HGDP
HGDP01354 HG03453#2#JAGYVV010000088.1_22597550_23005370_1$HG02300.verkko_filt_pat.fa:haplotype2_0000620_143362344_143769323_1	0.9495275300215726 HGDP
HGDP01354 HG03486#1#JAHEOQ010000123.1_16677696_17085575_0$HG01928#1#JAGYVQ010000053.1_16676493_17083407_0	0.9495198135301532 HGDP
HGDP01354 HG03492#1#JAHEPI010000180.1_2103395_2543326_1$HG01358#1#JAGYZB010000020.1_27445742_27855492_1	0.9495144237709944 HGDP
HGDP01354 HG03486#1#JAHEOQ010000123.1_16677696_17085575_0$HG005#2#JAHEPN010000023.1_51542210_51950070_0	0.9494660790965114 HGDP
HGDP01354 HG00741#1#JAHALY010000007.1_18781197_19307680_1$HG03492#2#JAHEPH010000288.1_2098270_2432686_1	0.9494547492657550 HGDP
HGDP01354 HG00741#1#JAHALY010000007.1_18781197_19307680_1$HG01243#1#JAHEOY010000013.1_90081_424495_0	0.9494533355179371 HGDP
HGDP01354 HG00621#2#JAHBCC010000031.1_16669999_17077865_0$HG03486#1#JAHEOQ010000123.1_16677696_17085575_0	0.9494448132288363 HGDP
HGDP01354 HG01928#1#JAGYVQ010000053.1_16676493_17083407_0$HG02300.verkko_filt_pat.fa:haplotype2_0000620_143362344_143769323_1	0.9494146344793661 HGDP
HGDP01354 HG03486#1#JAHEOQ010000123.1_16677696_17085575_0$HG02004.verkko_filt_mat.fa:haplotype1_0000022_97828542_98235483_0	0.9493789261594349 HGDP
HGDP01354 AV_HG00673#haplotype1#0000019:16627360_17129375$HG00733#1#JAHEPQ010000019.1_46106835_46420495_0	0.9493701208519550 HGDP
HGDP01354 HG02080#2#JAHEOV010000017.1_16662177_17164189_0$HG00733#1#JAHEPQ010000019.1_46106835_46420495_0	0.9493139554920367 HGDP
HGDP01354 HG01978#2#JAGYVR010000007.1_51532241_51939176_0$HG02300.verkko_filt_pat.fa:haplotype2_0000620_143362344_143769323_1	0.9493021639282785 HGDP
HGDP01354 chr1_hg19_103998686_104406594_0$chr1_hg38_103456064_103863972_0	0.9492510270811909 HGDP
HGDP01354 HG00438#2#JAHBCA010000012.1_51513023_51826723_0$HG02293.verkko_filt_pat.fa:haplotype2_0000836_148310532_148812524_1	0.9492501605653257 HGDP
HGDP01354 HG03486#1#JAHEOQ010000123.1_16677696_17085575_0$HG02300.verkko_filt_pat.fa:haplotype2_0000620_143362344_143769323_1	0.9492499409005480 HGDP
HGDP01354 HG01928#1#JAGYVQ010000053.1_16676493_17083407_0$HG005#2#JAHEPN010000023.1_51542210_51950070_0	0.9492251306395249 HGDP
HGDP01354 HG01978#2#JAGYVR010000007.1_51532241_51939176_0$HG005#2#JAHEPN010000023.1_51542210_51950070_0	0.9491979302958407 HGDP
HGDP01354 HG00621#2#JAHBCC010000031.1_16669999_17077865_0$HG02300.verkko_filt_pat.fa:haplotype2_0000620_143362344_143769323_1	0.9491677356777902 HGDP
HGDP01354 HG00621#1#JAHBCD010000034.1_2122997_2624098_1$HG00438#2#JAHBCA010000012.1_51513023_51826723_0	0.9491486389542825 HGDP
HGDP01354 HG005#2#JAHEPN010000023.1_51542210_51950070_0$HG02004.verkko_filt_mat.fa:haplotype1_0000022_97828542_98235483_0	0.9491233426467686 HGDP
HGDP01354 HG02004.verkko_filt_mat.fa:haplotype1_0000022_97828542_98235483_0$HG02300.verkko_filt_pat.fa:haplotype2_0000620_143362344_143769323_1	0.9490938769918880 HGDP
HGDP01354 HG00438#2#JAHBCA010000012.1_51513023_51826723_0$HG02071.verkko_filt_pat.fa:haplotype2_0000736_102745972_103248026_0	0.9489346447487783 HGDP
HGDP01354 AV_HG02148#haplotype2#0002863:16304803_16712699$HG02300.verkko_filt_pat.fa:haplotype2_0000620_143362344_143769323_1	0.9489273325817423 HGDP
HGDP01354 HG00621#1#JAHBCD010000034.1_2122997_2624098_1$HG00733#1#JAHEPQ010000019.1_46106835_46420495_0	0.9488696883492784 HGDP
HGDP01354 HG00438#2#JAHBCA010000012.1_51513023_51826723_0$HG04228.verkko_filt_mat.fa:haplotype1_0000023_103429213_103930285_0	0.9488633063145827 HGDP
HGDP01354 HG00733#1#JAHEPQ010000019.1_46106835_46420495_0$HG02293.verkko_filt_pat.fa:haplotype2_0000836_148310532_148812524_1	0.9488620279294666 HGDP
HGDP01354 HG00733#1#JAHEPQ010000019.1_46106835_46420495_0$HG02071.verkko_filt_pat.fa:haplotype2_0000736_102745972_103248026_0	0.9488569677757577 HGDP
HGDP01354 NA20129#2#JAHEPD010000155.1_90039_569275_0$HG02647.verkko_filt_mat.fa:haplotype1_0000002_103892584_104321036_0	0.9487743623418425 HGDP
HGDP01354 HG02622#2#JAHAON010000012.1_51551779_52031001_0$HG02647.verkko_filt_mat.fa:haplotype1_0000002_103892584_104321036_0	0.9487691942771762 HGDP
HGDP01354 HG00733#1#JAHEPQ010000019.1_46106835_46420495_0$HG04228.verkko_filt_mat.fa:haplotype1_0000023_103429213_103930285_0	0.9487625809893611 HGDP
HGDP01354 HG01928#1#JAGYVQ010000053.1_16676493_17083407_0$HG01978#2#JAGYVR010000007.1_51532241_51939176_0	0.9487604930089893 HGDP
HGDP01354 HG00438#1#JAHBCB010000015.1_33474867_33954171_0$HG02647.verkko_filt_mat.fa:haplotype1_0000002_103892584_104321036_0	0.9487291670263028 HGDP
HGDP01354 HG00438#1#JAHBCB010000015.1_33474867_33954171_0$HG02055#2#JAHEPJ010000017.1_24870122_25298560_1	0.9486415929531464 HGDP
HGDP01354 HG01928#1#JAGYVQ010000053.1_16676493_17083407_0$HG02004.verkko_filt_mat.fa:haplotype1_0000022_97828542_98235483_0	0.9486085266467865 HGDP
HGDP01354 NA20129#2#JAHEPD010000155.1_90039_569275_0$HG02055#2#JAHEPJ010000017.1_24870122_25298560_1	0.9485752929786019 HGDP
HGDP01354 HG02622#2#JAHAON010000012.1_51551779_52031001_0$HG02055#2#JAHEPJ010000017.1_24870122_25298560_1	0.9485575545713457 HGDP
HGDP01354 NA20129#2#JAHEPD010000155.1_90039_569275_0$HG02809.verkko_filt_mat.fa:haplotype1_0000023_94161320_94589755_0	0.9485500077596966 HGDP
HGDP01354 HG02622#2#JAHAON010000012.1_51551779_52031001_0$HG02809.verkko_filt_mat.fa:haplotype1_0000023_94161320_94589755_0	0.9485322123530150 HGDP
HGDP01354 HG00438#1#JAHBCB010000015.1_33474867_33954171_0$HG02809.verkko_filt_mat.fa:haplotype1_0000023_94161320_94589755_0	0.9484663604181490 HGDP
HGDP01354 HG02622#2#JAHAON010000012.1_51551779_52031001_0$HG03098#1#JAHEPM010000059.1_16676208_17105596_0	0.9484071939085102 HGDP
HGDP01354 NA20129#2#JAHEPD010000155.1_90039_569275_0$HG03098#1#JAHEPM010000059.1_16676208_17105596_0	0.9484063039945764 HGDP
HGDP01354 HG01978#2#JAGYVR010000007.1_51532241_51939176_0$HG02004.verkko_filt_mat.fa:haplotype1_0000022_97828542_98235483_0	0.9483006352581050 HGDP
HGDP01354 HG03486#2#JAHEOP010000248.1_2105565_2584784_1$HG02647.verkko_filt_mat.fa:haplotype1_0000002_103892584_104321036_0	0.9478722103090660 HGDP
HGDP01354 HG00438#1#JAHBCB010000015.1_33474867_33954171_0$HG03098#1#JAHEPM010000059.1_16676208_17105596_0	0.9478186095985514 HGDP
HGDP01354 HG01109#2#JAHEOZ010000047.1_16671232_17151375_0$HG02647.verkko_filt_mat.fa:haplotype1_0000002_103892584_104321036_0	0.9478164610691950 HGDP
HGDP01354 HG03453#1#JAGYVW010000157.1_2105722_2585000_1$HG02647.verkko_filt_mat.fa:haplotype1_0000002_103892584_104321036_0	0.9477741647732697 HGDP
HGDP01354 HG03486#2#JAHEOP010000248.1_2105565_2584784_1$HG02055#2#JAHEPJ010000017.1_24870122_25298560_1	0.9477067435918615 HGDP
HGDP01354 HG03486#2#JAHEOP010000248.1_2105565_2584784_1$HG02809.verkko_filt_mat.fa:haplotype1_0000023_94161320_94589755_0	0.9475409580907129 HGDP
HGDP01354 HG01109#2#JAHEOZ010000047.1_16671232_17151375_0$HG02055#2#JAHEPJ010000017.1_24870122_25298560_1	0.9475069258625500 HGDP
HGDP01354 HG03453#1#JAGYVW010000157.1_2105722_2585000_1$HG02055#2#JAHEPJ010000017.1_24870122_25298560_1	0.9473742369856952 HGDP
HGDP01354 HG01109#2#JAHEOZ010000047.1_16671232_17151375_0$HG02809.verkko_filt_mat.fa:haplotype1_0000023_94161320_94589755_0	0.9473709579914610 HGDP
HGDP01354 HG03492#2#JAHEPH010000288.1_2098270_2432686_1$HG02723#2#JAHEOT010000034.1_19776337_20321518_1	0.9473373337387354 HGDP
HGDP01354 HG02723#2#JAHEOT010000034.1_19776337_20321518_1$HG01243#1#JAHEOY010000013.1_90081_424495_0	0.9473358297455140 HGDP
HGDP01354 HG03486#2#JAHEOP010000248.1_2105565_2584784_1$HG03098#1#JAHEPM010000059.1_16676208_17105596_0	0.9472481227687710 HGDP
HGDP01354 HG01243#1#JAHEOY010000013.1_90081_424495_0$HG02145#1#JAHKSG010000134.1_2102465_2647653_1	0.9472451445547245 HGDP
HGDP01354 HG03453#1#JAGYVW010000157.1_2105722_2585000_1$HG02809.verkko_filt_mat.fa:haplotype1_0000023_94161320_94589755_0	0.9472398362889088 HGDP
HGDP01354 HG03492#2#JAHEPH010000288.1_2098270_2432686_1$HG02145#1#JAHKSG010000134.1_2102465_2647653_1	0.9472180478432590 HGDP
HGDP01354 HG03453#1#JAGYVW010000157.1_2105722_2585000_1$HG03098#1#JAHEPM010000059.1_16676208_17105596_0	0.9471752512338080 HGDP
HGDP01354 NA20129#2#JAHEPD010000155.1_90039_569275_0$HG002.verkko_filt_pat.fa:haplotype2_0000649_147937390_148315979_1	0.9470002641704539 HGDP
HGDP01354 HG02622#2#JAHAON010000012.1_51551779_52031001_0$HG002.verkko_filt_pat.fa:haplotype2_0000649_147937390_148315979_1	0.9469676902153555 HGDP
HGDP01354 HG03486#2#JAHEOP010000248.1_2105565_2584784_1$HG002.verkko_filt_pat.fa:haplotype2_0000649_147937390_148315979_1	0.9465325665351578 HGDP
HGDP01354 HG03098#1#JAHEPM010000059.1_16676208_17105596_0$HG01109#2#JAHEOZ010000047.1_16671232_17151375_0	0.9463785368982505 HGDP
HGDP01354 HG01109#2#JAHEOZ010000047.1_16671232_17151375_0$HG002.verkko_filt_pat.fa:haplotype2_0000649_147937390_148315979_1	0.9463467658115960 HGDP
HGDP01354 HG00438#1#JAHBCB010000015.1_33474867_33954171_0$HG002.verkko_filt_pat.fa:haplotype2_0000649_147937390_148315979_1	0.9459541407557758 HGDP
HGDP01354 HG03453#1#JAGYVW010000157.1_2105722_2585000_1$HG002.verkko_filt_pat.fa:haplotype2_0000649_147937390_148315979_1	0.9454433531806903 HGDP
HGDP01354 HG03540#2#JAGYVX010000148.1_1368955_1877115_0$HG04228.verkko_filt_pat.fa:haplotype2_0000600_103806749_104119491_0	0.9449684029913489 HGDP
HGDP01354 HG03579#2#JAGYVT010000094.1_51581892_51895531_0$HG03540#2#JAGYVX010000148.1_1368955_1877115_0	0.9449114924433687 HGDP
HGDP01354 HG03540#2#JAGYVX010000148.1_1368955_1877115_0$HG02647.verkko_filt_pat.fa:haplotype2_0000857_103738150_104051769_0	0.9448770204877014 HGDP
HGDP01354 HG03540#2#JAGYVX010000148.1_1368955_1877115_0$HG01891#1#JAGYVO010000014.1_22855818_23168577_1	0.9445953936155971 HGDP
HGDP01354 AV_HG01361#haplotype2#0001322:101872897_102186552$HG04228.verkko_filt_pat.fa:haplotype2_0000600_103806749_104119491_0	0.9444391980017995 HGDP
HGDP01354 AV_HG01361#haplotype2#0001322:101872897_102186552$HG01891#1#JAGYVO010000014.1_22855818_23168577_1	0.9444226135466389 HGDP
HGDP01354 AV_HG01361#haplotype2#0001322:101872897_102186552$HG03579#2#JAGYVT010000094.1_51581892_51895531_0	0.9444201492020953 HGDP
HGDP01354 AV_HG01361#haplotype2#0001322:101872897_102186552$HG02647.verkko_filt_pat.fa:haplotype2_0000857_103738150_104051769_0	0.9443670535454970 HGDP
HGDP01354 AV_HG01361#haplotype2#0001322:101872897_102186552$HG02109#2#JAHEPF010000078.1_16678387_16991144_0	0.9443349271959676 HGDP
HGDP01354 AV_HG01361#haplotype2#0001322:101872897_102186552$HG01123#2#JAGYYY010000006.1_51579630_51892388_0	0.9442299960123463 HGDP
HGDP01354 HG02886#2#JAHAOT010000031.1_87393_401061_0$HG04228.verkko_filt_pat.fa:haplotype2_0000600_103806749_104119491_0	0.9442032373479957 HGDP
HGDP01354 HG03540#2#JAGYVX010000148.1_1368955_1877115_0$HG02109#2#JAHEPF010000078.1_16678387_16991144_0	0.9441811454136008 HGDP
HGDP01354 HG01123#2#JAGYYY010000006.1_51579630_51892388_0$HG03540#2#JAGYVX010000148.1_1368955_1877115_0	0.9437663541423030 HGDP
HGDP01354 HG01123#2#JAGYYY010000006.1_51579630_51892388_0$HG02886#2#JAHAOT010000031.1_87393_401061_0	0.9437373819484934 HGDP
HGDP01354 HG02886#2#JAHAOT010000031.1_87393_401061_0$HG02109#2#JAHEPF010000078.1_16678387_16991144_0	0.9436947824066499 HGDP
HGDP01354 HG04228.verkko_filt_pat.fa:haplotype2_0000600_103806749_104119491_0$HG03710.verkko_filt_mat.fa:haplotype1_0000029_102593394_102907063_0	0.9435852902295569 HGDP
HGDP01354 HG02886#2#JAHAOT010000031.1_87393_401061_0$HG01891#1#JAGYVO010000014.1_22855818_23168577_1	0.9435806612237665 HGDP
HGDP01354 HG02080#1#JAHEOW010000048.1_16689583_17097287_0$HG03486#2#JAHEOP010000248.1_2105565_2584784_1	0.9435460670481137 HGDP
HGDP01354 HG02559#2#JAGYVJ010000037.1_52167780_52574597_1$NA20129#2#JAHEPD010000155.1_90039_569275_0	0.9434707947474639 HGDP
HGDP01354 HG02559#2#JAGYVJ010000037.1_52167780_52574597_1$HG02622#2#JAHAON010000012.1_51551779_52031001_0	0.9434324808623696 HGDP
HGDP01354 HG03579#2#JAGYVT010000094.1_51581892_51895531_0$HG02886#2#JAHAOT010000031.1_87393_401061_0	0.9434136117584505 HGDP
HGDP01354 HG03486#2#JAHEOP010000248.1_2105565_2584784_1$HG02300.verkko_filt_mat.fa:haplotype1_0000028_144052837_144460586_1	0.9434039025162253 HGDP
HGDP01354 AV_HG01361#haplotype2#0001322:101872897_102186552$HG02723#1#JAHEOU010000204.1_2102082_2414876_1	0.9433979463942204 HGDP
HGDP01354 HG02886#2#JAHAOT010000031.1_87393_401061_0$HG02647.verkko_filt_pat.fa:haplotype2_0000857_103738150_104051769_0	0.9433786993514587 HGDP
HGDP01354 HG02080#1#JAHEOW010000048.1_16689583_17097287_0$NA20129#2#JAHEPD010000155.1_90039_569275_0	0.9433609598430412 HGDP
HGDP01354 HG02647.verkko_filt_mat.fa:haplotype1_0000002_103892584_104321036_0$HG03927.verkko_filt_pat.fa:haplotype2_0000800_29002142_29504057_1	0.9433440026997369 HGDP
HGDP01354 AV_HG01361#haplotype1#0000023:101593539_102001341$NA20129#2#JAHEPD010000155.1_90039_569275_0	0.9433417636973132 HGDP
HGDP01354 NA20129#2#JAHEPD010000155.1_90039_569275_0$HG01099.verkko_filt_mat.fa:haplotype1_0000034_142513097_142920876_1	0.9433416398072393 HGDP
HGDP01354 HG03098#2#JAHEPL010000003.1_93803759_94117426_0$HG04228.verkko_filt_pat.fa:haplotype2_0000600_103806749_104119491_0	0.9433211682440711 HGDP
HGDP01354 HG02080#1#JAHEOW010000048.1_16689583_17097287_0$HG02622#2#JAHAON010000012.1_51551779_52031001_0	0.9433167573000956 HGDP
HGDP01354 HG02622#2#JAHAON010000012.1_51551779_52031001_0$HG01099.verkko_filt_mat.fa:haplotype1_0000034_142513097_142920876_1	0.9433155090755491 HGDP
HGDP01354 HG02559#2#JAGYVJ010000037.1_52167780_52574597_1$HG00438#1#JAHBCB010000015.1_33474867_33954171_0	0.9433115950471413 HGDP
HGDP01354 AV_HG01361#haplotype1#0000023:101593539_102001341$HG02622#2#JAHAON010000012.1_51551779_52031001_0	0.9432975661815836 HGDP
HGDP01354 NA20129#2#JAHEPD010000155.1_90039_569275_0$HG02300.verkko_filt_mat.fa:haplotype1_0000028_144052837_144460586_1	0.9432908129587225 HGDP
HGDP01354 HG03486#2#JAHEOP010000248.1_2105565_2584784_1$HG01099.verkko_filt_mat.fa:haplotype1_0000034_142513097_142920876_1	0.9432685973514108 HGDP
HGDP01354 HG02622#2#JAHAON010000012.1_51551779_52031001_0$HG02300.verkko_filt_mat.fa:haplotype1_0000028_144052837_144460586_1	0.9432646745901690 HGDP
HGDP01354 HG02055#2#JAHEPJ010000017.1_24870122_25298560_1$HG03927.verkko_filt_pat.fa:haplotype2_0000800_29002142_29504057_1	0.9432503349514391 HGDP
HGDP01354 HG02723#1#JAHEOU010000204.1_2102082_2414876_1$HG03540#2#JAGYVX010000148.1_1368955_1877115_0	0.9432285435175747 HGDP
HGDP01354 AV_HG01361#haplotype1#0000023:101593539_102001341$HG03486#2#JAHEOP010000248.1_2105565_2584784_1	0.9431606777181674 HGDP
HGDP01354 HG04228.verkko_filt_pat.fa:haplotype2_0000600_103806749_104119491_0$HG02647.verkko_filt_pat.fa:haplotype2_0000857_103738150_104051769_0	0.9431572524854183 HGDP
HGDP01354 AV_HG00673#haplotype2#0001165:24014011_24421797$NA20129#2#JAHEPD010000155.1_90039_569275_0	0.9431506862115944 HGDP
HGDP01354 HG03579#2#JAGYVT010000094.1_51581892_51895531_0$HG04228.verkko_filt_pat.fa:haplotype2_0000600_103806749_104119491_0	0.9431376372622013 HGDP
HGDP01354 HG02809.verkko_filt_mat.fa:haplotype1_0000023_94161320_94589755_0$HG03927.verkko_filt_pat.fa:haplotype2_0000800_29002142_29504057_1	0.9431337643550577 HGDP
HGDP01354 AV_HG00673#haplotype2#0001165:24014011_24421797$HG02622#2#JAHAON010000012.1_51551779_52031001_0	0.9431305016784273 HGDP
HGDP01354 NA20129#2#JAHEPD010000155.1_90039_569275_0$HG03516#1#JAGYYT010000012.1_24170958_24578778_1	0.9431284710875180 HGDP
HGDP01354 HG02723#2#JAHEOT010000034.1_19776337_20321518_1$HG002.verkko_filt_pat.fa:haplotype2_0000649_147937390_148315979_1	0.9431006231182812 HGDP
HGDP01354 HG02559#2#JAGYVJ010000037.1_52167780_52574597_1$HG03486#2#JAHEOP010000248.1_2105565_2584784_1	0.9430962490605366 HGDP
HGDP01354 HG02622#2#JAHAON010000012.1_51551779_52031001_0$HG03516#1#JAGYYT010000012.1_24170958_24578778_1	0.9430961160334956 HGDP
HGDP01354 HG02622#2#JAHAON010000012.1_51551779_52031001_0$HG01123#1#JAGYYZ010000015.1_51528240_51935090_0	0.9430870379740437 HGDP
HGDP01354 HG02622#2#JAHAON010000012.1_51551779_52031001_0$HG01258#2#JAGYYU010000072.1_51562603_51970395_0	0.9430811196533554 HGDP
HGDP01354 NA20129#2#JAHEPD010000155.1_90039_569275_0$HG01258#2#JAGYYU010000072.1_51562603_51970395_0	0.9430537474853109 HGDP
HGDP01354 NA20129#2#JAHEPD010000155.1_90039_569275_0$HG01123#1#JAGYYZ010000015.1_51528240_51935090_0	0.9430416781776241 HGDP
HGDP01354 NA20129#2#JAHEPD010000155.1_90039_569275_0$NA19240#2#JAHEOL010000010.1_37445323_37853017_0	0.9430237893679615 HGDP
HGDP01354 HG02723#1#JAHEOU010000204.1_2102082_2414876_1$HG02886#2#JAHAOT010000031.1_87393_401061_0	0.9430141021080176 HGDP
HGDP01354 HG01891#1#JAGYVO010000014.1_22855818_23168577_1$HG03710.verkko_filt_mat.fa:haplotype1_0000029_102593394_102907063_0	0.9429997320994681 HGDP
HGDP01354 HG01258#1#JAGYYV010000004.1_56955948_57456952_1$HG02647.verkko_filt_mat.fa:haplotype1_0000002_103892584_104321036_0	0.9429797348251784 HGDP
HGDP01354 HG02622#2#JAHAON010000012.1_51551779_52031001_0$NA19240#2#JAHEOL010000010.1_37445323_37853017_0	0.9429794957170577 HGDP
HGDP01354 HG01123#1#JAGYYZ010000015.1_51528240_51935090_0$HG03486#2#JAHEOP010000248.1_2105565_2584784_1	0.9429565210213491 HGDP
HGDP01354 NA20129#2#JAHEPD010000155.1_90039_569275_0$HG02717#2#JAHAOR010000006.1_19663827_20070693_1	0.9429330855864371 HGDP
HGDP01354 HG02622#2#JAHAON010000012.1_51551779_52031001_0$HG02717#2#JAHAOR010000006.1_19663827_20070693_1	0.9429245224546260 HGDP
HGDP01354 AV_HG00673#haplotype2#0001165:24014011_24421797$HG03486#2#JAHEOP010000248.1_2105565_2584784_1	0.9429049960006369 HGDP
HGDP01354 HG03486#2#JAHEOP010000248.1_2105565_2584784_1$NA19240#2#JAHEOL010000010.1_37445323_37853017_0	0.9428869482359369 HGDP
HGDP01354 HG005#1#JAHEPO010000002.1_51519219_51926067_0$NA20129#2#JAHEPD010000155.1_90039_569275_0	0.9428710461085574 HGDP
HGDP01354 HG005#1#JAHEPO010000002.1_51519219_51926067_0$HG02622#2#JAHAON010000012.1_51551779_52031001_0	0.9428684379117600 HGDP
HGDP01354 HG02622#2#JAHAON010000012.1_51551779_52031001_0$HG00741#2#JAHALX010000013.1_51574319_51981226_0	0.9428388983074937 HGDP
HGDP01354 NA20129#2#JAHEPD010000155.1_90039_569275_0$HG00741#2#JAHALX010000013.1_51574319_51981226_0	0.9428355978030403 HGDP
HGDP01354 HG01258#1#JAGYYV010000004.1_56955948_57456952_1$HG02055#2#JAHEPJ010000017.1_24870122_25298560_1	0.9428307326112272 HGDP
HGDP01354 HG01071#1#JAHBCF010000053.1_26607100_27108065_1$HG02647.verkko_filt_mat.fa:haplotype1_0000002_103892584_104321036_0	0.9428289634695662 HGDP
HGDP01354 HG00741#1#JAHALY010000007.1_18781197_19307680_1$HG002.verkko_filt_pat.fa:haplotype2_0000649_147937390_148315979_1	0.9428232699899651 HGDP
HGDP01354 HG02559#2#JAGYVJ010000037.1_52167780_52574597_1$HG01109#2#JAHEOZ010000047.1_16671232_17151375_0	0.9428010242735435 HGDP
HGDP01354 AV_HG01361#haplotype2#0001322:101872897_102186552$HG03540#2#JAGYVX010000148.1_1368955_1877115_0	0.9427581273026836 HGDP
HGDP01354 HG03486#2#JAHEOP010000248.1_2105565_2584784_1$HG01258#2#JAGYYU010000072.1_51562603_51970395_0	0.9427364478777317 HGDP
HGDP01354 HG01258#1#JAGYYV010000004.1_56955948_57456952_1$HG02809.verkko_filt_mat.fa:haplotype1_0000023_94161320_94589755_0	0.9427086764487418 HGDP
HGDP01354 HG02080#1#JAHEOW010000048.1_16689583_17097287_0$HG03453#1#JAGYVW010000157.1_2105722_2585000_1	0.9426923579115420 HGDP
HGDP01354 HG03540#2#JAGYVX010000148.1_1368955_1877115_0$HG02886#2#JAHAOT010000031.1_87393_401061_0	0.9426811402459305 HGDP
HGDP01354 HG03486#2#JAHEOP010000248.1_2105565_2584784_1$HG02717#2#JAHAOR010000006.1_19663827_20070693_1	0.9426757144325740 HGDP
HGDP01354 HG01123#2#JAGYYY010000006.1_51579630_51892388_0$HG03098#2#JAHEPL010000003.1_93803759_94117426_0	0.9426509598919283 HGDP
HGDP01354 HG01891#1#JAGYVO010000014.1_22855818_23168577_1$HG04228.verkko_filt_pat.fa:haplotype2_0000600_103806749_104119491_0	0.9426267614541298 HGDP
HGDP01354 HG005#1#JAHEPO010000002.1_51519219_51926067_0$HG03486#2#JAHEOP010000248.1_2105565_2584784_1	0.9426200097758306 HGDP
HGDP01354 HG03579#2#JAGYVT010000094.1_51581892_51895531_0$HG02293.verkko_filt_mat.fa:haplotype1_0000039_30204405_30517145_1	0.9426005266217897 HGDP
HGDP01354 HG03453#1#JAGYVW010000157.1_2105722_2585000_1$HG01099.verkko_filt_mat.fa:haplotype1_0000034_142513097_142920876_1	0.9425890620050864 HGDP
HGDP01354 HG02647.verkko_filt_pat.fa:haplotype2_0000857_103738150_104051769_0$HG02293.verkko_filt_mat.fa:haplotype1_0000039_30204405_30517145_1	0.9425840461782672 HGDP
HGDP01354 HG01258#1#JAGYYV010000004.1_56955948_57456952_1$HG03098#1#JAHEPM010000059.1_16676208_17105596_0	0.9425756174159675 HGDP
HGDP01354 HG01123#1#JAGYYZ010000015.1_51528240_51935090_0$HG01109#2#JAHEOZ010000047.1_16671232_17151375_0	0.9425585162485306 HGDP
HGDP01354 HG01071#1#JAHBCF010000053.1_26607100_27108065_1$HG02055#2#JAHEPJ010000017.1_24870122_25298560_1	0.9425426626992006 HGDP
HGDP01354 HG03486#2#JAHEOP010000248.1_2105565_2584784_1$HG03516#1#JAGYYT010000012.1_24170958_24578778_1	0.9425337742350974 HGDP
HGDP01354 AV_HG00673#haplotype2#0001165:24014011_24421797$HG03453#1#JAGYVW010000157.1_2105722_2585000_1	0.9425196158158543 HGDP
HGDP01354 HG03579#2#JAGYVT010000094.1_51581892_51895531_0$HG03710.verkko_filt_mat.fa:haplotype1_0000029_102593394_102907063_0	0.9425040655577164 HGDP
HGDP01354 HG03453#1#JAGYVW010000157.1_2105722_2585000_1$HG02300.verkko_filt_mat.fa:haplotype1_0000028_144052837_144460586_1	0.9424905202500695 HGDP
HGDP01354 HG02622#2#JAHAON010000012.1_51551779_52031001_0$HG03927.verkko_filt_mat.fa:haplotype1_0000009_134765170_135173010_1	0.9424767820322093 HGDP
HGDP01354 HG01109#2#JAHEOZ010000047.1_16671232_17151375_0$HG02717#2#JAHAOR010000006.1_19663827_20070693_1	0.9424560745972012 HGDP
HGDP01354 HG01123#2#JAGYYY010000006.1_51579630_51892388_0$HG03710.verkko_filt_mat.fa:haplotype1_0000029_102593394_102907063_0	0.9424560044020694 HGDP
HGDP01354 NA20129#2#JAHEPD010000155.1_90039_569275_0$HG03927.verkko_filt_mat.fa:haplotype1_0000009_134765170_135173010_1	0.9424553101630655 HGDP
HGDP01354 HG03710.verkko_filt_mat.fa:haplotype1_0000029_102593394_102907063_0$HG02647.verkko_filt_pat.fa:haplotype2_0000857_103738150_104051769_0	0.9424506364378639 HGDP
HGDP01354 AV_HG01361#haplotype1#0000023:101593539_102001341$HG03453#1#JAGYVW010000157.1_2105722_2585000_1	0.9424155473833769 HGDP
HGDP01354 HG03098#2#JAHEPL010000003.1_93803759_94117426_0$HG01891#1#JAGYVO010000014.1_22855818_23168577_1	0.9424066806675928 HGDP
HGDP01354 HG01891#1#JAGYVO010000014.1_22855818_23168577_1$HG02293.verkko_filt_mat.fa:haplotype1_0000039_30204405_30517145_1	0.9424008653490676 HGDP
HGDP01354 HG03579#2#JAGYVT010000094.1_51581892_51895531_0$HG02109#2#JAHEPF010000078.1_16678387_16991144_0	0.9423419752431967 HGDP
HGDP01354 HG02109#2#JAHEPF010000078.1_16678387_16991144_0$HG04228.verkko_filt_pat.fa:haplotype2_0000600_103806749_104119491_0	0.9423402748742480 HGDP
HGDP01354 HG01071#1#JAHBCF010000053.1_26607100_27108065_1$HG02809.verkko_filt_mat.fa:haplotype1_0000023_94161320_94589755_0	0.9423277060454529 HGDP
HGDP01354 HG02109#2#JAHEPF010000078.1_16678387_16991144_0$HG02293.verkko_filt_mat.fa:haplotype1_0000039_30204405_30517145_1	0.9423132215779740 HGDP
HGDP01354 HG02109#2#JAHEPF010000078.1_16678387_16991144_0$HG02647.verkko_filt_pat.fa:haplotype2_0000857_103738150_104051769_0	0.9423064970143981 HGDP
HGDP01354 HG01071#1#JAHBCF010000053.1_26607100_27108065_1$HG03098#1#JAHEPM010000059.1_16676208_17105596_0	0.9423045798908155 HGDP
HGDP01354 HG01123#2#JAGYYY010000006.1_51579630_51892388_0$HG03579#2#JAGYVT010000094.1_51581892_51895531_0	0.9423009338514896 HGDP
HGDP01354 HG03098#1#JAHEPM010000059.1_16676208_17105596_0$HG03927.verkko_filt_pat.fa:haplotype2_0000800_29002142_29504057_1	0.9422941185450152 HGDP
HGDP01354 HG02109#2#JAHEPF010000078.1_16678387_16991144_0$HG03710.verkko_filt_mat.fa:haplotype1_0000029_102593394_102907063_0	0.9422902297098401 HGDP
HGDP01354 HG01109#2#JAHEOZ010000047.1_16671232_17151375_0$HG01258#2#JAGYYU010000072.1_51562603_51970395_0	0.9422899269241957 HGDP
HGDP01354 HG01123#2#JAGYYY010000006.1_51579630_51892388_0$HG02647.verkko_filt_pat.fa:haplotype2_0000857_103738150_104051769_0	0.9422840801919763 HGDP
HGDP01354 HG03486#2#JAHEOP010000248.1_2105565_2584784_1$HG00741#2#JAHALX010000013.1_51574319_51981226_0	0.9422822578774347 HGDP
HGDP01354 HG02145#2#JAHKSF010000206.1_1005292_1413195_1$HG02622#2#JAHAON010000012.1_51551779_52031001_0	0.9422808984723523 HGDP
HGDP01354 HG005#1#JAHEPO010000002.1_51519219_51926067_0$HG01109#2#JAHEOZ010000047.1_16671232_17151375_0	0.9422806714561878 HGDP
HGDP01354 HG01109#1#JAHEPA010000099.1_2104245_2511104_1$HG02622#2#JAHAON010000012.1_51551779_52031001_0	0.9422728561696301 HGDP
HGDP01354 HG02622#2#JAHAON010000012.1_51551779_52031001_0$HG02886#1#JAHAOU010000178.1_62411_469262_0	0.9422708380554989 HGDP
HGDP01354 HG02145#2#JAHKSF010000206.1_1005292_1413195_1$NA20129#2#JAHEPD010000155.1_90039_569275_0	0.9422591865370314 HGDP
HGDP01354 HG01109#1#JAHEPA010000099.1_2104245_2511104_1$NA20129#2#JAHEPD010000155.1_90039_569275_0	0.9422517319011179 HGDP
HGDP01354 HG03579#2#JAGYVT010000094.1_51581892_51895531_0$HG03098#2#JAHEPL010000003.1_93803759_94117426_0	0.9422234449600079 HGDP
HGDP01354 HG03098#2#JAHEPL010000003.1_93803759_94117426_0$HG02647.verkko_filt_pat.fa:haplotype2_0000857_103738150_104051769_0	0.9422064372981470 HGDP
HGDP01354 HG02109#2#JAHEPF010000078.1_16678387_16991144_0$HG00733#1#JAHEPQ010000019.1_46106835_46420495_0	0.9421986744275685 HGDP
HGDP01354 NA20129#2#JAHEPD010000155.1_90039_569275_0$HG02886#1#JAHAOU010000178.1_62411_469262_0	0.9421711687248940 HGDP
HGDP01354 HG02559#1#JAGYVK010000012.1_51505852_51913611_0$HG02622#2#JAHAON010000012.1_51551779_52031001_0	0.9421645546404187 HGDP
HGDP01354 HG01109#2#JAHEOZ010000047.1_16671232_17151375_0$HG00741#2#JAHALX010000013.1_51574319_51981226_0	0.9421621210457564 HGDP
HGDP01354 HG02622#2#JAHAON010000012.1_51551779_52031001_0$HG02486#2#JAGYVL010000029.1_94163344_94570162_0	0.9421514405199810 HGDP
HGDP01354 HG02622#2#JAHAON010000012.1_51551779_52031001_0$HG03516#2#JAGYYS010000004.1_24452130_24859892_1	0.9421396195633652 HGDP
HGDP01354 HG02145#1#JAHKSG010000134.1_2102465_2647653_1$HG002.verkko_filt_pat.fa:haplotype2_0000649_147937390_148315979_1	0.9421049064917257 HGDP
HGDP01354 HG00733#1#JAHEPQ010000019.1_46106835_46420495_0$HG01891#1#JAGYVO010000014.1_22855818_23168577_1	0.9421028536857042 HGDP
HGDP01354 HG02559#1#JAGYVK010000012.1_51505852_51913611_0$NA20129#2#JAHEPD010000155.1_90039_569275_0	0.9420888787548314 HGDP
HGDP01354 HG03486#2#JAHEOP010000248.1_2105565_2584784_1$HG02486#2#JAGYVL010000029.1_94163344_94570162_0	0.9420786984966282 HGDP
HGDP01354 HG02622#2#JAHAON010000012.1_51551779_52031001_0$NA19240#1#JAHEOM010000047.1_30103390_30511199_1	0.9420785575131860 HGDP
HGDP01354 HG02886#1#JAHAOU010000178.1_62411_469262_0$HG03486#2#JAHEOP010000248.1_2105565_2584784_1	0.9420782882285268 HGDP
HGDP01354 NA20129#2#JAHEPD010000155.1_90039_569275_0$HG03516#2#JAGYYS010000004.1_24452130_24859892_1	0.9420698738224896 HGDP
HGDP01354 NA20129#2#JAHEPD010000155.1_90039_569275_0$HG02486#2#JAGYVL010000029.1_94163344_94570162_0	0.9420578004350196 HGDP
HGDP01354 HG03486#2#JAHEOP010000248.1_2105565_2584784_1$HG03927.verkko_filt_mat.fa:haplotype1_0000009_134765170_135173010_1	0.9420475548990378 HGDP
HGDP01354 NA18906#2#JAHEON010000009.1_93748295_94249275_0$HG02647.verkko_filt_mat.fa:haplotype1_0000002_103892584_104321036_0	0.9420290167654822 HGDP
HGDP01354 HG03453#1#JAGYVW010000157.1_2105722_2585000_1$HG02559#2#JAGYVJ010000037.1_52167780_52574597_1	0.9420273227322770 HGDP
HGDP01354 NA20129#2#JAHEPD010000155.1_90039_569275_0$NA19240#1#JAHEOM010000047.1_30103390_30511199_1	0.9420090544590660 HGDP
HGDP01354 HG02622#2#JAHAON010000012.1_51551779_52031001_0$HG03579#1#JAGYVU010000029.1_91404_499180_0	0.9420003349142907 HGDP
HGDP01354 HG02818#2#JAHEOR010000010.1_31775319_32183091_1$HG02622#2#JAHAON010000012.1_51551779_52031001_0	0.9419913847611900 HGDP
HGDP01354 HG03453#1#JAGYVW010000157.1_2105722_2585000_1$NA19240#2#JAHEOL010000010.1_37445323_37853017_0	0.9419762944617114 HGDP
HGDP01354 AV_HG02257#haplotype2#0001152:102843493_103251377$HG02622#2#JAHAON010000012.1_51551779_52031001_0	0.9419698100864019 HGDP
HGDP01354 HG02622#2#JAHAON010000012.1_51551779_52031001_0$HG002.verkko_filt_mat.fa:haplotype1_0000005_138228497_138636354_1	0.9419445855235721 HGDP
HGDP01354 AV_HG02257#haplotype2#0001152:102843493_103251377$NA20129#2#JAHEPD010000155.1_90039_569275_0	0.9419421753316320 HGDP
HGDP01354 HG00438#2#JAHBCA010000012.1_51513023_51826723_0$HG02109#2#JAHEPF010000078.1_16678387_16991144_0	0.9419390170933791 HGDP
HGDP01354 AV_HG02148#haplotype2#0002863:16304803_16712699$HG02622#2#JAHAON010000012.1_51551779_52031001_0	0.9419290515594192 HGDP
HGDP01354 HG02145#2#JAHKSF010000206.1_1005292_1413195_1$HG03486#2#JAHEOP010000248.1_2105565_2584784_1	0.9419261739555681 HGDP
HGDP01354 HG00438#1#JAHBCB010000015.1_33474867_33954171_0$HG02809.verkko_filt_pat.fa:haplotype2_0001251_103421111_103827972_0	0.9419260327914798 HGDP
HGDP01354 HG02622#2#JAHAON010000012.1_51551779_52031001_0$HG02071.verkko_filt_mat.fa:haplotype1_0000041_103610513_104018399_0	0.9419245720509049 HGDP
HGDP01354 HG00621#2#JAHBCC010000031.1_16669999_17077865_0$HG02622#2#JAHAON010000012.1_51551779_52031001_0	0.9419140635610880 HGDP
HGDP01354 HG02818#2#JAHEOR010000010.1_31775319_32183091_1$NA20129#2#JAHEPD010000155.1_90039_569275_0	0.9419099461009773 HGDP
HGDP01354 NA20129#2#JAHEPD010000155.1_90039_569275_0$HG03579#1#JAGYVU010000029.1_91404_499180_0	0.9418946847944679 HGDP
HGDP01354 HG00438#1#JAHBCB010000015.1_33474867_33954171_0$HG01123#1#JAGYYZ010000015.1_51528240_51935090_0	0.9418942846664058 HGDP
HGDP01354 HG00438#1#JAHBCB010000015.1_33474867_33954171_0$HG02717#2#JAHAOR010000006.1_19663827_20070693_1	0.9418934863183582 HGDP
HGDP01354 HG005#1#JAHEPO010000002.1_51519219_51926067_0$HG00438#1#JAHBCB010000015.1_33474867_33954171_0	0.9418793689133200 HGDP
HGDP01354 HG00438#1#JAHBCB010000015.1_33474867_33954171_0$HG01258#2#JAGYYU010000072.1_51562603_51970395_0	0.9418766841829106 HGDP
HGDP01354 NA20129#2#JAHEPD010000155.1_90039_569275_0$HG002.verkko_filt_mat.fa:haplotype1_0000005_138228497_138636354_1	0.9418686010815305 HGDP
HGDP01354 NA20129#2#JAHEPD010000155.1_90039_569275_0$HG02071.verkko_filt_mat.fa:haplotype1_0000041_103610513_104018399_0	0.9418666460633738 HGDP
HGDP01354 HG03540#2#JAGYVX010000148.1_1368955_1877115_0$HG02293.verkko_filt_mat.fa:haplotype1_0000039_30204405_30517145_1	0.9418605098544710 HGDP
HGDP01354 HG03453#1#JAGYVW010000157.1_2105722_2585000_1$HG01258#2#JAGYYU010000072.1_51562603_51970395_0	0.9418604442423966 HGDP
HGDP01354 HG02630#1#JAHAOQ010000102.1_16672145_17079089_0$HG02622#2#JAHAON010000012.1_51551779_52031001_0	0.9418546878086198 HGDP
HGDP01354 AV_HG02148#haplotype2#0002863:16304803_16712699$NA20129#2#JAHEPD010000155.1_90039_569275_0	0.9418532406748833 HGDP
HGDP01354 HG00621#2#JAHBCC010000031.1_16669999_17077865_0$NA20129#2#JAHEPD010000155.1_90039_569275_0	0.9418501724007445 HGDP
HGDP01354 HG03098#2#JAHEPL010000003.1_93803759_94117426_0$HG02109#2#JAHEPF010000078.1_16678387_16991144_0	0.9418452908561089 HGDP
HGDP01354 NA20129#2#JAHEPD010000155.1_90039_569275_0$HG02109#1#JAHEPG010000026.1_16673035_17080816_0	0.9418443242380186 HGDP
HGDP01354 HG02886#1#JAHAOU010000178.1_62411_469262_0$HG01109#2#JAHEOZ010000047.1_16671232_17151375_0	0.9418367668401726 HGDP
HGDP01354 HG02630#1#JAHAOQ010000102.1_16672145_17079089_0$NA20129#2#JAHEPD010000155.1_90039_569275_0	0.9418329450037746 HGDP
HGDP01354 HG03453#1#JAGYVW010000157.1_2105722_2585000_1$HG005#1#JAHEPO010000002.1_51519219_51926067_0	0.9418274447378129 HGDP
HGDP01354 HG00733#1#JAHEPQ010000019.1_46106835_46420495_0$HG02647.verkko_filt_pat.fa:haplotype2_0000857_103738150_104051769_0	0.9417898141843484 HGDP
HGDP01354 HG01123#2#JAGYYY010000006.1_51579630_51892388_0$HG01891#1#JAGYVO010000014.1_22855818_23168577_1	0.9417895005862197 HGDP
HGDP01354 HG03579#2#JAGYVT010000094.1_51581892_51895531_0$HG00733#1#JAHEPQ010000019.1_46106835_46420495_0	0.9417880227229362 HGDP
HGDP01354 HG02622#2#JAHAON010000012.1_51551779_52031001_0$HG02109#1#JAHEPG010000026.1_16673035_17080816_0	0.9417878318920549 HGDP
HGDP01354 HG02145#2#JAHKSF010000206.1_1005292_1413195_1$HG00438#1#JAHBCB010000015.1_33474867_33954171_0	0.9417871310762493 HGDP
HGDP01354 chr1_hg19_103998686_104406594_0$HG02622#2#JAHAON010000012.1_51551779_52031001_0	0.9417848514063765 HGDP
HGDP01354 HG02622#2#JAHAON010000012.1_51551779_52031001_0$chr1_hg38_103456064_103863972_0	0.9417848514063765 HGDP
HGDP01354 AV_HG01175#haplotype1#0000070:46006269_46414083$HG02622#2#JAHAON010000012.1_51551779_52031001_0	0.9417751924345054 HGDP
HGDP01354 HG01123#2#JAGYYY010000006.1_51579630_51892388_0$HG02109#2#JAHEPF010000078.1_16678387_16991144_0	0.9417397776437474 HGDP
HGDP01354 NA20129#2#JAHEPD010000155.1_90039_569275_0$chr1_hg38_103456064_103863972_0	0.9417269796301341 HGDP
HGDP01354 NA20129#2#JAHEPD010000155.1_90039_569275_0$chr1_hg19_103998686_104406594_0	0.9417269796301341 HGDP
HGDP01354 HG03486#2#JAHEOP010000248.1_2105565_2584784_1$HG03516#2#JAGYYS010000004.1_24452130_24859892_1	0.9417252480327233 HGDP
HGDP01354 HG02622#2#JAHAON010000012.1_51551779_52031001_0$HG03453#2#JAGYVV010000088.1_22597550_23005370_1	0.9417222463014460 HGDP
HGDP01354 HG02723#1#JAHEOU010000204.1_2102082_2414876_1$HG03710.verkko_filt_mat.fa:haplotype1_0000029_102593394_102907063_0	0.9417179587930269 HGDP
HGDP01354 HG03486#1#JAHEOQ010000123.1_16677696_17085575_0$HG02622#2#JAHAON010000012.1_51551779_52031001_0	0.9417103606686642 HGDP
HGDP01354 HG02559#1#JAGYVK010000012.1_51505852_51913611_0$HG03486#2#JAHEOP010000248.1_2105565_2584784_1	0.9417089919553095 HGDP
HGDP01354 HG00438#1#JAHBCB010000015.1_33474867_33954171_0$HG02486#2#JAGYVL010000029.1_94163344_94570162_0	0.9417057458770072 HGDP
HGDP01354 HG02055#2#JAHEPJ010000017.1_24870122_25298560_1$NA18906#2#JAHEON010000009.1_93748295_94249275_0	0.9417057417258727 HGDP
HGDP01354 AV_HG01175#haplotype1#0000070:46006269_46414083$NA20129#2#JAHEPD010000155.1_90039_569275_0	0.9417053747953165 HGDP
HGDP01354 HG02630#1#JAHAOQ010000102.1_16672145_17079089_0$HG03486#2#JAHEOP010000248.1_2105565_2584784_1	0.9416910585815614 HGDP
HGDP01354 HG02622#2#JAHAON010000012.1_51551779_52031001_0$HG02818#1#JAHEOS010000101.1_89626_496613_0	0.9416867130811739 HGDP
HGDP01354 HG00438#1#JAHBCB010000015.1_33474867_33954171_0$HG00741#2#JAHALX010000013.1_51574319_51981226_0	0.9416833028755377 HGDP
HGDP01354 HG03453#1#JAGYVW010000157.1_2105722_2585000_1$HG01123#1#JAGYYZ010000015.1_51528240_51935090_0	0.9416815815849986 HGDP
HGDP01354 HG01109#2#JAHEOZ010000047.1_16671232_17151375_0$HG02486#2#JAGYVL010000029.1_94163344_94570162_0	0.9416814298474548 HGDP
HGDP01354 NA20129#2#JAHEPD010000155.1_90039_569275_0$HG02809.verkko_filt_pat.fa:haplotype2_0001251_103421111_103827972_0	0.9416792993394902 HGDP
HGDP01354 HG00438#2#JAHBCA010000012.1_51513023_51826723_0$HG01891#1#JAGYVO010000014.1_22855818_23168577_1	0.9416778686596505 HGDP
HGDP01354 HG02486#1#JAGYVM010000007.1_28868414_29370339_1$HG02647.verkko_filt_mat.fa:haplotype1_0000002_103892584_104321036_0	0.9416743693847061 HGDP
HGDP01354 NA20129#2#JAHEPD010000155.1_90039_569275_0$HG02818#1#JAHEOS010000101.1_89626_496613_0	0.9416592024450221 HGDP
HGDP01354 NA20129#2#JAHEPD010000155.1_90039_569275_0$HG03453#2#JAGYVV010000088.1_22597550_23005370_1	0.9416586435590265 HGDP
HGDP01354 NA18906#2#JAHEON010000009.1_93748295_94249275_0$HG02809.verkko_filt_mat.fa:haplotype1_0000023_94161320_94589755_0	0.9416569982166446 HGDP
HGDP01354 HG02622#2#JAHAON010000012.1_51551779_52031001_0$HG02809.verkko_filt_pat.fa:haplotype2_0001251_103421111_103827972_0	0.9416526937257663 HGDP
HGDP01354 HG03453#1#JAGYVW010000157.1_2105722_2585000_1$HG03516#1#JAGYYT010000012.1_24170958_24578778_1	0.9416443851245020 HGDP
HGDP01354 HG03486#1#JAHEOQ010000123.1_16677696_17085575_0$NA20129#2#JAHEPD010000155.1_90039_569275_0	0.9416406084535301 HGDP
HGDP01354 HG03492#2#JAHEPH010000288.1_2098270_2432686_1$HG03927.verkko_filt_pat.fa:haplotype2_0000800_29002142_29504057_1	0.9416351798503796 HGDP
HGDP01354 HG02647.verkko_filt_mat.fa:haplotype1_0000002_103892584_104321036_0$HG01099.verkko_filt_pat.fa:haplotype2_0000583_143544270_144046196_1	0.9416344458835126 HGDP
HGDP01354 HG02109#2#JAHEPF010000078.1_16678387_16991144_0$HG01891#1#JAGYVO010000014.1_22855818_23168577_1	0.9416310180033979 HGDP
HGDP01354 HG03453#1#JAGYVW010000157.1_2105722_2585000_1$HG02717#2#JAHAOR010000006.1_19663827_20070693_1	0.9416216944758410 HGDP
HGDP01354 HG03486#2#JAHEOP010000248.1_2105565_2584784_1$HG03579#1#JAGYVU010000029.1_91404_499180_0	0.9416108003978743 HGDP
HGDP01354 HG02723#1#JAHEOU010000204.1_2102082_2414876_1$HG03579#2#JAGYVT010000094.1_51581892_51895531_0	0.9416048865680299 HGDP
HGDP01354 HG01109#1#JAHEPA010000099.1_2104245_2511104_1$HG03486#2#JAHEOP010000248.1_2105565_2584784_1	0.9416046668145084 HGDP
HGDP01354 HG02723#1#JAHEOU010000204.1_2102082_2414876_1$HG03098#2#JAHEPL010000003.1_93803759_94117426_0	0.9416014360423601 HGDP
HGDP01354 HG02622#2#JAHAON010000012.1_51551779_52031001_0$HG005#2#JAHEPN010000023.1_51542210_51950070_0	0.9415981843452697 HGDP
HGDP01354 HG02723#1#JAHEOU010000204.1_2102082_2414876_1$HG02647.verkko_filt_pat.fa:haplotype2_0000857_103738150_104051769_0	0.9415876138439904 HGDP
HGDP01354 HG00438#1#JAHBCB010000015.1_33474867_33954171_0$HG02886#1#JAHAOU010000178.1_62411_469262_0	0.9415850403195067 HGDP
HGDP01354 HG01109#1#JAHEPA010000099.1_2104245_2511104_1$HG00438#1#JAHBCB010000015.1_33474867_33954171_0	0.9415707814172082 HGDP
HGDP01354 HG01243#1#JAHEOY010000013.1_90081_424495_0$HG03927.verkko_filt_pat.fa:haplotype2_0000800_29002142_29504057_1	0.9415666219818191 HGDP
HGDP01354 HG02622#2#JAHAON010000012.1_51551779_52031001_0$NA18906#1#JAHEOO010000054.1_2103477_2510435_1	0.9415643190131696 HGDP
HGDP01354 HG03098#1#JAHEPM010000059.1_16676208_17105596_0$NA18906#2#JAHEON010000009.1_93748295_94249275_0	0.9415561904377823 HGDP
HGDP01354 HG02055#2#JAHEPJ010000017.1_24870122_25298560_1$HG02486#1#JAGYVM010000007.1_28868414_29370339_1	0.9415538438536113 HGDP
HGDP01354 HG03486#2#JAHEOP010000248.1_2105565_2584784_1$NA19240#1#JAHEOM010000047.1_30103390_30511199_1	0.9415529642577829 HGDP
HGDP01354 AV_HG02257#haplotype2#0001152:102843493_103251377$HG00438#1#JAHBCB010000015.1_33474867_33954171_0	0.9415480558397662 HGDP
HGDP01354 NA20129#2#JAHEPD010000155.1_90039_569275_0$NA18906#1#JAHEOO010000054.1_2103477_2510435_1	0.9415425832300964 HGDP
HGDP01354 NA20129#2#JAHEPD010000155.1_90039_569275_0$HG005#2#JAHEPN010000023.1_51542210_51950070_0	0.9415405606843853 HGDP
HGDP01354 AV_HG02257#haplotype2#0001152:102843493_103251377$HG03486#2#JAHEOP010000248.1_2105565_2584784_1	0.9415383840654421 HGDP
HGDP01354 HG01109#1#JAHEPA010000099.1_2104245_2511104_1$HG01109#2#JAHEOZ010000047.1_16671232_17151375_0	0.9415248707228372 HGDP
HGDP01354 HG02622#2#JAHAON010000012.1_51551779_52031001_0$HG02622#1#JAHAOO010000002.1_16673678_17080663_0	0.9415115042102783 HGDP
HGDP01354 HG00438#1#JAHBCB010000015.1_33474867_33954171_0$HG02109#1#JAHEPG010000026.1_16673035_17080816_0	0.9415099139948866 HGDP
HGDP01354 HG02818#2#JAHEOR010000010.1_31775319_32183091_1$HG03486#2#JAHEOP010000248.1_2105565_2584784_1	0.9415020902044817 HGDP
HGDP01354 NA20129#2#JAHEPD010000155.1_90039_569275_0$HG02622#1#JAHAOO010000002.1_16673678_17080663_0	0.9414962664986034 HGDP
HGDP01354 HG03098#2#JAHEPL010000003.1_93803759_94117426_0$HG03540#2#JAGYVX010000148.1_1368955_1877115_0	0.9414920328141043 HGDP
HGDP01354 HG02055#2#JAHEPJ010000017.1_24870122_25298560_1$HG01099.verkko_filt_pat.fa:haplotype2_0000583_143544270_144046196_1	0.9414917711629041 HGDP
HGDP01354 HG02145#2#JAHKSF010000206.1_1005292_1413195_1$HG01109#2#JAHEOZ010000047.1_16671232_17151375_0	0.9414867100409785 HGDP
HGDP01354 HG02630#1#JAHAOQ010000102.1_16672145_17079089_0$HG01109#2#JAHEOZ010000047.1_16671232_17151375_0	0.9414621205656631 HGDP
HGDP01354 HG02809.verkko_filt_mat.fa:haplotype1_0000023_94161320_94589755_0$HG01099.verkko_filt_pat.fa:haplotype2_0000583_143544270_144046196_1	0.9414532114711402 HGDP
HGDP01354 HG03540#2#JAGYVX010000148.1_1368955_1877115_0$HG03710.verkko_filt_mat.fa:haplotype1_0000029_102593394_102907063_0	0.9414518718504151 HGDP
HGDP01354 AV_HG01175#haplotype1#0000070:46006269_46414083$HG03486#2#JAHEOP010000248.1_2105565_2584784_1	0.9414380426847708 HGDP
HGDP01354 AV_HG01106#haplotype2#0000932:16673968_17175925$HG02647.verkko_filt_mat.fa:haplotype1_0000002_103892584_104321036_0	0.9414231807292405 HGDP
HGDP01354 HG02486#1#JAGYVM010000007.1_28868414_29370339_1$HG02809.verkko_filt_mat.fa:haplotype1_0000023_94161320_94589755_0	0.9414049894246639 HGDP
HGDP01354 HG02717#1#JAHAOS010000015.1_16660311_17067250_0$HG02622#2#JAHAON010000012.1_51551779_52031001_0	0.9414033409037083 HGDP
HGDP01354 HG02717#1#JAHAOS010000015.1_16660311_17067250_0$NA20129#2#JAHEPD010000155.1_90039_569275_0	0.9413816786299419 HGDP
HGDP01354 HG03486#2#JAHEOP010000248.1_2105565_2584784_1$HG02071.verkko_filt_mat.fa:haplotype1_0000041_103610513_104018399_0	0.9413587554831613 HGDP
HGDP01354 HG02630#1#JAHAOQ010000102.1_16672145_17079089_0$HG00438#1#JAHBCB010000015.1_33474867_33954171_0	0.9413546595411094 HGDP
HGDP01354 HG03579#2#JAGYVT010000094.1_51581892_51895531_0$HG01891#1#JAGYVO010000014.1_22855818_23168577_1	0.9413542232627667 HGDP
HGDP01354 HG03486#2#JAHEOP010000248.1_2105565_2584784_1$NA18906#1#JAHEOO010000054.1_2103477_2510435_1	0.9413469011381860 HGDP
HGDP01354 HG03486#2#JAHEOP010000248.1_2105565_2584784_1$HG002.verkko_filt_mat.fa:haplotype1_0000005_138228497_138636354_1	0.9413367356232589 HGDP
HGDP01354 HG03453#1#JAGYVW010000157.1_2105722_2585000_1$HG00741#2#JAHALX010000013.1_51574319_51981226_0	0.9413313147353437 HGDP
HGDP01354 HG03579#2#JAGYVT010000094.1_51581892_51895531_0$HG00438#2#JAHBCA010000012.1_51513023_51826723_0	0.9413296877015268 HGDP
HGDP01354 HG02630#2#JAHAOP010000089.1_16669255_17076135_0$HG02622#2#JAHAON010000012.1_51551779_52031001_0	0.9413200461243910 HGDP
HGDP01354 HG02622#2#JAHAON010000012.1_51551779_52031001_0$HG02300.verkko_filt_pat.fa:haplotype2_0000620_143362344_143769323_1	0.9413047650550785 HGDP
HGDP01354 chr1_hg38_103456064_103863972_0$HG03486#2#JAHEOP010000248.1_2105565_2584784_1	0.9413033892991415 HGDP
HGDP01354 chr1_hg19_103998686_104406594_0$HG03486#2#JAHEOP010000248.1_2105565_2584784_1	0.9413033892991415 HGDP
HGDP01354 HG01891#1#JAGYVO010000014.1_22855818_23168577_1$HG02647.verkko_filt_pat.fa:haplotype2_0000857_103738150_104051769_0	0.9413002940551694 HGDP
HGDP01354 HG00621#2#JAHBCC010000031.1_16669999_17077865_0$HG03486#2#JAHEOP010000248.1_2105565_2584784_1	0.9412889395461439 HGDP
HGDP01354 HG00438#2#JAHBCA010000012.1_51513023_51826723_0$HG02647.verkko_filt_pat.fa:haplotype2_0000857_103738150_104051769_0	0.9412760965380403 HGDP
HGDP01354 HG02622#2#JAHAON010000012.1_51551779_52031001_0$HG01978#2#JAGYVR010000007.1_51532241_51939176_0	0.9412747159492127 HGDP
HGDP01354 HG01928#1#JAGYVQ010000053.1_16676493_17083407_0$HG02622#2#JAHAON010000012.1_51551779_52031001_0	0.9412554390596876 HGDP
HGDP01354 AV_HG01106#haplotype2#0000932:16673968_17175925$HG02055#2#JAHEPJ010000017.1_24870122_25298560_1	0.9412518220961779 HGDP
HGDP01354 HG02080#1#JAHEOW010000048.1_16689583_17097287_0$HG00438#1#JAHBCB010000015.1_33474867_33954171_0	0.9412492481909279 HGDP
HGDP01354 NA20129#2#JAHEPD010000155.1_90039_569275_0$HG02300.verkko_filt_pat.fa:haplotype2_0000620_143362344_143769323_1	0.9412469752644598 HGDP
HGDP01354 NA20129#2#JAHEPD010000155.1_90039_569275_0$HG02630#2#JAHAOP010000089.1_16669255_17076135_0	0.9412454050401780 HGDP
HGDP01354 AV_HG02148#haplotype2#0002863:16304803_16712699$HG03486#2#JAHEOP010000248.1_2105565_2584784_1	0.9412332452825245 HGDP
HGDP01354 HG02622#2#JAHAON010000012.1_51551779_52031001_0$HG02004.verkko_filt_mat.fa:haplotype1_0000022_97828542_98235483_0	0.9412317880993749 HGDP
HGDP01354 HG03486#2#JAHEOP010000248.1_2105565_2584784_1$HG02818#1#JAHEOS010000101.1_89626_496613_0	0.9412269755851947 HGDP
HGDP01354 HG03453#1#JAGYVW010000157.1_2105722_2585000_1$HG03927.verkko_filt_mat.fa:haplotype1_0000009_134765170_135173010_1	0.9412181579703400 HGDP
HGDP01354 NA20129#2#JAHEPD010000155.1_90039_569275_0$HG01978#2#JAGYVR010000007.1_51532241_51939176_0	0.9411990794893121 HGDP
HGDP01354 HG01109#2#JAHEOZ010000047.1_16671232_17151375_0$HG01099.verkko_filt_mat.fa:haplotype1_0000034_142513097_142920876_1	0.9411764010299790 HGDP
HGDP01354 AV_HG02257#haplotype2#0001152:102843493_103251377$HG01109#2#JAHEOZ010000047.1_16671232_17151375_0	0.9411760259402167 HGDP
HGDP01354 HG01928#1#JAGYVQ010000053.1_16676493_17083407_0$NA20129#2#JAHEPD010000155.1_90039_569275_0	0.9411739604893637 HGDP
HGDP01354 HG00438#1#JAHBCB010000015.1_33474867_33954171_0$HG02818#1#JAHEOS010000101.1_89626_496613_0	0.9411628851569519 HGDP
HGDP01354 HG03540#1#JAGYVY010000208.1_95187_596142_0$HG02647.verkko_filt_mat.fa:haplotype1_0000002_103892584_104321036_0	0.9411613434017654 HGDP
HGDP01354 AV_HG01106#haplotype2#0000932:16673968_17175925$HG02809.verkko_filt_mat.fa:haplotype1_0000023_94161320_94589755_0	0.9411572995116169 HGDP
HGDP01354 HG02717#1#JAHAOS010000015.1_16660311_17067250_0$HG03486#2#JAHEOP010000248.1_2105565_2584784_1	0.9411508493518440 HGDP
HGDP01354 NA20129#2#JAHEPD010000155.1_90039_569275_0$HG02004.verkko_filt_mat.fa:haplotype1_0000022_97828542_98235483_0	0.9411443120370017 HGDP
HGDP01354 NA18906#1#JAHEOO010000054.1_2103477_2510435_1$HG01109#2#JAHEOZ010000047.1_16671232_17151375_0	0.9411356404766243 HGDP
HGDP01354 HG03453#1#JAGYVW010000157.1_2105722_2585000_1$chr1_hg38_103456064_103863972_0	0.9411337481068542 HGDP
HGDP01354 HG03453#1#JAGYVW010000157.1_2105722_2585000_1$chr1_hg19_103998686_104406594_0	0.9411337481068542 HGDP
HGDP01354 HG01978#1#JAGYVS010000002.1_51519970_52021951_0$HG02647.verkko_filt_mat.fa:haplotype1_0000002_103892584_104321036_0	0.9411275349727408 HGDP
HGDP01354 HG01109#2#JAHEOZ010000047.1_16671232_17151375_0$HG02300.verkko_filt_mat.fa:haplotype1_0000028_144052837_144460586_1	0.9411257049509383 HGDP
HGDP01354 HG02080#1#JAHEOW010000048.1_16689583_17097287_0$HG01109#2#JAHEOZ010000047.1_16671232_17151375_0	0.9411242005505487 HGDP
HGDP01354 AV_HG01361#haplotype1#0000023:101593539_102001341$HG01109#2#JAHEOZ010000047.1_16671232_17151375_0	0.9411165503605465 HGDP
HGDP01354 HG01109#2#JAHEOZ010000047.1_16671232_17151375_0$HG02818#1#JAHEOS010000101.1_89626_496613_0	0.9411151788987403 HGDP
HGDP01354 HG00438#1#JAHBCB010000015.1_33474867_33954171_0$HG02622#1#JAHAOO010000002.1_16673678_17080663_0	0.9410957195930405 HGDP
HGDP01354 HG00438#1#JAHBCB010000015.1_33474867_33954171_0$HG02300.verkko_filt_mat.fa:haplotype1_0000028_144052837_144460586_1	0.9410890935852563 HGDP
HGDP01354 HG03486#1#JAHEOQ010000123.1_16677696_17085575_0$HG03486#2#JAHEOP010000248.1_2105565_2584784_1	0.9410808337414892 HGDP
HGDP01354 AV_HG00673#haplotype2#0001165:24014011_24421797$HG00438#1#JAHBCB010000015.1_33474867_33954171_0	0.9410583836888520 HGDP
HGDP01354 HG03453#1#JAGYVW010000157.1_2105722_2585000_1$HG02886#1#JAHAOU010000178.1_62411_469262_0	0.9410557768828840 HGDP
HGDP01354 HG01109#2#JAHEOZ010000047.1_16671232_17151375_0$HG02809.verkko_filt_pat.fa:haplotype2_0001251_103421111_103827972_0	0.9410527098961711 HGDP
HGDP01354 HG00438#1#JAHBCB010000015.1_33474867_33954171_0$NA19240#2#JAHEOL010000010.1_37445323_37853017_0	0.9410406604566753 HGDP
HGDP01354 HG03486#2#JAHEOP010000248.1_2105565_2584784_1$HG005#2#JAHEPN010000023.1_51542210_51950070_0	0.9410356278492690 HGDP
HGDP01354 HG02717#1#JAHAOS010000015.1_16660311_17067250_0$HG00438#1#JAHBCB010000015.1_33474867_33954171_0	0.9409873366315207 HGDP
HGDP01354 HG03453#1#JAGYVW010000157.1_2105722_2585000_1$HG02486#2#JAGYVL010000029.1_94163344_94570162_0	0.9409724766766431 HGDP
HGDP01354 HG00438#1#JAHBCB010000015.1_33474867_33954171_0$HG03516#1#JAGYYT010000012.1_24170958_24578778_1	0.9409693859755294 HGDP
HGDP01354 HG03453#2#JAGYVV010000088.1_22597550_23005370_1$HG03486#2#JAHEOP010000248.1_2105565_2584784_1	0.9409689105904067 HGDP
HGDP01354 HG00438#1#JAHBCB010000015.1_33474867_33954171_0$NA18906#1#JAHEOO010000054.1_2103477_2510435_1	0.9409679490662561 HGDP
HGDP01354 HG03453#1#JAGYVW010000157.1_2105722_2585000_1$HG02145#2#JAHKSF010000206.1_1005292_1413195_1	0.9409631302266335 HGDP
HGDP01354 HG03453#1#JAGYVW010000157.1_2105722_2585000_1$HG002.verkko_filt_mat.fa:haplotype1_0000005_138228497_138636354_1	0.9409578998354596 HGDP
HGDP01354 HG00438#1#JAHBCB010000015.1_33474867_33954171_0$HG01099.verkko_filt_mat.fa:haplotype1_0000034_142513097_142920876_1	0.9409421799492191 HGDP
HGDP01354 HG01978#1#JAGYVS010000002.1_51519970_52021951_0$HG02055#2#JAHEPJ010000017.1_24870122_25298560_1	0.9409397357644991 HGDP
HGDP01354 HG02723#1#JAHEOU010000204.1_2102082_2414876_1$HG04228.verkko_filt_pat.fa:haplotype2_0000600_103806749_104119491_0	0.9409290760332987 HGDP
HGDP01354 HG02055#2#JAHEPJ010000017.1_24870122_25298560_1$HG03540#1#JAGYVY010000208.1_95187_596142_0	0.9409142543500747 HGDP
HGDP01354 AV_HG00673#haplotype2#0001165:24014011_24421797$HG01109#2#JAHEOZ010000047.1_16671232_17151375_0	0.9409099131066389 HGDP
HGDP01354 HG03486#2#JAHEOP010000248.1_2105565_2584784_1$HG02622#1#JAHAOO010000002.1_16673678_17080663_0	0.9409070030765572 HGDP
HGDP01354 HG03486#2#JAHEOP010000248.1_2105565_2584784_1$HG02109#1#JAHEPG010000026.1_16673035_17080816_0	0.9409020272131234 HGDP
HGDP01354 AV_HG01361#haplotype1#0000023:101593539_102001341$HG00438#1#JAHBCB010000015.1_33474867_33954171_0	0.9408942680153860 HGDP
HGDP01354 HG03453#1#JAGYVW010000157.1_2105722_2585000_1$HG005#2#JAHEPN010000023.1_51542210_51950070_0	0.9408903500123345 HGDP
HGDP01354 HG02723#1#JAHEOU010000204.1_2102082_2414876_1$HG02109#2#JAHEPF010000078.1_16678387_16991144_0	0.9408811791450653 HGDP
HGDP01354 HG02717#1#JAHAOS010000015.1_16660311_17067250_0$HG01109#2#JAHEOZ010000047.1_16671232_17151375_0	0.9408668661812855 HGDP
HGDP01354 HG01978#1#JAGYVS010000002.1_51519970_52021951_0$HG02809.verkko_filt_mat.fa:haplotype1_0000023_94161320_94589755_0	0.9408619702682148 HGDP
HGDP01354 HG01109#1#JAHEPA010000099.1_2104245_2511104_1$HG03453#1#JAGYVW010000157.1_2105722_2585000_1	0.9408618807558036 HGDP
HGDP01354 HG03540#1#JAGYVY010000208.1_95187_596142_0$HG02809.verkko_filt_mat.fa:haplotype1_0000023_94161320_94589755_0	0.9408430247219571 HGDP
HGDP01354 HG03453#1#JAGYVW010000157.1_2105722_2585000_1$HG02109#1#JAHEPG010000026.1_16673035_17080816_0	0.9408348962136525 HGDP
HGDP01354 HG02630#2#JAHAOP010000089.1_16669255_17076135_0$HG03486#2#JAHEOP010000248.1_2105565_2584784_1	0.9408143736252323 HGDP
HGDP01354 HG00621#2#JAHBCC010000031.1_16669999_17077865_0$HG03453#1#JAGYVW010000157.1_2105722_2585000_1	0.9408088155987179 HGDP
HGDP01354 HG02723#1#JAHEOU010000204.1_2102082_2414876_1$HG01891#1#JAGYVO010000014.1_22855818_23168577_1	0.9407841181189095 HGDP
HGDP01354 HG02630#1#JAHAOQ010000102.1_16672145_17079089_0$HG03453#1#JAGYVW010000157.1_2105722_2585000_1	0.9407744590188727 HGDP
HGDP01354 HG02622#1#JAHAOO010000002.1_16673678_17080663_0$HG01109#2#JAHEOZ010000047.1_16671232_17151375_0	0.9407742995104423 HGDP
HGDP01354 HG02630#2#JAHAOP010000089.1_16669255_17076135_0$HG01109#2#JAHEOZ010000047.1_16671232_17151375_0	0.9407573074776489 HGDP
HGDP01354 AV_HG01175#haplotype1#0000070:46006269_46414083$HG03453#1#JAGYVW010000157.1_2105722_2585000_1	0.9407427408132696 HGDP
HGDP01354 HG03486#2#JAHEOP010000248.1_2105565_2584784_1$HG02300.verkko_filt_pat.fa:haplotype2_0000620_143362344_143769323_1	0.9407165274275441 HGDP
HGDP01354 AV_HG02257#haplotype2#0001152:102843493_103251377$HG03453#1#JAGYVW010000157.1_2105722_2585000_1	0.9407012527372740 HGDP
HGDP01354 HG03453#1#JAGYVW010000157.1_2105722_2585000_1$HG02071.verkko_filt_mat.fa:haplotype1_0000041_103610513_104018399_0	0.9406991857553486 HGDP
HGDP01354 AV_HG02148#haplotype2#0002863:16304803_16712699$HG03453#1#JAGYVW010000157.1_2105722_2585000_1	0.9406820617952576 HGDP
HGDP01354 HG03453#1#JAGYVW010000157.1_2105722_2585000_1$HG03516#2#JAGYYS010000004.1_24452130_24859892_1	0.9406671090807898 HGDP
HGDP01354 HG02723#1#JAHEOU010000204.1_2102082_2414876_1$HG02293.verkko_filt_mat.fa:haplotype1_0000039_30204405_30517145_1	0.9406410159341194 HGDP
HGDP01354 HG03540#2#JAGYVX010000148.1_1368955_1877115_0$HG00733#1#JAHEPQ010000019.1_46106835_46420495_0	0.9406319508025005 HGDP
HGDP01354 HG01928#1#JAGYVQ010000053.1_16676493_17083407_0$HG03486#2#JAHEOP010000248.1_2105565_2584784_1	0.9406287198064752 HGDP
HGDP01354 HG03486#2#JAHEOP010000248.1_2105565_2584784_1$HG01978#2#JAGYVR010000007.1_51532241_51939176_0	0.9406285439594286 HGDP
HGDP01354 HG02109#1#JAHEPG010000026.1_16673035_17080816_0$HG01109#2#JAHEOZ010000047.1_16671232_17151375_0	0.9406260870264826 HGDP
HGDP01354 HG03486#2#JAHEOP010000248.1_2105565_2584784_1$HG02809.verkko_filt_pat.fa:haplotype2_0001251_103421111_103827972_0	0.9406137459339554 HGDP
HGDP01354 HG02630#2#JAHAOP010000089.1_16669255_17076135_0$HG00438#1#JAHBCB010000015.1_33474867_33954171_0	0.9406119189928493 HGDP
HGDP01354 HG01109#2#JAHEOZ010000047.1_16671232_17151375_0$NA19240#2#JAHEOL010000010.1_37445323_37853017_0	0.9406059772778672 HGDP
HGDP01354 HG03453#1#JAGYVW010000157.1_2105722_2585000_1$HG02809.verkko_filt_pat.fa:haplotype2_0001251_103421111_103827972_0	0.9405943107684356 HGDP
HGDP01354 HG01109#2#JAHEOZ010000047.1_16671232_17151375_0$HG03516#1#JAGYYT010000012.1_24170958_24578778_1	0.9405486333620779 HGDP
HGDP01354 HG03486#2#JAHEOP010000248.1_2105565_2584784_1$HG02004.verkko_filt_mat.fa:haplotype1_0000022_97828542_98235483_0	0.9405454141723757 HGDP
HGDP01354 HG02559#1#JAGYVK010000012.1_51505852_51913611_0$HG03453#1#JAGYVW010000157.1_2105722_2585000_1	0.9405444441192210 HGDP
HGDP01354 HG03453#1#JAGYVW010000157.1_2105722_2585000_1$HG01978#2#JAGYVR010000007.1_51532241_51939176_0	0.9405429876442637 HGDP
HGDP01354 HG03098#1#JAHEPM010000059.1_16676208_17105596_0$HG01099.verkko_filt_pat.fa:haplotype2_0000583_143544270_144046196_1	0.9405257742196491 HGDP
HGDP01354 HG03486#1#JAHEOQ010000123.1_16677696_17085575_0$HG03453#1#JAGYVW010000157.1_2105722_2585000_1	0.9405237045418126 HGDP
HGDP01354 HG03492#2#JAHEPH010000288.1_2098270_2432686_1$HG01258#1#JAGYYV010000004.1_56955948_57456952_1	0.9405099907088563 HGDP
HGDP01354 HG00438#2#JAHBCA010000012.1_51513023_51826723_0$HG04228.verkko_filt_pat.fa:haplotype2_0000600_103806749_104119491_0	0.9405066493399632 HGDP
HGDP01354 HG01258#1#JAGYYV010000004.1_56955948_57456952_1$HG01243#1#JAHEOY010000013.1_90081_424495_0	0.9404818975097753 HGDP
HGDP01354 HG04228.verkko_filt_pat.fa:haplotype2_0000600_103806749_104119491_0$HG02293.verkko_filt_mat.fa:haplotype1_0000039_30204405_30517145_1	0.9404587755058540 HGDP
HGDP01354 HG00438#2#JAHBCA010000012.1_51513023_51826723_0$HG03540#2#JAGYVX010000148.1_1368955_1877115_0	0.9404400682037475 HGDP
HGDP01354 HG02080#2#JAHEOV010000017.1_16662177_17164189_0$HG02647.verkko_filt_mat.fa:haplotype1_0000002_103892584_104321036_0	0.9404347692609996 HGDP
HGDP01354 HG03453#1#JAGYVW010000157.1_2105722_2585000_1$HG03453#2#JAGYVV010000088.1_22597550_23005370_1	0.9404305363665878 HGDP
HGDP01354 HG03453#1#JAGYVW010000157.1_2105722_2585000_1$NA18906#1#JAHEOO010000054.1_2103477_2510435_1	0.9404303310415891 HGDP
HGDP01354 HG03453#1#JAGYVW010000157.1_2105722_2585000_1$HG03579#1#JAGYVU010000029.1_91404_499180_0	0.9404163937022415 HGDP
HGDP01354 AV_HG00673#haplotype1#0000019:16627360_17129375$HG02647.verkko_filt_mat.fa:haplotype1_0000002_103892584_104321036_0	0.9404149736223902 HGDP
HGDP01354 HG03453#1#JAGYVW010000157.1_2105722_2585000_1$HG02004.verkko_filt_mat.fa:haplotype1_0000022_97828542_98235483_0	0.9403944659181740 HGDP
HGDP01354 HG03453#1#JAGYVW010000157.1_2105722_2585000_1$HG01928#1#JAGYVQ010000053.1_16676493_17083407_0	0.9403704363005588 HGDP
HGDP01354 HG02818#2#JAHEOR010000010.1_31775319_32183091_1$HG03453#1#JAGYVW010000157.1_2105722_2585000_1	0.9403156656187338 HGDP
HGDP01354 HG03453#1#JAGYVW010000157.1_2105722_2585000_1$HG02818#1#JAHEOS010000101.1_89626_496613_0	0.9403134706952142 HGDP
HGDP01354 HG03492#2#JAHEPH010000288.1_2098270_2432686_1$HG01071#1#JAHBCF010000053.1_26607100_27108065_1	0.9403109380560868 HGDP
HGDP01354 HG02080#2#JAHEOV010000017.1_16662177_17164189_0$HG02055#2#JAHEPJ010000017.1_24870122_25298560_1	0.9403093709851292 HGDP
HGDP01354 HG01071#1#JAHBCF010000053.1_26607100_27108065_1$HG01243#1#JAHEOY010000013.1_90081_424495_0	0.9402896207910526 HGDP
HGDP01354 HG03453#1#JAGYVW010000157.1_2105722_2585000_1$NA19240#1#JAHEOM010000047.1_30103390_30511199_1	0.9402890657448874 HGDP
HGDP01354 HG03098#1#JAHEPM010000059.1_16676208_17105596_0$HG02486#1#JAGYVM010000007.1_28868414_29370339_1	0.9402633115501988 HGDP
HGDP01354 HG03098#1#JAHEPM010000059.1_16676208_17105596_0$HG03540#1#JAGYVY010000208.1_95187_596142_0	0.9402520146525336 HGDP
HGDP01354 HG02647.verkko_filt_mat.fa:haplotype1_0000002_103892584_104321036_0$HG02293.verkko_filt_pat.fa:haplotype2_0000836_148310532_148812524_1	0.9402450879054455 HGDP
HGDP01354 AV_HG00673#haplotype1#0000019:16627360_17129375$HG02055#2#JAHEPJ010000017.1_24870122_25298560_1	0.9402292505197993 HGDP
HGDP01354 AV_HG01106#haplotype2#0000932:16673968_17175925$HG03098#1#JAHEPM010000059.1_16676208_17105596_0	0.9402222789037087 HGDP
HGDP01354 HG02717#1#JAHAOS010000015.1_16660311_17067250_0$HG03453#1#JAGYVW010000157.1_2105722_2585000_1	0.9401992237396866 HGDP
HGDP01354 HG00733#1#JAHEPQ010000019.1_46106835_46420495_0$HG04228.verkko_filt_pat.fa:haplotype2_0000600_103806749_104119491_0	0.9401756348110348 HGDP
HGDP01354 HG03453#1#JAGYVW010000157.1_2105722_2585000_1$HG02300.verkko_filt_pat.fa:haplotype2_0000620_143362344_143769323_1	0.9401470162956678 HGDP
HGDP01354 HG02080#2#JAHEOV010000017.1_16662177_17164189_0$HG02809.verkko_filt_mat.fa:haplotype1_0000023_94161320_94589755_0	0.9401391629772438 HGDP
HGDP01354 HG03453#1#JAGYVW010000157.1_2105722_2585000_1$HG02630#2#JAHAOP010000089.1_16669255_17076135_0	0.9401015610168362 HGDP
HGDP01354 AV_HG00673#haplotype1#0000019:16627360_17129375$HG02809.verkko_filt_mat.fa:haplotype1_0000023_94161320_94589755_0	0.9400649354212192 HGDP
HGDP01354 HG02647.verkko_filt_mat.fa:haplotype1_0000002_103892584_104321036_0$HG02071.verkko_filt_pat.fa:haplotype2_0000736_102745972_103248026_0	0.9400345622953588 HGDP
HGDP01354 HG02055#2#JAHEPJ010000017.1_24870122_25298560_1$HG02293.verkko_filt_pat.fa:haplotype2_0000836_148310532_148812524_1	0.9400321725537131 HGDP
HGDP01354 HG01109#2#JAHEOZ010000047.1_16671232_17151375_0$HG03927.verkko_filt_mat.fa:haplotype1_0000009_134765170_135173010_1	0.9399970834214256 HGDP
HGDP01354 HG03453#1#JAGYVW010000157.1_2105722_2585000_1$HG02622#1#JAHAOO010000002.1_16673678_17080663_0	0.9399256106318226 HGDP
HGDP01354 HG04228.verkko_filt_mat.fa:haplotype1_0000023_103429213_103930285_0$HG02647.verkko_filt_mat.fa:haplotype1_0000002_103892584_104321036_0	0.9399146836458654 HGDP
HGDP01354 HG02809.verkko_filt_mat.fa:haplotype1_0000023_94161320_94589755_0$HG02293.verkko_filt_pat.fa:haplotype2_0000836_148310532_148812524_1	0.9399121767184198 HGDP
HGDP01354 HG01978#1#JAGYVS010000002.1_51519970_52021951_0$HG03098#1#JAHEPM010000059.1_16676208_17105596_0	0.9398829398261589 HGDP
HGDP01354 HG01123#2#JAGYYY010000006.1_51579630_51892388_0$HG04228.verkko_filt_pat.fa:haplotype2_0000600_103806749_104119491_0	0.9398750756759654 HGDP
HGDP01354 HG00621#1#JAHBCD010000034.1_2122997_2624098_1$HG02647.verkko_filt_mat.fa:haplotype1_0000002_103892584_104321036_0	0.9398514435971113 HGDP
HGDP01354 HG00438#1#JAHBCB010000015.1_33474867_33954171_0$HG002.verkko_filt_mat.fa:haplotype1_0000005_138228497_138636354_1	0.9398177087421311 HGDP
HGDP01354 HG03492#2#JAHEPH010000288.1_2098270_2432686_1$NA18906#2#JAHEON010000009.1_93748295_94249275_0	0.9398027335355017 HGDP
HGDP01354 AV_HG01175#haplotype1#0000070:46006269_46414083$HG00438#1#JAHBCB010000015.1_33474867_33954171_0	0.9397815026567868 HGDP
HGDP01354 HG02559#1#JAGYVK010000012.1_51505852_51913611_0$HG00438#1#JAHBCB010000015.1_33474867_33954171_0	0.9397787019963413 HGDP
HGDP01354 HG02055#2#JAHEPJ010000017.1_24870122_25298560_1$HG02071.verkko_filt_pat.fa:haplotype2_0000736_102745972_103248026_0	0.9397782927166646 HGDP
HGDP01354 HG03579#2#JAGYVT010000094.1_51581892_51895531_0$HG02723#2#JAHEOT010000034.1_19776337_20321518_1	0.9397551201175398 HGDP
HGDP01354 chr1_hg19_103998686_104406594_0$HG00438#1#JAHBCB010000015.1_33474867_33954171_0	0.9397543816321767 HGDP
HGDP01354 HG00438#1#JAHBCB010000015.1_33474867_33954171_0$chr1_hg38_103456064_103863972_0	0.9397543816321767 HGDP
HGDP01354 HG01243#1#JAHEOY010000013.1_90081_424495_0$NA18906#2#JAHEON010000009.1_93748295_94249275_0	0.9397480079144543 HGDP
HGDP01354 HG00438#1#JAHBCB010000015.1_33474867_33954171_0$HG02071.verkko_filt_mat.fa:haplotype1_0000041_103610513_104018399_0	0.9397439596017146 HGDP
HGDP01354 HG00438#1#JAHBCB010000015.1_33474867_33954171_0$HG03516#2#JAGYYS010000004.1_24452130_24859892_1	0.9397348323411749 HGDP
HGDP01354 HG00438#1#JAHBCB010000015.1_33474867_33954171_0$NA19240#1#JAHEOM010000047.1_30103390_30511199_1	0.9397247115933144 HGDP
HGDP01354 HG02723#2#JAHEOT010000034.1_19776337_20321518_1$HG02647.verkko_filt_pat.fa:haplotype2_0000857_103738150_104051769_0	0.9396983952789286 HGDP
HGDP01354 HG01123#2#JAGYYY010000006.1_51579630_51892388_0$HG02293.verkko_filt_mat.fa:haplotype1_0000039_30204405_30517145_1	0.9396922377504080 HGDP
HGDP01354 AV_HG02148#haplotype2#0002863:16304803_16712699$HG00438#1#JAHBCB010000015.1_33474867_33954171_0	0.9396845354287936 HGDP
HGDP01354 HG02559#2#JAGYVJ010000037.1_52167780_52574597_1$HG02723#2#JAHEOT010000034.1_19776337_20321518_1	0.9396819505483833 HGDP
HGDP01354 HG00438#1#JAHBCB010000015.1_33474867_33954171_0$HG03579#1#JAGYVU010000029.1_91404_499180_0	0.9396803167942501 HGDP
HGDP01354 HG00438#1#JAHBCB010000015.1_33474867_33954171_0$HG03453#2#JAGYVV010000088.1_22597550_23005370_1	0.9396412034247057 HGDP
HGDP01354 HG02818#2#JAHEOR010000010.1_31775319_32183091_1$HG00438#1#JAHBCB010000015.1_33474867_33954171_0	0.9396381011961523 HGDP
HGDP01354 HG02723#2#JAHEOT010000034.1_19776337_20321518_1$HG04228.verkko_filt_pat.fa:haplotype2_0000600_103806749_104119491_0	0.9396338647923997 HGDP
HGDP01354 HG00621#2#JAHBCC010000031.1_16669999_17077865_0$HG00438#1#JAHBCB010000015.1_33474867_33954171_0	0.9396203948014578 HGDP
HGDP01354 HG00438#1#JAHBCB010000015.1_33474867_33954171_0$HG03927.verkko_filt_mat.fa:haplotype1_0000009_134765170_135173010_1	0.9395892424964054 HGDP
HGDP01354 HG02809.verkko_filt_mat.fa:haplotype1_0000023_94161320_94589755_0$HG02071.verkko_filt_pat.fa:haplotype2_0000736_102745972_103248026_0	0.9395874732957210 HGDP
HGDP01354 HG03486#1#JAHEOQ010000123.1_16677696_17085575_0$HG00438#1#JAHBCB010000015.1_33474867_33954171_0	0.9395857297702498 HGDP
HGDP01354 AV_HG01106#haplotype2#0000932:16673968_17175925$HG03492#2#JAHEPH010000288.1_2098270_2432686_1	0.9395849133465642 HGDP
HGDP01354 HG00621#1#JAHBCD010000034.1_2122997_2624098_1$HG02055#2#JAHEPJ010000017.1_24870122_25298560_1	0.9395833773532255 HGDP
HGDP01354 HG03492#2#JAHEPH010000288.1_2098270_2432686_1$HG02486#1#JAGYVM010000007.1_28868414_29370339_1	0.9395710939721807 HGDP
HGDP01354 HG02055#2#JAHEPJ010000017.1_24870122_25298560_1$HG04228.verkko_filt_mat.fa:haplotype1_0000023_103429213_103930285_0	0.9395427651716518 HGDP
HGDP01354 HG01243#1#JAHEOY010000013.1_90081_424495_0$HG02486#1#JAGYVM010000007.1_28868414_29370339_1	0.9395228628183441 HGDP
HGDP01354 AV_HG01106#haplotype2#0000932:16673968_17175925$HG01243#1#JAHEOY010000013.1_90081_424495_0	0.9395094527268973 HGDP
HGDP01354 HG00438#1#JAHBCB010000015.1_33474867_33954171_0$HG005#2#JAHEPN010000023.1_51542210_51950070_0	0.9394927864624659 HGDP
HGDP01354 HG01123#1#JAGYYZ010000015.1_51528240_51935090_0$HG02723#2#JAHEOT010000034.1_19776337_20321518_1	0.9394908949854485 HGDP
HGDP01354 HG01109#2#JAHEOZ010000047.1_16671232_17151375_0$HG03516#2#JAGYYS010000004.1_24452130_24859892_1	0.9394867316755213 HGDP
HGDP01354 HG02723#2#JAHEOT010000034.1_19776337_20321518_1$HG01891#1#JAGYVO010000014.1_22855818_23168577_1	0.9394657620158261 HGDP
HGDP01354 HG02622#2#JAHAON010000012.1_51551779_52031001_0$HG01358#1#JAGYZB010000020.1_27445742_27855492_1	0.9394653330172413 HGDP
HGDP01354 HG00621#1#JAHBCD010000034.1_2122997_2624098_1$HG02809.verkko_filt_mat.fa:haplotype1_0000023_94161320_94589755_0	0.9394578932480722 HGDP
HGDP01354 HG02559#1#JAGYVK010000012.1_51505852_51913611_0$HG01109#2#JAHEOZ010000047.1_16671232_17151375_0	0.9394296073105323 HGDP
HGDP01354 AV_HG02148#haplotype2#0002863:16304803_16712699$HG01109#2#JAHEOZ010000047.1_16671232_17151375_0	0.9394179600189344 HGDP
HGDP01354 HG02723#2#JAHEOT010000034.1_19776337_20321518_1$HG02717#2#JAHAOR010000006.1_19663827_20070693_1	0.9394146230912725 HGDP
HGDP01354 HG01109#2#JAHEOZ010000047.1_16671232_17151375_0$HG002.verkko_filt_mat.fa:haplotype1_0000005_138228497_138636354_1	0.9394128132886655 HGDP
HGDP01354 HG02723#1#JAHEOU010000204.1_2102082_2414876_1$HG00733#1#JAHEPQ010000019.1_46106835_46420495_0	0.9394067035380970 HGDP
HGDP01354 NA20129#2#JAHEPD010000155.1_90039_569275_0$HG01358#1#JAGYZB010000020.1_27445742_27855492_1	0.9394047054126307 HGDP
HGDP01354 HG03492#2#JAHEPH010000288.1_2098270_2432686_1$HG01099.verkko_filt_pat.fa:haplotype2_0000583_143544270_144046196_1	0.9393860835276110 HGDP
HGDP01354 HG01109#2#JAHEOZ010000047.1_16671232_17151375_0$HG02071.verkko_filt_mat.fa:haplotype1_0000041_103610513_104018399_0	0.9393631609706212 HGDP
HGDP01354 HG00621#2#JAHBCC010000031.1_16669999_17077865_0$HG01109#2#JAHEOZ010000047.1_16671232_17151375_0	0.9393535163411816 HGDP
HGDP01354 HG01243#1#JAHEOY010000013.1_90081_424495_0$HG01099.verkko_filt_pat.fa:haplotype2_0000583_143544270_144046196_1	0.9393177158047221 HGDP
HGDP01354 HG04228.verkko_filt_mat.fa:haplotype1_0000023_103429213_103930285_0$HG02809.verkko_filt_mat.fa:haplotype1_0000023_94161320_94589755_0	0.9393135156923211 HGDP
HGDP01354 HG01109#2#JAHEOZ010000047.1_16671232_17151375_0$NA19240#1#JAHEOM010000047.1_30103390_30511199_1	0.9393109093202360 HGDP
HGDP01354 HG01109#2#JAHEOZ010000047.1_16671232_17151375_0$HG03579#1#JAGYVU010000029.1_91404_499180_0	0.9393073759847932 HGDP
HGDP01354 chr1_hg38_103456064_103863972_0$HG01109#2#JAHEOZ010000047.1_16671232_17151375_0	0.9392898817439097 HGDP
HGDP01354 chr1_hg19_103998686_104406594_0$HG01109#2#JAHEOZ010000047.1_16671232_17151375_0	0.9392898817439097 HGDP
HGDP01354 HG03492#2#JAHEPH010000288.1_2098270_2432686_1$HG01978#1#JAGYVS010000002.1_51519970_52021951_0	0.9392719517814883 HGDP
HGDP01354 HG01928#1#JAGYVQ010000053.1_16676493_17083407_0$HG00438#1#JAHBCB010000015.1_33474867_33954171_0	0.9392468087527308 HGDP
HGDP01354 HG02723#1#JAHEOU010000204.1_2102082_2414876_1$HG00438#2#JAHBCA010000012.1_51513023_51826723_0	0.9392456930060946 HGDP
HGDP01354 AV_HG01175#haplotype1#0000070:46006269_46414083$HG01109#2#JAHEOZ010000047.1_16671232_17151375_0	0.9392397720899845 HGDP
HGDP01354 HG02080#2#JAHEOV010000017.1_16662177_17164189_0$HG03098#1#JAHEPM010000059.1_16676208_17105596_0	0.9392017226311667 HGDP
HGDP01354 HG01978#1#JAGYVS010000002.1_51519970_52021951_0$HG01243#1#JAHEOY010000013.1_90081_424495_0	0.9391965158906087 HGDP
HGDP01354 HG00438#1#JAHBCB010000015.1_33474867_33954171_0$HG01978#2#JAGYVR010000007.1_51532241_51939176_0	0.9391927311403080 HGDP
HGDP01354 HG02818#2#JAHEOR010000010.1_31775319_32183091_1$HG01109#2#JAHEOZ010000047.1_16671232_17151375_0	0.9391888887345183 HGDP
HGDP01354 HG03579#2#JAGYVT010000094.1_51581892_51895531_0$HG02647.verkko_filt_pat.fa:haplotype2_0000857_103738150_104051769_0	0.9391702281370334 HGDP
HGDP01354 AV_HG01361#haplotype2#0001322:101872897_102186552$HG02293.verkko_filt_mat.fa:haplotype1_0000039_30204405_30517145_1	0.9391519191351244 HGDP
HGDP01354 AV_HG01361#haplotype2#0001322:101872897_102186552$HG02723#2#JAHEOT010000034.1_19776337_20321518_1	0.9391449870947949 HGDP
HGDP01354 AV_HG00673#haplotype1#0000019:16627360_17129375$HG03098#1#JAHEPM010000059.1_16676208_17105596_0	0.9391446890589801 HGDP
HGDP01354 HG03486#2#JAHEOP010000248.1_2105565_2584784_1$HG01358#1#JAGYZB010000020.1_27445742_27855492_1	0.9391445314058925 HGDP
HGDP01354 HG02723#2#JAHEOT010000034.1_19776337_20321518_1$HG01258#2#JAGYYU010000072.1_51562603_51970395_0	0.9391391561756335 HGDP
HGDP01354 HG00438#1#JAHBCB010000015.1_33474867_33954171_0$HG02004.verkko_filt_mat.fa:haplotype1_0000022_97828542_98235483_0	0.9391335569356893 HGDP
HGDP01354 HG005#1#JAHEPO010000002.1_51519219_51926067_0$HG02723#2#JAHEOT010000034.1_19776337_20321518_1	0.9391244216393725 HGDP
HGDP01354 HG01109#2#JAHEOZ010000047.1_16671232_17151375_0$HG02300.verkko_filt_pat.fa:haplotype2_0000620_143362344_143769323_1	0.9391209985712070 HGDP
HGDP01354 HG01123#2#JAGYYY010000006.1_51579630_51892388_0$HG02723#2#JAHEOT010000034.1_19776337_20321518_1	0.9391009602838563 HGDP
HGDP01354 HG02723#2#JAHEOT010000034.1_19776337_20321518_1$HG02886#2#JAHAOT010000031.1_87393_401061_0	0.9390924859909872 HGDP
HGDP01354 HG01109#2#JAHEOZ010000047.1_16671232_17151375_0$HG01358#1#JAGYZB010000020.1_27445742_27855492_1	0.9390743920895593 HGDP
HGDP01354 HG03486#1#JAHEOQ010000123.1_16677696_17085575_0$HG01109#2#JAHEOZ010000047.1_16671232_17151375_0	0.9390686417190308 HGDP
HGDP01354 HG01109#2#JAHEOZ010000047.1_16671232_17151375_0$HG005#2#JAHEPN010000023.1_51542210_51950070_0	0.9390657064434198 HGDP
HGDP01354 HG00438#1#JAHBCB010000015.1_33474867_33954171_0$HG02300.verkko_filt_pat.fa:haplotype2_0000620_143362344_143769323_1	0.9390652192885373 HGDP
HGDP01354 HG01109#2#JAHEOZ010000047.1_16671232_17151375_0$HG01978#2#JAGYVR010000007.1_51532241_51939176_0	0.9390398151257511 HGDP
HGDP01354 HG02080#1#JAHEOW010000048.1_16689583_17097287_0$HG02723#2#JAHEOT010000034.1_19776337_20321518_1	0.9390369029987197 HGDP
HGDP01354 HG02723#2#JAHEOT010000034.1_19776337_20321518_1$HG00741#2#JAHALX010000013.1_51574319_51981226_0	0.9389980723682052 HGDP
HGDP01354 HG02723#1#JAHEOU010000204.1_2102082_2414876_1$HG01123#2#JAGYYY010000006.1_51579630_51892388_0	0.9389974907457702 HGDP
HGDP01354 HG03098#1#JAHEPM010000059.1_16676208_17105596_0$HG02293.verkko_filt_pat.fa:haplotype2_0000836_148310532_148812524_1	0.9389924023571716 HGDP
HGDP01354 HG02723#2#JAHEOT010000034.1_19776337_20321518_1$HG02109#2#JAHEPF010000078.1_16678387_16991144_0	0.9389888577147165 HGDP
HGDP01354 HG03453#2#JAGYVV010000088.1_22597550_23005370_1$HG01109#2#JAHEOZ010000047.1_16671232_17151375_0	0.9389878997617912 HGDP
HGDP01354 HG02723#2#JAHEOT010000034.1_19776337_20321518_1$HG02300.verkko_filt_mat.fa:haplotype1_0000028_144052837_144460586_1	0.9389779879315520 HGDP
HGDP01354 HG01928#1#JAGYVQ010000053.1_16676493_17083407_0$HG01109#2#JAHEOZ010000047.1_16671232_17151375_0	0.9389750665490925 HGDP
HGDP01354 HG01123#1#JAGYYZ010000015.1_51528240_51935090_0$HG02145#1#JAHKSG010000134.1_2102465_2647653_1	0.9389680422779942 HGDP
HGDP01354 HG00438#1#JAHBCB010000015.1_33474867_33954171_0$HG01358#1#JAGYZB010000020.1_27445742_27855492_1	0.9389669862041580 HGDP
HGDP01354 HG01109#2#JAHEOZ010000047.1_16671232_17151375_0$HG02004.verkko_filt_mat.fa:haplotype1_0000022_97828542_98235483_0	0.9389275532419660 HGDP
HGDP01354 HG02723#2#JAHEOT010000034.1_19776337_20321518_1$NA19240#2#JAHEOL010000010.1_37445323_37853017_0	0.9389162499415318 HGDP
HGDP01354 HG02145#1#JAHKSG010000134.1_2102465_2647653_1$HG02717#2#JAHAOR010000006.1_19663827_20070693_1	0.9389035590332729 HGDP
HGDP01354 AV_HG00673#haplotype1#0000019:16627360_17129375$HG03492#2#JAHEPH010000288.1_2098270_2432686_1	0.9388761640868547 HGDP
HGDP01354 HG02886#2#JAHAOT010000031.1_87393_401061_0$HG02293.verkko_filt_mat.fa:haplotype1_0000039_30204405_30517145_1	0.9388713969837081 HGDP
HGDP01354 HG03492#2#JAHEPH010000288.1_2098270_2432686_1$HG03540#1#JAGYVY010000208.1_95187_596142_0	0.9388553078106422 HGDP
HGDP01354 AV_HG01361#haplotype2#0001322:101872897_102186552$HG03710.verkko_filt_mat.fa:haplotype1_0000029_102593394_102907063_0	0.9388514895167500 HGDP
HGDP01354 HG03492#2#JAHEPH010000288.1_2098270_2432686_1$HG02080#2#JAHEOV010000017.1_16662177_17164189_0	0.9388223867428044 HGDP
HGDP01354 AV_HG00673#haplotype1#0000019:16627360_17129375$HG01243#1#JAHEOY010000013.1_90081_424495_0	0.9388145108755415 HGDP
HGDP01354 AV_HG01361#haplotype2#0001322:101872897_102186552$HG03098#2#JAHEPL010000003.1_93803759_94117426_0	0.9388101478307530 HGDP
HGDP01354 HG01243#1#JAHEOY010000013.1_90081_424495_0$HG03540#1#JAGYVY010000208.1_95187_596142_0	0.9388071430879052 HGDP
HGDP01354 HG00621#1#JAHBCD010000034.1_2122997_2624098_1$HG03098#1#JAHEPM010000059.1_16676208_17105596_0	0.9387958825693000 HGDP
HGDP01354 HG02145#1#JAHKSG010000134.1_2102465_2647653_1$HG02300.verkko_filt_mat.fa:haplotype1_0000028_144052837_144460586_1	0.9387955213545371 HGDP
HGDP01354 HG03098#1#JAHEPM010000059.1_16676208_17105596_0$HG04228.verkko_filt_mat.fa:haplotype1_0000023_103429213_103930285_0	0.9387894003753878 HGDP
HGDP01354 HG02080#1#JAHEOW010000048.1_16689583_17097287_0$HG02145#1#JAHKSG010000134.1_2102465_2647653_1	0.9387820377788212 HGDP
HGDP01354 HG02723#2#JAHEOT010000034.1_19776337_20321518_1$HG01099.verkko_filt_mat.fa:haplotype1_0000034_142513097_142920876_1	0.9387693548878511 HGDP
HGDP01354 HG02080#2#JAHEOV010000017.1_16662177_17164189_0$HG01243#1#JAHEOY010000013.1_90081_424495_0	0.9387472453312659 HGDP
HGDP01354 HG02723#1#JAHEOU010000204.1_2102082_2414876_1$HG02723#2#JAHEOT010000034.1_19776337_20321518_1	0.9387397190867689 HGDP
HGDP01354 HG02559#2#JAGYVJ010000037.1_52167780_52574597_1$HG02145#1#JAHKSG010000134.1_2102465_2647653_1	0.9387286622694611 HGDP
HGDP01354 HG03579#2#JAGYVT010000094.1_51581892_51895531_0$HG02145#1#JAHKSG010000134.1_2102465_2647653_1	0.9387053657538962 HGDP
HGDP01354 HG02723#2#JAHEOT010000034.1_19776337_20321518_1$HG03516#1#JAGYYT010000012.1_24170958_24578778_1	0.9386965850673119 HGDP
HGDP01354 HG03098#1#JAHEPM010000059.1_16676208_17105596_0$HG02071.verkko_filt_pat.fa:haplotype2_0000736_102745972_103248026_0	0.9386907645670337 HGDP
HGDP01354 AV_HG01361#haplotype2#0001322:101872897_102186552$HG02886#2#JAHAOT010000031.1_87393_401061_0	0.9386885954504491 HGDP
HGDP01354 AV_HG01361#haplotype1#0000023:101593539_102001341$HG02723#2#JAHEOT010000034.1_19776337_20321518_1	0.9386843071165261 HGDP
HGDP01354 HG01109#1#JAHEPA010000099.1_2104245_2511104_1$HG02723#2#JAHEOT010000034.1_19776337_20321518_1	0.9386831463807410 HGDP
HGDP01354 HG02145#1#JAHKSG010000134.1_2102465_2647653_1$HG02647.verkko_filt_pat.fa:haplotype2_0000857_103738150_104051769_0	0.9386562034898327 HGDP
HGDP01354 HG02145#1#JAHKSG010000134.1_2102465_2647653_1$HG01258#2#JAGYYU010000072.1_51562603_51970395_0	0.9386243968903714 HGDP
HGDP01354 HG03453#1#JAGYVW010000157.1_2105722_2585000_1$HG01358#1#JAGYZB010000020.1_27445742_27855492_1	0.9386116526544491 HGDP
HGDP01354 HG02145#1#JAHKSG010000134.1_2102465_2647653_1$HG04228.verkko_filt_pat.fa:haplotype2_0000600_103806749_104119491_0	0.9385678273126626 HGDP
HGDP01354 HG02145#1#JAHKSG010000134.1_2102465_2647653_1$HG01099.verkko_filt_mat.fa:haplotype1_0000034_142513097_142920876_1	0.9385601778857393 HGDP
HGDP01354 AV_HG01361#haplotype2#0001322:101872897_102186552$HG00733#1#JAHEPQ010000019.1_46106835_46420495_0	0.9385389906748246 HGDP
HGDP01354 HG03492#2#JAHEPH010000288.1_2098270_2432686_1$HG02293.verkko_filt_pat.fa:haplotype2_0000836_148310532_148812524_1	0.9385218747987738 HGDP
HGDP01354 HG03492#2#JAHEPH010000288.1_2098270_2432686_1$HG02071.verkko_filt_pat.fa:haplotype2_0000736_102745972_103248026_0	0.9384937749261560 HGDP
HGDP01354 HG02723#2#JAHEOT010000034.1_19776337_20321518_1$HG02809.verkko_filt_pat.fa:haplotype2_0001251_103421111_103827972_0	0.9384725280319718 HGDP
HGDP01354 HG01243#1#JAHEOY010000013.1_90081_424495_0$HG02293.verkko_filt_pat.fa:haplotype2_0000836_148310532_148812524_1	0.9384603131948180 HGDP
HGDP01354 AV_HG00673#haplotype2#0001165:24014011_24421797$HG02723#2#JAHEOT010000034.1_19776337_20321518_1	0.9384600975031065 HGDP
HGDP01354 AV_HG01361#haplotype1#0000023:101593539_102001341$HG02145#1#JAHKSG010000134.1_2102465_2647653_1	0.9384587697368564 HGDP
HGDP01354 HG005#1#JAHEPO010000002.1_51519219_51926067_0$HG02145#1#JAHKSG010000134.1_2102465_2647653_1	0.9384435619208562 HGDP
HGDP01354 HG02145#1#JAHKSG010000134.1_2102465_2647653_1$NA19240#2#JAHEOL010000010.1_37445323_37853017_0	0.9384404871906156 HGDP
HGDP01354 HG02145#1#JAHKSG010000134.1_2102465_2647653_1$HG01891#1#JAGYVO010000014.1_22855818_23168577_1	0.9383772588828481 HGDP
HGDP01354 HG01243#1#JAHEOY010000013.1_90081_424495_0$HG02071.verkko_filt_pat.fa:haplotype2_0000736_102745972_103248026_0	0.9383518764554891 HGDP
HGDP01354 HG02886#2#JAHAOT010000031.1_87393_401061_0$HG03710.verkko_filt_mat.fa:haplotype1_0000029_102593394_102907063_0	0.9383335236426184 HGDP
HGDP01354 HG03098#2#JAHEPL010000003.1_93803759_94117426_0$HG02886#2#JAHAOT010000031.1_87393_401061_0	0.9383282498910902 HGDP
HGDP01354 HG02145#2#JAHKSF010000206.1_1005292_1413195_1$HG02723#2#JAHEOT010000034.1_19776337_20321518_1	0.9382958686860108 HGDP
HGDP01354 HG02630#1#JAHAOQ010000102.1_16672145_17079089_0$HG02723#2#JAHEOT010000034.1_19776337_20321518_1	0.9382680172992327 HGDP
HGDP01354 HG02145#1#JAHKSG010000134.1_2102465_2647653_1$HG00741#2#JAHALX010000013.1_51574319_51981226_0	0.9382584301606748 HGDP
HGDP01354 HG02723#2#JAHEOT010000034.1_19776337_20321518_1$HG02486#2#JAGYVL010000029.1_94163344_94570162_0	0.9382536447293313 HGDP
HGDP01354 AV_HG01361#haplotype2#0001322:101872897_102186552$HG00438#2#JAHBCA010000012.1_51513023_51826723_0	0.9382211697562091 HGDP
HGDP01354 HG01123#2#JAGYYY010000006.1_51579630_51892388_0$HG02145#1#JAHKSG010000134.1_2102465_2647653_1	0.9382196760653613 HGDP
HGDP01354 AV_HG00673#haplotype2#0001165:24014011_24421797$HG02145#1#JAHKSG010000134.1_2102465_2647653_1	0.9382140823484952 HGDP
HGDP01354 AV_HG02257#haplotype2#0001152:102843493_103251377$HG02723#2#JAHEOT010000034.1_19776337_20321518_1	0.9381888917211318 HGDP
HGDP01354 HG02723#2#JAHEOT010000034.1_19776337_20321518_1$HG02818#1#JAHEOS010000101.1_89626_496613_0	0.9381441570255619 HGDP
HGDP01354 HG02723#2#JAHEOT010000034.1_19776337_20321518_1$HG02886#1#JAHAOU010000178.1_62411_469262_0	0.9381346910625922 HGDP
HGDP01354 HG02886#2#JAHAOT010000031.1_87393_401061_0$HG02145#1#JAHKSG010000134.1_2102465_2647653_1	0.9380665936129192 HGDP
HGDP01354 HG00741#1#JAHALY010000007.1_18781197_19307680_1$HG02559#2#JAGYVJ010000037.1_52167780_52574597_1	0.9380638947223210 HGDP
HGDP01354 HG02723#2#JAHEOT010000034.1_19776337_20321518_1$HG02293.verkko_filt_mat.fa:haplotype1_0000039_30204405_30517145_1	0.9380532504714389 HGDP
HGDP01354 HG00621#1#JAHBCD010000034.1_2122997_2624098_1$HG03492#2#JAHEPH010000288.1_2098270_2432686_1	0.9380316451762336 HGDP
HGDP01354 HG02886#2#JAHAOT010000031.1_87393_401061_0$HG00733#1#JAHEPQ010000019.1_46106835_46420495_0	0.9380216601191163 HGDP
HGDP01354 HG03492#2#JAHEPH010000288.1_2098270_2432686_1$HG04228.verkko_filt_mat.fa:haplotype1_0000023_103429213_103930285_0	0.9380075774647192 HGDP
HGDP01354 HG03516#1#JAGYYT010000012.1_24170958_24578778_1$HG02145#1#JAHKSG010000134.1_2102465_2647653_1	0.9379982515551420 HGDP
HGDP01354 AV_HG01361#haplotype2#0001322:101872897_102186552$HG02145#1#JAHKSG010000134.1_2102465_2647653_1	0.9379911118084985 HGDP
HGDP01354 HG02723#2#JAHEOT010000034.1_19776337_20321518_1$NA18906#1#JAHEOO010000054.1_2103477_2510435_1	0.9379680087402182 HGDP
HGDP01354 HG00621#1#JAHBCD010000034.1_2122997_2624098_1$HG01243#1#JAHEOY010000013.1_90081_424495_0	0.9379432318940576 HGDP
HGDP01354 HG03098#2#JAHEPL010000003.1_93803759_94117426_0$HG02723#2#JAHEOT010000034.1_19776337_20321518_1	0.9379426354359975 HGDP
HGDP01354 HG02723#2#JAHEOT010000034.1_19776337_20321518_1$HG03927.verkko_filt_mat.fa:haplotype1_0000009_134765170_135173010_1	0.9379416601035939 HGDP
HGDP01354 HG02145#1#JAHKSG010000134.1_2102465_2647653_1$HG02486#2#JAGYVL010000029.1_94163344_94570162_0	0.9379407464920625 HGDP
HGDP01354 HG02145#1#JAHKSG010000134.1_2102465_2647653_1$HG02809.verkko_filt_pat.fa:haplotype2_0001251_103421111_103827972_0	0.9379331489305049 HGDP
HGDP01354 HG01243#1#JAHEOY010000013.1_90081_424495_0$HG04228.verkko_filt_mat.fa:haplotype1_0000023_103429213_103930285_0	0.9379126291749892 HGDP
HGDP01354 HG02723#2#JAHEOT010000034.1_19776337_20321518_1$HG00438#2#JAHBCA010000012.1_51513023_51826723_0	0.9378944721851781 HGDP
HGDP01354 HG02723#2#JAHEOT010000034.1_19776337_20321518_1$HG02622#1#JAHAOO010000002.1_16673678_17080663_0	0.9378902879092050 HGDP
HGDP01354 HG02145#1#JAHKSG010000134.1_2102465_2647653_1$HG02109#2#JAHEPF010000078.1_16678387_16991144_0	0.9378823671308564 HGDP
HGDP01354 HG00741#1#JAHALY010000007.1_18781197_19307680_1$HG01123#1#JAGYYZ010000015.1_51528240_51935090_0	0.9378547212246497 HGDP
HGDP01354 HG02886#1#JAHAOU010000178.1_62411_469262_0$HG02145#1#JAHKSG010000134.1_2102465_2647653_1	0.9378338902366071 HGDP
HGDP01354 HG03098#2#JAHEPL010000003.1_93803759_94117426_0$HG02293.verkko_filt_mat.fa:haplotype1_0000039_30204405_30517145_1	0.9378317172356321 HGDP
HGDP01354 HG01109#1#JAHEPA010000099.1_2104245_2511104_1$HG02145#1#JAHKSG010000134.1_2102465_2647653_1	0.9378217899220175 HGDP
HGDP01354 HG02717#1#JAHAOS010000015.1_16660311_17067250_0$HG02723#2#JAHEOT010000034.1_19776337_20321518_1	0.9378083304806759 HGDP
HGDP01354 HG02630#1#JAHAOQ010000102.1_16672145_17079089_0$HG02145#1#JAHKSG010000134.1_2102465_2647653_1	0.9378015687160619 HGDP
HGDP01354 HG00741#1#JAHALY010000007.1_18781197_19307680_1$HG02717#2#JAHAOR010000006.1_19663827_20070693_1	0.9377928192339394 HGDP
HGDP01354 HG02145#2#JAHKSF010000206.1_1005292_1413195_1$HG02145#1#JAHKSG010000134.1_2102465_2647653_1	0.9377265297734686 HGDP
HGDP01354 HG02723#2#JAHEOT010000034.1_19776337_20321518_1$HG03710.verkko_filt_mat.fa:haplotype1_0000029_102593394_102907063_0	0.9377081205938705 HGDP
HGDP01354 HG02723#2#JAHEOT010000034.1_19776337_20321518_1$HG02109#1#JAHEPG010000026.1_16673035_17080816_0	0.9376178705690831 HGDP
HGDP01354 HG02723#2#JAHEOT010000034.1_19776337_20321518_1$HG00733#1#JAHEPQ010000019.1_46106835_46420495_0	0.9376108659726896 HGDP
HGDP01354 HG02723#1#JAHEOU010000204.1_2102082_2414876_1$HG02145#1#JAHKSG010000134.1_2102465_2647653_1	0.9375606532685317 HGDP
HGDP01354 HG00741#1#JAHALY010000007.1_18781197_19307680_1$HG01258#2#JAGYYU010000072.1_51562603_51970395_0	0.9375214828329550 HGDP
HGDP01354 HG00741#1#JAHALY010000007.1_18781197_19307680_1$HG005#1#JAHEPO010000002.1_51519219_51926067_0	0.9375069646001460 HGDP
HGDP01354 NA18906#1#JAHEOO010000054.1_2103477_2510435_1$HG02145#1#JAHKSG010000134.1_2102465_2647653_1	0.9375017326232035 HGDP
HGDP01354 AV_HG02257#haplotype2#0001152:102843493_103251377$HG02145#1#JAHKSG010000134.1_2102465_2647653_1	0.9374972580058303 HGDP
HGDP01354 HG01123#2#JAGYYY010000006.1_51579630_51892388_0$HG00438#2#JAHBCA010000012.1_51513023_51826723_0	0.9374815509922233 HGDP
HGDP01354 HG02145#1#JAHKSG010000134.1_2102465_2647653_1$HG02818#1#JAHEOS010000101.1_89626_496613_0	0.9374695739448060 HGDP
HGDP01354 HG03710.verkko_filt_mat.fa:haplotype1_0000029_102593394_102907063_0$HG02293.verkko_filt_mat.fa:haplotype1_0000039_30204405_30517145_1	0.9374561553258506 HGDP
HGDP01354 HG02559#1#JAGYVK010000012.1_51505852_51913611_0$HG02723#2#JAHEOT010000034.1_19776337_20321518_1	0.9373692116473447 HGDP
HGDP01354 HG02723#2#JAHEOT010000034.1_19776337_20321518_1$HG03516#2#JAGYYS010000004.1_24452130_24859892_1	0.9373524810715949 HGDP
HGDP01354 HG02145#1#JAHKSG010000134.1_2102465_2647653_1$HG03927.verkko_filt_mat.fa:haplotype1_0000009_134765170_135173010_1	0.9373461850545319 HGDP
HGDP01354 HG00438#2#JAHBCA010000012.1_51513023_51826723_0$HG02886#2#JAHAOT010000031.1_87393_401061_0	0.9373226060057761 HGDP
HGDP01354 HG00741#1#JAHALY010000007.1_18781197_19307680_1$HG00741#2#JAHALX010000013.1_51574319_51981226_0	0.9372983112323807 HGDP
HGDP01354 HG01123#2#JAGYYY010000006.1_51579630_51892388_0$HG00733#1#JAHEPQ010000019.1_46106835_46420495_0	0.9372917609332524 HGDP
HGDP01354 HG02723#2#JAHEOT010000034.1_19776337_20321518_1$HG03579#1#JAGYVU010000029.1_91404_499180_0	0.9372151365750263 HGDP
HGDP01354 HG02717#1#JAHAOS010000015.1_16660311_17067250_0$HG02145#1#JAHKSG010000134.1_2102465_2647653_1	0.9372150811831458 HGDP
HGDP01354 HG02818#2#JAHEOR010000010.1_31775319_32183091_1$HG02723#2#JAHEOT010000034.1_19776337_20321518_1	0.9371902825608679 HGDP
HGDP01354 HG03098#2#JAHEPL010000003.1_93803759_94117426_0$HG00733#1#JAHEPQ010000019.1_46106835_46420495_0	0.9371452657106899 HGDP
HGDP01354 HG02723#2#JAHEOT010000034.1_19776337_20321518_1$NA19240#1#JAHEOM010000047.1_30103390_30511199_1	0.9371204368421447 HGDP
HGDP01354 HG02109#1#JAHEPG010000026.1_16673035_17080816_0$HG02145#1#JAHKSG010000134.1_2102465_2647653_1	0.9371109243751319 HGDP
HGDP01354 HG02622#1#JAHAOO010000002.1_16673678_17080663_0$HG02145#1#JAHKSG010000134.1_2102465_2647653_1	0.9370383281696262 HGDP
HGDP01354 HG02145#1#JAHKSG010000134.1_2102465_2647653_1$HG02293.verkko_filt_mat.fa:haplotype1_0000039_30204405_30517145_1	0.9370212435557320 HGDP
HGDP01354 AV_HG01175#haplotype1#0000070:46006269_46414083$HG02723#2#JAHEOT010000034.1_19776337_20321518_1	0.9369869310055875 HGDP
HGDP01354 AV_HG02148#haplotype2#0002863:16304803_16712699$HG02723#2#JAHEOT010000034.1_19776337_20321518_1	0.9369576585514430 HGDP
HGDP01354 HG02145#1#JAHKSG010000134.1_2102465_2647653_1$HG03516#2#JAGYYS010000004.1_24452130_24859892_1	0.9369213311570305 HGDP
HGDP01354 HG02630#2#JAHAOP010000089.1_16669255_17076135_0$HG02723#2#JAHEOT010000034.1_19776337_20321518_1	0.9369151980799295 HGDP
HGDP01354 HG03098#2#JAHEPL010000003.1_93803759_94117426_0$HG03710.verkko_filt_mat.fa:haplotype1_0000029_102593394_102907063_0	0.9368833151827445 HGDP
HGDP01354 HG02723#2#JAHEOT010000034.1_19776337_20321518_1$HG02071.verkko_filt_mat.fa:haplotype1_0000041_103610513_104018399_0	0.9368621365160696 HGDP
HGDP01354 HG00741#1#JAHALY010000007.1_18781197_19307680_1$HG02809.verkko_filt_pat.fa:haplotype2_0001251_103421111_103827972_0	0.9368544698006691 HGDP
HGDP01354 HG02809.verkko_filt_mat.fa:haplotype1_0000023_94161320_94589755_0$HG02647.verkko_filt_mat.fa:haplotype1_0000002_103892584_104321036_0	0.9368267899496270 HGDP
HGDP01354 HG02559#1#JAGYVK010000012.1_51505852_51913611_0$HG02145#1#JAHKSG010000134.1_2102465_2647653_1	0.9368223859934790 HGDP
HGDP01354 HG02723#2#JAHEOT010000034.1_19776337_20321518_1$HG03453#2#JAGYVV010000088.1_22597550_23005370_1	0.9368206248273707 HGDP
HGDP01354 HG02145#1#JAHKSG010000134.1_2102465_2647653_1$HG03579#1#JAGYVU010000029.1_91404_499180_0	0.9367961025288091 HGDP
HGDP01354 HG00438#2#JAHBCA010000012.1_51513023_51826723_0$HG02145#1#JAHKSG010000134.1_2102465_2647653_1	0.9367557473888548 HGDP
HGDP01354 HG00741#1#JAHALY010000007.1_18781197_19307680_1$HG01109#1#JAHEPA010000099.1_2104245_2511104_1	0.9367410154812823 HGDP
HGDP01354 HG03098#2#JAHEPL010000003.1_93803759_94117426_0$HG02145#1#JAHKSG010000134.1_2102465_2647653_1	0.9367394588222486 HGDP
HGDP01354 HG02723#2#JAHEOT010000034.1_19776337_20321518_1$HG002.verkko_filt_mat.fa:haplotype1_0000005_138228497_138636354_1	0.9367240570499590 HGDP
HGDP01354 HG02055#2#JAHEPJ010000017.1_24870122_25298560_1$HG02647.verkko_filt_mat.fa:haplotype1_0000002_103892584_104321036_0	0.9367195990091988 HGDP
HGDP01354 HG00741#1#JAHALY010000007.1_18781197_19307680_1$HG02630#1#JAHAOQ010000102.1_16672145_17079089_0	0.9367015307418993 HGDP
HGDP01354 HG03098#1#JAHEPM010000059.1_16676208_17105596_0$HG02647.verkko_filt_mat.fa:haplotype1_0000002_103892584_104321036_0	0.9366910396419232 HGDP
HGDP01354 HG00741#1#JAHALY010000007.1_18781197_19307680_1$HG02145#2#JAHKSF010000206.1_1005292_1413195_1	0.9366620132061581 HGDP
HGDP01354 HG00621#2#JAHBCC010000031.1_16669999_17077865_0$HG02723#2#JAHEOT010000034.1_19776337_20321518_1	0.9366515725107581 HGDP
HGDP01354 HG00741#1#JAHALY010000007.1_18781197_19307680_1$HG02486#2#JAGYVL010000029.1_94163344_94570162_0	0.9366397900095530 HGDP
HGDP01354 HG02145#1#JAHKSG010000134.1_2102465_2647653_1$HG00733#1#JAHEPQ010000019.1_46106835_46420495_0	0.9366175504833659 HGDP
HGDP01354 HG02145#1#JAHKSG010000134.1_2102465_2647653_1$HG03710.verkko_filt_mat.fa:haplotype1_0000029_102593394_102907063_0	0.9365837582063263 HGDP
HGDP01354 chr1_hg19_103998686_104406594_0$HG02723#2#JAHEOT010000034.1_19776337_20321518_1	0.9365739980878000 HGDP
HGDP01354 HG02723#2#JAHEOT010000034.1_19776337_20321518_1$chr1_hg38_103456064_103863972_0	0.9365739980878000 HGDP
HGDP01354 HG00741#1#JAHALY010000007.1_18781197_19307680_1$HG02886#1#JAHAOU010000178.1_62411_469262_0	0.9365481727088963 HGDP
HGDP01354 HG02818#2#JAHEOR010000010.1_31775319_32183091_1$HG02145#1#JAHKSG010000134.1_2102465_2647653_1	0.9365462502123219 HGDP
HGDP01354 HG03486#1#JAHEOQ010000123.1_16677696_17085575_0$HG02723#2#JAHEOT010000034.1_19776337_20321518_1	0.9365232471522490 HGDP
HGDP01354 HG02080#1#JAHEOW010000048.1_16689583_17097287_0$HG00741#1#JAHALY010000007.1_18781197_19307680_1	0.9365153648942088 HGDP
HGDP01354 HG02145#1#JAHKSG010000134.1_2102465_2647653_1$NA19240#1#JAHEOM010000047.1_30103390_30511199_1	0.9364712788055617 HGDP
HGDP01354 HG02055#2#JAHEPJ010000017.1_24870122_25298560_1$HG02809.verkko_filt_mat.fa:haplotype1_0000023_94161320_94589755_0	0.9364640430222683 HGDP
HGDP01354 HG02723#2#JAHEOT010000034.1_19776337_20321518_1$HG005#2#JAHEPN010000023.1_51542210_51950070_0	0.9364323790894535 HGDP
HGDP01354 AV_HG02257#haplotype2#0001152:102843493_103251377$HG00741#1#JAHALY010000007.1_18781197_19307680_1	0.9364195992541087 HGDP
HGDP01354 HG00741#1#JAHALY010000007.1_18781197_19307680_1$NA18906#1#JAHEOO010000054.1_2103477_2510435_1	0.9364027269943798 HGDP
HGDP01354 HG00741#1#JAHALY010000007.1_18781197_19307680_1$HG02300.verkko_filt_mat.fa:haplotype1_0000028_144052837_144460586_1	0.9364019950792423 HGDP
HGDP01354 HG03098#1#JAHEPM010000059.1_16676208_17105596_0$HG02055#2#JAHEPJ010000017.1_24870122_25298560_1	0.9363972765354446 HGDP
HGDP01354 HG02723#2#JAHEOT010000034.1_19776337_20321518_1$HG02300.verkko_filt_pat.fa:haplotype2_0000620_143362344_143769323_1	0.9363801981812714 HGDP
HGDP01354 AV_HG01175#haplotype1#0000070:46006269_46414083$HG02145#1#JAHKSG010000134.1_2102465_2647653_1	0.9363666324456213 HGDP
HGDP01354 HG00741#1#JAHALY010000007.1_18781197_19307680_1$HG02818#1#JAHEOS010000101.1_89626_496613_0	0.9363496009552568 HGDP
HGDP01354 NA20129#2#JAHEPD010000155.1_90039_569275_0$HG03492#1#JAHEPI010000180.1_2103395_2543326_1	0.9363430792845062 HGDP
HGDP01354 HG03098#1#JAHEPM010000059.1_16676208_17105596_0$HG02809.verkko_filt_mat.fa:haplotype1_0000023_94161320_94589755_0	0.9363352853528284 HGDP
HGDP01354 HG02622#2#JAHAON010000012.1_51551779_52031001_0$HG03492#1#JAHEPI010000180.1_2103395_2543326_1	0.9363270870471473 HGDP
HGDP01354 HG02630#2#JAHAOP010000089.1_16669255_17076135_0$HG02145#1#JAHKSG010000134.1_2102465_2647653_1	0.9363159358471170 HGDP
HGDP01354 HG00438#2#JAHBCA010000012.1_51513023_51826723_0$HG03710.verkko_filt_mat.fa:haplotype1_0000029_102593394_102907063_0	0.9362920100575630 HGDP
HGDP01354 HG00741#1#JAHALY010000007.1_18781197_19307680_1$HG02109#1#JAHEPG010000026.1_16673035_17080816_0	0.9362888236391985 HGDP
HGDP01354 HG02723#2#JAHEOT010000034.1_19776337_20321518_1$HG01978#2#JAGYVR010000007.1_51532241_51939176_0	0.9362883005536007 HGDP
HGDP01354 HG02145#1#JAHKSG010000134.1_2102465_2647653_1$HG002.verkko_filt_mat.fa:haplotype1_0000005_138228497_138636354_1	0.9362711588487868 HGDP
HGDP01354 AV_HG02148#haplotype2#0002863:16304803_16712699$HG02145#1#JAHKSG010000134.1_2102465_2647653_1	0.9362554914779568 HGDP
HGDP01354 HG00741#1#JAHALY010000007.1_18781197_19307680_1$HG01099.verkko_filt_mat.fa:haplotype1_0000034_142513097_142920876_1	0.9362498763835830 HGDP
HGDP01354 HG02723#2#JAHEOT010000034.1_19776337_20321518_1$HG02004.verkko_filt_mat.fa:haplotype1_0000022_97828542_98235483_0	0.9362414576313586 HGDP
HGDP01354 HG02145#1#JAHKSG010000134.1_2102465_2647653_1$HG02071.verkko_filt_mat.fa:haplotype1_0000041_103610513_104018399_0	0.9362364893834583 HGDP
HGDP01354 HG01928#1#JAGYVQ010000053.1_16676493_17083407_0$HG02723#2#JAHEOT010000034.1_19776337_20321518_1	0.9362260152533612 HGDP
HGDP01354 HG00741#1#JAHALY010000007.1_18781197_19307680_1$NA19240#2#JAHEOL010000010.1_37445323_37853017_0	0.9362001285053488 HGDP
HGDP01354 HG03098#2#JAHEPL010000003.1_93803759_94117426_0$HG00438#2#JAHBCA010000012.1_51513023_51826723_0	0.9361788261704437 HGDP
HGDP01354 HG00741#1#JAHALY010000007.1_18781197_19307680_1$HG02717#1#JAHAOS010000015.1_16660311_17067250_0	0.9361726524479981 HGDP
HGDP01354 AV_HG01361#haplotype1#0000023:101593539_102001341$HG00741#1#JAHALY010000007.1_18781197_19307680_1	0.9361671184949213 HGDP
HGDP01354 HG00733#1#JAHEPQ010000019.1_46106835_46420495_0$HG03710.verkko_filt_mat.fa:haplotype1_0000029_102593394_102907063_0	0.9361531893536756 HGDP
HGDP01354 HG00621#2#JAHBCC010000031.1_16669999_17077865_0$HG02145#1#JAHKSG010000134.1_2102465_2647653_1	0.9361496721323280 HGDP
HGDP01354 HG03453#2#JAGYVV010000088.1_22597550_23005370_1$HG02145#1#JAHKSG010000134.1_2102465_2647653_1	0.9361424548973517 HGDP
HGDP01354 chr1_hg38_103456064_103863972_0$HG02145#1#JAHKSG010000134.1_2102465_2647653_1	0.9361162666743609 HGDP
HGDP01354 chr1_hg19_103998686_104406594_0$HG02145#1#JAHKSG010000134.1_2102465_2647653_1	0.9361162666743609 HGDP
HGDP01354 HG00741#1#JAHALY010000007.1_18781197_19307680_1$HG02622#1#JAHAOO010000002.1_16673678_17080663_0	0.9359966710420454 HGDP
HGDP01354 AV_HG00673#haplotype2#0001165:24014011_24421797$HG00741#1#JAHALY010000007.1_18781197_19307680_1	0.9359763767788966 HGDP
HGDP01354 HG03486#1#JAHEOQ010000123.1_16677696_17085575_0$HG02145#1#JAHKSG010000134.1_2102465_2647653_1	0.9359228014336447 HGDP
HGDP01354 HG00741#1#JAHALY010000007.1_18781197_19307680_1$HG03516#1#JAGYYT010000012.1_24170958_24578778_1	0.9358515407188763 HGDP
HGDP01354 HG02145#1#JAHKSG010000134.1_2102465_2647653_1$HG02300.verkko_filt_pat.fa:haplotype2_0000620_143362344_143769323_1	0.9358386453279707 HGDP
HGDP01354 HG005#2#JAHEPN010000023.1_51542210_51950070_0$HG02145#1#JAHKSG010000134.1_2102465_2647653_1	0.9358110209549345 HGDP
HGDP01354 HG01978#2#JAGYVR010000007.1_51532241_51939176_0$HG02145#1#JAHKSG010000134.1_2102465_2647653_1	0.9357378804697124 HGDP
HGDP01354 HG02145#1#JAHKSG010000134.1_2102465_2647653_1$HG02004.verkko_filt_mat.fa:haplotype1_0000022_97828542_98235483_0	0.9355764347359119 HGDP
HGDP01354 HG01928#1#JAGYVQ010000053.1_16676493_17083407_0$HG02145#1#JAHKSG010000134.1_2102465_2647653_1	0.9355501748806105 HGDP
HGDP01354 HG00438#1#JAHBCB010000015.1_33474867_33954171_0$HG03492#1#JAHEPI010000180.1_2103395_2543326_1	0.9353515250291184 HGDP
HGDP01354 HG03492#1#JAHEPI010000180.1_2103395_2543326_1$HG03486#2#JAHEOP010000248.1_2105565_2584784_1	0.9352655206631521 HGDP
HGDP01354 HG00741#1#JAHALY010000007.1_18781197_19307680_1$HG03927.verkko_filt_mat.fa:haplotype1_0000009_134765170_135173010_1	0.9351840362276472 HGDP
HGDP01354 HG00741#1#JAHALY010000007.1_18781197_19307680_1$HG02630#2#JAHAOP010000089.1_16669255_17076135_0	0.9351150201331584 HGDP
HGDP01354 HG00438#2#JAHBCA010000012.1_51513023_51826723_0$HG02293.verkko_filt_mat.fa:haplotype1_0000039_30204405_30517145_1	0.9349241722332560 HGDP
HGDP01354 HG03492#1#JAHEPI010000180.1_2103395_2543326_1$HG01109#2#JAHEOZ010000047.1_16671232_17151375_0	0.9348817051928320 HGDP
HGDP01354 HG00741#1#JAHALY010000007.1_18781197_19307680_1$HG02559#1#JAGYVK010000012.1_51505852_51913611_0	0.9345085463245247 HGDP
HGDP01354 HG002.verkko_filt_pat.fa:haplotype2_0000649_147937390_148315979_1$HG03927.verkko_filt_pat.fa:haplotype2_0000800_29002142_29504057_1	0.9345001743781384 HGDP
HGDP01354 HG00741#1#JAHALY010000007.1_18781197_19307680_1$HG03516#2#JAGYYS010000004.1_24452130_24859892_1	0.9344874344727927 HGDP
HGDP01354 HG03453#1#JAGYVW010000157.1_2105722_2585000_1$HG03492#1#JAHEPI010000180.1_2103395_2543326_1	0.9344631025570002 HGDP
HGDP01354 HG00733#1#JAHEPQ010000019.1_46106835_46420495_0$HG02293.verkko_filt_mat.fa:haplotype1_0000039_30204405_30517145_1	0.9343860463869013 HGDP
HGDP01354 HG00741#1#JAHALY010000007.1_18781197_19307680_1$HG03579#1#JAGYVU010000029.1_91404_499180_0	0.9343832736886297 HGDP
HGDP01354 AV_HG01175#haplotype1#0000070:46006269_46414083$HG00741#1#JAHALY010000007.1_18781197_19307680_1	0.9343343769283825 HGDP
HGDP01354 HG00741#1#JAHALY010000007.1_18781197_19307680_1$NA19240#1#JAHEOM010000047.1_30103390_30511199_1	0.9342970300511836 HGDP
HGDP01354 HG02818#2#JAHEOR010000010.1_31775319_32183091_1$HG00741#1#JAHALY010000007.1_18781197_19307680_1	0.9342571933386522 HGDP
HGDP01354 AV_HG02148#haplotype2#0002863:16304803_16712699$HG00741#1#JAHALY010000007.1_18781197_19307680_1	0.9342471082763014 HGDP
HGDP01354 HG00741#1#JAHALY010000007.1_18781197_19307680_1$HG002.verkko_filt_mat.fa:haplotype1_0000005_138228497_138636354_1	0.9342119449143644 HGDP
HGDP01354 HG00741#1#JAHALY010000007.1_18781197_19307680_1$HG02071.verkko_filt_mat.fa:haplotype1_0000041_103610513_104018399_0	0.9342107397785797 HGDP
HGDP01354 HG00621#2#JAHBCC010000031.1_16669999_17077865_0$HG00741#1#JAHALY010000007.1_18781197_19307680_1	0.9341338433325456 HGDP
HGDP01354 HG00741#1#JAHALY010000007.1_18781197_19307680_1$HG03453#2#JAGYVV010000088.1_22597550_23005370_1	0.9340550289420347 HGDP
HGDP01354 HG00741#1#JAHALY010000007.1_18781197_19307680_1$chr1_hg38_103456064_103863972_0	0.9340175513881401 HGDP
HGDP01354 HG00741#1#JAHALY010000007.1_18781197_19307680_1$chr1_hg19_103998686_104406594_0	0.9340175513881401 HGDP
HGDP01354 HG00741#1#JAHALY010000007.1_18781197_19307680_1$HG03486#1#JAHEOQ010000123.1_16677696_17085575_0	0.9338989499393022 HGDP
HGDP01354 HG00741#1#JAHALY010000007.1_18781197_19307680_1$HG02300.verkko_filt_pat.fa:haplotype2_0000620_143362344_143769323_1	0.9338526241951367 HGDP
HGDP01354 HG00741#1#JAHALY010000007.1_18781197_19307680_1$HG005#2#JAHEPN010000023.1_51542210_51950070_0	0.9338146526128934 HGDP
HGDP01354 HG00741#1#JAHALY010000007.1_18781197_19307680_1$HG01978#2#JAGYVR010000007.1_51532241_51939176_0	0.9337243877140410 HGDP
HGDP01354 HG00741#1#JAHALY010000007.1_18781197_19307680_1$HG02004.verkko_filt_mat.fa:haplotype1_0000022_97828542_98235483_0	0.9336162443460315 HGDP
HGDP01354 HG00741#1#JAHALY010000007.1_18781197_19307680_1$HG01928#1#JAGYVQ010000053.1_16676493_17083407_0	0.9335590507730172 HGDP
HGDP01354 HG01258#1#JAGYYV010000004.1_56955948_57456952_1$HG002.verkko_filt_pat.fa:haplotype2_0000649_147937390_148315979_1	0.9335399816393968 HGDP
HGDP01354 HG01071#1#JAHBCF010000053.1_26607100_27108065_1$HG002.verkko_filt_pat.fa:haplotype2_0000649_147937390_148315979_1	0.9332064555743549 HGDP
HGDP01354 NA18906#2#JAHEON010000009.1_93748295_94249275_0$HG002.verkko_filt_pat.fa:haplotype2_0000649_147937390_148315979_1	0.9329633288645083 HGDP
HGDP01354 HG02486#1#JAGYVM010000007.1_28868414_29370339_1$HG002.verkko_filt_pat.fa:haplotype2_0000649_147937390_148315979_1	0.9328296753823783 HGDP
HGDP01354 HG002.verkko_filt_pat.fa:haplotype2_0000649_147937390_148315979_1$HG01099.verkko_filt_pat.fa:haplotype2_0000583_143544270_144046196_1	0.9325806740092275 HGDP
HGDP01354 AV_HG01106#haplotype2#0000932:16673968_17175925$HG002.verkko_filt_pat.fa:haplotype2_0000649_147937390_148315979_1	0.9325304487543249 HGDP
HGDP01354 HG01978#1#JAGYVS010000002.1_51519970_52021951_0$HG002.verkko_filt_pat.fa:haplotype2_0000649_147937390_148315979_1	0.9322834626778423 HGDP
HGDP01354 HG03540#1#JAGYVY010000208.1_95187_596142_0$HG002.verkko_filt_pat.fa:haplotype2_0000649_147937390_148315979_1	0.9320223465483560 HGDP
HGDP01354 HG00438#2#JAHBCA010000012.1_51513023_51826723_0$HG00733#1#JAHEPQ010000019.1_46106835_46420495_0	0.9318437620027229 HGDP
HGDP01354 AV_HG00673#haplotype1#0000019:16627360_17129375$HG002.verkko_filt_pat.fa:haplotype2_0000649_147937390_148315979_1	0.9317573240753488 HGDP
HGDP01354 HG02080#2#JAHEOV010000017.1_16662177_17164189_0$HG002.verkko_filt_pat.fa:haplotype2_0000649_147937390_148315979_1	0.9317529464205770 HGDP
HGDP01354 HG02723#2#JAHEOT010000034.1_19776337_20321518_1$HG03492#1#JAHEPI010000180.1_2103395_2543326_1	0.9317295201443837 HGDP
HGDP01354 HG02293.verkko_filt_pat.fa:haplotype2_0000836_148310532_148812524_1$HG002.verkko_filt_pat.fa:haplotype2_0000649_147937390_148315979_1	0.9313873931339509 HGDP
HGDP01354 HG02071.verkko_filt_pat.fa:haplotype2_0000736_102745972_103248026_0$HG002.verkko_filt_pat.fa:haplotype2_0000649_147937390_148315979_1	0.9313829505803164 HGDP
HGDP01354 HG00741#1#JAHALY010000007.1_18781197_19307680_1$HG03492#1#JAHEPI010000180.1_2103395_2543326_1	0.9311848445090306 HGDP
HGDP01354 HG00621#1#JAHBCD010000034.1_2122997_2624098_1$HG002.verkko_filt_pat.fa:haplotype2_0000649_147937390_148315979_1	0.9310371236788377 HGDP
HGDP01354 HG04228.verkko_filt_mat.fa:haplotype1_0000023_103429213_103930285_0$HG002.verkko_filt_pat.fa:haplotype2_0000649_147937390_148315979_1	0.9308060801692626 HGDP
HGDP01354 HG02723#2#JAHEOT010000034.1_19776337_20321518_1$HG01358#1#JAGYZB010000020.1_27445742_27855492_1	0.9307117483940697 HGDP
HGDP01354 HG03492#1#JAHEPI010000180.1_2103395_2543326_1$HG02145#1#JAHKSG010000134.1_2102465_2647653_1	0.9304293743888957 HGDP
HGDP01354 HG02145#1#JAHKSG010000134.1_2102465_2647653_1$HG01358#1#JAGYZB010000020.1_27445742_27855492_1	0.9301199419788713 HGDP
HGDP01354 HG02080#1#JAHEOW010000048.1_16689583_17097287_0$HG01258#1#JAGYYV010000004.1_56955948_57456952_1	0.9301186088312082 HGDP
HGDP01354 HG03492#2#JAHEPH010000288.1_2098270_2432686_1$HG03540#2#JAGYVX010000148.1_1368955_1877115_0	0.9300201856021006 HGDP
HGDP01354 HG03540#2#JAGYVX010000148.1_1368955_1877115_0$HG01243#1#JAHEOY010000013.1_90081_424495_0	0.9299678706765178 HGDP
HGDP01354 HG01258#1#JAGYYV010000004.1_56955948_57456952_1$HG02300.verkko_filt_mat.fa:haplotype1_0000028_144052837_144460586_1	0.9299333130281678 HGDP
HGDP01354 HG01258#1#JAGYYV010000004.1_56955948_57456952_1$HG01099.verkko_filt_mat.fa:haplotype1_0000034_142513097_142920876_1	0.9298864974471638 HGDP
HGDP01354 HG02559#2#JAGYVJ010000037.1_52167780_52574597_1$HG01258#1#JAGYYV010000004.1_56955948_57456952_1	0.9298600776788606 HGDP
HGDP01354 HG02080#1#JAHEOW010000048.1_16689583_17097287_0$HG01071#1#JAHBCF010000053.1_26607100_27108065_1	0.9298381268385485 HGDP
HGDP01354 HG01123#1#JAGYYZ010000015.1_51528240_51935090_0$HG03927.verkko_filt_pat.fa:haplotype2_0000800_29002142_29504057_1	0.9298365438086280 HGDP
HGDP01354 HG01071#1#JAHBCF010000053.1_26607100_27108065_1$HG01099.verkko_filt_mat.fa:haplotype1_0000034_142513097_142920876_1	0.9297890009445366 HGDP
HGDP01354 AV_HG01361#haplotype1#0000023:101593539_102001341$HG01258#1#JAGYYV010000004.1_56955948_57456952_1	0.9297640890729209 HGDP
HGDP01354 AV_HG00673#haplotype2#0001165:24014011_24421797$HG01258#1#JAGYYV010000004.1_56955948_57456952_1	0.9297306807330681 HGDP
HGDP01354 AV_HG01361#haplotype1#0000023:101593539_102001341$HG01071#1#JAHBCF010000053.1_26607100_27108065_1	0.9297293725572879 HGDP
HGDP01354 AV_HG00673#haplotype2#0001165:24014011_24421797$HG01071#1#JAHBCF010000053.1_26607100_27108065_1	0.9296909902496608 HGDP
HGDP01354 HG01258#1#JAGYYV010000004.1_56955948_57456952_1$NA19240#2#JAHEOL010000010.1_37445323_37853017_0	0.9296856142093863 HGDP
HGDP01354 HG01071#1#JAHBCF010000053.1_26607100_27108065_1$HG02300.verkko_filt_mat.fa:haplotype1_0000028_144052837_144460586_1	0.9296635328050502 HGDP
HGDP01354 HG005#1#JAHEPO010000002.1_51519219_51926067_0$HG03927.verkko_filt_pat.fa:haplotype2_0000800_29002142_29504057_1	0.9295989890564890 HGDP
HGDP01354 HG01258#2#JAGYYU010000072.1_51562603_51970395_0$HG03927.verkko_filt_pat.fa:haplotype2_0000800_29002142_29504057_1	0.9295821590100398 HGDP
HGDP01354 HG02717#2#JAHAOR010000006.1_19663827_20070693_1$HG03927.verkko_filt_pat.fa:haplotype2_0000800_29002142_29504057_1	0.9295557928866099 HGDP
HGDP01354 HG02559#2#JAGYVJ010000037.1_52167780_52574597_1$HG01071#1#JAHBCF010000053.1_26607100_27108065_1	0.9294942570883755 HGDP
HGDP01354 HG01258#1#JAGYYV010000004.1_56955948_57456952_1$HG03516#1#JAGYYT010000012.1_24170958_24578778_1	0.9293702841504482 HGDP
HGDP01354 HG00741#2#JAHALX010000013.1_51574319_51981226_0$HG03927.verkko_filt_pat.fa:haplotype2_0000800_29002142_29504057_1	0.9293600121945637 HGDP
HGDP01354 HG01071#1#JAHBCF010000053.1_26607100_27108065_1$NA19240#2#JAHEOL010000010.1_37445323_37853017_0	0.9293441693337550 HGDP
HGDP01354 HG02559#2#JAGYVJ010000037.1_52167780_52574597_1$HG03927.verkko_filt_pat.fa:haplotype2_0000800_29002142_29504057_1	0.9292821238524933 HGDP
HGDP01354 HG01071#1#JAHBCF010000053.1_26607100_27108065_1$HG03516#1#JAGYYT010000012.1_24170958_24578778_1	0.9292076002375920 HGDP
HGDP01354 HG005#1#JAHEPO010000002.1_51519219_51926067_0$HG01258#1#JAGYYV010000004.1_56955948_57456952_1	0.9291740656682478 HGDP
HGDP01354 HG01258#1#JAGYYV010000004.1_56955948_57456952_1$HG02717#2#JAHAOR010000006.1_19663827_20070693_1	0.9290686225189487 HGDP
HGDP01354 HG01123#1#JAGYYZ010000015.1_51528240_51935090_0$HG01258#1#JAGYYV010000004.1_56955948_57456952_1	0.9290639364804102 HGDP
HGDP01354 HG02886#1#JAHAOU010000178.1_62411_469262_0$HG03927.verkko_filt_pat.fa:haplotype2_0000800_29002142_29504057_1	0.9290581303080712 HGDP
HGDP01354 HG02486#2#JAGYVL010000029.1_94163344_94570162_0$HG03927.verkko_filt_pat.fa:haplotype2_0000800_29002142_29504057_1	0.9290444535028028 HGDP
HGDP01354 HG01258#1#JAGYYV010000004.1_56955948_57456952_1$HG01258#2#JAGYYU010000072.1_51562603_51970395_0	0.9290431559092326 HGDP
HGDP01354 HG01109#1#JAHEPA010000099.1_2104245_2511104_1$HG03927.verkko_filt_pat.fa:haplotype2_0000800_29002142_29504057_1	0.9289872370410968 HGDP
HGDP01354 HG02809.verkko_filt_pat.fa:haplotype2_0001251_103421111_103827972_0$HG03927.verkko_filt_pat.fa:haplotype2_0000800_29002142_29504057_1	0.9289421721465062 HGDP
HGDP01354 HG005#1#JAHEPO010000002.1_51519219_51926067_0$HG01071#1#JAHBCF010000053.1_26607100_27108065_1	0.9289041293973771 HGDP
HGDP01354 HG01071#1#JAHBCF010000053.1_26607100_27108065_1$HG01258#2#JAGYYU010000072.1_51562603_51970395_0	0.9288977071995209 HGDP
HGDP01354 HG02080#1#JAHEOW010000048.1_16689583_17097287_0$NA18906#2#JAHEON010000009.1_93748295_94249275_0	0.9288915033667278 HGDP
HGDP01354 HG02559#2#JAGYVJ010000037.1_52167780_52574597_1$NA18906#2#JAHEON010000009.1_93748295_94249275_0	0.9288529220979418 HGDP
HGDP01354 HG01258#1#JAGYYV010000004.1_56955948_57456952_1$HG02109#1#JAHEPG010000026.1_16673035_17080816_0	0.9288437143255905 HGDP
HGDP01354 NA18906#2#JAHEON010000009.1_93748295_94249275_0$HG01099.verkko_filt_mat.fa:haplotype1_0000034_142513097_142920876_1	0.9288319628836832 HGDP
HGDP01354 HG01258#1#JAGYYV010000004.1_56955948_57456952_1$HG02809.verkko_filt_pat.fa:haplotype2_0001251_103421111_103827972_0	0.9288288207044139 HGDP
HGDP01354 HG02559#2#JAGYVJ010000037.1_52167780_52574597_1$HG02486#1#JAGYVM010000007.1_28868414_29370339_1	0.9288218087701224 HGDP
HGDP01354 HG01071#1#JAHBCF010000053.1_26607100_27108065_1$HG02717#2#JAHAOR010000006.1_19663827_20070693_1	0.9288195631642900 HGDP
HGDP01354 HG01123#1#JAGYYZ010000015.1_51528240_51935090_0$HG01071#1#JAHBCF010000053.1_26607100_27108065_1	0.9287889243896846 HGDP
HGDP01354 AV_HG01106#haplotype2#0000932:16673968_17175925$HG02559#2#JAGYVJ010000037.1_52167780_52574597_1	0.9287869084962787 HGDP
HGDP01354 NA18906#2#JAHEON010000009.1_93748295_94249275_0$HG02300.verkko_filt_mat.fa:haplotype1_0000028_144052837_144460586_1	0.9287640124424540 HGDP
HGDP01354 HG02559#2#JAGYVJ010000037.1_52167780_52574597_1$HG01099.verkko_filt_pat.fa:haplotype2_0000583_143544270_144046196_1	0.9286640503361223 HGDP
HGDP01354 HG00741#1#JAHALY010000007.1_18781197_19307680_1$HG02647.verkko_filt_mat.fa:haplotype1_0000002_103892584_104321036_0	0.9286544788148802 HGDP
HGDP01354 AV_HG01361#haplotype1#0000023:101593539_102001341$NA18906#2#JAHEON010000009.1_93748295_94249275_0	0.9286477319534688 HGDP
HGDP01354 HG01258#1#JAGYYV010000004.1_56955948_57456952_1$HG00741#2#JAHALX010000013.1_51574319_51981226_0	0.9286400549507535 HGDP
HGDP01354 HG01071#1#JAHBCF010000053.1_26607100_27108065_1$HG02109#1#JAHEPG010000026.1_16673035_17080816_0	0.9286394111230866 HGDP
HGDP01354 HG01258#1#JAGYYV010000004.1_56955948_57456952_1$HG03927.verkko_filt_mat.fa:haplotype1_0000009_134765170_135173010_1	0.9285811689884403 HGDP
HGDP01354 HG01071#1#JAHBCF010000053.1_26607100_27108065_1$HG02809.verkko_filt_pat.fa:haplotype2_0001251_103421111_103827972_0	0.9285624004848267 HGDP
HGDP01354 AV_HG00673#haplotype2#0001165:24014011_24421797$NA18906#2#JAHEON010000009.1_93748295_94249275_0	0.9285477692829743 HGDP
HGDP01354 HG02559#2#JAGYVJ010000037.1_52167780_52574597_1$HG01978#1#JAGYVS010000002.1_51519970_52021951_0	0.9285398912020336 HGDP
HGDP01354 HG02630#1#JAHAOQ010000102.1_16672145_17079089_0$HG03927.verkko_filt_pat.fa:haplotype2_0000800_29002142_29504057_1	0.9285160637983779 HGDP
HGDP01354 HG02145#2#JAHKSF010000206.1_1005292_1413195_1$HG03927.verkko_filt_pat.fa:haplotype2_0000800_29002142_29504057_1	0.9284950835471258 HGDP
HGDP01354 HG02109#1#JAHEPG010000026.1_16673035_17080816_0$HG03927.verkko_filt_pat.fa:haplotype2_0000800_29002142_29504057_1	0.9284895099012441 HGDP
HGDP01354 HG005#1#JAHEPO010000002.1_51519219_51926067_0$HG02486#1#JAGYVM010000007.1_28868414_29370339_1	0.9284741673281516 HGDP
HGDP01354 HG01258#1#JAGYYV010000004.1_56955948_57456952_1$HG02486#2#JAGYVL010000029.1_94163344_94570162_0	0.9284679972681562 HGDP
HGDP01354 NA18906#2#JAHEON010000009.1_93748295_94249275_0$NA19240#2#JAHEOL010000010.1_37445323_37853017_0	0.9284622838737632 HGDP
HGDP01354 HG01071#1#JAHBCF010000053.1_26607100_27108065_1$HG03927.verkko_filt_mat.fa:haplotype1_0000009_134765170_135173010_1	0.9284351114742742 HGDP
HGDP01354 HG00741#1#JAHALY010000007.1_18781197_19307680_1$HG02055#2#JAHEPJ010000017.1_24870122_25298560_1	0.9284278272188252 HGDP
HGDP01354 HG02886#1#JAHAOU010000178.1_62411_469262_0$HG01258#1#JAGYYV010000004.1_56955948_57456952_1	0.9284192871518446 HGDP
HGDP01354 NA18906#2#JAHEON010000009.1_93748295_94249275_0$HG01258#2#JAGYYU010000072.1_51562603_51970395_0	0.9284188912038472 HGDP
HGDP01354 HG00741#1#JAHALY010000007.1_18781197_19307680_1$HG02809.verkko_filt_mat.fa:haplotype1_0000023_94161320_94589755_0	0.9283931447254168 HGDP
HGDP01354 HG02486#1#JAGYVM010000007.1_28868414_29370339_1$HG02717#2#JAHAOR010000006.1_19663827_20070693_1	0.9283894462292506 HGDP
HGDP01354 HG01071#1#JAHBCF010000053.1_26607100_27108065_1$HG00741#2#JAHALX010000013.1_51574319_51981226_0	0.9283563034149653 HGDP
HGDP01354 AV_HG01106#haplotype2#0000932:16673968_17175925$HG01123#1#JAGYYZ010000015.1_51528240_51935090_0	0.9283418869143776 HGDP
HGDP01354 AV_HG01106#haplotype2#0000932:16673968_17175925$HG005#1#JAHEPO010000002.1_51519219_51926067_0	0.9283272985049975 HGDP
HGDP01354 AV_HG01106#haplotype2#0000932:16673968_17175925$HG02717#2#JAHAOR010000006.1_19663827_20070693_1	0.9283048214350109 HGDP
HGDP01354 HG01071#1#JAHBCF010000053.1_26607100_27108065_1$HG02886#1#JAHAOU010000178.1_62411_469262_0	0.9282931157936009 HGDP
HGDP01354 HG01123#1#JAGYYZ010000015.1_51528240_51935090_0$HG02486#1#JAGYVM010000007.1_28868414_29370339_1	0.9282862002041473 HGDP
HGDP01354 HG01123#1#JAGYYZ010000015.1_51528240_51935090_0$NA18906#2#JAHEON010000009.1_93748295_94249275_0	0.9282843326193404 HGDP
HGDP01354 HG03516#1#JAGYYT010000012.1_24170958_24578778_1$NA18906#2#JAHEON010000009.1_93748295_94249275_0	0.9282817516441176 HGDP
HGDP01354 HG005#1#JAHEPO010000002.1_51519219_51926067_0$HG01099.verkko_filt_pat.fa:haplotype2_0000583_143544270_144046196_1	0.9282543456822772 HGDP
HGDP01354 NA18906#2#JAHEON010000009.1_93748295_94249275_0$HG02717#2#JAHAOR010000006.1_19663827_20070693_1	0.9282375571078985 HGDP
HGDP01354 HG02486#1#JAGYVM010000007.1_28868414_29370339_1$HG02300.verkko_filt_mat.fa:haplotype1_0000028_144052837_144460586_1	0.9282304222374828 HGDP
HGDP01354 HG02080#1#JAHEOW010000048.1_16689583_17097287_0$HG02486#1#JAGYVM010000007.1_28868414_29370339_1	0.9282278377063855 HGDP
HGDP01354 NA18906#1#JAHEOO010000054.1_2103477_2510435_1$HG03927.verkko_filt_pat.fa:haplotype2_0000800_29002142_29504057_1	0.9282017698892473 HGDP
HGDP01354 HG02145#2#JAHKSF010000206.1_1005292_1413195_1$HG01258#1#JAGYYV010000004.1_56955948_57456952_1	0.9281995691689098 HGDP
HGDP01354 HG01123#1#JAGYYZ010000015.1_51528240_51935090_0$HG01978#1#JAGYVS010000002.1_51519970_52021951_0	0.9281992103809791 HGDP
HGDP01354 AV_HG02257#haplotype2#0001152:102843493_103251377$HG03927.verkko_filt_pat.fa:haplotype2_0000800_29002142_29504057_1	0.9281900891303950 HGDP
HGDP01354 HG005#1#JAHEPO010000002.1_51519219_51926067_0$NA18906#2#JAHEON010000009.1_93748295_94249275_0	0.9281877885991487 HGDP
HGDP01354 HG02818#1#JAHEOS010000101.1_89626_496613_0$HG03927.verkko_filt_pat.fa:haplotype2_0000800_29002142_29504057_1	0.9281807075121601 HGDP
HGDP01354 HG01071#1#JAHBCF010000053.1_26607100_27108065_1$HG02486#2#JAGYVL010000029.1_94163344_94570162_0	0.9281805961895108 HGDP
HGDP01354 HG02486#1#JAGYVM010000007.1_28868414_29370339_1$HG01099.verkko_filt_mat.fa:haplotype1_0000034_142513097_142920876_1	0.9281265573564874 HGDP
HGDP01354 HG02486#1#JAGYVM010000007.1_28868414_29370339_1$HG01258#2#JAGYYU010000072.1_51562603_51970395_0	0.9281255710657785 HGDP
HGDP01354 AV_HG00673#haplotype2#0001165:24014011_24421797$HG02486#1#JAGYVM010000007.1_28868414_29370339_1	0.9281123348863464 HGDP
HGDP01354 AV_HG01106#haplotype2#0000932:16673968_17175925$HG01258#2#JAGYYU010000072.1_51562603_51970395_0	0.9281022385440371 HGDP
HGDP01354 HG01978#1#JAGYVS010000002.1_51519970_52021951_0$HG02717#2#JAHAOR010000006.1_19663827_20070693_1	0.9280840445484946 HGDP
HGDP01354 HG02559#1#JAGYVK010000012.1_51505852_51913611_0$HG01258#1#JAGYYV010000004.1_56955948_57456952_1	0.9280774134544975 HGDP
HGDP01354 HG02559#2#JAGYVJ010000037.1_52167780_52574597_1$HG02080#2#JAHEOV010000017.1_16662177_17164189_0	0.9280629363110738 HGDP
HGDP01354 HG01258#1#JAGYYV010000004.1_56955948_57456952_1$HG03516#2#JAGYYS010000004.1_24452130_24859892_1	0.9280621624059272 HGDP
HGDP01354 HG005#1#JAHEPO010000002.1_51519219_51926067_0$HG01978#1#JAGYVS010000002.1_51519970_52021951_0	0.9280596820063141 HGDP
HGDP01354 HG02622#1#JAHAOO010000002.1_16673678_17080663_0$HG03927.verkko_filt_pat.fa:haplotype2_0000800_29002142_29504057_1	0.9280535283343744 HGDP
HGDP01354 HG01258#1#JAGYYV010000004.1_56955948_57456952_1$HG03579#1#JAGYVU010000029.1_91404_499180_0	0.9280359156967972 HGDP
HGDP01354 HG00741#1#JAHALY010000007.1_18781197_19307680_1$HG01358#1#JAGYZB010000020.1_27445742_27855492_1	0.9280297356664911 HGDP
HGDP01354 HG02559#2#JAGYVJ010000037.1_52167780_52574597_1$HG03540#1#JAGYVY010000208.1_95187_596142_0	0.9280275367192704 HGDP
HGDP01354 HG02717#2#JAHAOR010000006.1_19663827_20070693_1$HG01099.verkko_filt_pat.fa:haplotype2_0000583_143544270_144046196_1	0.9280245135503074 HGDP
HGDP01354 HG02145#2#JAHKSF010000206.1_1005292_1413195_1$HG01071#1#JAHBCF010000053.1_26607100_27108065_1	0.9280216190681965 HGDP
HGDP01354 AV_HG00673#haplotype1#0000019:16627360_17129375$HG02559#2#JAGYVJ010000037.1_52167780_52574597_1	0.9280160234052002 HGDP
HGDP01354 AV_HG01361#haplotype1#0000023:101593539_102001341$HG02486#1#JAGYVM010000007.1_28868414_29370339_1	0.9280148935771320 HGDP
HGDP01354 HG03540#2#JAGYVX010000148.1_1368955_1877115_0$HG02647.verkko_filt_mat.fa:haplotype1_0000002_103892584_104321036_0	0.9280102353795345 HGDP
HGDP01354 HG02486#1#JAGYVM010000007.1_28868414_29370339_1$HG00741#2#JAHALX010000013.1_51574319_51981226_0	0.9279816455196066 HGDP
HGDP01354 HG01071#1#JAHBCF010000053.1_26607100_27108065_1$HG03516#2#JAGYYS010000004.1_24452130_24859892_1	0.9279569640958465 HGDP
HGDP01354 HG02559#1#JAGYVK010000012.1_51505852_51913611_0$HG01071#1#JAHBCF010000053.1_26607100_27108065_1	0.9279568627793058 HGDP
HGDP01354 HG02717#1#JAHAOS010000015.1_16660311_17067250_0$HG03927.verkko_filt_pat.fa:haplotype2_0000800_29002142_29504057_1	0.9279560433911582 HGDP
HGDP01354 HG01258#1#JAGYYV010000004.1_56955948_57456952_1$NA19240#1#JAHEOM010000047.1_30103390_30511199_1	0.9279429079070771 HGDP
HGDP01354 HG02630#1#JAHAOQ010000102.1_16672145_17079089_0$HG01258#1#JAGYYV010000004.1_56955948_57456952_1	0.9279392885845072 HGDP
HGDP01354 AV_HG01106#haplotype2#0000932:16673968_17175925$HG00741#2#JAHALX010000013.1_51574319_51981226_0	0.9279363179180038 HGDP
HGDP01354 HG01071#1#JAHBCF010000053.1_26607100_27108065_1$HG03579#1#JAGYVU010000029.1_91404_499180_0	0.9279360304468274 HGDP
HGDP01354 HG01123#1#JAGYYZ010000015.1_51528240_51935090_0$HG01099.verkko_filt_pat.fa:haplotype2_0000583_143544270_144046196_1	0.9279264907990094 HGDP
HGDP01354 NA18906#2#JAHEON010000009.1_93748295_94249275_0$HG00741#2#JAHALX010000013.1_51574319_51981226_0	0.9279252810430181 HGDP
HGDP01354 HG02630#2#JAHAOP010000089.1_16669255_17076135_0$HG03927.verkko_filt_pat.fa:haplotype2_0000800_29002142_29504057_1	0.9279036996675787 HGDP
HGDP01354 HG02818#2#JAHEOR010000010.1_31775319_32183091_1$HG01258#1#JAGYYV010000004.1_56955948_57456952_1	0.9278838640708795 HGDP
HGDP01354 HG02486#1#JAGYVM010000007.1_28868414_29370339_1$NA19240#2#JAHEOL010000010.1_37445323_37853017_0	0.9278651132320450 HGDP
HGDP01354 HG01978#1#JAGYVS010000002.1_51519970_52021951_0$HG01258#2#JAGYYU010000072.1_51562603_51970395_0	0.9278606853416569 HGDP
HGDP01354 HG01258#2#JAGYYU010000072.1_51562603_51970395_0$HG01099.verkko_filt_pat.fa:haplotype2_0000583_143544270_144046196_1	0.9278437384576883 HGDP
HGDP01354 HG02080#2#JAHEOV010000017.1_16662177_17164189_0$HG01123#1#JAGYYZ010000015.1_51528240_51935090_0	0.9278335331597750 HGDP
HGDP01354 AV_HG00673#haplotype1#0000019:16627360_17129375$HG01123#1#JAGYYZ010000015.1_51528240_51935090_0	0.9278234005408589 HGDP
HGDP01354 HG02559#2#JAGYVJ010000037.1_52167780_52574597_1$HG02293.verkko_filt_pat.fa:haplotype2_0000836_148310532_148812524_1	0.9278133662540143 HGDP
HGDP01354 HG03540#2#JAGYVX010000148.1_1368955_1877115_0$HG02055#2#JAHEPJ010000017.1_24870122_25298560_1	0.9278053200595746 HGDP
HGDP01354 AV_HG00673#haplotype1#0000019:16627360_17129375$HG02717#2#JAHAOR010000006.1_19663827_20070693_1	0.9277970136958116 HGDP
HGDP01354 AV_HG02257#haplotype2#0001152:102843493_103251377$HG01258#1#JAGYYV010000004.1_56955948_57456952_1	0.9277696774885055 HGDP
HGDP01354 NA18906#2#JAHEON010000009.1_93748295_94249275_0$HG03927.verkko_filt_mat.fa:haplotype1_0000009_134765170_135173010_1	0.9277692631550288 HGDP
HGDP01354 HG01071#1#JAHBCF010000053.1_26607100_27108065_1$NA19240#1#JAHEOM010000047.1_30103390_30511199_1	0.9277607729128983 HGDP
HGDP01354 HG01978#1#JAGYVS010000002.1_51519970_52021951_0$HG00741#2#JAHALX010000013.1_51574319_51981226_0	0.9277468102965399 HGDP
HGDP01354 HG02080#2#JAHEOV010000017.1_16662177_17164189_0$HG02717#2#JAHAOR010000006.1_19663827_20070693_1	0.9277448179639625 HGDP
HGDP01354 HG02630#1#JAHAOQ010000102.1_16672145_17079089_0$HG01071#1#JAHBCF010000053.1_26607100_27108065_1	0.9277244955371583 HGDP
HGDP01354 HG02486#1#JAGYVM010000007.1_28868414_29370339_1$HG02809.verkko_filt_pat.fa:haplotype2_0001251_103421111_103827972_0	0.9276915342901576 HGDP
HGDP01354 NA18906#2#JAHEON010000009.1_93748295_94249275_0$HG02486#2#JAGYVL010000029.1_94163344_94570162_0	0.9276894939054577 HGDP
HGDP01354 HG02818#2#JAHEOR010000010.1_31775319_32183091_1$HG01071#1#JAHBCF010000053.1_26607100_27108065_1	0.9276759558910269 HGDP
HGDP01354 HG02559#2#JAGYVJ010000037.1_52167780_52574597_1$HG02071.verkko_filt_pat.fa:haplotype2_0000736_102745972_103248026_0	0.9276689817977783 HGDP
HGDP01354 HG03540#2#JAGYVX010000148.1_1368955_1877115_0$HG02809.verkko_filt_mat.fa:haplotype1_0000023_94161320_94589755_0	0.9276569239687161 HGDP
HGDP01354 HG02886#1#JAHAOU010000178.1_62411_469262_0$NA18906#2#JAHEON010000009.1_93748295_94249275_0	0.9276568481495603 HGDP
HGDP01354 HG005#1#JAHEPO010000002.1_51519219_51926067_0$HG03540#1#JAGYVY010000208.1_95187_596142_0	0.9276346502772065 HGDP
HGDP01354 HG03516#1#JAGYYT010000012.1_24170958_24578778_1$HG02486#1#JAGYVM010000007.1_28868414_29370339_1	0.9276263373724886 HGDP
HGDP01354 HG02145#2#JAHKSF010000206.1_1005292_1413195_1$NA18906#2#JAHEON010000009.1_93748295_94249275_0	0.9276187462345619 HGDP
HGDP01354 HG03540#1#JAGYVY010000208.1_95187_596142_0$HG01258#2#JAGYYU010000072.1_51562603_51970395_0	0.9276126976924732 HGDP
HGDP01354 HG03540#1#JAGYVY010000208.1_95187_596142_0$HG02717#2#JAHAOR010000006.1_19663827_20070693_1	0.9276017899176683 HGDP
HGDP01354 HG01258#1#JAGYYV010000004.1_56955948_57456952_1$HG02818#1#JAHEOS010000101.1_89626_496613_0	0.9275992381601041 HGDP
HGDP01354 HG00741#2#JAHALX010000013.1_51574319_51981226_0$HG01099.verkko_filt_pat.fa:haplotype2_0000583_143544270_144046196_1	0.9275862651545748 HGDP
HGDP01354 AV_HG02257#haplotype2#0001152:102843493_103251377$HG01071#1#JAHBCF010000053.1_26607100_27108065_1	0.9275820096668187 HGDP
HGDP01354 AV_HG00673#haplotype1#0000019:16627360_17129375$HG005#1#JAHEPO010000002.1_51519219_51926067_0	0.9275551533652617 HGDP
HGDP01354 HG02630#2#JAHAOP010000089.1_16669255_17076135_0$HG01258#1#JAGYYV010000004.1_56955948_57456952_1	0.9275301292834034 HGDP
HGDP01354 HG005#1#JAHEPO010000002.1_51519219_51926067_0$HG02080#2#JAHEOV010000017.1_16662177_17164189_0	0.9275287147663583 HGDP
HGDP01354 HG01258#1#JAGYYV010000004.1_56955948_57456952_1$NA18906#1#JAHEOO010000054.1_2103477_2510435_1	0.9275207287349584 HGDP
HGDP01354 HG01123#1#JAGYYZ010000015.1_51528240_51935090_0$HG02293.verkko_filt_pat.fa:haplotype2_0000836_148310532_148812524_1	0.9275020276334189 HGDP
HGDP01354 AV_HG00673#haplotype1#0000019:16627360_17129375$HG01258#2#JAGYYU010000072.1_51562603_51970395_0	0.9274969190792708 HGDP
HGDP01354 HG01109#1#JAHEPA010000099.1_2104245_2511104_1$NA18906#2#JAHEON010000009.1_93748295_94249275_0	0.9274803913581010 HGDP
HGDP01354 AV_HG01106#haplotype2#0000932:16673968_17175925$HG02809.verkko_filt_pat.fa:haplotype2_0001251_103421111_103827972_0	0.9274773384196955 HGDP
HGDP01354 HG00741#1#JAHALY010000007.1_18781197_19307680_1$HG03098#1#JAHEPM010000059.1_16676208_17105596_0	0.9274731376152519 HGDP
HGDP01354 HG02717#2#JAHAOR010000006.1_19663827_20070693_1$HG02293.verkko_filt_pat.fa:haplotype2_0000836_148310532_148812524_1	0.9274446598412265 HGDP
HGDP01354 HG02080#2#JAHEOV010000017.1_16662177_17164189_0$HG01258#2#JAGYYU010000072.1_51562603_51970395_0	0.9274237829782243 HGDP
HGDP01354 HG02809.verkko_filt_pat.fa:haplotype2_0001251_103421111_103827972_0$HG01099.verkko_filt_pat.fa:haplotype2_0000583_143544270_144046196_1	0.9274143066545103 HGDP
HGDP01354 HG02080#1#JAHEOW010000048.1_16689583_17097287_0$HG03927.verkko_filt_pat.fa:haplotype2_0000800_29002142_29504057_1	0.9274119359768090 HGDP
HGDP01354 HG03927.verkko_filt_mat.fa:haplotype1_0000009_134765170_135173010_1$HG03927.verkko_filt_pat.fa:haplotype2_0000800_29002142_29504057_1	0.9274112612468187 HGDP
HGDP01354 HG02717#1#JAHAOS010000015.1_16660311_17067250_0$HG01258#1#JAGYYV010000004.1_56955948_57456952_1	0.9274104876147278 HGDP
HGDP01354 HG01123#1#JAGYYZ010000015.1_51528240_51935090_0$HG03540#1#JAGYVY010000208.1_95187_596142_0	0.9274054526102309 HGDP
HGDP01354 HG00621#1#JAHBCD010000034.1_2122997_2624098_1$HG02559#2#JAGYVJ010000037.1_52167780_52574597_1	0.9273991689937358 HGDP
HGDP01354 HG01258#1#JAGYYV010000004.1_56955948_57456952_1$HG02622#1#JAHAOO010000002.1_16673678_17080663_0	0.9273949333256372 HGDP
HGDP01354 HG01109#1#JAHEPA010000099.1_2104245_2511104_1$HG02486#1#JAGYVM010000007.1_28868414_29370339_1	0.9273912285719560 HGDP
HGDP01354 HG02717#2#JAHAOR010000006.1_19663827_20070693_1$HG02071.verkko_filt_pat.fa:haplotype2_0000736_102745972_103248026_0	0.9273838874239455 HGDP
HGDP01354 HG01071#1#JAHBCF010000053.1_26607100_27108065_1$HG02818#1#JAHEOS010000101.1_89626_496613_0	0.9273808505111184 HGDP
HGDP01354 HG02630#2#JAHAOP010000089.1_16669255_17076135_0$HG01071#1#JAHBCF010000053.1_26607100_27108065_1	0.9273708624512311 HGDP
HGDP01354 HG02630#1#JAHAOQ010000102.1_16672145_17079089_0$NA18906#2#JAHEON010000009.1_93748295_94249275_0	0.9273626872489752 HGDP
HGDP01354 HG01071#1#JAHBCF010000053.1_26607100_27108065_1$NA18906#1#JAHEOO010000054.1_2103477_2510435_1	0.9273270417289425 HGDP
HGDP01354 NA18906#2#JAHEON010000009.1_93748295_94249275_0$HG002.verkko_filt_mat.fa:haplotype1_0000005_138228497_138636354_1	0.9273236428827071 HGDP
HGDP01354 HG005#1#JAHEPO010000002.1_51519219_51926067_0$HG02293.verkko_filt_pat.fa:haplotype2_0000836_148310532_148812524_1	0.9273170280078753 HGDP
HGDP01354 HG01123#1#JAGYYZ010000015.1_51528240_51935090_0$HG02071.verkko_filt_pat.fa:haplotype2_0000736_102745972_103248026_0	0.9273169762005888 HGDP
HGDP01354 HG02559#1#JAGYVK010000012.1_51505852_51913611_0$NA18906#2#JAHEON010000009.1_93748295_94249275_0	0.9273159126043590 HGDP
HGDP01354 HG01109#1#JAHEPA010000099.1_2104245_2511104_1$HG01099.verkko_filt_pat.fa:haplotype2_0000583_143544270_144046196_1	0.9273113510436397 HGDP
HGDP01354 AV_HG02257#haplotype2#0001152:102843493_103251377$NA18906#2#JAHEON010000009.1_93748295_94249275_0	0.9273039608323866 HGDP
HGDP01354 NA18906#2#JAHEON010000009.1_93748295_94249275_0$HG03516#2#JAGYYS010000004.1_24452130_24859892_1	0.9272948913219359 HGDP
HGDP01354 AV_HG01106#haplotype2#0000932:16673968_17175925$HG02486#2#JAGYVL010000029.1_94163344_94570162_0	0.9272934036444216 HGDP
HGDP01354 NA18906#2#JAHEON010000009.1_93748295_94249275_0$HG02071.verkko_filt_mat.fa:haplotype1_0000041_103610513_104018399_0	0.9272604038984043 HGDP
HGDP01354 AV_HG01106#haplotype2#0000932:16673968_17175925$HG02886#1#JAHAOU010000178.1_62411_469262_0	0.9272549175367629 HGDP
HGDP01354 NA18906#2#JAHEON010000009.1_93748295_94249275_0$HG03579#1#JAGYVU010000029.1_91404_499180_0	0.9272534216267492 HGDP
HGDP01354 AV_HG01175#haplotype1#0000070:46006269_46414083$NA18906#2#JAHEON010000009.1_93748295_94249275_0	0.9272533908302157 HGDP
HGDP01354 HG02080#2#JAHEOV010000017.1_16662177_17164189_0$HG00741#2#JAHALX010000013.1_51574319_51981226_0	0.9272332764104239 HGDP
HGDP01354 chr1_hg38_103456064_103863972_0$NA18906#2#JAHEON010000009.1_93748295_94249275_0	0.9272287866273254 HGDP
HGDP01354 chr1_hg19_103998686_104406594_0$NA18906#2#JAHEON010000009.1_93748295_94249275_0	0.9272287866273254 HGDP
HGDP01354 HG02559#2#JAGYVJ010000037.1_52167780_52574597_1$HG04228.verkko_filt_mat.fa:haplotype1_0000023_103429213_103930285_0	0.9272196008939099 HGDP
HGDP01354 HG00621#2#JAHBCC010000031.1_16669999_17077865_0$NA18906#2#JAHEON010000009.1_93748295_94249275_0	0.9272153742726761 HGDP
HGDP01354 AV_HG00673#haplotype1#0000019:16627360_17129375$HG00741#2#JAHALX010000013.1_51574319_51981226_0	0.9272031457643881 HGDP
HGDP01354 AV_HG02148#haplotype2#0002863:16304803_16712699$NA18906#2#JAHEON010000009.1_93748295_94249275_0	0.9272021103785267 HGDP
HGDP01354 HG01258#2#JAGYYU010000072.1_51562603_51970395_0$HG02293.verkko_filt_pat.fa:haplotype2_0000836_148310532_148812524_1	0.9271967697651151 HGDP
HGDP01354 HG01109#1#JAHEPA010000099.1_2104245_2511104_1$HG01258#1#JAGYYV010000004.1_56955948_57456952_1	0.9271927498022844 HGDP
HGDP01354 HG005#1#JAHEPO010000002.1_51519219_51926067_0$HG02071.verkko_filt_pat.fa:haplotype2_0000736_102745972_103248026_0	0.9271788428081091 HGDP
HGDP01354 HG01978#1#JAGYVS010000002.1_51519970_52021951_0$HG02809.verkko_filt_pat.fa:haplotype2_0001251_103421111_103827972_0	0.9271781558710238 HGDP
HGDP01354 NA18906#2#JAHEON010000009.1_93748295_94249275_0$NA19240#1#JAHEOM010000047.1_30103390_30511199_1	0.9271674120905232 HGDP
HGDP01354 HG03540#1#JAGYVY010000208.1_95187_596142_0$HG00741#2#JAHALX010000013.1_51574319_51981226_0	0.9271641239069124 HGDP
HGDP01354 HG00621#1#JAHBCD010000034.1_2122997_2624098_1$HG01258#2#JAGYYU010000072.1_51562603_51970395_0	0.9271500877393976 HGDP
HGDP01354 HG02717#1#JAHAOS010000015.1_16660311_17067250_0$HG01071#1#JAHBCF010000053.1_26607100_27108065_1	0.9271495730841648 HGDP
HGDP01354 HG02300.verkko_filt_mat.fa:haplotype1_0000028_144052837_144460586_1$HG03927.verkko_filt_pat.fa:haplotype2_0000800_29002142_29504057_1	0.9271449232871507 HGDP
HGDP01354 HG01099.verkko_filt_mat.fa:haplotype1_0000034_142513097_142920876_1$HG03927.verkko_filt_pat.fa:haplotype2_0000800_29002142_29504057_1	0.9271402556218097 HGDP
HGDP01354 HG02486#1#JAGYVM010000007.1_28868414_29370339_1$HG03927.verkko_filt_mat.fa:haplotype1_0000009_134765170_135173010_1	0.9271390090409766 HGDP
HGDP01354 HG02109#1#JAHEPG010000026.1_16673035_17080816_0$NA18906#2#JAHEON010000009.1_93748295_94249275_0	0.9271289487662314 HGDP
HGDP01354 HG01258#2#JAGYYU010000072.1_51562603_51970395_0$HG02071.verkko_filt_pat.fa:haplotype2_0000736_102745972_103248026_0	0.9271259243754203 HGDP
HGDP01354 HG02818#2#JAHEOR010000010.1_31775319_32183091_1$NA18906#2#JAHEON010000009.1_93748295_94249275_0	0.9271241616202401 HGDP
HGDP01354 HG00621#1#JAHBCD010000034.1_2122997_2624098_1$HG01123#1#JAGYYZ010000015.1_51528240_51935090_0	0.9270929390465585 HGDP
HGDP01354 AV_HG01361#haplotype1#0000023:101593539_102001341$HG03927.verkko_filt_pat.fa:haplotype2_0000800_29002142_29504057_1	0.9270861322792915 HGDP
HGDP01354 HG01071#1#JAHBCF010000053.1_26607100_27108065_1$HG02622#1#JAHAOO010000002.1_16673678_17080663_0	0.9270593434088457 HGDP
HGDP01354 NA18906#2#JAHEON010000009.1_93748295_94249275_0$HG02809.verkko_filt_pat.fa:haplotype2_0001251_103421111_103827972_0	0.9270527541499616 HGDP
HGDP01354 HG03453#2#JAGYVV010000088.1_22597550_23005370_1$NA18906#2#JAHEON010000009.1_93748295_94249275_0	0.9270488637988914 HGDP
HGDP01354 NA18906#1#JAHEOO010000054.1_2103477_2510435_1$NA18906#2#JAHEON010000009.1_93748295_94249275_0	0.9270483905236069 HGDP
HGDP01354 HG02559#1#JAGYVK010000012.1_51505852_51913611_0$HG03927.verkko_filt_pat.fa:haplotype2_0000800_29002142_29504057_1	0.9270454294520958 HGDP
HGDP01354 HG00621#1#JAHBCD010000034.1_2122997_2624098_1$HG02717#2#JAHAOR010000006.1_19663827_20070693_1	0.9270355547836455 HGDP
HGDP01354 HG005#2#JAHEPN010000023.1_51542210_51950070_0$NA18906#2#JAHEON010000009.1_93748295_94249275_0	0.9270339055549479 HGDP
HGDP01354 HG02145#2#JAHKSF010000206.1_1005292_1413195_1$HG02486#1#JAGYVM010000007.1_28868414_29370339_1	0.9270307417079225 HGDP
HGDP01354 NA18906#2#JAHEON010000009.1_93748295_94249275_0$HG02818#1#JAHEOS010000101.1_89626_496613_0	0.9270254411695873 HGDP
HGDP01354 HG01978#1#JAGYVS010000002.1_51519970_52021951_0$HG02486#2#JAGYVL010000029.1_94163344_94570162_0	0.9270096674669090 HGDP
HGDP01354 HG03516#2#JAGYYS010000004.1_24452130_24859892_1$HG03927.verkko_filt_pat.fa:haplotype2_0000800_29002142_29504057_1	0.9270087848697752 HGDP
HGDP01354 AV_HG01106#haplotype2#0000932:16673968_17175925$HG02080#1#JAHEOW010000048.1_16689583_17097287_0	0.9270037739992326 HGDP
HGDP01354 HG01258#2#JAGYYU010000072.1_51562603_51970395_0$HG04228.verkko_filt_mat.fa:haplotype1_0000023_103429213_103930285_0	0.9269976299844773 HGDP
HGDP01354 HG03540#1#JAGYVY010000208.1_95187_596142_0$HG02809.verkko_filt_pat.fa:haplotype2_0001251_103421111_103827972_0	0.9269961038208713 HGDP
HGDP01354 HG02717#2#JAHAOR010000006.1_19663827_20070693_1$HG04228.verkko_filt_mat.fa:haplotype1_0000023_103429213_103930285_0	0.9269866777507485 HGDP
HGDP01354 HG03486#1#JAHEOQ010000123.1_16677696_17085575_0$NA18906#2#JAHEON010000009.1_93748295_94249275_0	0.9269814312401132 HGDP
HGDP01354 HG02818#2#JAHEOR010000010.1_31775319_32183091_1$HG03927.verkko_filt_pat.fa:haplotype2_0000800_29002142_29504057_1	0.9269779669455710 HGDP
HGDP01354 HG02630#1#JAHAOQ010000102.1_16672145_17079089_0$HG02486#1#JAGYVM010000007.1_28868414_29370339_1	0.9269725071286100 HGDP
HGDP01354 NA19240#1#JAHEOM010000047.1_30103390_30511199_1$HG03927.verkko_filt_pat.fa:haplotype2_0000800_29002142_29504057_1	0.9269591755312583 HGDP
HGDP01354 HG02080#1#JAHEOW010000048.1_16689583_17097287_0$HG01099.verkko_filt_pat.fa:haplotype2_0000583_143544270_144046196_1	0.9269520167894394 HGDP
HGDP01354 HG00741#2#JAHALX010000013.1_51574319_51981226_0$HG02293.verkko_filt_pat.fa:haplotype2_0000836_148310532_148812524_1	0.9269397570990742 HGDP
HGDP01354 HG00621#1#JAHBCD010000034.1_2122997_2624098_1$HG005#1#JAHEPO010000002.1_51519219_51926067_0	0.9269389493778757 HGDP
HGDP01354 AV_HG01106#haplotype2#0000932:16673968_17175925$HG02109#1#JAHEPG010000026.1_16673035_17080816_0	0.9269348466556272 HGDP
HGDP01354 HG01123#1#JAGYYZ010000015.1_51528240_51935090_0$HG04228.verkko_filt_mat.fa:haplotype1_0000023_103429213_103930285_0	0.9269249344811807 HGDP
HGDP01354 HG02109#1#JAHEPG010000026.1_16673035_17080816_0$HG02486#1#JAGYVM010000007.1_28868414_29370339_1	0.9269173464642485 HGDP
HGDP01354 HG02886#1#JAHAOU010000178.1_62411_469262_0$HG01978#1#JAGYVS010000002.1_51519970_52021951_0	0.9269138657297507 HGDP
HGDP01354 HG03579#1#JAGYVU010000029.1_91404_499180_0$HG03927.verkko_filt_pat.fa:haplotype2_0000800_29002142_29504057_1	0.9268949252732324 HGDP
HGDP01354 AV_HG00673#haplotype1#0000019:16627360_17129375$HG02809.verkko_filt_pat.fa:haplotype2_0001251_103421111_103827972_0	0.9268803902731018 HGDP
HGDP01354 AV_HG00673#haplotype1#0000019:16627360_17129375$HG02486#2#JAGYVL010000029.1_94163344_94570162_0	0.9268772338536144 HGDP
HGDP01354 AV_HG01106#haplotype2#0000932:16673968_17175925$HG02300.verkko_filt_mat.fa:haplotype1_0000028_144052837_144460586_1	0.9268499690992427 HGDP
HGDP01354 HG03492#1#JAHEPI010000180.1_2103395_2543326_1$HG03927.verkko_filt_pat.fa:haplotype2_0000800_29002142_29504057_1	0.9268477024373775 HGDP
HGDP01354 HG02080#1#JAHEOW010000048.1_16689583_17097287_0$HG01978#1#JAGYVS010000002.1_51519970_52021951_0	0.9268400458471573 HGDP
HGDP01354 AV_HG02257#haplotype2#0001152:102843493_103251377$HG02486#1#JAGYVM010000007.1_28868414_29370339_1	0.9268296430884491 HGDP
HGDP01354 HG01109#1#JAHEPA010000099.1_2104245_2511104_1$HG01071#1#JAHBCF010000053.1_26607100_27108065_1	0.9268293722890403 HGDP
HGDP01354 HG03540#2#JAGYVX010000148.1_1368955_1877115_0$HG03098#1#JAHEPM010000059.1_16676208_17105596_0	0.9268285815724203 HGDP
HGDP01354 NA19240#2#JAHEOL010000010.1_37445323_37853017_0$HG03927.verkko_filt_pat.fa:haplotype2_0000800_29002142_29504057_1	0.9268256057583563 HGDP
HGDP01354 HG02080#2#JAHEOV010000017.1_16662177_17164189_0$HG02486#2#JAGYVL010000029.1_94163344_94570162_0	0.9268200166868241 HGDP
HGDP01354 AV_HG01175#haplotype1#0000070:46006269_46414083$HG03927.verkko_filt_pat.fa:haplotype2_0000800_29002142_29504057_1	0.9267958832567270 HGDP
HGDP01354 AV_HG01106#haplotype2#0000932:16673968_17175925$HG01099.verkko_filt_mat.fa:haplotype1_0000034_142513097_142920876_1	0.9267930475796574 HGDP
HGDP01354 HG02080#2#JAHEOV010000017.1_16662177_17164189_0$HG02809.verkko_filt_pat.fa:haplotype2_0001251_103421111_103827972_0	0.9267865940043873 HGDP
HGDP01354 AV_HG00673#haplotype1#0000019:16627360_17129375$HG02886#1#JAHAOU010000178.1_62411_469262_0	0.9267819566445704 HGDP
HGDP01354 HG002.verkko_filt_mat.fa:haplotype1_0000005_138228497_138636354_1$HG03927.verkko_filt_pat.fa:haplotype2_0000800_29002142_29504057_1	0.9267777746589637 HGDP
HGDP01354 AV_HG00673#haplotype2#0001165:24014011_24421797$HG01099.verkko_filt_pat.fa:haplotype2_0000583_143544270_144046196_1	0.9267698360977445 HGDP
HGDP01354 HG02717#1#JAHAOS010000015.1_16660311_17067250_0$NA18906#2#JAHEON010000009.1_93748295_94249275_0	0.9267674885676658 HGDP
HGDP01354 HG02622#1#JAHAOO010000002.1_16673678_17080663_0$NA18906#2#JAHEON010000009.1_93748295_94249275_0	0.9267621270313050 HGDP
HGDP01354 AV_HG02148#haplotype2#0002863:16304803_16712699$HG03927.verkko_filt_pat.fa:haplotype2_0000800_29002142_29504057_1	0.9267604351572845 HGDP
HGDP01354 NA18906#1#JAHEOO010000054.1_2103477_2510435_1$HG02486#1#JAGYVM010000007.1_28868414_29370339_1	0.9267567880310283 HGDP
HGDP01354 HG02300.verkko_filt_mat.fa:haplotype1_0000028_144052837_144460586_1$HG01099.verkko_filt_pat.fa:haplotype2_0000583_143544270_144046196_1	0.9267363067503988 HGDP
HGDP01354 HG01358#1#JAGYZB010000020.1_27445742_27855492_1$HG03927.verkko_filt_pat.fa:haplotype2_0000800_29002142_29504057_1	0.9267338006065390 HGDP
HGDP01354 AV_HG01106#haplotype2#0000932:16673968_17175925$AV_HG01361#haplotype1#0000023:101593539_102001341	0.9267230349280112 HGDP
HGDP01354 HG02080#2#JAHEOV010000017.1_16662177_17164189_0$HG02886#1#JAHAOU010000178.1_62411_469262_0	0.9267194469094454 HGDP
HGDP01354 HG01109#1#JAHEPA010000099.1_2104245_2511104_1$HG03540#1#JAGYVY010000208.1_95187_596142_0	0.9267082499038760 HGDP
HGDP01354 HG02109#1#JAHEPG010000026.1_16673035_17080816_0$HG01099.verkko_filt_pat.fa:haplotype2_0000583_143544270_144046196_1	0.9267078539350019 HGDP
HGDP01354 HG01099.verkko_filt_mat.fa:haplotype1_0000034_142513097_142920876_1$HG01099.verkko_filt_pat.fa:haplotype2_0000583_143544270_144046196_1	0.9267004547651670 HGDP
HGDP01354 HG02071.verkko_filt_mat.fa:haplotype1_0000041_103610513_104018399_0$HG03927.verkko_filt_pat.fa:haplotype2_0000800_29002142_29504057_1	0.9266939023528233 HGDP
HGDP01354 HG02630#2#JAHAOP010000089.1_16669255_17076135_0$NA18906#2#JAHEON010000009.1_93748295_94249275_0	0.9266926448041238 HGDP
HGDP01354 HG03516#1#JAGYYT010000012.1_24170958_24578778_1$HG03927.verkko_filt_pat.fa:haplotype2_0000800_29002142_29504057_1	0.9266906092374968 HGDP
HGDP01354 HG00741#2#JAHALX010000013.1_51574319_51981226_0$HG02071.verkko_filt_pat.fa:haplotype2_0000736_102745972_103248026_0	0.9266887467811870 HGDP
HGDP01354 HG01978#2#JAGYVR010000007.1_51532241_51939176_0$NA18906#2#JAHEON010000009.1_93748295_94249275_0	0.9266808434164372 HGDP
HGDP01354 HG005#1#JAHEPO010000002.1_51519219_51926067_0$HG04228.verkko_filt_mat.fa:haplotype1_0000023_103429213_103930285_0	0.9266783917184156 HGDP
HGDP01354 NA18906#2#JAHEON010000009.1_93748295_94249275_0$HG02300.verkko_filt_pat.fa:haplotype2_0000620_143362344_143769323_1	0.9266739665820776 HGDP
HGDP01354 chr1_hg38_103456064_103863972_0$HG01258#1#JAGYYV010000004.1_56955948_57456952_1	0.9266720292294879 HGDP
HGDP01354 chr1_hg19_103998686_104406594_0$HG01258#1#JAGYYV010000004.1_56955948_57456952_1	0.9266720292294879 HGDP
HGDP01354 HG01258#1#JAGYYV010000004.1_56955948_57456952_1$HG002.verkko_filt_mat.fa:haplotype1_0000005_138228497_138636354_1	0.9266682782451283 HGDP
HGDP01354 HG00621#2#JAHBCC010000031.1_16669999_17077865_0$HG03927.verkko_filt_pat.fa:haplotype2_0000800_29002142_29504057_1	0.9266646219230784 HGDP
HGDP01354 HG01978#1#JAGYVS010000002.1_51519970_52021951_0$HG02300.verkko_filt_mat.fa:haplotype1_0000028_144052837_144460586_1	0.9266549647598068 HGDP
HGDP01354 HG02080#1#JAHEOW010000048.1_16689583_17097287_0$HG03540#1#JAGYVY010000208.1_95187_596142_0	0.9266531747774328 HGDP
HGDP01354 HG02486#1#JAGYVM010000007.1_28868414_29370339_1$HG02818#1#JAHEOS010000101.1_89626_496613_0	0.9266489673843430 HGDP
HGDP01354 AV_HG01106#haplotype2#0000932:16673968_17175925$NA19240#2#JAHEOL010000010.1_37445323_37853017_0	0.9266412119218512 HGDP
HGDP01354 HG01071#1#JAHBCF010000053.1_26607100_27108065_1$HG002.verkko_filt_mat.fa:haplotype1_0000005_138228497_138636354_1	0.9266216297647063 HGDP
HGDP01354 HG02717#1#JAHAOS010000015.1_16660311_17067250_0$HG02486#1#JAGYVM010000007.1_28868414_29370339_1	0.9266205681646495 HGDP
HGDP01354 HG01978#1#JAGYVS010000002.1_51519970_52021951_0$HG02109#1#JAHEPG010000026.1_16673035_17080816_0	0.9266202014424734 HGDP
HGDP01354 HG01978#1#JAGYVS010000002.1_51519970_52021951_0$HG01099.verkko_filt_mat.fa:haplotype1_0000034_142513097_142920876_1	0.9266188799675376 HGDP
HGDP01354 NA19240#2#JAHEOL010000010.1_37445323_37853017_0$HG01099.verkko_filt_pat.fa:haplotype2_0000583_143544270_144046196_1	0.9266174903977082 HGDP
HGDP01354 NA18906#2#JAHEON010000009.1_93748295_94249275_0$HG02004.verkko_filt_mat.fa:haplotype1_0000022_97828542_98235483_0	0.9266111446138677 HGDP
HGDP01354 HG01928#1#JAGYVQ010000053.1_16676493_17083407_0$NA18906#2#JAHEON010000009.1_93748295_94249275_0	0.9266087252899294 HGDP
HGDP01354 HG02486#1#JAGYVM010000007.1_28868414_29370339_1$HG02486#2#JAGYVL010000029.1_94163344_94570162_0	0.9265980955926463 HGDP
HGDP01354 AV_HG00673#haplotype2#0001165:24014011_24421797$HG03540#1#JAGYVY010000208.1_95187_596142_0	0.9265955382117583 HGDP
HGDP01354 HG03486#1#JAHEOQ010000123.1_16677696_17085575_0$HG03927.verkko_filt_pat.fa:haplotype2_0000800_29002142_29504057_1	0.9265812492194065 HGDP
HGDP01354 HG02109#1#JAHEPG010000026.1_16673035_17080816_0$HG03540#1#JAGYVY010000208.1_95187_596142_0	0.9265802170979835 HGDP
HGDP01354 AV_HG00673#haplotype2#0001165:24014011_24421797$HG03927.verkko_filt_pat.fa:haplotype2_0000800_29002142_29504057_1	0.9265793791819571 HGDP
HGDP01354 HG02486#2#JAGYVL010000029.1_94163344_94570162_0$HG02293.verkko_filt_pat.fa:haplotype2_0000836_148310532_148812524_1	0.9265757482592176 HGDP
HGDP01354 HG00621#1#JAHBCD010000034.1_2122997_2624098_1$HG00741#2#JAHALX010000013.1_51574319_51981226_0	0.9265718407732633 HGDP
HGDP01354 HG02886#1#JAHAOU010000178.1_62411_469262_0$HG02486#1#JAGYVM010000007.1_28868414_29370339_1	0.9265654633436711 HGDP
HGDP01354 HG02293.verkko_filt_pat.fa:haplotype2_0000836_148310532_148812524_1$HG02809.verkko_filt_pat.fa:haplotype2_0001251_103421111_103827972_0	0.9265639674368756 HGDP
HGDP01354 AV_HG01361#haplotype1#0000023:101593539_102001341$HG01099.verkko_filt_pat.fa:haplotype2_0000583_143544270_144046196_1	0.9265580679907307 HGDP
HGDP01354 HG01258#1#JAGYYV010000004.1_56955948_57456952_1$HG005#2#JAHEPN010000023.1_51542210_51950070_0	0.9265394694332121 HGDP
HGDP01354 HG02630#1#JAHAOQ010000102.1_16672145_17079089_0$HG01099.verkko_filt_pat.fa:haplotype2_0000583_143544270_144046196_1	0.9265337068408773 HGDP
HGDP01354 AV_HG01106#haplotype2#0000932:16673968_17175925$HG01109#1#JAHEPA010000099.1_2104245_2511104_1	0.9265305948254517 HGDP
HGDP01354 AV_HG00673#haplotype1#0000019:16627360_17129375$HG02080#1#JAHEOW010000048.1_16689583_17097287_0	0.9265269946925765 HGDP
HGDP01354 HG03540#1#JAGYVY010000208.1_95187_596142_0$HG01099.verkko_filt_mat.fa:haplotype1_0000034_142513097_142920876_1	0.9265261383350071 HGDP
HGDP01354 chr1_hg19_103998686_104406594_0$HG01071#1#JAHBCF010000053.1_26607100_27108065_1	0.9265217091336728 HGDP
HGDP01354 HG01071#1#JAHBCF010000053.1_26607100_27108065_1$chr1_hg38_103456064_103863972_0	0.9265217091336728 HGDP
HGDP01354 HG01258#1#JAGYYV010000004.1_56955948_57456952_1$HG01358#1#JAGYZB010000020.1_27445742_27855492_1	0.9265187748321393 HGDP
HGDP01354 AV_HG01106#haplotype2#0000932:16673968_17175925$HG03516#1#JAGYYT010000012.1_24170958_24578778_1	0.9265119147516599 HGDP
HGDP01354 AV_HG01361#haplotype1#0000023:101593539_102001341$HG01978#1#JAGYVS010000002.1_51519970_52021951_0	0.9265072058894759 HGDP
HGDP01354 chr1_hg38_103456064_103863972_0$HG02486#1#JAGYVM010000007.1_28868414_29370339_1	0.9265056800356340 HGDP
HGDP01354 chr1_hg19_103998686_104406594_0$HG02486#1#JAGYVM010000007.1_28868414_29370339_1	0.9265056800356340 HGDP
HGDP01354 HG02071.verkko_filt_pat.fa:haplotype2_0000736_102745972_103248026_0$HG02809.verkko_filt_pat.fa:haplotype2_0001251_103421111_103827972_0	0.9265030955924630 HGDP
HGDP01354 HG03540#1#JAGYVY010000208.1_95187_596142_0$HG02300.verkko_filt_mat.fa:haplotype1_0000028_144052837_144460586_1	0.9264997394498836 HGDP
HGDP01354 HG02145#2#JAHKSF010000206.1_1005292_1413195_1$HG01099.verkko_filt_pat.fa:haplotype2_0000583_143544270_144046196_1	0.9264991805226418 HGDP
HGDP01354 chr1_hg38_103456064_103863972_0$HG03927.verkko_filt_pat.fa:haplotype2_0000800_29002142_29504057_1	0.9264964687276221 HGDP
HGDP01354 chr1_hg19_103998686_104406594_0$HG03927.verkko_filt_pat.fa:haplotype2_0000800_29002142_29504057_1	0.9264964687276221 HGDP
HGDP01354 HG03492#1#JAHEPI010000180.1_2103395_2543326_1$HG01258#1#JAGYYV010000004.1_56955948_57456952_1	0.9264962667220785 HGDP
HGDP01354 AV_HG01106#haplotype1#0000048:16666181_17262214$HG03579#2#JAGYVT010000094.1_51581892_51895531_0	0.9264829159014889 HGDP
HGDP01354 HG01978#1#JAGYVS010000002.1_51519970_52021951_0$NA19240#2#JAHEOL010000010.1_37445323_37853017_0	0.9264826659547846 HGDP
HGDP01354 HG02886#1#JAHAOU010000178.1_62411_469262_0$HG02293.verkko_filt_pat.fa:haplotype2_0000836_148310532_148812524_1	0.9264702991887798 HGDP
HGDP01354 HG02080#1#JAHEOW010000048.1_16689583_17097287_0$HG02080#2#JAHEOV010000017.1_16662177_17164189_0	0.9264694733990698 HGDP
HGDP01354 AV_HG00673#haplotype2#0001165:24014011_24421797$AV_HG01106#haplotype2#0000932:16673968_17175925	0.9264668359800027 HGDP
HGDP01354 AV_HG01106#haplotype1#0000048:16666181_17262214$HG02647.verkko_filt_pat.fa:haplotype2_0000857_103738150_104051769_0	0.9264591874814204 HGDP
HGDP01354 HG02486#2#JAGYVL010000029.1_94163344_94570162_0$HG02071.verkko_filt_pat.fa:haplotype2_0000736_102745972_103248026_0	0.9264366374227030 HGDP
HGDP01354 AV_HG02257#haplotype2#0001152:102843493_103251377$HG01099.verkko_filt_pat.fa:haplotype2_0000583_143544270_144046196_1	0.9264330434386721 HGDP
HGDP01354 HG01258#1#JAGYYV010000004.1_56955948_57456952_1$HG02071.verkko_filt_mat.fa:haplotype1_0000041_103610513_104018399_0	0.9264286953303595 HGDP
HGDP01354 HG02300.verkko_filt_pat.fa:haplotype2_0000620_143362344_143769323_1$HG03927.verkko_filt_pat.fa:haplotype2_0000800_29002142_29504057_1	0.9264238148167759 HGDP
HGDP01354 AV_HG01175#haplotype1#0000070:46006269_46414083$HG01258#1#JAGYYV010000004.1_56955948_57456952_1	0.9264218323620499 HGDP
HGDP01354 AV_HG01361#haplotype1#0000023:101593539_102001341$HG03540#1#JAGYVY010000208.1_95187_596142_0	0.9264148568037985 HGDP
HGDP01354 HG03453#2#JAGYVV010000088.1_22597550_23005370_1$HG03927.verkko_filt_pat.fa:haplotype2_0000800_29002142_29504057_1	0.9264110284883225 HGDP
HGDP01354 HG005#2#JAHEPN010000023.1_51542210_51950070_0$HG03927.verkko_filt_pat.fa:haplotype2_0000800_29002142_29504057_1	0.9264061083931860 HGDP
HGDP01354 AV_HG00673#haplotype1#0000019:16627360_17129375$HG02300.verkko_filt_mat.fa:haplotype1_0000028_144052837_144460586_1	0.9263942626245570 HGDP
HGDP01354 HG02622#1#JAHAOO010000002.1_16673678_17080663_0$HG02486#1#JAGYVM010000007.1_28868414_29370339_1	0.9263887871255350 HGDP
HGDP01354 HG02145#2#JAHKSF010000206.1_1005292_1413195_1$HG03540#1#JAGYVY010000208.1_95187_596142_0	0.9263870860628104 HGDP
HGDP01354 HG00621#2#JAHBCC010000031.1_16669999_17077865_0$HG01071#1#JAHBCF010000053.1_26607100_27108065_1	0.9263791586336098 HGDP
HGDP01354 HG03516#1#JAGYYT010000012.1_24170958_24578778_1$HG01099.verkko_filt_pat.fa:haplotype2_0000583_143544270_144046196_1	0.9263770439660419 HGDP
HGDP01354 AV_HG01106#haplotype1#0000048:16666181_17262214$HG02109#2#JAHEPF010000078.1_16678387_16991144_0	0.9263758783357815 HGDP
HGDP01354 AV_HG01175#haplotype1#0000070:46006269_46414083$HG02486#1#JAGYVM010000007.1_28868414_29370339_1	0.9263743226403812 HGDP
HGDP01354 HG00621#2#JAHBCC010000031.1_16669999_17077865_0$HG01258#1#JAGYYV010000004.1_56955948_57456952_1	0.9263734573470722 HGDP
HGDP01354 HG03486#1#JAHEOQ010000123.1_16677696_17085575_0$HG01258#1#JAGYYV010000004.1_56955948_57456952_1	0.9263677478183637 HGDP
HGDP01354 HG01071#1#JAHBCF010000053.1_26607100_27108065_1$HG005#2#JAHEPN010000023.1_51542210_51950070_0	0.9263640656518709 HGDP
HGDP01354 HG01928#1#JAGYVQ010000053.1_16676493_17083407_0$HG03927.verkko_filt_pat.fa:haplotype2_0000800_29002142_29504057_1	0.9263589226324255 HGDP
HGDP01354 HG02886#1#JAHAOU010000178.1_62411_469262_0$HG02071.verkko_filt_pat.fa:haplotype2_0000736_102745972_103248026_0	0.9263521338584084 HGDP
HGDP01354 HG01109#1#JAHEPA010000099.1_2104245_2511104_1$HG01978#1#JAGYVS010000002.1_51519970_52021951_0	0.9263513772459212 HGDP
HGDP01354 HG02080#2#JAHEOV010000017.1_16662177_17164189_0$HG02300.verkko_filt_mat.fa:haplotype1_0000028_144052837_144460586_1	0.9263366941638822 HGDP
HGDP01354 AV_HG02148#haplotype2#0002863:16304803_16712699$HG02486#1#JAGYVM010000007.1_28868414_29370339_1	0.9263333031796507 HGDP
HGDP01354 AV_HG00673#haplotype1#0000019:16627360_17129375$HG02109#1#JAHEPG010000026.1_16673035_17080816_0	0.9263295083837763 HGDP
HGDP01354 HG00741#2#JAHALX010000013.1_51574319_51981226_0$HG04228.verkko_filt_mat.fa:haplotype1_0000023_103429213_103930285_0	0.9263280517834106 HGDP
HGDP01354 AV_HG00673#haplotype1#0000019:16627360_17129375$HG01099.verkko_filt_mat.fa:haplotype1_0000034_142513097_142920876_1	0.9263272653099160 HGDP
HGDP01354 HG03540#1#JAGYVY010000208.1_95187_596142_0$NA19240#2#JAHEOL010000010.1_37445323_37853017_0	0.9263240852320336 HGDP
HGDP01354 HG01978#1#JAGYVS010000002.1_51519970_52021951_0$HG03516#1#JAGYYT010000012.1_24170958_24578778_1	0.9263222667950649 HGDP
HGDP01354 HG01071#1#JAHBCF010000053.1_26607100_27108065_1$HG02071.verkko_filt_mat.fa:haplotype1_0000041_103610513_104018399_0	0.9263203174104451 HGDP
HGDP01354 HG02486#1#JAGYVM010000007.1_28868414_29370339_1$HG002.verkko_filt_mat.fa:haplotype1_0000005_138228497_138636354_1	0.9263199664709303 HGDP
HGDP01354 AV_HG00673#haplotype2#0001165:24014011_24421797$HG01978#1#JAGYVS010000002.1_51519970_52021951_0	0.9263186648129221 HGDP
HGDP01354 HG02080#1#JAHEOW010000048.1_16689583_17097287_0$HG02293.verkko_filt_pat.fa:haplotype2_0000836_148310532_148812524_1	0.9263143275165528 HGDP
HGDP01354 HG01071#1#JAHBCF010000053.1_26607100_27108065_1$HG01358#1#JAGYZB010000020.1_27445742_27855492_1	0.9262835402424556 HGDP
HGDP01354 AV_HG02148#haplotype2#0002863:16304803_16712699$HG01258#1#JAGYYV010000004.1_56955948_57456952_1	0.9262828168725891 HGDP
HGDP01354 HG03486#1#JAHEOQ010000123.1_16677696_17085575_0$HG01071#1#JAHBCF010000053.1_26607100_27108065_1	0.9262804142929864 HGDP
HGDP01354 HG02080#2#JAHEOV010000017.1_16662177_17164189_0$HG01099.verkko_filt_mat.fa:haplotype1_0000034_142513097_142920876_1	0.9262696439527229 HGDP
HGDP01354 HG02486#2#JAGYVL010000029.1_94163344_94570162_0$HG01099.verkko_filt_pat.fa:haplotype2_0000583_143544270_144046196_1	0.9262693079282809 HGDP
HGDP01354 HG01978#2#JAGYVR010000007.1_51532241_51939176_0$HG03927.verkko_filt_pat.fa:haplotype2_0000800_29002142_29504057_1	0.9262651634847738 HGDP
HGDP01354 HG03453#2#JAGYVV010000088.1_22597550_23005370_1$HG01258#1#JAGYYV010000004.1_56955948_57456952_1	0.9262645366051256 HGDP
HGDP01354 HG00621#2#JAHBCC010000031.1_16669999_17077865_0$HG02486#1#JAGYVM010000007.1_28868414_29370339_1	0.9262531566362882 HGDP
HGDP01354 HG02080#1#JAHEOW010000048.1_16689583_17097287_0$HG02071.verkko_filt_pat.fa:haplotype2_0000736_102745972_103248026_0	0.9262430846624183 HGDP
HGDP01354 HG02818#1#JAHEOS010000101.1_89626_496613_0$HG01099.verkko_filt_pat.fa:haplotype2_0000583_143544270_144046196_1	0.9262421842816233 HGDP
HGDP01354 HG01258#1#JAGYYV010000004.1_56955948_57456952_1$HG01978#2#JAGYVR010000007.1_51532241_51939176_0	0.9262380764950030 HGDP
HGDP01354 HG005#2#JAHEPN010000023.1_51542210_51950070_0$HG02486#1#JAGYVM010000007.1_28868414_29370339_1	0.9262375252602425 HGDP
HGDP01354 HG02486#1#JAGYVM010000007.1_28868414_29370339_1$HG02071.verkko_filt_mat.fa:haplotype1_0000041_103610513_104018399_0	0.9262255029585080 HGDP
HGDP01354 NA18906#1#JAHEOO010000054.1_2103477_2510435_1$HG01099.verkko_filt_pat.fa:haplotype2_0000583_143544270_144046196_1	0.9262242602795923 HGDP
HGDP01354 HG02630#2#JAHAOP010000089.1_16669255_17076135_0$HG02486#1#JAGYVM010000007.1_28868414_29370339_1	0.9262147883593130 HGDP
HGDP01354 HG01978#2#JAGYVR010000007.1_51532241_51939176_0$HG02486#1#JAGYVM010000007.1_28868414_29370339_1	0.9262112398854697 HGDP
HGDP01354 AV_HG02148#haplotype2#0002863:16304803_16712699$HG01071#1#JAHBCF010000053.1_26607100_27108065_1	0.9262061625381870 HGDP
HGDP01354 AV_HG01106#haplotype1#0000048:16666181_17262214$HG01891#1#JAGYVO010000014.1_22855818_23168577_1	0.9262027131870733 HGDP
HGDP01354 HG02080#2#JAHEOV010000017.1_16662177_17164189_0$HG02109#1#JAHEPG010000026.1_16673035_17080816_0	0.9261991632249924 HGDP
HGDP01354 AV_HG01106#haplotype2#0000932:16673968_17175925$HG02145#2#JAHKSF010000206.1_1005292_1413195_1	0.9261909401148669 HGDP
HGDP01354 HG02717#1#JAHAOS010000015.1_16660311_17067250_0$HG01099.verkko_filt_pat.fa:haplotype2_0000583_143544270_144046196_1	0.9261870010959783 HGDP
HGDP01354 HG02886#1#JAHAOU010000178.1_62411_469262_0$HG01099.verkko_filt_pat.fa:haplotype2_0000583_143544270_144046196_1	0.9261849667344879 HGDP
HGDP01354 HG02004.verkko_filt_mat.fa:haplotype1_0000022_97828542_98235483_0$HG03927.verkko_filt_pat.fa:haplotype2_0000800_29002142_29504057_1	0.9261802874383402 HGDP
HGDP01354 HG01928#1#JAGYVQ010000053.1_16676493_17083407_0$HG01258#1#JAGYYV010000004.1_56955948_57456952_1	0.9261763018056921 HGDP
HGDP01354 AV_HG00673#haplotype1#0000019:16627360_17129375$NA19240#2#JAHEOL010000010.1_37445323_37853017_0	0.9261717642617727 HGDP
HGDP01354 AV_HG01106#haplotype2#0000932:16673968_17175925$HG02630#2#JAHAOP010000089.1_16669255_17076135_0	0.9261706126612210 HGDP
HGDP01354 HG03516#1#JAGYYT010000012.1_24170958_24578778_1$HG03540#1#JAGYVY010000208.1_95187_596142_0	0.9261667018716006 HGDP
HGDP01354 HG00621#1#JAHBCD010000034.1_2122997_2624098_1$HG02809.verkko_filt_pat.fa:haplotype2_0001251_103421111_103827972_0	0.9261648422547526 HGDP
HGDP01354 AV_HG00673#haplotype1#0000019:16627360_17129375$AV_HG01361#haplotype1#0000023:101593539_102001341	0.9261640914058288 HGDP
HGDP01354 AV_HG02257#haplotype2#0001152:102843493_103251377$HG03540#1#JAGYVY010000208.1_95187_596142_0	0.9261549161705673 HGDP
HGDP01354 HG02080#1#JAHEOW010000048.1_16689583_17097287_0$HG00621#1#JAHBCD010000034.1_2122997_2624098_1	0.9261434405817879 HGDP
HGDP01354 HG01928#1#JAGYVQ010000053.1_16676493_17083407_0$HG02486#1#JAGYVM010000007.1_28868414_29370339_1	0.9261384899351450 HGDP
HGDP01354 AV_HG01106#haplotype2#0000932:16673968_17175925$HG02630#1#JAHAOQ010000102.1_16672145_17079089_0	0.9261172060961097 HGDP
HGDP01354 HG01258#1#JAGYYV010000004.1_56955948_57456952_1$HG02004.verkko_filt_mat.fa:haplotype1_0000022_97828542_98235483_0	0.9261165844613924 HGDP
HGDP01354 HG02300.verkko_filt_mat.fa:haplotype1_0000028_144052837_144460586_1$HG02293.verkko_filt_pat.fa:haplotype2_0000836_148310532_148812524_1	0.9261038824119912 HGDP
HGDP01354 HG00621#1#JAHBCD010000034.1_2122997_2624098_1$HG02486#2#JAGYVL010000029.1_94163344_94570162_0	0.9261038764095063 HGDP
HGDP01354 AV_HG01175#haplotype1#0000070:46006269_46414083$HG01071#1#JAHBCF010000053.1_26607100_27108065_1	0.9261015455935609 HGDP
HGDP01354 HG01071#1#JAHBCF010000053.1_26607100_27108065_1$HG03453#2#JAGYVV010000088.1_22597550_23005370_1	0.9260951627794919 HGDP
HGDP01354 HG04228.verkko_filt_mat.fa:haplotype1_0000023_103429213_103930285_0$HG02809.verkko_filt_pat.fa:haplotype2_0001251_103421111_103827972_0	0.9260899423585648 HGDP
HGDP01354 HG02080#2#JAHEOV010000017.1_16662177_17164189_0$NA19240#2#JAHEOL010000010.1_37445323_37853017_0	0.9260828233181412 HGDP
HGDP01354 AV_HG01361#haplotype1#0000023:101593539_102001341$HG02080#2#JAHEOV010000017.1_16662177_17164189_0	0.9260804342279731 HGDP
HGDP01354 HG02486#1#JAGYVM010000007.1_28868414_29370339_1$HG02004.verkko_filt_mat.fa:haplotype1_0000022_97828542_98235483_0	0.9260786833308909 HGDP
HGDP01354 HG02109#1#JAHEPG010000026.1_16673035_17080816_0$HG02293.verkko_filt_pat.fa:haplotype2_0000836_148310532_148812524_1	0.9260758138703689 HGDP
HGDP01354 HG02630#1#JAHAOQ010000102.1_16672145_17079089_0$HG03540#1#JAGYVY010000208.1_95187_596142_0	0.9260683137986989 HGDP
HGDP01354 HG02080#1#JAHEOW010000048.1_16689583_17097287_0$HG04228.verkko_filt_mat.fa:haplotype1_0000023_103429213_103930285_0	0.9260681315629213 HGDP
HGDP01354 HG01099.verkko_filt_mat.fa:haplotype1_0000034_142513097_142920876_1$HG02293.verkko_filt_pat.fa:haplotype2_0000836_148310532_148812524_1	0.9260577249144886 HGDP
HGDP01354 HG03453#2#JAGYVV010000088.1_22597550_23005370_1$HG02486#1#JAGYVM010000007.1_28868414_29370339_1	0.9260450039551233 HGDP
HGDP01354 HG01071#1#JAHBCF010000053.1_26607100_27108065_1$HG01978#2#JAGYVR010000007.1_51532241_51939176_0	0.9260368116826018 HGDP
HGDP01354 HG02145#2#JAHKSF010000206.1_1005292_1413195_1$HG01978#1#JAGYVS010000002.1_51519970_52021951_0	0.9260323193940070 HGDP
HGDP01354 HG02300.verkko_filt_mat.fa:haplotype1_0000028_144052837_144460586_1$HG02071.verkko_filt_pat.fa:haplotype2_0000736_102745972_103248026_0	0.9260276008671743 HGDP
HGDP01354 HG00621#1#JAHBCD010000034.1_2122997_2624098_1$HG02886#1#JAHAOU010000178.1_62411_469262_0	0.9260243916427471 HGDP
HGDP01354 HG01071#1#JAHBCF010000053.1_26607100_27108065_1$HG03492#1#JAHEPI010000180.1_2103395_2543326_1	0.9260160217468787 HGDP
HGDP01354 HG02622#1#JAHAOO010000002.1_16673678_17080663_0$HG01099.verkko_filt_pat.fa:haplotype2_0000583_143544270_144046196_1	0.9260088180838157 HGDP
HGDP01354 HG02886#1#JAHAOU010000178.1_62411_469262_0$HG04228.verkko_filt_mat.fa:haplotype1_0000023_103429213_103930285_0	0.9260061254338696 HGDP
HGDP01354 HG00621#1#JAHBCD010000034.1_2122997_2624098_1$HG02109#1#JAHEPG010000026.1_16673035_17080816_0	0.9259926206535851 HGDP
HGDP01354 HG01099.verkko_filt_mat.fa:haplotype1_0000034_142513097_142920876_1$HG02071.verkko_filt_pat.fa:haplotype2_0000736_102745972_103248026_0	0.9259866890912178 HGDP
HGDP01354 AV_HG01106#haplotype2#0000932:16673968_17175925$HG03927.verkko_filt_mat.fa:haplotype1_0000009_134765170_135173010_1	0.9259827256235460 HGDP
HGDP01354 HG02486#1#JAGYVM010000007.1_28868414_29370339_1$HG02300.verkko_filt_pat.fa:haplotype2_0000620_143362344_143769323_1	0.9259761135736485 HGDP
HGDP01354 HG02486#2#JAGYVL010000029.1_94163344_94570162_0$HG04228.verkko_filt_mat.fa:haplotype1_0000023_103429213_103930285_0	0.9259713114280974 HGDP
HGDP01354 HG03486#1#JAHEOQ010000123.1_16677696_17085575_0$HG02486#1#JAGYVM010000007.1_28868414_29370339_1	0.9259670938398661 HGDP
HGDP01354 HG02109#1#JAHEPG010000026.1_16673035_17080816_0$HG02071.verkko_filt_pat.fa:haplotype2_0000736_102745972_103248026_0	0.9259584459872509 HGDP
HGDP01354 NA20129#2#JAHEPD010000155.1_90039_569275_0$HG02145#1#JAHKSG010000134.1_2102465_2647653_1	0.9259526674174220 HGDP
HGDP01354 HG04228.verkko_filt_mat.fa:haplotype1_0000023_103429213_103930285_0$HG02300.verkko_filt_mat.fa:haplotype1_0000028_144052837_144460586_1	0.9259510245113057 HGDP
HGDP01354 HG00621#1#JAHBCD010000034.1_2122997_2624098_1$HG02300.verkko_filt_mat.fa:haplotype1_0000028_144052837_144460586_1	0.9259483867782302 HGDP
HGDP01354 HG02622#2#JAHAON010000012.1_51551779_52031001_0$HG02145#1#JAHKSG010000134.1_2102465_2647653_1	0.9259390221698646 HGDP
HGDP01354 HG02630#1#JAHAOQ010000102.1_16672145_17079089_0$HG01978#1#JAGYVS010000002.1_51519970_52021951_0	0.9259377053191902 HGDP
HGDP01354 NA19240#2#JAHEOL010000010.1_37445323_37853017_0$HG02293.verkko_filt_pat.fa:haplotype2_0000836_148310532_148812524_1	0.9259234099928403 HGDP
HGDP01354 HG00621#1#JAHBCD010000034.1_2122997_2624098_1$HG01099.verkko_filt_mat.fa:haplotype1_0000034_142513097_142920876_1	0.9259229087226757 HGDP
HGDP01354 HG03453#1#JAGYVW010000157.1_2105722_2585000_1$HG02723#2#JAHEOT010000034.1_19776337_20321518_1	0.9259209723429088 HGDP
HGDP01354 HG01071#1#JAHBCF010000053.1_26607100_27108065_1$HG02004.verkko_filt_mat.fa:haplotype1_0000022_97828542_98235483_0	0.9259160127887852 HGDP
HGDP01354 AV_HG01361#haplotype1#0000023:101593539_102001341$HG02293.verkko_filt_pat.fa:haplotype2_0000836_148310532_148812524_1	0.9259154325041525 HGDP
HGDP01354 HG02109#1#JAHEPG010000026.1_16673035_17080816_0$HG04228.verkko_filt_mat.fa:haplotype1_0000023_103429213_103930285_0	0.9259127370757775 HGDP
HGDP01354 HG01928#1#JAGYVQ010000053.1_16676493_17083407_0$HG01071#1#JAHBCF010000053.1_26607100_27108065_1	0.9259033170012166 HGDP
HGDP01354 HG04228.verkko_filt_mat.fa:haplotype1_0000023_103429213_103930285_0$HG01099.verkko_filt_mat.fa:haplotype1_0000034_142513097_142920876_1	0.9258997126015399 HGDP
HGDP01354 AV_HG01361#haplotype1#0000023:101593539_102001341$HG00621#1#JAHBCD010000034.1_2122997_2624098_1	0.9258686446154208 HGDP
HGDP01354 AV_HG00673#haplotype1#0000019:16627360_17129375$AV_HG00673#haplotype2#0001165:24014011_24421797	0.9258680459390823 HGDP
HGDP01354 HG01258#1#JAGYYV010000004.1_56955948_57456952_1$HG02300.verkko_filt_pat.fa:haplotype2_0000620_143362344_143769323_1	0.9258629707153474 HGDP
HGDP01354 AV_HG01361#haplotype1#0000023:101593539_102001341$HG04228.verkko_filt_mat.fa:haplotype1_0000023_103429213_103930285_0	0.9258506899145216 HGDP
HGDP01354 AV_HG01106#haplotype2#0000932:16673968_17175925$HG02818#1#JAHEOS010000101.1_89626_496613_0	0.9258450627123311 HGDP
HGDP01354 AV_HG00673#haplotype1#0000019:16627360_17129375$HG03516#1#JAGYYT010000012.1_24170958_24578778_1	0.9258385704683750 HGDP
HGDP01354 HG01071#1#JAHBCF010000053.1_26607100_27108065_1$HG02300.verkko_filt_pat.fa:haplotype2_0000620_143362344_143769323_1	0.9258274827031291 HGDP
HGDP01354 NA19240#2#JAHEOL010000010.1_37445323_37853017_0$HG02071.verkko_filt_pat.fa:haplotype2_0000736_102745972_103248026_0	0.9258268888131388 HGDP
HGDP01354 AV_HG00673#haplotype1#0000019:16627360_17129375$HG01109#1#JAHEPA010000099.1_2104245_2511104_1	0.9258229953234333 HGDP
HGDP01354 HG01109#1#JAHEPA010000099.1_2104245_2511104_1$HG02080#2#JAHEOV010000017.1_16662177_17164189_0	0.9258211952016834 HGDP
HGDP01354 AV_HG01361#haplotype1#0000023:101593539_102001341$HG02071.verkko_filt_pat.fa:haplotype2_0000736_102745972_103248026_0	0.9258031198119944 HGDP
HGDP01354 HG02080#2#JAHEOV010000017.1_16662177_17164189_0$HG03516#1#JAGYYT010000012.1_24170958_24578778_1	0.9258009070178334 HGDP
HGDP01354 HG03540#1#JAGYVY010000208.1_95187_596142_0$HG02818#1#JAHEOS010000101.1_89626_496613_0	0.9257982988748560 HGDP
HGDP01354 NA18906#1#JAHEOO010000054.1_2103477_2510435_1$HG03540#1#JAGYVY010000208.1_95187_596142_0	0.9257951655525557 HGDP
HGDP01354 HG02630#2#JAHAOP010000089.1_16669255_17076135_0$HG01978#1#JAGYVS010000002.1_51519970_52021951_0	0.9257944123019262 HGDP
HGDP01354 HG02559#1#JAGYVK010000012.1_51505852_51913611_0$HG02486#1#JAGYVM010000007.1_28868414_29370339_1	0.9257842296410618 HGDP
HGDP01354 HG00621#1#JAHBCD010000034.1_2122997_2624098_1$NA19240#2#JAHEOL010000010.1_37445323_37853017_0	0.9257830041845344 HGDP
HGDP01354 AV_HG01106#haplotype2#0000932:16673968_17175925$AV_HG02257#haplotype2#0001152:102843493_103251377	0.9257816509394153 HGDP
HGDP01354 HG02622#2#JAHAON010000012.1_51551779_52031001_0$HG02723#2#JAHEOT010000034.1_19776337_20321518_1	0.9257790001125942 HGDP
HGDP01354 AV_HG00673#haplotype2#0001165:24014011_24421797$HG02080#2#JAHEOV010000017.1_16662177_17164189_0	0.9257686377741310 HGDP
HGDP01354 HG03540#1#JAGYVY010000208.1_95187_596142_0$HG02486#2#JAGYVL010000029.1_94163344_94570162_0	0.9257427808085651 HGDP
HGDP01354 HG02486#1#JAGYVM010000007.1_28868414_29370339_1$HG03579#1#JAGYVU010000029.1_91404_499180_0	0.9257422658974602 HGDP
HGDP01354 NA20129#2#JAHEPD010000155.1_90039_569275_0$HG02723#2#JAHEOT010000034.1_19776337_20321518_1	0.9257398925317600 HGDP
HGDP01354 AV_HG01106#haplotype1#0000048:16666181_17262214$AV_HG01361#haplotype2#0001322:101872897_102186552	0.9257374802769190 HGDP
HGDP01354 HG02886#1#JAHAOU010000178.1_62411_469262_0$HG03540#1#JAGYVY010000208.1_95187_596142_0	0.9257362484924858 HGDP
HGDP01354 HG02723#2#JAHEOT010000034.1_19776337_20321518_1$HG03486#2#JAHEOP010000248.1_2105565_2584784_1	0.9257248602599147 HGDP
HGDP01354 HG02486#1#JAGYVM010000007.1_28868414_29370339_1$HG03516#2#JAGYYS010000004.1_24452130_24859892_1	0.9257215069765150 HGDP
HGDP01354 HG01978#1#JAGYVS010000002.1_51519970_52021951_0$HG03927.verkko_filt_mat.fa:haplotype1_0000009_134765170_135173010_1	0.9257204818815069 HGDP
HGDP01354 HG03927.verkko_filt_mat.fa:haplotype1_0000009_134765170_135173010_1$HG01099.verkko_filt_pat.fa:haplotype2_0000583_143544270_144046196_1	0.9257149440818188 HGDP
HGDP01354 AV_HG01106#haplotype2#0000932:16673968_17175925$NA18906#1#JAHEOO010000054.1_2103477_2510435_1	0.9256980769084910 HGDP
HGDP01354 HG01978#1#JAGYVS010000002.1_51519970_52021951_0$HG02818#1#JAHEOS010000101.1_89626_496613_0	0.9256760018143311 HGDP
HGDP01354 HG02486#1#JAGYVM010000007.1_28868414_29370339_1$NA19240#1#JAHEOM010000047.1_30103390_30511199_1	0.9256518035531882 HGDP
HGDP01354 AV_HG00673#haplotype2#0001165:24014011_24421797$HG02293.verkko_filt_pat.fa:haplotype2_0000836_148310532_148812524_1	0.9256457165319414 HGDP
HGDP01354 NA18906#2#JAHEON010000009.1_93748295_94249275_0$HG01358#1#JAGYZB010000020.1_27445742_27855492_1	0.9256444199457371 HGDP
HGDP01354 AV_HG02257#haplotype2#0001152:102843493_103251377$HG01978#1#JAGYVS010000002.1_51519970_52021951_0	0.9256333751090959 HGDP
HGDP01354 HG03492#1#JAHEPI010000180.1_2103395_2543326_1$NA18906#2#JAHEON010000009.1_93748295_94249275_0	0.9256297989063276 HGDP
HGDP01354 AV_HG01106#haplotype1#0000048:16666181_17262214$HG02886#2#JAHAOT010000031.1_87393_401061_0	0.9256293046736352 HGDP
HGDP01354 HG03579#2#JAGYVT010000094.1_51581892_51895531_0$chr1_chm13_103304997_103901127_0	0.9256288144564651 HGDP
HGDP01354 NA19240#2#JAHEOL010000010.1_37445323_37853017_0$HG04228.verkko_filt_mat.fa:haplotype1_0000023_103429213_103930285_0	0.9256259130028469 HGDP
HGDP01354 HG02717#1#JAHAOS010000015.1_16660311_17067250_0$HG03540#1#JAGYVY010000208.1_95187_596142_0	0.9256229722597475 HGDP
HGDP01354 AV_HG00673#haplotype2#0001165:24014011_24421797$HG04228.verkko_filt_mat.fa:haplotype1_0000023_103429213_103930285_0	0.9256120418582353 HGDP
HGDP01354 chr1_chm13_103304997_103901127_0$HG02647.verkko_filt_pat.fa:haplotype2_0000857_103738150_104051769_0	0.9256049603202322 HGDP
HGDP01354 HG03492#1#JAHEPI010000180.1_2103395_2543326_1$HG02486#1#JAGYVM010000007.1_28868414_29370339_1	0.9256024082216869 HGDP
HGDP01354 AV_HG01106#haplotype2#0000932:16673968_17175925$HG02622#1#JAHAOO010000002.1_16673678_17080663_0	0.9255997248378816 HGDP
HGDP01354 HG02818#2#JAHEOR010000010.1_31775319_32183091_1$HG02486#1#JAGYVM010000007.1_28868414_29370339_1	0.9255724396554689 HGDP
HGDP01354 AV_HG00673#haplotype1#0000019:16627360_17129375$HG02145#2#JAHKSF010000206.1_1005292_1413195_1	0.9255711786549632 HGDP
HGDP01354 HG02145#2#JAHKSF010000206.1_1005292_1413195_1$HG02080#2#JAHEOV010000017.1_16662177_17164189_0	0.9255702147964752 HGDP
HGDP01354 HG03516#1#JAGYYT010000012.1_24170958_24578778_1$HG02293.verkko_filt_pat.fa:haplotype2_0000836_148310532_148812524_1	0.9255603033992938 HGDP
HGDP01354 AV_HG01106#haplotype2#0000932:16673968_17175925$HG02717#1#JAHAOS010000015.1_16660311_17067250_0	0.9255565678327796 HGDP
HGDP01354 AV_HG00673#haplotype1#0000019:16627360_17129375$HG02630#1#JAHAOQ010000102.1_16672145_17079089_0	0.9255526353171130 HGDP
HGDP01354 AV_HG01106#haplotype1#0000048:16666181_17262214$HG04228.verkko_filt_pat.fa:haplotype2_0000600_103806749_104119491_0	0.9255409256352667 HGDP
HGDP01354 HG03540#1#JAGYVY010000208.1_95187_596142_0$HG03927.verkko_filt_mat.fa:haplotype1_0000009_134765170_135173010_1	0.9255407056120482 HGDP
HGDP01354 HG01978#1#JAGYVS010000002.1_51519970_52021951_0$NA18906#1#JAHEOO010000054.1_2103477_2510435_1	0.9255237310256170 HGDP
HGDP01354 HG02630#1#JAHAOQ010000102.1_16672145_17079089_0$HG02080#2#JAHEOV010000017.1_16662177_17164189_0	0.9255208534732184 HGDP
HGDP01354 HG02622#1#JAHAOO010000002.1_16673678_17080663_0$HG03540#1#JAGYVY010000208.1_95187_596142_0	0.9255193195659353 HGDP
HGDP01354 HG01109#1#JAHEPA010000099.1_2104245_2511104_1$HG02293.verkko_filt_pat.fa:haplotype2_0000836_148310532_148812524_1	0.9255143908593885 HGDP
HGDP01354 AV_HG01106#haplotype2#0000932:16673968_17175925$HG03492#1#JAHEPI010000180.1_2103395_2543326_1	0.9255064342931362 HGDP
HGDP01354 AV_HG00673#haplotype2#0001165:24014011_24421797$HG00621#1#JAHBCD010000034.1_2122997_2624098_1	0.9254947421744195 HGDP
HGDP01354 HG02630#2#JAHAOP010000089.1_16669255_17076135_0$HG01099.verkko_filt_pat.fa:haplotype2_0000583_143544270_144046196_1	0.9254746695313277 HGDP
HGDP01354 AV_HG00673#haplotype2#0001165:24014011_24421797$HG02071.verkko_filt_pat.fa:haplotype2_0000736_102745972_103248026_0	0.9254718424860222 HGDP
HGDP01354 HG00621#1#JAHBCD010000034.1_2122997_2624098_1$HG03516#1#JAGYYT010000012.1_24170958_24578778_1	0.9254653797101426 HGDP
HGDP01354 HG01978#1#JAGYVS010000002.1_51519970_52021951_0$HG02622#1#JAHAOO010000002.1_16673678_17080663_0	0.9254566155203944 HGDP
HGDP01354 AV_HG01106#haplotype2#0000932:16673968_17175925$HG01358#1#JAGYZB010000020.1_27445742_27855492_1	0.9254538156668798 HGDP
HGDP01354 HG02109#2#JAHEPF010000078.1_16678387_16991144_0$chr1_chm13_103304997_103901127_0	0.9254388612874204 HGDP
HGDP01354 HG03516#1#JAGYYT010000012.1_24170958_24578778_1$HG02071.verkko_filt_pat.fa:haplotype2_0000736_102745972_103248026_0	0.9254184041339815 HGDP
HGDP01354 HG01109#1#JAHEPA010000099.1_2104245_2511104_1$HG02071.verkko_filt_pat.fa:haplotype2_0000736_102745972_103248026_0	0.9254039057002571 HGDP
HGDP01354 HG02717#1#JAHAOS010000015.1_16660311_17067250_0$HG01978#1#JAGYVS010000002.1_51519970_52021951_0	0.9253926294944081 HGDP
HGDP01354 AV_HG01106#haplotype2#0000932:16673968_17175925$HG02559#1#JAGYVK010000012.1_51505852_51913611_0	0.9253522063111482 HGDP
HGDP01354 AV_HG00673#haplotype1#0000019:16627360_17129375$HG03927.verkko_filt_mat.fa:haplotype1_0000009_134765170_135173010_1	0.9253466880319795 HGDP
HGDP01354 HG02145#2#JAHKSF010000206.1_1005292_1413195_1$HG02293.verkko_filt_pat.fa:haplotype2_0000836_148310532_148812524_1	0.9253436105773909 HGDP
HGDP01354 HG02630#1#JAHAOQ010000102.1_16672145_17079089_0$HG02293.verkko_filt_pat.fa:haplotype2_0000836_148310532_148812524_1	0.9253349053574198 HGDP
HGDP01354 HG01978#1#JAGYVS010000002.1_51519970_52021951_0$HG03492#1#JAHEPI010000180.1_2103395_2543326_1	0.9253302952729339 HGDP
HGDP01354 HG03492#1#JAHEPI010000180.1_2103395_2543326_1$HG01099.verkko_filt_pat.fa:haplotype2_0000583_143544270_144046196_1	0.9253147664433858 HGDP
HGDP01354 HG02080#2#JAHEOV010000017.1_16662177_17164189_0$HG03927.verkko_filt_mat.fa:haplotype1_0000009_134765170_135173010_1	0.9253088335501400 HGDP
HGDP01354 AV_HG01106#haplotype2#0000932:16673968_17175925$HG03516#2#JAGYYS010000004.1_24452130_24859892_1	0.9253051687522539 HGDP
HGDP01354 HG00438#1#JAHBCB010000015.1_33474867_33954171_0$HG02145#1#JAHKSG010000134.1_2102465_2647653_1	0.9253048480947268 HGDP
HGDP01354 HG03516#1#JAGYYT010000012.1_24170958_24578778_1$HG04228.verkko_filt_mat.fa:haplotype1_0000023_103429213_103930285_0	0.9252997602803135 HGDP
HGDP01354 AV_HG00673#haplotype1#0000019:16627360_17129375$HG02630#2#JAHAOP010000089.1_16669255_17076135_0	0.9252970876207361 HGDP
HGDP01354 chr1_chm13_103304997_103901127_0$HG01891#1#JAGYVO010000014.1_22855818_23168577_1	0.9252450668781456 HGDP
HGDP01354 chr1_hg38_103456064_103863972_0$HG01099.verkko_filt_pat.fa:haplotype2_0000583_143544270_144046196_1	0.9252423474340236 HGDP
HGDP01354 chr1_hg19_103998686_104406594_0$HG01099.verkko_filt_pat.fa:haplotype2_0000583_143544270_144046196_1	0.9252423474340236 HGDP
HGDP01354 AV_HG01106#haplotype2#0000932:16673968_17175925$NA19240#1#JAHEOM010000047.1_30103390_30511199_1	0.9252293713383797 HGDP
HGDP01354 AV_HG01106#haplotype2#0000932:16673968_17175925$HG03579#1#JAGYVU010000029.1_91404_499180_0	0.9251962051571798 HGDP
HGDP01354 AV_HG00673#haplotype1#0000019:16627360_17129375$NA18906#1#JAHEOO010000054.1_2103477_2510435_1	0.9251911539930242 HGDP
HGDP01354 HG02630#2#JAHAOP010000089.1_16669255_17076135_0$HG02080#2#JAHEOV010000017.1_16662177_17164189_0	0.9251817287864724 HGDP
HGDP01354 HG02080#2#JAHEOV010000017.1_16662177_17164189_0$NA18906#1#JAHEOO010000054.1_2103477_2510435_1	0.9251644724011915 HGDP
HGDP01354 HG02080#2#JAHEOV010000017.1_16662177_17164189_0$HG02818#1#JAHEOS010000101.1_89626_496613_0	0.9251630264889792 HGDP
HGDP01354 AV_HG00673#haplotype1#0000019:16627360_17129375$HG02818#1#JAHEOS010000101.1_89626_496613_0	0.9251538977620534 HGDP
HGDP01354 HG01978#1#JAGYVS010000002.1_51519970_52021951_0$HG01358#1#JAGYZB010000020.1_27445742_27855492_1	0.9251516147416865 HGDP
HGDP01354 HG02630#1#JAHAOQ010000102.1_16672145_17079089_0$HG02071.verkko_filt_pat.fa:haplotype2_0000736_102745972_103248026_0	0.9251396243301632 HGDP
HGDP01354 AV_HG01175#haplotype1#0000070:46006269_46414083$HG01099.verkko_filt_pat.fa:haplotype2_0000583_143544270_144046196_1	0.9251327515823601 HGDP
HGDP01354 HG00621#1#JAHBCD010000034.1_2122997_2624098_1$HG01109#1#JAHEPA010000099.1_2104245_2511104_1	0.9251303646104827 HGDP
HGDP01354 AV_HG01106#haplotype2#0000932:16673968_17175925$HG02818#2#JAHEOR010000010.1_31775319_32183091_1	0.9251290607819332 HGDP
HGDP01354 HG00621#1#JAHBCD010000034.1_2122997_2624098_1$HG02145#2#JAHKSF010000206.1_1005292_1413195_1	0.9251045143450896 HGDP
HGDP01354 HG02145#2#JAHKSF010000206.1_1005292_1413195_1$HG04228.verkko_filt_mat.fa:haplotype1_0000023_103429213_103930285_0	0.9251029978630804 HGDP
HGDP01354 HG02486#1#JAGYVM010000007.1_28868414_29370339_1$HG01358#1#JAGYZB010000020.1_27445742_27855492_1	0.9250989694059424 HGDP
HGDP01354 HG005#2#JAHEPN010000023.1_51542210_51950070_0$HG01099.verkko_filt_pat.fa:haplotype2_0000583_143544270_144046196_1	0.9250953994928210 HGDP
HGDP01354 HG02145#2#JAHKSF010000206.1_1005292_1413195_1$HG02071.verkko_filt_pat.fa:haplotype2_0000736_102745972_103248026_0	0.9250818554547323 HGDP
HGDP01354 HG02630#2#JAHAOP010000089.1_16669255_17076135_0$HG03540#1#JAGYVY010000208.1_95187_596142_0	0.9250584045614462 HGDP
HGDP01354 HG03927.verkko_filt_mat.fa:haplotype1_0000009_134765170_135173010_1$HG02293.verkko_filt_pat.fa:haplotype2_0000836_148310532_148812524_1	0.9250531986194949 HGDP
HGDP01354 HG00438#1#JAHBCB010000015.1_33474867_33954171_0$HG02723#2#JAHEOT010000034.1_19776337_20321518_1	0.9250517399948602 HGDP
HGDP01354 HG02559#1#JAGYVK010000012.1_51505852_51913611_0$HG01978#1#JAGYVS010000002.1_51519970_52021951_0	0.9250430895264877 HGDP
HGDP01354 HG00621#1#JAHBCD010000034.1_2122997_2624098_1$HG03927.verkko_filt_mat.fa:haplotype1_0000009_134765170_135173010_1	0.9250249664670547 HGDP
HGDP01354 HG02630#2#JAHAOP010000089.1_16669255_17076135_0$HG02293.verkko_filt_pat.fa:haplotype2_0000836_148310532_148812524_1	0.9250192961874422 HGDP
HGDP01354 HG03453#1#JAGYVW010000157.1_2105722_2585000_1$HG02145#1#JAHKSG010000134.1_2102465_2647653_1	0.9250137287855016 HGDP
HGDP01354 HG03492#1#JAHEPI010000180.1_2103395_2543326_1$HG03540#1#JAGYVY010000208.1_95187_596142_0	0.9250119517416859 HGDP
HGDP01354 AV_HG02257#haplotype2#0001152:102843493_103251377$HG02080#2#JAHEOV010000017.1_16662177_17164189_0	0.9250014232726546 HGDP
HGDP01354 HG01978#1#JAGYVS010000002.1_51519970_52021951_0$HG03516#2#JAGYYS010000004.1_24452130_24859892_1	0.9250011654074154 HGDP
HGDP01354 chr1_hg38_103456064_103863972_0$HG03540#1#JAGYVY010000208.1_95187_596142_0	0.9249953536508461 HGDP
HGDP01354 chr1_hg19_103998686_104406594_0$HG03540#1#JAGYVY010000208.1_95187_596142_0	0.9249953536508461 HGDP
HGDP01354 AV_HG00673#haplotype1#0000019:16627360_17129375$AV_HG02257#haplotype2#0001152:102843493_103251377	0.9249924187181499 HGDP
HGDP01354 AV_HG02148#haplotype2#0002863:16304803_16712699$HG01099.verkko_filt_pat.fa:haplotype2_0000583_143544270_144046196_1	0.9249840401180345 HGDP
HGDP01354 HG03927.verkko_filt_mat.fa:haplotype1_0000009_134765170_135173010_1$HG02071.verkko_filt_pat.fa:haplotype2_0000736_102745972_103248026_0	0.9249836841314012 HGDP
HGDP01354 HG02630#2#JAHAOP010000089.1_16669255_17076135_0$HG02071.verkko_filt_pat.fa:haplotype2_0000736_102745972_103248026_0	0.9249756732889846 HGDP
HGDP01354 HG01978#1#JAGYVS010000002.1_51519970_52021951_0$HG03579#1#JAGYVU010000029.1_91404_499180_0	0.9249752334674174 HGDP
HGDP01354 HG01928#1#JAGYVQ010000053.1_16676493_17083407_0$HG01099.verkko_filt_pat.fa:haplotype2_0000583_143544270_144046196_1	0.9249653609859849 HGDP
HGDP01354 HG02071.verkko_filt_mat.fa:haplotype1_0000041_103610513_104018399_0$HG01099.verkko_filt_pat.fa:haplotype2_0000583_143544270_144046196_1	0.9249633664069739 HGDP
HGDP01354 HG01978#2#JAGYVR010000007.1_51532241_51939176_0$HG01099.verkko_filt_pat.fa:haplotype2_0000583_143544270_144046196_1	0.9249592273003081 HGDP
HGDP01354 NA18906#1#JAHEOO010000054.1_2103477_2510435_1$HG02293.verkko_filt_pat.fa:haplotype2_0000836_148310532_148812524_1	0.9249579301708272 HGDP
HGDP01354 HG002.verkko_filt_mat.fa:haplotype1_0000005_138228497_138636354_1$HG01099.verkko_filt_pat.fa:haplotype2_0000583_143544270_144046196_1	0.9249487616976524 HGDP
HGDP01354 HG02723#2#JAHEOT010000034.1_19776337_20321518_1$HG01109#2#JAHEOZ010000047.1_16671232_17151375_0	0.9249367940795847 HGDP
HGDP01354 HG02818#1#JAHEOS010000101.1_89626_496613_0$HG02293.verkko_filt_pat.fa:haplotype2_0000836_148310532_148812524_1	0.9249266347976270 HGDP
HGDP01354 HG01978#1#JAGYVS010000002.1_51519970_52021951_0$NA19240#1#JAHEOM010000047.1_30103390_30511199_1	0.9249256118150591 HGDP
HGDP01354 HG02080#2#JAHEOV010000017.1_16662177_17164189_0$HG02622#1#JAHAOO010000002.1_16673678_17080663_0	0.9248846537562617 HGDP
HGDP01354 HG01109#1#JAHEPA010000099.1_2104245_2511104_1$HG04228.verkko_filt_mat.fa:haplotype1_0000023_103429213_103930285_0	0.9248840261122599 HGDP
HGDP01354 HG00438#1#JAHBCB010000015.1_33474867_33954171_0$HG03486#2#JAHEOP010000248.1_2105565_2584784_1	0.9248780420507474 HGDP
HGDP01354 AV_HG00673#haplotype1#0000019:16627360_17129375$HG02717#1#JAHAOS010000015.1_16660311_17067250_0	0.9248740149707244 HGDP
HGDP01354 HG03486#2#JAHEOP010000248.1_2105565_2584784_1$HG02145#1#JAHKSG010000134.1_2102465_2647653_1	0.9248662052204507 HGDP
HGDP01354 HG02818#2#JAHEOR010000010.1_31775319_32183091_1$HG01978#1#JAGYVS010000002.1_51519970_52021951_0	0.9248460510188878 HGDP
HGDP01354 HG02717#1#JAHAOS010000015.1_16660311_17067250_0$HG02080#2#JAHEOV010000017.1_16662177_17164189_0	0.9248419052656061 HGDP
HGDP01354 HG02630#1#JAHAOQ010000102.1_16672145_17079089_0$HG04228.verkko_filt_mat.fa:haplotype1_0000023_103429213_103930285_0	0.9248401264526840 HGDP
HGDP01354 HG00621#2#JAHBCC010000031.1_16669999_17077865_0$HG01099.verkko_filt_pat.fa:haplotype2_0000583_143544270_144046196_1	0.9248360870771815 HGDP
HGDP01354 HG04228.verkko_filt_mat.fa:haplotype1_0000023_103429213_103930285_0$HG03927.verkko_filt_mat.fa:haplotype1_0000009_134765170_135173010_1	0.9248288427423951 HGDP
HGDP01354 HG01358#1#JAGYZB010000020.1_27445742_27855492_1$HG01099.verkko_filt_pat.fa:haplotype2_0000583_143544270_144046196_1	0.9248249791937270 HGDP
HGDP01354 HG00621#1#JAHBCD010000034.1_2122997_2624098_1$HG02630#1#JAHAOQ010000102.1_16672145_17079089_0	0.9248211841093863 HGDP
HGDP01354 AV_HG00673#haplotype1#0000019:16627360_17129375$HG02622#1#JAHAOO010000002.1_16673678_17080663_0	0.9248194376393962 HGDP
HGDP01354 HG02004.verkko_filt_mat.fa:haplotype1_0000022_97828542_98235483_0$HG01099.verkko_filt_pat.fa:haplotype2_0000583_143544270_144046196_1	0.9248074350351392 HGDP
HGDP01354 AV_HG02257#haplotype2#0001152:102843493_103251377$HG02293.verkko_filt_pat.fa:haplotype2_0000836_148310532_148812524_1	0.9248066395171436 HGDP
HGDP01354 HG03453#2#JAGYVV010000088.1_22597550_23005370_1$HG01099.verkko_filt_pat.fa:haplotype2_0000583_143544270_144046196_1	0.9248060263210321 HGDP
HGDP01354 NA18906#1#JAHEOO010000054.1_2103477_2510435_1$HG02071.verkko_filt_pat.fa:haplotype2_0000736_102745972_103248026_0	0.9247886683576106 HGDP
HGDP01354 HG03540#1#JAGYVY010000208.1_95187_596142_0$HG002.verkko_filt_mat.fa:haplotype1_0000005_138228497_138636354_1	0.9247794598607649 HGDP
HGDP01354 AV_HG01106#haplotype1#0000048:16666181_17262214$HG03098#2#JAHEPL010000003.1_93803759_94117426_0	0.9247670132041224 HGDP
HGDP01354 HG02080#2#JAHEOV010000017.1_16662177_17164189_0$HG03492#1#JAHEPI010000180.1_2103395_2543326_1	0.9247617291941901 HGDP
HGDP01354 AV_HG01175#haplotype1#0000070:46006269_46414083$HG03540#1#JAGYVY010000208.1_95187_596142_0	0.9247564929412880 HGDP
HGDP01354 AV_HG00673#haplotype1#0000019:16627360_17129375$HG03516#2#JAGYYS010000004.1_24452130_24859892_1	0.9247507035206604 HGDP
HGDP01354 AV_HG00673#haplotype1#0000019:16627360_17129375$HG03579#1#JAGYVU010000029.1_91404_499180_0	0.9247353551393048 HGDP
HGDP01354 AV_HG01106#haplotype1#0000048:16666181_17262214$HG03710.verkko_filt_mat.fa:haplotype1_0000029_102593394_102907063_0	0.9247321759203400 HGDP
HGDP01354 HG005#2#JAHEPN010000023.1_51542210_51950070_0$HG03540#1#JAGYVY010000208.1_95187_596142_0	0.9247244769150682 HGDP
HGDP01354 AV_HG02148#haplotype2#0002863:16304803_16712699$HG03540#1#JAGYVY010000208.1_95187_596142_0	0.9247113871457413 HGDP
HGDP01354 AV_HG00673#haplotype1#0000019:16627360_17129375$HG02559#1#JAGYVK010000012.1_51505852_51913611_0	0.9247103360943507 HGDP
HGDP01354 AV_HG00673#haplotype1#0000019:16627360_17129375$HG03492#1#JAHEPI010000180.1_2103395_2543326_1	0.9247080142649184 HGDP
HGDP01354 HG02080#2#JAHEOV010000017.1_16662177_17164189_0$HG03516#2#JAGYYS010000004.1_24452130_24859892_1	0.9247026152939228 HGDP
HGDP01354 HG03540#1#JAGYVY010000208.1_95187_596142_0$HG02071.verkko_filt_mat.fa:haplotype1_0000041_103610513_104018399_0	0.9246957541116823 HGDP
HGDP01354 HG02818#1#JAHEOS010000101.1_89626_496613_0$HG02071.verkko_filt_pat.fa:haplotype2_0000736_102745972_103248026_0	0.9246808682173817 HGDP
HGDP01354 HG02717#1#JAHAOS010000015.1_16660311_17067250_0$HG02293.verkko_filt_pat.fa:haplotype2_0000836_148310532_148812524_1	0.9246773812939519 HGDP
HGDP01354 HG03540#2#JAGYVX010000148.1_1368955_1877115_0$HG002.verkko_filt_pat.fa:haplotype2_0000649_147937390_148315979_1	0.9246750451350184 HGDP
HGDP01354 HG02080#2#JAHEOV010000017.1_16662177_17164189_0$HG03579#1#JAGYVU010000029.1_91404_499180_0	0.9246717230228604 HGDP
HGDP01354 HG02559#1#JAGYVK010000012.1_51505852_51913611_0$HG02080#2#JAHEOV010000017.1_16662177_17164189_0	0.9246673134519789 HGDP
HGDP01354 HG00621#2#JAHBCC010000031.1_16669999_17077865_0$HG03540#1#JAGYVY010000208.1_95187_596142_0	0.9246564503858352 HGDP
HGDP01354 chr1_chm13_103304997_103901127_0$HG04228.verkko_filt_pat.fa:haplotype2_0000600_103806749_104119491_0	0.9246418349396319 HGDP
HGDP01354 HG02630#2#JAHAOP010000089.1_16669255_17076135_0$HG04228.verkko_filt_mat.fa:haplotype1_0000023_103429213_103930285_0	0.9246355208023337 HGDP
HGDP01354 HG03486#1#JAHEOQ010000123.1_16677696_17085575_0$HG01099.verkko_filt_pat.fa:haplotype2_0000583_143544270_144046196_1	0.9246083953407026 HGDP
HGDP01354 HG02300.verkko_filt_pat.fa:haplotype2_0000620_143362344_143769323_1$HG01099.verkko_filt_pat.fa:haplotype2_0000583_143544270_144046196_1	0.9246046863084174 HGDP
HGDP01354 HG00621#1#JAHBCD010000034.1_2122997_2624098_1$HG02630#2#JAHAOP010000089.1_16669255_17076135_0	0.9246041482649100 HGDP
HGDP01354 HG02622#1#JAHAOO010000002.1_16673678_17080663_0$HG02293.verkko_filt_pat.fa:haplotype2_0000836_148310532_148812524_1	0.9245828147170102 HGDP
HGDP01354 AV_HG02257#haplotype2#0001152:102843493_103251377$HG02071.verkko_filt_pat.fa:haplotype2_0000736_102745972_103248026_0	0.9245765161058522 HGDP
HGDP01354 HG02622#2#JAHAON010000012.1_51551779_52031001_0$HG03486#2#JAHEOP010000248.1_2105565_2584784_1	0.9245497900654921 HGDP
HGDP01354 HG03453#2#JAGYVV010000088.1_22597550_23005370_1$HG03540#1#JAGYVY010000208.1_95187_596142_0	0.9245386666996831 HGDP
HGDP01354 NA20129#2#JAHEPD010000155.1_90039_569275_0$HG03486#2#JAHEOP010000248.1_2105565_2584784_1	0.9245378730218463 HGDP
HGDP01354 AV_HG00673#haplotype1#0000019:16627360_17129375$NA19240#1#JAHEOM010000047.1_30103390_30511199_1	0.9245322219819470 HGDP
HGDP01354 HG02080#2#JAHEOV010000017.1_16662177_17164189_0$NA19240#1#JAHEOM010000047.1_30103390_30511199_1	0.9245250965124724 HGDP
HGDP01354 AV_HG01106#haplotype1#0000048:16666181_17262214$HG02723#1#JAHEOU010000204.1_2102082_2414876_1	0.9245204404622973 HGDP
HGDP01354 HG02080#2#JAHEOV010000017.1_16662177_17164189_0$HG01358#1#JAGYZB010000020.1_27445742_27855492_1	0.9245191471258590 HGDP
HGDP01354 AV_HG00673#haplotype1#0000019:16627360_17129375$HG01358#1#JAGYZB010000020.1_27445742_27855492_1	0.9245127829563532 HGDP
HGDP01354 AV_HG00673#haplotype1#0000019:16627360_17129375$HG02818#2#JAHEOR010000010.1_31775319_32183091_1	0.9244942681849078 HGDP
HGDP01354 HG02818#2#JAHEOR010000010.1_31775319_32183091_1$HG02080#2#JAHEOV010000017.1_16662177_17164189_0	0.9244871088730999 HGDP
HGDP01354 AV_HG02257#haplotype2#0001152:102843493_103251377$HG04228.verkko_filt_mat.fa:haplotype1_0000023_103429213_103930285_0	0.9244578369294965 HGDP
HGDP01354 HG01978#2#JAGYVR010000007.1_51532241_51939176_0$HG03540#1#JAGYVY010000208.1_95187_596142_0	0.9244381314801849 HGDP
HGDP01354 NA18906#1#JAHEOO010000054.1_2103477_2510435_1$HG04228.verkko_filt_mat.fa:haplotype1_0000023_103429213_103930285_0	0.9244373387410116 HGDP
HGDP01354 HG03492#1#JAHEPI010000180.1_2103395_2543326_1$HG02293.verkko_filt_pat.fa:haplotype2_0000836_148310532_148812524_1	0.9244348859852104 HGDP
HGDP01354 AV_HG02257#haplotype2#0001152:102843493_103251377$HG00621#1#JAHBCD010000034.1_2122997_2624098_1	0.9244274973728871 HGDP
HGDP01354 HG02717#1#JAHAOS010000015.1_16660311_17067250_0$HG02071.verkko_filt_pat.fa:haplotype2_0000736_102745972_103248026_0	0.9244257771106754 HGDP
HGDP01354 HG02559#1#JAGYVK010000012.1_51505852_51913611_0$HG02293.verkko_filt_pat.fa:haplotype2_0000836_148310532_148812524_1	0.9244217419653971 HGDP
HGDP01354 HG03516#2#JAGYYS010000004.1_24452130_24859892_1$HG02293.verkko_filt_pat.fa:haplotype2_0000836_148310532_148812524_1	0.9244205759335338 HGDP
HGDP01354 HG03579#1#JAGYVU010000029.1_91404_499180_0$HG02293.verkko_filt_pat.fa:haplotype2_0000836_148310532_148812524_1	0.9244104730541143 HGDP
HGDP01354 HG03486#1#JAHEOQ010000123.1_16677696_17085575_0$HG03540#1#JAGYVY010000208.1_95187_596142_0	0.9244029413708447 HGDP
HGDP01354 HG03516#2#JAGYYS010000004.1_24452130_24859892_1$HG02071.verkko_filt_pat.fa:haplotype2_0000736_102745972_103248026_0	0.9244024014033648 HGDP
HGDP01354 HG00621#1#JAHBCD010000034.1_2122997_2624098_1$HG02818#1#JAHEOS010000101.1_89626_496613_0	0.9243820896630283 HGDP
HGDP01354 HG00438#1#JAHBCB010000015.1_33474867_33954171_0$HG02622#2#JAHAON010000012.1_51551779_52031001_0	0.9243808201000977 HGDP
HGDP01354 HG02559#1#JAGYVK010000012.1_51505852_51913611_0$HG02071.verkko_filt_pat.fa:haplotype2_0000736_102745972_103248026_0	0.9243727476081944 HGDP
HGDP01354 HG00621#1#JAHBCD010000034.1_2122997_2624098_1$HG02559#1#JAGYVK010000012.1_51505852_51913611_0	0.9243573962472389 HGDP
HGDP01354 HG03453#1#JAGYVW010000157.1_2105722_2585000_1$HG00438#1#JAHBCB010000015.1_33474867_33954171_0	0.9243504747816366 HGDP
HGDP01354 HG00621#1#JAHBCD010000034.1_2122997_2624098_1$NA18906#1#JAHEOO010000054.1_2103477_2510435_1	0.9243455999373077 HGDP
HGDP01354 NA20129#2#JAHEPD010000155.1_90039_569275_0$HG00438#1#JAHBCB010000015.1_33474867_33954171_0	0.9243409257634826 HGDP
HGDP01354 HG00621#1#JAHBCD010000034.1_2122997_2624098_1$HG03516#2#JAGYYS010000004.1_24452130_24859892_1	0.9243409014318353 HGDP
HGDP01354 HG02818#1#JAHEOS010000101.1_89626_496613_0$HG04228.verkko_filt_mat.fa:haplotype1_0000023_103429213_103930285_0	0.9243402541310434 HGDP
HGDP01354 HG03540#1#JAGYVY010000208.1_95187_596142_0$HG01358#1#JAGYZB010000020.1_27445742_27855492_1	0.9243399951638110 HGDP
HGDP01354 HG00621#1#JAHBCD010000034.1_2122997_2624098_1$HG03579#1#JAGYVU010000029.1_91404_499180_0	0.9243152299117050 HGDP
HGDP01354 HG00621#1#JAHBCD010000034.1_2122997_2624098_1$HG03492#1#JAHEPI010000180.1_2103395_2543326_1	0.9242963049063685 HGDP
HGDP01354 HG01358#1#JAGYZB010000020.1_27445742_27855492_1$HG02293.verkko_filt_pat.fa:haplotype2_0000836_148310532_148812524_1	0.9242945124448927 HGDP
HGDP01354 HG03540#1#JAGYVY010000208.1_95187_596142_0$HG02004.verkko_filt_mat.fa:haplotype1_0000022_97828542_98235483_0	0.9242919859488747 HGDP
HGDP01354 HG01928#1#JAGYVQ010000053.1_16676493_17083407_0$HG03540#1#JAGYVY010000208.1_95187_596142_0	0.9242896689226424 HGDP
HGDP01354 HG03492#1#JAHEPI010000180.1_2103395_2543326_1$HG02071.verkko_filt_pat.fa:haplotype2_0000736_102745972_103248026_0	0.9242727285749938 HGDP
HGDP01354 HG02622#1#JAHAOO010000002.1_16673678_17080663_0$HG02071.verkko_filt_pat.fa:haplotype2_0000736_102745972_103248026_0	0.9242613254327086 HGDP
HGDP01354 HG03579#1#JAGYVU010000029.1_91404_499180_0$HG02071.verkko_filt_pat.fa:haplotype2_0000736_102745972_103248026_0	0.9242583068021656 HGDP
HGDP01354 HG03540#1#JAGYVY010000208.1_95187_596142_0$HG02300.verkko_filt_pat.fa:haplotype2_0000620_143362344_143769323_1	0.9242180245962399 HGDP
HGDP01354 HG03516#2#JAGYYS010000004.1_24452130_24859892_1$HG04228.verkko_filt_mat.fa:haplotype1_0000023_103429213_103930285_0	0.9242165606048672 HGDP
HGDP01354 HG01109#2#JAHEOZ010000047.1_16671232_17151375_0$HG02145#1#JAHKSG010000134.1_2102465_2647653_1	0.9242119949545857 HGDP
HGDP01354 NA19240#1#JAHEOM010000047.1_30103390_30511199_1$HG02293.verkko_filt_pat.fa:haplotype2_0000836_148310532_148812524_1	0.9242029048154820 HGDP
HGDP01354 HG02818#2#JAHEOR010000010.1_31775319_32183091_1$HG02293.verkko_filt_pat.fa:haplotype2_0000836_148310532_148812524_1	0.9241959117603746 HGDP
HGDP01354 HG02559#1#JAGYVK010000012.1_51505852_51913611_0$HG04228.verkko_filt_mat.fa:haplotype1_0000023_103429213_103930285_0	0.9241817296839442 HGDP
HGDP01354 HG01358#1#JAGYZB010000020.1_27445742_27855492_1$HG02071.verkko_filt_pat.fa:haplotype2_0000736_102745972_103248026_0	0.9241665590874691 HGDP
HGDP01354 HG03453#1#JAGYVW010000157.1_2105722_2585000_1$NA20129#2#JAHEPD010000155.1_90039_569275_0	0.9241631235567853 HGDP
HGDP01354 HG02818#2#JAHEOR010000010.1_31775319_32183091_1$HG02071.verkko_filt_pat.fa:haplotype2_0000736_102745972_103248026_0	0.9241318665081377 HGDP
HGDP01354 HG00621#1#JAHBCD010000034.1_2122997_2624098_1$HG02622#1#JAHAOO010000002.1_16673678_17080663_0	0.9241313958186596 HGDP
HGDP01354 AV_HG01106#haplotype1#0000048:16666181_17262214$HG01123#2#JAGYYY010000006.1_51579630_51892388_0	0.9241131844710718 HGDP
HGDP01354 HG00621#1#JAHBCD010000034.1_2122997_2624098_1$NA19240#1#JAHEOM010000047.1_30103390_30511199_1	0.9241121902945673 HGDP
HGDP01354 HG03579#1#JAGYVU010000029.1_91404_499180_0$HG04228.verkko_filt_mat.fa:haplotype1_0000023_103429213_103930285_0	0.9241085093827136 HGDP
HGDP01354 NA19240#1#JAHEOM010000047.1_30103390_30511199_1$HG02071.verkko_filt_pat.fa:haplotype2_0000736_102745972_103248026_0	0.9240719583958205 HGDP
HGDP01354 HG00621#1#JAHBCD010000034.1_2122997_2624098_1$HG02717#1#JAHAOS010000015.1_16660311_17067250_0	0.9240703344191603 HGDP
HGDP01354 HG03453#1#JAGYVW010000157.1_2105722_2585000_1$HG02622#2#JAHAON010000012.1_51551779_52031001_0	0.9240603617687425 HGDP
HGDP01354 HG02717#1#JAHAOS010000015.1_16660311_17067250_0$HG04228.verkko_filt_mat.fa:haplotype1_0000023_103429213_103930285_0	0.9240487006643913 HGDP
HGDP01354 HG00621#1#JAHBCD010000034.1_2122997_2624098_1$HG02818#2#JAHEOR010000010.1_31775319_32183091_1	0.9240381384450878 HGDP
HGDP01354 NA20129#2#JAHEPD010000155.1_90039_569275_0$HG01109#2#JAHEOZ010000047.1_16671232_17151375_0	0.9240208024356673 HGDP
HGDP01354 HG02886#2#JAHAOT010000031.1_87393_401061_0$chr1_chm13_103304997_103901127_0	0.9239750366679662 HGDP
HGDP01354 AV_HG01361#haplotype2#0001322:101872897_102186552$chr1_chm13_103304997_103901127_0	0.9239562802904208 HGDP
HGDP01354 HG02622#1#JAHAOO010000002.1_16673678_17080663_0$HG04228.verkko_filt_mat.fa:haplotype1_0000023_103429213_103930285_0	0.9239519374985256 HGDP
HGDP01354 HG03492#1#JAHEPI010000180.1_2103395_2543326_1$HG04228.verkko_filt_mat.fa:haplotype1_0000023_103429213_103930285_0	0.9239439850697038 HGDP
HGDP01354 HG02622#2#JAHAON010000012.1_51551779_52031001_0$HG01109#2#JAHEOZ010000047.1_16671232_17151375_0	0.9239317030922060 HGDP
HGDP01354 HG01358#1#JAGYZB010000020.1_27445742_27855492_1$HG04228.verkko_filt_mat.fa:haplotype1_0000023_103429213_103930285_0	0.9239192519874677 HGDP
HGDP01354 NA19240#1#JAHEOM010000047.1_30103390_30511199_1$HG04228.verkko_filt_mat.fa:haplotype1_0000023_103429213_103930285_0	0.9239065730077827 HGDP
HGDP01354 HG02818#2#JAHEOR010000010.1_31775319_32183091_1$HG04228.verkko_filt_mat.fa:haplotype1_0000023_103429213_103930285_0	0.9238944454505262 HGDP
HGDP01354 HG00621#1#JAHBCD010000034.1_2122997_2624098_1$HG01358#1#JAGYZB010000020.1_27445742_27855492_1	0.9238436495955579 HGDP
HGDP01354 AV_HG01106#haplotype1#0000048:16666181_17262214$HG02293.verkko_filt_mat.fa:haplotype1_0000039_30204405_30517145_1	0.9236975744485175 HGDP
HGDP01354 HG03486#2#JAHEOP010000248.1_2105565_2584784_1$HG01109#2#JAHEOZ010000047.1_16671232_17151375_0	0.9236420318269380 HGDP
HGDP01354 HG02559#1#JAGYVK010000012.1_51505852_51913611_0$HG01099.verkko_filt_pat.fa:haplotype2_0000583_143544270_144046196_1	0.9236057354179543 HGDP
HGDP01354 HG03453#1#JAGYVW010000157.1_2105722_2585000_1$HG03486#2#JAHEOP010000248.1_2105565_2584784_1	0.9235690646061151 HGDP
HGDP01354 HG02723#1#JAHEOU010000204.1_2102082_2414876_1$chr1_chm13_103304997_103901127_0	0.9235606011226349 HGDP
HGDP01354 HG03516#2#JAGYYS010000004.1_24452130_24859892_1$HG01099.verkko_filt_pat.fa:haplotype2_0000583_143544270_144046196_1	0.9234960135673208 HGDP
HGDP01354 HG03579#1#JAGYVU010000029.1_91404_499180_0$HG01099.verkko_filt_pat.fa:haplotype2_0000583_143544270_144046196_1	0.9234656039263672 HGDP
HGDP01354 HG02818#2#JAHEOR010000010.1_31775319_32183091_1$HG01099.verkko_filt_pat.fa:haplotype2_0000583_143544270_144046196_1	0.9234535254328858 HGDP
HGDP01354 NA19240#1#JAHEOM010000047.1_30103390_30511199_1$HG01099.verkko_filt_pat.fa:haplotype2_0000583_143544270_144046196_1	0.9234142843973893 HGDP
HGDP01354 HG02723#2#JAHEOT010000034.1_19776337_20321518_1$HG01258#1#JAGYYV010000004.1_56955948_57456952_1	0.9232959636409600 HGDP
HGDP01354 HG03540#1#JAGYVY010000208.1_95187_596142_0$HG03516#2#JAGYYS010000004.1_24452130_24859892_1	0.9232959099465082 HGDP
HGDP01354 HG01123#2#JAGYYY010000006.1_51579630_51892388_0$chr1_chm13_103304997_103901127_0	0.9232927941806228 HGDP
HGDP01354 HG00438#1#JAHBCB010000015.1_33474867_33954171_0$HG01109#2#JAHEOZ010000047.1_16671232_17151375_0	0.9232900902630931 HGDP
HGDP01354 HG02559#1#JAGYVK010000012.1_51505852_51913611_0$HG03540#1#JAGYVY010000208.1_95187_596142_0	0.9232823716234224 HGDP
HGDP01354 HG03540#1#JAGYVY010000208.1_95187_596142_0$HG03579#1#JAGYVU010000029.1_91404_499180_0	0.9232706514565467 HGDP
HGDP01354 NA20129#2#JAHEPD010000155.1_90039_569275_0$HG02622#2#JAHAON010000012.1_51551779_52031001_0	0.9232638467578204 HGDP
HGDP01354 HG01071#1#JAHBCF010000053.1_26607100_27108065_1$HG02723#2#JAHEOT010000034.1_19776337_20321518_1	0.9232429268159512 HGDP
HGDP01354 HG03540#1#JAGYVY010000208.1_95187_596142_0$NA19240#1#JAHEOM010000047.1_30103390_30511199_1	0.9231475837287657 HGDP
HGDP01354 chr1_chm13_103304997_103901127_0$HG03710.verkko_filt_mat.fa:haplotype1_0000029_102593394_102907063_0	0.9230965504974835 HGDP
HGDP01354 HG03098#2#JAHEPL010000003.1_93803759_94117426_0$chr1_chm13_103304997_103901127_0	0.9230440600851686 HGDP
HGDP01354 HG02818#2#JAHEOR010000010.1_31775319_32183091_1$HG03540#1#JAGYVY010000208.1_95187_596142_0	0.9230278211184475 HGDP
HGDP01354 HG01258#1#JAGYYV010000004.1_56955948_57456952_1$HG02145#1#JAHKSG010000134.1_2102465_2647653_1	0.9229919155621902 HGDP
HGDP01354 HG03453#1#JAGYVW010000157.1_2105722_2585000_1$HG01109#2#JAHEOZ010000047.1_16671232_17151375_0	0.9229396167491675 HGDP
HGDP01354 HG02723#2#JAHEOT010000034.1_19776337_20321518_1$HG03927.verkko_filt_pat.fa:haplotype2_0000800_29002142_29504057_1	0.9228818243952671 HGDP
HGDP01354 HG01071#1#JAHBCF010000053.1_26607100_27108065_1$HG02145#1#JAHKSG010000134.1_2102465_2647653_1	0.9228020172864809 HGDP
HGDP01354 HG02145#1#JAHKSG010000134.1_2102465_2647653_1$HG03927.verkko_filt_pat.fa:haplotype2_0000800_29002142_29504057_1	0.9227078736834620 HGDP
HGDP01354 AV_HG01106#haplotype1#0000048:16666181_17262214$HG00733#1#JAHEPQ010000019.1_46106835_46420495_0	0.9226161007720228 HGDP
HGDP01354 HG00741#1#JAHALY010000007.1_18781197_19307680_1$HG02622#2#JAHAON010000012.1_51551779_52031001_0	0.9226117206676447 HGDP
HGDP01354 HG00741#1#JAHALY010000007.1_18781197_19307680_1$NA20129#2#JAHEPD010000155.1_90039_569275_0	0.9225721281670460 HGDP
HGDP01354 AV_HG01106#haplotype1#0000048:16666181_17262214$HG00438#2#JAHBCA010000012.1_51513023_51826723_0	0.9225548233491337 HGDP
HGDP01354 HG02723#2#JAHEOT010000034.1_19776337_20321518_1$NA18906#2#JAHEON010000009.1_93748295_94249275_0	0.9224805818314716 HGDP
HGDP01354 chr1_chm13_103304997_103901127_0$HG02293.verkko_filt_mat.fa:haplotype1_0000039_30204405_30517145_1	0.9222488845872951 HGDP
HGDP01354 HG02145#1#JAHKSG010000134.1_2102465_2647653_1$NA18906#2#JAHEON010000009.1_93748295_94249275_0	0.9222217641550741 HGDP
HGDP01354 AV_HG01106#haplotype2#0000932:16673968_17175925$HG002.verkko_filt_mat.fa:haplotype1_0000005_138228497_138636354_1	0.9221826635262350 HGDP
HGDP01354 HG00741#1#JAHALY010000007.1_18781197_19307680_1$HG03453#1#JAGYVW010000157.1_2105722_2585000_1	0.9221419956617983 HGDP
HGDP01354 HG00741#1#JAHALY010000007.1_18781197_19307680_1$HG03486#2#JAHEOP010000248.1_2105565_2584784_1	0.9220178581958053 HGDP
HGDP01354 AV_HG01106#haplotype2#0000932:16673968_17175925$HG02071.verkko_filt_mat.fa:haplotype1_0000041_103610513_104018399_0	0.9219965232468345 HGDP
HGDP01354 AV_HG01106#haplotype2#0000932:16673968_17175925$AV_HG01175#haplotype1#0000070:46006269_46414083	0.9219239085481730 HGDP
HGDP01354 AV_HG01106#haplotype2#0000932:16673968_17175925$chr1_hg38_103456064_103863972_0	0.9219236125494327 HGDP
HGDP01354 AV_HG01106#haplotype2#0000932:16673968_17175925$chr1_hg19_103998686_104406594_0	0.9219236125494327 HGDP
HGDP01354 AV_HG01106#haplotype2#0000932:16673968_17175925$HG03453#2#JAGYVV010000088.1_22597550_23005370_1	0.9218946891918881 HGDP
HGDP01354 AV_HG01106#haplotype2#0000932:16673968_17175925$HG00621#2#JAHBCC010000031.1_16669999_17077865_0	0.9218808891590916 HGDP
HGDP01354 AV_HG01106#haplotype2#0000932:16673968_17175925$HG005#2#JAHEPN010000023.1_51542210_51950070_0	0.9218624930128696 HGDP
HGDP01354 AV_HG01106#haplotype2#0000932:16673968_17175925$HG03486#1#JAHEOQ010000123.1_16677696_17085575_0	0.9218194448548594 HGDP
HGDP01354 AV_HG01106#haplotype2#0000932:16673968_17175925$HG01928#1#JAGYVQ010000053.1_16676493_17083407_0	0.9217943001736495 HGDP
HGDP01354 AV_HG01175#haplotype1#0000070:46006269_46414083$HG01978#1#JAGYVS010000002.1_51519970_52021951_0	0.9217493686550760 HGDP
HGDP01354 HG01978#1#JAGYVS010000002.1_51519970_52021951_0$HG03453#2#JAGYVV010000088.1_22597550_23005370_1	0.9217355906513074 HGDP
HGDP01354 AV_HG02148#haplotype2#0002863:16304803_16712699$HG01978#1#JAGYVS010000002.1_51519970_52021951_0	0.9217264544060491 HGDP
HGDP01354 AV_HG01106#haplotype2#0000932:16673968_17175925$HG01978#2#JAGYVR010000007.1_51532241_51939176_0	0.9217244431986973 HGDP
HGDP01354 AV_HG01106#haplotype2#0000932:16673968_17175925$AV_HG02148#haplotype2#0002863:16304803_16712699	0.9216955278488014 HGDP
HGDP01354 HG01978#1#JAGYVS010000002.1_51519970_52021951_0$HG002.verkko_filt_mat.fa:haplotype1_0000005_138228497_138636354_1	0.9216942480226413 HGDP
HGDP01354 HG01978#1#JAGYVS010000002.1_51519970_52021951_0$HG02071.verkko_filt_mat.fa:haplotype1_0000041_103610513_104018399_0	0.9216728089675372 HGDP
HGDP01354 AV_HG01106#haplotype2#0000932:16673968_17175925$HG02004.verkko_filt_mat.fa:haplotype1_0000022_97828542_98235483_0	0.9216526170937498 HGDP
HGDP01354 chr1_hg19_103998686_104406594_0$HG01978#1#JAGYVS010000002.1_51519970_52021951_0	0.9215896235488620 HGDP
HGDP01354 HG01978#1#JAGYVS010000002.1_51519970_52021951_0$chr1_hg38_103456064_103863972_0	0.9215896235488620 HGDP
HGDP01354 HG00621#2#JAHBCC010000031.1_16669999_17077865_0$HG01978#1#JAGYVS010000002.1_51519970_52021951_0	0.9215521387355545 HGDP
HGDP01354 HG02723#2#JAHEOT010000034.1_19776337_20321518_1$HG02486#1#JAGYVM010000007.1_28868414_29370339_1	0.9215450093670248 HGDP
HGDP01354 HG02723#2#JAHEOT010000034.1_19776337_20321518_1$HG01099.verkko_filt_pat.fa:haplotype2_0000583_143544270_144046196_1	0.9215336891749522 HGDP
HGDP01354 AV_HG01106#haplotype2#0000932:16673968_17175925$HG02300.verkko_filt_pat.fa:haplotype2_0000620_143362344_143769323_1	0.9214623642387111 HGDP
HGDP01354 HG01978#1#JAGYVS010000002.1_51519970_52021951_0$HG02300.verkko_filt_pat.fa:haplotype2_0000620_143362344_143769323_1	0.9214472110685039 HGDP
HGDP01354 AV_HG01175#haplotype1#0000070:46006269_46414083$HG02080#2#JAHEOV010000017.1_16662177_17164189_0	0.9214388126591291 HGDP
HGDP01354 AV_HG00673#haplotype1#0000019:16627360_17129375$AV_HG01175#haplotype1#0000070:46006269_46414083	0.9214375377958024 HGDP
HGDP01354 HG02145#1#JAHKSG010000134.1_2102465_2647653_1$HG01099.verkko_filt_pat.fa:haplotype2_0000583_143544270_144046196_1	0.9213775993417396 HGDP
HGDP01354 HG03486#1#JAHEOQ010000123.1_16677696_17085575_0$HG01978#1#JAGYVS010000002.1_51519970_52021951_0	0.9213726492059442 HGDP
HGDP01354 HG02723#2#JAHEOT010000034.1_19776337_20321518_1$HG03540#1#JAGYVY010000208.1_95187_596142_0	0.9213702817589355 HGDP
HGDP01354 HG02080#2#JAHEOV010000017.1_16662177_17164189_0$HG03453#2#JAGYVV010000088.1_22597550_23005370_1	0.9213543532560792 HGDP
HGDP01354 AV_HG00673#haplotype1#0000019:16627360_17129375$AV_HG02148#haplotype2#0002863:16304803_16712699	0.9213539308832526 HGDP
HGDP01354 AV_HG02148#haplotype2#0002863:16304803_16712699$HG02080#2#JAHEOV010000017.1_16662177_17164189_0	0.9213345331904655 HGDP
HGDP01354 AV_HG00673#haplotype1#0000019:16627360_17129375$HG002.verkko_filt_mat.fa:haplotype1_0000005_138228497_138636354_1	0.9213310405909889 HGDP
HGDP01354 AV_HG00673#haplotype1#0000019:16627360_17129375$HG03453#2#JAGYVV010000088.1_22597550_23005370_1	0.9213277981562696 HGDP
HGDP01354 AV_HG00673#haplotype1#0000019:16627360_17129375$HG00621#2#JAHBCC010000031.1_16669999_17077865_0	0.9213075705973415 HGDP
HGDP01354 HG00621#2#JAHBCC010000031.1_16669999_17077865_0$HG02080#2#JAHEOV010000017.1_16662177_17164189_0	0.9212985034594138 HGDP
HGDP01354 HG02080#2#JAHEOV010000017.1_16662177_17164189_0$HG002.verkko_filt_mat.fa:haplotype1_0000005_138228497_138636354_1	0.9212912928109621 HGDP
HGDP01354 HG01928#1#JAGYVQ010000053.1_16676493_17083407_0$HG01978#1#JAGYVS010000002.1_51519970_52021951_0	0.9212705647622658 HGDP
HGDP01354 AV_HG01106#haplotype2#0000932:16673968_17175925$HG02723#2#JAHEOT010000034.1_19776337_20321518_1	0.9212701251258781 HGDP
HGDP01354 AV_HG00673#haplotype1#0000019:16627360_17129375$HG02071.verkko_filt_mat.fa:haplotype1_0000041_103610513_104018399_0	0.9212584981004157 HGDP
HGDP01354 AV_HG01175#haplotype1#0000070:46006269_46414083$HG02293.verkko_filt_pat.fa:haplotype2_0000836_148310532_148812524_1	0.9212389867349852 HGDP
HGDP01354 HG01978#1#JAGYVS010000002.1_51519970_52021951_0$HG005#2#JAHEPN010000023.1_51542210_51950070_0	0.9212361700732191 HGDP
HGDP01354 AV_HG02148#haplotype2#0002863:16304803_16712699$HG02293.verkko_filt_pat.fa:haplotype2_0000836_148310532_148812524_1	0.9212016363950395 HGDP
HGDP01354 HG02080#2#JAHEOV010000017.1_16662177_17164189_0$HG02071.verkko_filt_mat.fa:haplotype1_0000041_103610513_104018399_0	0.9211777077819693 HGDP
HGDP01354 HG01978#1#JAGYVS010000002.1_51519970_52021951_0$HG02004.verkko_filt_mat.fa:haplotype1_0000022_97828542_98235483_0	0.9211751798057142 HGDP
HGDP01354 HG01978#1#JAGYVS010000002.1_51519970_52021951_0$HG01978#2#JAGYVR010000007.1_51532241_51939176_0	0.9211593582991888 HGDP
HGDP01354 AV_HG00673#haplotype1#0000019:16627360_17129375$HG02300.verkko_filt_pat.fa:haplotype2_0000620_143362344_143769323_1	0.9211400807454422 HGDP
HGDP01354 HG02145#1#JAHKSG010000134.1_2102465_2647653_1$HG02486#1#JAGYVM010000007.1_28868414_29370339_1	0.9211322481386441 HGDP
HGDP01354 HG02145#1#JAHKSG010000134.1_2102465_2647653_1$HG03540#1#JAGYVY010000208.1_95187_596142_0	0.9211234084582866 HGDP
HGDP01354 HG02080#2#JAHEOV010000017.1_16662177_17164189_0$HG02300.verkko_filt_pat.fa:haplotype2_0000620_143362344_143769323_1	0.9211209041047514 HGDP
HGDP01354 HG02071.verkko_filt_mat.fa:haplotype1_0000041_103610513_104018399_0$HG02293.verkko_filt_pat.fa:haplotype2_0000836_148310532_148812524_1	0.9210958313491231 HGDP
HGDP01354 AV_HG01106#haplotype2#0000932:16673968_17175925$HG02145#1#JAHKSG010000134.1_2102465_2647653_1	0.9210840202149188 HGDP
HGDP01354 HG00741#1#JAHALY010000007.1_18781197_19307680_1$HG00438#1#JAHBCB010000015.1_33474867_33954171_0	0.9210598920655437 HGDP
HGDP01354 AV_HG00673#haplotype1#0000019:16627360_17129375$chr1_hg38_103456064_103863972_0	0.9210373218923976 HGDP
HGDP01354 AV_HG00673#haplotype1#0000019:16627360_17129375$chr1_hg19_103998686_104406594_0	0.9210373218923976 HGDP
HGDP01354 chr1_hg19_103998686_104406594_0$HG02080#2#JAHEOV010000017.1_16662177_17164189_0	0.9210332411458715 HGDP
HGDP01354 HG02080#2#JAHEOV010000017.1_16662177_17164189_0$chr1_hg38_103456064_103863972_0	0.9210332411458715 HGDP
HGDP01354 AV_HG01175#haplotype1#0000070:46006269_46414083$HG02071.verkko_filt_pat.fa:haplotype2_0000736_102745972_103248026_0	0.9210236818372786 HGDP
HGDP01354 chr1_chm13_103304997_103901127_0$HG00733#1#JAHEPQ010000019.1_46106835_46420495_0	0.9210210644841781 HGDP
HGDP01354 HG00621#2#JAHBCC010000031.1_16669999_17077865_0$HG02293.verkko_filt_pat.fa:haplotype2_0000836_148310532_148812524_1	0.9210068282832847 HGDP
HGDP01354 HG00621#2#JAHBCC010000031.1_16669999_17077865_0$HG00621#1#JAHBCD010000034.1_2122997_2624098_1	0.9210048393879438 HGDP
HGDP01354 HG03453#2#JAGYVV010000088.1_22597550_23005370_1$HG02293.verkko_filt_pat.fa:haplotype2_0000836_148310532_148812524_1	0.9210019418073487 HGDP
HGDP01354 AV_HG01175#haplotype1#0000070:46006269_46414083$HG00621#1#JAHBCD010000034.1_2122997_2624098_1	0.9209914197024931 HGDP
HGDP01354 HG002.verkko_filt_mat.fa:haplotype1_0000005_138228497_138636354_1$HG02293.verkko_filt_pat.fa:haplotype2_0000836_148310532_148812524_1	0.9209534298652100 HGDP
HGDP01354 HG02723#2#JAHEOT010000034.1_19776337_20321518_1$HG01978#1#JAGYVS010000002.1_51519970_52021951_0	0.9209532065683976 HGDP
HGDP01354 HG002.verkko_filt_mat.fa:haplotype1_0000005_138228497_138636354_1$HG02071.verkko_filt_pat.fa:haplotype2_0000736_102745972_103248026_0	0.9209529650233402 HGDP
HGDP01354 HG00621#1#JAHBCD010000034.1_2122997_2624098_1$HG002.verkko_filt_mat.fa:haplotype1_0000005_138228497_138636354_1	0.9209514731823142 HGDP
HGDP01354 AV_HG01175#haplotype1#0000070:46006269_46414083$HG04228.verkko_filt_mat.fa:haplotype1_0000023_103429213_103930285_0	0.9209493422671792 HGDP
HGDP01354 HG04228.verkko_filt_mat.fa:haplotype1_0000023_103429213_103930285_0$HG002.verkko_filt_mat.fa:haplotype1_0000005_138228497_138636354_1	0.9209451185409111 HGDP
HGDP01354 HG00621#2#JAHBCC010000031.1_16669999_17077865_0$HG04228.verkko_filt_mat.fa:haplotype1_0000023_103429213_103930285_0	0.9209269216622562 HGDP
HGDP01354 HG03453#2#JAGYVV010000088.1_22597550_23005370_1$HG02071.verkko_filt_pat.fa:haplotype2_0000736_102745972_103248026_0	0.9209251695378541 HGDP
HGDP01354 HG00621#1#JAHBCD010000034.1_2122997_2624098_1$HG03453#2#JAGYVV010000088.1_22597550_23005370_1	0.9209227355468654 HGDP
HGDP01354 AV_HG02148#haplotype2#0002863:16304803_16712699$HG02071.verkko_filt_pat.fa:haplotype2_0000736_102745972_103248026_0	0.9209202651512550 HGDP
HGDP01354 chr1_hg38_103456064_103863972_0$HG02293.verkko_filt_pat.fa:haplotype2_0000836_148310532_148812524_1	0.9209157118211490 HGDP
HGDP01354 chr1_hg19_103998686_104406594_0$HG02293.verkko_filt_pat.fa:haplotype2_0000836_148310532_148812524_1	0.9209157118211490 HGDP
HGDP01354 HG02071.verkko_filt_mat.fa:haplotype1_0000041_103610513_104018399_0$HG02071.verkko_filt_pat.fa:haplotype2_0000736_102745972_103248026_0	0.9209061439670658 HGDP
HGDP01354 HG00621#1#JAHBCD010000034.1_2122997_2624098_1$HG02071.verkko_filt_mat.fa:haplotype1_0000041_103610513_104018399_0	0.9208891612383849 HGDP
HGDP01354 HG00621#2#JAHBCC010000031.1_16669999_17077865_0$HG02071.verkko_filt_pat.fa:haplotype2_0000736_102745972_103248026_0	0.9208786565960806 HGDP
HGDP01354 AV_HG00673#haplotype1#0000019:16627360_17129375$HG03486#1#JAHEOQ010000123.1_16677696_17085575_0	0.9208783986591674 HGDP
HGDP01354 AV_HG02148#haplotype2#0002863:16304803_16712699$HG00621#1#JAHBCD010000034.1_2122997_2624098_1	0.9208771893914329 HGDP
HGDP01354 HG03486#1#JAHEOQ010000123.1_16677696_17085575_0$HG02080#2#JAHEOV010000017.1_16662177_17164189_0	0.9208587243985905 HGDP
HGDP01354 HG00438#2#JAHBCA010000012.1_51513023_51826723_0$chr1_chm13_103304997_103901127_0	0.9208395372215042 HGDP
HGDP01354 HG02300.verkko_filt_pat.fa:haplotype2_0000620_143362344_143769323_1$HG02293.verkko_filt_pat.fa:haplotype2_0000836_148310532_148812524_1	0.9208082656645303 HGDP
HGDP01354 HG04228.verkko_filt_mat.fa:haplotype1_0000023_103429213_103930285_0$HG02071.verkko_filt_mat.fa:haplotype1_0000041_103610513_104018399_0	0.9207959841321033 HGDP
HGDP01354 HG01978#1#JAGYVS010000002.1_51519970_52021951_0$HG02145#1#JAHKSG010000134.1_2102465_2647653_1	0.9207877212332106 HGDP
HGDP01354 HG02300.verkko_filt_pat.fa:haplotype2_0000620_143362344_143769323_1$HG02071.verkko_filt_pat.fa:haplotype2_0000736_102745972_103248026_0	0.9207821186973865 HGDP
HGDP01354 chr1_hg38_103456064_103863972_0$HG04228.verkko_filt_mat.fa:haplotype1_0000023_103429213_103930285_0	0.9207795490261524 HGDP
HGDP01354 chr1_hg19_103998686_104406594_0$HG04228.verkko_filt_mat.fa:haplotype1_0000023_103429213_103930285_0	0.9207795490261524 HGDP
HGDP01354 AV_HG02148#haplotype2#0002863:16304803_16712699$HG04228.verkko_filt_mat.fa:haplotype1_0000023_103429213_103930285_0	0.9207742631238883 HGDP
HGDP01354 HG03453#2#JAGYVV010000088.1_22597550_23005370_1$HG04228.verkko_filt_mat.fa:haplotype1_0000023_103429213_103930285_0	0.9207383033686226 HGDP
HGDP01354 HG02559#2#JAGYVJ010000037.1_52167780_52574597_1$HG03540#2#JAGYVX010000148.1_1368955_1877115_0	0.9206877512209217 HGDP
HGDP01354 HG01928#1#JAGYVQ010000053.1_16676493_17083407_0$HG02080#2#JAHEOV010000017.1_16662177_17164189_0	0.9206702239778950 HGDP
HGDP01354 chr1_hg38_103456064_103863972_0$HG02071.verkko_filt_pat.fa:haplotype2_0000736_102745972_103248026_0	0.9206445177814810 HGDP
HGDP01354 chr1_hg19_103998686_104406594_0$HG02071.verkko_filt_pat.fa:haplotype2_0000736_102745972_103248026_0	0.9206445177814810 HGDP
HGDP01354 AV_HG00673#haplotype1#0000019:16627360_17129375$HG01928#1#JAGYVQ010000053.1_16676493_17083407_0	0.9206389815572428 HGDP
HGDP01354 HG02080#2#JAHEOV010000017.1_16662177_17164189_0$HG01978#2#JAGYVR010000007.1_51532241_51939176_0	0.9206147605196673 HGDP
HGDP01354 AV_HG00673#haplotype1#0000019:16627360_17129375$HG01978#2#JAGYVR010000007.1_51532241_51939176_0	0.9206140398730870 HGDP
HGDP01354 HG00621#1#JAHBCD010000034.1_2122997_2624098_1$chr1_hg38_103456064_103863972_0	0.9206116278182734 HGDP
HGDP01354 HG00621#1#JAHBCD010000034.1_2122997_2624098_1$chr1_hg19_103998686_104406594_0	0.9206116278182734 HGDP
HGDP01354 HG02080#2#JAHEOV010000017.1_16662177_17164189_0$HG02004.verkko_filt_mat.fa:haplotype1_0000022_97828542_98235483_0	0.9205700219489711 HGDP
HGDP01354 HG00621#1#JAHBCD010000034.1_2122997_2624098_1$HG03486#1#JAHEOQ010000123.1_16677696_17085575_0	0.9205499022392835 HGDP
HGDP01354 AV_HG00673#haplotype1#0000019:16627360_17129375$HG005#2#JAHEPN010000023.1_51542210_51950070_0	0.9205489778125624 HGDP
HGDP01354 HG02080#2#JAHEOV010000017.1_16662177_17164189_0$HG005#2#JAHEPN010000023.1_51542210_51950070_0	0.9205443179864754 HGDP
HGDP01354 HG00621#1#JAHBCD010000034.1_2122997_2624098_1$HG02300.verkko_filt_pat.fa:haplotype2_0000620_143362344_143769323_1	0.9205349370954106 HGDP
HGDP01354 HG005#2#JAHEPN010000023.1_51542210_51950070_0$HG02293.verkko_filt_pat.fa:haplotype2_0000836_148310532_148812524_1	0.9205299048497453 HGDP
HGDP01354 AV_HG00673#haplotype1#0000019:16627360_17129375$HG02004.verkko_filt_mat.fa:haplotype1_0000022_97828542_98235483_0	0.9204877982575067 HGDP
HGDP01354 HG02080#2#JAHEOV010000017.1_16662177_17164189_0$HG02723#2#JAHEOT010000034.1_19776337_20321518_1	0.9204850095436645 HGDP
HGDP01354 HG00741#1#JAHALY010000007.1_18781197_19307680_1$HG01109#2#JAHEOZ010000047.1_16671232_17151375_0	0.9204849871010260 HGDP
HGDP01354 HG03486#1#JAHEOQ010000123.1_16677696_17085575_0$HG04228.verkko_filt_mat.fa:haplotype1_0000023_103429213_103930285_0	0.9204728973915823 HGDP
HGDP01354 AV_HG00673#haplotype1#0000019:16627360_17129375$HG02723#2#JAHEOT010000034.1_19776337_20321518_1	0.9204678553108069 HGDP
HGDP01354 HG03486#1#JAHEOQ010000123.1_16677696_17085575_0$HG02071.verkko_filt_pat.fa:haplotype2_0000736_102745972_103248026_0	0.9204659728066767 HGDP
HGDP01354 HG04228.verkko_filt_mat.fa:haplotype1_0000023_103429213_103930285_0$HG02300.verkko_filt_pat.fa:haplotype2_0000620_143362344_143769323_1	0.9204520626673850 HGDP
HGDP01354 HG01978#2#JAGYVR010000007.1_51532241_51939176_0$HG02293.verkko_filt_pat.fa:haplotype2_0000836_148310532_148812524_1	0.9204364995279443 HGDP
HGDP01354 HG03486#1#JAHEOQ010000123.1_16677696_17085575_0$HG02293.verkko_filt_pat.fa:haplotype2_0000836_148310532_148812524_1	0.9204200471621781 HGDP
HGDP01354 HG005#2#JAHEPN010000023.1_51542210_51950070_0$HG04228.verkko_filt_mat.fa:haplotype1_0000023_103429213_103930285_0	0.9204041617825286 HGDP
HGDP01354 HG01928#1#JAGYVQ010000053.1_16676493_17083407_0$HG02293.verkko_filt_pat.fa:haplotype2_0000836_148310532_148812524_1	0.9203748952047469 HGDP
HGDP01354 HG02723#2#JAHEOT010000034.1_19776337_20321518_1$HG04228.verkko_filt_mat.fa:haplotype1_0000023_103429213_103930285_0	0.9203478334319709 HGDP
HGDP01354 HG005#2#JAHEPN010000023.1_51542210_51950070_0$HG02071.verkko_filt_pat.fa:haplotype2_0000736_102745972_103248026_0	0.9203260444601704 HGDP
HGDP01354 HG02004.verkko_filt_mat.fa:haplotype1_0000022_97828542_98235483_0$HG02293.verkko_filt_pat.fa:haplotype2_0000836_148310532_148812524_1	0.9203258550236250 HGDP
HGDP01354 HG02723#2#JAHEOT010000034.1_19776337_20321518_1$HG02293.verkko_filt_pat.fa:haplotype2_0000836_148310532_148812524_1	0.9203104191484816 HGDP
HGDP01354 HG03540#2#JAGYVX010000148.1_1368955_1877115_0$HG02717#2#JAHAOR010000006.1_19663827_20070693_1	0.9202315216691743 HGDP
HGDP01354 HG00621#1#JAHBCD010000034.1_2122997_2624098_1$HG005#2#JAHEPN010000023.1_51542210_51950070_0	0.9202152570658740 HGDP
HGDP01354 HG01123#1#JAGYYZ010000015.1_51528240_51935090_0$HG03540#2#JAGYVX010000148.1_1368955_1877115_0	0.9201904039728113 HGDP
HGDP01354 HG01978#2#JAGYVR010000007.1_51532241_51939176_0$HG02071.verkko_filt_pat.fa:haplotype2_0000736_102745972_103248026_0	0.9201558388857582 HGDP
HGDP01354 HG02723#2#JAHEOT010000034.1_19776337_20321518_1$HG02071.verkko_filt_pat.fa:haplotype2_0000736_102745972_103248026_0	0.9201447033977935 HGDP
HGDP01354 HG02080#2#JAHEOV010000017.1_16662177_17164189_0$HG02145#1#JAHKSG010000134.1_2102465_2647653_1	0.9201180892296306 HGDP
HGDP01354 HG00621#1#JAHBCD010000034.1_2122997_2624098_1$HG02723#2#JAHEOT010000034.1_19776337_20321518_1	0.9201160323421882 HGDP
HGDP01354 AV_HG00673#haplotype1#0000019:16627360_17129375$HG02145#1#JAHKSG010000134.1_2102465_2647653_1	0.9200782240890867 HGDP
HGDP01354 HG005#1#JAHEPO010000002.1_51519219_51926067_0$HG03540#2#JAGYVX010000148.1_1368955_1877115_0	0.9200700440658357 HGDP
HGDP01354 HG01928#1#JAGYVQ010000053.1_16676493_17083407_0$HG02071.verkko_filt_pat.fa:haplotype2_0000736_102745972_103248026_0	0.9200641867955901 HGDP
HGDP01354 HG02145#1#JAHKSG010000134.1_2102465_2647653_1$HG02293.verkko_filt_pat.fa:haplotype2_0000836_148310532_148812524_1	0.9200085651692111 HGDP
HGDP01354 HG02004.verkko_filt_mat.fa:haplotype1_0000022_97828542_98235483_0$HG02071.verkko_filt_pat.fa:haplotype2_0000736_102745972_103248026_0	0.9199693674814498 HGDP
HGDP01354 HG01978#2#JAGYVR010000007.1_51532241_51939176_0$HG04228.verkko_filt_mat.fa:haplotype1_0000023_103429213_103930285_0	0.9199636833504430 HGDP
HGDP01354 HG01928#1#JAGYVQ010000053.1_16676493_17083407_0$HG04228.verkko_filt_mat.fa:haplotype1_0000023_103429213_103930285_0	0.9199433130673228 HGDP
HGDP01354 HG03540#2#JAGYVX010000148.1_1368955_1877115_0$HG01258#2#JAGYYU010000072.1_51562603_51970395_0	0.9199149179121019 HGDP
HGDP01354 HG04228.verkko_filt_mat.fa:haplotype1_0000023_103429213_103930285_0$HG02004.verkko_filt_mat.fa:haplotype1_0000022_97828542_98235483_0	0.9198535465704051 HGDP
HGDP01354 HG00621#1#JAHBCD010000034.1_2122997_2624098_1$HG01928#1#JAGYVQ010000053.1_16676493_17083407_0	0.9198407435180890 HGDP
HGDP01354 HG00621#1#JAHBCD010000034.1_2122997_2624098_1$HG02145#1#JAHKSG010000134.1_2102465_2647653_1	0.9198331080675933 HGDP
HGDP01354 HG02145#1#JAHKSG010000134.1_2102465_2647653_1$HG04228.verkko_filt_mat.fa:haplotype1_0000023_103429213_103930285_0	0.9198327822068048 HGDP
HGDP01354 HG02145#1#JAHKSG010000134.1_2102465_2647653_1$HG02071.verkko_filt_pat.fa:haplotype2_0000736_102745972_103248026_0	0.9197932158379475 HGDP
HGDP01354 HG00621#1#JAHBCD010000034.1_2122997_2624098_1$HG01978#2#JAGYVR010000007.1_51532241_51939176_0	0.9197541533824833 HGDP
HGDP01354 HG03540#2#JAGYVX010000148.1_1368955_1877115_0$HG00741#2#JAHALX010000013.1_51574319_51981226_0	0.9196452243749080 HGDP
HGDP01354 HG00621#1#JAHBCD010000034.1_2122997_2624098_1$HG02004.verkko_filt_mat.fa:haplotype1_0000022_97828542_98235483_0	0.9196285163212904 HGDP
HGDP01354 HG03540#2#JAGYVX010000148.1_1368955_1877115_0$HG02809.verkko_filt_pat.fa:haplotype2_0001251_103421111_103827972_0	0.9193674321513740 HGDP
HGDP01354 HG01109#1#JAHEPA010000099.1_2104245_2511104_1$HG03540#2#JAGYVX010000148.1_1368955_1877115_0	0.9192187232386114 HGDP
HGDP01354 HG02080#1#JAHEOW010000048.1_16689583_17097287_0$HG03540#2#JAGYVX010000148.1_1368955_1877115_0	0.9189766660717886 HGDP
HGDP01354 HG03540#2#JAGYVX010000148.1_1368955_1877115_0$HG02486#2#JAGYVL010000029.1_94163344_94570162_0	0.9189262302016449 HGDP
HGDP01354 HG02109#1#JAHEPG010000026.1_16673035_17080816_0$HG03540#2#JAGYVX010000148.1_1368955_1877115_0	0.9189250709420405 HGDP
HGDP01354 HG02630#1#JAHAOQ010000102.1_16672145_17079089_0$HG03540#2#JAGYVX010000148.1_1368955_1877115_0	0.9188972959570032 HGDP
HGDP01354 HG02145#2#JAHKSF010000206.1_1005292_1413195_1$HG03540#2#JAGYVX010000148.1_1368955_1877115_0	0.9188846757263374 HGDP
HGDP01354 HG02886#1#JAHAOU010000178.1_62411_469262_0$HG03540#2#JAGYVX010000148.1_1368955_1877115_0	0.9188627096024257 HGDP
HGDP01354 HG03540#2#JAGYVX010000148.1_1368955_1877115_0$HG02300.verkko_filt_mat.fa:haplotype1_0000028_144052837_144460586_1	0.9188462371792898 HGDP
HGDP01354 HG03540#2#JAGYVX010000148.1_1368955_1877115_0$HG01099.verkko_filt_mat.fa:haplotype1_0000034_142513097_142920876_1	0.9187081457973113 HGDP
HGDP01354 HG03540#2#JAGYVX010000148.1_1368955_1877115_0$NA19240#2#JAHEOL010000010.1_37445323_37853017_0	0.9186937430100776 HGDP
HGDP01354 HG03540#2#JAGYVX010000148.1_1368955_1877115_0$NA18906#1#JAHEOO010000054.1_2103477_2510435_1	0.9186435627803886 HGDP
HGDP01354 HG03540#2#JAGYVX010000148.1_1368955_1877115_0$HG02818#1#JAHEOS010000101.1_89626_496613_0	0.9186136377957351 HGDP
HGDP01354 AV_HG01361#haplotype1#0000023:101593539_102001341$HG03540#2#JAGYVX010000148.1_1368955_1877115_0	0.9185806087659276 HGDP
HGDP01354 AV_HG02257#haplotype2#0001152:102843493_103251377$HG03540#2#JAGYVX010000148.1_1368955_1877115_0	0.9185272986185046 HGDP
HGDP01354 AV_HG00673#haplotype2#0001165:24014011_24421797$HG03540#2#JAGYVX010000148.1_1368955_1877115_0	0.9184759110532823 HGDP
HGDP01354 HG03540#2#JAGYVX010000148.1_1368955_1877115_0$HG03516#1#JAGYYT010000012.1_24170958_24578778_1	0.9183533472970788 HGDP
HGDP01354 HG02717#1#JAHAOS010000015.1_16660311_17067250_0$HG03540#2#JAGYVX010000148.1_1368955_1877115_0	0.9182889294530381 HGDP
HGDP01354 HG02622#1#JAHAOO010000002.1_16673678_17080663_0$HG03540#2#JAGYVX010000148.1_1368955_1877115_0	0.9182334659887237 HGDP
HGDP01354 HG02630#2#JAHAOP010000089.1_16669255_17076135_0$HG03540#2#JAGYVX010000148.1_1368955_1877115_0	0.9179275479763382 HGDP
HGDP01354 HG03579#2#JAGYVT010000094.1_51581892_51895531_0$HG02004.verkko_filt_pat.fa:haplotype2_0000813_139386576_140076845_1	0.9178782894593519 HGDP
HGDP01354 HG02004.verkko_filt_pat.fa:haplotype2_0000813_139386576_140076845_1$HG02647.verkko_filt_pat.fa:haplotype2_0000857_103738150_104051769_0	0.9178479324201846 HGDP
HGDP01354 HG03540#2#JAGYVX010000148.1_1368955_1877115_0$HG03927.verkko_filt_mat.fa:haplotype1_0000009_134765170_135173010_1	0.9177414532520750 HGDP
HGDP01354 HG02109#2#JAHEPF010000078.1_16678387_16991144_0$HG02004.verkko_filt_pat.fa:haplotype2_0000813_139386576_140076845_1	0.9175743888076645 HGDP
HGDP01354 HG01891#1#JAGYVO010000014.1_22855818_23168577_1$HG02004.verkko_filt_pat.fa:haplotype2_0000813_139386576_140076845_1	0.9174830233535127 HGDP
HGDP01354 HG03540#2#JAGYVX010000148.1_1368955_1877115_0$HG03516#2#JAGYYS010000004.1_24452130_24859892_1	0.9170217749066218 HGDP
HGDP01354 HG02559#1#JAGYVK010000012.1_51505852_51913611_0$HG03540#2#JAGYVX010000148.1_1368955_1877115_0	0.9169693616612070 HGDP
HGDP01354 HG03492#1#JAHEPI010000180.1_2103395_2543326_1$HG03540#2#JAGYVX010000148.1_1368955_1877115_0	0.9168334040254784 HGDP
HGDP01354 HG02818#2#JAHEOR010000010.1_31775319_32183091_1$HG03540#2#JAGYVX010000148.1_1368955_1877115_0	0.9168107035669663 HGDP
HGDP01354 HG03540#2#JAGYVX010000148.1_1368955_1877115_0$HG03579#1#JAGYVU010000029.1_91404_499180_0	0.9168006814436097 HGDP
HGDP01354 HG04228.verkko_filt_pat.fa:haplotype2_0000600_103806749_104119491_0$HG02004.verkko_filt_pat.fa:haplotype2_0000813_139386576_140076845_1	0.9167437093768657 HGDP
HGDP01354 HG03540#2#JAGYVX010000148.1_1368955_1877115_0$NA19240#1#JAHEOM010000047.1_30103390_30511199_1	0.9167132255979239 HGDP
HGDP01354 AV_HG01175#haplotype1#0000070:46006269_46414083$HG03540#2#JAGYVX010000148.1_1368955_1877115_0	0.9166376878661765 HGDP
HGDP01354 HG03540#2#JAGYVX010000148.1_1368955_1877115_0$HG002.verkko_filt_mat.fa:haplotype1_0000005_138228497_138636354_1	0.9166207340325159 HGDP
HGDP01354 AV_HG02148#haplotype2#0002863:16304803_16712699$HG03540#2#JAGYVX010000148.1_1368955_1877115_0	0.9165868155353865 HGDP
HGDP01354 HG03540#2#JAGYVX010000148.1_1368955_1877115_0$HG02071.verkko_filt_mat.fa:haplotype1_0000041_103610513_104018399_0	0.9165754065999977 HGDP
HGDP01354 chr1_hg38_103456064_103863972_0$HG03540#2#JAGYVX010000148.1_1368955_1877115_0	0.9165386360431862 HGDP
HGDP01354 chr1_hg19_103998686_104406594_0$HG03540#2#JAGYVX010000148.1_1368955_1877115_0	0.9165386360431862 HGDP
HGDP01354 HG03453#2#JAGYVV010000088.1_22597550_23005370_1$HG03540#2#JAGYVX010000148.1_1368955_1877115_0	0.9163975563119447 HGDP
HGDP01354 AV_HG01106#haplotype1#0000048:16666181_17262214$HG02647.verkko_filt_mat.fa:haplotype1_0000002_103892584_104321036_0	0.9163682272337654 HGDP
HGDP01354 HG00621#2#JAHBCC010000031.1_16669999_17077865_0$HG03540#2#JAGYVX010000148.1_1368955_1877115_0	0.9163128747724920 HGDP
HGDP01354 HG03540#2#JAGYVX010000148.1_1368955_1877115_0$HG01978#2#JAGYVR010000007.1_51532241_51939176_0	0.9162709760928017 HGDP
HGDP01354 HG03540#2#JAGYVX010000148.1_1368955_1877115_0$HG005#2#JAHEPN010000023.1_51542210_51950070_0	0.9162418786948824 HGDP
HGDP01354 HG02886#2#JAHAOT010000031.1_87393_401061_0$HG02004.verkko_filt_pat.fa:haplotype2_0000813_139386576_140076845_1	0.9162412541369405 HGDP
HGDP01354 AV_HG01106#haplotype1#0000048:16666181_17262214$HG02055#2#JAHEPJ010000017.1_24870122_25298560_1	0.9161521623152210 HGDP
HGDP01354 HG01928#1#JAGYVQ010000053.1_16676493_17083407_0$HG03540#2#JAGYVX010000148.1_1368955_1877115_0	0.9161337515303668 HGDP
HGDP01354 HG03486#1#JAHEOQ010000123.1_16677696_17085575_0$HG03540#2#JAGYVX010000148.1_1368955_1877115_0	0.9161321407583879 HGDP
HGDP01354 HG03540#2#JAGYVX010000148.1_1368955_1877115_0$HG02300.verkko_filt_pat.fa:haplotype2_0000620_143362344_143769323_1	0.9161124811872553 HGDP
HGDP01354 HG03540#2#JAGYVX010000148.1_1368955_1877115_0$HG02004.verkko_filt_mat.fa:haplotype1_0000022_97828542_98235483_0	0.9161003460304381 HGDP
HGDP01354 AV_HG01106#haplotype1#0000048:16666181_17262214$HG02809.verkko_filt_mat.fa:haplotype1_0000023_94161320_94589755_0	0.9160921317661543 HGDP
HGDP01354 AV_HG01361#haplotype2#0001322:101872897_102186552$HG02004.verkko_filt_pat.fa:haplotype2_0000813_139386576_140076845_1	0.9159765584036497 HGDP
HGDP01354 AV_HG01106#haplotype1#0000048:16666181_17262214$HG03098#1#JAHEPM010000059.1_16676208_17105596_0	0.9157965578230922 HGDP
HGDP01354 HG02723#1#JAHEOU010000204.1_2102082_2414876_1$HG02004.verkko_filt_pat.fa:haplotype2_0000813_139386576_140076845_1	0.9157506242508339 HGDP
HGDP01354 HG01123#2#JAGYYY010000006.1_51579630_51892388_0$HG02004.verkko_filt_pat.fa:haplotype2_0000813_139386576_140076845_1	0.9155737715260800 HGDP
HGDP01354 chr1_chm13_103304997_103901127_0$HG02647.verkko_filt_mat.fa:haplotype1_0000002_103892584_104321036_0	0.9155562800037539 HGDP
HGDP01354 HG02055#2#JAHEPJ010000017.1_24870122_25298560_1$chr1_chm13_103304997_103901127_0	0.9154369401988186 HGDP
HGDP01354 chr1_chm13_103304997_103901127_0$HG02809.verkko_filt_mat.fa:haplotype1_0000023_94161320_94589755_0	0.9153237849531256 HGDP
HGDP01354 HG03098#2#JAHEPL010000003.1_93803759_94117426_0$HG02004.verkko_filt_pat.fa:haplotype2_0000813_139386576_140076845_1	0.9152584571810248 HGDP
HGDP01354 HG02004.verkko_filt_pat.fa:haplotype2_0000813_139386576_140076845_1$HG03710.verkko_filt_mat.fa:haplotype1_0000029_102593394_102907063_0	0.9150478026934979 HGDP
HGDP01354 HG02622#2#JAHAON010000012.1_51551779_52031001_0$HG01258#1#JAGYYV010000004.1_56955948_57456952_1	0.9148971601886180 HGDP
HGDP01354 HG02622#2#JAHAON010000012.1_51551779_52031001_0$HG03927.verkko_filt_pat.fa:haplotype2_0000800_29002142_29504057_1	0.9148067825543763 HGDP
HGDP01354 NA20129#2#JAHEPD010000155.1_90039_569275_0$HG01258#1#JAGYYV010000004.1_56955948_57456952_1	0.9148008029330784 HGDP
HGDP01354 NA20129#2#JAHEPD010000155.1_90039_569275_0$HG03927.verkko_filt_pat.fa:haplotype2_0000800_29002142_29504057_1	0.9147962093965328 HGDP
HGDP01354 HG03486#2#JAHEOP010000248.1_2105565_2584784_1$HG03927.verkko_filt_pat.fa:haplotype2_0000800_29002142_29504057_1	0.9146763944889513 HGDP
HGDP01354 HG03486#2#JAHEOP010000248.1_2105565_2584784_1$HG01258#1#JAGYYV010000004.1_56955948_57456952_1	0.9146311417941070 HGDP
HGDP01354 HG03098#1#JAHEPM010000059.1_16676208_17105596_0$chr1_chm13_103304997_103901127_0	0.9146035248275918 HGDP
HGDP01354 HG02622#2#JAHAON010000012.1_51551779_52031001_0$HG01071#1#JAHBCF010000053.1_26607100_27108065_1	0.9145371477594384 HGDP
HGDP01354 HG01258#1#JAGYYV010000004.1_56955948_57456952_1$HG01109#2#JAHEOZ010000047.1_16671232_17151375_0	0.9144732375176950 HGDP
HGDP01354 NA20129#2#JAHEPD010000155.1_90039_569275_0$HG01071#1#JAHBCF010000053.1_26607100_27108065_1	0.9144696966562591 HGDP
HGDP01354 HG03453#1#JAGYVW010000157.1_2105722_2585000_1$HG03927.verkko_filt_pat.fa:haplotype2_0000800_29002142_29504057_1	0.9144334609617257 HGDP
HGDP01354 HG02723#2#JAHEOT010000034.1_19776337_20321518_1$HG02647.verkko_filt_mat.fa:haplotype1_0000002_103892584_104321036_0	0.9143738214986981 HGDP
HGDP01354 HG01071#1#JAHBCF010000053.1_26607100_27108065_1$HG03486#2#JAHEOP010000248.1_2105565_2584784_1	0.9143631395522510 HGDP
HGDP01354 HG02004.verkko_filt_pat.fa:haplotype2_0000813_139386576_140076845_1$HG02293.verkko_filt_mat.fa:haplotype1_0000039_30204405_30517145_1	0.9143276362568222 HGDP
HGDP01354 HG02723#2#JAHEOT010000034.1_19776337_20321518_1$HG02055#2#JAHEPJ010000017.1_24870122_25298560_1	0.9142369346098108 HGDP
HGDP01354 HG02723#2#JAHEOT010000034.1_19776337_20321518_1$HG02809.verkko_filt_mat.fa:haplotype1_0000023_94161320_94589755_0	0.9142354974756933 HGDP
HGDP01354 HG00741#1#JAHALY010000007.1_18781197_19307680_1$HG01258#1#JAGYYV010000004.1_56955948_57456952_1	0.9140897776435886 HGDP
HGDP01354 HG01071#1#JAHBCF010000053.1_26607100_27108065_1$HG01109#2#JAHEOZ010000047.1_16671232_17151375_0	0.9140694857623334 HGDP
HGDP01354 HG03453#1#JAGYVW010000157.1_2105722_2585000_1$HG01258#1#JAGYYV010000004.1_56955948_57456952_1	0.9140551550910617 HGDP
HGDP01354 HG00438#1#JAHBCB010000015.1_33474867_33954171_0$HG01258#1#JAGYYV010000004.1_56955948_57456952_1	0.9140272262208246 HGDP
HGDP01354 HG02622#2#JAHAON010000012.1_51551779_52031001_0$HG02486#1#JAGYVM010000007.1_28868414_29370339_1	0.9140031326440852 HGDP
HGDP01354 NA20129#2#JAHEPD010000155.1_90039_569275_0$HG02486#1#JAGYVM010000007.1_28868414_29370339_1	0.9139232733771170 HGDP
HGDP01354 HG00741#1#JAHALY010000007.1_18781197_19307680_1$HG01071#1#JAHBCF010000053.1_26607100_27108065_1	0.9139177490161906 HGDP
HGDP01354 HG00438#1#JAHBCB010000015.1_33474867_33954171_0$HG01071#1#JAHBCF010000053.1_26607100_27108065_1	0.9138880366599833 HGDP
HGDP01354 AV_HG01106#haplotype2#0000932:16673968_17175925$HG02622#2#JAHAON010000012.1_51551779_52031001_0	0.9137854500979602 HGDP
HGDP01354 HG02622#2#JAHAON010000012.1_51551779_52031001_0$HG01099.verkko_filt_pat.fa:haplotype2_0000583_143544270_144046196_1	0.9137074382979223 HGDP
HGDP01354 HG03453#1#JAGYVW010000157.1_2105722_2585000_1$HG01071#1#JAHBCF010000053.1_26607100_27108065_1	0.9136752892623059 HGDP
HGDP01354 AV_HG01106#haplotype2#0000932:16673968_17175925$NA20129#2#JAHEPD010000155.1_90039_569275_0	0.9136724751016321 HGDP
HGDP01354 HG02622#2#JAHAON010000012.1_51551779_52031001_0$HG01978#1#JAGYVS010000002.1_51519970_52021951_0	0.9136300073049394 HGDP
HGDP01354 HG03486#2#JAHEOP010000248.1_2105565_2584784_1$HG02486#1#JAGYVM010000007.1_28868414_29370339_1	0.9136290756876515 HGDP
HGDP01354 NA20129#2#JAHEPD010000155.1_90039_569275_0$HG01099.verkko_filt_pat.fa:haplotype2_0000583_143544270_144046196_1	0.9135584739173280 HGDP
HGDP01354 HG03486#2#JAHEOP010000248.1_2105565_2584784_1$HG01099.verkko_filt_pat.fa:haplotype2_0000583_143544270_144046196_1	0.9135291283875582 HGDP
HGDP01354 NA20129#2#JAHEPD010000155.1_90039_569275_0$HG01978#1#JAGYVS010000002.1_51519970_52021951_0	0.9135252080541711 HGDP
HGDP01354 AV_HG01106#haplotype2#0000932:16673968_17175925$HG03486#2#JAHEOP010000248.1_2105565_2584784_1	0.9134937221101458 HGDP
HGDP01354 HG02145#1#JAHKSG010000134.1_2102465_2647653_1$HG02647.verkko_filt_mat.fa:haplotype1_0000002_103892584_104321036_0	0.9134751487905861 HGDP
HGDP01354 HG00438#2#JAHBCA010000012.1_51513023_51826723_0$HG02004.verkko_filt_pat.fa:haplotype2_0000813_139386576_140076845_1	0.9134389229787125 HGDP
HGDP01354 AV_HG01106#haplotype2#0000932:16673968_17175925$HG03453#1#JAGYVW010000157.1_2105722_2585000_1	0.9133271852894834 HGDP
HGDP01354 AV_HG00673#haplotype1#0000019:16627360_17129375$HG02622#2#JAHAON010000012.1_51551779_52031001_0	0.9133073072029410 HGDP
HGDP01354 HG01978#1#JAGYVS010000002.1_51519970_52021951_0$HG03486#2#JAHEOP010000248.1_2105565_2584784_1	0.9133057732664761 HGDP
HGDP01354 HG02055#2#JAHEPJ010000017.1_24870122_25298560_1$HG02145#1#JAHKSG010000134.1_2102465_2647653_1	0.9132938854844236 HGDP
HGDP01354 HG00438#1#JAHBCB010000015.1_33474867_33954171_0$HG03927.verkko_filt_pat.fa:haplotype2_0000800_29002142_29504057_1	0.9132794000083396 HGDP
HGDP01354 HG02622#2#JAHAON010000012.1_51551779_52031001_0$HG03540#1#JAGYVY010000208.1_95187_596142_0	0.9132689818558348 HGDP
HGDP01354 HG02080#2#JAHEOV010000017.1_16662177_17164189_0$HG02622#2#JAHAON010000012.1_51551779_52031001_0	0.9132507710277405 HGDP
HGDP01354 HG00438#1#JAHBCB010000015.1_33474867_33954171_0$NA18906#2#JAHEON010000009.1_93748295_94249275_0	0.9132338448332620 HGDP
HGDP01354 AV_HG00673#haplotype1#0000019:16627360_17129375$NA20129#2#JAHEPD010000155.1_90039_569275_0	0.9132153697443396 HGDP
HGDP01354 HG00741#1#JAHALY010000007.1_18781197_19307680_1$NA18906#2#JAHEON010000009.1_93748295_94249275_0	0.9131956626770993 HGDP
HGDP01354 HG01109#2#JAHEOZ010000047.1_16671232_17151375_0$HG03927.verkko_filt_pat.fa:haplotype2_0000800_29002142_29504057_1	0.9131855257054227 HGDP
HGDP01354 HG03453#1#JAGYVW010000157.1_2105722_2585000_1$HG01978#1#JAGYVS010000002.1_51519970_52021951_0	0.9131758817386847 HGDP
HGDP01354 HG02723#2#JAHEOT010000034.1_19776337_20321518_1$HG03098#1#JAHEPM010000059.1_16676208_17105596_0	0.9131738124105151 HGDP
HGDP01354 NA20129#2#JAHEPD010000155.1_90039_569275_0$HG02080#2#JAHEOV010000017.1_16662177_17164189_0	0.9131587527448779 HGDP
HGDP01354 NA20129#2#JAHEPD010000155.1_90039_569275_0$HG03540#1#JAGYVY010000208.1_95187_596142_0	0.9131446518664287 HGDP
HGDP01354 HG03486#2#JAHEOP010000248.1_2105565_2584784_1$HG03540#1#JAGYVY010000208.1_95187_596142_0	0.9131283748046208 HGDP
HGDP01354 HG02145#1#JAHKSG010000134.1_2102465_2647653_1$HG02809.verkko_filt_mat.fa:haplotype1_0000023_94161320_94589755_0	0.9130805907689125 HGDP
HGDP01354 HG00733#1#JAHEPQ010000019.1_46106835_46420495_0$HG02004.verkko_filt_pat.fa:haplotype2_0000813_139386576_140076845_1	0.9130786570207642 HGDP
HGDP01354 HG02622#2#JAHAON010000012.1_51551779_52031001_0$HG02071.verkko_filt_pat.fa:haplotype2_0000736_102745972_103248026_0	0.9130645952993125 HGDP
HGDP01354 HG02622#2#JAHAON010000012.1_51551779_52031001_0$HG02293.verkko_filt_pat.fa:haplotype2_0000836_148310532_148812524_1	0.9130630324315238 HGDP
HGDP01354 HG03486#2#JAHEOP010000248.1_2105565_2584784_1$NA18906#2#JAHEON010000009.1_93748295_94249275_0	0.9130283360767929 HGDP
HGDP01354 HG00438#1#JAHBCB010000015.1_33474867_33954171_0$HG02486#1#JAGYVM010000007.1_28868414_29370339_1	0.9130275181425519 HGDP
HGDP01354 HG03453#1#JAGYVW010000157.1_2105722_2585000_1$HG02486#1#JAGYVM010000007.1_28868414_29370339_1	0.9129486224088740 HGDP
HGDP01354 NA20129#2#JAHEPD010000155.1_90039_569275_0$HG02293.verkko_filt_pat.fa:haplotype2_0000836_148310532_148812524_1	0.9129468650492395 HGDP
HGDP01354 HG01109#2#JAHEOZ010000047.1_16671232_17151375_0$HG02486#1#JAGYVM010000007.1_28868414_29370339_1	0.9129449237841050 HGDP
HGDP01354 NA20129#2#JAHEPD010000155.1_90039_569275_0$HG02071.verkko_filt_pat.fa:haplotype2_0000736_102745972_103248026_0	0.9129038360967827 HGDP
HGDP01354 NA20129#2#JAHEPD010000155.1_90039_569275_0$NA18906#2#JAHEON010000009.1_93748295_94249275_0	0.9128873331246383 HGDP
HGDP01354 AV_HG00673#haplotype1#0000019:16627360_17129375$HG03453#1#JAGYVW010000157.1_2105722_2585000_1	0.9128823954020410 HGDP
HGDP01354 HG03453#1#JAGYVW010000157.1_2105722_2585000_1$HG02080#2#JAHEOV010000017.1_16662177_17164189_0	0.9128779903820672 HGDP
HGDP01354 HG00741#1#JAHALY010000007.1_18781197_19307680_1$HG03927.verkko_filt_pat.fa:haplotype2_0000800_29002142_29504057_1	0.9128712703732224 HGDP
HGDP01354 AV_HG00673#haplotype1#0000019:16627360_17129375$HG03486#2#JAHEOP010000248.1_2105565_2584784_1	0.9128615034880085 HGDP
HGDP01354 HG02622#2#JAHAON010000012.1_51551779_52031001_0$NA18906#2#JAHEON010000009.1_93748295_94249275_0	0.9128527580384524 HGDP
HGDP01354 HG02080#2#JAHEOV010000017.1_16662177_17164189_0$HG03486#2#JAHEOP010000248.1_2105565_2584784_1	0.9127881405934251 HGDP
HGDP01354 HG02622#2#JAHAON010000012.1_51551779_52031001_0$HG04228.verkko_filt_mat.fa:haplotype1_0000023_103429213_103930285_0	0.9126992844396365 HGDP
HGDP01354 HG00621#1#JAHBCD010000034.1_2122997_2624098_1$HG02622#2#JAHAON010000012.1_51551779_52031001_0	0.9126826572522018 HGDP
HGDP01354 HG03453#1#JAGYVW010000157.1_2105722_2585000_1$HG02293.verkko_filt_pat.fa:haplotype2_0000836_148310532_148812524_1	0.9126436445088661 HGDP
HGDP01354 HG03486#2#JAHEOP010000248.1_2105565_2584784_1$HG02293.verkko_filt_pat.fa:haplotype2_0000836_148310532_148812524_1	0.9126267501135066 HGDP
HGDP01354 NA20129#2#JAHEPD010000155.1_90039_569275_0$HG04228.verkko_filt_mat.fa:haplotype1_0000023_103429213_103930285_0	0.9125995884332616 HGDP
HGDP01354 HG03453#1#JAGYVW010000157.1_2105722_2585000_1$HG01099.verkko_filt_pat.fa:haplotype2_0000583_143544270_144046196_1	0.9125735034962121 HGDP
HGDP01354 HG03453#1#JAGYVW010000157.1_2105722_2585000_1$HG02071.verkko_filt_pat.fa:haplotype2_0000736_102745972_103248026_0	0.9125731707442887 HGDP
HGDP01354 HG03486#2#JAHEOP010000248.1_2105565_2584784_1$HG02071.verkko_filt_pat.fa:haplotype2_0000736_102745972_103248026_0	0.9125602813770229 HGDP
HGDP01354 HG00621#1#JAHBCD010000034.1_2122997_2624098_1$NA20129#2#JAHEPD010000155.1_90039_569275_0	0.9125379875957559 HGDP
HGDP01354 HG00741#1#JAHALY010000007.1_18781197_19307680_1$HG02486#1#JAGYVM010000007.1_28868414_29370339_1	0.9123888986036262 HGDP
HGDP01354 HG00621#1#JAHBCD010000034.1_2122997_2624098_1$HG03453#1#JAGYVW010000157.1_2105722_2585000_1	0.9123281159331488 HGDP
HGDP01354 HG00621#1#JAHBCD010000034.1_2122997_2624098_1$HG03486#2#JAHEOP010000248.1_2105565_2584784_1	0.9123152746080538 HGDP
HGDP01354 HG03486#2#JAHEOP010000248.1_2105565_2584784_1$HG04228.verkko_filt_mat.fa:haplotype1_0000023_103429213_103930285_0	0.9121714695547172 HGDP
HGDP01354 AV_HG01106#haplotype2#0000932:16673968_17175925$HG00438#1#JAHBCB010000015.1_33474867_33954171_0	0.9121064779868248 HGDP
HGDP01354 AV_HG01106#haplotype2#0000932:16673968_17175925$HG01109#2#JAHEOZ010000047.1_16671232_17151375_0	0.9120889899148087 HGDP
HGDP01354 HG03453#1#JAGYVW010000157.1_2105722_2585000_1$HG03540#1#JAGYVY010000208.1_95187_596142_0	0.9120523470991940 HGDP
HGDP01354 HG03098#1#JAHEPM010000059.1_16676208_17105596_0$HG02145#1#JAHKSG010000134.1_2102465_2647653_1	0.9120513662340431 HGDP
HGDP01354 HG03453#1#JAGYVW010000157.1_2105722_2585000_1$NA18906#2#JAHEON010000009.1_93748295_94249275_0	0.9120141551669818 HGDP
HGDP01354 HG01109#2#JAHEOZ010000047.1_16671232_17151375_0$NA18906#2#JAHEON010000009.1_93748295_94249275_0	0.9120039605107758 HGDP
HGDP01354 HG03453#1#JAGYVW010000157.1_2105722_2585000_1$HG04228.verkko_filt_mat.fa:haplotype1_0000023_103429213_103930285_0	0.9119215868803906 HGDP
HGDP01354 HG01978#1#JAGYVS010000002.1_51519970_52021951_0$HG01109#2#JAHEOZ010000047.1_16671232_17151375_0	0.9118927814907384 HGDP
HGDP01354 HG01109#2#JAHEOZ010000047.1_16671232_17151375_0$HG01099.verkko_filt_pat.fa:haplotype2_0000583_143544270_144046196_1	0.9118549951478663 HGDP
HGDP01354 HG00438#1#JAHBCB010000015.1_33474867_33954171_0$HG01978#1#JAGYVS010000002.1_51519970_52021951_0	0.9118450328312168 HGDP
HGDP01354 HG00438#1#JAHBCB010000015.1_33474867_33954171_0$HG01099.verkko_filt_pat.fa:haplotype2_0000583_143544270_144046196_1	0.9117981470744724 HGDP
HGDP01354 AV_HG00673#haplotype1#0000019:16627360_17129375$HG00438#1#JAHBCB010000015.1_33474867_33954171_0	0.9116817824888075 HGDP
HGDP01354 HG00438#1#JAHBCB010000015.1_33474867_33954171_0$HG02080#2#JAHEOV010000017.1_16662177_17164189_0	0.9115960952917280 HGDP
HGDP01354 HG01109#2#JAHEOZ010000047.1_16671232_17151375_0$HG03540#1#JAGYVY010000208.1_95187_596142_0	0.9115639086703283 HGDP
HGDP01354 AV_HG00673#haplotype1#0000019:16627360_17129375$HG01109#2#JAHEOZ010000047.1_16671232_17151375_0	0.9115114869689316 HGDP
HGDP01354 AV_HG01106#haplotype2#0000932:16673968_17175925$HG00741#1#JAHALY010000007.1_18781197_19307680_1	0.9114966075926126 HGDP
HGDP01354 HG02080#2#JAHEOV010000017.1_16662177_17164189_0$HG01109#2#JAHEOZ010000047.1_16671232_17151375_0	0.9114945335708600 HGDP
HGDP01354 HG00438#1#JAHBCB010000015.1_33474867_33954171_0$HG02071.verkko_filt_pat.fa:haplotype2_0000736_102745972_103248026_0	0.9114776732246531 HGDP
HGDP01354 HG00438#1#JAHBCB010000015.1_33474867_33954171_0$HG02293.verkko_filt_pat.fa:haplotype2_0000836_148310532_148812524_1	0.9114306558537658 HGDP
HGDP01354 HG00741#1#JAHALY010000007.1_18781197_19307680_1$HG01099.verkko_filt_pat.fa:haplotype2_0000583_143544270_144046196_1	0.9114070173387562 HGDP
HGDP01354 HG00438#1#JAHBCB010000015.1_33474867_33954171_0$HG03540#1#JAGYVY010000208.1_95187_596142_0	0.9113691008427635 HGDP
HGDP01354 HG00741#1#JAHALY010000007.1_18781197_19307680_1$HG01978#1#JAGYVS010000002.1_51519970_52021951_0	0.9112865914340406 HGDP
HGDP01354 HG01109#2#JAHEOZ010000047.1_16671232_17151375_0$HG02293.verkko_filt_pat.fa:haplotype2_0000836_148310532_148812524_1	0.9112771070083417 HGDP
HGDP01354 HG01109#2#JAHEOZ010000047.1_16671232_17151375_0$HG02071.verkko_filt_pat.fa:haplotype2_0000736_102745972_103248026_0	0.9112313152631323 HGDP
HGDP01354 AV_HG01361#haplotype2#0001322:101872897_102186552$HG03710.verkko_filt_pat.fa:haplotype2_0000488_101614437_102218208_0	0.9111611439445759 HGDP
HGDP01354 HG04228.verkko_filt_pat.fa:haplotype2_0000600_103806749_104119491_0$HG03710.verkko_filt_pat.fa:haplotype2_0000488_101614437_102218208_0	0.9111584673493643 HGDP
HGDP01354 HG00741#1#JAHALY010000007.1_18781197_19307680_1$HG03540#1#JAGYVY010000208.1_95187_596142_0	0.9111547899065711 HGDP
HGDP01354 HG00621#1#JAHBCD010000034.1_2122997_2624098_1$HG01109#2#JAHEOZ010000047.1_16671232_17151375_0	0.9111433033486955 HGDP
HGDP01354 HG03579#2#JAGYVT010000094.1_51581892_51895531_0$HG03710.verkko_filt_pat.fa:haplotype2_0000488_101614437_102218208_0	0.9111231825397047 HGDP
HGDP01354 HG00438#1#JAHBCB010000015.1_33474867_33954171_0$HG04228.verkko_filt_mat.fa:haplotype1_0000023_103429213_103930285_0	0.9110843686944278 HGDP
HGDP01354 HG03710.verkko_filt_pat.fa:haplotype2_0000488_101614437_102218208_0$HG02647.verkko_filt_pat.fa:haplotype2_0000857_103738150_104051769_0	0.9110671870178255 HGDP
HGDP01354 HG00621#1#JAHBCD010000034.1_2122997_2624098_1$HG00438#1#JAHBCB010000015.1_33474867_33954171_0	0.9110011393771846 HGDP
HGDP01354 HG01109#2#JAHEOZ010000047.1_16671232_17151375_0$HG04228.verkko_filt_mat.fa:haplotype1_0000023_103429213_103930285_0	0.9109839338928566 HGDP
HGDP01354 HG02886#2#JAHAOT010000031.1_87393_401061_0$HG03710.verkko_filt_pat.fa:haplotype2_0000488_101614437_102218208_0	0.9108992250916120 HGDP
HGDP01354 HG00741#1#JAHALY010000007.1_18781197_19307680_1$HG02080#2#JAHEOV010000017.1_16662177_17164189_0	0.9106666984092583 HGDP
HGDP01354 HG01123#2#JAGYYY010000006.1_51579630_51892388_0$HG03710.verkko_filt_pat.fa:haplotype2_0000488_101614437_102218208_0	0.9106645881929024 HGDP
HGDP01354 AV_HG00673#haplotype1#0000019:16627360_17129375$HG00741#1#JAHALY010000007.1_18781197_19307680_1	0.9106532416183515 HGDP
HGDP01354 HG01891#1#JAGYVO010000014.1_22855818_23168577_1$HG03710.verkko_filt_pat.fa:haplotype2_0000488_101614437_102218208_0	0.9105489488115004 HGDP
HGDP01354 HG00741#1#JAHALY010000007.1_18781197_19307680_1$HG02293.verkko_filt_pat.fa:haplotype2_0000836_148310532_148812524_1	0.9104511337437472 HGDP
HGDP01354 HG00741#1#JAHALY010000007.1_18781197_19307680_1$HG04228.verkko_filt_mat.fa:haplotype1_0000023_103429213_103930285_0	0.9104132935108599 HGDP
HGDP01354 HG00741#1#JAHALY010000007.1_18781197_19307680_1$HG02071.verkko_filt_pat.fa:haplotype2_0000736_102745972_103248026_0	0.9103750420409744 HGDP
HGDP01354 HG00621#1#JAHBCD010000034.1_2122997_2624098_1$HG00741#1#JAHALY010000007.1_18781197_19307680_1	0.9103582004250397 HGDP
HGDP01354 HG02109#2#JAHEPF010000078.1_16678387_16991144_0$HG03710.verkko_filt_pat.fa:haplotype2_0000488_101614437_102218208_0	0.9103017206091572 HGDP
HGDP01354 HG03710.verkko_filt_pat.fa:haplotype2_0000488_101614437_102218208_0$HG02293.verkko_filt_mat.fa:haplotype1_0000039_30204405_30517145_1	0.9101010425236077 HGDP
HGDP01354 HG03540#2#JAGYVX010000148.1_1368955_1877115_0$HG01358#1#JAGYZB010000020.1_27445742_27855492_1	0.9100775387895962 HGDP
HGDP01354 HG02723#1#JAHEOU010000204.1_2102082_2414876_1$HG03710.verkko_filt_pat.fa:haplotype2_0000488_101614437_102218208_0	0.9099085497098667 HGDP
HGDP01354 HG03710.verkko_filt_mat.fa:haplotype1_0000029_102593394_102907063_0$HG03710.verkko_filt_pat.fa:haplotype2_0000488_101614437_102218208_0	0.9098880728740489 HGDP
HGDP01354 HG00733#1#JAHEPQ010000019.1_46106835_46420495_0$HG03710.verkko_filt_pat.fa:haplotype2_0000488_101614437_102218208_0	0.9098065665975881 HGDP
HGDP01354 HG03098#2#JAHEPL010000003.1_93803759_94117426_0$HG03710.verkko_filt_pat.fa:haplotype2_0000488_101614437_102218208_0	0.9097478019574362 HGDP
HGDP01354 HG00438#2#JAHBCA010000012.1_51513023_51826723_0$HG03710.verkko_filt_pat.fa:haplotype2_0000488_101614437_102218208_0	0.9096366286905175 HGDP
HGDP01354 AV_HG01106#haplotype1#0000048:16666181_17262214$HG03492#2#JAHEPH010000288.1_2098270_2432686_1	0.9095201408935750 HGDP
HGDP01354 AV_HG01106#haplotype1#0000048:16666181_17262214$HG01243#1#JAHEOY010000013.1_90081_424495_0	0.9094486509706636 HGDP
HGDP01354 HG02004.verkko_filt_pat.fa:haplotype2_0000813_139386576_140076845_1$HG02647.verkko_filt_mat.fa:haplotype1_0000002_103892584_104321036_0	0.9091421051132083 HGDP
HGDP01354 HG02055#2#JAHEPJ010000017.1_24870122_25298560_1$HG02004.verkko_filt_pat.fa:haplotype2_0000813_139386576_140076845_1	0.9089969322099818 HGDP
HGDP01354 HG02004.verkko_filt_pat.fa:haplotype2_0000813_139386576_140076845_1$HG02809.verkko_filt_mat.fa:haplotype1_0000023_94161320_94589755_0	0.9089661183999815 HGDP
HGDP01354 HG03492#2#JAHEPH010000288.1_2098270_2432686_1$chr1_chm13_103304997_103901127_0	0.9087455650422793 HGDP
HGDP01354 HG01243#1#JAHEOY010000013.1_90081_424495_0$chr1_chm13_103304997_103901127_0	0.9086608201812539 HGDP
HGDP01354 HG03098#1#JAHEPM010000059.1_16676208_17105596_0$HG02004.verkko_filt_pat.fa:haplotype2_0000813_139386576_140076845_1	0.9082796965836667 HGDP
HGDP01354 HG02723#2#JAHEOT010000034.1_19776337_20321518_1$HG03540#2#JAGYVX010000148.1_1368955_1877115_0	0.9079501347020372 HGDP
HGDP01354 HG03540#2#JAGYVX010000148.1_1368955_1877115_0$HG02145#1#JAHKSG010000134.1_2102465_2647653_1	0.9077654039123862 HGDP
HGDP01354 HG02622#2#JAHAON010000012.1_51551779_52031001_0$HG03540#2#JAGYVX010000148.1_1368955_1877115_0	0.9067827474696247 HGDP
HGDP01354 NA20129#2#JAHEPD010000155.1_90039_569275_0$HG03540#2#JAGYVX010000148.1_1368955_1877115_0	0.9067007025871595 HGDP
HGDP01354 HG03486#2#JAHEOP010000248.1_2105565_2584784_1$HG03540#2#JAGYVX010000148.1_1368955_1877115_0	0.9066069911180951 HGDP
HGDP01354 HG03453#1#JAGYVW010000157.1_2105722_2585000_1$HG03540#2#JAGYVX010000148.1_1368955_1877115_0	0.9063047613330856 HGDP
HGDP01354 HG00438#1#JAHBCB010000015.1_33474867_33954171_0$HG03540#2#JAGYVX010000148.1_1368955_1877115_0	0.9051189327592157 HGDP
HGDP01354 HG03540#2#JAGYVX010000148.1_1368955_1877115_0$HG01109#2#JAHEOZ010000047.1_16671232_17151375_0	0.9050722827580180 HGDP
HGDP01354 HG00741#1#JAHALY010000007.1_18781197_19307680_1$HG02723#2#JAHEOT010000034.1_19776337_20321518_1	0.9050548204295231 HGDP
HGDP01354 HG00741#1#JAHALY010000007.1_18781197_19307680_1$HG02145#1#JAHKSG010000134.1_2102465_2647653_1	0.9045721577297418 HGDP
HGDP01354 AV_HG01106#haplotype1#0000048:16666181_17262214$HG002.verkko_filt_pat.fa:haplotype2_0000649_147937390_148315979_1	0.9044640306413734 HGDP
HGDP01354 chr1_chm13_103304997_103901127_0$HG002.verkko_filt_pat.fa:haplotype2_0000649_147937390_148315979_1	0.9036222974981835 HGDP
HGDP01354 AV_HG01106#haplotype1#0000048:16666181_17262214$HG02723#2#JAHEOT010000034.1_19776337_20321518_1	0.9022624629376507 HGDP
HGDP01354 AV_HG01106#haplotype1#0000048:16666181_17262214$HG02145#1#JAHKSG010000134.1_2102465_2647653_1	0.9022381628553584 HGDP
HGDP01354 HG03492#2#JAHEPH010000288.1_2098270_2432686_1$HG02004.verkko_filt_pat.fa:haplotype2_0000813_139386576_140076845_1	0.9017930198483302 HGDP
HGDP01354 HG01243#1#JAHEOY010000013.1_90081_424495_0$HG02004.verkko_filt_pat.fa:haplotype2_0000813_139386576_140076845_1	0.9017149509102821 HGDP
HGDP01354 HG01258#1#JAGYYV010000004.1_56955948_57456952_1$HG03927.verkko_filt_pat.fa:haplotype2_0000800_29002142_29504057_1	0.9013979953386453 HGDP
HGDP01354 HG02723#2#JAHEOT010000034.1_19776337_20321518_1$chr1_chm13_103304997_103901127_0	0.9013562946121533 HGDP
HGDP01354 HG01071#1#JAHBCF010000053.1_26607100_27108065_1$HG03927.verkko_filt_pat.fa:haplotype2_0000800_29002142_29504057_1	0.9012687908044901 HGDP
HGDP01354 HG02145#1#JAHKSG010000134.1_2102465_2647653_1$chr1_chm13_103304997_103901127_0	0.9012334874109071 HGDP
HGDP01354 HG01258#1#JAGYYV010000004.1_56955948_57456952_1$NA18906#2#JAHEON010000009.1_93748295_94249275_0	0.9003996744353726 HGDP
HGDP01354 NA18906#2#JAHEON010000009.1_93748295_94249275_0$HG03927.verkko_filt_pat.fa:haplotype2_0000800_29002142_29504057_1	0.9003907227642520 HGDP
HGDP01354 AV_HG01106#haplotype1#0000048:16666181_17262214$HG02559#2#JAGYVJ010000037.1_52167780_52574597_1	0.9003527198153878 HGDP
HGDP01354 HG02486#1#JAGYVM010000007.1_28868414_29370339_1$HG03927.verkko_filt_pat.fa:haplotype2_0000800_29002142_29504057_1	0.9001714580507916 HGDP
HGDP01354 HG01258#1#JAGYYV010000004.1_56955948_57456952_1$HG02486#1#JAGYVM010000007.1_28868414_29370339_1	0.9001382833663238 HGDP
HGDP01354 HG01071#1#JAHBCF010000053.1_26607100_27108065_1$NA18906#2#JAHEON010000009.1_93748295_94249275_0	0.9000374630631680 HGDP
HGDP01354 AV_HG01106#haplotype1#0000048:16666181_17262214$HG02717#2#JAHAOR010000006.1_19663827_20070693_1	0.9000150027693140 HGDP
HGDP01354 AV_HG01106#haplotype1#0000048:16666181_17262214$HG01123#1#JAGYYZ010000015.1_51528240_51935090_0	0.9000149689374860 HGDP
HGDP01354 HG01071#1#JAHBCF010000053.1_26607100_27108065_1$HG02486#1#JAGYVM010000007.1_28868414_29370339_1	0.8999456194463145 HGDP
HGDP01354 AV_HG01106#haplotype1#0000048:16666181_17262214$HG005#1#JAHEPO010000002.1_51519219_51926067_0	0.8999270987332343 HGDP
HGDP01354 AV_HG01106#haplotype1#0000048:16666181_17262214$HG01258#2#JAGYYU010000072.1_51562603_51970395_0	0.8999177040148405 HGDP
HGDP01354 HG01258#1#JAGYYV010000004.1_56955948_57456952_1$HG01099.verkko_filt_pat.fa:haplotype2_0000583_143544270_144046196_1	0.8997588635605294 HGDP
HGDP01354 AV_HG01106#haplotype1#0000048:16666181_17262214$HG00741#2#JAHALX010000013.1_51574319_51981226_0	0.8996884610424620 HGDP
HGDP01354 HG01071#1#JAHBCF010000053.1_26607100_27108065_1$HG01099.verkko_filt_pat.fa:haplotype2_0000583_143544270_144046196_1	0.8996416528255380 HGDP
HGDP01354 HG02559#2#JAGYVJ010000037.1_52167780_52574597_1$chr1_chm13_103304997_103901127_0	0.8995983440022063 HGDP
HGDP01354 AV_HG01106#haplotype1#0000048:16666181_17262214$HG02080#1#JAHEOW010000048.1_16689583_17097287_0	0.8995479163536485 HGDP
HGDP01354 NA18906#2#JAHEON010000009.1_93748295_94249275_0$HG02486#1#JAGYVM010000007.1_28868414_29370339_1	0.8995136496817105 HGDP
HGDP01354 HG03710.verkko_filt_pat.fa:haplotype2_0000488_101614437_102218208_0$HG02647.verkko_filt_mat.fa:haplotype1_0000002_103892584_104321036_0	0.8994687576911553 HGDP
HGDP01354 AV_HG01106#haplotype2#0000932:16673968_17175925$NA18906#2#JAHEON010000009.1_93748295_94249275_0	0.8994464169836848 HGDP
HGDP01354 AV_HG01106#haplotype1#0000048:16666181_17262214$HG01099.verkko_filt_mat.fa:haplotype1_0000034_142513097_142920876_1	0.8994223328831101 HGDP
HGDP01354 AV_HG01106#haplotype1#0000048:16666181_17262214$HG02300.verkko_filt_mat.fa:haplotype1_0000028_144052837_144460586_1	0.8994084384198004 HGDP
HGDP01354 HG01123#1#JAGYYZ010000015.1_51528240_51935090_0$chr1_chm13_103304997_103901127_0	0.8993332369555455 HGDP
HGDP01354 HG01071#1#JAHBCF010000053.1_26607100_27108065_1$HG01258#1#JAGYYV010000004.1_56955948_57456952_1	0.8993216193019615 HGDP
HGDP01354 AV_HG01106#haplotype1#0000048:16666181_17262214$AV_HG01361#haplotype1#0000023:101593539_102001341	0.8993084205259030 HGDP
HGDP01354 AV_HG01106#haplotype1#0000048:16666181_17262214$HG02809.verkko_filt_pat.fa:haplotype2_0001251_103421111_103827972_0	0.8992928519057104 HGDP
HGDP01354 AV_HG01106#haplotype1#0000048:16666181_17262214$NA19240#2#JAHEOL010000010.1_37445323_37853017_0	0.8992857110350061 HGDP
HGDP01354 HG02055#2#JAHEPJ010000017.1_24870122_25298560_1$HG03710.verkko_filt_pat.fa:haplotype2_0000488_101614437_102218208_0	0.8992703850143511 HGDP
HGDP01354 chr1_chm13_103304997_103901127_0$HG02717#2#JAHAOR010000006.1_19663827_20070693_1	0.8992655087576558 HGDP
HGDP01354 AV_HG01106#haplotype1#0000048:16666181_17262214$HG03492#1#JAHEPI010000180.1_2103395_2543326_1	0.8992539623223540 HGDP
HGDP01354 HG01258#1#JAGYYV010000004.1_56955948_57456952_1$HG03540#1#JAGYVY010000208.1_95187_596142_0	0.8992479243457758 HGDP
HGDP01354 HG005#1#JAHEPO010000002.1_51519219_51926067_0$chr1_chm13_103304997_103901127_0	0.8992420664047550 HGDP
HGDP01354 AV_HG00673#haplotype2#0001165:24014011_24421797$AV_HG01106#haplotype1#0000048:16666181_17262214	0.8992287119839980 HGDP
HGDP01354 HG01978#1#JAGYVS010000002.1_51519970_52021951_0$NA18906#2#JAHEON010000009.1_93748295_94249275_0	0.8992286387573460 HGDP
HGDP01354 AV_HG01106#haplotype1#0000048:16666181_17262214$HG03516#1#JAGYYT010000012.1_24170958_24578778_1	0.8991779000092983 HGDP
HGDP01354 HG03710.verkko_filt_pat.fa:haplotype2_0000488_101614437_102218208_0$HG02809.verkko_filt_mat.fa:haplotype1_0000023_94161320_94589755_0	0.8991483807754542 HGDP
HGDP01354 HG01099.verkko_filt_pat.fa:haplotype2_0000583_143544270_144046196_1$HG03927.verkko_filt_pat.fa:haplotype2_0000800_29002142_29504057_1	0.8991438227060028 HGDP
HGDP01354 AV_HG01106#haplotype1#0000048:16666181_17262214$HG02109#1#JAHEPG010000026.1_16673035_17080816_0	0.8991340854678299 HGDP
HGDP01354 HG01258#2#JAGYYU010000072.1_51562603_51970395_0$chr1_chm13_103304997_103901127_0	0.8990685694511465 HGDP
HGDP01354 HG01071#1#JAHBCF010000053.1_26607100_27108065_1$HG03540#1#JAGYVY010000208.1_95187_596142_0	0.8990387751503486 HGDP
HGDP01354 NA18906#2#JAHEON010000009.1_93748295_94249275_0$HG01099.verkko_filt_pat.fa:haplotype2_0000583_143544270_144046196_1	0.8990285935464793 HGDP
HGDP01354 HG03098#1#JAHEPM010000059.1_16676208_17105596_0$HG03710.verkko_filt_pat.fa:haplotype2_0000488_101614437_102218208_0	0.8990026839942700 HGDP
HGDP01354 AV_HG01106#haplotype2#0000932:16673968_17175925$HG03927.verkko_filt_pat.fa:haplotype2_0000800_29002142_29504057_1	0.8990015819510357 HGDP
HGDP01354 HG01978#1#JAGYVS010000002.1_51519970_52021951_0$HG03927.verkko_filt_pat.fa:haplotype2_0000800_29002142_29504057_1	0.8989480768273113 HGDP
HGDP01354 AV_HG01106#haplotype1#0000048:16666181_17262214$HG02486#2#JAGYVL010000029.1_94163344_94570162_0	0.8989380397497678 HGDP
HGDP01354 AV_HG00673#haplotype1#0000019:16627360_17129375$NA18906#2#JAHEON010000009.1_93748295_94249275_0	0.8989069951968995 HGDP
HGDP01354 AV_HG01106#haplotype1#0000048:16666181_17262214$HG02886#1#JAHAOU010000178.1_62411_469262_0	0.8988981140945012 HGDP
HGDP01354 HG00741#2#JAHALX010000013.1_51574319_51981226_0$chr1_chm13_103304997_103901127_0	0.8988794453360405 HGDP
HGDP01354 HG03540#1#JAGYVY010000208.1_95187_596142_0$HG03927.verkko_filt_pat.fa:haplotype2_0000800_29002142_29504057_1	0.8988724419957091 HGDP
HGDP01354 HG02080#2#JAHEOV010000017.1_16662177_17164189_0$NA18906#2#JAHEON010000009.1_93748295_94249275_0	0.8988598277738937 HGDP
HGDP01354 AV_HG01106#haplotype2#0000932:16673968_17175925$HG02486#1#JAGYVM010000007.1_28868414_29370339_1	0.8988165892642395 HGDP
HGDP01354 AV_HG01106#haplotype1#0000048:16666181_17262214$HG03927.verkko_filt_mat.fa:haplotype1_0000009_134765170_135173010_1	0.8986979684399398 HGDP
HGDP01354 NA18906#2#JAHEON010000009.1_93748295_94249275_0$HG02071.verkko_filt_pat.fa:haplotype2_0000736_102745972_103248026_0	0.8986589911606009 HGDP
HGDP01354 NA18906#2#JAHEON010000009.1_93748295_94249275_0$HG02293.verkko_filt_pat.fa:haplotype2_0000836_148310532_148812524_1	0.8986435978965766 HGDP
HGDP01354 HG01978#1#JAGYVS010000002.1_51519970_52021951_0$HG02486#1#JAGYVM010000007.1_28868414_29370339_1	0.8986021592174741 HGDP
HGDP01354 HG03540#1#JAGYVY010000208.1_95187_596142_0$NA18906#2#JAHEON010000009.1_93748295_94249275_0	0.8985973396356345 HGDP
HGDP01354 AV_HG01106#haplotype1#0000048:16666181_17262214$HG01109#1#JAHEPA010000099.1_2104245_2511104_1	0.8985777449394869 HGDP
HGDP01354 AV_HG01106#haplotype2#0000932:16673968_17175925$HG01258#1#JAGYYV010000004.1_56955948_57456952_1	0.8985322531678988 HGDP
HGDP01354 chr1_chm13_103304997_103901127_0$HG02809.verkko_filt_pat.fa:haplotype2_0001251_103421111_103827972_0	0.8985140171996584 HGDP
HGDP01354 AV_HG00673#haplotype1#0000019:16627360_17129375$HG03927.verkko_filt_pat.fa:haplotype2_0000800_29002142_29504057_1	0.8984777428950107 HGDP
HGDP01354 AV_HG01106#haplotype2#0000932:16673968_17175925$HG01071#1#JAHBCF010000053.1_26607100_27108065_1	0.8984228909782678 HGDP
HGDP01354 HG01978#1#JAGYVS010000002.1_51519970_52021951_0$HG01258#1#JAGYYV010000004.1_56955948_57456952_1	0.8984179818042219 HGDP
HGDP01354 HG02080#2#JAHEOV010000017.1_16662177_17164189_0$HG03927.verkko_filt_pat.fa:haplotype2_0000800_29002142_29504057_1	0.8984054714805464 HGDP
HGDP01354 AV_HG01106#haplotype1#0000048:16666181_17262214$HG02145#2#JAHKSF010000206.1_1005292_1413195_1	0.8983764742824349 HGDP
HGDP01354 HG02080#1#JAHEOW010000048.1_16689583_17097287_0$chr1_chm13_103304997_103901127_0	0.8983566211233768 HGDP
HGDP01354 HG00621#1#JAHBCD010000034.1_2122997_2624098_1$NA18906#2#JAHEON010000009.1_93748295_94249275_0	0.8983528261079567 HGDP
HGDP01354 HG01071#1#JAHBCF010000053.1_26607100_27108065_1$HG01978#1#JAGYVS010000002.1_51519970_52021951_0	0.8983335381797773 HGDP
HGDP01354 chr1_chm13_103304997_103901127_0$HG02486#2#JAGYVL010000029.1_94163344_94570162_0	0.8983269900714416 HGDP
HGDP01354 AV_HG00673#haplotype1#0000019:16627360_17129375$HG02486#1#JAGYVM010000007.1_28868414_29370339_1	0.8983045307463641 HGDP
HGDP01354 NA18906#2#JAHEON010000009.1_93748295_94249275_0$HG04228.verkko_filt_mat.fa:haplotype1_0000023_103429213_103930285_0	0.8983035680248033 HGDP
HGDP01354 HG03492#1#JAHEPI010000180.1_2103395_2543326_1$chr1_chm13_103304997_103901127_0	0.8982977953570899 HGDP
HGDP01354 HG02080#2#JAHEOV010000017.1_16662177_17164189_0$HG02486#1#JAGYVM010000007.1_28868414_29370339_1	0.8982931154342793 HGDP
HGDP01354 HG02293.verkko_filt_pat.fa:haplotype2_0000836_148310532_148812524_1$HG03927.verkko_filt_pat.fa:haplotype2_0000800_29002142_29504057_1	0.8982609029921973 HGDP
HGDP01354 HG04228.verkko_filt_mat.fa:haplotype1_0000023_103429213_103930285_0$HG03927.verkko_filt_pat.fa:haplotype2_0000800_29002142_29504057_1	0.8982550069889053 HGDP
HGDP01354 HG02886#1#JAHAOU010000178.1_62411_469262_0$chr1_chm13_103304997_103901127_0	0.8982443295073719 HGDP
HGDP01354 AV_HG01106#haplotype1#0000048:16666181_17262214$HG02630#1#JAHAOQ010000102.1_16672145_17079089_0	0.8982199026648634 HGDP
HGDP01354 HG02071.verkko_filt_pat.fa:haplotype2_0000736_102745972_103248026_0$HG03927.verkko_filt_pat.fa:haplotype2_0000800_29002142_29504057_1	0.8982196715747399 HGDP
HGDP01354 chr1_chm13_103304997_103901127_0$HG02300.verkko_filt_mat.fa:haplotype1_0000028_144052837_144460586_1	0.8982102174504117 HGDP
HGDP01354 AV_HG00673#haplotype1#0000019:16627360_17129375$HG01258#1#JAGYYV010000004.1_56955948_57456952_1	0.8981867509632414 HGDP
HGDP01354 chr1_chm13_103304997_103901127_0$HG01099.verkko_filt_mat.fa:haplotype1_0000034_142513097_142920876_1	0.8981776945812845 HGDP
HGDP01354 HG02080#2#JAHEOV010000017.1_16662177_17164189_0$HG01258#1#JAGYYV010000004.1_56955948_57456952_1	0.8981464886683135 HGDP
HGDP01354 HG02109#1#JAHEPG010000026.1_16673035_17080816_0$chr1_chm13_103304997_103901127_0	0.8981019024210958 HGDP
HGDP01354 HG00621#1#JAHBCD010000034.1_2122997_2624098_1$HG03927.verkko_filt_pat.fa:haplotype2_0000800_29002142_29504057_1	0.8980979612616875 HGDP
HGDP01354 AV_HG01361#haplotype1#0000023:101593539_102001341$chr1_chm13_103304997_103901127_0	0.8980712649639055 HGDP
HGDP01354 chr1_chm13_103304997_103901127_0$NA19240#2#JAHEOL010000010.1_37445323_37853017_0	0.8980638864830293 HGDP
HGDP01354 AV_HG00673#haplotype1#0000019:16627360_17129375$HG01071#1#JAHBCF010000053.1_26607100_27108065_1	0.8980503090632765 HGDP
HGDP01354 HG02486#1#JAGYVM010000007.1_28868414_29370339_1$HG02071.verkko_filt_pat.fa:haplotype2_0000736_102745972_103248026_0	0.8980417130822359 HGDP
HGDP01354 AV_HG01106#haplotype1#0000048:16666181_17262214$HG02630#2#JAHAOP010000089.1_16669255_17076135_0	0.8980346437507466 HGDP
HGDP01354 HG02080#2#JAHEOV010000017.1_16662177_17164189_0$HG01071#1#JAHBCF010000053.1_26607100_27108065_1	0.8980240374693845 HGDP
HGDP01354 HG02486#1#JAGYVM010000007.1_28868414_29370339_1$HG02293.verkko_filt_pat.fa:haplotype2_0000836_148310532_148812524_1	0.8980192966616767 HGDP
HGDP01354 AV_HG01106#haplotype1#0000048:16666181_17262214$HG02818#1#JAHEOS010000101.1_89626_496613_0	0.8980014205444719 HGDP
HGDP01354 AV_HG00673#haplotype2#0001165:24014011_24421797$chr1_chm13_103304997_103901127_0	0.8979923153523393 HGDP
HGDP01354 AV_HG01106#haplotype1#0000048:16666181_17262214$HG02559#1#JAGYVK010000012.1_51505852_51913611_0	0.8979802692741560 HGDP
HGDP01354 HG01258#1#JAGYYV010000004.1_56955948_57456952_1$HG02071.verkko_filt_pat.fa:haplotype2_0000736_102745972_103248026_0	0.8979783306397251 HGDP
HGDP01354 AV_HG01106#haplotype1#0000048:16666181_17262214$AV_HG02257#haplotype2#0001152:102843493_103251377	0.8979612081354414 HGDP
HGDP01354 AV_HG01106#haplotype1#0000048:16666181_17262214$HG03516#2#JAGYYS010000004.1_24452130_24859892_1	0.8979404650318538 HGDP
HGDP01354 HG00621#1#JAHBCD010000034.1_2122997_2624098_1$HG02486#1#JAGYVM010000007.1_28868414_29370339_1	0.8979315516975379 HGDP
HGDP01354 HG01258#1#JAGYYV010000004.1_56955948_57456952_1$HG02293.verkko_filt_pat.fa:haplotype2_0000836_148310532_148812524_1	0.8979271990232891 HGDP
HGDP01354 AV_HG01106#haplotype1#0000048:16666181_17262214$HG03579#1#JAGYVU010000029.1_91404_499180_0	0.8979167033677885 HGDP
HGDP01354 AV_HG01106#haplotype1#0000048:16666181_17262214$NA18906#1#JAHEOO010000054.1_2103477_2510435_1	0.8978785521360275 HGDP
HGDP01354 AV_HG01106#haplotype1#0000048:16666181_17262214$NA19240#1#JAHEOM010000047.1_30103390_30511199_1	0.8978740568219946 HGDP
HGDP01354 HG03516#1#JAGYYT010000012.1_24170958_24578778_1$chr1_chm13_103304997_103901127_0	0.8978624405745049 HGDP
HGDP01354 HG02486#1#JAGYVM010000007.1_28868414_29370339_1$HG01099.verkko_filt_pat.fa:haplotype2_0000583_143544270_144046196_1	0.8978316311431447 HGDP
HGDP01354 AV_HG01106#haplotype1#0000048:16666181_17262214$HG01358#1#JAGYZB010000020.1_27445742_27855492_1	0.8978169892307510 HGDP
HGDP01354 AV_HG01106#haplotype1#0000048:16666181_17262214$HG02622#1#JAHAOO010000002.1_16673678_17080663_0	0.8978136125408740 HGDP
HGDP01354 HG01071#1#JAHBCF010000053.1_26607100_27108065_1$HG02071.verkko_filt_pat.fa:haplotype2_0000736_102745972_103248026_0	0.8978036066555143 HGDP
HGDP01354 AV_HG01106#haplotype1#0000048:16666181_17262214$HG02818#2#JAHEOR010000010.1_31775319_32183091_1	0.8978031263606127 HGDP
HGDP01354 HG01071#1#JAHBCF010000053.1_26607100_27108065_1$HG02293.verkko_filt_pat.fa:haplotype2_0000836_148310532_148812524_1	0.8977983889078462 HGDP
HGDP01354 HG02486#1#JAGYVM010000007.1_28868414_29370339_1$HG04228.verkko_filt_mat.fa:haplotype1_0000023_103429213_103930285_0	0.8977535112391770 HGDP
HGDP01354 HG01109#1#JAHEPA010000099.1_2104245_2511104_1$chr1_chm13_103304997_103901127_0	0.8977490167588362 HGDP
HGDP01354 AV_HG01106#haplotype2#0000932:16673968_17175925$HG01099.verkko_filt_pat.fa:haplotype2_0000583_143544270_144046196_1	0.8977295387683788 HGDP
HGDP01354 HG00621#1#JAHBCD010000034.1_2122997_2624098_1$HG01258#1#JAGYYV010000004.1_56955948_57456952_1	0.8976930314460176 HGDP
HGDP01354 AV_HG01106#haplotype1#0000048:16666181_17262214$HG02717#1#JAHAOS010000015.1_16660311_17067250_0	0.8976659941927627 HGDP
HGDP01354 HG01258#1#JAGYYV010000004.1_56955948_57456952_1$HG04228.verkko_filt_mat.fa:haplotype1_0000023_103429213_103930285_0	0.8975660925462945 HGDP
HGDP01354 HG03540#1#JAGYVY010000208.1_95187_596142_0$HG02486#1#JAGYVM010000007.1_28868414_29370339_1	0.8975495969937648 HGDP
HGDP01354 HG02004.verkko_filt_pat.fa:haplotype2_0000813_139386576_140076845_1$HG002.verkko_filt_pat.fa:haplotype2_0000649_147937390_148315979_1	0.8975472824665612 HGDP
HGDP01354 HG01978#1#JAGYVS010000002.1_51519970_52021951_0$HG01099.verkko_filt_pat.fa:haplotype2_0000583_143544270_144046196_1	0.8975259717919546 HGDP
HGDP01354 HG02145#2#JAHKSF010000206.1_1005292_1413195_1$chr1_chm13_103304997_103901127_0	0.8975162498976140 HGDP
HGDP01354 HG00621#1#JAHBCD010000034.1_2122997_2624098_1$HG01071#1#JAHBCF010000053.1_26607100_27108065_1	0.8974539871559141 HGDP
HGDP01354 HG02630#1#JAHAOQ010000102.1_16672145_17079089_0$chr1_chm13_103304997_103901127_0	0.8974445585791496 HGDP
HGDP01354 AV_HG01106#haplotype2#0000932:16673968_17175925$HG03540#1#JAGYVY010000208.1_95187_596142_0	0.8974398143831741 HGDP
HGDP01354 chr1_chm13_103304997_103901127_0$HG03927.verkko_filt_mat.fa:haplotype1_0000009_134765170_135173010_1	0.8974046720781750 HGDP
HGDP01354 HG02080#2#JAHEOV010000017.1_16662177_17164189_0$HG01099.verkko_filt_pat.fa:haplotype2_0000583_143544270_144046196_1	0.8973549504367394 HGDP
HGDP01354 AV_HG00673#haplotype1#0000019:16627360_17129375$HG01099.verkko_filt_pat.fa:haplotype2_0000583_143544270_144046196_1	0.8973527157796962 HGDP
HGDP01354 HG01071#1#JAHBCF010000053.1_26607100_27108065_1$HG04228.verkko_filt_mat.fa:haplotype1_0000023_103429213_103930285_0	0.8972536121771676 HGDP
HGDP01354 HG02630#2#JAHAOP010000089.1_16669255_17076135_0$chr1_chm13_103304997_103901127_0	0.8972165210612369 HGDP
HGDP01354 HG01978#1#JAGYVS010000002.1_51519970_52021951_0$HG03540#1#JAGYVY010000208.1_95187_596142_0	0.8972041615391292 HGDP
HGDP01354 chr1_chm13_103304997_103901127_0$HG02818#1#JAHEOS010000101.1_89626_496613_0	0.8971346825343922 HGDP
HGDP01354 AV_HG02257#haplotype2#0001152:102843493_103251377$chr1_chm13_103304997_103901127_0	0.8971266065253419 HGDP
HGDP01354 NA18906#1#JAHEOO010000054.1_2103477_2510435_1$chr1_chm13_103304997_103901127_0	0.8971140206747495 HGDP
HGDP01354 chr1_chm13_103304997_103901127_0$HG01358#1#JAGYZB010000020.1_27445742_27855492_1	0.8970179304169549 HGDP
HGDP01354 AV_HG00673#haplotype1#0000019:16627360_17129375$HG03540#1#JAGYVY010000208.1_95187_596142_0	0.8970137585809638 HGDP
HGDP01354 HG02293.verkko_filt_pat.fa:haplotype2_0000836_148310532_148812524_1$HG01099.verkko_filt_pat.fa:haplotype2_0000583_143544270_144046196_1	0.8970010167872809 HGDP
HGDP01354 HG02080#2#JAHEOV010000017.1_16662177_17164189_0$HG03540#1#JAGYVY010000208.1_95187_596142_0	0.8969838306746835 HGDP
HGDP01354 HG02717#1#JAHAOS010000015.1_16660311_17067250_0$chr1_chm13_103304997_103901127_0	0.8969447586106198 HGDP
HGDP01354 HG02071.verkko_filt_pat.fa:haplotype2_0000736_102745972_103248026_0$HG01099.verkko_filt_pat.fa:haplotype2_0000583_143544270_144046196_1	0.8969388185635789 HGDP
HGDP01354 HG02622#1#JAHAOO010000002.1_16673678_17080663_0$chr1_chm13_103304997_103901127_0	0.8969024624443351 HGDP
HGDP01354 HG00621#1#JAHBCD010000034.1_2122997_2624098_1$HG01099.verkko_filt_pat.fa:haplotype2_0000583_143544270_144046196_1	0.8968872775813543 HGDP
HGDP01354 HG00741#1#JAHALY010000007.1_18781197_19307680_1$HG03540#2#JAGYVX010000148.1_1368955_1877115_0	0.8968322958018646 HGDP
HGDP01354 HG04228.verkko_filt_mat.fa:haplotype1_0000023_103429213_103930285_0$HG01099.verkko_filt_pat.fa:haplotype2_0000583_143544270_144046196_1	0.8968175480370666 HGDP
HGDP01354 HG03540#1#JAGYVY010000208.1_95187_596142_0$HG02293.verkko_filt_pat.fa:haplotype2_0000836_148310532_148812524_1	0.8967262132170912 HGDP
HGDP01354 HG03540#1#JAGYVY010000208.1_95187_596142_0$HG02071.verkko_filt_pat.fa:haplotype2_0000736_102745972_103248026_0	0.8967208941399504 HGDP
HGDP01354 HG02559#1#JAGYVK010000012.1_51505852_51913611_0$chr1_chm13_103304997_103901127_0	0.8966973679550710 HGDP
HGDP01354 HG03516#2#JAGYYS010000004.1_24452130_24859892_1$chr1_chm13_103304997_103901127_0	0.8966927483784566 HGDP
HGDP01354 chr1_chm13_103304997_103901127_0$HG03579#1#JAGYVU010000029.1_91404_499180_0	0.8966870257432706 HGDP
HGDP01354 NA19240#1#JAHEOM010000047.1_30103390_30511199_1$chr1_chm13_103304997_103901127_0	0.8966029998765997 HGDP
HGDP01354 HG02818#2#JAHEOR010000010.1_31775319_32183091_1$chr1_chm13_103304997_103901127_0	0.8965394567766292 HGDP
HGDP01354 HG03492#2#JAHEPH010000288.1_2098270_2432686_1$HG03710.verkko_filt_pat.fa:haplotype2_0000488_101614437_102218208_0	0.8964221566469005 HGDP
HGDP01354 HG00621#1#JAHBCD010000034.1_2122997_2624098_1$HG03540#1#JAGYVY010000208.1_95187_596142_0	0.8964169200052999 HGDP
HGDP01354 HG01243#1#JAHEOY010000013.1_90081_424495_0$HG03710.verkko_filt_pat.fa:haplotype2_0000488_101614437_102218208_0	0.8963516211245317 HGDP
HGDP01354 HG03540#1#JAGYVY010000208.1_95187_596142_0$HG04228.verkko_filt_mat.fa:haplotype1_0000023_103429213_103930285_0	0.8962272153512251 HGDP
HGDP01354 HG02145#1#JAHKSG010000134.1_2102465_2647653_1$HG02004.verkko_filt_pat.fa:haplotype2_0000813_139386576_140076845_1	0.8961257977118737 HGDP
HGDP01354 HG02723#2#JAHEOT010000034.1_19776337_20321518_1$HG02004.verkko_filt_pat.fa:haplotype2_0000813_139386576_140076845_1	0.8960934450436493 HGDP
HGDP01354 HG03540#1#JAGYVY010000208.1_95187_596142_0$HG01099.verkko_filt_pat.fa:haplotype2_0000583_143544270_144046196_1	0.8956028924607041 HGDP
HGDP01354 AV_HG01106#haplotype1#0000048:16666181_17262214$chr1_hg38_103456064_103863972_0	0.8952556437409780 HGDP
HGDP01354 AV_HG01106#haplotype1#0000048:16666181_17262214$chr1_hg19_103998686_104406594_0	0.8952556437409780 HGDP
HGDP01354 AV_HG01106#haplotype1#0000048:16666181_17262214$HG02071.verkko_filt_mat.fa:haplotype1_0000041_103610513_104018399_0	0.8951764080180679 HGDP
HGDP01354 AV_HG01106#haplotype1#0000048:16666181_17262214$HG002.verkko_filt_mat.fa:haplotype1_0000005_138228497_138636354_1	0.8951613827944890 HGDP
HGDP01354 AV_HG01106#haplotype1#0000048:16666181_17262214$AV_HG01175#haplotype1#0000070:46006269_46414083	0.8951550388392286 HGDP
HGDP01354 AV_HG01106#haplotype1#0000048:16666181_17262214$HG03453#2#JAGYVV010000088.1_22597550_23005370_1	0.8951520739253348 HGDP
HGDP01354 AV_HG01106#haplotype1#0000048:16666181_17262214$AV_HG02148#haplotype2#0002863:16304803_16712699	0.8950999202147655 HGDP
HGDP01354 AV_HG01106#haplotype1#0000048:16666181_17262214$HG005#2#JAHEPN010000023.1_51542210_51950070_0	0.8950021848308103 HGDP
HGDP01354 AV_HG01106#haplotype1#0000048:16666181_17262214$HG00621#2#JAHBCC010000031.1_16669999_17077865_0	0.8949723434586807 HGDP
HGDP01354 AV_HG01106#haplotype1#0000048:16666181_17262214$HG03486#1#JAHEOQ010000123.1_16677696_17085575_0	0.8948415682772668 HGDP
HGDP01354 AV_HG01106#haplotype1#0000048:16666181_17262214$HG01928#1#JAGYVQ010000053.1_16676493_17083407_0	0.8947968268727039 HGDP
HGDP01354 AV_HG01106#haplotype1#0000048:16666181_17262214$HG01978#2#JAGYVR010000007.1_51532241_51939176_0	0.8947736142448336 HGDP
HGDP01354 AV_HG01106#haplotype1#0000048:16666181_17262214$HG02004.verkko_filt_mat.fa:haplotype1_0000022_97828542_98235483_0	0.8947569412910700 HGDP
HGDP01354 AV_HG01106#haplotype1#0000048:16666181_17262214$HG02300.verkko_filt_pat.fa:haplotype2_0000620_143362344_143769323_1	0.8947314850364856 HGDP
HGDP01354 AV_HG01106#haplotype2#0000932:16673968_17175925$HG01978#1#JAGYVS010000002.1_51519970_52021951_0	0.8945003091759918 HGDP
HGDP01354 HG01258#1#JAGYYV010000004.1_56955948_57456952_1$HG03540#2#JAGYVX010000148.1_1368955_1877115_0	0.8943687398383000 HGDP
HGDP01354 AV_HG00673#haplotype1#0000019:16627360_17129375$AV_HG01106#haplotype2#0000932:16673968_17175925	0.8942633290433176 HGDP
HGDP01354 AV_HG01106#haplotype2#0000932:16673968_17175925$HG02080#2#JAHEOV010000017.1_16662177_17164189_0	0.8942179804863459 HGDP
HGDP01354 HG01071#1#JAHBCF010000053.1_26607100_27108065_1$HG03540#2#JAGYVX010000148.1_1368955_1877115_0	0.8942167831009378 HGDP
HGDP01354 HG02559#2#JAGYVJ010000037.1_52167780_52574597_1$HG02004.verkko_filt_pat.fa:haplotype2_0000813_139386576_140076845_1	0.8941226384454800 HGDP
HGDP01354 AV_HG01106#haplotype2#0000932:16673968_17175925$HG02293.verkko_filt_pat.fa:haplotype2_0000836_148310532_148812524_1	0.8940451002430805 HGDP
HGDP01354 chr1_hg38_103456064_103863972_0$chr1_chm13_103304997_103901127_0	0.8939834868277644 HGDP
HGDP01354 chr1_hg19_103998686_104406594_0$chr1_chm13_103304997_103901127_0	0.8939834868277644 HGDP
HGDP01354 AV_HG01106#haplotype2#0000932:16673968_17175925$HG02071.verkko_filt_pat.fa:haplotype2_0000736_102745972_103248026_0	0.8939671308505486 HGDP
HGDP01354 chr1_chm13_103304997_103901127_0$HG002.verkko_filt_mat.fa:haplotype1_0000005_138228497_138636354_1	0.8939073354097297 HGDP
HGDP01354 AV_HG01106#haplotype2#0000932:16673968_17175925$HG04228.verkko_filt_mat.fa:haplotype1_0000023_103429213_103930285_0	0.8939048553342616 HGDP
HGDP01354 AV_HG01175#haplotype1#0000070:46006269_46414083$chr1_chm13_103304997_103901127_0	0.8939013781890811 HGDP
HGDP01354 AV_HG02148#haplotype2#0002863:16304803_16712699$chr1_chm13_103304997_103901127_0	0.8938929624102117 HGDP
HGDP01354 HG03453#2#JAGYVV010000088.1_22597550_23005370_1$chr1_chm13_103304997_103901127_0	0.8938713593842011 HGDP
HGDP01354 chr1_chm13_103304997_103901127_0$HG02071.verkko_filt_mat.fa:haplotype1_0000041_103610513_104018399_0	0.8938622737515189 HGDP
HGDP01354 AV_HG01106#haplotype2#0000932:16673968_17175925$HG00621#1#JAHBCD010000034.1_2122997_2624098_1	0.8938441490853092 HGDP
HGDP01354 AV_HG00673#haplotype1#0000019:16627360_17129375$HG01978#1#JAGYVS010000002.1_51519970_52021951_0	0.8938413419845354 HGDP
HGDP01354 HG02080#2#JAHEOV010000017.1_16662177_17164189_0$HG01978#1#JAGYVS010000002.1_51519970_52021951_0	0.8937252389772814 HGDP
HGDP01354 HG00621#2#JAHBCC010000031.1_16669999_17077865_0$chr1_chm13_103304997_103901127_0	0.8937157504240654 HGDP
HGDP01354 HG02717#2#JAHAOR010000006.1_19663827_20070693_1$HG02004.verkko_filt_pat.fa:haplotype2_0000813_139386576_140076845_1	0.8936745134151981 HGDP
HGDP01354 HG01123#1#JAGYYZ010000015.1_51528240_51935090_0$HG02004.verkko_filt_pat.fa:haplotype2_0000813_139386576_140076845_1	0.8936595795195483 HGDP
HGDP01354 HG03540#2#JAGYVX010000148.1_1368955_1877115_0$NA18906#2#JAHEON010000009.1_93748295_94249275_0	0.8936558257101375 HGDP
HGDP01354 HG01978#1#JAGYVS010000002.1_51519970_52021951_0$HG02293.verkko_filt_pat.fa:haplotype2_0000836_148310532_148812524_1	0.8936515646559382 HGDP
HGDP01354 HG005#2#JAHEPN010000023.1_51542210_51950070_0$chr1_chm13_103304997_103901127_0	0.8936473520088937 HGDP
HGDP01354 HG005#1#JAHEPO010000002.1_51519219_51926067_0$HG02004.verkko_filt_pat.fa:haplotype2_0000813_139386576_140076845_1	0.8936102728080357 HGDP
HGDP01354 chr1_chm13_103304997_103901127_0$HG02300.verkko_filt_pat.fa:haplotype2_0000620_143362344_143769323_1	0.8935907848891838 HGDP
HGDP01354 HG01928#1#JAGYVQ010000053.1_16676493_17083407_0$chr1_chm13_103304997_103901127_0	0.8935905907571430 HGDP
HGDP01354 HG01978#1#JAGYVS010000002.1_51519970_52021951_0$HG02071.verkko_filt_pat.fa:haplotype2_0000736_102745972_103248026_0	0.8935843976741061 HGDP
HGDP01354 HG03486#1#JAHEOQ010000123.1_16677696_17085575_0$chr1_chm13_103304997_103901127_0	0.8935574730314211 HGDP
HGDP01354 HG01978#1#JAGYVS010000002.1_51519970_52021951_0$HG04228.verkko_filt_mat.fa:haplotype1_0000023_103429213_103930285_0	0.8935325337659977 HGDP
HGDP01354 HG01978#2#JAGYVR010000007.1_51532241_51939176_0$chr1_chm13_103304997_103901127_0	0.8935278039862881 HGDP
HGDP01354 HG01258#2#JAGYYU010000072.1_51562603_51970395_0$HG02004.verkko_filt_pat.fa:haplotype2_0000813_139386576_140076845_1	0.8935070684652034 HGDP
HGDP01354 chr1_chm13_103304997_103901127_0$HG02004.verkko_filt_mat.fa:haplotype1_0000022_97828542_98235483_0	0.8934767120428690 HGDP
HGDP01354 HG00621#1#JAHBCD010000034.1_2122997_2624098_1$HG01978#1#JAGYVS010000002.1_51519970_52021951_0	0.8934080467982598 HGDP
HGDP01354 HG00741#2#JAHALX010000013.1_51574319_51981226_0$HG02004.verkko_filt_pat.fa:haplotype2_0000813_139386576_140076845_1	0.8933049066445635 HGDP
HGDP01354 HG03540#2#JAGYVX010000148.1_1368955_1877115_0$HG03927.verkko_filt_pat.fa:haplotype2_0000800_29002142_29504057_1	0.8932992543569016 HGDP
HGDP01354 HG03492#1#JAHEPI010000180.1_2103395_2543326_1$HG02004.verkko_filt_pat.fa:haplotype2_0000813_139386576_140076845_1	0.8932429431533848 HGDP
HGDP01354 HG03710.verkko_filt_pat.fa:haplotype2_0000488_101614437_102218208_0$HG002.verkko_filt_pat.fa:haplotype2_0000649_147937390_148315979_1	0.8931532822588092 HGDP
HGDP01354 AV_HG00673#haplotype1#0000019:16627360_17129375$HG02293.verkko_filt_pat.fa:haplotype2_0000836_148310532_148812524_1	0.8930469436445017 HGDP
HGDP01354 HG02080#2#JAHEOV010000017.1_16662177_17164189_0$HG02293.verkko_filt_pat.fa:haplotype2_0000836_148310532_148812524_1	0.8930463359406278 HGDP
HGDP01354 AV_HG00673#haplotype1#0000019:16627360_17129375$HG02080#2#JAHEOV010000017.1_16662177_17164189_0	0.8930103477848592 HGDP
HGDP01354 HG02080#2#JAHEOV010000017.1_16662177_17164189_0$HG02071.verkko_filt_pat.fa:haplotype2_0000736_102745972_103248026_0	0.8930046380183471 HGDP
HGDP01354 HG02080#2#JAHEOV010000017.1_16662177_17164189_0$HG04228.verkko_filt_mat.fa:haplotype1_0000023_103429213_103930285_0	0.8929837936201991 HGDP
HGDP01354 AV_HG00673#haplotype1#0000019:16627360_17129375$HG04228.verkko_filt_mat.fa:haplotype1_0000023_103429213_103930285_0	0.8929703900538982 HGDP
HGDP01354 HG02004.verkko_filt_pat.fa:haplotype2_0000813_139386576_140076845_1$HG02809.verkko_filt_pat.fa:haplotype2_0001251_103421111_103827972_0	0.8929526833988283 HGDP
HGDP01354 AV_HG00673#haplotype1#0000019:16627360_17129375$HG02071.verkko_filt_pat.fa:haplotype2_0000736_102745972_103248026_0	0.8929002143285504 HGDP
HGDP01354 HG02486#2#JAGYVL010000029.1_94163344_94570162_0$HG02004.verkko_filt_pat.fa:haplotype2_0000813_139386576_140076845_1	0.8928407586166168 HGDP
HGDP01354 HG00621#1#JAHBCD010000034.1_2122997_2624098_1$HG02080#2#JAHEOV010000017.1_16662177_17164189_0	0.8928163392685469 HGDP
HGDP01354 AV_HG00673#haplotype1#0000019:16627360_17129375$HG00621#1#JAHBCD010000034.1_2122997_2624098_1	0.8927852826710060 HGDP
HGDP01354 HG02080#1#JAHEOW010000048.1_16689583_17097287_0$HG02004.verkko_filt_pat.fa:haplotype2_0000813_139386576_140076845_1	0.8927685433893647 HGDP
HGDP01354 HG02886#1#JAHAOU010000178.1_62411_469262_0$HG02004.verkko_filt_pat.fa:haplotype2_0000813_139386576_140076845_1	0.8927438064111808 HGDP
HGDP01354 HG04228.verkko_filt_mat.fa:haplotype1_0000023_103429213_103930285_0$HG02293.verkko_filt_pat.fa:haplotype2_0000836_148310532_148812524_1	0.8927363977929920 HGDP
HGDP01354 HG02071.verkko_filt_pat.fa:haplotype2_0000736_102745972_103248026_0$HG02293.verkko_filt_pat.fa:haplotype2_0000836_148310532_148812524_1	0.8926945245223024 HGDP
HGDP01354 HG02004.verkko_filt_pat.fa:haplotype2_0000813_139386576_140076845_1$HG02300.verkko_filt_mat.fa:haplotype1_0000028_144052837_144460586_1	0.8926168946745265 HGDP
HGDP01354 HG02004.verkko_filt_pat.fa:haplotype2_0000813_139386576_140076845_1$HG01099.verkko_filt_mat.fa:haplotype1_0000034_142513097_142920876_1	0.8926135416001874 HGDP
HGDP01354 HG00621#1#JAHBCD010000034.1_2122997_2624098_1$HG02293.verkko_filt_pat.fa:haplotype2_0000836_148310532_148812524_1	0.8925967018740669 HGDP
HGDP01354 HG03540#2#JAGYVX010000148.1_1368955_1877115_0$HG02486#1#JAGYVM010000007.1_28868414_29370339_1	0.8925935323772319 HGDP
HGDP01354 HG04228.verkko_filt_mat.fa:haplotype1_0000023_103429213_103930285_0$HG02071.verkko_filt_pat.fa:haplotype2_0000736_102745972_103248026_0	0.8925550393990306 HGDP
HGDP01354 NA19240#2#JAHEOL010000010.1_37445323_37853017_0$HG02004.verkko_filt_pat.fa:haplotype2_0000813_139386576_140076845_1	0.8925144333951085 HGDP
HGDP01354 HG02109#1#JAHEPG010000026.1_16673035_17080816_0$HG02004.verkko_filt_pat.fa:haplotype2_0000813_139386576_140076845_1	0.8924993135141984 HGDP
HGDP01354 AV_HG01361#haplotype1#0000023:101593539_102001341$HG02004.verkko_filt_pat.fa:haplotype2_0000813_139386576_140076845_1	0.8923973063925394 HGDP
HGDP01354 HG03516#1#JAGYYT010000012.1_24170958_24578778_1$HG02004.verkko_filt_pat.fa:haplotype2_0000813_139386576_140076845_1	0.8923296123069795 HGDP
HGDP01354 HG01109#1#JAHEPA010000099.1_2104245_2511104_1$HG02004.verkko_filt_pat.fa:haplotype2_0000813_139386576_140076845_1	0.8922795133912843 HGDP
HGDP01354 HG00621#1#JAHBCD010000034.1_2122997_2624098_1$HG04228.verkko_filt_mat.fa:haplotype1_0000023_103429213_103930285_0	0.8922537048667966 HGDP
HGDP01354 AV_HG00673#haplotype2#0001165:24014011_24421797$HG02004.verkko_filt_pat.fa:haplotype2_0000813_139386576_140076845_1	0.8922147358770557 HGDP
HGDP01354 HG00621#1#JAHBCD010000034.1_2122997_2624098_1$HG02071.verkko_filt_pat.fa:haplotype2_0000736_102745972_103248026_0	0.8921839562588649 HGDP
HGDP01354 HG02145#2#JAHKSF010000206.1_1005292_1413195_1$HG02004.verkko_filt_pat.fa:haplotype2_0000813_139386576_140076845_1	0.8919167628200260 HGDP
HGDP01354 HG02630#1#JAHAOQ010000102.1_16672145_17079089_0$HG02004.verkko_filt_pat.fa:haplotype2_0000813_139386576_140076845_1	0.8918675122816787 HGDP
HGDP01354 AV_HG01106#haplotype2#0000932:16673968_17175925$HG03540#2#JAGYVX010000148.1_1368955_1877115_0	0.8918335734097702 HGDP
HGDP01354 HG02004.verkko_filt_pat.fa:haplotype2_0000813_139386576_140076845_1$HG03927.verkko_filt_mat.fa:haplotype1_0000009_134765170_135173010_1	0.8918035268087887 HGDP
HGDP01354 HG01978#1#JAGYVS010000002.1_51519970_52021951_0$HG03540#2#JAGYVX010000148.1_1368955_1877115_0	0.8917182104316517 HGDP
HGDP01354 HG03540#2#JAGYVX010000148.1_1368955_1877115_0$HG01099.verkko_filt_pat.fa:haplotype2_0000583_143544270_144046196_1	0.8916596067566398 HGDP
HGDP01354 HG02818#1#JAHEOS010000101.1_89626_496613_0$HG02004.verkko_filt_pat.fa:haplotype2_0000813_139386576_140076845_1	0.8915973597624951 HGDP
HGDP01354 AV_HG02257#haplotype2#0001152:102843493_103251377$HG02004.verkko_filt_pat.fa:haplotype2_0000813_139386576_140076845_1	0.8915822010715161 HGDP
HGDP01354 HG02630#2#JAHAOP010000089.1_16669255_17076135_0$HG02004.verkko_filt_pat.fa:haplotype2_0000813_139386576_140076845_1	0.8915772895417916 HGDP
HGDP01354 NA18906#1#JAHEOO010000054.1_2103477_2510435_1$HG02004.verkko_filt_pat.fa:haplotype2_0000813_139386576_140076845_1	0.8915699769437152 HGDP
HGDP01354 HG03540#2#JAGYVX010000148.1_1368955_1877115_0$HG03540#1#JAGYVY010000208.1_95187_596142_0	0.8913995107763901 HGDP
HGDP01354 HG02622#1#JAHAOO010000002.1_16673678_17080663_0$HG02004.verkko_filt_pat.fa:haplotype2_0000813_139386576_140076845_1	0.8913507306961753 HGDP
HGDP01354 HG02717#1#JAHAOS010000015.1_16660311_17067250_0$HG02004.verkko_filt_pat.fa:haplotype2_0000813_139386576_140076845_1	0.8913315827043448 HGDP
HGDP01354 HG01358#1#JAGYZB010000020.1_27445742_27855492_1$HG02004.verkko_filt_pat.fa:haplotype2_0000813_139386576_140076845_1	0.8913077864285962 HGDP
HGDP01354 HG02559#1#JAGYVK010000012.1_51505852_51913611_0$HG02004.verkko_filt_pat.fa:haplotype2_0000813_139386576_140076845_1	0.8912558472377586 HGDP
HGDP01354 HG03516#2#JAGYYS010000004.1_24452130_24859892_1$HG02004.verkko_filt_pat.fa:haplotype2_0000813_139386576_140076845_1	0.8912100494489170 HGDP
HGDP01354 HG03579#1#JAGYVU010000029.1_91404_499180_0$HG02004.verkko_filt_pat.fa:haplotype2_0000813_139386576_140076845_1	0.8911844683870548 HGDP
HGDP01354 HG02080#2#JAHEOV010000017.1_16662177_17164189_0$HG03540#2#JAGYVX010000148.1_1368955_1877115_0	0.8911441266979893 HGDP
HGDP01354 AV_HG00673#haplotype1#0000019:16627360_17129375$HG03540#2#JAGYVX010000148.1_1368955_1877115_0	0.8911171539592717 HGDP
HGDP01354 NA19240#1#JAHEOM010000047.1_30103390_30511199_1$HG02004.verkko_filt_pat.fa:haplotype2_0000813_139386576_140076845_1	0.8911051978966094 HGDP
HGDP01354 HG02818#2#JAHEOR010000010.1_31775319_32183091_1$HG02004.verkko_filt_pat.fa:haplotype2_0000813_139386576_140076845_1	0.8910744506534007 HGDP
HGDP01354 HG02723#2#JAHEOT010000034.1_19776337_20321518_1$HG02145#1#JAHKSG010000134.1_2102465_2647653_1	0.8910111082700861 HGDP
HGDP01354 HG03540#2#JAGYVX010000148.1_1368955_1877115_0$HG02071.verkko_filt_pat.fa:haplotype2_0000736_102745972_103248026_0	0.8908720489897423 HGDP
HGDP01354 HG03540#2#JAGYVX010000148.1_1368955_1877115_0$HG02293.verkko_filt_pat.fa:haplotype2_0000836_148310532_148812524_1	0.8908613245112610 HGDP
HGDP01354 HG00621#1#JAHBCD010000034.1_2122997_2624098_1$HG03540#2#JAGYVX010000148.1_1368955_1877115_0	0.8908211055790497 HGDP
HGDP01354 HG03540#2#JAGYVX010000148.1_1368955_1877115_0$HG04228.verkko_filt_mat.fa:haplotype1_0000023_103429213_103930285_0	0.8907925351856879 HGDP
HGDP01354 AV_HG01106#haplotype1#0000048:16666181_17262214$HG00741#1#JAHALY010000007.1_18781197_19307680_1	0.8897582732390497 HGDP
HGDP01354 HG02559#2#JAGYVJ010000037.1_52167780_52574597_1$HG03710.verkko_filt_pat.fa:haplotype2_0000488_101614437_102218208_0	0.8891192481300532 HGDP
HGDP01354 AV_HG00673#haplotype2#0001165:24014011_24421797$HG03710.verkko_filt_pat.fa:haplotype2_0000488_101614437_102218208_0	0.8890652611714167 HGDP
HGDP01354 HG02080#1#JAHEOW010000048.1_16689583_17097287_0$HG03710.verkko_filt_pat.fa:haplotype2_0000488_101614437_102218208_0	0.8889742479715929 HGDP
HGDP01354 HG03710.verkko_filt_pat.fa:haplotype2_0000488_101614437_102218208_0$HG01099.verkko_filt_mat.fa:haplotype1_0000034_142513097_142920876_1	0.8888738931056106 HGDP
HGDP01354 AV_HG01361#haplotype1#0000023:101593539_102001341$HG03710.verkko_filt_pat.fa:haplotype2_0000488_101614437_102218208_0	0.8888737541050818 HGDP
HGDP01354 HG03710.verkko_filt_pat.fa:haplotype2_0000488_101614437_102218208_0$HG02300.verkko_filt_mat.fa:haplotype1_0000028_144052837_144460586_1	0.8888528382014274 HGDP
HGDP01354 NA19240#2#JAHEOL010000010.1_37445323_37853017_0$HG03710.verkko_filt_pat.fa:haplotype2_0000488_101614437_102218208_0	0.8887684603947410 HGDP
HGDP01354 HG01258#2#JAGYYU010000072.1_51562603_51970395_0$HG03710.verkko_filt_pat.fa:haplotype2_0000488_101614437_102218208_0	0.8887673388301185 HGDP
HGDP01354 HG02717#2#JAHAOR010000006.1_19663827_20070693_1$HG03710.verkko_filt_pat.fa:haplotype2_0000488_101614437_102218208_0	0.8887258429539674 HGDP
HGDP01354 HG01123#1#JAGYYZ010000015.1_51528240_51935090_0$HG03710.verkko_filt_pat.fa:haplotype2_0000488_101614437_102218208_0	0.8887068135512743 HGDP
HGDP01354 HG03516#1#JAGYYT010000012.1_24170958_24578778_1$HG03710.verkko_filt_pat.fa:haplotype2_0000488_101614437_102218208_0	0.8886907376414983 HGDP
HGDP01354 HG00741#1#JAHALY010000007.1_18781197_19307680_1$chr1_chm13_103304997_103901127_0	0.8886712966389808 HGDP
HGDP01354 AV_HG01175#haplotype1#0000070:46006269_46414083$HG02004.verkko_filt_pat.fa:haplotype2_0000813_139386576_140076845_1	0.8886528202052818 HGDP
HGDP01354 HG005#1#JAHEPO010000002.1_51519219_51926067_0$HG03710.verkko_filt_pat.fa:haplotype2_0000488_101614437_102218208_0	0.8886381001662288 HGDP
HGDP01354 AV_HG02148#haplotype2#0002863:16304803_16712699$HG02004.verkko_filt_pat.fa:haplotype2_0000813_139386576_140076845_1	0.8886237468279606 HGDP
HGDP01354 HG03453#2#JAGYVV010000088.1_22597550_23005370_1$HG02004.verkko_filt_pat.fa:haplotype2_0000813_139386576_140076845_1	0.8885294908430369 HGDP
HGDP01354 HG02004.verkko_filt_pat.fa:haplotype2_0000813_139386576_140076845_1$HG02071.verkko_filt_mat.fa:haplotype1_0000041_103610513_104018399_0	0.8885193419305765 HGDP
HGDP01354 AV_HG01106#haplotype1#0000048:16666181_17262214$HG02622#2#JAHAON010000012.1_51551779_52031001_0	0.8884941756862963 HGDP
HGDP01354 HG00741#2#JAHALX010000013.1_51574319_51981226_0$HG03710.verkko_filt_pat.fa:haplotype2_0000488_101614437_102218208_0	0.8884510444466432 HGDP
HGDP01354 HG00621#2#JAHBCC010000031.1_16669999_17077865_0$HG02004.verkko_filt_pat.fa:haplotype2_0000813_139386576_140076845_1	0.8884327703854681 HGDP
HGDP01354 HG02109#1#JAHEPG010000026.1_16673035_17080816_0$HG03710.verkko_filt_pat.fa:haplotype2_0000488_101614437_102218208_0	0.8883767611614033 HGDP
HGDP01354 HG02004.verkko_filt_pat.fa:haplotype2_0000813_139386576_140076845_1$HG002.verkko_filt_mat.fa:haplotype1_0000005_138228497_138636354_1	0.8883766906563286 HGDP
HGDP01354 AV_HG01106#haplotype1#0000048:16666181_17262214$NA20129#2#JAHEPD010000155.1_90039_569275_0	0.8883688904470002 HGDP
HGDP01354 AV_HG01106#haplotype1#0000048:16666181_17262214$HG03486#2#JAHEOP010000248.1_2105565_2584784_1	0.8883577479639321 HGDP
HGDP01354 chr1_hg38_103456064_103863972_0$HG02004.verkko_filt_pat.fa:haplotype2_0000813_139386576_140076845_1	0.8883089251773307 HGDP
HGDP01354 chr1_hg19_103998686_104406594_0$HG02004.verkko_filt_pat.fa:haplotype2_0000813_139386576_140076845_1	0.8883089251773307 HGDP
HGDP01354 HG02004.verkko_filt_pat.fa:haplotype2_0000813_139386576_140076845_1$HG02300.verkko_filt_pat.fa:haplotype2_0000620_143362344_143769323_1	0.8882434057414095 HGDP
HGDP01354 HG03710.verkko_filt_pat.fa:haplotype2_0000488_101614437_102218208_0$HG02809.verkko_filt_pat.fa:haplotype2_0001251_103421111_103827972_0	0.8882066129005242 HGDP
HGDP01354 AV_HG01106#haplotype1#0000048:16666181_17262214$HG03453#1#JAGYVW010000157.1_2105722_2585000_1	0.8881378305793228 HGDP
HGDP01354 HG02145#2#JAHKSF010000206.1_1005292_1413195_1$HG03710.verkko_filt_pat.fa:haplotype2_0000488_101614437_102218208_0	0.8881378104818775 HGDP
HGDP01354 HG03710.verkko_filt_pat.fa:haplotype2_0000488_101614437_102218208_0$HG03927.verkko_filt_mat.fa:haplotype1_0000009_134765170_135173010_1	0.8881150649303350 HGDP
HGDP01354 HG005#2#JAHEPN010000023.1_51542210_51950070_0$HG02004.verkko_filt_pat.fa:haplotype2_0000813_139386576_140076845_1	0.8880690084778029 HGDP
HGDP01354 HG03486#1#JAHEOQ010000123.1_16677696_17085575_0$HG02004.verkko_filt_pat.fa:haplotype2_0000813_139386576_140076845_1	0.8879961753776726 HGDP
HGDP01354 HG01109#1#JAHEPA010000099.1_2104245_2511104_1$HG03710.verkko_filt_pat.fa:haplotype2_0000488_101614437_102218208_0	0.8879833540683233 HGDP
HGDP01354 HG02622#2#JAHAON010000012.1_51551779_52031001_0$chr1_chm13_103304997_103901127_0	0.8878565724608364 HGDP
HGDP01354 HG01978#2#JAGYVR010000007.1_51532241_51939176_0$HG02004.verkko_filt_pat.fa:haplotype2_0000813_139386576_140076845_1	0.8878559111888874 HGDP
HGDP01354 AV_HG02257#haplotype2#0001152:102843493_103251377$HG03710.verkko_filt_pat.fa:haplotype2_0000488_101614437_102218208_0	0.8878419865717297 HGDP
HGDP01354 HG02004.verkko_filt_pat.fa:haplotype2_0000813_139386576_140076845_1$HG02004.verkko_filt_mat.fa:haplotype1_0000022_97828542_98235483_0	0.8878173668192295 HGDP
HGDP01354 HG02630#1#JAHAOQ010000102.1_16672145_17079089_0$HG03710.verkko_filt_pat.fa:haplotype2_0000488_101614437_102218208_0	0.8877792162540121 HGDP
HGDP01354 HG01928#1#JAGYVQ010000053.1_16676493_17083407_0$HG02004.verkko_filt_pat.fa:haplotype2_0000813_139386576_140076845_1	0.8877637064608705 HGDP
HGDP01354 chr1_hg38_103456064_103863972_0$HG03710.verkko_filt_pat.fa:haplotype2_0000488_101614437_102218208_0	0.8877502860344026 HGDP
HGDP01354 chr1_hg19_103998686_104406594_0$HG03710.verkko_filt_pat.fa:haplotype2_0000488_101614437_102218208_0	0.8877502860344026 HGDP
HGDP01354 NA20129#2#JAHEPD010000155.1_90039_569275_0$chr1_chm13_103304997_103901127_0	0.8877316151720194 HGDP
HGDP01354 AV_HG02148#haplotype2#0002863:16304803_16712699$HG03710.verkko_filt_pat.fa:haplotype2_0000488_101614437_102218208_0	0.8877124070274095 HGDP
HGDP01354 HG03710.verkko_filt_pat.fa:haplotype2_0000488_101614437_102218208_0$HG002.verkko_filt_mat.fa:haplotype1_0000005_138228497_138636354_1	0.8876989196862747 HGDP
HGDP01354 HG02071.verkko_filt_mat.fa:haplotype1_0000041_103610513_104018399_0$HG03710.verkko_filt_pat.fa:haplotype2_0000488_101614437_102218208_0	0.8876561356090776 HGDP
HGDP01354 AV_HG01106#haplotype1#0000048:16666181_17262214$HG01109#2#JAHEOZ010000047.1_16671232_17151375_0	0.8876421107072102 HGDP
HGDP01354 HG00621#2#JAHBCC010000031.1_16669999_17077865_0$HG03710.verkko_filt_pat.fa:haplotype2_0000488_101614437_102218208_0	0.8876203786898964 HGDP
HGDP01354 HG02818#1#JAHEOS010000101.1_89626_496613_0$HG03710.verkko_filt_pat.fa:haplotype2_0000488_101614437_102218208_0	0.8876181329944095 HGDP
HGDP01354 NA18906#1#JAHEOO010000054.1_2103477_2510435_1$HG03710.verkko_filt_pat.fa:haplotype2_0000488_101614437_102218208_0	0.8875988168569108 HGDP
HGDP01354 AV_HG01175#haplotype1#0000070:46006269_46414083$HG03710.verkko_filt_pat.fa:haplotype2_0000488_101614437_102218208_0	0.8875926164598720 HGDP
HGDP01354 HG03486#2#JAHEOP010000248.1_2105565_2584784_1$chr1_chm13_103304997_103901127_0	0.8875889254562535 HGDP
HGDP01354 HG005#2#JAHEPN010000023.1_51542210_51950070_0$HG03710.verkko_filt_pat.fa:haplotype2_0000488_101614437_102218208_0	0.8875347055233129 HGDP
HGDP01354 HG03492#1#JAHEPI010000180.1_2103395_2543326_1$HG03710.verkko_filt_pat.fa:haplotype2_0000488_101614437_102218208_0	0.8874561238637381 HGDP
HGDP01354 AV_HG01106#haplotype1#0000048:16666181_17262214$HG00438#1#JAHBCB010000015.1_33474867_33954171_0	0.8874330458697895 HGDP
HGDP01354 HG03453#1#JAGYVW010000157.1_2105722_2585000_1$chr1_chm13_103304997_103901127_0	0.8874186668912106 HGDP
HGDP01354 HG02717#1#JAHAOS010000015.1_16660311_17067250_0$HG03710.verkko_filt_pat.fa:haplotype2_0000488_101614437_102218208_0	0.8874132967489395 HGDP
HGDP01354 HG03486#1#JAHEOQ010000123.1_16677696_17085575_0$HG03710.verkko_filt_pat.fa:haplotype2_0000488_101614437_102218208_0	0.8874078867090863 HGDP
HGDP01354 HG02622#1#JAHAOO010000002.1_16673678_17080663_0$HG03710.verkko_filt_pat.fa:haplotype2_0000488_101614437_102218208_0	0.8874001227565037 HGDP
HGDP01354 HG03453#2#JAGYVV010000088.1_22597550_23005370_1$HG03710.verkko_filt_pat.fa:haplotype2_0000488_101614437_102218208_0	0.8873979331278664 HGDP
HGDP01354 HG02886#1#JAHAOU010000178.1_62411_469262_0$HG03710.verkko_filt_pat.fa:haplotype2_0000488_101614437_102218208_0	0.8873179240952774 HGDP
HGDP01354 HG01978#2#JAGYVR010000007.1_51532241_51939176_0$HG03710.verkko_filt_pat.fa:haplotype2_0000488_101614437_102218208_0	0.8872908445009279 HGDP
HGDP01354 HG02486#2#JAGYVL010000029.1_94163344_94570162_0$HG03710.verkko_filt_pat.fa:haplotype2_0000488_101614437_102218208_0	0.8872777353384623 HGDP
HGDP01354 HG03710.verkko_filt_pat.fa:haplotype2_0000488_101614437_102218208_0$HG02300.verkko_filt_pat.fa:haplotype2_0000620_143362344_143769323_1	0.8872526625457535 HGDP
HGDP01354 HG02004.verkko_filt_mat.fa:haplotype1_0000022_97828542_98235483_0$HG03710.verkko_filt_pat.fa:haplotype2_0000488_101614437_102218208_0	0.8871562027384108 HGDP
HGDP01354 HG01928#1#JAGYVQ010000053.1_16676493_17083407_0$HG03710.verkko_filt_pat.fa:haplotype2_0000488_101614437_102218208_0	0.8871513325232723 HGDP
HGDP01354 HG03516#2#JAGYYS010000004.1_24452130_24859892_1$HG03710.verkko_filt_pat.fa:haplotype2_0000488_101614437_102218208_0	0.8870896057104136 HGDP
HGDP01354 HG02559#1#JAGYVK010000012.1_51505852_51913611_0$HG03710.verkko_filt_pat.fa:haplotype2_0000488_101614437_102218208_0	0.8870575210259534 HGDP
HGDP01354 HG03579#1#JAGYVU010000029.1_91404_499180_0$HG03710.verkko_filt_pat.fa:haplotype2_0000488_101614437_102218208_0	0.8869991171691396 HGDP
HGDP01354 NA19240#1#JAHEOM010000047.1_30103390_30511199_1$HG03710.verkko_filt_pat.fa:haplotype2_0000488_101614437_102218208_0	0.8869620968367883 HGDP
HGDP01354 HG02818#2#JAHEOR010000010.1_31775319_32183091_1$HG03710.verkko_filt_pat.fa:haplotype2_0000488_101614437_102218208_0	0.8868254074062009 HGDP
HGDP01354 HG02630#2#JAHAOP010000089.1_16669255_17076135_0$HG03710.verkko_filt_pat.fa:haplotype2_0000488_101614437_102218208_0	0.8867319716285333 HGDP
HGDP01354 HG01109#2#JAHEOZ010000047.1_16671232_17151375_0$chr1_chm13_103304997_103901127_0	0.8865377315542265 HGDP
HGDP01354 HG00438#1#JAHBCB010000015.1_33474867_33954171_0$chr1_chm13_103304997_103901127_0	0.8864206828516926 HGDP
HGDP01354 HG02723#2#JAHEOT010000034.1_19776337_20321518_1$HG03710.verkko_filt_pat.fa:haplotype2_0000488_101614437_102218208_0	0.8859216214770996 HGDP
HGDP01354 HG02145#1#JAHKSG010000134.1_2102465_2647653_1$HG03710.verkko_filt_pat.fa:haplotype2_0000488_101614437_102218208_0	0.8859000441582568 HGDP
HGDP01354 HG00741#1#JAHALY010000007.1_18781197_19307680_1$HG02004.verkko_filt_pat.fa:haplotype2_0000813_139386576_140076845_1	0.8837158076775520 HGDP
HGDP01354 HG02622#2#JAHAON010000012.1_51551779_52031001_0$HG02004.verkko_filt_pat.fa:haplotype2_0000813_139386576_140076845_1	0.8831300714113102 HGDP
HGDP01354 HG03453#1#JAGYVW010000157.1_2105722_2585000_1$HG02004.verkko_filt_pat.fa:haplotype2_0000813_139386576_140076845_1	0.8831252308958679 HGDP
HGDP01354 NA20129#2#JAHEPD010000155.1_90039_569275_0$HG02004.verkko_filt_pat.fa:haplotype2_0000813_139386576_140076845_1	0.8830060052895394 HGDP
HGDP01354 HG03486#2#JAHEOP010000248.1_2105565_2584784_1$HG02004.verkko_filt_pat.fa:haplotype2_0000813_139386576_140076845_1	0.8829963780883032 HGDP
HGDP01354 HG01109#2#JAHEOZ010000047.1_16671232_17151375_0$HG02004.verkko_filt_pat.fa:haplotype2_0000813_139386576_140076845_1	0.8819490695524417 HGDP
HGDP01354 HG00438#1#JAHBCB010000015.1_33474867_33954171_0$HG02004.verkko_filt_pat.fa:haplotype2_0000813_139386576_140076845_1	0.8817206632944653 HGDP
HGDP01354 HG01358#1#JAGYZB010000020.1_27445742_27855492_1$HG03710.verkko_filt_pat.fa:haplotype2_0000488_101614437_102218208_0	0.8793939431631208 HGDP
HGDP01354 HG03486#2#JAHEOP010000248.1_2105565_2584784_1$HG03710.verkko_filt_pat.fa:haplotype2_0000488_101614437_102218208_0	0.8788434656566882 HGDP
HGDP01354 HG02622#2#JAHAON010000012.1_51551779_52031001_0$HG03710.verkko_filt_pat.fa:haplotype2_0000488_101614437_102218208_0	0.8787256751181761 HGDP
HGDP01354 NA20129#2#JAHEPD010000155.1_90039_569275_0$HG03710.verkko_filt_pat.fa:haplotype2_0000488_101614437_102218208_0	0.8786108904214741 HGDP
HGDP01354 HG01109#2#JAHEOZ010000047.1_16671232_17151375_0$HG03710.verkko_filt_pat.fa:haplotype2_0000488_101614437_102218208_0	0.8783955104542979 HGDP
HGDP01354 HG03453#1#JAGYVW010000157.1_2105722_2585000_1$HG03710.verkko_filt_pat.fa:haplotype2_0000488_101614437_102218208_0	0.8783379375905550 HGDP
HGDP01354 HG00438#1#JAHBCB010000015.1_33474867_33954171_0$HG03710.verkko_filt_pat.fa:haplotype2_0000488_101614437_102218208_0	0.8781026257583979 HGDP
HGDP01354 AV_HG01106#haplotype1#0000048:16666181_17262214$HG03927.verkko_filt_pat.fa:haplotype2_0000800_29002142_29504057_1	0.8757445098755439 HGDP
HGDP01354 AV_HG01106#haplotype1#0000048:16666181_17262214$NA18906#2#JAHEON010000009.1_93748295_94249275_0	0.8754132465378495 HGDP
HGDP01354 AV_HG01106#haplotype1#0000048:16666181_17262214$HG02486#1#JAGYVM010000007.1_28868414_29370339_1	0.8750518389176628 HGDP
HGDP01354 NA18906#2#JAHEON010000009.1_93748295_94249275_0$chr1_chm13_103304997_103901127_0	0.8747533912294041 HGDP
HGDP01354 chr1_chm13_103304997_103901127_0$HG03927.verkko_filt_pat.fa:haplotype2_0000800_29002142_29504057_1	0.8746830804343775 HGDP
HGDP01354 AV_HG01106#haplotype1#0000048:16666181_17262214$HG01258#1#JAGYYV010000004.1_56955948_57456952_1	0.8744571451484936 HGDP
HGDP01354 AV_HG01106#haplotype1#0000048:16666181_17262214$HG01071#1#JAHBCF010000053.1_26607100_27108065_1	0.8743558298039462 HGDP
HGDP01354 AV_HG01106#haplotype1#0000048:16666181_17262214$HG01099.verkko_filt_pat.fa:haplotype2_0000583_143544270_144046196_1	0.8742630756890297 HGDP
HGDP01354 HG02486#1#JAGYVM010000007.1_28868414_29370339_1$chr1_chm13_103304997_103901127_0	0.8741362933309270 HGDP
HGDP01354 AV_HG01106#haplotype1#0000048:16666181_17262214$HG03540#1#JAGYVY010000208.1_95187_596142_0	0.8738558073876804 HGDP
HGDP01354 HG01258#1#JAGYYV010000004.1_56955948_57456952_1$chr1_chm13_103304997_103901127_0	0.8738366199571806 HGDP
HGDP01354 HG01071#1#JAHBCF010000053.1_26607100_27108065_1$chr1_chm13_103304997_103901127_0	0.8737181123659684 HGDP
HGDP01354 chr1_chm13_103304997_103901127_0$HG01099.verkko_filt_pat.fa:haplotype2_0000583_143544270_144046196_1	0.8732493833850734 HGDP
HGDP01354 HG03540#1#JAGYVY010000208.1_95187_596142_0$chr1_chm13_103304997_103901127_0	0.8729376809473807 HGDP
HGDP01354 HG00741#1#JAHALY010000007.1_18781197_19307680_1$HG03710.verkko_filt_pat.fa:haplotype2_0000488_101614437_102218208_0	0.8725346805022673 HGDP
HGDP01354 AV_HG01106#haplotype1#0000048:16666181_17262214$AV_HG01106#haplotype2#0000932:16673968_17175925	0.8715471436800896 HGDP
HGDP01354 AV_HG00673#haplotype1#0000019:16627360_17129375$AV_HG01106#haplotype1#0000048:16666181_17262214	0.8711326903259954 HGDP
HGDP01354 AV_HG01106#haplotype1#0000048:16666181_17262214$HG02080#2#JAHEOV010000017.1_16662177_17164189_0	0.8710285153512883 HGDP
HGDP01354 AV_HG01106#haplotype1#0000048:16666181_17262214$HG02071.verkko_filt_pat.fa:haplotype2_0000736_102745972_103248026_0	0.8709677003717085 HGDP
HGDP01354 AV_HG01106#haplotype1#0000048:16666181_17262214$HG01978#1#JAGYVS010000002.1_51519970_52021951_0	0.8708920697010794 HGDP
HGDP01354 AV_HG01106#haplotype1#0000048:16666181_17262214$HG02293.verkko_filt_pat.fa:haplotype2_0000836_148310532_148812524_1	0.8708766983016322 HGDP
HGDP01354 AV_HG01106#haplotype1#0000048:16666181_17262214$HG00621#1#JAHBCD010000034.1_2122997_2624098_1	0.8706996470018828 HGDP
HGDP01354 AV_HG01106#haplotype1#0000048:16666181_17262214$HG04228.verkko_filt_mat.fa:haplotype1_0000023_103429213_103930285_0	0.8706603049152652 HGDP
HGDP01354 NA18906#2#JAHEON010000009.1_93748295_94249275_0$HG02004.verkko_filt_pat.fa:haplotype2_0000813_139386576_140076845_1	0.8706326109078891 HGDP
HGDP01354 AV_HG01106#haplotype2#0000932:16673968_17175925$chr1_chm13_103304997_103901127_0	0.8705388386851463 HGDP
HGDP01354 HG02004.verkko_filt_pat.fa:haplotype2_0000813_139386576_140076845_1$HG03927.verkko_filt_pat.fa:haplotype2_0000800_29002142_29504057_1	0.8704460977652030 HGDP
HGDP01354 AV_HG01106#haplotype1#0000048:16666181_17262214$HG03540#2#JAGYVX010000148.1_1368955_1877115_0	0.8702078561186157 HGDP
HGDP01354 HG02486#1#JAGYVM010000007.1_28868414_29370339_1$HG02004.verkko_filt_pat.fa:haplotype2_0000813_139386576_140076845_1	0.8701574841785613 HGDP
HGDP01354 AV_HG00673#haplotype1#0000019:16627360_17129375$chr1_chm13_103304997_103901127_0	0.8700179895369790 HGDP
HGDP01354 HG02080#2#JAHEOV010000017.1_16662177_17164189_0$chr1_chm13_103304997_103901127_0	0.8699516245909724 HGDP
HGDP01354 HG01258#1#JAGYYV010000004.1_56955948_57456952_1$HG02004.verkko_filt_pat.fa:haplotype2_0000813_139386576_140076845_1	0.8699189117371274 HGDP
HGDP01354 HG01978#1#JAGYVS010000002.1_51519970_52021951_0$chr1_chm13_103304997_103901127_0	0.8698572921375903 HGDP
HGDP01354 HG01071#1#JAHBCF010000053.1_26607100_27108065_1$HG02004.verkko_filt_pat.fa:haplotype2_0000813_139386576_140076845_1	0.8698527738161164 HGDP
HGDP01354 chr1_chm13_103304997_103901127_0$HG02071.verkko_filt_pat.fa:haplotype2_0000736_102745972_103248026_0	0.8698086851243497 HGDP
HGDP01354 chr1_chm13_103304997_103901127_0$HG02293.verkko_filt_pat.fa:haplotype2_0000836_148310532_148812524_1	0.8697909174361185 HGDP
HGDP01354 HG00621#1#JAHBCD010000034.1_2122997_2624098_1$chr1_chm13_103304997_103901127_0	0.8696360234947113 HGDP
HGDP01354 chr1_chm13_103304997_103901127_0$HG04228.verkko_filt_mat.fa:haplotype1_0000023_103429213_103930285_0	0.8696181777117195 HGDP
HGDP01354 HG02004.verkko_filt_pat.fa:haplotype2_0000813_139386576_140076845_1$HG01099.verkko_filt_pat.fa:haplotype2_0000583_143544270_144046196_1	0.8692387756831453 HGDP
HGDP01354 HG03540#2#JAGYVX010000148.1_1368955_1877115_0$chr1_chm13_103304997_103901127_0	0.8691607041993342 HGDP
HGDP01354 HG03540#1#JAGYVY010000208.1_95187_596142_0$HG02004.verkko_filt_pat.fa:haplotype2_0000813_139386576_140076845_1	0.8689781035634129 HGDP
HGDP01354 HG03710.verkko_filt_pat.fa:haplotype2_0000488_101614437_102218208_0$HG03927.verkko_filt_pat.fa:haplotype2_0000800_29002142_29504057_1	0.8681532796055283 HGDP
HGDP01354 HG01258#1#JAGYYV010000004.1_56955948_57456952_1$HG03710.verkko_filt_pat.fa:haplotype2_0000488_101614437_102218208_0	0.8679104478993364 HGDP
HGDP01354 HG01071#1#JAHBCF010000053.1_26607100_27108065_1$HG03710.verkko_filt_pat.fa:haplotype2_0000488_101614437_102218208_0	0.8676619035452661 HGDP
HGDP01354 NA18906#2#JAHEON010000009.1_93748295_94249275_0$HG03710.verkko_filt_pat.fa:haplotype2_0000488_101614437_102218208_0	0.8672463441054317 HGDP
HGDP01354 AV_HG01106#haplotype2#0000932:16673968_17175925$HG03710.verkko_filt_pat.fa:haplotype2_0000488_101614437_102218208_0	0.8671964228853712 HGDP
HGDP01354 HG01978#1#JAGYVS010000002.1_51519970_52021951_0$HG03710.verkko_filt_pat.fa:haplotype2_0000488_101614437_102218208_0	0.8670921332988486 HGDP
HGDP01354 HG02080#2#JAHEOV010000017.1_16662177_17164189_0$HG03710.verkko_filt_pat.fa:haplotype2_0000488_101614437_102218208_0	0.8667707786811909 HGDP
HGDP01354 AV_HG00673#haplotype1#0000019:16627360_17129375$HG03710.verkko_filt_pat.fa:haplotype2_0000488_101614437_102218208_0	0.8667564714512733 HGDP
HGDP01354 HG03710.verkko_filt_pat.fa:haplotype2_0000488_101614437_102218208_0$HG02071.verkko_filt_pat.fa:haplotype2_0000736_102745972_103248026_0	0.8665971309702393 HGDP
HGDP01354 HG02486#1#JAGYVM010000007.1_28868414_29370339_1$HG03710.verkko_filt_pat.fa:haplotype2_0000488_101614437_102218208_0	0.8665832388409803 HGDP
HGDP01354 AV_HG01106#haplotype2#0000932:16673968_17175925$HG02004.verkko_filt_pat.fa:haplotype2_0000813_139386576_140076845_1	0.8665703124086527 HGDP
HGDP01354 HG03710.verkko_filt_pat.fa:haplotype2_0000488_101614437_102218208_0$HG02293.verkko_filt_pat.fa:haplotype2_0000836_148310532_148812524_1	0.8664871529980965 HGDP
HGDP01354 HG00621#1#JAHBCD010000034.1_2122997_2624098_1$HG03710.verkko_filt_pat.fa:haplotype2_0000488_101614437_102218208_0	0.8662927428416174 HGDP
HGDP01354 HG01978#1#JAGYVS010000002.1_51519970_52021951_0$HG02004.verkko_filt_pat.fa:haplotype2_0000813_139386576_140076845_1	0.8662130710608360 HGDP
HGDP01354 HG04228.verkko_filt_mat.fa:haplotype1_0000023_103429213_103930285_0$HG03710.verkko_filt_pat.fa:haplotype2_0000488_101614437_102218208_0	0.8661748799967048 HGDP
HGDP01354 HG03710.verkko_filt_pat.fa:haplotype2_0000488_101614437_102218208_0$HG01099.verkko_filt_pat.fa:haplotype2_0000583_143544270_144046196_1	0.8660628414972363 HGDP
HGDP01354 AV_HG00673#haplotype1#0000019:16627360_17129375$HG02004.verkko_filt_pat.fa:haplotype2_0000813_139386576_140076845_1	0.8657742915518203 HGDP
HGDP01354 HG02080#2#JAHEOV010000017.1_16662177_17164189_0$HG02004.verkko_filt_pat.fa:haplotype2_0000813_139386576_140076845_1	0.8657210559232635 HGDP
HGDP01354 HG03540#1#JAGYVY010000208.1_95187_596142_0$HG03710.verkko_filt_pat.fa:haplotype2_0000488_101614437_102218208_0	0.8656603419895239 HGDP
HGDP01354 HG04228.verkko_filt_mat.fa:haplotype1_0000023_103429213_103930285_0$HG02004.verkko_filt_pat.fa:haplotype2_0000813_139386576_140076845_1	0.8655761158228317 HGDP
HGDP01354 HG02004.verkko_filt_pat.fa:haplotype2_0000813_139386576_140076845_1$HG02071.verkko_filt_pat.fa:haplotype2_0000736_102745972_103248026_0	0.8654977240445949 HGDP
HGDP01354 HG00621#1#JAHBCD010000034.1_2122997_2624098_1$HG02004.verkko_filt_pat.fa:haplotype2_0000813_139386576_140076845_1	0.8653264263932066 HGDP
HGDP01354 HG02004.verkko_filt_pat.fa:haplotype2_0000813_139386576_140076845_1$HG02293.verkko_filt_pat.fa:haplotype2_0000836_148310532_148812524_1	0.8652608822483380 HGDP
HGDP01354 HG03540#2#JAGYVX010000148.1_1368955_1877115_0$HG02004.verkko_filt_pat.fa:haplotype2_0000813_139386576_140076845_1	0.8647429336397006 HGDP
HGDP01354 HG03540#2#JAGYVX010000148.1_1368955_1877115_0$HG03710.verkko_filt_pat.fa:haplotype2_0000488_101614437_102218208_0	0.8523237747768806 HGDP
HGDP01354 AV_HG01106#haplotype1#0000048:16666181_17262214$chr1_chm13_103304997_103901127_0	0.8506025009622087 HGDP
HGDP01354 AV_HG01106#haplotype1#0000048:16666181_17262214$HG03710.verkko_filt_pat.fa:haplotype2_0000488_101614437_102218208_0	0.8493532530401963 HGDP
HGDP01354 chr1_chm13_103304997_103901127_0$HG03710.verkko_filt_pat.fa:haplotype2_0000488_101614437_102218208_0	0.8487711921844493 HGDP
HGDP01354 AV_HG01106#haplotype1#0000048:16666181_17262214$HG02004.verkko_filt_pat.fa:haplotype2_0000813_139386576_140076845_1	0.8480711504225646 HGDP
HGDP01354 chr1_chm13_103304997_103901127_0$HG02004.verkko_filt_pat.fa:haplotype2_0000813_139386576_140076845_1	0.8472382697877796 HGDP
HGDP01354 HG02004.verkko_filt_pat.fa:haplotype2_0000813_139386576_140076845_1$HG03710.verkko_filt_pat.fa:haplotype2_0000488_101614437_102218208_0	0.8454807908309018 HGDP
