NA12718 AV_HG01175#haplotype1#0000070:46006269_46414083$HG002.verkko_filt_mat.fa:haplotype1_0000005_138228497_138636354_1	0.9844641003070218 1K
NA12718 AV_HG01175#haplotype1#0000070:46006269_46414083$HG03486#1#JAHEOQ010000123.1_16677696_17085575_0	0.9843515917639575 1K
NA12718 AV_HG01175#haplotype1#0000070:46006269_46414083$chr1_hg38_103456064_103863972_0	0.9840742219590155 1K
NA12718 AV_HG01175#haplotype1#0000070:46006269_46414083$chr1_hg19_103998686_104406594_0	0.9840742219590155 1K
NA12718 AV_HG01106#haplotype2#0000932:16673968_17175925$HG00733#1#JAHEPQ010000019.1_46106835_46420495_0	0.9840389752514719 1K
NA12718 AV_HG01175#haplotype1#0000070:46006269_46414083$HG01978#2#JAGYVR010000007.1_51532241_51939176_0	0.9839651035801139 1K
NA12718 AV_HG01175#haplotype1#0000070:46006269_46414083$HG005#2#JAHEPN010000023.1_51542210_51950070_0	0.9839337743642715 1K
NA12718 AV_HG01175#haplotype1#0000070:46006269_46414083$HG00621#2#JAHBCC010000031.1_16669999_17077865_0	0.9839135877654606 1K
NA12718 AV_HG01175#haplotype1#0000070:46006269_46414083$HG02071.verkko_filt_mat.fa:haplotype1_0000041_103610513_104018399_0	0.9838949937166271 1K
NA12718 AV_HG01106#haplotype2#0000932:16673968_17175925$HG00438#2#JAHBCA010000012.1_51513023_51826723_0	0.9838369990962792 1K
NA12718 HG02071.verkko_filt_mat.fa:haplotype1_0000041_103610513_104018399_0$HG002.verkko_filt_mat.fa:haplotype1_0000005_138228497_138636354_1	0.9838078677013165 1K
NA12718 AV_HG01175#haplotype1#0000070:46006269_46414083$HG01928#1#JAGYVQ010000053.1_16676493_17083407_0	0.9838039263037240 1K
NA12718 chr1_hg38_103456064_103863972_0$HG002.verkko_filt_mat.fa:haplotype1_0000005_138228497_138636354_1	0.9837926826501172 1K
NA12718 chr1_hg19_103998686_104406594_0$HG002.verkko_filt_mat.fa:haplotype1_0000005_138228497_138636354_1	0.9837926826501172 1K
NA12718 AV_HG01175#haplotype1#0000070:46006269_46414083$HG02004.verkko_filt_mat.fa:haplotype1_0000022_97828542_98235483_0	0.9837906240107247 1K
NA12718 AV_HG02148#haplotype2#0002863:16304803_16712699$HG002.verkko_filt_mat.fa:haplotype1_0000005_138228497_138636354_1	0.9837200504500863 1K
NA12718 HG03486#1#JAHEOQ010000123.1_16677696_17085575_0$chr1_hg38_103456064_103863972_0	0.9836966935845666 1K
NA12718 HG03486#1#JAHEOQ010000123.1_16677696_17085575_0$chr1_hg19_103998686_104406594_0	0.9836966935845666 1K
NA12718 AV_HG01175#haplotype1#0000070:46006269_46414083$HG02300.verkko_filt_pat.fa:haplotype2_0000620_143362344_143769323_1	0.9836603942746964 1K
NA12718 HG03486#1#JAHEOQ010000123.1_16677696_17085575_0$HG002.verkko_filt_mat.fa:haplotype1_0000005_138228497_138636354_1	0.9836571621716210 1K
NA12718 AV_HG01175#haplotype1#0000070:46006269_46414083$AV_HG02148#haplotype2#0002863:16304803_16712699	0.9836538515576660 1K
NA12718 HG03486#1#JAHEOQ010000123.1_16677696_17085575_0$HG02071.verkko_filt_mat.fa:haplotype1_0000041_103610513_104018399_0	0.9836472483782380 1K
NA12718 HG01978#1#JAGYVS010000002.1_51519970_52021951_0$HG00733#1#JAHEPQ010000019.1_46106835_46420495_0	0.9836416771405748 1K
NA12718 AV_HG01175#haplotype1#0000070:46006269_46414083$HG03453#2#JAGYVV010000088.1_22597550_23005370_1	0.9836011309323812 1K
NA12718 HG00621#2#JAHBCC010000031.1_16669999_17077865_0$HG002.verkko_filt_mat.fa:haplotype1_0000005_138228497_138636354_1	0.9835266324722037 1K
NA12718 HG005#2#JAHEPN010000023.1_51542210_51950070_0$HG002.verkko_filt_mat.fa:haplotype1_0000005_138228497_138636354_1	0.9835144955773053 1K
NA12718 HG03453#2#JAGYVV010000088.1_22597550_23005370_1$HG002.verkko_filt_mat.fa:haplotype1_0000005_138228497_138636354_1	0.9835134107234063 1K
NA12718 HG01928#1#JAGYVQ010000053.1_16676493_17083407_0$HG002.verkko_filt_mat.fa:haplotype1_0000005_138228497_138636354_1	0.9834817264368152 1K
NA12718 AV_HG02148#haplotype2#0002863:16304803_16712699$HG03486#1#JAHEOQ010000123.1_16677696_17085575_0	0.9834630759918950 1K
NA12718 HG00621#2#JAHBCC010000031.1_16669999_17077865_0$HG02071.verkko_filt_mat.fa:haplotype1_0000041_103610513_104018399_0	0.9834357432662184 1K
NA12718 HG00621#2#JAHBCC010000031.1_16669999_17077865_0$chr1_hg38_103456064_103863972_0	0.9834285553484923 1K
NA12718 HG00621#2#JAHBCC010000031.1_16669999_17077865_0$chr1_hg19_103998686_104406594_0	0.9834285553484923 1K
NA12718 AV_HG01106#haplotype2#0000932:16673968_17175925$HG02293.verkko_filt_mat.fa:haplotype1_0000039_30204405_30517145_1	0.9834247994828953 1K
NA12718 HG002.verkko_filt_mat.fa:haplotype1_0000005_138228497_138636354_1$HG02300.verkko_filt_pat.fa:haplotype2_0000620_143362344_143769323_1	0.9834192696939067 1K
NA12718 HG00438#2#JAHBCA010000012.1_51513023_51826723_0$HG01978#1#JAGYVS010000002.1_51519970_52021951_0	0.9834159870460004 1K
NA12718 HG03486#1#JAHEOQ010000123.1_16677696_17085575_0$HG03453#2#JAGYVV010000088.1_22597550_23005370_1	0.9833942620320112 1K
NA12718 chr1_hg38_103456064_103863972_0$HG02071.verkko_filt_mat.fa:haplotype1_0000041_103610513_104018399_0	0.9833937481729595 1K
NA12718 chr1_hg19_103998686_104406594_0$HG02071.verkko_filt_mat.fa:haplotype1_0000041_103610513_104018399_0	0.9833937481729595 1K
NA12718 HG01978#2#JAGYVR010000007.1_51532241_51939176_0$HG002.verkko_filt_mat.fa:haplotype1_0000005_138228497_138636354_1	0.9833593433907539 1K
NA12718 HG03486#1#JAHEOQ010000123.1_16677696_17085575_0$HG01978#2#JAGYVR010000007.1_51532241_51939176_0	0.9833448794525541 1K
NA12718 HG02004.verkko_filt_mat.fa:haplotype1_0000022_97828542_98235483_0$HG002.verkko_filt_mat.fa:haplotype1_0000005_138228497_138636354_1	0.9833389484165403 1K
NA12718 HG005#2#JAHEPN010000023.1_51542210_51950070_0$HG02071.verkko_filt_mat.fa:haplotype1_0000041_103610513_104018399_0	0.9833265765845244 1K
NA12718 HG01978#2#JAGYVR010000007.1_51532241_51939176_0$HG02071.verkko_filt_mat.fa:haplotype1_0000041_103610513_104018399_0	0.9833251420409330 1K
NA12718 AV_HG02148#haplotype2#0002863:16304803_16712699$chr1_hg38_103456064_103863972_0	0.9833224640713573 1K
NA12718 AV_HG02148#haplotype2#0002863:16304803_16712699$chr1_hg19_103998686_104406594_0	0.9833224640713573 1K
NA12718 AV_HG02148#haplotype2#0002863:16304803_16712699$HG005#2#JAHEPN010000023.1_51542210_51950070_0	0.9833123203760135 1K
NA12718 HG03486#1#JAHEOQ010000123.1_16677696_17085575_0$HG01928#1#JAGYVQ010000053.1_16676493_17083407_0	0.9832815828901922 1K
NA12718 HG03453#2#JAGYVV010000088.1_22597550_23005370_1$HG02071.verkko_filt_mat.fa:haplotype1_0000041_103610513_104018399_0	0.9832769892738270 1K
NA12718 HG01928#1#JAGYVQ010000053.1_16676493_17083407_0$HG02071.verkko_filt_mat.fa:haplotype1_0000041_103610513_104018399_0	0.9832694834046845 1K
NA12718 HG03486#1#JAHEOQ010000123.1_16677696_17085575_0$HG005#2#JAHEPN010000023.1_51542210_51950070_0	0.9832660569679033 1K
NA12718 HG02071.verkko_filt_mat.fa:haplotype1_0000041_103610513_104018399_0$HG02004.verkko_filt_mat.fa:haplotype1_0000022_97828542_98235483_0	0.9832642977833641 1K
NA12718 HG03486#1#JAHEOQ010000123.1_16677696_17085575_0$HG02004.verkko_filt_mat.fa:haplotype1_0000022_97828542_98235483_0	0.9832603046455854 1K
NA12718 chr1_hg38_103456064_103863972_0$HG02300.verkko_filt_pat.fa:haplotype2_0000620_143362344_143769323_1	0.9832563094085502 1K
NA12718 chr1_hg19_103998686_104406594_0$HG02300.verkko_filt_pat.fa:haplotype2_0000620_143362344_143769323_1	0.9832563094085502 1K
NA12718 AV_HG01106#haplotype2#0000932:16673968_17175925$HG03710.verkko_filt_mat.fa:haplotype1_0000029_102593394_102907063_0	0.9832261913745819 1K
NA12718 HG00621#2#JAHBCC010000031.1_16669999_17077865_0$HG03486#1#JAHEOQ010000123.1_16677696_17085575_0	0.9832049409688625 1K
NA12718 HG00438#2#JAHBCA010000012.1_51513023_51826723_0$HG02293.verkko_filt_pat.fa:haplotype2_0000836_148310532_148812524_1	0.9831817778314460 1K
NA12718 HG00621#2#JAHBCC010000031.1_16669999_17077865_0$HG005#2#JAHEPN010000023.1_51542210_51950070_0	0.9831592223405389 1K
NA12718 chr1_hg38_103456064_103863972_0$HG03453#2#JAGYVV010000088.1_22597550_23005370_1	0.9831564544332075 1K
NA12718 chr1_hg19_103998686_104406594_0$HG03453#2#JAGYVV010000088.1_22597550_23005370_1	0.9831564544332075 1K
NA12718 HG02071.verkko_filt_mat.fa:haplotype1_0000041_103610513_104018399_0$HG02300.verkko_filt_pat.fa:haplotype2_0000620_143362344_143769323_1	0.9831499230825540 1K
NA12718 AV_HG02148#haplotype2#0002863:16304803_16712699$HG02071.verkko_filt_mat.fa:haplotype1_0000041_103610513_104018399_0	0.9831275766564819 1K
NA12718 HG00621#2#JAHBCC010000031.1_16669999_17077865_0$HG01978#2#JAGYVR010000007.1_51532241_51939176_0	0.9831251207450155 1K
NA12718 AV_HG01106#haplotype2#0000932:16673968_17175925$HG02886#2#JAHAOT010000031.1_87393_401061_0	0.9831070378703506 1K
NA12718 HG00621#2#JAHBCC010000031.1_16669999_17077865_0$HG01928#1#JAGYVQ010000053.1_16676493_17083407_0	0.9831020823878672 1K
NA12718 HG005#2#JAHEPN010000023.1_51542210_51950070_0$HG02300.verkko_filt_pat.fa:haplotype2_0000620_143362344_143769323_1	0.9830915419391547 1K
NA12718 AV_HG01106#haplotype2#0000932:16673968_17175925$HG03098#2#JAHEPL010000003.1_93803759_94117426_0	0.9830861727844915 1K
NA12718 AV_HG00673#haplotype1#0000019:16627360_17129375$HG00438#2#JAHBCA010000012.1_51513023_51826723_0	0.9830840376623756 1K
NA12718 HG01978#1#JAGYVS010000002.1_51519970_52021951_0$HG02293.verkko_filt_mat.fa:haplotype1_0000039_30204405_30517145_1	0.9830840211090376 1K
NA12718 HG03486#1#JAHEOQ010000123.1_16677696_17085575_0$HG02300.verkko_filt_pat.fa:haplotype2_0000620_143362344_143769323_1	0.9830562173398740 1K
NA12718 AV_HG02148#haplotype2#0002863:16304803_16712699$HG01978#2#JAGYVR010000007.1_51532241_51939176_0	0.9830435813827787 1K
NA12718 HG00621#2#JAHBCC010000031.1_16669999_17077865_0$HG02004.verkko_filt_mat.fa:haplotype1_0000022_97828542_98235483_0	0.9830403448155505 1K
NA12718 AV_HG02148#haplotype2#0002863:16304803_16712699$HG01928#1#JAGYVQ010000053.1_16676493_17083407_0	0.9830289368220971 1K
NA12718 AV_HG01106#haplotype2#0000932:16673968_17175925$AV_HG01361#haplotype2#0001322:101872897_102186552	0.9830167570477286 1K
NA12718 AV_HG01175#haplotype1#0000070:46006269_46414083$HG03927.verkko_filt_mat.fa:haplotype1_0000009_134765170_135173010_1	0.9830128366236105 1K
NA12718 HG02080#2#JAHEOV010000017.1_16662177_17164189_0$HG00438#2#JAHBCA010000012.1_51513023_51826723_0	0.9830106612224190 1K
NA12718 AV_HG00673#haplotype1#0000019:16627360_17129375$HG00733#1#JAHEPQ010000019.1_46106835_46420495_0	0.9830080051288336 1K
NA12718 AV_HG01106#haplotype2#0000932:16673968_17175925$HG01123#2#JAGYYY010000006.1_51579630_51892388_0	0.9830035537460905 1K
NA12718 chr1_hg38_103456064_103863972_0$HG005#2#JAHEPN010000023.1_51542210_51950070_0	0.9829877177221842 1K
NA12718 chr1_hg19_103998686_104406594_0$HG005#2#JAHEPN010000023.1_51542210_51950070_0	0.9829877177221842 1K
NA12718 HG01928#1#JAGYVQ010000053.1_16676493_17083407_0$chr1_hg38_103456064_103863972_0	0.9829790704605539 1K
NA12718 HG01928#1#JAGYVQ010000053.1_16676493_17083407_0$chr1_hg19_103998686_104406594_0	0.9829790704605539 1K
NA12718 chr1_hg38_103456064_103863972_0$HG01978#2#JAGYVR010000007.1_51532241_51939176_0	0.9829697174754097 1K
NA12718 chr1_hg19_103998686_104406594_0$HG01978#2#JAGYVR010000007.1_51532241_51939176_0	0.9829697174754097 1K
NA12718 HG03453#2#JAGYVV010000088.1_22597550_23005370_1$HG005#2#JAHEPN010000023.1_51542210_51950070_0	0.9829689711189616 1K
NA12718 chr1_hg38_103456064_103863972_0$HG02004.verkko_filt_mat.fa:haplotype1_0000022_97828542_98235483_0	0.9829415819297722 1K
NA12718 chr1_hg19_103998686_104406594_0$HG02004.verkko_filt_mat.fa:haplotype1_0000022_97828542_98235483_0	0.9829415819297722 1K
NA12718 HG03453#2#JAGYVV010000088.1_22597550_23005370_1$HG01978#2#JAGYVR010000007.1_51532241_51939176_0	0.9829100491529286 1K
NA12718 AV_HG01175#haplotype1#0000070:46006269_46414083$HG01099.verkko_filt_mat.fa:haplotype1_0000034_142513097_142920876_1	0.9828982127355947 1K
NA12718 AV_HG02148#haplotype2#0002863:16304803_16712699$HG02004.verkko_filt_mat.fa:haplotype1_0000022_97828542_98235483_0	0.9828946419949268 1K
NA12718 HG01978#1#JAGYVS010000002.1_51519970_52021951_0$HG03710.verkko_filt_mat.fa:haplotype1_0000029_102593394_102907063_0	0.9828935736834266 1K
NA12718 HG00733#1#JAHEPQ010000019.1_46106835_46420495_0$HG02293.verkko_filt_pat.fa:haplotype2_0000836_148310532_148812524_1	0.9828878548661485 1K
NA12718 AV_HG02148#haplotype2#0002863:16304803_16712699$HG00621#2#JAHBCC010000031.1_16669999_17077865_0	0.9828634061358482 1K
NA12718 HG01928#1#JAGYVQ010000053.1_16676493_17083407_0$HG03453#2#JAGYVV010000088.1_22597550_23005370_1	0.9828633040991936 1K
NA12718 HG02080#2#JAHEOV010000017.1_16662177_17164189_0$HG00733#1#JAHEPQ010000019.1_46106835_46420495_0	0.9828541484910666 1K
NA12718 HG00621#1#JAHBCD010000034.1_2122997_2624098_1$HG00438#2#JAHBCA010000012.1_51513023_51826723_0	0.9828230074916553 1K
NA12718 HG01978#1#JAGYVS010000002.1_51519970_52021951_0$HG02886#2#JAHAOT010000031.1_87393_401061_0	0.9828229402654461 1K
NA12718 AV_HG01175#haplotype1#0000070:46006269_46414083$HG02300.verkko_filt_mat.fa:haplotype1_0000028_144052837_144460586_1	0.9828106079486555 1K
NA12718 HG00621#2#JAHBCC010000031.1_16669999_17077865_0$HG03453#2#JAGYVV010000088.1_22597550_23005370_1	0.9827785192926700 1K
NA12718 AV_HG02148#haplotype2#0002863:16304803_16712699$HG03453#2#JAGYVV010000088.1_22597550_23005370_1	0.9827703843523395 1K
NA12718 HG03453#2#JAGYVV010000088.1_22597550_23005370_1$HG02004.verkko_filt_mat.fa:haplotype1_0000022_97828542_98235483_0	0.9827694702617612 1K
NA12718 AV_HG01175#haplotype1#0000070:46006269_46414083$AV_HG01361#haplotype1#0000023:101593539_102001341	0.9827652393037012 1K
NA12718 HG03098#2#JAHEPL010000003.1_93803759_94117426_0$HG01978#1#JAGYVS010000002.1_51519970_52021951_0	0.9827454189233663 1K
NA12718 AV_HG01175#haplotype1#0000070:46006269_46414083$HG03516#2#JAGYYS010000004.1_24452130_24859892_1	0.9827401099189987 1K
NA12718 AV_HG01361#haplotype2#0001322:101872897_102186552$HG01978#1#JAGYVS010000002.1_51519970_52021951_0	0.9827329047537698 1K
NA12718 HG03486#1#JAHEOQ010000123.1_16677696_17085575_0$HG02300.verkko_filt_mat.fa:haplotype1_0000028_144052837_144460586_1	0.9827322681727156 1K
NA12718 AV_HG01175#haplotype1#0000070:46006269_46414083$HG03516#1#JAGYYT010000012.1_24170958_24578778_1	0.9827192389148098 1K
NA12718 HG00733#1#JAHEPQ010000019.1_46106835_46420495_0$HG02071.verkko_filt_pat.fa:haplotype2_0000736_102745972_103248026_0	0.9827117244700684 1K
NA12718 AV_HG01175#haplotype1#0000070:46006269_46414083$HG02080#1#JAHEOW010000048.1_16689583_17097287_0	0.9827042034053958 1K
NA12718 HG01928#1#JAGYVQ010000053.1_16676493_17083407_0$HG02300.verkko_filt_pat.fa:haplotype2_0000620_143362344_143769323_1	0.9826945152412945 1K
NA12718 AV_HG01175#haplotype1#0000070:46006269_46414083$NA19240#2#JAHEOL010000010.1_37445323_37853017_0	0.9826897472354612 1K
NA12718 HG00438#2#JAHBCA010000012.1_51513023_51826723_0$HG02071.verkko_filt_pat.fa:haplotype2_0000736_102745972_103248026_0	0.9826842942129573 1K
NA12718 HG00733#1#JAHEPQ010000019.1_46106835_46420495_0$HG04228.verkko_filt_mat.fa:haplotype1_0000023_103429213_103930285_0	0.9826772646552270 1K
NA12718 AV_HG01175#haplotype1#0000070:46006269_46414083$HG02559#1#JAGYVK010000012.1_51505852_51913611_0	0.9826762012535594 1K
NA12718 HG00438#2#JAHBCA010000012.1_51513023_51826723_0$HG04228.verkko_filt_mat.fa:haplotype1_0000023_103429213_103930285_0	0.9826736009975111 1K
NA12718 HG00621#1#JAHBCD010000034.1_2122997_2624098_1$HG00733#1#JAHEPQ010000019.1_46106835_46420495_0	0.9826421053433275 1K
NA12718 AV_HG01106#haplotype2#0000932:16673968_17175925$HG04228.verkko_filt_pat.fa:haplotype2_0000600_103806749_104119491_0	0.9826386010647535 1K
NA12718 AV_HG01175#haplotype1#0000070:46006269_46414083$HG03579#1#JAGYVU010000029.1_91404_499180_0	0.9826190838202448 1K
NA12718 AV_HG01175#haplotype1#0000070:46006269_46414083$HG02818#2#JAHEOR010000010.1_31775319_32183091_1	0.9826085753284107 1K
NA12718 HG02293.verkko_filt_mat.fa:haplotype1_0000039_30204405_30517145_1$HG02293.verkko_filt_pat.fa:haplotype2_0000836_148310532_148812524_1	0.9825950771157447 1K
NA12718 HG01978#2#JAGYVR010000007.1_51532241_51939176_0$HG02300.verkko_filt_pat.fa:haplotype2_0000620_143362344_143769323_1	0.9825880349228830 1K
NA12718 AV_HG01175#haplotype1#0000070:46006269_46414083$NA19240#1#JAHEOM010000047.1_30103390_30511199_1	0.9825870262544026 1K
NA12718 HG02080#1#JAHEOW010000048.1_16689583_17097287_0$HG03486#1#JAHEOQ010000123.1_16677696_17085575_0	0.9825769252923331 1K
NA12718 HG03453#2#JAGYVV010000088.1_22597550_23005370_1$HG02300.verkko_filt_pat.fa:haplotype2_0000620_143362344_143769323_1	0.9825646882587192 1K
NA12718 HG03486#1#JAHEOQ010000123.1_16677696_17085575_0$HG01099.verkko_filt_mat.fa:haplotype1_0000034_142513097_142920876_1	0.9825588834298965 1K
NA12718 HG02300.verkko_filt_mat.fa:haplotype1_0000028_144052837_144460586_1$HG002.verkko_filt_mat.fa:haplotype1_0000005_138228497_138636354_1	0.9825534873363014 1K
NA12718 HG02080#1#JAHEOW010000048.1_16689583_17097287_0$HG002.verkko_filt_mat.fa:haplotype1_0000005_138228497_138636354_1	0.9825368604985182 1K
NA12718 HG02886#2#JAHAOT010000031.1_87393_401061_0$HG02293.verkko_filt_pat.fa:haplotype2_0000836_148310532_148812524_1	0.9825346424291861 1K
NA12718 HG03486#1#JAHEOQ010000123.1_16677696_17085575_0$NA19240#2#JAHEOL010000010.1_37445323_37853017_0	0.9825219997242181 1K
NA12718 AV_HG00673#haplotype2#0001165:24014011_24421797$AV_HG01175#haplotype1#0000070:46006269_46414083	0.9825212138547533 1K
NA12718 chr1_hg19_103998686_104406594_0$chr1_hg38_103456064_103863972_0	0.9825206557619538 1K
NA12718 AV_HG01106#haplotype2#0000932:16673968_17175925$HG02647.verkko_filt_pat.fa:haplotype2_0000857_103738150_104051769_0	0.9825134174213610 1K
NA12718 NA19240#2#JAHEOL010000010.1_37445323_37853017_0$HG002.verkko_filt_mat.fa:haplotype1_0000005_138228497_138636354_1	0.9825057862534529 1K
NA12718 HG005#2#JAHEPN010000023.1_51542210_51950070_0$HG02004.verkko_filt_mat.fa:haplotype1_0000022_97828542_98235483_0	0.9825042542018488 1K
NA12718 AV_HG01106#haplotype2#0000932:16673968_17175925$HG03579#2#JAGYVT010000094.1_51581892_51895531_0	0.9824903494197033 1K
NA12718 HG02004.verkko_filt_mat.fa:haplotype1_0000022_97828542_98235483_0$HG02300.verkko_filt_pat.fa:haplotype2_0000620_143362344_143769323_1	0.9824872063735550 1K
NA12718 HG01928#1#JAGYVQ010000053.1_16676493_17083407_0$HG005#2#JAHEPN010000023.1_51542210_51950070_0	0.9824850775089512 1K
NA12718 HG01978#2#JAGYVR010000007.1_51532241_51939176_0$HG005#2#JAHEPN010000023.1_51542210_51950070_0	0.9824668355514274 1K
NA12718 AV_HG00673#haplotype1#0000019:16627360_17129375$HG02293.verkko_filt_mat.fa:haplotype1_0000039_30204405_30517145_1	0.9824653396642631 1K
NA12718 HG02071.verkko_filt_mat.fa:haplotype1_0000041_103610513_104018399_0$HG02300.verkko_filt_mat.fa:haplotype1_0000028_144052837_144460586_1	0.9824621067252954 1K
NA12718 HG03927.verkko_filt_mat.fa:haplotype1_0000009_134765170_135173010_1$HG002.verkko_filt_mat.fa:haplotype1_0000005_138228497_138636354_1	0.9824467019666607 1K
NA12718 HG00621#2#JAHBCC010000031.1_16669999_17077865_0$HG02300.verkko_filt_pat.fa:haplotype2_0000620_143362344_143769323_1	0.9824398851381430 1K
NA12718 AV_HG00673#haplotype1#0000019:16627360_17129375$HG02886#2#JAHAOT010000031.1_87393_401061_0	0.9824132337813826 1K
NA12718 AV_HG01175#haplotype1#0000070:46006269_46414083$HG02109#1#JAHEPG010000026.1_16673035_17080816_0	0.9823963745935045 1K
NA12718 HG01099.verkko_filt_mat.fa:haplotype1_0000034_142513097_142920876_1$HG002.verkko_filt_mat.fa:haplotype1_0000005_138228497_138636354_1	0.9823962632383039 1K
NA12718 AV_HG01175#haplotype1#0000070:46006269_46414083$HG01109#1#JAHEPA010000099.1_2104245_2511104_1	0.9823959099068407 1K
NA12718 HG01123#2#JAGYYY010000006.1_51579630_51892388_0$HG01978#1#JAGYVS010000002.1_51519970_52021951_0	0.9823942522902129 1K
NA12718 AV_HG02148#haplotype2#0002863:16304803_16712699$HG02300.verkko_filt_mat.fa:haplotype1_0000028_144052837_144460586_1	0.9823805871255837 1K
NA12718 HG01978#1#JAGYVS010000002.1_51519970_52021951_0$HG04228.verkko_filt_pat.fa:haplotype2_0000600_103806749_104119491_0	0.9823706654091378 1K
NA12718 HG02080#2#JAHEOV010000017.1_16662177_17164189_0$HG02293.verkko_filt_mat.fa:haplotype1_0000039_30204405_30517145_1	0.9823599907987954 1K
NA12718 AV_HG01106#haplotype2#0000932:16673968_17175925$HG02109#2#JAHEPF010000078.1_16678387_16991144_0	0.9823493414384994 1K
NA12718 AV_HG01106#haplotype2#0000932:16673968_17175925$HG01891#1#JAGYVO010000014.1_22855818_23168577_1	0.9823452177664119 1K
NA12718 HG03486#1#JAHEOQ010000123.1_16677696_17085575_0$HG03927.verkko_filt_mat.fa:haplotype1_0000009_134765170_135173010_1	0.9823424740895410 1K
NA12718 chr1_hg38_103456064_103863972_0$HG03927.verkko_filt_mat.fa:haplotype1_0000009_134765170_135173010_1	0.9823322972777512 1K
NA12718 chr1_hg19_103998686_104406594_0$HG03927.verkko_filt_mat.fa:haplotype1_0000009_134765170_135173010_1	0.9823322972777512 1K
NA12718 HG02071.verkko_filt_mat.fa:haplotype1_0000041_103610513_104018399_0$HG01099.verkko_filt_mat.fa:haplotype1_0000034_142513097_142920876_1	0.9823212274198445 1K
NA12718 AV_HG01106#haplotype2#0000932:16673968_17175925$HG02723#1#JAHEOU010000204.1_2102082_2414876_1	0.9823098262940455 1K
NA12718 HG02080#1#JAHEOW010000048.1_16689583_17097287_0$HG02071.verkko_filt_mat.fa:haplotype1_0000041_103610513_104018399_0	0.9823066888222197 1K
NA12718 chr1_hg38_103456064_103863972_0$HG02300.verkko_filt_mat.fa:haplotype1_0000028_144052837_144460586_1	0.9823003181601938 1K
NA12718 chr1_hg19_103998686_104406594_0$HG02300.verkko_filt_mat.fa:haplotype1_0000028_144052837_144460586_1	0.9823003181601938 1K
NA12718 HG02080#2#JAHEOV010000017.1_16662177_17164189_0$HG02886#2#JAHAOT010000031.1_87393_401061_0	0.9822838784872815 1K
NA12718 HG03516#1#JAGYYT010000012.1_24170958_24578778_1$HG002.verkko_filt_mat.fa:haplotype1_0000005_138228497_138636354_1	0.9822748782956349 1K
NA12718 AV_HG02148#haplotype2#0002863:16304803_16712699$HG02080#1#JAHEOW010000048.1_16689583_17097287_0	0.9822660194291524 1K
NA12718 HG03710.verkko_filt_mat.fa:haplotype1_0000029_102593394_102907063_0$HG02293.verkko_filt_pat.fa:haplotype2_0000836_148310532_148812524_1	0.9822520424615719 1K
NA12718 HG01123#2#JAGYYY010000006.1_51579630_51892388_0$HG02293.verkko_filt_pat.fa:haplotype2_0000836_148310532_148812524_1	0.9822368761953351 1K
NA12718 NA19240#2#JAHEOL010000010.1_37445323_37853017_0$HG02071.verkko_filt_mat.fa:haplotype1_0000041_103610513_104018399_0	0.9822352571479106 1K
NA12718 AV_HG02148#haplotype2#0002863:16304803_16712699$HG01099.verkko_filt_mat.fa:haplotype1_0000034_142513097_142920876_1	0.9822236072011213 1K
NA12718 HG005#2#JAHEPN010000023.1_51542210_51950070_0$HG02300.verkko_filt_mat.fa:haplotype1_0000028_144052837_144460586_1	0.9822224678312715 1K
NA12718 AV_HG01361#haplotype1#0000023:101593539_102001341$HG03486#1#JAHEOQ010000123.1_16677696_17085575_0	0.9822222178226795 1K
NA12718 chr1_hg38_103456064_103863972_0$HG03516#2#JAGYYS010000004.1_24452130_24859892_1	0.9822217861132811 1K
NA12718 chr1_hg19_103998686_104406594_0$HG03516#2#JAGYYS010000004.1_24452130_24859892_1	0.9822217861132811 1K
NA12718 AV_HG02148#haplotype2#0002863:16304803_16712699$NA19240#2#JAHEOL010000010.1_37445323_37853017_0	0.9822195600692681 1K
NA12718 AV_HG01361#haplotype1#0000023:101593539_102001341$HG002.verkko_filt_mat.fa:haplotype1_0000005_138228497_138636354_1	0.9822143117871101 1K
NA12718 HG03098#2#JAHEPL010000003.1_93803759_94117426_0$HG02293.verkko_filt_pat.fa:haplotype2_0000836_148310532_148812524_1	0.9822090199397262 1K
NA12718 HG00621#2#JAHBCC010000031.1_16669999_17077865_0$HG02300.verkko_filt_mat.fa:haplotype1_0000028_144052837_144460586_1	0.9822032533471849 1K
NA12718 HG02071.verkko_filt_mat.fa:haplotype1_0000041_103610513_104018399_0$HG03927.verkko_filt_mat.fa:haplotype1_0000009_134765170_135173010_1	0.9822013862273615 1K
NA12718 AV_HG01175#haplotype1#0000070:46006269_46414083$HG01258#2#JAGYYU010000072.1_51562603_51970395_0	0.9822012287893878 1K
NA12718 HG02818#2#JAHEOR010000010.1_31775319_32183091_1$chr1_hg38_103456064_103863972_0	0.9821959606626703 1K
NA12718 HG02818#2#JAHEOR010000010.1_31775319_32183091_1$chr1_hg19_103998686_104406594_0	0.9821959606626703 1K
NA12718 HG01258#1#JAGYYV010000004.1_56955948_57456952_1$HG00733#1#JAHEPQ010000019.1_46106835_46420495_0	0.9821955819231782 1K
NA12718 HG00621#1#JAHBCD010000034.1_2122997_2624098_1$HG02886#2#JAHAOT010000031.1_87393_401061_0	0.9821928107720156 1K
NA12718 HG02559#1#JAGYVK010000012.1_51505852_51913611_0$chr1_hg38_103456064_103863972_0	0.9821904447563861 1K
NA12718 HG02559#1#JAGYVK010000012.1_51505852_51913611_0$chr1_hg19_103998686_104406594_0	0.9821904447563861 1K
NA12718 HG01109#1#JAHEPA010000099.1_2104245_2511104_1$HG002.verkko_filt_mat.fa:haplotype1_0000005_138228497_138636354_1	0.9821868123356474 1K
NA12718 HG02293.verkko_filt_mat.fa:haplotype1_0000039_30204405_30517145_1$HG02071.verkko_filt_pat.fa:haplotype2_0000736_102745972_103248026_0	0.9821845848541527 1K
NA12718 AV_HG02148#haplotype2#0002863:16304803_16712699$HG02300.verkko_filt_pat.fa:haplotype2_0000620_143362344_143769323_1	0.9821810723565335 1K
NA12718 HG03486#1#JAHEOQ010000123.1_16677696_17085575_0$HG03516#1#JAGYYT010000012.1_24170958_24578778_1	0.9821788098648059 1K
NA12718 chr1_hg38_103456064_103863972_0$NA19240#2#JAHEOL010000010.1_37445323_37853017_0	0.9821713661405966 1K
NA12718 chr1_hg19_103998686_104406594_0$NA19240#2#JAHEOL010000010.1_37445323_37853017_0	0.9821713661405966 1K
NA12718 HG02080#1#JAHEOW010000048.1_16689583_17097287_0$chr1_hg38_103456064_103863972_0	0.9821612217285519 1K
NA12718 HG02080#1#JAHEOW010000048.1_16689583_17097287_0$chr1_hg19_103998686_104406594_0	0.9821612217285519 1K
NA12718 HG02818#2#JAHEOR010000010.1_31775319_32183091_1$HG002.verkko_filt_mat.fa:haplotype1_0000005_138228497_138636354_1	0.9821560749008231 1K
NA12718 AV_HG00673#haplotype1#0000019:16627360_17129375$HG03710.verkko_filt_mat.fa:haplotype1_0000029_102593394_102907063_0	0.9821543889765312 1K
NA12718 chr1_hg38_103456064_103863972_0$HG01099.verkko_filt_mat.fa:haplotype1_0000034_142513097_142920876_1	0.9821513125975770 1K
NA12718 chr1_hg19_103998686_104406594_0$HG01099.verkko_filt_mat.fa:haplotype1_0000034_142513097_142920876_1	0.9821513125975770 1K
NA12718 HG01928#1#JAGYVQ010000053.1_16676493_17083407_0$HG02300.verkko_filt_mat.fa:haplotype1_0000028_144052837_144460586_1	0.9821493021602575 1K
NA12718 HG02004.verkko_filt_mat.fa:haplotype1_0000022_97828542_98235483_0$HG02300.verkko_filt_mat.fa:haplotype1_0000028_144052837_144460586_1	0.9821438412807688 1K
NA12718 HG01978#1#JAGYVS010000002.1_51519970_52021951_0$HG02647.verkko_filt_pat.fa:haplotype2_0000857_103738150_104051769_0	0.9821310919603689 1K
NA12718 HG02004.verkko_filt_mat.fa:haplotype1_0000022_97828542_98235483_0$HG03927.verkko_filt_mat.fa:haplotype1_0000009_134765170_135173010_1	0.9821210460082289 1K
NA12718 HG02559#1#JAGYVK010000012.1_51505852_51913611_0$HG002.verkko_filt_mat.fa:haplotype1_0000005_138228497_138636354_1	0.9821177956510376 1K
NA12718 chr1_hg38_103456064_103863972_0$NA19240#1#JAHEOM010000047.1_30103390_30511199_1	0.9821094064175833 1K
NA12718 chr1_hg19_103998686_104406594_0$NA19240#1#JAHEOM010000047.1_30103390_30511199_1	0.9821094064175833 1K
NA12718 HG01978#2#JAGYVR010000007.1_51532241_51939176_0$HG03927.verkko_filt_mat.fa:haplotype1_0000009_134765170_135173010_1	0.9821093039871188 1K
NA12718 HG01978#2#JAGYVR010000007.1_51532241_51939176_0$HG02300.verkko_filt_mat.fa:haplotype1_0000028_144052837_144460586_1	0.9821090614811198 1K
NA12718 AV_HG00673#haplotype1#0000019:16627360_17129375$HG01123#2#JAGYYY010000006.1_51579630_51892388_0	0.9821072317636470 1K
NA12718 HG01928#1#JAGYVQ010000053.1_16676493_17083407_0$HG01099.verkko_filt_mat.fa:haplotype1_0000034_142513097_142920876_1	0.9821064481206989 1K
NA12718 AV_HG01175#haplotype1#0000070:46006269_46414083$HG02809.verkko_filt_pat.fa:haplotype2_0001251_103421111_103827972_0	0.9821056188431784 1K
NA12718 HG02080#1#JAHEOW010000048.1_16689583_17097287_0$HG00621#2#JAHBCC010000031.1_16669999_17077865_0	0.9821049718938369 1K
NA12718 HG00621#2#JAHBCC010000031.1_16669999_17077865_0$NA19240#2#JAHEOL010000010.1_37445323_37853017_0	0.9820991274250054 1K
NA12718 chr1_hg38_103456064_103863972_0$HG03516#1#JAGYYT010000012.1_24170958_24578778_1	0.9820873644518100 1K
NA12718 chr1_hg19_103998686_104406594_0$HG03516#1#JAGYYT010000012.1_24170958_24578778_1	0.9820873644518100 1K
NA12718 AV_HG02148#haplotype2#0002863:16304803_16712699$HG03927.verkko_filt_mat.fa:haplotype1_0000009_134765170_135173010_1	0.9820811919875632 1K
NA12718 HG03579#2#JAGYVT010000094.1_51581892_51895531_0$HG01978#1#JAGYVS010000002.1_51519970_52021951_0	0.9820755061902977 1K
NA12718 HG02886#2#JAHAOT010000031.1_87393_401061_0$HG02071.verkko_filt_pat.fa:haplotype2_0000736_102745972_103248026_0	0.9820747829598420 1K
NA12718 HG02886#2#JAHAOT010000031.1_87393_401061_0$HG04228.verkko_filt_mat.fa:haplotype1_0000023_103429213_103930285_0	0.9820730397719413 1K
NA12718 HG02080#1#JAHEOW010000048.1_16689583_17097287_0$HG02004.verkko_filt_mat.fa:haplotype1_0000022_97828542_98235483_0	0.9820700213579379 1K
NA12718 HG02300.verkko_filt_mat.fa:haplotype1_0000028_144052837_144460586_1$HG02300.verkko_filt_pat.fa:haplotype2_0000620_143362344_143769323_1	0.9820648920891213 1K
NA12718 chr1_hg38_103456064_103863972_0$HG03579#1#JAGYVU010000029.1_91404_499180_0	0.9820600459412246 1K
NA12718 chr1_hg19_103998686_104406594_0$HG03579#1#JAGYVU010000029.1_91404_499180_0	0.9820600459412246 1K
NA12718 AV_HG01361#haplotype1#0000023:101593539_102001341$HG02071.verkko_filt_mat.fa:haplotype1_0000041_103610513_104018399_0	0.9820577238024203 1K
NA12718 HG005#2#JAHEPN010000023.1_51542210_51950070_0$HG01099.verkko_filt_mat.fa:haplotype1_0000034_142513097_142920876_1	0.9820574408097813 1K
NA12718 HG02818#2#JAHEOR010000010.1_31775319_32183091_1$HG03486#1#JAHEOQ010000123.1_16677696_17085575_0	0.9820520217574094 1K
NA12718 HG03516#2#JAGYYS010000004.1_24452130_24859892_1$HG002.verkko_filt_mat.fa:haplotype1_0000005_138228497_138636354_1	0.9820513878386691 1K
NA12718 HG01109#1#JAHEPA010000099.1_2104245_2511104_1$HG03486#1#JAHEOQ010000123.1_16677696_17085575_0	0.9820507170507318 1K
NA12718 HG03486#1#JAHEOQ010000123.1_16677696_17085575_0$HG03516#2#JAGYYS010000004.1_24452130_24859892_1	0.9820440398570953 1K
NA12718 AV_HG01361#haplotype2#0001322:101872897_102186552$HG02293.verkko_filt_pat.fa:haplotype2_0000836_148310532_148812524_1	0.9820438137098908 1K
NA12718 HG02080#1#JAHEOW010000048.1_16689583_17097287_0$HG005#2#JAHEPN010000023.1_51542210_51950070_0	0.9820427254148912 1K
NA12718 NA19240#2#JAHEOL010000010.1_37445323_37853017_0$HG02004.verkko_filt_mat.fa:haplotype1_0000022_97828542_98235483_0	0.9820400965912985 1K
NA12718 AV_HG00673#haplotype1#0000019:16627360_17129375$HG03098#2#JAHEPL010000003.1_93803759_94117426_0	0.9820387241529944 1K
NA12718 HG005#2#JAHEPN010000023.1_51542210_51950070_0$NA19240#2#JAHEOL010000010.1_37445323_37853017_0	0.9820292418604470 1K
NA12718 HG02080#2#JAHEOV010000017.1_16662177_17164189_0$HG03710.verkko_filt_mat.fa:haplotype1_0000029_102593394_102907063_0	0.9820165075974193 1K
NA12718 HG005#2#JAHEPN010000023.1_51542210_51950070_0$HG03927.verkko_filt_mat.fa:haplotype1_0000009_134765170_135173010_1	0.9820131788442176 1K
NA12718 HG02080#1#JAHEOW010000048.1_16689583_17097287_0$HG01978#2#JAGYVR010000007.1_51532241_51939176_0	0.9820107653548475 1K
NA12718 AV_HG01361#haplotype1#0000023:101593539_102001341$chr1_hg38_103456064_103863972_0	0.9820101496978181 1K
NA12718 AV_HG01361#haplotype1#0000023:101593539_102001341$chr1_hg19_103998686_104406594_0	0.9820101496978181 1K
NA12718 NA19240#1#JAHEOM010000047.1_30103390_30511199_1$HG002.verkko_filt_mat.fa:haplotype1_0000005_138228497_138636354_1	0.9819964441722263 1K
NA12718 HG02004.verkko_filt_mat.fa:haplotype1_0000022_97828542_98235483_0$HG01099.verkko_filt_mat.fa:haplotype1_0000034_142513097_142920876_1	0.9819950999747425 1K
NA12718 HG01978#1#JAGYVS010000002.1_51519970_52021951_0$HG02109#2#JAHEPF010000078.1_16678387_16991144_0	0.9819914627411738 1K
NA12718 HG00621#2#JAHBCC010000031.1_16669999_17077865_0$HG01099.verkko_filt_mat.fa:haplotype1_0000034_142513097_142920876_1	0.9819891774139736 1K
NA12718 HG03486#1#JAHEOQ010000123.1_16677696_17085575_0$HG02559#1#JAGYVK010000012.1_51505852_51913611_0	0.9819887705754055 1K
NA12718 HG01978#2#JAGYVR010000007.1_51532241_51939176_0$NA19240#2#JAHEOL010000010.1_37445323_37853017_0	0.9819885305263926 1K
NA12718 HG03579#1#JAGYVU010000029.1_91404_499180_0$HG002.verkko_filt_mat.fa:haplotype1_0000005_138228497_138636354_1	0.9819873981157036 1K
NA12718 AV_HG00673#haplotype2#0001165:24014011_24421797$HG002.verkko_filt_mat.fa:haplotype1_0000005_138228497_138636354_1	0.9819867576905519 1K
NA12718 HG02080#1#JAHEOW010000048.1_16689583_17097287_0$HG02300.verkko_filt_pat.fa:haplotype2_0000620_143362344_143769323_1	0.9819829029457605 1K
NA12718 HG02080#1#JAHEOW010000048.1_16689583_17097287_0$HG01928#1#JAGYVQ010000053.1_16676493_17083407_0	0.9819776821074206 1K
NA12718 HG01928#1#JAGYVQ010000053.1_16676493_17083407_0$HG01978#2#JAGYVR010000007.1_51532241_51939176_0	0.9819738701133380 1K
NA12718 HG03516#1#JAGYYT010000012.1_24170958_24578778_1$HG02071.verkko_filt_mat.fa:haplotype1_0000041_103610513_104018399_0	0.9819727463394355 1K
NA12718 NA19240#2#JAHEOL010000010.1_37445323_37853017_0$HG02300.verkko_filt_pat.fa:haplotype2_0000620_143362344_143769323_1	0.9819683373515162 1K
NA12718 HG005#2#JAHEPN010000023.1_51542210_51950070_0$HG03516#2#JAGYYS010000004.1_24452130_24859892_1	0.9819661058777871 1K
NA12718 AV_HG01175#haplotype1#0000070:46006269_46414083$HG02145#2#JAHKSF010000206.1_1005292_1413195_1	0.9819658649775669 1K
NA12718 AV_HG01175#haplotype1#0000070:46006269_46414083$HG02717#2#JAHAOR010000006.1_19663827_20070693_1	0.9819658064310581 1K
NA12718 HG01978#2#JAGYVR010000007.1_51532241_51939176_0$HG01099.verkko_filt_mat.fa:haplotype1_0000034_142513097_142920876_1	0.9819601326940913 1K
NA12718 HG01978#1#JAGYVS010000002.1_51519970_52021951_0$HG01891#1#JAGYVO010000014.1_22855818_23168577_1	0.9819547062282266 1K
NA12718 HG02723#1#JAHEOU010000204.1_2102082_2414876_1$HG01978#1#JAGYVS010000002.1_51519970_52021951_0	0.9819525093555025 1K
NA12718 HG02818#2#JAHEOR010000010.1_31775319_32183091_1$HG02071.verkko_filt_mat.fa:haplotype1_0000041_103610513_104018399_0	0.9819513607213142 1K
NA12718 HG01978#2#JAGYVR010000007.1_51532241_51939176_0$HG03516#2#JAGYYS010000004.1_24452130_24859892_1	0.9819495087109998 1K
NA12718 AV_HG02148#haplotype2#0002863:16304803_16712699$HG02818#2#JAHEOR010000010.1_31775319_32183091_1	0.9819447305283633 1K
NA12718 HG03516#2#JAGYYS010000004.1_24452130_24859892_1$HG02071.verkko_filt_mat.fa:haplotype1_0000041_103610513_104018399_0	0.9819439376600518 1K
NA12718 HG01928#1#JAGYVQ010000053.1_16676493_17083407_0$HG03927.verkko_filt_mat.fa:haplotype1_0000009_134765170_135173010_1	0.9819398202226872 1K
NA12718 HG01928#1#JAGYVQ010000053.1_16676493_17083407_0$NA19240#2#JAHEOL010000010.1_37445323_37853017_0	0.9819397252664819 1K
NA12718 HG01123#2#JAGYYY010000006.1_51579630_51892388_0$HG02071.verkko_filt_pat.fa:haplotype2_0000736_102745972_103248026_0	0.9819387136448605 1K
NA12718 AV_HG00673#haplotype2#0001165:24014011_24421797$HG03486#1#JAHEOQ010000123.1_16677696_17085575_0	0.9819381681989414 1K
NA12718 HG00621#2#JAHBCC010000031.1_16669999_17077865_0$HG03927.verkko_filt_mat.fa:haplotype1_0000009_134765170_135173010_1	0.9819360928356340 1K
NA12718 HG03098#2#JAHEPL010000003.1_93803759_94117426_0$HG02080#2#JAHEOV010000017.1_16662177_17164189_0	0.9819331408288628 1K
NA12718 HG01928#1#JAGYVQ010000053.1_16676493_17083407_0$HG02004.verkko_filt_mat.fa:haplotype1_0000022_97828542_98235483_0	0.9819311809101158 1K
NA12718 HG02818#2#JAHEOR010000010.1_31775319_32183091_1$HG01978#2#JAGYVR010000007.1_51532241_51939176_0	0.9819241904706774 1K
NA12718 AV_HG01361#haplotype1#0000023:101593539_102001341$AV_HG02148#haplotype2#0002863:16304803_16712699	0.9819196067557648 1K
NA12718 AV_HG01361#haplotype1#0000023:101593539_102001341$HG02004.verkko_filt_mat.fa:haplotype1_0000022_97828542_98235483_0	0.9819191789905247 1K
NA12718 HG02559#1#JAGYVK010000012.1_51505852_51913611_0$HG01978#2#JAGYVR010000007.1_51532241_51939176_0	0.9819183174240025 1K
NA12718 AV_HG01175#haplotype1#0000070:46006269_46414083$HG005#1#JAHEPO010000002.1_51519219_51926067_0	0.9819177228538990 1K
NA12718 HG03516#2#JAGYYS010000004.1_24452130_24859892_1$HG02004.verkko_filt_mat.fa:haplotype1_0000022_97828542_98235483_0	0.9819118768939012 1K
NA12718 HG01928#1#JAGYVQ010000053.1_16676493_17083407_0$HG03516#2#JAGYYS010000004.1_24452130_24859892_1	0.9819090776437960 1K
NA12718 HG00621#1#JAHBCD010000034.1_2122997_2624098_1$HG03098#2#JAHEPL010000003.1_93803759_94117426_0	0.9819067835394982 1K
NA12718 AV_HG00673#haplotype1#0000019:16627360_17129375$AV_HG01361#haplotype2#0001322:101872897_102186552	0.9819056631950991 1K
NA12718 AV_HG02148#haplotype2#0002863:16304803_16712699$HG03516#2#JAGYYS010000004.1_24452130_24859892_1	0.9819043162918785 1K
NA12718 AV_HG01361#haplotype1#0000023:101593539_102001341$HG005#2#JAHEPN010000023.1_51542210_51950070_0	0.9818919444988042 1K
NA12718 AV_HG02148#haplotype2#0002863:16304803_16712699$HG02559#1#JAGYVK010000012.1_51505852_51913611_0	0.9818896323731588 1K
NA12718 HG02559#1#JAGYVK010000012.1_51505852_51913611_0$HG005#2#JAHEPN010000023.1_51542210_51950070_0	0.9818864343445843 1K
NA12718 HG00621#1#JAHBCD010000034.1_2122997_2624098_1$HG03710.verkko_filt_mat.fa:haplotype1_0000029_102593394_102907063_0	0.9818851113131200 1K
NA12718 AV_HG02148#haplotype2#0002863:16304803_16712699$HG03516#1#JAGYYT010000012.1_24170958_24578778_1	0.9818850788114862 1K
NA12718 HG02559#1#JAGYVK010000012.1_51505852_51913611_0$HG02004.verkko_filt_mat.fa:haplotype1_0000022_97828542_98235483_0	0.9818727907806871 1K
NA12718 HG01099.verkko_filt_mat.fa:haplotype1_0000034_142513097_142920876_1$HG02300.verkko_filt_pat.fa:haplotype2_0000620_143362344_143769323_1	0.9818668206655886 1K
NA12718 HG02559#1#JAGYVK010000012.1_51505852_51913611_0$HG02071.verkko_filt_mat.fa:haplotype1_0000041_103610513_104018399_0	0.9818640733767309 1K
NA12718 HG02818#2#JAHEOR010000010.1_31775319_32183091_1$HG005#2#JAHEPN010000023.1_51542210_51950070_0	0.9818604845710330 1K
NA12718 AV_HG01361#haplotype1#0000023:101593539_102001341$HG01978#2#JAGYVR010000007.1_51532241_51939176_0	0.9818515942076231 1K
NA12718 HG01123#2#JAGYYY010000006.1_51579630_51892388_0$HG02080#2#JAHEOV010000017.1_16662177_17164189_0	0.9818482043066156 1K
NA12718 HG04228.verkko_filt_mat.fa:haplotype1_0000023_103429213_103930285_0$HG03710.verkko_filt_mat.fa:haplotype1_0000029_102593394_102907063_0	0.9818477449391714 1K
NA12718 HG02647.verkko_filt_pat.fa:haplotype2_0000857_103738150_104051769_0$HG02293.verkko_filt_pat.fa:haplotype2_0000836_148310532_148812524_1	0.9818406384691424 1K
NA12718 HG005#2#JAHEPN010000023.1_51542210_51950070_0$HG03579#1#JAGYVU010000029.1_91404_499180_0	0.9818372343574571 1K
NA12718 HG04228.verkko_filt_pat.fa:haplotype2_0000600_103806749_104119491_0$HG02293.verkko_filt_pat.fa:haplotype2_0000836_148310532_148812524_1	0.9818317286900543 1K
NA12718 HG02559#1#JAGYVK010000012.1_51505852_51913611_0$HG01928#1#JAGYVQ010000053.1_16676493_17083407_0	0.9818293603665619 1K
NA12718 HG01978#2#JAGYVR010000007.1_51532241_51939176_0$HG03579#1#JAGYVU010000029.1_91404_499180_0	0.9818285583533573 1K
NA12718 AV_HG01361#haplotype1#0000023:101593539_102001341$HG01928#1#JAGYVQ010000053.1_16676493_17083407_0	0.9818268638721523 1K
NA12718 AV_HG01361#haplotype2#0001322:101872897_102186552$HG02080#2#JAHEOV010000017.1_16662177_17164189_0	0.9818241476986045 1K
NA12718 HG03579#1#JAGYVU010000029.1_91404_499180_0$HG02004.verkko_filt_mat.fa:haplotype1_0000022_97828542_98235483_0	0.9818236042694835 1K
NA12718 HG03579#2#JAGYVT010000094.1_51581892_51895531_0$HG02293.verkko_filt_pat.fa:haplotype2_0000836_148310532_148812524_1	0.9818180643406361 1K
NA12718 HG03486#1#JAHEOQ010000123.1_16677696_17085575_0$HG03579#1#JAGYVU010000029.1_91404_499180_0	0.9818177982952161 1K
NA12718 HG02109#1#JAHEPG010000026.1_16673035_17080816_0$HG002.verkko_filt_mat.fa:haplotype1_0000005_138228497_138636354_1	0.9818128818271388 1K
NA12718 HG01109#1#JAHEPA010000099.1_2104245_2511104_1$chr1_hg38_103456064_103863972_0	0.9818128428459356 1K
NA12718 HG01109#1#JAHEPA010000099.1_2104245_2511104_1$chr1_hg19_103998686_104406594_0	0.9818128428459356 1K
NA12718 AV_HG01361#haplotype2#0001322:101872897_102186552$HG04228.verkko_filt_mat.fa:haplotype1_0000023_103429213_103930285_0	0.9818088860216658 1K
NA12718 HG00621#2#JAHBCC010000031.1_16669999_17077865_0$HG02818#2#JAHEOR010000010.1_31775319_32183091_1	0.9818077308786105 1K
NA12718 HG01978#2#JAGYVR010000007.1_51532241_51939176_0$HG03516#1#JAGYYT010000012.1_24170958_24578778_1	0.9818075925161092 1K
NA12718 HG00438#2#JAHBCA010000012.1_51513023_51826723_0$HG01258#1#JAGYYV010000004.1_56955948_57456952_1	0.9818064173116925 1K
NA12718 AV_HG00673#haplotype2#0001165:24014011_24421797$HG02071.verkko_filt_mat.fa:haplotype1_0000041_103610513_104018399_0	0.9818058704306331 1K
NA12718 HG03516#1#JAGYYT010000012.1_24170958_24578778_1$HG005#2#JAHEPN010000023.1_51542210_51950070_0	0.9818008665764940 1K
NA12718 HG03579#1#JAGYVU010000029.1_91404_499180_0$HG02071.verkko_filt_mat.fa:haplotype1_0000041_103610513_104018399_0	0.9817986743094124 1K
NA12718 HG02818#2#JAHEOR010000010.1_31775319_32183091_1$HG01928#1#JAGYVQ010000053.1_16676493_17083407_0	0.9817871173614057 1K
NA12718 HG01071#1#JAHBCF010000053.1_26607100_27108065_1$HG00733#1#JAHEPQ010000019.1_46106835_46420495_0	0.9817869647994900 1K
NA12718 HG03710.verkko_filt_mat.fa:haplotype1_0000029_102593394_102907063_0$HG02071.verkko_filt_pat.fa:haplotype2_0000736_102745972_103248026_0	0.9817856585141408 1K
NA12718 HG02818#2#JAHEOR010000010.1_31775319_32183091_1$HG02004.verkko_filt_mat.fa:haplotype1_0000022_97828542_98235483_0	0.9817819029757231 1K
NA12718 HG01109#1#JAHEPA010000099.1_2104245_2511104_1$HG02071.verkko_filt_mat.fa:haplotype1_0000041_103610513_104018399_0	0.9817795840874541 1K
NA12718 HG03516#1#JAGYYT010000012.1_24170958_24578778_1$HG02004.verkko_filt_mat.fa:haplotype1_0000022_97828542_98235483_0	0.9817790093983874 1K
NA12718 HG00621#2#JAHBCC010000031.1_16669999_17077865_0$HG03516#2#JAGYYS010000004.1_24452130_24859892_1	0.9817755620661693 1K
NA12718 AV_HG01361#haplotype2#0001322:101872897_102186552$HG00621#1#JAHBCD010000034.1_2122997_2624098_1	0.9817735331494513 1K
NA12718 HG005#2#JAHEPN010000023.1_51542210_51950070_0$NA19240#1#JAHEOM010000047.1_30103390_30511199_1	0.9817657966001045 1K
NA12718 HG01978#2#JAGYVR010000007.1_51532241_51939176_0$NA19240#1#JAHEOM010000047.1_30103390_30511199_1	0.9817645452842122 1K
NA12718 AV_HG01175#haplotype1#0000070:46006269_46414083$HG01123#1#JAGYYZ010000015.1_51528240_51935090_0	0.9817630741060640 1K
NA12718 HG01928#1#JAGYVQ010000053.1_16676493_17083407_0$HG03579#1#JAGYVU010000029.1_91404_499180_0	0.9817558012443807 1K
NA12718 HG03486#1#JAHEOQ010000123.1_16677696_17085575_0$NA19240#1#JAHEOM010000047.1_30103390_30511199_1	0.9817547551196524 1K
NA12718 NA19240#1#JAHEOM010000047.1_30103390_30511199_1$HG02071.verkko_filt_mat.fa:haplotype1_0000041_103610513_104018399_0	0.9817511787698295 1K
NA12718 HG03453#2#JAGYVV010000088.1_22597550_23005370_1$HG02300.verkko_filt_mat.fa:haplotype1_0000028_144052837_144460586_1	0.9817489569343208 1K
NA12718 HG03098#2#JAHEPL010000003.1_93803759_94117426_0$HG02071.verkko_filt_pat.fa:haplotype2_0000736_102745972_103248026_0	0.9817424765795754 1K
NA12718 HG03927.verkko_filt_mat.fa:haplotype1_0000009_134765170_135173010_1$HG02300.verkko_filt_pat.fa:haplotype2_0000620_143362344_143769323_1	0.9817390756542412 1K
NA12718 AV_HG01175#haplotype1#0000070:46006269_46414083$NA18906#1#JAHEOO010000054.1_2103477_2510435_1	0.9817339715814964 1K
NA12718 HG00621#2#JAHBCC010000031.1_16669999_17077865_0$HG03516#1#JAGYYT010000012.1_24170958_24578778_1	0.9817318286311220 1K
NA12718 HG00621#2#JAHBCC010000031.1_16669999_17077865_0$HG02559#1#JAGYVK010000012.1_51505852_51913611_0	0.9817283437710489 1K
NA12718 HG01928#1#JAGYVQ010000053.1_16676493_17083407_0$HG03516#1#JAGYYT010000012.1_24170958_24578778_1	0.9817193783042195 1K
NA12718 HG03098#2#JAHEPL010000003.1_93803759_94117426_0$HG04228.verkko_filt_mat.fa:haplotype1_0000023_103429213_103930285_0	0.9817159522745704 1K
NA12718 AV_HG01175#haplotype1#0000070:46006269_46414083$AV_HG02257#haplotype2#0001152:102843493_103251377	0.9817140289870810 1K
NA12718 AV_HG00673#haplotype1#0000019:16627360_17129375$HG04228.verkko_filt_pat.fa:haplotype2_0000600_103806749_104119491_0	0.9817100536243321 1K
NA12718 AV_HG01175#haplotype1#0000070:46006269_46414083$HG02630#1#JAHAOQ010000102.1_16672145_17079089_0	0.9817088587202807 1K
NA12718 HG00621#1#JAHBCD010000034.1_2122997_2624098_1$HG02293.verkko_filt_mat.fa:haplotype1_0000039_30204405_30517145_1	0.9817034491621087 1K
NA12718 AV_HG00673#haplotype1#0000019:16627360_17129375$HG02647.verkko_filt_pat.fa:haplotype2_0000857_103738150_104051769_0	0.9817031366734333 1K
NA12718 AV_HG02148#haplotype2#0002863:16304803_16712699$HG03579#1#JAGYVU010000029.1_91404_499180_0	0.9817023970997192 1K
NA12718 AV_HG01175#haplotype1#0000070:46006269_46414083$HG02886#1#JAHAOU010000178.1_62411_469262_0	0.9816999263946404 1K
NA12718 HG01123#2#JAGYYY010000006.1_51579630_51892388_0$HG04228.verkko_filt_mat.fa:haplotype1_0000023_103429213_103930285_0	0.9816946335418498 1K
NA12718 HG03486#1#JAHEOQ010000123.1_16677696_17085575_0$HG02109#1#JAHEPG010000026.1_16673035_17080816_0	0.9816910046494459 1K
NA12718 HG03453#2#JAGYVV010000088.1_22597550_23005370_1$HG03927.verkko_filt_mat.fa:haplotype1_0000009_134765170_135173010_1	0.9816881672808219 1K
NA12718 AV_HG00673#haplotype1#0000019:16627360_17129375$HG03579#2#JAGYVT010000094.1_51581892_51895531_0	0.9816805165772607 1K
NA12718 NA19240#1#JAHEOM010000047.1_30103390_30511199_1$HG02004.verkko_filt_mat.fa:haplotype1_0000022_97828542_98235483_0	0.9816791019090487 1K
NA12718 HG02818#2#JAHEOR010000010.1_31775319_32183091_1$HG02300.verkko_filt_pat.fa:haplotype2_0000620_143362344_143769323_1	0.9816757032412358 1K
NA12718 HG01258#2#JAGYYU010000072.1_51562603_51970395_0$HG002.verkko_filt_mat.fa:haplotype1_0000005_138228497_138636354_1	0.9816751482999946 1K
NA12718 chr1_hg38_103456064_103863972_0$HG02109#1#JAHEPG010000026.1_16673035_17080816_0	0.9816739495734587 1K
NA12718 chr1_hg19_103998686_104406594_0$HG02109#1#JAHEPG010000026.1_16673035_17080816_0	0.9816739495734587 1K
NA12718 AV_HG02148#haplotype2#0002863:16304803_16712699$NA19240#1#JAHEOM010000047.1_30103390_30511199_1	0.9816717148516179 1K
NA12718 HG04228.verkko_filt_mat.fa:haplotype1_0000023_103429213_103930285_0$HG02293.verkko_filt_mat.fa:haplotype1_0000039_30204405_30517145_1	0.9816666235340678 1K
NA12718 HG02109#1#JAHEPG010000026.1_16673035_17080816_0$HG02071.verkko_filt_mat.fa:haplotype1_0000041_103610513_104018399_0	0.9816645343571582 1K
NA12718 AV_HG01175#haplotype1#0000070:46006269_46414083$HG02486#2#JAGYVL010000029.1_94163344_94570162_0	0.9816634885230887 1K
NA12718 AV_HG01175#haplotype1#0000070:46006269_46414083$HG02818#1#JAHEOS010000101.1_89626_496613_0	0.9816601994593273 1K
NA12718 HG02080#1#JAHEOW010000048.1_16689583_17097287_0$HG03453#2#JAGYVV010000088.1_22597550_23005370_1	0.9816588305413484 1K
NA12718 HG01928#1#JAGYVQ010000053.1_16676493_17083407_0$NA19240#1#JAHEOM010000047.1_30103390_30511199_1	0.9816518864111663 1K
NA12718 AV_HG01361#haplotype1#0000023:101593539_102001341$HG00621#2#JAHBCC010000031.1_16669999_17077865_0	0.9816444164917704 1K
NA12718 HG02559#1#JAGYVK010000012.1_51505852_51913611_0$HG02300.verkko_filt_pat.fa:haplotype2_0000620_143362344_143769323_1	0.9816373447055422 1K
NA12718 HG005#1#JAHEPO010000002.1_51519219_51926067_0$HG002.verkko_filt_mat.fa:haplotype1_0000005_138228497_138636354_1	0.9816356428124813 1K
NA12718 HG03486#1#JAHEOQ010000123.1_16677696_17085575_0$HG01258#2#JAGYYU010000072.1_51562603_51970395_0	0.9816273375053235 1K
NA12718 HG01978#2#JAGYVR010000007.1_51532241_51939176_0$HG02004.verkko_filt_mat.fa:haplotype1_0000022_97828542_98235483_0	0.9816224228515412 1K
NA12718 HG00621#2#JAHBCC010000031.1_16669999_17077865_0$HG01109#1#JAHEPA010000099.1_2104245_2511104_1	0.9816200117179197 1K
NA12718 HG03516#1#JAGYYT010000012.1_24170958_24578778_1$HG02300.verkko_filt_pat.fa:haplotype2_0000620_143362344_143769323_1	0.9816158823881074 1K
NA12718 HG03516#2#JAGYYS010000004.1_24452130_24859892_1$HG02300.verkko_filt_pat.fa:haplotype2_0000620_143362344_143769323_1	0.9816115777350518 1K
NA12718 HG02080#2#JAHEOV010000017.1_16662177_17164189_0$HG04228.verkko_filt_pat.fa:haplotype2_0000600_103806749_104119491_0	0.9816047182220115 1K
NA12718 AV_HG00673#haplotype2#0001165:24014011_24421797$AV_HG02148#haplotype2#0002863:16304803_16712699	0.9816032059321413 1K
NA12718 HG002.verkko_filt_mat.fa:haplotype1_0000005_138228497_138636354_1$HG02809.verkko_filt_pat.fa:haplotype2_0001251_103421111_103827972_0	0.9815952140100137 1K
NA12718 HG03486#1#JAHEOQ010000123.1_16677696_17085575_0$HG02809.verkko_filt_pat.fa:haplotype2_0001251_103421111_103827972_0	0.9815950653786116 1K
NA12718 HG01071#1#JAHBCF010000053.1_26607100_27108065_1$HG00438#2#JAHBCA010000012.1_51513023_51826723_0	0.9815946236984240 1K
NA12718 HG03453#2#JAGYVV010000088.1_22597550_23005370_1$HG01099.verkko_filt_mat.fa:haplotype1_0000034_142513097_142920876_1	0.9815842379531868 1K
NA12718 AV_HG01361#haplotype1#0000023:101593539_102001341$HG02300.verkko_filt_pat.fa:haplotype2_0000620_143362344_143769323_1	0.9815787637560693 1K
NA12718 HG01891#1#JAGYVO010000014.1_22855818_23168577_1$HG02293.verkko_filt_pat.fa:haplotype2_0000836_148310532_148812524_1	0.9815752693054007 1K
NA12718 HG03453#2#JAGYVV010000088.1_22597550_23005370_1$NA19240#2#JAHEOL010000010.1_37445323_37853017_0	0.9815649052080749 1K
NA12718 HG02080#2#JAHEOV010000017.1_16662177_17164189_0$HG02647.verkko_filt_pat.fa:haplotype2_0000857_103738150_104051769_0	0.9815576568932186 1K
NA12718 AV_HG01175#haplotype1#0000070:46006269_46414083$HG00741#2#JAHALX010000013.1_51574319_51981226_0	0.9815555583106584 1K
NA12718 AV_HG02148#haplotype2#0002863:16304803_16712699$HG01109#1#JAHEPA010000099.1_2104245_2511104_1	0.9815548158448455 1K
NA12718 HG02145#2#JAHKSF010000206.1_1005292_1413195_1$HG002.verkko_filt_mat.fa:haplotype1_0000005_138228497_138636354_1	0.9815453385252688 1K
NA12718 HG03486#1#JAHEOQ010000123.1_16677696_17085575_0$HG02717#2#JAHAOR010000006.1_19663827_20070693_1	0.9815378875912825 1K
NA12718 AV_HG01361#haplotype2#0001322:101872897_102186552$HG02071.verkko_filt_pat.fa:haplotype2_0000736_102745972_103248026_0	0.9815375303952453 1K
NA12718 AV_HG01175#haplotype1#0000070:46006269_46414083$HG02717#1#JAHAOS010000015.1_16660311_17067250_0	0.9815308671377212 1K
NA12718 HG02717#2#JAHAOR010000006.1_19663827_20070693_1$HG002.verkko_filt_mat.fa:haplotype1_0000005_138228497_138636354_1	0.9815290702744675 1K
NA12718 chr1_hg38_103456064_103863972_0$HG01258#2#JAGYYU010000072.1_51562603_51970395_0	0.9815281166691788 1K
NA12718 chr1_hg19_103998686_104406594_0$HG01258#2#JAGYYU010000072.1_51562603_51970395_0	0.9815281166691788 1K
NA12718 AV_HG00673#haplotype2#0001165:24014011_24421797$chr1_hg38_103456064_103863972_0	0.9815220851632676 1K
NA12718 AV_HG00673#haplotype2#0001165:24014011_24421797$chr1_hg19_103998686_104406594_0	0.9815220851632676 1K
NA12718 HG03579#2#JAGYVT010000094.1_51581892_51895531_0$HG02080#2#JAHEOV010000017.1_16662177_17164189_0	0.9815187636837244 1K
NA12718 AV_HG02148#haplotype2#0002863:16304803_16712699$HG02109#1#JAHEPG010000026.1_16673035_17080816_0	0.9815186823411088 1K
NA12718 HG00621#1#JAHBCD010000034.1_2122997_2624098_1$HG01123#2#JAGYYY010000006.1_51579630_51892388_0	0.9815063507364958 1K
NA12718 HG01109#1#JAHEPA010000099.1_2104245_2511104_1$HG005#2#JAHEPN010000023.1_51542210_51950070_0	0.9814950348100346 1K
NA12718 AV_HG01175#haplotype1#0000070:46006269_46414083$HG02622#1#JAHAOO010000002.1_16673678_17080663_0	0.9814925704222286 1K
NA12718 AV_HG01361#haplotype1#0000023:101593539_102001341$HG03453#2#JAGYVV010000088.1_22597550_23005370_1	0.9814920202959466 1K
NA12718 HG03486#1#JAHEOQ010000123.1_16677696_17085575_0$HG005#1#JAHEPO010000002.1_51519219_51926067_0	0.9814900726807608 1K
NA12718 HG03486#1#JAHEOQ010000123.1_16677696_17085575_0$HG02145#2#JAHKSF010000206.1_1005292_1413195_1	0.9814887653046848 1K
NA12718 HG00621#2#JAHBCC010000031.1_16669999_17077865_0$HG03579#1#JAGYVU010000029.1_91404_499180_0	0.9814842254528303 1K
NA12718 HG02109#1#JAHEPG010000026.1_16673035_17080816_0$HG02004.verkko_filt_mat.fa:haplotype1_0000022_97828542_98235483_0	0.9814774928957474 1K
NA12718 HG03486#1#JAHEOQ010000123.1_16677696_17085575_0$NA18906#1#JAHEOO010000054.1_2103477_2510435_1	0.9814597064209378 1K
NA12718 HG01123#1#JAGYYZ010000015.1_51528240_51935090_0$HG002.verkko_filt_mat.fa:haplotype1_0000005_138228497_138636354_1	0.9814565363216641 1K
NA12718 HG02145#2#JAHKSF010000206.1_1005292_1413195_1$chr1_hg38_103456064_103863972_0	0.9814471261792997 1K
NA12718 HG02145#2#JAHKSF010000206.1_1005292_1413195_1$chr1_hg19_103998686_104406594_0	0.9814471261792997 1K
NA12718 AV_HG00673#haplotype1#0000019:16627360_17129375$HG01891#1#JAGYVO010000014.1_22855818_23168577_1	0.9814457678133243 1K
NA12718 HG02109#1#JAHEPG010000026.1_16673035_17080816_0$HG005#2#JAHEPN010000023.1_51542210_51950070_0	0.9814422455213598 1K
NA12718 HG02071.verkko_filt_mat.fa:haplotype1_0000041_103610513_104018399_0$HG02809.verkko_filt_pat.fa:haplotype2_0001251_103421111_103827972_0	0.9814385608244743 1K
NA12718 HG02630#1#JAHAOQ010000102.1_16672145_17079089_0$HG002.verkko_filt_mat.fa:haplotype1_0000005_138228497_138636354_1	0.9814350634829032 1K
NA12718 HG00621#2#JAHBCC010000031.1_16669999_17077865_0$NA19240#1#JAHEOM010000047.1_30103390_30511199_1	0.9814292544125252 1K
NA12718 HG03486#1#JAHEOQ010000123.1_16677696_17085575_0$HG02630#1#JAHAOQ010000102.1_16672145_17079089_0	0.9814265101997991 1K
NA12718 HG02109#2#JAHEPF010000078.1_16678387_16991144_0$HG02293.verkko_filt_pat.fa:haplotype2_0000836_148310532_148812524_1	0.9814257744577172 1K
NA12718 NA18906#1#JAHEOO010000054.1_2103477_2510435_1$HG002.verkko_filt_mat.fa:haplotype1_0000005_138228497_138636354_1	0.9814193551422308 1K
NA12718 HG00621#1#JAHBCD010000034.1_2122997_2624098_1$HG02647.verkko_filt_pat.fa:haplotype2_0000857_103738150_104051769_0	0.9814177877164881 1K
NA12718 HG01258#2#JAGYYU010000072.1_51562603_51970395_0$HG02071.verkko_filt_mat.fa:haplotype1_0000041_103610513_104018399_0	0.9814132159231781 1K
NA12718 AV_HG02148#haplotype2#0002863:16304803_16712699$HG01258#2#JAGYYU010000072.1_51562603_51970395_0	0.9814063404377562 1K
NA12718 HG03453#2#JAGYVV010000088.1_22597550_23005370_1$HG03516#2#JAGYYS010000004.1_24452130_24859892_1	0.9814048562780829 1K
NA12718 HG01928#1#JAGYVQ010000053.1_16676493_17083407_0$HG02109#1#JAHEPG010000026.1_16673035_17080816_0	0.9814014873882790 1K
NA12718 HG02109#1#JAHEPG010000026.1_16673035_17080816_0$HG01978#2#JAGYVR010000007.1_51532241_51939176_0	0.9814014058339436 1K
NA12718 HG03579#1#JAGYVU010000029.1_91404_499180_0$HG02300.verkko_filt_pat.fa:haplotype2_0000620_143362344_143769323_1	0.9813930247843567 1K
NA12718 AV_HG02257#haplotype2#0001152:102843493_103251377$HG002.verkko_filt_mat.fa:haplotype1_0000005_138228497_138636354_1	0.9813911948219503 1K
NA12718 HG00621#1#JAHBCD010000034.1_2122997_2624098_1$HG03579#2#JAGYVT010000094.1_51581892_51895531_0	0.9813870319840956 1K
NA12718 AV_HG00673#haplotype2#0001165:24014011_24421797$HG01928#1#JAGYVQ010000053.1_16676493_17083407_0	0.9813722022614964 1K
NA12718 HG02647.verkko_filt_pat.fa:haplotype2_0000857_103738150_104051769_0$HG02071.verkko_filt_pat.fa:haplotype2_0000736_102745972_103248026_0	0.9813715435744824 1K
NA12718 AV_HG00673#haplotype2#0001165:24014011_24421797$HG02004.verkko_filt_mat.fa:haplotype1_0000022_97828542_98235483_0	0.9813668853012745 1K
NA12718 AV_HG00673#haplotype2#0001165:24014011_24421797$HG005#2#JAHEPN010000023.1_51542210_51950070_0	0.9813642637949980 1K
NA12718 HG03486#1#JAHEOQ010000123.1_16677696_17085575_0$HG01123#1#JAGYYZ010000015.1_51528240_51935090_0	0.9813596348537614 1K
NA12718 HG00621#2#JAHBCC010000031.1_16669999_17077865_0$HG02109#1#JAHEPG010000026.1_16673035_17080816_0	0.9813574022838418 1K
NA12718 HG03486#1#JAHEOQ010000123.1_16677696_17085575_0$HG02486#2#JAGYVL010000029.1_94163344_94570162_0	0.9813565538014616 1K
NA12718 chr1_hg38_103456064_103863972_0$HG02809.verkko_filt_pat.fa:haplotype2_0001251_103421111_103827972_0	0.9813501550837913 1K
NA12718 chr1_hg19_103998686_104406594_0$HG02809.verkko_filt_pat.fa:haplotype2_0001251_103421111_103827972_0	0.9813501550837913 1K
NA12718 HG03579#2#JAGYVT010000094.1_51581892_51895531_0$HG02071.verkko_filt_pat.fa:haplotype2_0000736_102745972_103248026_0	0.9813410583044568 1K
NA12718 HG005#1#JAHEPO010000002.1_51519219_51926067_0$HG02071.verkko_filt_mat.fa:haplotype1_0000041_103610513_104018399_0	0.9813410178084264 1K
NA12718 chr1_hg38_103456064_103863972_0$HG02486#2#JAGYVL010000029.1_94163344_94570162_0	0.9813405539024951 1K
NA12718 chr1_hg19_103998686_104406594_0$HG02486#2#JAGYVL010000029.1_94163344_94570162_0	0.9813405539024951 1K
NA12718 AV_HG00673#haplotype1#0000019:16627360_17129375$HG02109#2#JAHEPF010000078.1_16678387_16991144_0	0.9813366596785056 1K
NA12718 HG01258#2#JAGYYU010000072.1_51562603_51970395_0$HG02004.verkko_filt_mat.fa:haplotype1_0000022_97828542_98235483_0	0.9813326292749150 1K
NA12718 HG02717#1#JAHAOS010000015.1_16660311_17067250_0$HG002.verkko_filt_mat.fa:haplotype1_0000005_138228497_138636354_1	0.9813304453267051 1K
NA12718 HG03453#2#JAGYVV010000088.1_22597550_23005370_1$HG03516#1#JAGYYT010000012.1_24170958_24578778_1	0.9813302524177817 1K
NA12718 HG02723#1#JAHEOU010000204.1_2102082_2414876_1$HG02293.verkko_filt_pat.fa:haplotype2_0000836_148310532_148812524_1	0.9813266350914385 1K
NA12718 HG02559#1#JAGYVK010000012.1_51505852_51913611_0$HG03453#2#JAGYVV010000088.1_22597550_23005370_1	0.9813175580978908 1K
NA12718 AV_HG02148#haplotype2#0002863:16304803_16712699$HG02809.verkko_filt_pat.fa:haplotype2_0001251_103421111_103827972_0	0.9813086039589196 1K
NA12718 HG04228.verkko_filt_pat.fa:haplotype2_0000600_103806749_104119491_0$HG02071.verkko_filt_pat.fa:haplotype2_0000736_102745972_103248026_0	0.9813076887616791 1K
NA12718 AV_HG02257#haplotype2#0001152:102843493_103251377$HG03486#1#JAHEOQ010000123.1_16677696_17085575_0	0.9813023422488288 1K
NA12718 HG00621#2#JAHBCC010000031.1_16669999_17077865_0$HG02809.verkko_filt_pat.fa:haplotype2_0001251_103421111_103827972_0	0.9813022028588967 1K
NA12718 HG02818#2#JAHEOR010000010.1_31775319_32183091_1$HG03453#2#JAGYVV010000088.1_22597550_23005370_1	0.9813006815174130 1K
NA12718 HG02717#2#JAHAOR010000006.1_19663827_20070693_1$HG02071.verkko_filt_mat.fa:haplotype1_0000041_103610513_104018399_0	0.9812832102454666 1K
NA12718 AV_HG00673#haplotype2#0001165:24014011_24421797$HG01978#2#JAGYVR010000007.1_51532241_51939176_0	0.9812823750304968 1K
NA12718 HG01978#2#JAGYVR010000007.1_51532241_51939176_0$HG01258#2#JAGYYU010000072.1_51562603_51970395_0	0.9812804332793369 1K
NA12718 chr1_hg38_103456064_103863972_0$HG02717#2#JAHAOR010000006.1_19663827_20070693_1	0.9812761822863115 1K
NA12718 chr1_hg19_103998686_104406594_0$HG02717#2#JAHAOR010000006.1_19663827_20070693_1	0.9812761822863115 1K
NA12718 HG02080#2#JAHEOV010000017.1_16662177_17164189_0$HG01891#1#JAGYVO010000014.1_22855818_23168577_1	0.9812758415515035 1K
NA12718 AV_HG01175#haplotype1#0000070:46006269_46414083$HG02630#2#JAHAOP010000089.1_16669255_17076135_0	0.9812744396695053 1K
NA12718 HG02559#2#JAGYVJ010000037.1_52167780_52574597_1$HG002.verkko_filt_mat.fa:haplotype1_0000005_138228497_138636354_1	0.9812738143654662 1K
NA12718 HG02818#1#JAHEOS010000101.1_89626_496613_0$HG002.verkko_filt_mat.fa:haplotype1_0000005_138228497_138636354_1	0.9812721898341268 1K
NA12718 AV_HG01175#haplotype1#0000070:46006269_46414083$HG02559#2#JAGYVJ010000037.1_52167780_52574597_1	0.9812707105951157 1K
NA12718 chr1_hg19_103998686_104406594_0$HG01123#1#JAGYYZ010000015.1_51528240_51935090_0	0.9812687377874052 1K
NA12718 HG01123#1#JAGYYZ010000015.1_51528240_51935090_0$chr1_hg38_103456064_103863972_0	0.9812687377874052 1K
NA12718 HG03486#1#JAHEOQ010000123.1_16677696_17085575_0$HG02717#1#JAHAOS010000015.1_16660311_17067250_0	0.9812649921582127 1K
NA12718 AV_HG00673#haplotype2#0001165:24014011_24421797$HG00621#2#JAHBCC010000031.1_16669999_17077865_0	0.9812630110263995 1K
NA12718 HG005#1#JAHEPO010000002.1_51519219_51926067_0$chr1_hg38_103456064_103863972_0	0.9812607603231830 1K
NA12718 HG005#1#JAHEPO010000002.1_51519219_51926067_0$chr1_hg19_103998686_104406594_0	0.9812607603231830 1K
NA12718 HG03453#2#JAGYVV010000088.1_22597550_23005370_1$HG02109#1#JAHEPG010000026.1_16673035_17080816_0	0.9812540472799435 1K
NA12718 HG02486#2#JAGYVL010000029.1_94163344_94570162_0$HG002.verkko_filt_mat.fa:haplotype1_0000005_138228497_138636354_1	0.9812508275800771 1K
NA12718 HG03486#1#JAHEOQ010000123.1_16677696_17085575_0$HG02818#1#JAHEOS010000101.1_89626_496613_0	0.9812484159311896 1K
NA12718 NA19240#1#JAHEOM010000047.1_30103390_30511199_1$HG02300.verkko_filt_pat.fa:haplotype2_0000620_143362344_143769323_1	0.9812481274916754 1K
NA12718 HG00621#2#JAHBCC010000031.1_16669999_17077865_0$HG01258#2#JAGYYU010000072.1_51562603_51970395_0	0.9812449600828616 1K
NA12718 HG02486#2#JAGYVL010000029.1_94163344_94570162_0$HG02071.verkko_filt_mat.fa:haplotype1_0000041_103610513_104018399_0	0.9812328831776499 1K
NA12718 HG02630#1#JAHAOQ010000102.1_16672145_17079089_0$chr1_hg38_103456064_103863972_0	0.9812306973664041 1K
NA12718 HG02630#1#JAHAOQ010000102.1_16672145_17079089_0$chr1_hg19_103998686_104406594_0	0.9812306973664041 1K
NA12718 chr1_hg38_103456064_103863972_0$NA18906#1#JAHEOO010000054.1_2103477_2510435_1	0.9812231420480623 1K
NA12718 chr1_hg19_103998686_104406594_0$NA18906#1#JAHEOO010000054.1_2103477_2510435_1	0.9812231420480623 1K
NA12718 HG03486#1#JAHEOQ010000123.1_16677696_17085575_0$HG02559#2#JAGYVJ010000037.1_52167780_52574597_1	0.9812169375040369 1K
NA12718 HG005#2#JAHEPN010000023.1_51542210_51950070_0$HG01258#2#JAGYYU010000072.1_51562603_51970395_0	0.9812164355764946 1K
NA12718 HG02145#2#JAHKSF010000206.1_1005292_1413195_1$HG005#2#JAHEPN010000023.1_51542210_51950070_0	0.9812155913700379 1K
NA12718 AV_HG00673#haplotype1#0000019:16627360_17129375$HG02723#1#JAHEOU010000204.1_2102082_2414876_1	0.9812127247624998 1K
NA12718 HG01891#1#JAGYVO010000014.1_22855818_23168577_1$HG02071.verkko_filt_pat.fa:haplotype2_0000736_102745972_103248026_0	0.9812115045661489 1K
NA12718 HG03453#2#JAGYVV010000088.1_22597550_23005370_1$HG03579#1#JAGYVU010000029.1_91404_499180_0	0.9812114286163387 1K
NA12718 AV_HG02148#haplotype2#0002863:16304803_16712699$HG02145#2#JAHKSF010000206.1_1005292_1413195_1	0.9812025380568524 1K
NA12718 HG02145#2#JAHKSF010000206.1_1005292_1413195_1$HG02071.verkko_filt_mat.fa:haplotype1_0000041_103610513_104018399_0	0.9812015868352922 1K
NA12718 HG01928#1#JAGYVQ010000053.1_16676493_17083407_0$HG01258#2#JAGYYU010000072.1_51562603_51970395_0	0.9811998624410623 1K
NA12718 HG02622#1#JAHAOO010000002.1_16673678_17080663_0$HG002.verkko_filt_mat.fa:haplotype1_0000005_138228497_138636354_1	0.9811939664330857 1K
NA12718 HG02080#2#JAHEOV010000017.1_16662177_17164189_0$HG02109#2#JAHEPF010000078.1_16678387_16991144_0	0.9811909755422249 1K
NA12718 HG02145#2#JAHKSF010000206.1_1005292_1413195_1$HG02004.verkko_filt_mat.fa:haplotype1_0000022_97828542_98235483_0	0.9811857250740464 1K
NA12718 HG03453#2#JAGYVV010000088.1_22597550_23005370_1$NA19240#1#JAHEOM010000047.1_30103390_30511199_1	0.9811816890019931 1K
NA12718 HG01123#1#JAGYYZ010000015.1_51528240_51935090_0$HG02071.verkko_filt_mat.fa:haplotype1_0000041_103610513_104018399_0	0.9811780904803555 1K
NA12718 HG01258#2#JAGYYU010000072.1_51562603_51970395_0$HG02300.verkko_filt_pat.fa:haplotype2_0000620_143362344_143769323_1	0.9811700792609206 1K
NA12718 chr1_hg38_103456064_103863972_0$HG02818#1#JAHEOS010000101.1_89626_496613_0	0.9811657929427796 1K
NA12718 chr1_hg19_103998686_104406594_0$HG02818#1#JAHEOS010000101.1_89626_496613_0	0.9811657929427796 1K
NA12718 chr1_hg19_103998686_104406594_0$HG02886#1#JAHAOU010000178.1_62411_469262_0	0.9811645748276168 1K
NA12718 HG02886#1#JAHAOU010000178.1_62411_469262_0$chr1_hg38_103456064_103863972_0	0.9811645748276168 1K
NA12718 HG04228.verkko_filt_pat.fa:haplotype2_0000600_103806749_104119491_0$HG04228.verkko_filt_mat.fa:haplotype1_0000023_103429213_103930285_0	0.9811603068150737 1K
NA12718 HG04228.verkko_filt_mat.fa:haplotype1_0000023_103429213_103930285_0$HG02647.verkko_filt_pat.fa:haplotype2_0000857_103738150_104051769_0	0.9811596678592043 1K
NA12718 HG03486#1#JAHEOQ010000123.1_16677696_17085575_0$HG02886#1#JAHAOU010000178.1_62411_469262_0	0.9811565105954384 1K
NA12718 AV_HG00673#haplotype2#0001165:24014011_24421797$HG02300.verkko_filt_pat.fa:haplotype2_0000620_143362344_143769323_1	0.9811558768686049 1K
NA12718 HG00621#2#JAHBCC010000031.1_16669999_17077865_0$HG02717#2#JAHAOR010000006.1_19663827_20070693_1	0.9811554355200578 1K
NA12718 HG02109#1#JAHEPG010000026.1_16673035_17080816_0$HG02300.verkko_filt_pat.fa:haplotype2_0000620_143362344_143769323_1	0.9811528794518151 1K
NA12718 HG02145#2#JAHKSF010000206.1_1005292_1413195_1$HG01978#2#JAGYVR010000007.1_51532241_51939176_0	0.9811501826816603 1K
NA12718 HG00621#1#JAHBCD010000034.1_2122997_2624098_1$HG04228.verkko_filt_pat.fa:haplotype2_0000600_103806749_104119491_0	0.9811494777650762 1K
NA12718 HG00621#2#JAHBCC010000031.1_16669999_17077865_0$HG005#1#JAHEPO010000002.1_51519219_51926067_0	0.9811482648413330 1K
NA12718 AV_HG02148#haplotype2#0002863:16304803_16712699$HG02717#2#JAHAOR010000006.1_19663827_20070693_1	0.9811461354349033 1K
NA12718 HG03579#2#JAGYVT010000094.1_51581892_51895531_0$HG04228.verkko_filt_mat.fa:haplotype1_0000023_103429213_103930285_0	0.9811372582346284 1K
NA12718 HG005#2#JAHEPN010000023.1_51542210_51950070_0$HG02486#2#JAGYVL010000029.1_94163344_94570162_0	0.9811237353453570 1K
NA12718 AV_HG02148#haplotype2#0002863:16304803_16712699$HG005#1#JAHEPO010000002.1_51519219_51926067_0	0.9811228315932793 1K
NA12718 AV_HG02257#haplotype2#0001152:102843493_103251377$chr1_hg38_103456064_103863972_0	0.9811219507631479 1K
NA12718 AV_HG02257#haplotype2#0001152:102843493_103251377$chr1_hg19_103998686_104406594_0	0.9811219507631479 1K
NA12718 AV_HG00673#haplotype2#0001165:24014011_24421797$HG03453#2#JAGYVV010000088.1_22597550_23005370_1	0.9811032314320149 1K
NA12718 HG01109#1#JAHEPA010000099.1_2104245_2511104_1$HG01978#2#JAGYVR010000007.1_51532241_51939176_0	0.9810962407310244 1K
NA12718 AV_HG02148#haplotype2#0002863:16304803_16712699$HG02486#2#JAGYVL010000029.1_94163344_94570162_0	0.9810943535497090 1K
NA12718 HG01928#1#JAGYVQ010000053.1_16676493_17083407_0$HG02145#2#JAHKSF010000206.1_1005292_1413195_1	0.9810934554327657 1K
NA12718 HG00621#2#JAHBCC010000031.1_16669999_17077865_0$HG02145#2#JAHKSF010000206.1_1005292_1413195_1	0.9810899922896543 1K
NA12718 HG00741#2#JAHALX010000013.1_51574319_51981226_0$HG002.verkko_filt_mat.fa:haplotype1_0000005_138228497_138636354_1	0.9810864520507594 1K
NA12718 chr1_hg38_103456064_103863972_0$HG02622#1#JAHAOO010000002.1_16673678_17080663_0	0.9810794163555150 1K
NA12718 chr1_hg19_103998686_104406594_0$HG02622#1#JAHAOO010000002.1_16673678_17080663_0	0.9810794163555150 1K
NA12718 HG005#2#JAHEPN010000023.1_51542210_51950070_0$HG02809.verkko_filt_pat.fa:haplotype2_0001251_103421111_103827972_0	0.9810773555550740 1K
NA12718 NA18906#1#JAHEOO010000054.1_2103477_2510435_1$HG02071.verkko_filt_mat.fa:haplotype1_0000041_103610513_104018399_0	0.9810748026137099 1K
NA12718 HG01109#1#JAHEPA010000099.1_2104245_2511104_1$HG02300.verkko_filt_pat.fa:haplotype2_0000620_143362344_143769323_1	0.9810741092924656 1K
NA12718 HG02109#2#JAHEPF010000078.1_16678387_16991144_0$HG02071.verkko_filt_pat.fa:haplotype2_0000736_102745972_103248026_0	0.9810704267012101 1K
NA12718 HG005#2#JAHEPN010000023.1_51542210_51950070_0$HG02717#2#JAHAOR010000006.1_19663827_20070693_1	0.9810698269758272 1K
NA12718 HG02723#1#JAHEOU010000204.1_2102082_2414876_1$HG02080#2#JAHEOV010000017.1_16662177_17164189_0	0.9810666132944169 1K
NA12718 HG00621#2#JAHBCC010000031.1_16669999_17077865_0$NA18906#1#JAHEOO010000054.1_2103477_2510435_1	0.9810607549114806 1K
NA12718 HG01109#1#JAHEPA010000099.1_2104245_2511104_1$HG02004.verkko_filt_mat.fa:haplotype1_0000022_97828542_98235483_0	0.9810526487582895 1K
NA12718 HG02886#1#JAHAOU010000178.1_62411_469262_0$HG002.verkko_filt_mat.fa:haplotype1_0000005_138228497_138636354_1	0.9810505325082497 1K
NA12718 HG02630#1#JAHAOQ010000102.1_16672145_17079089_0$HG02071.verkko_filt_mat.fa:haplotype1_0000041_103610513_104018399_0	0.9810497573132509 1K
NA12718 HG00621#2#JAHBCC010000031.1_16669999_17077865_0$HG02630#1#JAHAOQ010000102.1_16672145_17079089_0	0.9810357220350052 1K
NA12718 HG02886#1#JAHAOU010000178.1_62411_469262_0$HG02071.verkko_filt_mat.fa:haplotype1_0000041_103610513_104018399_0	0.9810325689376415 1K
NA12718 HG00621#2#JAHBCC010000031.1_16669999_17077865_0$HG02486#2#JAGYVL010000029.1_94163344_94570162_0	0.9810228531808750 1K
NA12718 HG02717#1#JAHAOS010000015.1_16660311_17067250_0$chr1_hg38_103456064_103863972_0	0.9810199961057539 1K
NA12718 HG02717#1#JAHAOS010000015.1_16660311_17067250_0$chr1_hg19_103998686_104406594_0	0.9810199961057539 1K
NA12718 HG03486#1#JAHEOQ010000123.1_16677696_17085575_0$HG02622#1#JAHAOO010000002.1_16673678_17080663_0	0.9810174399035410 1K
NA12718 AV_HG02148#haplotype2#0002863:16304803_16712699$HG02630#1#JAHAOQ010000102.1_16672145_17079089_0	0.9810094620992222 1K
NA12718 AV_HG02257#haplotype2#0001152:102843493_103251377$HG00621#2#JAHBCC010000031.1_16669999_17077865_0	0.9810092713518769 1K
NA12718 NA18906#1#JAHEOO010000054.1_2103477_2510435_1$HG005#2#JAHEPN010000023.1_51542210_51950070_0	0.9810067340301348 1K
NA12718 HG01123#1#JAGYYZ010000015.1_51528240_51935090_0$HG005#2#JAHEPN010000023.1_51542210_51950070_0	0.9809971921242652 1K
NA12718 HG02559#2#JAGYVJ010000037.1_52167780_52574597_1$chr1_hg38_103456064_103863972_0	0.9809961709621264 1K
NA12718 HG02559#2#JAGYVJ010000037.1_52167780_52574597_1$chr1_hg19_103998686_104406594_0	0.9809961709621264 1K
NA12718 HG01109#1#JAHEPA010000099.1_2104245_2511104_1$HG03453#2#JAGYVV010000088.1_22597550_23005370_1	0.9809929704739351 1K
NA12718 HG02630#1#JAHAOQ010000102.1_16672145_17079089_0$HG005#2#JAHEPN010000023.1_51542210_51950070_0	0.9809817767196112 1K
NA12718 HG02717#1#JAHAOS010000015.1_16660311_17067250_0$HG02071.verkko_filt_mat.fa:haplotype1_0000041_103610513_104018399_0	0.9809697387260164 1K
NA12718 HG01109#1#JAHEPA010000099.1_2104245_2511104_1$HG01928#1#JAGYVQ010000053.1_16676493_17083407_0	0.9809688153198225 1K
NA12718 HG00621#2#JAHBCC010000031.1_16669999_17077865_0$HG01123#1#JAGYYZ010000015.1_51528240_51935090_0	0.9809608675299881 1K
NA12718 HG02886#1#JAHAOU010000178.1_62411_469262_0$HG005#2#JAHEPN010000023.1_51542210_51950070_0	0.9809563516640007 1K
NA12718 AV_HG02148#haplotype2#0002863:16304803_16712699$HG01123#1#JAGYYZ010000015.1_51528240_51935090_0	0.9809435260440362 1K
NA12718 AV_HG02257#haplotype2#0001152:102843493_103251377$HG02071.verkko_filt_mat.fa:haplotype1_0000041_103610513_104018399_0	0.9809418324706694 1K
NA12718 HG02559#2#JAGYVJ010000037.1_52167780_52574597_1$HG02071.verkko_filt_mat.fa:haplotype1_0000041_103610513_104018399_0	0.9809378885362663 1K
NA12718 HG02145#2#JAHKSF010000206.1_1005292_1413195_1$HG02300.verkko_filt_pat.fa:haplotype2_0000620_143362344_143769323_1	0.9809341625100632 1K
NA12718 HG005#1#JAHEPO010000002.1_51519219_51926067_0$HG005#2#JAHEPN010000023.1_51542210_51950070_0	0.9809329405711267 1K
NA12718 HG02723#1#JAHEOU010000204.1_2102082_2414876_1$HG02071.verkko_filt_pat.fa:haplotype2_0000736_102745972_103248026_0	0.9809162381302214 1K
NA12718 HG00621#2#JAHBCC010000031.1_16669999_17077865_0$HG02818#1#JAHEOS010000101.1_89626_496613_0	0.9809146575878244 1K
NA12718 AV_HG02148#haplotype2#0002863:16304803_16712699$NA18906#1#JAHEOO010000054.1_2103477_2510435_1	0.9809121621998937 1K
NA12718 AV_HG02148#haplotype2#0002863:16304803_16712699$HG02886#1#JAHAOU010000178.1_62411_469262_0	0.9809106807985132 1K
NA12718 HG00621#2#JAHBCC010000031.1_16669999_17077865_0$HG02559#2#JAGYVJ010000037.1_52167780_52574597_1	0.9808994700113656 1K
NA12718 chr1_hg38_103456064_103863972_0$HG00741#2#JAHALX010000013.1_51574319_51981226_0	0.9808988136699804 1K
NA12718 chr1_hg19_103998686_104406594_0$HG00741#2#JAHALX010000013.1_51574319_51981226_0	0.9808988136699804 1K
NA12718 HG03453#2#JAGYVV010000088.1_22597550_23005370_1$HG01258#2#JAGYYU010000072.1_51562603_51970395_0	0.9808909170641903 1K
NA12718 HG02145#2#JAHKSF010000206.1_1005292_1413195_1$HG03453#2#JAGYVV010000088.1_22597550_23005370_1	0.9808811827147631 1K
NA12718 HG005#2#JAHEPN010000023.1_51542210_51950070_0$HG02818#1#JAHEOS010000101.1_89626_496613_0	0.9808777147772153 1K
NA12718 AV_HG02257#haplotype2#0001152:102843493_103251377$HG005#2#JAHEPN010000023.1_51542210_51950070_0	0.9808748299284521 1K
NA12718 HG02818#1#JAHEOS010000101.1_89626_496613_0$HG02071.verkko_filt_mat.fa:haplotype1_0000041_103610513_104018399_0	0.9808634815572772 1K
NA12718 HG00621#2#JAHBCC010000031.1_16669999_17077865_0$HG02717#1#JAHAOS010000015.1_16660311_17067250_0	0.9808578699333736 1K
NA12718 HG00621#1#JAHBCD010000034.1_2122997_2624098_1$HG01891#1#JAGYVO010000014.1_22855818_23168577_1	0.9808521721652474 1K
NA12718 HG03486#1#JAHEOQ010000123.1_16677696_17085575_0$HG00741#2#JAHALX010000013.1_51574319_51981226_0	0.9808368914917255 1K
NA12718 HG00741#2#JAHALX010000013.1_51574319_51981226_0$HG02071.verkko_filt_mat.fa:haplotype1_0000041_103610513_104018399_0	0.9808005561037262 1K
NA12718 HG00621#2#JAHBCC010000031.1_16669999_17077865_0$HG02886#1#JAHAOU010000178.1_62411_469262_0	0.9807982704441836 1K
NA12718 HG01891#1#JAGYVO010000014.1_22855818_23168577_1$HG04228.verkko_filt_mat.fa:haplotype1_0000023_103429213_103930285_0	0.9807811837232745 1K
NA12718 HG02717#1#JAHAOS010000015.1_16660311_17067250_0$HG005#2#JAHEPN010000023.1_51542210_51950070_0	0.9807796890210713 1K
NA12718 AV_HG02148#haplotype2#0002863:16304803_16712699$AV_HG02257#haplotype2#0001152:102843493_103251377	0.9807643022659718 1K
NA12718 AV_HG02148#haplotype2#0002863:16304803_16712699$HG02717#1#JAHAOS010000015.1_16660311_17067250_0	0.9807584819319239 1K
NA12718 HG02622#1#JAHAOO010000002.1_16673678_17080663_0$HG02071.verkko_filt_mat.fa:haplotype1_0000041_103610513_104018399_0	0.9807540674353645 1K
NA12718 HG02622#1#JAHAOO010000002.1_16673678_17080663_0$HG005#2#JAHEPN010000023.1_51542210_51950070_0	0.9807447930810348 1K
NA12718 HG00621#1#JAHBCD010000034.1_2122997_2624098_1$HG02109#2#JAHEPF010000078.1_16678387_16991144_0	0.9807431553788655 1K
NA12718 HG03453#2#JAGYVV010000088.1_22597550_23005370_1$HG02809.verkko_filt_pat.fa:haplotype2_0001251_103421111_103827972_0	0.9807263431309194 1K
NA12718 HG02300.verkko_filt_pat.fa:haplotype2_0000620_143362344_143769323_1$HG02809.verkko_filt_pat.fa:haplotype2_0001251_103421111_103827972_0	0.9807146396725674 1K
NA12718 HG02109#2#JAHEPF010000078.1_16678387_16991144_0$HG04228.verkko_filt_mat.fa:haplotype1_0000023_103429213_103930285_0	0.9807129357433720 1K
NA12718 AV_HG02148#haplotype2#0002863:16304803_16712699$HG02818#1#JAHEOS010000101.1_89626_496613_0	0.9807021509348388 1K
NA12718 HG02717#2#JAHAOR010000006.1_19663827_20070693_1$HG02004.verkko_filt_mat.fa:haplotype1_0000022_97828542_98235483_0	0.9806988848246406 1K
NA12718 AV_HG02257#haplotype2#0001152:102843493_103251377$HG01928#1#JAGYVQ010000053.1_16676493_17083407_0	0.9806876865926645 1K
NA12718 HG01978#2#JAGYVR010000007.1_51532241_51939176_0$HG02486#2#JAGYVL010000029.1_94163344_94570162_0	0.9806836812410280 1K
NA12718 HG02630#2#JAHAOP010000089.1_16669255_17076135_0$HG002.verkko_filt_mat.fa:haplotype1_0000005_138228497_138636354_1	0.9806836500517978 1K
NA12718 HG02630#1#JAHAOQ010000102.1_16672145_17079089_0$HG03453#2#JAGYVV010000088.1_22597550_23005370_1	0.9806791887575576 1K
NA12718 AV_HG02148#haplotype2#0002863:16304803_16712699$HG02559#2#JAGYVJ010000037.1_52167780_52574597_1	0.9806782482647050 1K
NA12718 HG03453#2#JAGYVV010000088.1_22597550_23005370_1$NA18906#1#JAHEOO010000054.1_2103477_2510435_1	0.9806714854553128 1K
NA12718 HG01928#1#JAGYVQ010000053.1_16676493_17083407_0$HG02809.verkko_filt_pat.fa:haplotype2_0001251_103421111_103827972_0	0.9806703775172075 1K
NA12718 HG02559#2#JAGYVJ010000037.1_52167780_52574597_1$HG005#2#JAHEPN010000023.1_51542210_51950070_0	0.9806669037161388 1K
NA12718 HG03453#2#JAGYVV010000088.1_22597550_23005370_1$HG02486#2#JAGYVL010000029.1_94163344_94570162_0	0.9806660327955435 1K
NA12718 HG02004.verkko_filt_mat.fa:haplotype1_0000022_97828542_98235483_0$HG02809.verkko_filt_pat.fa:haplotype2_0001251_103421111_103827972_0	0.9806650630835506 1K
NA12718 AV_HG02257#haplotype2#0001152:102843493_103251377$HG02300.verkko_filt_pat.fa:haplotype2_0000620_143362344_143769323_1	0.9806579089469841 1K
NA12718 HG02486#2#JAGYVL010000029.1_94163344_94570162_0$HG02004.verkko_filt_mat.fa:haplotype1_0000022_97828542_98235483_0	0.9806536931403903 1K
NA12718 HG00621#1#JAHBCD010000034.1_2122997_2624098_1$HG02723#1#JAHEOU010000204.1_2102082_2414876_1	0.9806522246397938 1K
NA12718 HG01978#2#JAGYVR010000007.1_51532241_51939176_0$HG02717#2#JAHAOR010000006.1_19663827_20070693_1	0.9806463424259482 1K
NA12718 HG01928#1#JAGYVQ010000053.1_16676493_17083407_0$HG02486#2#JAGYVL010000029.1_94163344_94570162_0	0.9806427907380991 1K
NA12718 HG01123#1#JAGYYZ010000015.1_51528240_51935090_0$HG01978#2#JAGYVR010000007.1_51532241_51939176_0	0.9806386773692845 1K
NA12718 AV_HG02257#haplotype2#0001152:102843493_103251377$HG03453#2#JAGYVV010000088.1_22597550_23005370_1	0.9806382137058761 1K
NA12718 HG02723#1#JAHEOU010000204.1_2102082_2414876_1$HG04228.verkko_filt_mat.fa:haplotype1_0000023_103429213_103930285_0	0.9806316292751900 1K
NA12718 AV_HG02257#haplotype2#0001152:102843493_103251377$HG01978#2#JAGYVR010000007.1_51532241_51939176_0	0.9806300721390683 1K
NA12718 HG02630#2#JAHAOP010000089.1_16669255_17076135_0$chr1_hg38_103456064_103863972_0	0.9806258270421887 1K
NA12718 HG02630#2#JAHAOP010000089.1_16669255_17076135_0$chr1_hg19_103998686_104406594_0	0.9806258270421887 1K
NA12718 HG005#2#JAHEPN010000023.1_51542210_51950070_0$HG00741#2#JAHALX010000013.1_51574319_51981226_0	0.9806209159864747 1K
NA12718 HG00621#2#JAHBCC010000031.1_16669999_17077865_0$HG02622#1#JAHAOO010000002.1_16673678_17080663_0	0.9806187492806361 1K
NA12718 AV_HG02148#haplotype2#0002863:16304803_16712699$HG02622#1#JAHAOO010000002.1_16673678_17080663_0	0.9806183842221163 1K
NA12718 HG005#1#JAHEPO010000002.1_51519219_51926067_0$HG03453#2#JAGYVV010000088.1_22597550_23005370_1	0.9806155577914160 1K
NA12718 HG03486#1#JAHEOQ010000123.1_16677696_17085575_0$HG02630#2#JAHAOP010000089.1_16669255_17076135_0	0.9806129666405328 1K
NA12718 HG005#1#JAHEPO010000002.1_51519219_51926067_0$HG01978#2#JAGYVR010000007.1_51532241_51939176_0	0.9805987556339688 1K
NA12718 HG01123#1#JAGYYZ010000015.1_51528240_51935090_0$HG02004.verkko_filt_mat.fa:haplotype1_0000022_97828542_98235483_0	0.9805937267585799 1K
NA12718 HG005#1#JAHEPO010000002.1_51519219_51926067_0$HG02300.verkko_filt_pat.fa:haplotype2_0000620_143362344_143769323_1	0.9805936303978088 1K
NA12718 HG01978#2#JAGYVR010000007.1_51532241_51939176_0$HG02809.verkko_filt_pat.fa:haplotype2_0001251_103421111_103827972_0	0.9805886019936092 1K
NA12718 HG01928#1#JAGYVQ010000053.1_16676493_17083407_0$HG02717#2#JAHAOR010000006.1_19663827_20070693_1	0.9805823815794839 1K
NA12718 HG02886#1#JAHAOU010000178.1_62411_469262_0$HG03453#2#JAGYVV010000088.1_22597550_23005370_1	0.9805722553895676 1K
NA12718 HG01928#1#JAGYVQ010000053.1_16676493_17083407_0$NA18906#1#JAHEOO010000054.1_2103477_2510435_1	0.9805667564093988 1K
NA12718 HG03453#2#JAGYVV010000088.1_22597550_23005370_1$HG02717#2#JAHAOR010000006.1_19663827_20070693_1	0.9805655708308993 1K
NA12718 HG005#1#JAHEPO010000002.1_51519219_51926067_0$HG02004.verkko_filt_mat.fa:haplotype1_0000022_97828542_98235483_0	0.9805622640416785 1K
NA12718 AV_HG02257#haplotype2#0001152:102843493_103251377$HG02004.verkko_filt_mat.fa:haplotype1_0000022_97828542_98235483_0	0.9805606269754855 1K
NA12718 HG02717#1#JAHAOS010000015.1_16660311_17067250_0$HG03453#2#JAGYVV010000088.1_22597550_23005370_1	0.9805586988254633 1K
NA12718 HG02486#2#JAGYVL010000029.1_94163344_94570162_0$HG02300.verkko_filt_pat.fa:haplotype2_0000620_143362344_143769323_1	0.9805574502090443 1K
NA12718 HG01928#1#JAGYVQ010000053.1_16676493_17083407_0$HG02886#1#JAHAOU010000178.1_62411_469262_0	0.9805570925658679 1K
NA12718 HG02630#1#JAHAOQ010000102.1_16672145_17079089_0$HG02300.verkko_filt_pat.fa:haplotype2_0000620_143362344_143769323_1	0.9805458585912114 1K
NA12718 HG02630#1#JAHAOQ010000102.1_16672145_17079089_0$HG02004.verkko_filt_mat.fa:haplotype1_0000022_97828542_98235483_0	0.9805446739662218 1K
NA12718 HG02717#2#JAHAOR010000006.1_19663827_20070693_1$HG02300.verkko_filt_pat.fa:haplotype2_0000620_143362344_143769323_1	0.9805438244885439 1K
NA12718 HG02630#1#JAHAOQ010000102.1_16672145_17079089_0$HG01978#2#JAGYVR010000007.1_51532241_51939176_0	0.9805254459032267 1K
NA12718 HG03453#2#JAGYVV010000088.1_22597550_23005370_1$HG02818#1#JAHEOS010000101.1_89626_496613_0	0.9805192017004973 1K
NA12718 HG02630#1#JAHAOQ010000102.1_16672145_17079089_0$HG01928#1#JAGYVQ010000053.1_16676493_17083407_0	0.9805093195453087 1K
NA12718 HG02886#1#JAHAOU010000178.1_62411_469262_0$HG01978#2#JAGYVR010000007.1_51532241_51939176_0	0.9804999861315068 1K
NA12718 HG01123#1#JAGYYZ010000015.1_51528240_51935090_0$HG03453#2#JAGYVV010000088.1_22597550_23005370_1	0.9804928449601290 1K
NA12718 HG02886#1#JAHAOU010000178.1_62411_469262_0$HG02004.verkko_filt_mat.fa:haplotype1_0000022_97828542_98235483_0	0.9804702947441974 1K
NA12718 AV_HG02148#haplotype2#0002863:16304803_16712699$HG00741#2#JAHALX010000013.1_51574319_51981226_0	0.9804701850589813 1K
NA12718 NA18906#1#JAHEOO010000054.1_2103477_2510435_1$HG02004.verkko_filt_mat.fa:haplotype1_0000022_97828542_98235483_0	0.9804636924747390 1K
NA12718 HG02630#2#JAHAOP010000089.1_16669255_17076135_0$HG02071.verkko_filt_mat.fa:haplotype1_0000041_103610513_104018399_0	0.9804304355213723 1K
NA12718 HG01258#1#JAGYYV010000004.1_56955948_57456952_1$HG03710.verkko_filt_mat.fa:haplotype1_0000029_102593394_102907063_0	0.9804220417667991 1K
NA12718 NA18906#1#JAHEOO010000054.1_2103477_2510435_1$HG01978#2#JAGYVR010000007.1_51532241_51939176_0	0.9804118271732696 1K
NA12718 HG00621#2#JAHBCC010000031.1_16669999_17077865_0$HG00741#2#JAHALX010000013.1_51574319_51981226_0	0.9803895175485839 1K
NA12718 NA18906#1#JAHEOO010000054.1_2103477_2510435_1$HG02300.verkko_filt_pat.fa:haplotype2_0000620_143362344_143769323_1	0.9803832101697693 1K
NA12718 HG01123#1#JAGYYZ010000015.1_51528240_51935090_0$HG02300.verkko_filt_pat.fa:haplotype2_0000620_143362344_143769323_1	0.9803817230311145 1K
NA12718 HG01928#1#JAGYVQ010000053.1_16676493_17083407_0$HG02818#1#JAHEOS010000101.1_89626_496613_0	0.9803494080975967 1K
NA12718 HG00621#2#JAHBCC010000031.1_16669999_17077865_0$HG02630#2#JAHAOP010000089.1_16669255_17076135_0	0.9803356747992967 1K
NA12718 HG02886#1#JAHAOU010000178.1_62411_469262_0$HG02300.verkko_filt_pat.fa:haplotype2_0000620_143362344_143769323_1	0.9803327946725199 1K
NA12718 AV_HG02148#haplotype2#0002863:16304803_16712699$HG02630#2#JAHAOP010000089.1_16669255_17076135_0	0.9803192000270856 1K
NA12718 HG01928#1#JAGYVQ010000053.1_16676493_17083407_0$HG01123#1#JAGYYZ010000015.1_51528240_51935090_0	0.9803068587362025 1K
NA12718 HG02818#1#JAHEOS010000101.1_89626_496613_0$HG02004.verkko_filt_mat.fa:haplotype1_0000022_97828542_98235483_0	0.9803036112198714 1K
NA12718 HG02818#1#JAHEOS010000101.1_89626_496613_0$HG02300.verkko_filt_pat.fa:haplotype2_0000620_143362344_143769323_1	0.9802947164455160 1K
NA12718 HG01978#2#JAGYVR010000007.1_51532241_51939176_0$HG02818#1#JAHEOS010000101.1_89626_496613_0	0.9802834541873283 1K
NA12718 HG02717#1#JAHAOS010000015.1_16660311_17067250_0$HG02300.verkko_filt_pat.fa:haplotype2_0000620_143362344_143769323_1	0.9802782671283266 1K
NA12718 HG01928#1#JAGYVQ010000053.1_16676493_17083407_0$HG005#1#JAHEPO010000002.1_51519219_51926067_0	0.9802756373372734 1K
NA12718 HG03453#2#JAGYVV010000088.1_22597550_23005370_1$HG02622#1#JAHAOO010000002.1_16673678_17080663_0	0.9802663234173505 1K
NA12718 HG02717#1#JAHAOS010000015.1_16660311_17067250_0$HG01978#2#JAGYVR010000007.1_51532241_51939176_0	0.9802581987845117 1K
NA12718 HG02559#2#JAGYVJ010000037.1_52167780_52574597_1$HG01978#2#JAGYVR010000007.1_51532241_51939176_0	0.9802513140670023 1K
NA12718 HG02622#1#JAHAOO010000002.1_16673678_17080663_0$HG01978#2#JAGYVR010000007.1_51532241_51939176_0	0.9802484719456444 1K
NA12718 HG02717#1#JAHAOS010000015.1_16660311_17067250_0$HG02004.verkko_filt_mat.fa:haplotype1_0000022_97828542_98235483_0	0.9802289506305136 1K
NA12718 HG02559#2#JAGYVJ010000037.1_52167780_52574597_1$HG02300.verkko_filt_pat.fa:haplotype2_0000620_143362344_143769323_1	0.9802140987407533 1K
NA12718 HG02622#1#JAHAOO010000002.1_16673678_17080663_0$HG02004.verkko_filt_mat.fa:haplotype1_0000022_97828542_98235483_0	0.9802128876221559 1K
NA12718 HG02622#1#JAHAOO010000002.1_16673678_17080663_0$HG02300.verkko_filt_pat.fa:haplotype2_0000620_143362344_143769323_1	0.9801858191612441 1K
NA12718 HG02717#1#JAHAOS010000015.1_16660311_17067250_0$HG01928#1#JAGYVQ010000053.1_16676493_17083407_0	0.9801854484967838 1K
NA12718 HG01978#2#JAGYVR010000007.1_51532241_51939176_0$HG00741#2#JAHALX010000013.1_51574319_51981226_0	0.9801812281870215 1K
NA12718 HG02630#2#JAHAOP010000089.1_16669255_17076135_0$HG005#2#JAHEPN010000023.1_51542210_51950070_0	0.9801784682544752 1K
NA12718 HG00741#2#JAHALX010000013.1_51574319_51981226_0$HG02004.verkko_filt_mat.fa:haplotype1_0000022_97828542_98235483_0	0.9801131669622751 1K
NA12718 HG01928#1#JAGYVQ010000053.1_16676493_17083407_0$HG02622#1#JAHAOO010000002.1_16673678_17080663_0	0.9801128005194585 1K
NA12718 HG00733#1#JAHEPQ010000019.1_46106835_46420495_0$HG01099.verkko_filt_pat.fa:haplotype2_0000583_143544270_144046196_1	0.9801037903886806 1K
NA12718 HG02559#2#JAGYVJ010000037.1_52167780_52574597_1$HG02004.verkko_filt_mat.fa:haplotype1_0000022_97828542_98235483_0	0.9800923728988549 1K
NA12718 HG03453#2#JAGYVV010000088.1_22597550_23005370_1$HG00741#2#JAHALX010000013.1_51574319_51981226_0	0.9800857208386841 1K
NA12718 HG01928#1#JAGYVQ010000053.1_16676493_17083407_0$HG02559#2#JAGYVJ010000037.1_52167780_52574597_1	0.9800813631585829 1K
NA12718 HG02559#2#JAGYVJ010000037.1_52167780_52574597_1$HG03453#2#JAGYVV010000088.1_22597550_23005370_1	0.9800644446629039 1K
NA12718 AV_HG01361#haplotype2#0001322:101872897_102186552$HG01258#1#JAGYYV010000004.1_56955948_57456952_1	0.9800585549277464 1K
NA12718 HG01258#1#JAGYYV010000004.1_56955948_57456952_1$HG02293.verkko_filt_mat.fa:haplotype1_0000039_30204405_30517145_1	0.9800204054983838 1K
NA12718 HG01258#1#JAGYYV010000004.1_56955948_57456952_1$HG02886#2#JAHAOT010000031.1_87393_401061_0	0.9800171536006363 1K
NA12718 HG01928#1#JAGYVQ010000053.1_16676493_17083407_0$HG00741#2#JAHALX010000013.1_51574319_51981226_0	0.9800049677618923 1K
NA12718 HG02630#2#JAHAOP010000089.1_16669255_17076135_0$HG03453#2#JAGYVV010000088.1_22597550_23005370_1	0.9799995581355386 1K
NA12718 HG01071#1#JAHBCF010000053.1_26607100_27108065_1$HG03710.verkko_filt_mat.fa:haplotype1_0000029_102593394_102907063_0	0.9799676729971403 1K
NA12718 AV_HG01361#haplotype2#0001322:101872897_102186552$HG01071#1#JAHBCF010000053.1_26607100_27108065_1	0.9799529963167091 1K
NA12718 HG03540#1#JAGYVY010000208.1_95187_596142_0$HG00733#1#JAHEPQ010000019.1_46106835_46420495_0	0.9799178055556746 1K
NA12718 HG01071#1#JAHBCF010000053.1_26607100_27108065_1$HG02886#2#JAHAOT010000031.1_87393_401061_0	0.9799027243293454 1K
NA12718 HG00741#2#JAHALX010000013.1_51574319_51981226_0$HG02300.verkko_filt_pat.fa:haplotype2_0000620_143362344_143769323_1	0.9798349199580900 1K
NA12718 HG00438#2#JAHBCA010000012.1_51513023_51826723_0$HG03927.verkko_filt_pat.fa:haplotype2_0000800_29002142_29504057_1	0.9798041599972022 1K
NA12718 HG03098#2#JAHEPL010000003.1_93803759_94117426_0$HG01258#1#JAGYYV010000004.1_56955948_57456952_1	0.9797789082685063 1K
NA12718 HG01928#1#JAGYVQ010000053.1_16676493_17083407_0$HG02630#2#JAHAOP010000089.1_16669255_17076135_0	0.9797732288286215 1K
NA12718 HG01071#1#JAHBCF010000053.1_26607100_27108065_1$HG02293.verkko_filt_mat.fa:haplotype1_0000039_30204405_30517145_1	0.9797695929491229 1K
NA12718 HG02630#2#JAHAOP010000089.1_16669255_17076135_0$HG02300.verkko_filt_pat.fa:haplotype2_0000620_143362344_143769323_1	0.9797000388930709 1K
NA12718 HG02630#2#JAHAOP010000089.1_16669255_17076135_0$HG01978#2#JAGYVR010000007.1_51532241_51939176_0	0.9796739830513437 1K
NA12718 HG00733#1#JAHEPQ010000019.1_46106835_46420495_0$HG03927.verkko_filt_pat.fa:haplotype2_0000800_29002142_29504057_1	0.9796546228489353 1K
NA12718 HG03098#2#JAHEPL010000003.1_93803759_94117426_0$HG01071#1#JAHBCF010000053.1_26607100_27108065_1	0.9796333577289758 1K
NA12718 HG02630#2#JAHAOP010000089.1_16669255_17076135_0$HG02004.verkko_filt_mat.fa:haplotype1_0000022_97828542_98235483_0	0.9796227423710481 1K
NA12718 HG02486#1#JAGYVM010000007.1_28868414_29370339_1$HG00733#1#JAHEPQ010000019.1_46106835_46420495_0	0.9794692173349333 1K
NA12718 HG00438#2#JAHBCA010000012.1_51513023_51826723_0$HG01099.verkko_filt_pat.fa:haplotype2_0000583_143544270_144046196_1	0.9793151914628675 1K
NA12718 HG00438#2#JAHBCA010000012.1_51513023_51826723_0$HG03540#1#JAGYVY010000208.1_95187_596142_0	0.9792828321041583 1K
NA12718 HG01123#2#JAGYYY010000006.1_51579630_51892388_0$HG01099.verkko_filt_pat.fa:haplotype2_0000583_143544270_144046196_1	0.9789409134871631 1K
NA12718 AV_HG01175#haplotype1#0000070:46006269_46414083$HG01358#1#JAGYZB010000020.1_27445742_27855492_1	0.9788220029722982 1K
NA12718 HG00438#2#JAHBCA010000012.1_51513023_51826723_0$HG02486#1#JAGYVM010000007.1_28868414_29370339_1	0.9786784508019295 1K
NA12718 HG01123#2#JAGYYY010000006.1_51579630_51892388_0$HG03927.verkko_filt_pat.fa:haplotype2_0000800_29002142_29504057_1	0.9786204618218114 1K
NA12718 HG01123#2#JAGYYY010000006.1_51579630_51892388_0$HG03540#1#JAGYVY010000208.1_95187_596142_0	0.9785599619041273 1K
NA12718 HG01123#2#JAGYYY010000006.1_51579630_51892388_0$HG01258#1#JAGYYV010000004.1_56955948_57456952_1	0.9784221875782160 1K
NA12718 HG01109#1#JAHEPA010000099.1_2104245_2511104_1$HG02300.verkko_filt_mat.fa:haplotype1_0000028_144052837_144460586_1	0.9783799264020151 1K
NA12718 HG01123#2#JAGYYY010000006.1_51579630_51892388_0$HG01071#1#JAHBCF010000053.1_26607100_27108065_1	0.9783754824704054 1K
NA12718 HG02080#1#JAHEOW010000048.1_16689583_17097287_0$HG01109#1#JAHEPA010000099.1_2104245_2511104_1	0.9782814854163878 1K
NA12718 HG02293.verkko_filt_mat.fa:haplotype1_0000039_30204405_30517145_1$HG01099.verkko_filt_pat.fa:haplotype2_0000583_143544270_144046196_1	0.9782724191251274 1K
NA12718 HG01109#1#JAHEPA010000099.1_2104245_2511104_1$HG01099.verkko_filt_mat.fa:haplotype1_0000034_142513097_142920876_1	0.9782483700803116 1K
NA12718 HG03486#1#JAHEOQ010000123.1_16677696_17085575_0$HG01358#1#JAGYZB010000020.1_27445742_27855492_1	0.9782102480270999 1K
NA12718 HG01358#1#JAGYZB010000020.1_27445742_27855492_1$HG002.verkko_filt_mat.fa:haplotype1_0000005_138228497_138636354_1	0.9782102207008788 1K
NA12718 AV_HG01175#haplotype1#0000070:46006269_46414083$HG03492#2#JAHEPH010000288.1_2098270_2432686_1	0.9781939992730777 1K
NA12718 AV_HG01175#haplotype1#0000070:46006269_46414083$HG01243#1#JAHEOY010000013.1_90081_424495_0	0.9781498116728181 1K
NA12718 AV_HG01361#haplotype1#0000023:101593539_102001341$HG01109#1#JAHEPA010000099.1_2104245_2511104_1	0.9781478431433002 1K
NA12718 chr1_hg38_103456064_103863972_0$HG01358#1#JAGYZB010000020.1_27445742_27855492_1	0.9780633803551808 1K
NA12718 chr1_hg19_103998686_104406594_0$HG01358#1#JAGYZB010000020.1_27445742_27855492_1	0.9780633803551808 1K
NA12718 NA18906#2#JAHEON010000009.1_93748295_94249275_0$HG00733#1#JAHEPQ010000019.1_46106835_46420495_0	0.9780315995095508 1K
NA12718 HG01109#1#JAHEPA010000099.1_2104245_2511104_1$NA19240#2#JAHEOL010000010.1_37445323_37853017_0	0.9780292317410749 1K
NA12718 HG01358#1#JAGYZB010000020.1_27445742_27855492_1$HG02071.verkko_filt_mat.fa:haplotype1_0000041_103610513_104018399_0	0.9780001353452105 1K
NA12718 AV_HG02148#haplotype2#0002863:16304803_16712699$HG01358#1#JAGYZB010000020.1_27445742_27855492_1	0.9779583162345067 1K
NA12718 HG00438#2#JAHBCA010000012.1_51513023_51826723_0$NA18906#2#JAHEON010000009.1_93748295_94249275_0	0.9779479099364987 1K
NA12718 HG00621#2#JAHBCC010000031.1_16669999_17077865_0$HG01358#1#JAGYZB010000020.1_27445742_27855492_1	0.9779472022634457 1K
NA12718 AV_HG00673#haplotype2#0001165:24014011_24421797$HG01109#1#JAHEPA010000099.1_2104245_2511104_1	0.9778906644231458 1K
NA12718 HG01109#1#JAHEPA010000099.1_2104245_2511104_1$HG03516#2#JAGYYS010000004.1_24452130_24859892_1	0.9778872320347912 1K
NA12718 HG02293.verkko_filt_mat.fa:haplotype1_0000039_30204405_30517145_1$HG03927.verkko_filt_pat.fa:haplotype2_0000800_29002142_29504057_1	0.9778012739643791 1K
NA12718 HG01109#1#JAHEPA010000099.1_2104245_2511104_1$HG02559#1#JAGYVK010000012.1_51505852_51913611_0	0.9777932571455585 1K
NA12718 HG03540#1#JAGYVY010000208.1_95187_596142_0$HG02293.verkko_filt_mat.fa:haplotype1_0000039_30204405_30517145_1	0.9777554709924919 1K
NA12718 HG005#2#JAHEPN010000023.1_51542210_51950070_0$HG01358#1#JAGYZB010000020.1_27445742_27855492_1	0.9777480349893679 1K
NA12718 HG02818#2#JAHEOR010000010.1_31775319_32183091_1$HG01109#1#JAHEPA010000099.1_2104245_2511104_1	0.9777390861049420 1K
NA12718 HG01109#1#JAHEPA010000099.1_2104245_2511104_1$HG03579#1#JAGYVU010000029.1_91404_499180_0	0.9777351064154707 1K
NA12718 HG01109#1#JAHEPA010000099.1_2104245_2511104_1$HG03516#1#JAGYYT010000012.1_24170958_24578778_1	0.9777044285205803 1K
NA12718 HG02486#1#JAGYVM010000007.1_28868414_29370339_1$HG02293.verkko_filt_mat.fa:haplotype1_0000039_30204405_30517145_1	0.9776755869870403 1K
NA12718 AV_HG02257#haplotype2#0001152:102843493_103251377$HG02300.verkko_filt_mat.fa:haplotype1_0000028_144052837_144460586_1	0.9776754835018224 1K
NA12718 AV_HG02257#haplotype2#0001152:102843493_103251377$HG03927.verkko_filt_mat.fa:haplotype1_0000009_134765170_135173010_1	0.9776433667864020 1K
NA12718 AV_HG02257#haplotype2#0001152:102843493_103251377$HG02080#1#JAHEOW010000048.1_16689583_17097287_0	0.9776257417266161 1K
NA12718 HG01109#1#JAHEPA010000099.1_2104245_2511104_1$NA19240#1#JAHEOM010000047.1_30103390_30511199_1	0.9776199211518160 1K
NA12718 HG03492#2#JAHEPH010000288.1_2098270_2432686_1$HG002.verkko_filt_mat.fa:haplotype1_0000005_138228497_138636354_1	0.9776126072862547 1K
NA12718 AV_HG02257#haplotype2#0001152:102843493_103251377$HG01099.verkko_filt_mat.fa:haplotype1_0000034_142513097_142920876_1	0.9776084011359538 1K
NA12718 HG03486#1#JAHEOQ010000123.1_16677696_17085575_0$HG03492#2#JAHEPH010000288.1_2098270_2432686_1	0.9776070013627052 1K
NA12718 HG01243#1#JAHEOY010000013.1_90081_424495_0$HG002.verkko_filt_mat.fa:haplotype1_0000005_138228497_138636354_1	0.9776007103419871 1K
NA12718 HG01109#1#JAHEPA010000099.1_2104245_2511104_1$HG03927.verkko_filt_mat.fa:haplotype1_0000009_134765170_135173010_1	0.9775786731313267 1K
NA12718 HG03486#1#JAHEOQ010000123.1_16677696_17085575_0$HG01243#1#JAHEOY010000013.1_90081_424495_0	0.9775629046991139 1K
NA12718 HG02145#2#JAHKSF010000206.1_1005292_1413195_1$HG02300.verkko_filt_mat.fa:haplotype1_0000028_144052837_144460586_1	0.9775608836121162 1K
NA12718 NA18906#1#JAHEOO010000054.1_2103477_2510435_1$HG03927.verkko_filt_mat.fa:haplotype1_0000009_134765170_135173010_1	0.9775346386715804 1K
NA12718 HG03453#2#JAGYVV010000088.1_22597550_23005370_1$HG01358#1#JAGYZB010000020.1_27445742_27855492_1	0.9775165678495400 1K
NA12718 HG02080#1#JAHEOW010000048.1_16689583_17097287_0$HG02145#2#JAHKSF010000206.1_1005292_1413195_1	0.9775111242795026 1K
NA12718 HG02717#1#JAHAOS010000015.1_16660311_17067250_0$HG03927.verkko_filt_mat.fa:haplotype1_0000009_134765170_135173010_1	0.9775036803330877 1K
NA12718 HG02145#2#JAHKSF010000206.1_1005292_1413195_1$HG01099.verkko_filt_mat.fa:haplotype1_0000034_142513097_142920876_1	0.9774938341885745 1K
NA12718 AV_HG02257#haplotype2#0001152:102843493_103251377$NA19240#2#JAHEOL010000010.1_37445323_37853017_0	0.9774601520396768 1K
NA12718 HG04228.verkko_filt_pat.fa:haplotype2_0000600_103806749_104119491_0$HG01099.verkko_filt_pat.fa:haplotype2_0000583_143544270_144046196_1	0.9774567068827417 1K
NA12718 HG02145#2#JAHKSF010000206.1_1005292_1413195_1$HG03927.verkko_filt_mat.fa:haplotype1_0000009_134765170_135173010_1	0.9774402782107134 1K
NA12718 HG03492#2#JAHEPH010000288.1_2098270_2432686_1$chr1_hg38_103456064_103863972_0	0.9774247151057880 1K
NA12718 HG03492#2#JAHEPH010000288.1_2098270_2432686_1$chr1_hg19_103998686_104406594_0	0.9774247151057880 1K
NA12718 HG02622#1#JAHAOO010000002.1_16673678_17080663_0$HG02300.verkko_filt_mat.fa:haplotype1_0000028_144052837_144460586_1	0.9774242975906837 1K
NA12718 NA18906#1#JAHEOO010000054.1_2103477_2510435_1$HG02300.verkko_filt_mat.fa:haplotype1_0000028_144052837_144460586_1	0.9774230690061461 1K
NA12718 HG02080#1#JAHEOW010000048.1_16689583_17097287_0$NA18906#1#JAHEOO010000054.1_2103477_2510435_1	0.9774060069618824 1K
NA12718 HG02630#1#JAHAOQ010000102.1_16672145_17079089_0$HG03927.verkko_filt_mat.fa:haplotype1_0000009_134765170_135173010_1	0.9774045949015487 1K
NA12718 HG01358#1#JAGYZB010000020.1_27445742_27855492_1$HG02300.verkko_filt_pat.fa:haplotype2_0000620_143362344_143769323_1	0.9773933413819682 1K
NA12718 chr1_hg38_103456064_103863972_0$HG01243#1#JAHEOY010000013.1_90081_424495_0	0.9773805428774870 1K
NA12718 chr1_hg19_103998686_104406594_0$HG01243#1#JAHEOY010000013.1_90081_424495_0	0.9773805428774870 1K
NA12718 HG02818#1#JAHEOS010000101.1_89626_496613_0$HG02300.verkko_filt_mat.fa:haplotype1_0000028_144052837_144460586_1	0.9773770609357546 1K
NA12718 HG02717#1#JAHAOS010000015.1_16660311_17067250_0$HG01099.verkko_filt_mat.fa:haplotype1_0000034_142513097_142920876_1	0.9773733636367358 1K
NA12718 NA18906#1#JAHEOO010000054.1_2103477_2510435_1$HG01099.verkko_filt_mat.fa:haplotype1_0000034_142513097_142920876_1	0.9773639488446193 1K
NA12718 HG02145#2#JAHKSF010000206.1_1005292_1413195_1$NA19240#2#JAHEOL010000010.1_37445323_37853017_0	0.9773620300953032 1K
NA12718 HG02717#1#JAHAOS010000015.1_16660311_17067250_0$HG02300.verkko_filt_mat.fa:haplotype1_0000028_144052837_144460586_1	0.9773590617462936 1K
NA12718 HG02080#1#JAHEOW010000048.1_16689583_17097287_0$HG02622#1#JAHAOO010000002.1_16673678_17080663_0	0.9773582193600311 1K
NA12718 HG03492#2#JAHEPH010000288.1_2098270_2432686_1$HG02071.verkko_filt_mat.fa:haplotype1_0000041_103610513_104018399_0	0.9773420027488156 1K
NA12718 HG02622#1#JAHAOO010000002.1_16673678_17080663_0$HG01099.verkko_filt_mat.fa:haplotype1_0000034_142513097_142920876_1	0.9773413144768509 1K
NA12718 HG02818#2#JAHEOR010000010.1_31775319_32183091_1$HG02300.verkko_filt_mat.fa:haplotype1_0000028_144052837_144460586_1	0.9773355196511823 1K
NA12718 HG02080#1#JAHEOW010000048.1_16689583_17097287_0$HG02717#1#JAHAOS010000015.1_16660311_17067250_0	0.9773338112643993 1K
NA12718 HG01978#2#JAGYVR010000007.1_51532241_51939176_0$HG01358#1#JAGYZB010000020.1_27445742_27855492_1	0.9773325238883263 1K
NA12718 NA18906#1#JAHEOO010000054.1_2103477_2510435_1$NA19240#2#JAHEOL010000010.1_37445323_37853017_0	0.9773286869142479 1K
NA12718 HG02818#1#JAHEOS010000101.1_89626_496613_0$HG01099.verkko_filt_mat.fa:haplotype1_0000034_142513097_142920876_1	0.9773100321795453 1K
NA12718 HG02080#1#JAHEOW010000048.1_16689583_17097287_0$HG02818#1#JAHEOS010000101.1_89626_496613_0	0.9772947330501192 1K
NA12718 AV_HG01361#haplotype1#0000023:101593539_102001341$AV_HG02257#haplotype2#0001152:102843493_103251377	0.9772799275147539 1K
NA12718 HG01243#1#JAHEOY010000013.1_90081_424495_0$HG02071.verkko_filt_mat.fa:haplotype1_0000041_103610513_104018399_0	0.9772763595486850 1K
NA12718 AV_HG02148#haplotype2#0002863:16304803_16712699$HG03492#2#JAHEPH010000288.1_2098270_2432686_1	0.9772653137586002 1K
NA12718 HG01358#1#JAGYZB010000020.1_27445742_27855492_1$HG02004.verkko_filt_mat.fa:haplotype1_0000022_97828542_98235483_0	0.9772631000588410 1K
NA12718 HG02630#1#JAHAOQ010000102.1_16672145_17079089_0$HG02300.verkko_filt_mat.fa:haplotype1_0000028_144052837_144460586_1	0.9772595891036100 1K
NA12718 HG02080#1#JAHEOW010000048.1_16689583_17097287_0$HG03927.verkko_filt_mat.fa:haplotype1_0000009_134765170_135173010_1	0.9772531754434879 1K
NA12718 NA18906#1#JAHEOO010000054.1_2103477_2510435_1$HG03516#1#JAGYYT010000012.1_24170958_24578778_1	0.9772484790329492 1K
NA12718 HG02818#1#JAHEOS010000101.1_89626_496613_0$HG03927.verkko_filt_mat.fa:haplotype1_0000009_134765170_135173010_1	0.9772407414403057 1K
NA12718 AV_HG02148#haplotype2#0002863:16304803_16712699$HG01243#1#JAHEOY010000013.1_90081_424495_0	0.9772319755907115 1K
NA12718 HG02559#1#JAGYVK010000012.1_51505852_51913611_0$HG02300.verkko_filt_mat.fa:haplotype1_0000028_144052837_144460586_1	0.9772211565409239 1K
NA12718 HG02818#2#JAHEOR010000010.1_31775319_32183091_1$NA19240#2#JAHEOL010000010.1_37445323_37853017_0	0.9772208946373625 1K
NA12718 NA19240#1#JAHEOM010000047.1_30103390_30511199_1$HG02300.verkko_filt_mat.fa:haplotype1_0000028_144052837_144460586_1	0.9772161868867016 1K
NA12718 AV_HG01361#haplotype1#0000023:101593539_102001341$NA18906#1#JAHEOO010000054.1_2103477_2510435_1	0.9772142601251684 1K
NA12718 HG01928#1#JAGYVQ010000053.1_16676493_17083407_0$HG01358#1#JAGYZB010000020.1_27445742_27855492_1	0.9772116415633524 1K
NA12718 HG03927.verkko_filt_mat.fa:haplotype1_0000009_134765170_135173010_1$HG02300.verkko_filt_mat.fa:haplotype1_0000028_144052837_144460586_1	0.9772061626345775 1K
NA12718 AV_HG02257#haplotype2#0001152:102843493_103251377$HG03516#2#JAGYYS010000004.1_24452130_24859892_1	0.9772032843867795 1K
NA12718 HG02717#1#JAHAOS010000015.1_16660311_17067250_0$NA19240#2#JAHEOL010000010.1_37445323_37853017_0	0.9771997931008268 1K
NA12718 HG03540#1#JAGYVY010000208.1_95187_596142_0$HG04228.verkko_filt_pat.fa:haplotype2_0000600_103806749_104119491_0	0.9771978427264528 1K
NA12718 HG03516#2#JAGYYS010000004.1_24452130_24859892_1$HG02300.verkko_filt_mat.fa:haplotype1_0000028_144052837_144460586_1	0.9771942913401439 1K
NA12718 AV_HG02257#haplotype2#0001152:102843493_103251377$HG03516#1#JAGYYT010000012.1_24170958_24578778_1	0.9771876435983584 1K
NA12718 AV_HG02257#haplotype2#0001152:102843493_103251377$HG02818#2#JAHEOR010000010.1_31775319_32183091_1	0.9771821743181804 1K
NA12718 HG02630#1#JAHAOQ010000102.1_16672145_17079089_0$HG01099.verkko_filt_mat.fa:haplotype1_0000034_142513097_142920876_1	0.9771760785567405 1K
NA12718 HG02818#2#JAHEOR010000010.1_31775319_32183091_1$HG01099.verkko_filt_mat.fa:haplotype1_0000034_142513097_142920876_1	0.9771720037116717 1K
NA12718 HG02080#1#JAHEOW010000048.1_16689583_17097287_0$HG02630#1#JAHAOQ010000102.1_16672145_17079089_0	0.9771690853666990 1K
NA12718 HG02630#1#JAHAOQ010000102.1_16672145_17079089_0$NA19240#2#JAHEOL010000010.1_37445323_37853017_0	0.9771655871716151 1K
NA12718 AV_HG01361#haplotype1#0000023:101593539_102001341$HG02145#2#JAHKSF010000206.1_1005292_1413195_1	0.9771654355138328 1K
NA12718 HG00621#2#JAHBCC010000031.1_16669999_17077865_0$HG03492#2#JAHEPH010000288.1_2098270_2432686_1	0.9771630680721721 1K
NA12718 HG02818#2#JAHEOR010000010.1_31775319_32183091_1$HG03927.verkko_filt_mat.fa:haplotype1_0000009_134765170_135173010_1	0.9771589488379341 1K
NA12718 HG02080#1#JAHEOW010000048.1_16689583_17097287_0$HG02818#2#JAHEOR010000010.1_31775319_32183091_1	0.9771561731222431 1K
NA12718 HG00621#2#JAHBCC010000031.1_16669999_17077865_0$HG01243#1#JAHEOY010000013.1_90081_424495_0	0.9771404510114130 1K
NA12718 HG02723#1#JAHEOU010000204.1_2102082_2414876_1$HG01258#1#JAGYYV010000004.1_56955948_57456952_1	0.9771310770122418 1K
NA12718 HG02622#1#JAHAOO010000002.1_16673678_17080663_0$HG03927.verkko_filt_mat.fa:haplotype1_0000009_134765170_135173010_1	0.9771305751442496 1K
NA12718 AV_HG00673#haplotype2#0001165:24014011_24421797$HG02818#2#JAHEOR010000010.1_31775319_32183091_1	0.9771141423850721 1K
NA12718 HG02622#1#JAHAOO010000002.1_16673678_17080663_0$NA19240#2#JAHEOL010000010.1_37445323_37853017_0	0.9771139405254442 1K
NA12718 HG02818#1#JAHEOS010000101.1_89626_496613_0$NA19240#2#JAHEOL010000010.1_37445323_37853017_0	0.9771134289373914 1K
NA12718 HG02717#1#JAHAOS010000015.1_16660311_17067250_0$HG03516#1#JAGYYT010000012.1_24170958_24578778_1	0.9771039774825964 1K
NA12718 HG02717#1#JAHAOS010000015.1_16660311_17067250_0$HG03516#2#JAGYYS010000004.1_24452130_24859892_1	0.9770966107003769 1K
NA12718 AV_HG02257#haplotype2#0001152:102843493_103251377$HG02559#1#JAGYVK010000012.1_51505852_51913611_0	0.9770922273330450 1K
NA12718 NA19240#2#JAHEOL010000010.1_37445323_37853017_0$HG03927.verkko_filt_mat.fa:haplotype1_0000009_134765170_135173010_1	0.9770921203785613 1K
NA12718 HG03579#1#JAGYVU010000029.1_91404_499180_0$HG02300.verkko_filt_mat.fa:haplotype1_0000028_144052837_144460586_1	0.9770821387768719 1K
NA12718 AV_HG01361#haplotype1#0000023:101593539_102001341$HG02818#2#JAHEOR010000010.1_31775319_32183091_1	0.9770795333660544 1K
NA12718 NA19240#1#JAHEOM010000047.1_30103390_30511199_1$NA19240#2#JAHEOL010000010.1_37445323_37853017_0	0.9770773934664391 1K
NA12718 HG02080#1#JAHEOW010000048.1_16689583_17097287_0$NA19240#1#JAHEOM010000047.1_30103390_30511199_1	0.9770772680560412 1K
NA12718 AV_HG00673#haplotype2#0001165:24014011_24421797$NA18906#1#JAHEOO010000054.1_2103477_2510435_1	0.9770769960714357 1K
NA12718 AV_HG01361#haplotype1#0000023:101593539_102001341$HG02717#1#JAHAOS010000015.1_16660311_17067250_0	0.9770769629052533 1K
NA12718 HG02818#2#JAHEOR010000010.1_31775319_32183091_1$HG02145#2#JAHKSF010000206.1_1005292_1413195_1	0.9770763008590952 1K
NA12718 HG03492#2#JAHEPH010000288.1_2098270_2432686_1$HG005#2#JAHEPN010000023.1_51542210_51950070_0	0.9770756772464116 1K
NA12718 HG02559#1#JAGYVK010000012.1_51505852_51913611_0$HG01099.verkko_filt_mat.fa:haplotype1_0000034_142513097_142920876_1	0.9770655097131619 1K
NA12718 AV_HG00673#haplotype2#0001165:24014011_24421797$AV_HG02257#haplotype2#0001152:102843493_103251377	0.9770621117864632 1K
NA12718 AV_HG01361#haplotype1#0000023:101593539_102001341$HG02818#1#JAHEOS010000101.1_89626_496613_0	0.9770548284758561 1K
NA12718 NA19240#1#JAHEOM010000047.1_30103390_30511199_1$HG01099.verkko_filt_mat.fa:haplotype1_0000034_142513097_142920876_1	0.9770526765176849 1K
NA12718 HG03516#2#JAGYYS010000004.1_24452130_24859892_1$NA19240#2#JAHEOL010000010.1_37445323_37853017_0	0.9770465586720257 1K
NA12718 HG02630#1#JAHAOQ010000102.1_16672145_17079089_0$HG03516#1#JAGYYT010000012.1_24170958_24578778_1	0.9770454975423453 1K
NA12718 HG03927.verkko_filt_mat.fa:haplotype1_0000009_134765170_135173010_1$HG01099.verkko_filt_mat.fa:haplotype1_0000034_142513097_142920876_1	0.9770428582997316 1K
NA12718 AV_HG02257#haplotype2#0001152:102843493_103251377$HG03579#1#JAGYVU010000029.1_91404_499180_0	0.9770423398091500 1K
NA12718 HG02818#2#JAHEOR010000010.1_31775319_32183091_1$NA18906#1#JAHEOO010000054.1_2103477_2510435_1	0.9770402136829069 1K
NA12718 HG03516#2#JAGYYS010000004.1_24452130_24859892_1$HG01099.verkko_filt_mat.fa:haplotype1_0000034_142513097_142920876_1	0.9770385595586892 1K
NA12718 HG02818#2#JAHEOR010000010.1_31775319_32183091_1$HG02717#1#JAHAOS010000015.1_16660311_17067250_0	0.9770336953474953 1K
NA12718 HG02145#2#JAHKSF010000206.1_1005292_1413195_1$HG03516#1#JAGYYT010000012.1_24170958_24578778_1	0.9770332510290389 1K
NA12718 HG02818#2#JAHEOR010000010.1_31775319_32183091_1$HG03516#1#JAGYYT010000012.1_24170958_24578778_1	0.9770270091189674 1K
NA12718 HG02559#1#JAGYVK010000012.1_51505852_51913611_0$HG02717#1#JAHAOS010000015.1_16660311_17067250_0	0.9770255926804096 1K
NA12718 HG03516#2#JAGYYS010000004.1_24452130_24859892_1$HG03927.verkko_filt_mat.fa:haplotype1_0000009_134765170_135173010_1	0.9770235943810965 1K
NA12718 HG01243#1#JAHEOY010000013.1_90081_424495_0$HG005#2#JAHEPN010000023.1_51542210_51950070_0	0.9770209023190315 1K
NA12718 HG02145#2#JAHKSF010000206.1_1005292_1413195_1$HG03516#2#JAGYYS010000004.1_24452130_24859892_1	0.9770161093153997 1K
NA12718 AV_HG02257#haplotype2#0001152:102843493_103251377$NA19240#1#JAHEOM010000047.1_30103390_30511199_1	0.9770142502519895 1K
NA12718 HG02559#1#JAGYVK010000012.1_51505852_51913611_0$NA18906#1#JAHEOO010000054.1_2103477_2510435_1	0.9769997105536340 1K
NA12718 NA18906#1#JAHEOO010000054.1_2103477_2510435_1$HG03516#2#JAGYYS010000004.1_24452130_24859892_1	0.9769975785818210 1K
NA12718 AV_HG01361#haplotype1#0000023:101593539_102001341$HG02622#1#JAHAOO010000002.1_16673678_17080663_0	0.9769974951903510 1K
NA12718 HG02559#1#JAGYVK010000012.1_51505852_51913611_0$HG02145#2#JAHKSF010000206.1_1005292_1413195_1	0.9769943239566760 1K
NA12718 AV_HG01361#haplotype1#0000023:101593539_102001341$HG02630#1#JAHAOQ010000102.1_16672145_17079089_0	0.9769938365217371 1K
NA12718 HG01258#1#JAGYYV010000004.1_56955948_57456952_1$HG04228.verkko_filt_pat.fa:haplotype2_0000600_103806749_104119491_0	0.9769827032682927 1K
NA12718 HG01258#1#JAGYYV010000004.1_56955948_57456952_1$HG02647.verkko_filt_pat.fa:haplotype2_0000857_103738150_104051769_0	0.9769785141560412 1K
NA12718 HG02080#1#JAHEOW010000048.1_16689583_17097287_0$HG03516#2#JAGYYS010000004.1_24452130_24859892_1	0.9769742583355214 1K
NA12718 HG02559#1#JAGYVK010000012.1_51505852_51913611_0$HG03927.verkko_filt_mat.fa:haplotype1_0000009_134765170_135173010_1	0.9769705597222594 1K
NA12718 HG02723#1#JAHEOU010000204.1_2102082_2414876_1$HG01071#1#JAHBCF010000053.1_26607100_27108065_1	0.9769573477129362 1K
NA12718 HG03516#1#JAGYYT010000012.1_24170958_24578778_1$HG03516#2#JAGYYS010000004.1_24452130_24859892_1	0.9769561141271875 1K
NA12718 HG02080#1#JAHEOW010000048.1_16689583_17097287_0$HG02559#1#JAGYVK010000012.1_51505852_51913611_0	0.9769526250911613 1K
NA12718 HG02559#1#JAGYVK010000012.1_51505852_51913611_0$NA19240#2#JAHEOL010000010.1_37445323_37853017_0	0.9769524402027897 1K
NA12718 AV_HG01106#haplotype2#0000932:16673968_17175925$HG03492#2#JAHEPH010000288.1_2098270_2432686_1	0.9769496530810612 1K
NA12718 HG03579#2#JAGYVT010000094.1_51581892_51895531_0$HG01258#1#JAGYYV010000004.1_56955948_57456952_1	0.9769402909589793 1K
NA12718 NA18906#1#JAHEOO010000054.1_2103477_2510435_1$NA19240#1#JAHEOM010000047.1_30103390_30511199_1	0.9769288638253056 1K
NA12718 HG03579#1#JAGYVU010000029.1_91404_499180_0$HG01099.verkko_filt_mat.fa:haplotype1_0000034_142513097_142920876_1	0.9769183924861551 1K
NA12718 AV_HG00673#haplotype2#0001165:24014011_24421797$HG02145#2#JAHKSF010000206.1_1005292_1413195_1	0.9769071432362620 1K
NA12718 HG01071#1#JAHBCF010000053.1_26607100_27108065_1$HG04228.verkko_filt_pat.fa:haplotype2_0000600_103806749_104119491_0	0.9768980279022333 1K
NA12718 HG02630#1#JAHAOQ010000102.1_16672145_17079089_0$HG03516#2#JAGYYS010000004.1_24452130_24859892_1	0.9768917254724443 1K
NA12718 HG02717#1#JAHAOS010000015.1_16660311_17067250_0$NA19240#1#JAHEOM010000047.1_30103390_30511199_1	0.9768899050643391 1K
NA12718 HG02717#1#JAHAOS010000015.1_16660311_17067250_0$HG03579#1#JAGYVU010000029.1_91404_499180_0	0.9768864781322023 1K
NA12718 AV_HG01106#haplotype2#0000932:16673968_17175925$HG01243#1#JAHEOY010000013.1_90081_424495_0	0.9768732193430404 1K
NA12718 AV_HG00673#haplotype2#0001165:24014011_24421797$HG02559#1#JAGYVK010000012.1_51505852_51913611_0	0.9768619255314085 1K
NA12718 AV_HG00673#haplotype2#0001165:24014011_24421797$HG02818#1#JAHEOS010000101.1_89626_496613_0	0.9768614990246220 1K
NA12718 NA18906#1#JAHEOO010000054.1_2103477_2510435_1$HG03579#1#JAGYVU010000029.1_91404_499180_0	0.9768605889708091 1K
NA12718 AV_HG00673#haplotype2#0001165:24014011_24421797$HG03516#2#JAGYYS010000004.1_24452130_24859892_1	0.9768510443190488 1K
NA12718 AV_HG00673#haplotype2#0001165:24014011_24421797$HG02717#1#JAHAOS010000015.1_16660311_17067250_0	0.9768503293841574 1K
NA12718 AV_HG00673#haplotype2#0001165:24014011_24421797$HG02630#1#JAHAOQ010000102.1_16672145_17079089_0	0.9768486760567777 1K
NA12718 HG02559#1#JAGYVK010000012.1_51505852_51913611_0$HG03516#1#JAGYYT010000012.1_24170958_24578778_1	0.9768466480070388 1K
NA12718 HG03516#1#JAGYYT010000012.1_24170958_24578778_1$HG02818#1#JAHEOS010000101.1_89626_496613_0	0.9768418368560371 1K
NA12718 HG02080#1#JAHEOW010000048.1_16689583_17097287_0$HG03579#1#JAGYVU010000029.1_91404_499180_0	0.9768378723039621 1K
NA12718 HG02622#1#JAHAOO010000002.1_16673678_17080663_0$HG03516#2#JAGYYS010000004.1_24452130_24859892_1	0.9768344553470225 1K
NA12718 HG02559#1#JAGYVK010000012.1_51505852_51913611_0$HG02630#1#JAHAOQ010000102.1_16672145_17079089_0	0.9768289743278257 1K
NA12718 AV_HG01361#haplotype1#0000023:101593539_102001341$HG03516#2#JAGYYS010000004.1_24452130_24859892_1	0.9768246046664854 1K
NA12718 HG02818#2#JAHEOR010000010.1_31775319_32183091_1$HG02630#1#JAHAOQ010000102.1_16672145_17079089_0	0.9768211426311373 1K
NA12718 HG02145#2#JAHKSF010000206.1_1005292_1413195_1$HG03579#1#JAGYVU010000029.1_91404_499180_0	0.9768147615496705 1K
NA12718 HG02109#1#JAHEPG010000026.1_16673035_17080816_0$HG02300.verkko_filt_mat.fa:haplotype1_0000028_144052837_144460586_1	0.9768128078324498 1K
NA12718 HG03492#2#JAHEPH010000288.1_2098270_2432686_1$HG02004.verkko_filt_mat.fa:haplotype1_0000022_97828542_98235483_0	0.9768008830800515 1K
NA12718 NA19240#1#JAHEOM010000047.1_30103390_30511199_1$HG03927.verkko_filt_mat.fa:haplotype1_0000009_134765170_135173010_1	0.9767985590544919 1K
NA12718 AV_HG00673#haplotype2#0001165:24014011_24421797$HG02622#1#JAHAOO010000002.1_16673678_17080663_0	0.9767970829777375 1K
NA12718 HG02818#2#JAHEOR010000010.1_31775319_32183091_1$HG02818#1#JAHEOS010000101.1_89626_496613_0	0.9767958885566456 1K
NA12718 HG03516#1#JAGYYT010000012.1_24170958_24578778_1$HG03927.verkko_filt_mat.fa:haplotype1_0000009_134765170_135173010_1	0.9767788287966738 1K
NA12718 AV_HG01361#haplotype1#0000023:101593539_102001341$HG02559#1#JAGYVK010000012.1_51505852_51913611_0	0.9767788110141687 1K
NA12718 HG03516#2#JAGYYS010000004.1_24452130_24859892_1$HG02818#1#JAHEOS010000101.1_89626_496613_0	0.9767758454779453 1K
NA12718 HG01123#2#JAGYYY010000006.1_51579630_51892388_0$HG02486#1#JAGYVM010000007.1_28868414_29370339_1	0.9767641930600127 1K
NA12718 HG02145#2#JAHKSF010000206.1_1005292_1413195_1$NA19240#1#JAHEOM010000047.1_30103390_30511199_1	0.9767628087418685 1K
NA12718 HG03492#2#JAHEPH010000288.1_2098270_2432686_1$HG01978#2#JAGYVR010000007.1_51532241_51939176_0	0.9767562578690193 1K
NA12718 HG04228.verkko_filt_pat.fa:haplotype2_0000600_103806749_104119491_0$HG03927.verkko_filt_pat.fa:haplotype2_0000800_29002142_29504057_1	0.9767510055877939 1K
NA12718 AV_HG01361#haplotype1#0000023:101593539_102001341$NA19240#1#JAHEOM010000047.1_30103390_30511199_1	0.9767500824438243 1K
NA12718 HG02630#1#JAHAOQ010000102.1_16672145_17079089_0$HG03579#1#JAGYVU010000029.1_91404_499180_0	0.9767466975139325 1K
NA12718 HG01928#1#JAGYVQ010000053.1_16676493_17083407_0$HG03492#2#JAHEPH010000288.1_2098270_2432686_1	0.9767455889535087 1K
NA12718 HG03579#1#JAGYVU010000029.1_91404_499180_0$HG03927.verkko_filt_mat.fa:haplotype1_0000009_134765170_135173010_1	0.9767430820439427 1K
NA12718 HG03579#1#JAGYVU010000029.1_91404_499180_0$NA19240#2#JAHEOL010000010.1_37445323_37853017_0	0.9767407309351718 1K
NA12718 AV_HG01361#haplotype1#0000023:101593539_102001341$HG03927.verkko_filt_mat.fa:haplotype1_0000009_134765170_135173010_1	0.9767405122930395 1K
NA12718 AV_HG00673#haplotype2#0001165:24014011_24421797$HG03927.verkko_filt_mat.fa:haplotype1_0000009_134765170_135173010_1	0.9767349688902155 1K
NA12718 HG02630#1#JAHAOQ010000102.1_16672145_17079089_0$NA19240#1#JAHEOM010000047.1_30103390_30511199_1	0.9767341180649702 1K
NA12718 HG01243#1#JAHEOY010000013.1_90081_424495_0$HG02004.verkko_filt_mat.fa:haplotype1_0000022_97828542_98235483_0	0.9767246927400609 1K
NA12718 HG03492#2#JAHEPH010000288.1_2098270_2432686_1$HG03453#2#JAGYVV010000088.1_22597550_23005370_1	0.9767201766627969 1K
NA12718 HG03492#2#JAHEPH010000288.1_2098270_2432686_1$HG01978#1#JAGYVS010000002.1_51519970_52021951_0	0.9766989598210251 1K
NA12718 HG03453#2#JAGYVV010000088.1_22597550_23005370_1$HG01243#1#JAHEOY010000013.1_90081_424495_0	0.9766976301600359 1K
NA12718 HG02559#1#JAGYVK010000012.1_51505852_51913611_0$HG02818#1#JAHEOS010000101.1_89626_496613_0	0.9766974624536766 1K
NA12718 HG02559#1#JAGYVK010000012.1_51505852_51913611_0$HG02622#1#JAHAOO010000002.1_16673678_17080663_0	0.9766840325835157 1K
NA12718 HG01243#1#JAHEOY010000013.1_90081_424495_0$HG01978#2#JAGYVR010000007.1_51532241_51939176_0	0.9766799663741027 1K
NA12718 AV_HG01361#haplotype2#0001322:101872897_102186552$HG03540#1#JAGYVY010000208.1_95187_596142_0	0.9766724633269704 1K
NA12718 HG02818#2#JAHEOR010000010.1_31775319_32183091_1$HG02622#1#JAHAOO010000002.1_16673678_17080663_0	0.9766705043826199 1K
NA12718 HG01928#1#JAGYVQ010000053.1_16676493_17083407_0$HG01243#1#JAHEOY010000013.1_90081_424495_0	0.9766693981344811 1K
NA12718 HG02622#1#JAHAOO010000002.1_16673678_17080663_0$HG03516#1#JAGYYT010000012.1_24170958_24578778_1	0.9766680986171719 1K
NA12718 HG01071#1#JAHBCF010000053.1_26607100_27108065_1$HG02647.verkko_filt_pat.fa:haplotype2_0000857_103738150_104051769_0	0.9766668278254758 1K
NA12718 AV_HG01361#haplotype2#0001322:101872897_102186552$HG01099.verkko_filt_pat.fa:haplotype2_0000583_143544270_144046196_1	0.9766650359906492 1K
NA12718 HG03579#2#JAGYVT010000094.1_51581892_51895531_0$HG01071#1#JAHBCF010000053.1_26607100_27108065_1	0.9766610956527509 1K
NA12718 HG03516#1#JAGYYT010000012.1_24170958_24578778_1$NA19240#1#JAHEOM010000047.1_30103390_30511199_1	0.9766504926346432 1K
NA12718 HG02109#1#JAHEPG010000026.1_16673035_17080816_0$HG01099.verkko_filt_mat.fa:haplotype1_0000034_142513097_142920876_1	0.9766486938459383 1K
NA12718 AV_HG00673#haplotype2#0001165:24014011_24421797$NA19240#1#JAHEOM010000047.1_30103390_30511199_1	0.9766475227849609 1K
NA12718 HG03516#1#JAGYYT010000012.1_24170958_24578778_1$HG03579#1#JAGYVU010000029.1_91404_499180_0	0.9766432926888815 1K
NA12718 HG02109#1#JAHEPG010000026.1_16673035_17080816_0$HG03927.verkko_filt_mat.fa:haplotype1_0000009_134765170_135173010_1	0.9766404120475572 1K
NA12718 HG02818#1#JAHEOS010000101.1_89626_496613_0$HG03579#1#JAGYVU010000029.1_91404_499180_0	0.9766393743386658 1K
NA12718 HG02080#1#JAHEOW010000048.1_16689583_17097287_0$HG02109#1#JAHEPG010000026.1_16673035_17080816_0	0.9766249687187688 1K
NA12718 HG01978#1#JAGYVS010000002.1_51519970_52021951_0$HG01243#1#JAHEOY010000013.1_90081_424495_0	0.9766225453842015 1K
NA12718 HG03710.verkko_filt_mat.fa:haplotype1_0000029_102593394_102907063_0$HG03927.verkko_filt_pat.fa:haplotype2_0000800_29002142_29504057_1	0.9766217229419201 1K
NA12718 HG02723#1#JAHEOU010000204.1_2102082_2414876_1$HG03927.verkko_filt_pat.fa:haplotype2_0000800_29002142_29504057_1	0.9766090791983494 1K
NA12718 HG02818#2#JAHEOR010000010.1_31775319_32183091_1$HG02109#1#JAHEPG010000026.1_16673035_17080816_0	0.9766077684553776 1K
NA12718 NA19240#1#JAHEOM010000047.1_30103390_30511199_1$HG02818#1#JAHEOS010000101.1_89626_496613_0	0.9766037378615768 1K
NA12718 HG02622#1#JAHAOO010000002.1_16673678_17080663_0$HG03579#1#JAGYVU010000029.1_91404_499180_0	0.9766015387723548 1K
NA12718 HG02723#1#JAHEOU010000204.1_2102082_2414876_1$HG01099.verkko_filt_pat.fa:haplotype2_0000583_143544270_144046196_1	0.9765956072870531 1K
NA12718 HG03710.verkko_filt_mat.fa:haplotype1_0000029_102593394_102907063_0$HG01099.verkko_filt_pat.fa:haplotype2_0000583_143544270_144046196_1	0.9765834035530720 1K
NA12718 AV_HG01361#haplotype1#0000023:101593539_102001341$HG03579#1#JAGYVU010000029.1_91404_499180_0	0.9765669681475291 1K
NA12718 HG01258#2#JAGYYU010000072.1_51562603_51970395_0$HG02300.verkko_filt_mat.fa:haplotype1_0000028_144052837_144460586_1	0.9765579752113299 1K
NA12718 HG02109#1#JAHEPG010000026.1_16673035_17080816_0$NA19240#2#JAHEOL010000010.1_37445323_37853017_0	0.9765348515551613 1K
NA12718 HG01243#1#JAHEOY010000013.1_90081_424495_0$HG02300.verkko_filt_pat.fa:haplotype2_0000620_143362344_143769323_1	0.9765330715701985 1K
NA12718 AV_HG00673#haplotype2#0001165:24014011_24421797$HG03579#1#JAGYVU010000029.1_91404_499180_0	0.9765288436789529 1K
NA12718 HG03098#2#JAHEPL010000003.1_93803759_94117426_0$HG03927.verkko_filt_pat.fa:haplotype2_0000800_29002142_29504057_1	0.9765055692310962 1K
NA12718 HG03492#2#JAHEPH010000288.1_2098270_2432686_1$HG02300.verkko_filt_pat.fa:haplotype2_0000620_143362344_143769323_1	0.9764912102105522 1K
NA12718 HG02300.verkko_filt_mat.fa:haplotype1_0000028_144052837_144460586_1$HG02809.verkko_filt_pat.fa:haplotype2_0001251_103421111_103827972_0	0.9764861046794215 1K
NA12718 HG03540#1#JAGYVY010000208.1_95187_596142_0$HG03710.verkko_filt_mat.fa:haplotype1_0000029_102593394_102907063_0	0.9764460354522940 1K
NA12718 HG02109#1#JAHEPG010000026.1_16673035_17080816_0$HG03516#2#JAGYYS010000004.1_24452130_24859892_1	0.9764412605291937 1K
NA12718 HG02559#1#JAGYVK010000012.1_51505852_51913611_0$HG02109#1#JAHEPG010000026.1_16673035_17080816_0	0.9764199183300417 1K
NA12718 HG01258#2#JAGYYU010000072.1_51562603_51970395_0$HG01099.verkko_filt_mat.fa:haplotype1_0000034_142513097_142920876_1	0.9763862296122200 1K
NA12718 HG02080#1#JAHEOW010000048.1_16689583_17097287_0$HG01258#2#JAGYYU010000072.1_51562603_51970395_0	0.9763703874566571 1K
NA12718 HG03927.verkko_filt_mat.fa:haplotype1_0000009_134765170_135173010_1$HG02809.verkko_filt_pat.fa:haplotype2_0001251_103421111_103827972_0	0.9763694204025111 1K
NA12718 HG02818#2#JAHEOR010000010.1_31775319_32183091_1$HG02809.verkko_filt_pat.fa:haplotype2_0001251_103421111_103827972_0	0.9763692172751889 1K
NA12718 HG02622#1#JAHAOO010000002.1_16673678_17080663_0$NA19240#1#JAHEOM010000047.1_30103390_30511199_1	0.9763659288878737 1K
NA12718 HG02109#1#JAHEPG010000026.1_16673035_17080816_0$HG03516#1#JAGYYT010000012.1_24170958_24578778_1	0.9763631510942042 1K
NA12718 HG01099.verkko_filt_mat.fa:haplotype1_0000034_142513097_142920876_1$HG02809.verkko_filt_pat.fa:haplotype2_0001251_103421111_103827972_0	0.9763624204743877 1K
NA12718 HG03516#2#JAGYYS010000004.1_24452130_24859892_1$HG02809.verkko_filt_pat.fa:haplotype2_0001251_103421111_103827972_0	0.9763568879028141 1K
NA12718 HG02080#1#JAHEOW010000048.1_16689583_17097287_0$HG02809.verkko_filt_pat.fa:haplotype2_0001251_103421111_103827972_0	0.9763468645013993 1K
NA12718 HG01258#1#JAGYYV010000004.1_56955948_57456952_1$HG01891#1#JAGYVO010000014.1_22855818_23168577_1	0.9763334371751881 1K
NA12718 HG01258#1#JAGYYV010000004.1_56955948_57456952_1$HG02109#2#JAHEPF010000078.1_16678387_16991144_0	0.9763140301798783 1K
NA12718 HG02886#2#JAHAOT010000031.1_87393_401061_0$HG01099.verkko_filt_pat.fa:haplotype2_0000583_143544270_144046196_1	0.9763136509593029 1K
NA12718 HG02886#2#JAHAOT010000031.1_87393_401061_0$HG03540#1#JAGYVY010000208.1_95187_596142_0	0.9763130420892424 1K
NA12718 HG02486#2#JAGYVL010000029.1_94163344_94570162_0$HG03927.verkko_filt_mat.fa:haplotype1_0000009_134765170_135173010_1	0.9763125043673156 1K
NA12718 HG02109#1#JAHEPG010000026.1_16673035_17080816_0$NA19240#1#JAHEOM010000047.1_30103390_30511199_1	0.9763108219536326 1K
NA12718 HG02723#1#JAHEOU010000204.1_2102082_2414876_1$HG03540#1#JAGYVY010000208.1_95187_596142_0	0.9762886293393674 1K
NA12718 HG02559#1#JAGYVK010000012.1_51505852_51913611_0$HG02809.verkko_filt_pat.fa:haplotype2_0001251_103421111_103827972_0	0.9762867226536081 1K
NA12718 HG005#1#JAHEPO010000002.1_51519219_51926067_0$HG03516#2#JAGYYS010000004.1_24452130_24859892_1	0.9762760649511973 1K
NA12718 HG03492#2#JAHEPH010000288.1_2098270_2432686_1$HG02293.verkko_filt_pat.fa:haplotype2_0000836_148310532_148812524_1	0.9762737852673589 1K
NA12718 AV_HG01361#haplotype1#0000023:101593539_102001341$HG02109#1#JAHEPG010000026.1_16673035_17080816_0	0.9762642849538201 1K
NA12718 AV_HG00673#haplotype1#0000019:16627360_17129375$HG03492#2#JAHEPH010000288.1_2098270_2432686_1	0.9762637183913849 1K
NA12718 HG02818#2#JAHEOR010000010.1_31775319_32183091_1$HG01258#2#JAGYYU010000072.1_51562603_51970395_0	0.9762595653705496 1K
NA12718 HG02109#1#JAHEPG010000026.1_16673035_17080816_0$HG03579#1#JAGYVU010000029.1_91404_499180_0	0.9762485155520846 1K
NA12718 HG02818#2#JAHEOR010000010.1_31775319_32183091_1$HG005#1#JAHEPO010000002.1_51519219_51926067_0	0.9762415765999884 1K
NA12718 HG02630#2#JAHAOP010000089.1_16669255_17076135_0$HG02300.verkko_filt_mat.fa:haplotype1_0000028_144052837_144460586_1	0.9762413600452451 1K
NA12718 HG01258#2#JAGYYU010000072.1_51562603_51970395_0$NA19240#2#JAHEOL010000010.1_37445323_37853017_0	0.9762332105289312 1K
NA12718 AV_HG01175#haplotype1#0000070:46006269_46414083$HG01109#2#JAHEOZ010000047.1_16671232_17151375_0	0.9762275011246366 1K
NA12718 NA19240#1#JAHEOM010000047.1_30103390_30511199_1$HG02809.verkko_filt_pat.fa:haplotype2_0001251_103421111_103827972_0	0.9762255631731206 1K
NA12718 HG03516#1#JAGYYT010000012.1_24170958_24578778_1$HG02486#2#JAGYVL010000029.1_94163344_94570162_0	0.9762209262217295 1K
NA12718 AV_HG01175#haplotype1#0000070:46006269_46414083$HG00438#1#JAHBCB010000015.1_33474867_33954171_0	0.9762176803466374 1K
NA12718 HG01071#1#JAHBCF010000053.1_26607100_27108065_1$HG01891#1#JAGYVO010000014.1_22855818_23168577_1	0.9762162666817377 1K
NA12718 AV_HG01361#haplotype1#0000023:101593539_102001341$HG02809.verkko_filt_pat.fa:haplotype2_0001251_103421111_103827972_0	0.9762129923978945 1K
NA12718 HG01243#1#JAHEOY010000013.1_90081_424495_0$HG02293.verkko_filt_pat.fa:haplotype2_0000836_148310532_148812524_1	0.9762117674867747 1K
NA12718 HG02886#1#JAHAOU010000178.1_62411_469262_0$HG03927.verkko_filt_mat.fa:haplotype1_0000009_134765170_135173010_1	0.9762036292555062 1K
NA12718 AV_HG00673#haplotype1#0000019:16627360_17129375$HG01243#1#JAHEOY010000013.1_90081_424495_0	0.9762016334449549 1K
NA12718 HG02886#1#JAHAOU010000178.1_62411_469262_0$HG02300.verkko_filt_mat.fa:haplotype1_0000028_144052837_144460586_1	0.9761997983605117 1K
NA12718 HG02486#2#JAGYVL010000029.1_94163344_94570162_0$HG01099.verkko_filt_mat.fa:haplotype1_0000034_142513097_142920876_1	0.9761936904379314 1K
NA12718 NA19240#2#JAHEOL010000010.1_37445323_37853017_0$HG02809.verkko_filt_pat.fa:haplotype2_0001251_103421111_103827972_0	0.9761914889379958 1K
NA12718 HG01071#1#JAHBCF010000053.1_26607100_27108065_1$HG02109#2#JAHEPF010000078.1_16678387_16991144_0	0.9761889524445510 1K
NA12718 HG005#1#JAHEPO010000002.1_51519219_51926067_0$HG02300.verkko_filt_mat.fa:haplotype1_0000028_144052837_144460586_1	0.9761766190835558 1K
NA12718 HG03579#1#JAGYVU010000029.1_91404_499180_0$HG02809.verkko_filt_pat.fa:haplotype2_0001251_103421111_103827972_0	0.9761637946543108 1K
NA12718 HG02559#1#JAGYVK010000012.1_51505852_51913611_0$HG005#1#JAHEPO010000002.1_51519219_51926067_0	0.9761500294304130 1K
NA12718 HG02486#2#JAGYVL010000029.1_94163344_94570162_0$HG02300.verkko_filt_mat.fa:haplotype1_0000028_144052837_144460586_1	0.9761468127623951 1K
NA12718 AV_HG00673#haplotype2#0001165:24014011_24421797$HG02486#2#JAGYVL010000029.1_94163344_94570162_0	0.9761434487510776 1K
NA12718 HG02886#1#JAHAOU010000178.1_62411_469262_0$HG03516#1#JAGYYT010000012.1_24170958_24578778_1	0.9761281972016108 1K
NA12718 AV_HG01361#haplotype1#0000023:101593539_102001341$HG02486#2#JAGYVL010000029.1_94163344_94570162_0	0.9761254444116112 1K
NA12718 HG03492#2#JAHEPH010000288.1_2098270_2432686_1$HG02080#2#JAHEOV010000017.1_16662177_17164189_0	0.9761203045723038 1K
NA12718 HG02080#1#JAHEOW010000048.1_16689583_17097287_0$HG02630#2#JAHAOP010000089.1_16669255_17076135_0	0.9761185372796151 1K
NA12718 HG02630#2#JAHAOP010000089.1_16669255_17076135_0$HG01099.verkko_filt_mat.fa:haplotype1_0000034_142513097_142920876_1	0.9761101960322296 1K
NA12718 HG01258#2#JAGYYU010000072.1_51562603_51970395_0$HG03516#2#JAGYYS010000004.1_24452130_24859892_1	0.9761080523693320 1K
NA12718 AV_HG01361#haplotype1#0000023:101593539_102001341$HG01258#2#JAGYYU010000072.1_51562603_51970395_0	0.9761076522782917 1K
NA12718 HG02886#1#JAHAOU010000178.1_62411_469262_0$NA19240#2#JAHEOL010000010.1_37445323_37853017_0	0.9761075293620213 1K
NA12718 HG03516#1#JAGYYT010000012.1_24170958_24578778_1$HG02809.verkko_filt_pat.fa:haplotype2_0001251_103421111_103827972_0	0.9760919689364315 1K
NA12718 HG02559#2#JAGYVJ010000037.1_52167780_52574597_1$HG03927.verkko_filt_mat.fa:haplotype1_0000009_134765170_135173010_1	0.9760898357546313 1K
NA12718 HG02080#1#JAHEOW010000048.1_16689583_17097287_0$HG02886#1#JAHAOU010000178.1_62411_469262_0	0.9760848672625794 1K
NA12718 HG03492#2#JAHEPH010000288.1_2098270_2432686_1$HG02071.verkko_filt_pat.fa:haplotype2_0000736_102745972_103248026_0	0.9760832900515292 1K
NA12718 AV_HG01175#haplotype1#0000070:46006269_46414083$HG03492#1#JAHEPI010000180.1_2103395_2543326_1	0.9760767322738829 1K
NA12718 HG02717#2#JAHAOR010000006.1_19663827_20070693_1$HG02300.verkko_filt_mat.fa:haplotype1_0000028_144052837_144460586_1	0.9760693202494333 1K
NA12718 AV_HG00673#haplotype2#0001165:24014011_24421797$HG02109#1#JAHEPG010000026.1_16673035_17080816_0	0.9760639783080928 1K
NA12718 HG01258#2#JAGYYU010000072.1_51562603_51970395_0$NA19240#1#JAHEOM010000047.1_30103390_30511199_1	0.9760597599498324 1K
NA12718 HG02486#1#JAGYVM010000007.1_28868414_29370339_1$HG03710.verkko_filt_mat.fa:haplotype1_0000029_102593394_102907063_0	0.9760475319879919 1K
NA12718 HG02080#1#JAHEOW010000048.1_16689583_17097287_0$HG005#1#JAHEPO010000002.1_51519219_51926067_0	0.9760456797816588 1K
NA12718 HG02080#2#JAHEOV010000017.1_16662177_17164189_0$HG01243#1#JAHEOY010000013.1_90081_424495_0	0.9760442025813888 1K
NA12718 HG005#1#JAHEPO010000002.1_51519219_51926067_0$HG03579#1#JAGYVU010000029.1_91404_499180_0	0.9760432487250303 1K
NA12718 HG005#1#JAHEPO010000002.1_51519219_51926067_0$NA19240#1#JAHEOM010000047.1_30103390_30511199_1	0.9760336258810060 1K
NA12718 HG03516#1#JAGYYT010000012.1_24170958_24578778_1$HG02300.verkko_filt_mat.fa:haplotype1_0000028_144052837_144460586_1	0.9760334818910869 1K
NA12718 HG03516#1#JAGYYT010000012.1_24170958_24578778_1$HG01258#2#JAGYYU010000072.1_51562603_51970395_0	0.9760318319805188 1K
NA12718 HG02886#1#JAHAOU010000178.1_62411_469262_0$HG01099.verkko_filt_mat.fa:haplotype1_0000034_142513097_142920876_1	0.9760272446045367 1K
NA12718 HG02080#1#JAHEOW010000048.1_16689583_17097287_0$HG02486#2#JAGYVL010000029.1_94163344_94570162_0	0.9760237476481544 1K
NA12718 HG01123#1#JAGYYZ010000015.1_51528240_51935090_0$HG01099.verkko_filt_mat.fa:haplotype1_0000034_142513097_142920876_1	0.9760185990459219 1K
NA12718 AV_HG00673#haplotype2#0001165:24014011_24421797$HG02886#1#JAHAOU010000178.1_62411_469262_0	0.9760176819795088 1K
NA12718 HG005#1#JAHEPO010000002.1_51519219_51926067_0$HG01099.verkko_filt_mat.fa:haplotype1_0000034_142513097_142920876_1	0.9760130399930000 1K
NA12718 HG01109#2#JAHEOZ010000047.1_16671232_17151375_0$HG002.verkko_filt_mat.fa:haplotype1_0000005_138228497_138636354_1	0.9760106624652114 1K
NA12718 HG02559#1#JAGYVK010000012.1_51505852_51913611_0$HG01258#2#JAGYYU010000072.1_51562603_51970395_0	0.9760065680448200 1K
NA12718 HG02818#2#JAHEOR010000010.1_31775319_32183091_1$HG02717#2#JAHAOR010000006.1_19663827_20070693_1	0.9760052931404452 1K
NA12718 HG01123#1#JAGYYZ010000015.1_51528240_51935090_0$HG02300.verkko_filt_mat.fa:haplotype1_0000028_144052837_144460586_1	0.9760041980992442 1K
NA12718 HG02717#2#JAHAOR010000006.1_19663827_20070693_1$HG01099.verkko_filt_mat.fa:haplotype1_0000034_142513097_142920876_1	0.9760027971963031 1K
NA12718 AV_HG00673#haplotype2#0001165:24014011_24421797$HG01258#2#JAGYYU010000072.1_51562603_51970395_0	0.9759968917137813 1K
NA12718 HG005#1#JAHEPO010000002.1_51519219_51926067_0$NA19240#2#JAHEOL010000010.1_37445323_37853017_0	0.9759895037836751 1K
NA12718 HG00741#2#JAHALX010000013.1_51574319_51981226_0$HG02300.verkko_filt_mat.fa:haplotype1_0000028_144052837_144460586_1	0.9759799850483373 1K
NA12718 HG02080#1#JAHEOW010000048.1_16689583_17097287_0$HG02717#2#JAHAOR010000006.1_19663827_20070693_1	0.9759707380306485 1K
NA12718 HG02080#1#JAHEOW010000048.1_16689583_17097287_0$HG00741#2#JAHALX010000013.1_51574319_51981226_0	0.9759703409117261 1K
NA12718 HG02080#1#JAHEOW010000048.1_16689583_17097287_0$HG01123#1#JAGYYZ010000015.1_51528240_51935090_0	0.9759622797737026 1K
NA12718 HG02486#2#JAGYVL010000029.1_94163344_94570162_0$NA19240#2#JAHEOL010000010.1_37445323_37853017_0	0.9759571880884479 1K
NA12718 HG03486#1#JAHEOQ010000123.1_16677696_17085575_0$HG01109#2#JAHEOZ010000047.1_16671232_17151375_0	0.9759509836372136 1K
NA12718 AV_HG01361#haplotype1#0000023:101593539_102001341$HG02886#1#JAHAOU010000178.1_62411_469262_0	0.9759508545082698 1K
NA12718 HG03516#2#JAGYYS010000004.1_24452130_24859892_1$HG02717#2#JAHAOR010000006.1_19663827_20070693_1	0.9759426282206892 1K
NA12718 HG01243#1#JAHEOY010000013.1_90081_424495_0$HG02071.verkko_filt_pat.fa:haplotype2_0000736_102745972_103248026_0	0.9759377281200781 1K
NA12718 HG02559#2#JAGYVJ010000037.1_52167780_52574597_1$HG03516#2#JAGYYS010000004.1_24452130_24859892_1	0.9759311001215555 1K
NA12718 AV_HG01361#haplotype2#0001322:101872897_102186552$HG02486#1#JAGYVM010000007.1_28868414_29370339_1	0.9759198641003273 1K
NA12718 HG02630#2#JAHAOP010000089.1_16669255_17076135_0$NA19240#2#JAHEOL010000010.1_37445323_37853017_0	0.9759172453776838 1K
NA12718 HG03486#1#JAHEOQ010000123.1_16677696_17085575_0$HG00438#1#JAHBCB010000015.1_33474867_33954171_0	0.9759156003379261 1K
NA12718 AV_HG01361#haplotype1#0000023:101593539_102001341$HG005#1#JAHEPO010000002.1_51519219_51926067_0	0.9759042954479202 1K
NA12718 HG02647.verkko_filt_pat.fa:haplotype2_0000857_103738150_104051769_0$HG03927.verkko_filt_pat.fa:haplotype2_0000800_29002142_29504057_1	0.9758992711661917 1K
NA12718 HG03516#1#JAGYYT010000012.1_24170958_24578778_1$HG01099.verkko_filt_mat.fa:haplotype1_0000034_142513097_142920876_1	0.9758949268932016 1K
NA12718 HG01109#2#JAHEOZ010000047.1_16671232_17151375_0$HG02071.verkko_filt_mat.fa:haplotype1_0000041_103610513_104018399_0	0.9758901343676745 1K
NA12718 NA18906#2#JAHEON010000009.1_93748295_94249275_0$HG02293.verkko_filt_mat.fa:haplotype1_0000039_30204405_30517145_1	0.9758874005214865 1K
NA12718 HG02559#2#JAGYVJ010000037.1_52167780_52574597_1$HG03579#1#JAGYVU010000029.1_91404_499180_0	0.9758838354372380 1K
NA12718 NA19240#2#JAHEOL010000010.1_37445323_37853017_0$HG01099.verkko_filt_mat.fa:haplotype1_0000034_142513097_142920876_1	0.9758786232840422 1K
NA12718 HG01258#2#JAGYYU010000072.1_51562603_51970395_0$HG03579#1#JAGYVU010000029.1_91404_499180_0	0.9758755767025358 1K
NA12718 AV_HG00673#haplotype2#0001165:24014011_24421797$HG02809.verkko_filt_pat.fa:haplotype2_0001251_103421111_103827972_0	0.9758743279538805 1K
NA12718 HG02559#1#JAGYVK010000012.1_51505852_51913611_0$HG02717#2#JAHAOR010000006.1_19663827_20070693_1	0.9758651785092477 1K
NA12718 HG00438#1#JAHBCB010000015.1_33474867_33954171_0$HG002.verkko_filt_mat.fa:haplotype1_0000005_138228497_138636354_1	0.9758580219684355 1K
NA12718 HG03579#2#JAGYVT010000094.1_51581892_51895531_0$HG03927.verkko_filt_pat.fa:haplotype2_0000800_29002142_29504057_1	0.9758532199949425 1K
NA12718 HG01109#1#JAHEPA010000099.1_2104245_2511104_1$HG02109#1#JAHEPG010000026.1_16673035_17080816_0	0.9758430356934957 1K
NA12718 AV_HG02148#haplotype2#0002863:16304803_16712699$HG01109#2#JAHEOZ010000047.1_16671232_17151375_0	0.9758377096034142 1K
NA12718 HG02080#1#JAHEOW010000048.1_16689583_17097287_0$HG03516#1#JAGYYT010000012.1_24170958_24578778_1	0.9758303097642161 1K
NA12718 AV_HG01361#haplotype1#0000023:101593539_102001341$HG02717#2#JAHAOR010000006.1_19663827_20070693_1	0.9758293136907142 1K
NA12718 NA19240#1#JAHEOM010000047.1_30103390_30511199_1$HG02717#2#JAHAOR010000006.1_19663827_20070693_1	0.9758215180581403 1K
NA12718 AV_HG01175#haplotype1#0000070:46006269_46414083$HG03486#2#JAHEOP010000248.1_2105565_2584784_1	0.9758205539716598 1K
NA12718 HG02818#2#JAHEOR010000010.1_31775319_32183091_1$HG01123#1#JAGYYZ010000015.1_51528240_51935090_0	0.9758191551066177 1K
NA12718 HG01123#1#JAGYYZ010000015.1_51528240_51935090_0$NA19240#2#JAHEOL010000010.1_37445323_37853017_0	0.9758169520732127 1K
NA12718 HG00741#2#JAHALX010000013.1_51574319_51981226_0$HG01099.verkko_filt_mat.fa:haplotype1_0000034_142513097_142920876_1	0.9758166649385932 1K
NA12718 HG02559#1#JAGYVK010000012.1_51505852_51913611_0$HG02559#2#JAGYVJ010000037.1_52167780_52574597_1	0.9758126395513160 1K
NA12718 HG005#1#JAHEPO010000002.1_51519219_51926067_0$HG03516#1#JAGYYT010000012.1_24170958_24578778_1	0.9758123881947126 1K
NA12718 HG01123#1#JAGYYZ010000015.1_51528240_51935090_0$HG03516#1#JAGYYT010000012.1_24170958_24578778_1	0.9758087490695925 1K
NA12718 HG02630#2#JAHAOP010000089.1_16669255_17076135_0$HG03927.verkko_filt_mat.fa:haplotype1_0000009_134765170_135173010_1	0.9758006977630357 1K
NA12718 HG03492#1#JAHEPI010000180.1_2103395_2543326_1$HG002.verkko_filt_mat.fa:haplotype1_0000005_138228497_138636354_1	0.9757951359403749 1K
NA12718 HG02886#2#JAHAOT010000031.1_87393_401061_0$HG02486#1#JAGYVM010000007.1_28868414_29370339_1	0.9757940096082756 1K
NA12718 AV_HG01361#haplotype1#0000023:101593539_102001341$HG02630#2#JAHAOP010000089.1_16669255_17076135_0	0.9757832464231652 1K
NA12718 HG00621#2#JAHBCC010000031.1_16669999_17077865_0$HG01109#2#JAHEOZ010000047.1_16671232_17151375_0	0.9757808354286494 1K
NA12718 HG01123#1#JAGYYZ010000015.1_51528240_51935090_0$HG03516#2#JAGYYS010000004.1_24452130_24859892_1	0.9757724555951454 1K
NA12718 HG01109#1#JAHEPA010000099.1_2104245_2511104_1$HG02145#2#JAHKSF010000206.1_1005292_1413195_1	0.9757696363337127 1K
NA12718 AV_HG01175#haplotype1#0000070:46006269_46414083$NA20129#2#JAHEPD010000155.1_90039_569275_0	0.9757688678938943 1K
NA12718 NA19240#2#JAHEOL010000010.1_37445323_37853017_0$HG02300.verkko_filt_mat.fa:haplotype1_0000028_144052837_144460586_1	0.9757673143378773 1K
NA12718 chr1_hg38_103456064_103863972_0$HG01109#2#JAHEOZ010000047.1_16671232_17151375_0	0.9757362365042002 1K
NA12718 chr1_hg19_103998686_104406594_0$HG01109#2#JAHEOZ010000047.1_16671232_17151375_0	0.9757362365042002 1K
NA12718 HG03579#1#JAGYVU010000029.1_91404_499180_0$HG02717#2#JAHAOR010000006.1_19663827_20070693_1	0.9757341573339741 1K
NA12718 HG02818#2#JAHEOR010000010.1_31775319_32183091_1$HG02559#2#JAGYVJ010000037.1_52167780_52574597_1	0.9757341205268734 1K
NA12718 HG00741#2#JAHALX010000013.1_51574319_51981226_0$NA19240#2#JAHEOL010000010.1_37445323_37853017_0	0.9757291809535812 1K
NA12718 AV_HG01361#haplotype1#0000023:101593539_102001341$HG01123#1#JAGYYZ010000015.1_51528240_51935090_0	0.9757236971635947 1K
NA12718 AV_HG00673#haplotype2#0001165:24014011_24421797$HG005#1#JAHEPO010000002.1_51519219_51926067_0	0.9757207949013803 1K
NA12718 HG02717#2#JAHAOR010000006.1_19663827_20070693_1$NA19240#2#JAHEOL010000010.1_37445323_37853017_0	0.9757206577186633 1K
NA12718 HG00438#1#JAHBCB010000015.1_33474867_33954171_0$HG02071.verkko_filt_mat.fa:haplotype1_0000041_103610513_104018399_0	0.9757124310662808 1K
NA12718 HG02559#1#JAGYVK010000012.1_51505852_51913611_0$HG01123#1#JAGYYZ010000015.1_51528240_51935090_0	0.9757111884510241 1K
NA12718 AV_HG01175#haplotype1#0000070:46006269_46414083$HG02622#2#JAHAON010000012.1_51551779_52031001_0	0.9756817975438223 1K
NA12718 AV_HG01175#haplotype1#0000070:46006269_46414083$HG002.verkko_filt_pat.fa:haplotype2_0000649_147937390_148315979_1	0.9756800131933456 1K
NA12718 AV_HG00673#haplotype2#0001165:24014011_24421797$HG01123#1#JAGYYZ010000015.1_51528240_51935090_0	0.9756775409767074 1K
NA12718 HG01123#1#JAGYYZ010000015.1_51528240_51935090_0$NA19240#1#JAHEOM010000047.1_30103390_30511199_1	0.9756676003694814 1K
NA12718 HG03486#1#JAHEOQ010000123.1_16677696_17085575_0$HG03492#1#JAHEPI010000180.1_2103395_2543326_1	0.9756667988622797 1K
NA12718 HG03492#2#JAHEPH010000288.1_2098270_2432686_1$HG01109#2#JAHEOZ010000047.1_16671232_17151375_0	0.9756557644670693 1K
NA12718 HG02559#2#JAGYVJ010000037.1_52167780_52574597_1$NA19240#1#JAHEOM010000047.1_30103390_30511199_1	0.9756470047097796 1K
NA12718 chr1_hg19_103998686_104406594_0$HG00438#1#JAHBCB010000015.1_33474867_33954171_0	0.9756453500312214 1K
NA12718 HG00438#1#JAHBCB010000015.1_33474867_33954171_0$chr1_hg38_103456064_103863972_0	0.9756453500312214 1K
NA12718 HG02080#1#JAHEOW010000048.1_16689583_17097287_0$HG01099.verkko_filt_mat.fa:haplotype1_0000034_142513097_142920876_1	0.9756435329340845 1K
NA12718 HG03516#1#JAGYYT010000012.1_24170958_24578778_1$HG02717#2#JAHAOR010000006.1_19663827_20070693_1	0.9756406005822357 1K
NA12718 HG03492#2#JAHEPH010000288.1_2098270_2432686_1$HG04228.verkko_filt_mat.fa:haplotype1_0000023_103429213_103930285_0	0.9756387583444439 1K
NA12718 HG02080#1#JAHEOW010000048.1_16689583_17097287_0$HG02300.verkko_filt_mat.fa:haplotype1_0000028_144052837_144460586_1	0.9756371931846413 1K
NA12718 HG02886#2#JAHAOT010000031.1_87393_401061_0$HG03927.verkko_filt_pat.fa:haplotype2_0000800_29002142_29504057_1	0.9756370114712641 1K
NA12718 HG00741#2#JAHALX010000013.1_51574319_51981226_0$HG03516#2#JAGYYS010000004.1_24452130_24859892_1	0.9756367540336853 1K
NA12718 HG02630#2#JAHAOP010000089.1_16669255_17076135_0$HG03516#1#JAGYYT010000012.1_24170958_24578778_1	0.9756364190172907 1K
NA12718 HG01243#1#JAHEOY010000013.1_90081_424495_0$HG01109#2#JAHEOZ010000047.1_16671232_17151375_0	0.9756318009416443 1K
NA12718 HG02818#2#JAHEOR010000010.1_31775319_32183091_1$HG00741#2#JAHALX010000013.1_51574319_51981226_0	0.9756282214251488 1K
NA12718 HG03486#1#JAHEOQ010000123.1_16677696_17085575_0$NA20129#2#JAHEPD010000155.1_90039_569275_0	0.9756031672125191 1K
NA12718 AV_HG01361#haplotype1#0000023:101593539_102001341$NA19240#2#JAHEOL010000010.1_37445323_37853017_0	0.9756004101442693 1K
NA12718 AV_HG00673#haplotype2#0001165:24014011_24421797$HG02630#2#JAHAOP010000089.1_16669255_17076135_0	0.9756000532902103 1K
NA12718 AV_HG00673#haplotype2#0001165:24014011_24421797$HG02717#2#JAHAOR010000006.1_19663827_20070693_1	0.9755891820165236 1K
NA12718 HG01109#2#JAHEOZ010000047.1_16671232_17151375_0$HG02300.verkko_filt_pat.fa:haplotype2_0000620_143362344_143769323_1	0.9755884699426257 1K
NA12718 chr1_hg19_103998686_104406594_0$HG03492#1#JAHEPI010000180.1_2103395_2543326_1	0.9755861486060141 1K
NA12718 HG03492#1#JAHEPI010000180.1_2103395_2543326_1$chr1_hg38_103456064_103863972_0	0.9755861486060141 1K
NA12718 AV_HG01361#haplotype1#0000023:101593539_102001341$HG03516#1#JAGYYT010000012.1_24170958_24578778_1	0.9755770728334749 1K
NA12718 AV_HG00673#haplotype2#0001165:24014011_24421797$HG02300.verkko_filt_mat.fa:haplotype1_0000028_144052837_144460586_1	0.9755631322707965 1K
NA12718 HG01258#2#JAGYYU010000072.1_51562603_51970395_0$HG03927.verkko_filt_mat.fa:haplotype1_0000009_134765170_135173010_1	0.9755450052746408 1K
NA12718 HG01243#1#JAHEOY010000013.1_90081_424495_0$HG04228.verkko_filt_mat.fa:haplotype1_0000023_103429213_103930285_0	0.9755420206149620 1K
NA12718 AV_HG02148#haplotype2#0002863:16304803_16712699$HG00438#1#JAHBCB010000015.1_33474867_33954171_0	0.9755415681055130 1K
NA12718 NA20129#2#JAHEPD010000155.1_90039_569275_0$HG002.verkko_filt_mat.fa:haplotype1_0000005_138228497_138636354_1	0.9755397663702907 1K
NA12718 HG01891#1#JAGYVO010000014.1_22855818_23168577_1$HG03927.verkko_filt_pat.fa:haplotype2_0000800_29002142_29504057_1	0.9755369679861632 1K
NA12718 HG01123#1#JAGYYZ010000015.1_51528240_51935090_0$HG03579#1#JAGYVU010000029.1_91404_499180_0	0.9755317530388053 1K
NA12718 HG00621#1#JAHBCD010000034.1_2122997_2624098_1$HG03492#2#JAHEPH010000288.1_2098270_2432686_1	0.9755309345831648 1K
NA12718 HG03486#1#JAHEOQ010000123.1_16677696_17085575_0$HG02622#2#JAHAON010000012.1_51551779_52031001_0	0.9755160324421773 1K
NA12718 HG01109#2#JAHEOZ010000047.1_16671232_17151375_0$HG005#2#JAHEPN010000023.1_51542210_51950070_0	0.9755151944532208 1K
NA12718 HG02559#1#JAGYVK010000012.1_51505852_51913611_0$HG00741#2#JAHALX010000013.1_51574319_51981226_0	0.9755115217327561 1K
NA12718 HG00621#2#JAHBCC010000031.1_16669999_17077865_0$HG00438#1#JAHBCB010000015.1_33474867_33954171_0	0.9754848456940234 1K
NA12718 AV_HG01361#haplotype1#0000023:101593539_102001341$HG00741#2#JAHALX010000013.1_51574319_51981226_0	0.9754738120666776 1K
NA12718 NA20129#2#JAHEPD010000155.1_90039_569275_0$HG02071.verkko_filt_mat.fa:haplotype1_0000041_103610513_104018399_0	0.9754686650607632 1K
NA12718 HG01109#2#JAHEOZ010000047.1_16671232_17151375_0$HG01978#2#JAGYVR010000007.1_51532241_51939176_0	0.9754638594886278 1K
NA12718 HG02622#2#JAHAON010000012.1_51551779_52031001_0$HG002.verkko_filt_mat.fa:haplotype1_0000005_138228497_138636354_1	0.9754589278589900 1K
NA12718 HG005#1#JAHEPO010000002.1_51519219_51926067_0$HG03927.verkko_filt_mat.fa:haplotype1_0000009_134765170_135173010_1	0.9754540296819826 1K
NA12718 HG03492#1#JAHEPI010000180.1_2103395_2543326_1$HG02071.verkko_filt_mat.fa:haplotype1_0000041_103610513_104018399_0	0.9754493079350136 1K
NA12718 HG00621#2#JAHBCC010000031.1_16669999_17077865_0$HG03492#1#JAHEPI010000180.1_2103395_2543326_1	0.9754474880489991 1K
NA12718 HG01109#2#JAHEOZ010000047.1_16671232_17151375_0$HG02004.verkko_filt_mat.fa:haplotype1_0000022_97828542_98235483_0	0.9754465352658912 1K
NA12718 AV_HG01361#haplotype1#0000023:101593539_102001341$HG02080#1#JAHEOW010000048.1_16689583_17097287_0	0.9754458790608936 1K
NA12718 HG00438#1#JAHBCB010000015.1_33474867_33954171_0$HG00733#1#JAHEPQ010000019.1_46106835_46420495_0	0.9754418067091403 1K
NA12718 HG00621#1#JAHBCD010000034.1_2122997_2624098_1$HG01243#1#JAHEOY010000013.1_90081_424495_0	0.9754410091133460 1K
NA12718 HG02647.verkko_filt_pat.fa:haplotype2_0000857_103738150_104051769_0$HG01099.verkko_filt_pat.fa:haplotype2_0000583_143544270_144046196_1	0.9754339959035868 1K
NA12718 AV_HG02257#haplotype2#0001152:102843493_103251377$HG02109#1#JAHEPG010000026.1_16673035_17080816_0	0.9754277672652285 1K
NA12718 HG03579#2#JAGYVT010000094.1_51581892_51895531_0$HG01099.verkko_filt_pat.fa:haplotype2_0000583_143544270_144046196_1	0.9754202553505532 1K
NA12718 HG02109#2#JAHEPF010000078.1_16678387_16991144_0$HG03927.verkko_filt_pat.fa:haplotype2_0000800_29002142_29504057_1	0.9754129253241868 1K
NA12718 HG02080#1#JAHEOW010000048.1_16689583_17097287_0$NA19240#2#JAHEOL010000010.1_37445323_37853017_0	0.9754105585511239 1K
NA12718 AV_HG02257#haplotype2#0001152:102843493_103251377$HG01109#1#JAHEPA010000099.1_2104245_2511104_1	0.9754082356671456 1K
NA12718 AV_HG00673#haplotype2#0001165:24014011_24421797$HG01099.verkko_filt_mat.fa:haplotype1_0000034_142513097_142920876_1	0.9754079944866282 1K
NA12718 HG02717#2#JAHAOR010000006.1_19663827_20070693_1$HG03927.verkko_filt_mat.fa:haplotype1_0000009_134765170_135173010_1	0.9754028187761141 1K
NA12718 AV_HG02148#haplotype2#0002863:16304803_16712699$HG03492#1#JAHEPI010000180.1_2103395_2543326_1	0.9753892583426943 1K
NA12718 HG01928#1#JAGYVQ010000053.1_16676493_17083407_0$HG01109#2#JAHEOZ010000047.1_16671232_17151375_0	0.9753862319740783 1K
NA12718 HG00438#1#JAHBCB010000015.1_33474867_33954171_0$HG005#2#JAHEPN010000023.1_51542210_51950070_0	0.9753859317476281 1K
NA12718 AV_HG01361#haplotype1#0000023:101593539_102001341$HG02300.verkko_filt_mat.fa:haplotype1_0000028_144052837_144460586_1	0.9753828926944303 1K
NA12718 HG02486#1#JAGYVM010000007.1_28868414_29370339_1$HG04228.verkko_filt_pat.fa:haplotype2_0000600_103806749_104119491_0	0.9753793794685964 1K
NA12718 HG02622#2#JAHAON010000012.1_51551779_52031001_0$HG02071.verkko_filt_mat.fa:haplotype1_0000041_103610513_104018399_0	0.9753691119487801 1K
NA12718 HG02109#1#JAHEPG010000026.1_16673035_17080816_0$NA18906#1#JAHEOO010000054.1_2103477_2510435_1	0.9753571925178877 1K
NA12718 HG00621#2#JAHBCC010000031.1_16669999_17077865_0$NA20129#2#JAHEPD010000155.1_90039_569275_0	0.9753525522901199 1K
NA12718 HG03486#1#JAHEOQ010000123.1_16677696_17085575_0$HG03486#2#JAHEOP010000248.1_2105565_2584784_1	0.9753519038825987 1K
NA12718 AV_HG02148#haplotype2#0002863:16304803_16712699$NA20129#2#JAHEPD010000155.1_90039_569275_0	0.9753467558497063 1K
NA12718 HG03540#1#JAGYVY010000208.1_95187_596142_0$HG02647.verkko_filt_pat.fa:haplotype2_0000857_103738150_104051769_0	0.9753367100437372 1K
NA12718 HG00741#2#JAHALX010000013.1_51574319_51981226_0$HG03579#1#JAGYVU010000029.1_91404_499180_0	0.9753322056738828 1K
NA12718 HG03486#2#JAHEOP010000248.1_2105565_2584784_1$HG002.verkko_filt_mat.fa:haplotype1_0000005_138228497_138636354_1	0.9753182932732580 1K
NA12718 NA20129#2#JAHEPD010000155.1_90039_569275_0$HG00438#2#JAHBCA010000012.1_51513023_51826723_0	0.9753130499734836 1K
NA12718 HG03579#2#JAGYVT010000094.1_51581892_51895531_0$HG03540#1#JAGYVY010000208.1_95187_596142_0	0.9753068537325245 1K
NA12718 AV_HG01361#haplotype2#0001322:101872897_102186552$HG03927.verkko_filt_pat.fa:haplotype2_0000800_29002142_29504057_1	0.9752917721248557 1K
NA12718 HG03516#1#JAGYYT010000012.1_24170958_24578778_1$HG00741#2#JAHALX010000013.1_51574319_51981226_0	0.9752886066305443 1K
NA12718 HG00438#1#JAHBCB010000015.1_33474867_33954171_0$HG03453#2#JAGYVV010000088.1_22597550_23005370_1	0.9752868388471055 1K
NA12718 HG03486#2#JAHEOP010000248.1_2105565_2584784_1$HG02071.verkko_filt_mat.fa:haplotype1_0000041_103610513_104018399_0	0.9752721848400321 1K
NA12718 AV_HG02148#haplotype2#0002863:16304803_16712699$HG02622#2#JAHAON010000012.1_51551779_52031001_0	0.9752657821652518 1K
NA12718 HG02145#2#JAHKSF010000206.1_1005292_1413195_1$HG02109#1#JAHEPG010000026.1_16673035_17080816_0	0.9752653353261780 1K
NA12718 HG00438#1#JAHBCB010000015.1_33474867_33954171_0$HG00438#2#JAHBCA010000012.1_51513023_51826723_0	0.9752651297837238 1K
NA12718 HG03516#1#JAGYYT010000012.1_24170958_24578778_1$NA19240#2#JAHEOL010000010.1_37445323_37853017_0	0.9752627123601729 1K
NA12718 HG03492#1#JAHEPI010000180.1_2103395_2543326_1$HG02300.verkko_filt_pat.fa:haplotype2_0000620_143362344_143769323_1	0.9752600408230446 1K
NA12718 HG00621#2#JAHBCC010000031.1_16669999_17077865_0$HG02622#2#JAHAON010000012.1_51551779_52031001_0	0.9752591805721841 1K
NA12718 HG02717#1#JAHAOS010000015.1_16660311_17067250_0$HG02109#1#JAHEPG010000026.1_16673035_17080816_0	0.9752534998272991 1K
NA12718 HG01123#1#JAGYYZ010000015.1_51528240_51935090_0$HG03927.verkko_filt_mat.fa:haplotype1_0000009_134765170_135173010_1	0.9752489934863643 1K
NA12718 NA20129#2#JAHEPD010000155.1_90039_569275_0$chr1_hg38_103456064_103863972_0	0.9752458661499053 1K
NA12718 NA20129#2#JAHEPD010000155.1_90039_569275_0$chr1_hg19_103998686_104406594_0	0.9752458661499053 1K
NA12718 HG02818#2#JAHEOR010000010.1_31775319_32183091_1$HG02486#2#JAGYVL010000029.1_94163344_94570162_0	0.9752453070856310 1K
NA12718 AV_HG01361#haplotype1#0000023:101593539_102001341$HG01099.verkko_filt_mat.fa:haplotype1_0000034_142513097_142920876_1	0.9752358465202282 1K
NA12718 AV_HG00673#haplotype2#0001165:24014011_24421797$HG00741#2#JAHALX010000013.1_51574319_51981226_0	0.9752345483597875 1K
NA12718 HG01891#1#JAGYVO010000014.1_22855818_23168577_1$HG01099.verkko_filt_pat.fa:haplotype2_0000583_143544270_144046196_1	0.9752328961580053 1K
NA12718 AV_HG00673#haplotype2#0001165:24014011_24421797$NA19240#2#JAHEOL010000010.1_37445323_37853017_0	0.9752322333414540 1K
NA12718 HG02559#1#JAGYVK010000012.1_51505852_51913611_0$HG02486#2#JAGYVL010000029.1_94163344_94570162_0	0.9752265806695791 1K
NA12718 HG01099.verkko_filt_mat.fa:haplotype1_0000034_142513097_142920876_1$HG02300.verkko_filt_mat.fa:haplotype1_0000028_144052837_144460586_1	0.9752171413538329 1K
NA12718 NA19240#1#JAHEOM010000047.1_30103390_30511199_1$HG02486#2#JAGYVL010000029.1_94163344_94570162_0	0.9752146639552711 1K
NA12718 HG03492#1#JAHEPI010000180.1_2103395_2543326_1$HG005#2#JAHEPN010000023.1_51542210_51950070_0	0.9752065579794320 1K
NA12718 HG01109#1#JAHEPA010000099.1_2104245_2511104_1$NA18906#1#JAHEOO010000054.1_2103477_2510435_1	0.9751967414706670 1K
NA12718 HG03453#2#JAGYVV010000088.1_22597550_23005370_1$HG01109#2#JAHEOZ010000047.1_16671232_17151375_0	0.9751813669093482 1K
NA12718 HG002.verkko_filt_mat.fa:haplotype1_0000005_138228497_138636354_1$HG002.verkko_filt_pat.fa:haplotype2_0000649_147937390_148315979_1	0.9751740889165051 1K
NA12718 AV_HG00673#haplotype2#0001165:24014011_24421797$HG03516#1#JAGYYT010000012.1_24170958_24578778_1	0.9751702004694497 1K
NA12718 HG02630#1#JAHAOQ010000102.1_16672145_17079089_0$HG02109#1#JAHEPG010000026.1_16673035_17080816_0	0.9751463851407809 1K
NA12718 chr1_hg19_103998686_104406594_0$HG02622#2#JAHAON010000012.1_51551779_52031001_0	0.9751462524222606 1K
NA12718 HG02622#2#JAHAON010000012.1_51551779_52031001_0$chr1_hg38_103456064_103863972_0	0.9751462524222606 1K
NA12718 HG03492#1#JAHEPI010000180.1_2103395_2543326_1$HG01978#2#JAGYVR010000007.1_51532241_51939176_0	0.9751436799284637 1K
NA12718 HG02818#2#JAHEOR010000010.1_31775319_32183091_1$HG03579#1#JAGYVU010000029.1_91404_499180_0	0.9751431385514197 1K
NA12718 HG00741#2#JAHALX010000013.1_51574319_51981226_0$NA19240#1#JAHEOM010000047.1_30103390_30511199_1	0.9751393997752912 1K
NA12718 chr1_hg38_103456064_103863972_0$HG03486#2#JAHEOP010000248.1_2105565_2584784_1	0.9751368661096235 1K
NA12718 chr1_hg19_103998686_104406594_0$HG03486#2#JAHEOP010000248.1_2105565_2584784_1	0.9751368661096235 1K
NA12718 HG01109#1#JAHEPA010000099.1_2104245_2511104_1$HG02630#1#JAHAOQ010000102.1_16672145_17079089_0	0.9751325644301083 1K
NA12718 HG03516#2#JAGYYS010000004.1_24452130_24859892_1$HG02486#2#JAGYVL010000029.1_94163344_94570162_0	0.9751264584368776 1K
NA12718 HG03098#2#JAHEPL010000003.1_93803759_94117426_0$HG02486#1#JAGYVM010000007.1_28868414_29370339_1	0.9751102539715606 1K
NA12718 HG03486#1#JAHEOQ010000123.1_16677696_17085575_0$HG002.verkko_filt_pat.fa:haplotype2_0000649_147937390_148315979_1	0.9751047868810223 1K
NA12718 HG00621#2#JAHBCC010000031.1_16669999_17077865_0$HG03486#2#JAHEOP010000248.1_2105565_2584784_1	0.9751009816768352 1K
NA12718 HG01928#1#JAGYVQ010000053.1_16676493_17083407_0$HG00438#1#JAHBCB010000015.1_33474867_33954171_0	0.9750956303261267 1K
NA12718 HG02109#1#JAHEPG010000026.1_16673035_17080816_0$HG02818#1#JAHEOS010000101.1_89626_496613_0	0.9750899572695227 1K
NA12718 HG00438#1#JAHBCB010000015.1_33474867_33954171_0$HG02004.verkko_filt_mat.fa:haplotype1_0000022_97828542_98235483_0	0.9750877938097279 1K
NA12718 HG03098#2#JAHEPL010000003.1_93803759_94117426_0$HG01099.verkko_filt_pat.fa:haplotype2_0000583_143544270_144046196_1	0.9750871699166429 1K
NA12718 HG02818#2#JAHEOR010000010.1_31775319_32183091_1$HG02886#1#JAHAOU010000178.1_62411_469262_0	0.9750804012794221 1K
NA12718 HG02622#2#JAHAON010000012.1_51551779_52031001_0$HG00438#2#JAHBCA010000012.1_51513023_51826723_0	0.9750747378547105 1K
NA12718 HG01109#1#JAHEPA010000099.1_2104245_2511104_1$HG02717#1#JAHAOS010000015.1_16660311_17067250_0	0.9750699285627097 1K
NA12718 HG02818#2#JAHEOR010000010.1_31775319_32183091_1$HG03516#2#JAGYYS010000004.1_24452130_24859892_1	0.9750694919372398 1K
NA12718 NA20129#2#JAHEPD010000155.1_90039_569275_0$HG005#2#JAHEPN010000023.1_51542210_51950070_0	0.9750663673860250 1K
NA12718 HG02559#1#JAGYVK010000012.1_51505852_51913611_0$HG02886#1#JAHAOU010000178.1_62411_469262_0	0.9750613584831569 1K
NA12718 NA18906#2#JAHEON010000009.1_93748295_94249275_0$HG03710.verkko_filt_mat.fa:haplotype1_0000029_102593394_102907063_0	0.9750542809170144 1K
NA12718 HG02818#2#JAHEOR010000010.1_31775319_32183091_1$HG02559#1#JAGYVK010000012.1_51505852_51913611_0	0.9750497682675521 1K
NA12718 HG00438#1#JAHBCB010000015.1_33474867_33954171_0$HG01978#2#JAGYVR010000007.1_51532241_51939176_0	0.9750495962105943 1K
NA12718 chr1_hg38_103456064_103863972_0$HG002.verkko_filt_pat.fa:haplotype2_0000649_147937390_148315979_1	0.9750408081935802 1K
NA12718 chr1_hg19_103998686_104406594_0$HG002.verkko_filt_pat.fa:haplotype2_0000649_147937390_148315979_1	0.9750408081935802 1K
NA12718 AV_HG02148#haplotype2#0002863:16304803_16712699$HG03486#2#JAHEOP010000248.1_2105565_2584784_1	0.9750342125990072 1K
NA12718 HG02886#1#JAHAOU010000178.1_62411_469262_0$NA19240#1#JAHEOM010000047.1_30103390_30511199_1	0.9750254999437942 1K
NA12718 NA19240#1#JAHEOM010000047.1_30103390_30511199_1$HG03516#2#JAGYYS010000004.1_24452130_24859892_1	0.9750224091996055 1K
NA12718 HG03492#1#JAHEPI010000180.1_2103395_2543326_1$HG02004.verkko_filt_mat.fa:haplotype1_0000022_97828542_98235483_0	0.9750134875547467 1K
NA12718 HG02109#1#JAHEPG010000026.1_16673035_17080816_0$HG02622#1#JAHAOO010000002.1_16673678_17080663_0	0.9749903908047161 1K
NA12718 HG02818#2#JAHEOR010000010.1_31775319_32183091_1$HG02630#2#JAHAOP010000089.1_16669255_17076135_0	0.9749881016487387 1K
NA12718 HG01109#1#JAHEPA010000099.1_2104245_2511104_1$HG02818#1#JAHEOS010000101.1_89626_496613_0	0.9749834284811499 1K
NA12718 HG03540#1#JAGYVY010000208.1_95187_596142_0$HG01891#1#JAGYVO010000014.1_22855818_23168577_1	0.9749824930152570 1K
NA12718 HG02109#2#JAHEPF010000078.1_16678387_16991144_0$HG01099.verkko_filt_pat.fa:haplotype2_0000583_143544270_144046196_1	0.9749800328557235 1K
NA12718 HG02886#1#JAHAOU010000178.1_62411_469262_0$HG03516#2#JAGYYS010000004.1_24452130_24859892_1	0.9749773499203149 1K
NA12718 HG02622#2#JAHAON010000012.1_51551779_52031001_0$HG005#2#JAHEPN010000023.1_51542210_51950070_0	0.9749666209210758 1K
NA12718 HG00438#1#JAHBCB010000015.1_33474867_33954171_0$HG02300.verkko_filt_pat.fa:haplotype2_0000620_143362344_143769323_1	0.9749572062146822 1K
NA12718 HG02630#2#JAHAOP010000089.1_16669255_17076135_0$HG03516#2#JAGYYS010000004.1_24452130_24859892_1	0.9749551291190272 1K
NA12718 HG02818#2#JAHEOR010000010.1_31775319_32183091_1$NA19240#1#JAHEOM010000047.1_30103390_30511199_1	0.9749527416664588 1K
NA12718 HG01928#1#JAGYVQ010000053.1_16676493_17083407_0$HG03492#1#JAHEPI010000180.1_2103395_2543326_1	0.9749416180938291 1K
NA12718 AV_HG00673#haplotype2#0001165:24014011_24421797$HG02080#1#JAHEOW010000048.1_16689583_17097287_0	0.9749399563363452 1K
NA12718 NA20129#2#JAHEPD010000155.1_90039_569275_0$HG03453#2#JAGYVV010000088.1_22597550_23005370_1	0.9749359507733955 1K
NA12718 HG02559#1#JAGYVK010000012.1_51505852_51913611_0$HG03516#2#JAGYYS010000004.1_24452130_24859892_1	0.9749197132514774 1K
NA12718 HG03098#2#JAHEPL010000003.1_93803759_94117426_0$HG03540#1#JAGYVY010000208.1_95187_596142_0	0.9749178228816381 1K
NA12718 HG00741#2#JAHALX010000013.1_51574319_51981226_0$HG03927.verkko_filt_mat.fa:haplotype1_0000009_134765170_135173010_1	0.9748994180272695 1K
NA12718 AV_HG00673#haplotype2#0001165:24014011_24421797$AV_HG01361#haplotype1#0000023:101593539_102001341	0.9748958896425690 1K
NA12718 HG02071.verkko_filt_mat.fa:haplotype1_0000041_103610513_104018399_0$HG002.verkko_filt_pat.fa:haplotype2_0000649_147937390_148315979_1	0.9748913850091563 1K
NA12718 HG02559#2#JAGYVJ010000037.1_52167780_52574597_1$HG01099.verkko_filt_mat.fa:haplotype1_0000034_142513097_142920876_1	0.9748912567808824 1K
NA12718 HG02486#2#JAGYVL010000029.1_94163344_94570162_0$HG03579#1#JAGYVU010000029.1_91404_499180_0	0.9748772260709315 1K
NA12718 HG03486#2#JAHEOP010000248.1_2105565_2584784_1$HG005#2#JAHEPN010000023.1_51542210_51950070_0	0.9748728205349207 1K
NA12718 HG02886#2#JAHAOT010000031.1_87393_401061_0$NA18906#2#JAHEON010000009.1_93748295_94249275_0	0.9748722281928087 1K
NA12718 HG01109#2#JAHEOZ010000047.1_16671232_17151375_0$HG00733#1#JAHEPQ010000019.1_46106835_46420495_0	0.9748546815081653 1K
NA12718 AV_HG01106#haplotype2#0000932:16673968_17175925$AV_HG01175#haplotype1#0000070:46006269_46414083	0.9748434829298700 1K
NA12718 HG02622#2#JAHAON010000012.1_51551779_52031001_0$HG03453#2#JAGYVV010000088.1_22597550_23005370_1	0.9748423669676074 1K
NA12718 AV_HG01361#haplotype1#0000023:101593539_102001341$HG02559#2#JAGYVJ010000037.1_52167780_52574597_1	0.9748390358753867 1K
NA12718 HG02559#1#JAGYVK010000012.1_51505852_51913611_0$HG02630#2#JAHAOP010000089.1_16669255_17076135_0	0.9748305029141976 1K
NA12718 HG02559#1#JAGYVK010000012.1_51505852_51913611_0$HG03579#1#JAGYVU010000029.1_91404_499180_0	0.9748249353064159 1K
NA12718 NA20129#2#JAHEPD010000155.1_90039_569275_0$HG00733#1#JAHEPQ010000019.1_46106835_46420495_0	0.9748238993469259 1K
NA12718 NA19240#1#JAHEOM010000047.1_30103390_30511199_1$HG03579#1#JAGYVU010000029.1_91404_499180_0	0.9748155579541242 1K
NA12718 HG03098#2#JAHEPL010000003.1_93803759_94117426_0$NA18906#2#JAHEON010000009.1_93748295_94249275_0	0.9748094496205018 1K
NA12718 HG02886#1#JAHAOU010000178.1_62411_469262_0$HG03579#1#JAGYVU010000029.1_91404_499180_0	0.9748090490043021 1K
NA12718 HG02559#2#JAGYVJ010000037.1_52167780_52574597_1$HG02300.verkko_filt_mat.fa:haplotype1_0000028_144052837_144460586_1	0.9748040516478046 1K
NA12718 HG02559#1#JAGYVK010000012.1_51505852_51913611_0$NA19240#1#JAHEOM010000047.1_30103390_30511199_1	0.9748024235692565 1K
NA12718 HG00621#2#JAHBCC010000031.1_16669999_17077865_0$HG002.verkko_filt_pat.fa:haplotype2_0000649_147937390_148315979_1	0.9747984140535005 1K
NA12718 NA20129#2#JAHEPD010000155.1_90039_569275_0$HG02300.verkko_filt_pat.fa:haplotype2_0000620_143362344_143769323_1	0.9747746631841124 1K
NA12718 AV_HG01361#haplotype2#0001322:101872897_102186552$NA18906#2#JAHEON010000009.1_93748295_94249275_0	0.9747743318484774 1K
NA12718 AV_HG02148#haplotype2#0002863:16304803_16712699$HG002.verkko_filt_pat.fa:haplotype2_0000649_147937390_148315979_1	0.9747716791506379 1K
NA12718 HG03486#2#JAHEOP010000248.1_2105565_2584784_1$HG00733#1#JAHEPQ010000019.1_46106835_46420495_0	0.9747582093665774 1K
NA12718 HG03516#2#JAGYYS010000004.1_24452130_24859892_1$HG03579#1#JAGYVU010000029.1_91404_499180_0	0.9747565635875305 1K
NA12718 HG02630#2#JAHAOP010000089.1_16669255_17076135_0$NA19240#1#JAHEOM010000047.1_30103390_30511199_1	0.9747485015412869 1K
NA12718 AV_HG01106#haplotype2#0000932:16673968_17175925$HG002.verkko_filt_mat.fa:haplotype1_0000005_138228497_138636354_1	0.9747484471806926 1K
NA12718 HG01109#1#JAHEPA010000099.1_2104245_2511104_1$HG02622#1#JAHAOO010000002.1_16673678_17080663_0	0.9747450379868663 1K
NA12718 NA20129#2#JAHEPD010000155.1_90039_569275_0$HG02004.verkko_filt_mat.fa:haplotype1_0000022_97828542_98235483_0	0.9747304369864254 1K
NA12718 AV_HG01175#haplotype1#0000070:46006269_46414083$HG01978#1#JAGYVS010000002.1_51519970_52021951_0	0.9747298347048470 1K
NA12718 HG00438#2#JAHBCA010000012.1_51513023_51826723_0$HG01109#2#JAHEOZ010000047.1_16671232_17151375_0	0.9747181846758847 1K
NA12718 NA20129#2#JAHEPD010000155.1_90039_569275_0$HG01978#2#JAGYVR010000007.1_51532241_51939176_0	0.9746863626732525 1K
NA12718 HG02630#2#JAHAOP010000089.1_16669255_17076135_0$HG03579#1#JAGYVU010000029.1_91404_499180_0	0.9746833584983736 1K
NA12718 HG005#2#JAHEPN010000023.1_51542210_51950070_0$HG002.verkko_filt_pat.fa:haplotype2_0000649_147937390_148315979_1	0.9746752252699563 1K
NA12718 HG02622#2#JAHAON010000012.1_51551779_52031001_0$HG02300.verkko_filt_pat.fa:haplotype2_0000620_143362344_143769323_1	0.9746749546242587 1K
NA12718 HG03540#1#JAGYVY010000208.1_95187_596142_0$HG02109#2#JAHEPF010000078.1_16678387_16991144_0	0.9746653761233693 1K
NA12718 HG02622#2#JAHAON010000012.1_51551779_52031001_0$HG02004.verkko_filt_mat.fa:haplotype1_0000022_97828542_98235483_0	0.9746616561086828 1K
NA12718 HG03492#1#JAHEPI010000180.1_2103395_2543326_1$HG03453#2#JAGYVV010000088.1_22597550_23005370_1	0.9746529433880314 1K
NA12718 HG01928#1#JAGYVQ010000053.1_16676493_17083407_0$NA20129#2#JAHEPD010000155.1_90039_569275_0	0.9746513817625159 1K
NA12718 AV_HG01106#haplotype2#0000932:16673968_17175925$HG03486#1#JAHEOQ010000123.1_16677696_17085575_0	0.9746389835294772 1K
NA12718 HG00438#2#JAHBCA010000012.1_51513023_51826723_0$HG03486#2#JAHEOP010000248.1_2105565_2584784_1	0.9746115977650971 1K
NA12718 HG02622#2#JAHAON010000012.1_51551779_52031001_0$HG01978#2#JAGYVR010000007.1_51532241_51939176_0	0.9746052196696682 1K
NA12718 HG02559#2#JAGYVJ010000037.1_52167780_52574597_1$NA19240#2#JAHEOL010000010.1_37445323_37853017_0	0.9746018813510712 1K
NA12718 AV_HG02257#haplotype2#0001152:102843493_103251377$HG01258#2#JAGYYU010000072.1_51562603_51970395_0	0.9745950536835947 1K
NA12718 HG02622#2#JAHAON010000012.1_51551779_52031001_0$HG00733#1#JAHEPQ010000019.1_46106835_46420495_0	0.9745854735197722 1K
NA12718 HG02080#1#JAHEOW010000048.1_16689583_17097287_0$HG02559#2#JAGYVJ010000037.1_52167780_52574597_1	0.9745841559778592 1K
NA12718 HG01928#1#JAGYVQ010000053.1_16676493_17083407_0$HG02622#2#JAHAON010000012.1_51551779_52031001_0	0.9745763647740846 1K
NA12718 HG03486#2#JAHEOP010000248.1_2105565_2584784_1$HG02300.verkko_filt_pat.fa:haplotype2_0000620_143362344_143769323_1	0.9745549376290112 1K
NA12718 HG03453#2#JAGYVV010000088.1_22597550_23005370_1$HG03486#2#JAHEOP010000248.1_2105565_2584784_1	0.9745515178445656 1K
NA12718 HG02559#2#JAGYVJ010000037.1_52167780_52574597_1$HG03516#1#JAGYYT010000012.1_24170958_24578778_1	0.9745393260498123 1K
NA12718 HG02717#1#JAHAOS010000015.1_16660311_17067250_0$HG01258#2#JAGYYU010000072.1_51562603_51970395_0	0.9745312000708551 1K
NA12718 NA18906#1#JAHEOO010000054.1_2103477_2510435_1$HG01258#2#JAGYYU010000072.1_51562603_51970395_0	0.9745291797402567 1K
NA12718 HG02145#2#JAHKSF010000206.1_1005292_1413195_1$HG01258#2#JAGYYU010000072.1_51562603_51970395_0	0.9745218602186971 1K
NA12718 AV_HG00673#haplotype2#0001165:24014011_24421797$HG02559#2#JAGYVJ010000037.1_52167780_52574597_1	0.9744941531114685 1K
NA12718 HG01109#1#JAHEPA010000099.1_2104245_2511104_1$HG02809.verkko_filt_pat.fa:haplotype2_0001251_103421111_103827972_0	0.9744932590394301 1K
NA12718 HG02145#2#JAHKSF010000206.1_1005292_1413195_1$HG02809.verkko_filt_pat.fa:haplotype2_0001251_103421111_103827972_0	0.9744926045392476 1K
NA12718 AV_HG01106#haplotype2#0000932:16673968_17175925$HG02071.verkko_filt_mat.fa:haplotype1_0000041_103610513_104018399_0	0.9744869266211799 1K
NA12718 AV_HG01175#haplotype1#0000070:46006269_46414083$HG02293.verkko_filt_pat.fa:haplotype2_0000836_148310532_148812524_1	0.9744774566503800 1K
NA12718 HG01123#2#JAGYYY010000006.1_51579630_51892388_0$NA18906#2#JAHEON010000009.1_93748295_94249275_0	0.9744619299696007 1K
NA12718 AV_HG01175#haplotype1#0000070:46006269_46414083$HG03453#1#JAGYVW010000157.1_2105722_2585000_1	0.9744525727065124 1K
NA12718 HG01109#1#JAHEPA010000099.1_2104245_2511104_1$HG02486#2#JAGYVL010000029.1_94163344_94570162_0	0.9744490768653379 1K
NA12718 HG03486#2#JAHEOP010000248.1_2105565_2584784_1$HG02004.verkko_filt_mat.fa:haplotype1_0000022_97828542_98235483_0	0.9744392956169341 1K
NA12718 HG03486#2#JAHEOP010000248.1_2105565_2584784_1$HG01978#2#JAGYVR010000007.1_51532241_51939176_0	0.9744250004511191 1K
NA12718 HG01928#1#JAGYVQ010000053.1_16676493_17083407_0$HG03486#2#JAHEOP010000248.1_2105565_2584784_1	0.9744160803834577 1K
NA12718 HG02630#1#JAHAOQ010000102.1_16672145_17079089_0$HG01258#2#JAGYYU010000072.1_51562603_51970395_0	0.9743921355872529 1K
NA12718 HG005#1#JAHEPO010000002.1_51519219_51926067_0$HG02145#2#JAHKSF010000206.1_1005292_1413195_1	0.9743745923142548 1K
NA12718 AV_HG02257#haplotype2#0001152:102843493_103251377$HG02809.verkko_filt_pat.fa:haplotype2_0001251_103421111_103827972_0	0.9743559372857896 1K
NA12718 AV_HG00673#haplotype1#0000019:16627360_17129375$AV_HG01175#haplotype1#0000070:46006269_46414083	0.9743557706271762 1K
NA12718 HG01109#1#JAHEPA010000099.1_2104245_2511104_1$HG02886#1#JAHAOU010000178.1_62411_469262_0	0.9743492365778937 1K
NA12718 AV_HG01106#haplotype2#0000932:16673968_17175925$chr1_hg38_103456064_103863972_0	0.9743380306105314 1K
NA12718 AV_HG01106#haplotype2#0000932:16673968_17175925$chr1_hg19_103998686_104406594_0	0.9743380306105314 1K
NA12718 AV_HG02257#haplotype2#0001152:102843493_103251377$HG005#1#JAHEPO010000002.1_51519219_51926067_0	0.9743350130860635 1K
NA12718 HG01978#2#JAGYVR010000007.1_51532241_51939176_0$HG002.verkko_filt_pat.fa:haplotype2_0000649_147937390_148315979_1	0.9743250253044952 1K
NA12718 HG02723#1#JAHEOU010000204.1_2102082_2414876_1$HG02486#1#JAGYVM010000007.1_28868414_29370339_1	0.9743186736314957 1K
NA12718 HG03453#1#JAGYVW010000157.1_2105722_2585000_1$chr1_hg38_103456064_103863972_0	0.9743134914655980 1K
NA12718 HG03453#1#JAGYVW010000157.1_2105722_2585000_1$chr1_hg19_103998686_104406594_0	0.9743134914655980 1K
NA12718 HG01978#1#JAGYVS010000002.1_51519970_52021951_0$HG002.verkko_filt_mat.fa:haplotype1_0000005_138228497_138636354_1	0.9743029958270734 1K
NA12718 AV_HG01175#haplotype1#0000070:46006269_46414083$HG02080#2#JAHEOV010000017.1_16662177_17164189_0	0.9742865186338165 1K
NA12718 HG02004.verkko_filt_mat.fa:haplotype1_0000022_97828542_98235483_0$HG002.verkko_filt_pat.fa:haplotype2_0000649_147937390_148315979_1	0.9742828989629182 1K
NA12718 HG03453#1#JAGYVW010000157.1_2105722_2585000_1$HG002.verkko_filt_mat.fa:haplotype1_0000005_138228497_138636354_1	0.9742782800300400 1K
NA12718 AV_HG01106#haplotype2#0000932:16673968_17175925$HG005#2#JAHEPN010000023.1_51542210_51950070_0	0.9742756087627651 1K
NA12718 AV_HG01106#haplotype2#0000932:16673968_17175925$HG00621#2#JAHBCC010000031.1_16669999_17077865_0	0.9742692312072593 1K
NA12718 HG03453#2#JAGYVV010000088.1_22597550_23005370_1$HG002.verkko_filt_pat.fa:haplotype2_0000649_147937390_148315979_1	0.9742665554143894 1K
NA12718 HG02622#1#JAHAOO010000002.1_16673678_17080663_0$HG01258#2#JAGYYU010000072.1_51562603_51970395_0	0.9742430517644599 1K
NA12718 HG03486#1#JAHEOQ010000123.1_16677696_17085575_0$HG01978#1#JAGYVS010000002.1_51519970_52021951_0	0.9742374322064398 1K
NA12718 HG01109#1#JAHEPA010000099.1_2104245_2511104_1$HG01258#2#JAGYYU010000072.1_51562603_51970395_0	0.9742237572081942 1K
NA12718 HG01258#2#JAGYYU010000072.1_51562603_51970395_0$HG02818#1#JAHEOS010000101.1_89626_496613_0	0.9742179150586249 1K
NA12718 HG01978#1#JAGYVS010000002.1_51519970_52021951_0$HG02071.verkko_filt_mat.fa:haplotype1_0000041_103610513_104018399_0	0.9742155648660255 1K
NA12718 HG01928#1#JAGYVQ010000053.1_16676493_17083407_0$HG002.verkko_filt_pat.fa:haplotype2_0000649_147937390_148315979_1	0.9742019354118667 1K
NA12718 AV_HG01106#haplotype2#0000932:16673968_17175925$HG01928#1#JAGYVQ010000053.1_16676493_17083407_0	0.9741733081634112 1K
NA12718 AV_HG02148#haplotype2#0002863:16304803_16712699$HG01978#1#JAGYVS010000002.1_51519970_52021951_0	0.9741614251196563 1K
NA12718 AV_HG02257#haplotype2#0001152:102843493_103251377$HG02486#2#JAGYVL010000029.1_94163344_94570162_0	0.9741442979401058 1K
NA12718 HG02300.verkko_filt_pat.fa:haplotype2_0000620_143362344_143769323_1$HG002.verkko_filt_pat.fa:haplotype2_0000649_147937390_148315979_1	0.9741348916227582 1K
NA12718 AV_HG02257#haplotype2#0001152:102843493_103251377$HG01123#1#JAGYYZ010000015.1_51528240_51935090_0	0.9741297564814456 1K
NA12718 HG02145#2#JAHKSF010000206.1_1005292_1413195_1$HG01123#1#JAGYYZ010000015.1_51528240_51935090_0	0.9741290544920047 1K
NA12718 HG03486#1#JAHEOQ010000123.1_16677696_17085575_0$HG03453#1#JAGYVW010000157.1_2105722_2585000_1	0.9741274300408165 1K
NA12718 AV_HG01106#haplotype2#0000932:16673968_17175925$HG02004.verkko_filt_mat.fa:haplotype1_0000022_97828542_98235483_0	0.9741270413855578 1K
NA12718 AV_HG02257#haplotype2#0001152:102843493_103251377$HG02717#2#JAHAOR010000006.1_19663827_20070693_1	0.9741227186878585 1K
NA12718 AV_HG01106#haplotype2#0000932:16673968_17175925$HG01978#2#JAGYVR010000007.1_51532241_51939176_0	0.9741166733578160 1K
NA12718 HG02109#1#JAHEPG010000026.1_16673035_17080816_0$HG02486#2#JAGYVL010000029.1_94163344_94570162_0	0.9741118693752369 1K
NA12718 HG02145#2#JAHKSF010000206.1_1005292_1413195_1$HG02486#2#JAGYVL010000029.1_94163344_94570162_0	0.9741031698797390 1K
NA12718 AV_HG01175#haplotype1#0000070:46006269_46414083$HG02071.verkko_filt_pat.fa:haplotype2_0000736_102745972_103248026_0	0.9741015142875197 1K
NA12718 HG01123#2#JAGYYY010000006.1_51579630_51892388_0$HG01109#2#JAHEOZ010000047.1_16671232_17151375_0	0.9740957272616343 1K
NA12718 HG02109#1#JAHEPG010000026.1_16673035_17080816_0$HG01258#2#JAGYYU010000072.1_51562603_51970395_0	0.9740885596416862 1K
NA12718 AV_HG01175#haplotype1#0000070:46006269_46414083$HG04228.verkko_filt_mat.fa:haplotype1_0000023_103429213_103930285_0	0.9740841286938973 1K
NA12718 HG005#1#JAHEPO010000002.1_51519219_51926067_0$HG02109#1#JAHEPG010000026.1_16673035_17080816_0	0.9740778478362292 1K
NA12718 HG03453#1#JAGYVW010000157.1_2105722_2585000_1$HG005#2#JAHEPN010000023.1_51542210_51950070_0	0.9740752109850448 1K
NA12718 HG02145#2#JAHKSF010000206.1_1005292_1413195_1$HG02717#2#JAHAOR010000006.1_19663827_20070693_1	0.9740736923795469 1K
NA12718 AV_HG01106#haplotype2#0000932:16673968_17175925$HG03453#2#JAGYVV010000088.1_22597550_23005370_1	0.9740674611051447 1K
NA12718 AV_HG01106#haplotype2#0000932:16673968_17175925$AV_HG02148#haplotype2#0002863:16304803_16712699	0.9740580255500180 1K
NA12718 chr1_hg19_103998686_104406594_0$HG01978#1#JAGYVS010000002.1_51519970_52021951_0	0.9740558108140311 1K
NA12718 HG01978#1#JAGYVS010000002.1_51519970_52021951_0$chr1_hg38_103456064_103863972_0	0.9740558108140311 1K
NA12718 AV_HG01175#haplotype1#0000070:46006269_46414083$HG00621#1#JAHBCD010000034.1_2122997_2624098_1	0.9740238012206068 1K
NA12718 NA18906#1#JAHEOO010000054.1_2103477_2510435_1$HG02809.verkko_filt_pat.fa:haplotype2_0001251_103421111_103827972_0	0.9740002505243891 1K
NA12718 HG00621#2#JAHBCC010000031.1_16669999_17077865_0$HG01978#1#JAGYVS010000002.1_51519970_52021951_0	0.9739925311153170 1K
NA12718 HG005#1#JAHEPO010000002.1_51519219_51926067_0$NA18906#1#JAHEOO010000054.1_2103477_2510435_1	0.9739863461093067 1K
NA12718 AV_HG02257#haplotype2#0001152:102843493_103251377$HG02886#1#JAHAOU010000178.1_62411_469262_0	0.9739709414826175 1K
NA12718 HG01978#1#JAGYVS010000002.1_51519970_52021951_0$HG03453#2#JAGYVV010000088.1_22597550_23005370_1	0.9739699933317607 1K
NA12718 HG01123#1#JAGYYZ010000015.1_51528240_51935090_0$HG02109#1#JAHEPG010000026.1_16673035_17080816_0	0.9739610526037631 1K
NA12718 HG00621#2#JAHBCC010000031.1_16669999_17077865_0$HG03453#1#JAGYVW010000157.1_2105722_2585000_1	0.9739563442041665 1K
NA12718 HG03453#1#JAGYVW010000157.1_2105722_2585000_1$HG02071.verkko_filt_mat.fa:haplotype1_0000041_103610513_104018399_0	0.9739415469467368 1K
NA12718 HG01978#1#JAGYVS010000002.1_51519970_52021951_0$HG02300.verkko_filt_pat.fa:haplotype2_0000620_143362344_143769323_1	0.9739409332846728 1K
NA12718 HG01123#2#JAGYYY010000006.1_51579630_51892388_0$HG00438#1#JAHBCB010000015.1_33474867_33954171_0	0.9739354930098558 1K
NA12718 AV_HG02257#haplotype2#0001152:102843493_103251377$HG00741#2#JAHALX010000013.1_51574319_51981226_0	0.9739313726756206 1K
NA12718 HG02109#1#JAHEPG010000026.1_16673035_17080816_0$HG02717#2#JAHAOR010000006.1_19663827_20070693_1	0.9739300011767620 1K
NA12718 HG02886#1#JAHAOU010000178.1_62411_469262_0$HG02109#1#JAHEPG010000026.1_16673035_17080816_0	0.9739224914325498 1K
NA12718 HG02559#2#JAGYVJ010000037.1_52167780_52574597_1$HG02145#2#JAHKSF010000206.1_1005292_1413195_1	0.9739220442423345 1K
NA12718 HG02717#1#JAHAOS010000015.1_16660311_17067250_0$HG02809.verkko_filt_pat.fa:haplotype2_0001251_103421111_103827972_0	0.9739212862817855 1K
NA12718 HG02145#2#JAHKSF010000206.1_1005292_1413195_1$HG02886#1#JAHAOU010000178.1_62411_469262_0	0.9739055946951409 1K
NA12718 AV_HG02148#haplotype2#0002863:16304803_16712699$HG02293.verkko_filt_pat.fa:haplotype2_0000836_148310532_148812524_1	0.9738948378790804 1K
NA12718 chr1_chm13_103304997_103901127_0$HG00733#1#JAHEPQ010000019.1_46106835_46420495_0	0.9738944195330085 1K
NA12718 HG02071.verkko_filt_mat.fa:haplotype1_0000041_103610513_104018399_0$HG02293.verkko_filt_pat.fa:haplotype2_0000836_148310532_148812524_1	0.9738937191216099 1K
NA12718 HG02145#2#JAHKSF010000206.1_1005292_1413195_1$HG00741#2#JAHALX010000013.1_51574319_51981226_0	0.9738904657863160 1K
NA12718 AV_HG01106#haplotype2#0000932:16673968_17175925$HG02300.verkko_filt_pat.fa:haplotype2_0000620_143362344_143769323_1	0.9738861496246791 1K
NA12718 AV_HG00673#haplotype1#0000019:16627360_17129375$HG002.verkko_filt_mat.fa:haplotype1_0000005_138228497_138636354_1	0.9738752757056434 1K
NA12718 HG02630#1#JAHAOQ010000102.1_16672145_17079089_0$HG02809.verkko_filt_pat.fa:haplotype2_0001251_103421111_103827972_0	0.9738709686311150 1K
NA12718 HG02559#2#JAGYVJ010000037.1_52167780_52574597_1$HG02109#1#JAHEPG010000026.1_16673035_17080816_0	0.9738422781913547 1K
NA12718 HG01109#1#JAHEPA010000099.1_2104245_2511104_1$HG02630#2#JAHAOP010000089.1_16669255_17076135_0	0.9738384217320405 1K
NA12718 HG02630#1#JAHAOQ010000102.1_16672145_17079089_0$HG005#1#JAHEPO010000002.1_51519219_51926067_0	0.9738252875376181 1K
NA12718 AV_HG02148#haplotype2#0002863:16304803_16712699$HG03453#1#JAGYVW010000157.1_2105722_2585000_1	0.9738162960224438 1K
NA12718 HG002.verkko_filt_mat.fa:haplotype1_0000005_138228497_138636354_1$HG02293.verkko_filt_pat.fa:haplotype2_0000836_148310532_148812524_1	0.9738077743135344 1K
NA12718 HG01109#1#JAHEPA010000099.1_2104245_2511104_1$HG02559#2#JAGYVJ010000037.1_52167780_52574597_1	0.9737972637630660 1K
NA12718 HG02622#1#JAHAOO010000002.1_16673678_17080663_0$HG02809.verkko_filt_pat.fa:haplotype2_0001251_103421111_103827972_0	0.9737921066168435 1K
NA12718 HG02717#1#JAHAOS010000015.1_16660311_17067250_0$HG005#1#JAHEPO010000002.1_51519219_51926067_0	0.9737867885545949 1K
NA12718 AV_HG02257#haplotype2#0001152:102843493_103251377$HG02559#2#JAGYVJ010000037.1_52167780_52574597_1	0.9737855602522908 1K
NA12718 HG03492#2#JAHEPH010000288.1_2098270_2432686_1$HG00438#1#JAHBCB010000015.1_33474867_33954171_0	0.9737818156125073 1K
NA12718 HG02818#1#JAHEOS010000101.1_89626_496613_0$HG02809.verkko_filt_pat.fa:haplotype2_0001251_103421111_103827972_0	0.9737762558793532 1K
NA12718 HG02080#2#JAHEOV010000017.1_16662177_17164189_0$HG002.verkko_filt_mat.fa:haplotype1_0000005_138228497_138636354_1	0.9737625111852346 1K
NA12718 HG01109#1#JAHEPA010000099.1_2104245_2511104_1$HG005#1#JAHEPO010000002.1_51519219_51926067_0	0.9737402923392818 1K
NA12718 AV_HG00673#haplotype1#0000019:16627360_17129375$HG02071.verkko_filt_mat.fa:haplotype1_0000041_103610513_104018399_0	0.9737339508237393 1K
NA12718 AV_HG00673#haplotype1#0000019:16627360_17129375$AV_HG02148#haplotype2#0002863:16304803_16712699	0.9737242025623059 1K
NA12718 HG01123#1#JAGYYZ010000015.1_51528240_51935090_0$NA18906#1#JAHEOO010000054.1_2103477_2510435_1	0.9737164538556098 1K
NA12718 HG04228.verkko_filt_mat.fa:haplotype1_0000023_103429213_103930285_0$HG002.verkko_filt_mat.fa:haplotype1_0000005_138228497_138636354_1	0.9737119963069213 1K
NA12718 HG00621#2#JAHBCC010000031.1_16669999_17077865_0$HG02293.verkko_filt_pat.fa:haplotype2_0000836_148310532_148812524_1	0.9737042933711155 1K
NA12718 HG02717#1#JAHAOS010000015.1_16660311_17067250_0$HG02717#2#JAHAOR010000006.1_19663827_20070693_1	0.9736952919374678 1K
NA12718 NA18906#1#JAHEOO010000054.1_2103477_2510435_1$HG00741#2#JAHALX010000013.1_51574319_51981226_0	0.9736944362832223 1K
NA12718 HG01978#1#JAGYVS010000002.1_51519970_52021951_0$HG02004.verkko_filt_mat.fa:haplotype1_0000022_97828542_98235483_0	0.9736931456645972 1K
NA12718 AV_HG01106#haplotype1#0000048:16666181_17262214$HG00733#1#JAHEPQ010000019.1_46106835_46420495_0	0.9736915568241838 1K
NA12718 HG01928#1#JAGYVQ010000053.1_16676493_17083407_0$HG01978#1#JAGYVS010000002.1_51519970_52021951_0	0.9736905091849685 1K
NA12718 AV_HG00673#haplotype1#0000019:16627360_17129375$HG00621#2#JAHBCC010000031.1_16669999_17077865_0	0.9736905036741990 1K
NA12718 HG03453#1#JAGYVW010000157.1_2105722_2585000_1$HG01978#2#JAGYVR010000007.1_51532241_51939176_0	0.9736891039669803 1K
NA12718 HG01978#1#JAGYVS010000002.1_51519970_52021951_0$HG005#2#JAHEPN010000023.1_51542210_51950070_0	0.9736843690265091 1K
NA12718 HG005#1#JAHEPO010000002.1_51519219_51926067_0$HG02818#1#JAHEOS010000101.1_89626_496613_0	0.9736842765238860 1K
NA12718 HG00438#1#JAHBCB010000015.1_33474867_33954171_0$HG01243#1#JAHEOY010000013.1_90081_424495_0	0.9736773991697155 1K
NA12718 AV_HG00673#haplotype1#0000019:16627360_17129375$HG03486#1#JAHEOQ010000123.1_16677696_17085575_0	0.9736706804098787 1K
NA12718 HG002.verkko_filt_mat.fa:haplotype1_0000005_138228497_138636354_1$HG02071.verkko_filt_pat.fa:haplotype2_0000736_102745972_103248026_0	0.9736592089119214 1K
NA12718 NA18906#1#JAHEOO010000054.1_2103477_2510435_1$HG02717#2#JAHAOR010000006.1_19663827_20070693_1	0.9736447407394397 1K
NA12718 AV_HG01106#haplotype2#0000932:16673968_17175925$HG02300.verkko_filt_mat.fa:haplotype1_0000028_144052837_144460586_1	0.9736409578460725 1K
NA12718 HG02630#2#JAHAOP010000089.1_16669255_17076135_0$HG02109#1#JAHEPG010000026.1_16673035_17080816_0	0.9736371637413862 1K
NA12718 HG03453#1#JAGYVW010000157.1_2105722_2585000_1$HG02004.verkko_filt_mat.fa:haplotype1_0000022_97828542_98235483_0	0.9736360040400337 1K
NA12718 AV_HG02148#haplotype2#0002863:16304803_16712699$HG02080#2#JAHEOV010000017.1_16662177_17164189_0	0.9736329148353130 1K
NA12718 chr1_hg38_103456064_103863972_0$HG02293.verkko_filt_pat.fa:haplotype2_0000836_148310532_148812524_1	0.9736316314775298 1K
NA12718 chr1_hg19_103998686_104406594_0$HG02293.verkko_filt_pat.fa:haplotype2_0000836_148310532_148812524_1	0.9736316314775298 1K
NA12718 HG005#1#JAHEPO010000002.1_51519219_51926067_0$HG02622#1#JAHAOO010000002.1_16673678_17080663_0	0.9736222373402595 1K
NA12718 HG00621#1#JAHBCD010000034.1_2122997_2624098_1$HG002.verkko_filt_mat.fa:haplotype1_0000005_138228497_138636354_1	0.9736135876947145 1K
NA12718 HG00621#2#JAHBCC010000031.1_16669999_17077865_0$HG02080#2#JAHEOV010000017.1_16662177_17164189_0	0.9736101174526761 1K
NA12718 AV_HG01106#haplotype2#0000932:16673968_17175925$HG03927.verkko_filt_mat.fa:haplotype1_0000009_134765170_135173010_1	0.9736080446642097 1K
NA12718 HG00438#2#JAHBCA010000012.1_51513023_51826723_0$chr1_chm13_103304997_103901127_0	0.9735970435965667 1K
NA12718 HG01978#1#JAGYVS010000002.1_51519970_52021951_0$HG01978#2#JAGYVR010000007.1_51532241_51939176_0	0.9735901933666367 1K
NA12718 HG03486#1#JAHEOQ010000123.1_16677696_17085575_0$HG02080#2#JAHEOV010000017.1_16662177_17164189_0	0.9735792916803749 1K
NA12718 NA18906#1#JAHEOO010000054.1_2103477_2510435_1$HG02486#2#JAGYVL010000029.1_94163344_94570162_0	0.9735782995589174 1K
NA12718 HG02080#2#JAHEOV010000017.1_16662177_17164189_0$HG02071.verkko_filt_mat.fa:haplotype1_0000041_103610513_104018399_0	0.9735777922099483 1K
NA12718 AV_HG01106#haplotype2#0000932:16673968_17175925$HG01099.verkko_filt_mat.fa:haplotype1_0000034_142513097_142920876_1	0.9735755084814808 1K
NA12718 AV_HG00673#haplotype1#0000019:16627360_17129375$HG02300.verkko_filt_pat.fa:haplotype2_0000620_143362344_143769323_1	0.9735726517231741 1K
NA12718 HG02630#1#JAHAOQ010000102.1_16672145_17079089_0$HG01123#1#JAGYYZ010000015.1_51528240_51935090_0	0.9735634629293816 1K
NA12718 HG02717#1#JAHAOS010000015.1_16660311_17067250_0$HG00741#2#JAHALX010000013.1_51574319_51981226_0	0.9735597412647836 1K
NA12718 HG02300.verkko_filt_pat.fa:haplotype2_0000620_143362344_143769323_1$HG02293.verkko_filt_pat.fa:haplotype2_0000836_148310532_148812524_1	0.9735537640685527 1K
NA12718 HG02622#1#JAHAOO010000002.1_16673678_17080663_0$HG02486#2#JAGYVL010000029.1_94163344_94570162_0	0.9735468470383808 1K
NA12718 AV_HG01106#haplotype2#0000932:16673968_17175925$HG02080#1#JAHEOW010000048.1_16689583_17097287_0	0.9735465830804436 1K
NA12718 HG02071.verkko_filt_mat.fa:haplotype1_0000041_103610513_104018399_0$HG02071.verkko_filt_pat.fa:haplotype2_0000736_102745972_103248026_0	0.9735451180511090 1K
NA12718 HG02559#2#JAGYVJ010000037.1_52167780_52574597_1$NA18906#1#JAHEOO010000054.1_2103477_2510435_1	0.9735421523960156 1K
NA12718 HG02109#1#JAHEPG010000026.1_16673035_17080816_0$HG00741#2#JAHALX010000013.1_51574319_51981226_0	0.9735385511787895 1K
NA12718 HG01109#1#JAHEPA010000099.1_2104245_2511104_1$HG02717#2#JAHAOR010000006.1_19663827_20070693_1	0.9735366788612414 1K
NA12718 HG02717#1#JAHAOS010000015.1_16660311_17067250_0$HG01123#1#JAGYYZ010000015.1_51528240_51935090_0	0.9735330285156207 1K
NA12718 HG00621#2#JAHBCC010000031.1_16669999_17077865_0$HG04228.verkko_filt_mat.fa:haplotype1_0000023_103429213_103930285_0	0.9735328279384929 1K
NA12718 HG02717#1#JAHAOS010000015.1_16660311_17067250_0$HG02486#2#JAGYVL010000029.1_94163344_94570162_0	0.9735316528874995 1K
NA12718 AV_HG01106#haplotype1#0000048:16666181_17262214$HG00438#2#JAHBCA010000012.1_51513023_51826723_0	0.9735228558591424 1K
NA12718 HG01109#1#JAHEPA010000099.1_2104245_2511104_1$HG01123#1#JAGYYZ010000015.1_51528240_51935090_0	0.9735188415491213 1K
NA12718 HG03486#1#JAHEOQ010000123.1_16677696_17085575_0$HG02293.verkko_filt_pat.fa:haplotype2_0000836_148310532_148812524_1	0.9735173774138883 1K
NA12718 AV_HG01106#haplotype2#0000932:16673968_17175925$NA19240#2#JAHEOL010000010.1_37445323_37853017_0	0.9735125062655549 1K
NA12718 HG00621#2#JAHBCC010000031.1_16669999_17077865_0$HG00621#1#JAHBCD010000034.1_2122997_2624098_1	0.9735099581034782 1K
NA12718 HG01978#1#JAGYVS010000002.1_51519970_52021951_0$HG02300.verkko_filt_mat.fa:haplotype1_0000028_144052837_144460586_1	0.9735052949078987 1K
NA12718 HG03453#1#JAGYVW010000157.1_2105722_2585000_1$HG01928#1#JAGYVQ010000053.1_16676493_17083407_0	0.9735016771898720 1K
NA12718 AV_HG00673#haplotype1#0000019:16627360_17129375$HG03453#2#JAGYVV010000088.1_22597550_23005370_1	0.9734958873275524 1K
NA12718 HG04228.verkko_filt_mat.fa:haplotype1_0000023_103429213_103930285_0$HG02071.verkko_filt_mat.fa:haplotype1_0000041_103610513_104018399_0	0.9734897046601150 1K
NA12718 HG03486#1#JAHEOQ010000123.1_16677696_17085575_0$HG04228.verkko_filt_mat.fa:haplotype1_0000023_103429213_103930285_0	0.9734863774971775 1K
NA12718 HG00621#1#JAHBCD010000034.1_2122997_2624098_1$HG02071.verkko_filt_mat.fa:haplotype1_0000041_103610513_104018399_0	0.9734830456393715 1K
NA12718 HG03453#2#JAGYVV010000088.1_22597550_23005370_1$HG02293.verkko_filt_pat.fa:haplotype2_0000836_148310532_148812524_1	0.9734830283957613 1K
NA12718 HG02080#2#JAHEOV010000017.1_16662177_17164189_0$HG02300.verkko_filt_pat.fa:haplotype2_0000620_143362344_143769323_1	0.9734815613926100 1K
NA12718 HG02630#1#JAHAOQ010000102.1_16672145_17079089_0$HG00741#2#JAHALX010000013.1_51574319_51981226_0	0.9734773754362643 1K
NA12718 AV_HG01106#haplotype2#0000932:16673968_17175925$HG03516#1#JAGYYT010000012.1_24170958_24578778_1	0.9734742751664148 1K
NA12718 HG00621#1#JAHBCD010000034.1_2122997_2624098_1$HG03486#1#JAHEOQ010000123.1_16677696_17085575_0	0.9734629737051675 1K
NA12718 HG01123#1#JAGYYZ010000015.1_51528240_51935090_0$HG02818#1#JAHEOS010000101.1_89626_496613_0	0.9734627708221022 1K
NA12718 HG01978#1#JAGYVS010000002.1_51519970_52021951_0$HG01099.verkko_filt_mat.fa:haplotype1_0000034_142513097_142920876_1	0.9734617276573109 1K
NA12718 HG02630#1#JAHAOQ010000102.1_16672145_17079089_0$HG02717#2#JAHAOR010000006.1_19663827_20070693_1	0.9734596341549809 1K
NA12718 HG01123#1#JAGYYZ010000015.1_51528240_51935090_0$HG02622#1#JAHAOO010000002.1_16673678_17080663_0	0.9734568692000350 1K
NA12718 HG02486#1#JAGYVM010000007.1_28868414_29370339_1$HG02647.verkko_filt_pat.fa:haplotype2_0000857_103738150_104051769_0	0.9734552225136337 1K
NA12718 HG02080#2#JAHEOV010000017.1_16662177_17164189_0$HG03453#2#JAGYVV010000088.1_22597550_23005370_1	0.9734530958805355 1K
NA12718 AV_HG01106#haplotype2#0000932:16673968_17175925$HG02559#1#JAGYVK010000012.1_51505852_51913611_0	0.9734522256262649 1K
NA12718 AV_HG02148#haplotype2#0002863:16304803_16712699$HG02071.verkko_filt_pat.fa:haplotype2_0000736_102745972_103248026_0	0.9734494446135210 1K
NA12718 AV_HG01106#haplotype2#0000932:16673968_17175925$HG03516#2#JAGYYS010000004.1_24452130_24859892_1	0.9734479871775384 1K
NA12718 HG02717#1#JAHAOS010000015.1_16660311_17067250_0$HG02886#1#JAHAOU010000178.1_62411_469262_0	0.9734471357089041 1K
NA12718 AV_HG01106#haplotype2#0000932:16673968_17175925$HG02818#2#JAHEOR010000010.1_31775319_32183091_1	0.9734468377698636 1K
NA12718 HG02080#1#JAHEOW010000048.1_16689583_17097287_0$HG01978#1#JAGYVS010000002.1_51519970_52021951_0	0.9734437452132130 1K
NA12718 HG02486#2#JAGYVL010000029.1_94163344_94570162_0$HG02818#1#JAHEOS010000101.1_89626_496613_0	0.9734428449610328 1K
NA12718 AV_HG00673#haplotype1#0000019:16627360_17129375$chr1_hg38_103456064_103863972_0	0.9734284937850681 1K
NA12718 AV_HG00673#haplotype1#0000019:16627360_17129375$chr1_hg19_103998686_104406594_0	0.9734284937850681 1K
NA12718 HG03579#2#JAGYVT010000094.1_51581892_51895531_0$HG02486#1#JAGYVM010000007.1_28868414_29370339_1	0.9734256524514503 1K
NA12718 AV_HG01106#haplotype2#0000932:16673968_17175925$NA19240#1#JAHEOM010000047.1_30103390_30511199_1	0.9734226257680504 1K
NA12718 HG00621#2#JAHBCC010000031.1_16669999_17077865_0$HG02071.verkko_filt_pat.fa:haplotype2_0000736_102745972_103248026_0	0.9734208093170593 1K
NA12718 HG02622#1#JAHAOO010000002.1_16673678_17080663_0$HG02717#2#JAHAOR010000006.1_19663827_20070693_1	0.9734183312701036 1K
NA12718 HG03486#1#JAHEOQ010000123.1_16677696_17085575_0$HG02071.verkko_filt_pat.fa:haplotype2_0000736_102745972_103248026_0	0.9734178964345563 1K
NA12718 HG01978#1#JAGYVS010000002.1_51519970_52021951_0$NA19240#2#JAHEOL010000010.1_37445323_37853017_0	0.9734151058611274 1K
NA12718 AV_HG01106#haplotype2#0000932:16673968_17175925$AV_HG01361#haplotype1#0000023:101593539_102001341	0.9734083112994352 1K
NA12718 HG02818#1#JAHEOS010000101.1_89626_496613_0$HG02717#2#JAHAOR010000006.1_19663827_20070693_1	0.9734077292516766 1K
NA12718 HG01978#1#JAGYVS010000002.1_51519970_52021951_0$HG03927.verkko_filt_mat.fa:haplotype1_0000009_134765170_135173010_1	0.9734016221722480 1K
NA12718 chr1_hg38_103456064_103863972_0$HG04228.verkko_filt_mat.fa:haplotype1_0000023_103429213_103930285_0	0.9734006850582181 1K
NA12718 chr1_hg19_103998686_104406594_0$HG04228.verkko_filt_mat.fa:haplotype1_0000023_103429213_103930285_0	0.9734006850582181 1K
NA12718 HG02886#1#JAHAOU010000178.1_62411_469262_0$NA18906#1#JAHEOO010000054.1_2103477_2510435_1	0.9733885121366715 1K
NA12718 HG02300.verkko_filt_pat.fa:haplotype2_0000620_143362344_143769323_1$HG02071.verkko_filt_pat.fa:haplotype2_0000736_102745972_103248026_0	0.9733780169136358 1K
NA12718 HG02145#2#JAHKSF010000206.1_1005292_1413195_1$HG02630#2#JAHAOP010000089.1_16669255_17076135_0	0.9733706423441050 1K
NA12718 AV_HG02148#haplotype2#0002863:16304803_16712699$HG00621#1#JAHBCD010000034.1_2122997_2624098_1	0.9733596813996093 1K
NA12718 HG02886#1#JAHAOU010000178.1_62411_469262_0$HG02622#1#JAHAOO010000002.1_16673678_17080663_0	0.9733584138404490 1K
NA12718 AV_HG02148#haplotype2#0002863:16304803_16712699$HG04228.verkko_filt_mat.fa:haplotype1_0000023_103429213_103930285_0	0.9733560757792279 1K
NA12718 chr1_hg19_103998686_104406594_0$HG02080#2#JAHEOV010000017.1_16662177_17164189_0	0.9733533923626396 1K
NA12718 HG02080#2#JAHEOV010000017.1_16662177_17164189_0$chr1_hg38_103456064_103863972_0	0.9733533923626396 1K
NA12718 HG02630#1#JAHAOQ010000102.1_16672145_17079089_0$HG02486#2#JAGYVL010000029.1_94163344_94570162_0	0.9733518167163095 1K
NA12718 HG02717#1#JAHAOS010000015.1_16660311_17067250_0$HG02559#2#JAGYVJ010000037.1_52167780_52574597_1	0.9733502228625043 1K
NA12718 HG03453#1#JAGYVW010000157.1_2105722_2585000_1$HG03453#2#JAGYVV010000088.1_22597550_23005370_1	0.9733473799163973 1K
NA12718 chr1_chm13_103304997_103901127_0$HG02293.verkko_filt_mat.fa:haplotype1_0000039_30204405_30517145_1	0.9733467077907076 1K
NA12718 HG01978#1#JAGYVS010000002.1_51519970_52021951_0$HG03516#1#JAGYYT010000012.1_24170958_24578778_1	0.9733441202498287 1K
NA12718 HG01358#1#JAGYZB010000020.1_27445742_27855492_1$HG02300.verkko_filt_mat.fa:haplotype1_0000028_144052837_144460586_1	0.9733417437548725 1K
NA12718 HG01258#2#JAGYYU010000072.1_51562603_51970395_0$HG02809.verkko_filt_pat.fa:haplotype2_0001251_103421111_103827972_0	0.9733250949949909 1K
NA12718 HG03453#1#JAGYVW010000157.1_2105722_2585000_1$HG02300.verkko_filt_pat.fa:haplotype2_0000620_143362344_143769323_1	0.9733175865248778 1K
NA12718 AV_HG01175#haplotype1#0000070:46006269_46414083$HG01258#1#JAGYYV010000004.1_56955948_57456952_1	0.9733086730014491 1K
NA12718 HG02630#1#JAHAOQ010000102.1_16672145_17079089_0$HG02559#2#JAGYVJ010000037.1_52167780_52574597_1	0.9732918635032836 1K
NA12718 AV_HG01106#haplotype2#0000932:16673968_17175925$HG03579#1#JAGYVU010000029.1_91404_499180_0	0.9732858545928207 1K
NA12718 HG03453#2#JAGYVV010000088.1_22597550_23005370_1$HG02071.verkko_filt_pat.fa:haplotype2_0000736_102745972_103248026_0	0.9732540687752065 1K
NA12718 HG02886#1#JAHAOU010000178.1_62411_469262_0$HG02818#1#JAHEOS010000101.1_89626_496613_0	0.9732537670613794 1K
NA12718 AV_HG01361#haplotype1#0000023:101593539_102001341$HG01978#1#JAGYVS010000002.1_51519970_52021951_0	0.9732507526788322 1K
NA12718 HG00741#2#JAHALX010000013.1_51574319_51981226_0$HG02818#1#JAHEOS010000101.1_89626_496613_0	0.9732415688926694 1K
NA12718 HG005#2#JAHEPN010000023.1_51542210_51950070_0$HG02293.verkko_filt_pat.fa:haplotype2_0000836_148310532_148812524_1	0.9732257145307468 1K
NA12718 HG02300.verkko_filt_mat.fa:haplotype1_0000028_144052837_144460586_1$HG02293.verkko_filt_pat.fa:haplotype2_0000836_148310532_148812524_1	0.9732248052579737 1K
NA12718 HG02818#2#JAHEOR010000010.1_31775319_32183091_1$HG01978#1#JAGYVS010000002.1_51519970_52021951_0	0.9732185929032184 1K
NA12718 HG02559#2#JAGYVJ010000037.1_52167780_52574597_1$HG02818#1#JAHEOS010000101.1_89626_496613_0	0.9732144948384556 1K
NA12718 HG01109#2#JAHEOZ010000047.1_16671232_17151375_0$HG02293.verkko_filt_mat.fa:haplotype1_0000039_30204405_30517145_1	0.9732071572870883 1K
NA12718 HG00621#1#JAHBCD010000034.1_2122997_2624098_1$HG03453#2#JAGYVV010000088.1_22597550_23005370_1	0.9732070328099428 1K
NA12718 HG01978#1#JAGYVS010000002.1_51519970_52021951_0$HG03516#2#JAGYYS010000004.1_24452130_24859892_1	0.9731977150172104 1K
NA12718 HG01258#1#JAGYYV010000004.1_56955948_57456952_1$HG002.verkko_filt_mat.fa:haplotype1_0000005_138228497_138636354_1	0.9731971639344681 1K
NA12718 chr1_hg38_103456064_103863972_0$HG02071.verkko_filt_pat.fa:haplotype2_0000736_102745972_103248026_0	0.9731969324702647 1K
NA12718 chr1_hg19_103998686_104406594_0$HG02071.verkko_filt_pat.fa:haplotype2_0000736_102745972_103248026_0	0.9731969324702647 1K
NA12718 HG02559#1#JAGYVK010000012.1_51505852_51913611_0$HG01978#1#JAGYVS010000002.1_51519970_52021951_0	0.9731965588125715 1K
NA12718 AV_HG00673#haplotype1#0000019:16627360_17129375$HG02300.verkko_filt_mat.fa:haplotype1_0000028_144052837_144460586_1	0.9731961624506761 1K
NA12718 HG02080#1#JAHEOW010000048.1_16689583_17097287_0$HG02293.verkko_filt_pat.fa:haplotype2_0000836_148310532_148812524_1	0.9731904746728901 1K
NA12718 HG01358#1#JAGYZB010000020.1_27445742_27855492_1$NA19240#2#JAHEOL010000010.1_37445323_37853017_0	0.9731807675578515 1K
NA12718 HG01071#1#JAHBCF010000053.1_26607100_27108065_1$HG002.verkko_filt_mat.fa:haplotype1_0000005_138228497_138636354_1	0.9731737146394808 1K
NA12718 HG01978#1#JAGYVS010000002.1_51519970_52021951_0$NA19240#1#JAHEOM010000047.1_30103390_30511199_1	0.9731725564138400 1K
NA12718 HG01099.verkko_filt_mat.fa:haplotype1_0000034_142513097_142920876_1$HG02293.verkko_filt_pat.fa:haplotype2_0000836_148310532_148812524_1	0.9731706399130053 1K
NA12718 chr1_chm13_103304997_103901127_0$HG03710.verkko_filt_mat.fa:haplotype1_0000029_102593394_102907063_0	0.9731676310279024 1K
NA12718 HG02630#1#JAHAOQ010000102.1_16672145_17079089_0$HG02886#1#JAHAOU010000178.1_62411_469262_0	0.9731622481737823 1K
NA12718 HG03486#1#JAHEOQ010000123.1_16677696_17085575_0$HG01258#1#JAGYYV010000004.1_56955948_57456952_1	0.9731582515515019 1K
NA12718 NA18906#2#JAHEON010000009.1_93748295_94249275_0$HG04228.verkko_filt_pat.fa:haplotype2_0000600_103806749_104119491_0	0.9731563579093411 1K
NA12718 HG02080#1#JAHEOW010000048.1_16689583_17097287_0$HG01358#1#JAGYZB010000020.1_27445742_27855492_1	0.9731399173592106 1K
NA12718 AV_HG02257#haplotype2#0001152:102843493_103251377$HG02630#2#JAHAOP010000089.1_16669255_17076135_0	0.9731386677186040 1K
NA12718 HG01258#2#JAGYYU010000072.1_51562603_51970395_0$HG02486#2#JAGYVL010000029.1_94163344_94570162_0	0.9731276844750324 1K
NA12718 AV_HG01106#haplotype2#0000932:16673968_17175925$HG03098#1#JAHEPM010000059.1_16676208_17105596_0	0.9731267950479598 1K
NA12718 HG01358#1#JAGYZB010000020.1_27445742_27855492_1$HG01099.verkko_filt_mat.fa:haplotype1_0000034_142513097_142920876_1	0.9731256944656154 1K
NA12718 NA19240#2#JAHEOL010000010.1_37445323_37853017_0$HG02293.verkko_filt_pat.fa:haplotype2_0000836_148310532_148812524_1	0.9731256182586591 1K
NA12718 HG01978#1#JAGYVS010000002.1_51519970_52021951_0$HG03579#1#JAGYVU010000029.1_91404_499180_0	0.9731229228908563 1K
NA12718 AV_HG00673#haplotype1#0000019:16627360_17129375$HG01099.verkko_filt_mat.fa:haplotype1_0000034_142513097_142920876_1	0.9731201338592911 1K
NA12718 HG00621#1#JAHBCD010000034.1_2122997_2624098_1$chr1_hg38_103456064_103863972_0	0.9731179697738800 1K
NA12718 HG00621#1#JAHBCD010000034.1_2122997_2624098_1$chr1_hg19_103998686_104406594_0	0.9731179697738800 1K
NA12718 HG03453#2#JAGYVV010000088.1_22597550_23005370_1$HG04228.verkko_filt_mat.fa:haplotype1_0000023_103429213_103930285_0	0.9731174357979048 1K
NA12718 HG03453#1#JAGYVW010000157.1_2105722_2585000_1$HG00733#1#JAHEPQ010000019.1_46106835_46420495_0	0.9731157159970302 1K
NA12718 HG01978#2#JAGYVR010000007.1_51532241_51939176_0$HG02293.verkko_filt_pat.fa:haplotype2_0000836_148310532_148812524_1	0.9731141724330026 1K
NA12718 HG02886#2#JAHAOT010000031.1_87393_401061_0$chr1_chm13_103304997_103901127_0	0.9731036011801149 1K
NA12718 HG03486#1#JAHEOQ010000123.1_16677696_17085575_0$HG01071#1#JAHBCF010000053.1_26607100_27108065_1	0.9730918297283775 1K
NA12718 HG04228.verkko_filt_mat.fa:haplotype1_0000023_103429213_103930285_0$HG02300.verkko_filt_pat.fa:haplotype2_0000620_143362344_143769323_1	0.9730901511125116 1K
NA12718 HG02004.verkko_filt_mat.fa:haplotype1_0000022_97828542_98235483_0$HG02293.verkko_filt_pat.fa:haplotype2_0000836_148310532_148812524_1	0.9730830944294724 1K
NA12718 AV_HG00673#haplotype2#0001165:24014011_24421797$AV_HG01106#haplotype2#0000932:16673968_17175925	0.9730829034288847 1K
NA12718 AV_HG00673#haplotype1#0000019:16627360_17129375$HG02080#1#JAHEOW010000048.1_16689583_17097287_0	0.9730800717665175 1K
NA12718 HG01358#1#JAGYZB010000020.1_27445742_27855492_1$HG03927.verkko_filt_mat.fa:haplotype1_0000009_134765170_135173010_1	0.9730739873804143 1K
NA12718 HG00621#1#JAHBCD010000034.1_2122997_2624098_1$HG02300.verkko_filt_pat.fa:haplotype2_0000620_143362344_143769323_1	0.9730725420238573 1K
NA12718 HG02486#1#JAGYVM010000007.1_28868414_29370339_1$HG01891#1#JAGYVO010000014.1_22855818_23168577_1	0.9730690587133566 1K
NA12718 chr1_hg38_103456064_103863972_0$HG01258#1#JAGYYV010000004.1_56955948_57456952_1	0.9730639140255772 1K
NA12718 chr1_hg19_103998686_104406594_0$HG01258#1#JAGYYV010000004.1_56955948_57456952_1	0.9730639140255772 1K
NA12718 HG02080#2#JAHEOV010000017.1_16662177_17164189_0$HG02300.verkko_filt_mat.fa:haplotype1_0000028_144052837_144460586_1	0.9730622455867498 1K
NA12718 AV_HG00673#haplotype1#0000019:16627360_17129375$NA19240#2#JAHEOL010000010.1_37445323_37853017_0	0.9730531015697352 1K
NA12718 HG01109#1#JAHEPA010000099.1_2104245_2511104_1$HG00741#2#JAHALX010000013.1_51574319_51981226_0	0.9730465939235692 1K
NA12718 AV_HG01106#haplotype2#0000932:16673968_17175925$HG02647.verkko_filt_mat.fa:haplotype1_0000002_103892584_104321036_0	0.9730431479409923 1K
NA12718 HG01928#1#JAGYVQ010000053.1_16676493_17083407_0$HG02293.verkko_filt_pat.fa:haplotype2_0000836_148310532_148812524_1	0.9730317365568307 1K
NA12718 HG02559#2#JAGYVJ010000037.1_52167780_52574597_1$HG02622#1#JAHAOO010000002.1_16673678_17080663_0	0.9730309618198152 1K
NA12718 HG02886#1#JAHAOU010000178.1_62411_469262_0$HG01258#2#JAGYYU010000072.1_51562603_51970395_0	0.9730278907298318 1K
NA12718 AV_HG01106#haplotype2#0000932:16673968_17175925$HG01109#1#JAHEPA010000099.1_2104245_2511104_1	0.9730136623865663 1K
NA12718 HG005#2#JAHEPN010000023.1_51542210_51950070_0$HG04228.verkko_filt_mat.fa:haplotype1_0000023_103429213_103930285_0	0.9730058661799443 1K
NA12718 AV_HG01106#haplotype1#0000048:16666181_17262214$HG03710.verkko_filt_mat.fa:haplotype1_0000029_102593394_102907063_0	0.9730024582953005 1K
NA12718 HG02300.verkko_filt_mat.fa:haplotype1_0000028_144052837_144460586_1$HG02071.verkko_filt_pat.fa:haplotype2_0000736_102745972_103248026_0	0.9729982497058725 1K
NA12718 HG02622#1#JAHAOO010000002.1_16673678_17080663_0$HG00741#2#JAHALX010000013.1_51574319_51981226_0	0.9729976632293226 1K
NA12718 AV_HG01175#haplotype1#0000070:46006269_46414083$HG01071#1#JAHBCF010000053.1_26607100_27108065_1	0.9729974284125376 1K
NA12718 AV_HG00673#haplotype2#0001165:24014011_24421797$HG01978#1#JAGYVS010000002.1_51519970_52021951_0	0.9729963710764356 1K
NA12718 HG03927.verkko_filt_mat.fa:haplotype1_0000009_134765170_135173010_1$HG02293.verkko_filt_pat.fa:haplotype2_0000836_148310532_148812524_1	0.9729963684206759 1K
NA12718 HG02080#2#JAHEOV010000017.1_16662177_17164189_0$HG01099.verkko_filt_mat.fa:haplotype1_0000034_142513097_142920876_1	0.9729861681563756 1K
NA12718 AV_HG01106#haplotype1#0000048:16666181_17262214$HG02293.verkko_filt_mat.fa:haplotype1_0000039_30204405_30517145_1	0.9729859986530396 1K
NA12718 AV_HG01106#haplotype2#0000932:16673968_17175925$HG02109#1#JAHEPG010000026.1_16673035_17080816_0	0.9729810430013893 1K
NA12718 AV_HG00673#haplotype1#0000019:16627360_17129375$HG01928#1#JAGYVQ010000053.1_16676493_17083407_0	0.9729794927296377 1K
NA12718 HG04228.verkko_filt_mat.fa:haplotype1_0000023_103429213_103930285_0$HG02300.verkko_filt_mat.fa:haplotype1_0000028_144052837_144460586_1	0.9729763792987010 1K
NA12718 AV_HG00673#haplotype1#0000019:16627360_17129375$HG03927.verkko_filt_mat.fa:haplotype1_0000009_134765170_135173010_1	0.9729721437044344 1K
NA12718 AV_HG00673#haplotype1#0000019:16627360_17129375$HG01978#2#JAGYVR010000007.1_51532241_51939176_0	0.9729702967506390 1K
NA12718 HG03492#2#JAHEPH010000288.1_2098270_2432686_1$HG03486#2#JAHEOP010000248.1_2105565_2584784_1	0.9729698181174901 1K
NA12718 HG02080#1#JAHEOW010000048.1_16689583_17097287_0$HG02071.verkko_filt_pat.fa:haplotype2_0000736_102745972_103248026_0	0.9729693149146006 1K
NA12718 HG03486#2#JAHEOP010000248.1_2105565_2584784_1$HG01243#1#JAHEOY010000013.1_90081_424495_0	0.9729620979455536 1K
NA12718 AV_HG01106#haplotype2#0000932:16673968_17175925$HG02055#2#JAHEPJ010000017.1_24870122_25298560_1	0.9729588511843280 1K
NA12718 AV_HG01106#haplotype1#0000048:16666181_17262214$HG02886#2#JAHAOT010000031.1_87393_401061_0	0.9729554421308145 1K
NA12718 HG02559#2#JAGYVJ010000037.1_52167780_52574597_1$HG01258#2#JAGYYU010000072.1_51562603_51970395_0	0.9729496649298784 1K
NA12718 HG01099.verkko_filt_mat.fa:haplotype1_0000034_142513097_142920876_1$HG02071.verkko_filt_pat.fa:haplotype2_0000736_102745972_103248026_0	0.9729496126334667 1K
NA12718 HG02080#1#JAHEOW010000048.1_16689583_17097287_0$HG02080#2#JAHEOV010000017.1_16662177_17164189_0	0.9729461171833736 1K
NA12718 HG02109#1#JAHEPG010000026.1_16673035_17080816_0$HG02809.verkko_filt_pat.fa:haplotype2_0001251_103421111_103827972_0	0.9729460882936102 1K
NA12718 HG01928#1#JAGYVQ010000053.1_16676493_17083407_0$HG02080#2#JAHEOV010000017.1_16662177_17164189_0	0.9729417671878530 1K
NA12718 HG02080#2#JAHEOV010000017.1_16662177_17164189_0$HG02004.verkko_filt_mat.fa:haplotype1_0000022_97828542_98235483_0	0.9729391445240899 1K
NA12718 AV_HG01361#haplotype1#0000023:101593539_102001341$HG01358#1#JAGYZB010000020.1_27445742_27855492_1	0.9729377728175714 1K
NA12718 AV_HG01361#haplotype2#0001322:101872897_102186552$chr1_chm13_103304997_103901127_0	0.9729372682683421 1K
NA12718 chr1_hg19_103998686_104406594_0$HG01071#1#JAHBCF010000053.1_26607100_27108065_1	0.9729317086382518 1K
NA12718 HG01071#1#JAHBCF010000053.1_26607100_27108065_1$chr1_hg38_103456064_103863972_0	0.9729317086382518 1K
NA12718 HG01258#1#JAGYYV010000004.1_56955948_57456952_1$HG005#2#JAHEPN010000023.1_51542210_51950070_0	0.9729302547274442 1K
NA12718 AV_HG01361#haplotype1#0000023:101593539_102001341$HG02293.verkko_filt_pat.fa:haplotype2_0000836_148310532_148812524_1	0.9729276690242532 1K
NA12718 AV_HG01106#haplotype1#0000048:16666181_17262214$AV_HG01361#haplotype2#0001322:101872897_102186552	0.9729238335001044 1K
NA12718 AV_HG00673#haplotype1#0000019:16627360_17129375$HG02004.verkko_filt_mat.fa:haplotype1_0000022_97828542_98235483_0	0.9729229349765437 1K
NA12718 HG03516#1#JAGYYT010000012.1_24170958_24578778_1$HG01358#1#JAGYZB010000020.1_27445742_27855492_1	0.9729177641716203 1K
NA12718 HG04228.verkko_filt_mat.fa:haplotype1_0000023_103429213_103930285_0$HG01099.verkko_filt_mat.fa:haplotype1_0000034_142513097_142920876_1	0.9729168066453280 1K
NA12718 AV_HG00673#haplotype1#0000019:16627360_17129375$HG005#2#JAHEPN010000023.1_51542210_51950070_0	0.9729145238020995 1K
NA12718 HG02486#2#JAGYVL010000029.1_94163344_94570162_0$HG02809.verkko_filt_pat.fa:haplotype2_0001251_103421111_103827972_0	0.9729026587374132 1K
NA12718 HG02080#2#JAHEOV010000017.1_16662177_17164189_0$HG01978#2#JAGYVR010000007.1_51532241_51939176_0	0.9729002936017728 1K
NA12718 AV_HG00673#haplotype1#0000019:16627360_17129375$HG03516#2#JAGYYS010000004.1_24452130_24859892_1	0.9728969353912376 1K
NA12718 HG01109#1#JAHEPA010000099.1_2104245_2511104_1$HG01978#1#JAGYVS010000002.1_51519970_52021951_0	0.9728943568261490 1K
NA12718 HG02080#2#JAHEOV010000017.1_16662177_17164189_0$NA19240#2#JAHEOL010000010.1_37445323_37853017_0	0.9728863135225085 1K
NA12718 HG02630#1#JAHAOQ010000102.1_16672145_17079089_0$HG02630#2#JAHAOP010000089.1_16669255_17076135_0	0.9728844669419735 1K
NA12718 HG03516#2#JAGYYS010000004.1_24452130_24859892_1$HG02293.verkko_filt_pat.fa:haplotype2_0000836_148310532_148812524_1	0.9728827233504417 1K
NA12718 HG01258#1#JAGYYV010000004.1_56955948_57456952_1$HG02071.verkko_filt_mat.fa:haplotype1_0000041_103610513_104018399_0	0.9728807428564750 1K
NA12718 NA19240#2#JAHEOL010000010.1_37445323_37853017_0$HG02071.verkko_filt_pat.fa:haplotype2_0000736_102745972_103248026_0	0.9728778584116018 1K
NA12718 HG02630#2#JAHAOP010000089.1_16669255_17076135_0$NA18906#1#JAHEOO010000054.1_2103477_2510435_1	0.9728758997111658 1K
NA12718 HG02486#1#JAGYVM010000007.1_28868414_29370339_1$HG02109#2#JAHEPF010000078.1_16678387_16991144_0	0.9728732957440421 1K
NA12718 HG00438#1#JAHBCB010000015.1_33474867_33954171_0$HG02293.verkko_filt_mat.fa:haplotype1_0000039_30204405_30517145_1	0.9728678143668218 1K
NA12718 NA20129#2#JAHEPD010000155.1_90039_569275_0$HG02293.verkko_filt_mat.fa:haplotype1_0000039_30204405_30517145_1	0.9728648844693276 1K
NA12718 HG00621#1#JAHBCD010000034.1_2122997_2624098_1$HG02300.verkko_filt_mat.fa:haplotype1_0000028_144052837_144460586_1	0.9728635074209033 1K
NA12718 HG005#2#JAHEPN010000023.1_51542210_51950070_0$HG02071.verkko_filt_pat.fa:haplotype2_0000736_102745972_103248026_0	0.9728623326968820 1K
NA12718 AV_HG01106#haplotype2#0000932:16673968_17175925$HG02145#2#JAHKSF010000206.1_1005292_1413195_1	0.9728611940472529 1K
NA12718 HG02080#2#JAHEOV010000017.1_16662177_17164189_0$HG03927.verkko_filt_mat.fa:haplotype1_0000009_134765170_135173010_1	0.9728594189919585 1K
NA12718 AV_HG00673#haplotype1#0000019:16627360_17129375$AV_HG01361#haplotype1#0000023:101593539_102001341	0.9728552301785567 1K
NA12718 AV_HG01106#haplotype2#0000932:16673968_17175925$HG02809.verkko_filt_mat.fa:haplotype1_0000023_94161320_94589755_0	0.9728538640192924 1K
NA12718 HG02080#1#JAHEOW010000048.1_16689583_17097287_0$HG04228.verkko_filt_mat.fa:haplotype1_0000023_103429213_103930285_0	0.9728440101817044 1K
NA12718 HG03098#2#JAHEPL010000003.1_93803759_94117426_0$chr1_chm13_103304997_103901127_0	0.9728425363522989 1K
NA12718 HG01978#1#JAGYVS010000002.1_51519970_52021951_0$HG03098#1#JAHEPM010000059.1_16676208_17105596_0	0.9728417236228639 1K
NA12718 HG03516#1#JAGYYT010000012.1_24170958_24578778_1$HG02293.verkko_filt_pat.fa:haplotype2_0000836_148310532_148812524_1	0.9728409730620715 1K
NA12718 HG02080#2#JAHEOV010000017.1_16662177_17164189_0$HG005#2#JAHEPN010000023.1_51542210_51950070_0	0.9728388866730404 1K
NA12718 HG02559#1#JAGYVK010000012.1_51505852_51913611_0$HG02293.verkko_filt_pat.fa:haplotype2_0000836_148310532_148812524_1	0.9728387048037005 1K
NA12718 AV_HG00673#haplotype1#0000019:16627360_17129375$HG03579#1#JAGYVU010000029.1_91404_499180_0	0.9728333627902755 1K
NA12718 HG00621#1#JAHBCD010000034.1_2122997_2624098_1$HG01099.verkko_filt_mat.fa:haplotype1_0000034_142513097_142920876_1	0.9728310842064968 1K
NA12718 HG02818#2#JAHEOR010000010.1_31775319_32183091_1$HG02293.verkko_filt_pat.fa:haplotype2_0000836_148310532_148812524_1	0.9728297351715149 1K
NA12718 HG03579#1#JAGYVU010000029.1_91404_499180_0$HG02293.verkko_filt_pat.fa:haplotype2_0000836_148310532_148812524_1	0.9728246602489034 1K
NA12718 HG02080#1#JAHEOW010000048.1_16689583_17097287_0$HG00621#1#JAHBCD010000034.1_2122997_2624098_1	0.9728128206483412 1K
NA12718 AV_HG00673#haplotype1#0000019:16627360_17129375$HG02818#2#JAHEOR010000010.1_31775319_32183091_1	0.9728109140233033 1K
NA12718 AV_HG00673#haplotype1#0000019:16627360_17129375$HG02559#1#JAGYVK010000012.1_51505852_51913611_0	0.9728092933455059 1K
NA12718 HG01978#1#JAGYVS010000002.1_51519970_52021951_0$HG02647.verkko_filt_mat.fa:haplotype1_0000002_103892584_104321036_0	0.9728034066164980 1K
NA12718 HG02886#1#JAHAOU010000178.1_62411_469262_0$HG02809.verkko_filt_pat.fa:haplotype2_0001251_103421111_103827972_0	0.9728024633213552 1K
NA12718 AV_HG00673#haplotype1#0000019:16627360_17129375$HG03516#1#JAGYYT010000012.1_24170958_24578778_1	0.9728004294037449 1K
NA12718 HG02717#1#JAHAOS010000015.1_16660311_17067250_0$HG02630#2#JAHAOP010000089.1_16669255_17076135_0	0.9727979593466874 1K
NA12718 HG01071#1#JAHBCF010000053.1_26607100_27108065_1$HG02071.verkko_filt_mat.fa:haplotype1_0000041_103610513_104018399_0	0.9727925109537620 1K
NA12718 HG00621#1#JAHBCD010000034.1_2122997_2624098_1$NA19240#2#JAHEOL010000010.1_37445323_37853017_0	0.9727803790836780 1K
NA12718 HG03927.verkko_filt_mat.fa:haplotype1_0000009_134765170_135173010_1$HG02071.verkko_filt_pat.fa:haplotype2_0000736_102745972_103248026_0	0.9727768666402956 1K
NA12718 HG005#1#JAHEPO010000002.1_51519219_51926067_0$HG02809.verkko_filt_pat.fa:haplotype2_0001251_103421111_103827972_0	0.9727758071989621 1K
NA12718 HG02080#2#JAHEOV010000017.1_16662177_17164189_0$HG03516#2#JAGYYS010000004.1_24452130_24859892_1	0.9727735636680425 1K
NA12718 AV_HG01361#haplotype1#0000023:101593539_102001341$HG04228.verkko_filt_mat.fa:haplotype1_0000023_103429213_103930285_0	0.9727718514845097 1K
NA12718 HG01071#1#JAHBCF010000053.1_26607100_27108065_1$HG005#2#JAHEPN010000023.1_51542210_51950070_0	0.9727716867605911 1K
NA12718 HG00621#1#JAHBCD010000034.1_2122997_2624098_1$HG03927.verkko_filt_mat.fa:haplotype1_0000009_134765170_135173010_1	0.9727699425039114 1K
NA12718 AV_HG01106#haplotype1#0000048:16666181_17262214$HG03098#2#JAHEPL010000003.1_93803759_94117426_0	0.9727691518198468 1K
NA12718 HG02145#2#JAHKSF010000206.1_1005292_1413195_1$HG01978#1#JAGYVS010000002.1_51519970_52021951_0	0.9727637180436894 1K
NA12718 AV_HG00673#haplotype2#0001165:24014011_24421797$HG01358#1#JAGYZB010000020.1_27445742_27855492_1	0.9727597094982076 1K
NA12718 HG00621#2#JAHBCC010000031.1_16669999_17077865_0$HG01071#1#JAHBCF010000053.1_26607100_27108065_1	0.9727596607251485 1K
NA12718 HG01123#2#JAGYYY010000006.1_51579630_51892388_0$chr1_chm13_103304997_103901127_0	0.9727462684890864 1K
NA12718 HG01109#2#JAHEOZ010000047.1_16671232_17151375_0$HG04228.verkko_filt_pat.fa:haplotype2_0000600_103806749_104119491_0	0.9727320310026142 1K
NA12718 AV_HG01106#haplotype2#0000932:16673968_17175925$HG01258#2#JAGYYU010000072.1_51562603_51970395_0	0.9727318539232052 1K
NA12718 HG01123#1#JAGYYZ010000015.1_51528240_51935090_0$HG02809.verkko_filt_pat.fa:haplotype2_0001251_103421111_103827972_0	0.9727308158462714 1K
NA12718 HG02818#2#JAHEOR010000010.1_31775319_32183091_1$HG02080#2#JAHEOV010000017.1_16662177_17164189_0	0.9727307415136364 1K
NA12718 HG00621#2#JAHBCC010000031.1_16669999_17077865_0$HG01258#1#JAGYYV010000004.1_56955948_57456952_1	0.9727280269714769 1K
NA12718 NA19240#2#JAHEOL010000010.1_37445323_37853017_0$HG04228.verkko_filt_mat.fa:haplotype1_0000023_103429213_103930285_0	0.9727252486550906 1K
NA12718 AV_HG00673#haplotype1#0000019:16627360_17129375$NA19240#1#JAHEOM010000047.1_30103390_30511199_1	0.9727213343589923 1K
NA12718 HG01978#1#JAGYVS010000002.1_51519970_52021951_0$HG02109#1#JAHEPG010000026.1_16673035_17080816_0	0.9727196810359513 1K
NA12718 HG03516#2#JAGYYS010000004.1_24452130_24859892_1$HG02071.verkko_filt_pat.fa:haplotype2_0000736_102745972_103248026_0	0.9727168424496176 1K
NA12718 NA19240#1#JAHEOM010000047.1_30103390_30511199_1$HG02293.verkko_filt_pat.fa:haplotype2_0000836_148310532_148812524_1	0.9727076452535011 1K
NA12718 HG00438#1#JAHBCB010000015.1_33474867_33954171_0$HG04228.verkko_filt_pat.fa:haplotype2_0000600_103806749_104119491_0	0.9727074759166521 1K
NA12718 HG01978#1#JAGYVS010000002.1_51519970_52021951_0$HG02055#2#JAHEPJ010000017.1_24870122_25298560_1	0.9727020761149420 1K
NA12718 HG00621#1#JAHBCD010000034.1_2122997_2624098_1$HG005#2#JAHEPN010000023.1_51542210_51950070_0	0.9727010709436027 1K
NA12718 AV_HG01361#haplotype1#0000023:101593539_102001341$HG02080#2#JAHEOV010000017.1_16662177_17164189_0	0.9726938969553027 1K
NA12718 HG02080#2#JAHEOV010000017.1_16662177_17164189_0$HG03579#1#JAGYVU010000029.1_91404_499180_0	0.9726936306712946 1K
NA12718 HG02559#1#JAGYVK010000012.1_51505852_51913611_0$HG02080#2#JAHEOV010000017.1_16662177_17164189_0	0.9726912578983127 1K
NA12718 HG02080#2#JAHEOV010000017.1_16662177_17164189_0$HG03516#1#JAGYYT010000012.1_24170958_24578778_1	0.9726876541469570 1K
NA12718 HG005#1#JAHEPO010000002.1_51519219_51926067_0$HG02486#2#JAGYVL010000029.1_94163344_94570162_0	0.9726824148033155 1K
NA12718 AV_HG01361#haplotype1#0000023:101593539_102001341$HG00621#1#JAHBCD010000034.1_2122997_2624098_1	0.9726805514876811 1K
NA12718 HG005#1#JAHEPO010000002.1_51519219_51926067_0$HG02886#1#JAHAOU010000178.1_62411_469262_0	0.9726791851162678 1K
NA12718 HG04228.verkko_filt_mat.fa:haplotype1_0000023_103429213_103930285_0$HG03927.verkko_filt_mat.fa:haplotype1_0000009_134765170_135173010_1	0.9726728710168865 1K
NA12718 HG01978#2#JAGYVR010000007.1_51532241_51939176_0$HG02071.verkko_filt_pat.fa:haplotype2_0000736_102745972_103248026_0	0.9726695423927489 1K
NA12718 AV_HG01361#haplotype1#0000023:101593539_102001341$HG02071.verkko_filt_pat.fa:haplotype2_0000736_102745972_103248026_0	0.9726633352962178 1K
NA12718 AV_HG01106#haplotype2#0000932:16673968_17175925$HG02809.verkko_filt_pat.fa:haplotype2_0001251_103421111_103827972_0	0.9726612589720097 1K
NA12718 AV_HG01106#haplotype2#0000932:16673968_17175925$HG005#1#JAHEPO010000002.1_51519219_51926067_0	0.9726557789440365 1K
NA12718 HG02630#2#JAHAOP010000089.1_16669255_17076135_0$HG02622#1#JAHAOO010000002.1_16673678_17080663_0	0.9726481397493333 1K
NA12718 AV_HG01106#haplotype2#0000932:16673968_17175925$AV_HG02257#haplotype2#0001152:102843493_103251377	0.9726444622496617 1K
NA12718 HG02080#2#JAHEOV010000017.1_16662177_17164189_0$NA19240#1#JAHEOM010000047.1_30103390_30511199_1	0.9726411426402800 1K
NA12718 HG02559#1#JAGYVK010000012.1_51505852_51913611_0$HG02071.verkko_filt_pat.fa:haplotype2_0000736_102745972_103248026_0	0.9726404530879279 1K
NA12718 AV_HG02148#haplotype2#0002863:16304803_16712699$HG01258#1#JAGYYV010000004.1_56955948_57456952_1	0.9726197288762962 1K
NA12718 HG02622#2#JAHAON010000012.1_51551779_52031001_0$HG02293.verkko_filt_mat.fa:haplotype1_0000039_30204405_30517145_1	0.9726169467273128 1K
NA12718 HG02818#2#JAHEOR010000010.1_31775319_32183091_1$HG02071.verkko_filt_pat.fa:haplotype2_0000736_102745972_103248026_0	0.9726156414658625 1K
NA12718 HG02630#2#JAHAOP010000089.1_16669255_17076135_0$HG01258#2#JAGYYU010000072.1_51562603_51970395_0	0.9726144659415235 1K
NA12718 HG01978#1#JAGYVS010000002.1_51519970_52021951_0$HG02809.verkko_filt_mat.fa:haplotype1_0000023_94161320_94589755_0	0.9726143793576033 1K
NA12718 AV_HG01106#haplotype2#0000932:16673968_17175925$HG02630#1#JAHAOQ010000102.1_16672145_17079089_0	0.9726086306430728 1K
NA12718 HG00621#1#JAHBCD010000034.1_2122997_2624098_1$HG03516#2#JAGYYS010000004.1_24452130_24859892_1	0.9726024064163986 1K
NA12718 AV_HG01106#haplotype2#0000932:16673968_17175925$NA18906#1#JAHEOO010000054.1_2103477_2510435_1	0.9726003189283043 1K
NA12718 HG01258#1#JAGYYV010000004.1_56955948_57456952_1$HG01978#2#JAGYVR010000007.1_51532241_51939176_0	0.9725969959738640 1K
NA12718 AV_HG00673#haplotype2#0001165:24014011_24421797$HG02293.verkko_filt_pat.fa:haplotype2_0000836_148310532_148812524_1	0.9725879841571037 1K
NA12718 HG03516#2#JAGYYS010000004.1_24452130_24859892_1$HG04228.verkko_filt_mat.fa:haplotype1_0000023_103429213_103930285_0	0.9725804476823984 1K
NA12718 HG02559#2#JAGYVJ010000037.1_52167780_52574597_1$HG02809.verkko_filt_pat.fa:haplotype2_0001251_103421111_103827972_0	0.9725782924834970 1K
NA12718 HG00621#1#JAHBCD010000034.1_2122997_2624098_1$HG02559#1#JAGYVK010000012.1_51505852_51913611_0	0.9725745365626919 1K
NA12718 AV_HG02148#haplotype2#0002863:16304803_16712699$HG01071#1#JAHBCF010000053.1_26607100_27108065_1	0.9725648828801197 1K
NA12718 HG02818#2#JAHEOR010000010.1_31775319_32183091_1$HG01358#1#JAGYZB010000020.1_27445742_27855492_1	0.9725632935468757 1K
NA12718 HG01258#1#JAGYYV010000004.1_56955948_57456952_1$HG02004.verkko_filt_mat.fa:haplotype1_0000022_97828542_98235483_0	0.9725583914297904 1K
NA12718 HG02004.verkko_filt_mat.fa:haplotype1_0000022_97828542_98235483_0$HG02071.verkko_filt_pat.fa:haplotype2_0000736_102745972_103248026_0	0.9725583225032758 1K
NA12718 AV_HG02257#haplotype2#0001152:102843493_103251377$HG01978#1#JAGYVS010000002.1_51519970_52021951_0	0.9725578695869291 1K
NA12718 HG01928#1#JAGYVQ010000053.1_16676493_17083407_0$HG02071.verkko_filt_pat.fa:haplotype2_0000736_102745972_103248026_0	0.9725554324605273 1K
NA12718 HG01978#1#JAGYVS010000002.1_51519970_52021951_0$HG01258#2#JAGYYU010000072.1_51562603_51970395_0	0.9725470817377267 1K
NA12718 HG03516#1#JAGYYT010000012.1_24170958_24578778_1$HG02071.verkko_filt_pat.fa:haplotype2_0000736_102745972_103248026_0	0.9725456994359736 1K
NA12718 HG00621#1#JAHBCD010000034.1_2122997_2624098_1$HG03516#1#JAGYYT010000012.1_24170958_24578778_1	0.9725438955356047 1K
NA12718 AV_HG01106#haplotype2#0000932:16673968_17175925$HG02486#2#JAGYVL010000029.1_94163344_94570162_0	0.9725389920463369 1K
NA12718 HG02630#2#JAHAOP010000089.1_16669255_17076135_0$HG02818#1#JAHEOS010000101.1_89626_496613_0	0.9725382348914711 1K
NA12718 chr1_chm13_103304997_103901127_0$HG04228.verkko_filt_pat.fa:haplotype2_0000600_103806749_104119491_0	0.9725322360996764 1K
NA12718 HG00621#1#JAHBCD010000034.1_2122997_2624098_1$HG03579#1#JAGYVU010000029.1_91404_499180_0	0.9725279456104415 1K
NA12718 HG01978#2#JAGYVR010000007.1_51532241_51939176_0$HG04228.verkko_filt_mat.fa:haplotype1_0000023_103429213_103930285_0	0.9725273784344104 1K
NA12718 AV_HG01106#haplotype2#0000932:16673968_17175925$HG02818#1#JAHEOS010000101.1_89626_496613_0	0.9725238994288289 1K
NA12718 HG02717#2#JAHAOR010000006.1_19663827_20070693_1$HG02809.verkko_filt_pat.fa:haplotype2_0001251_103421111_103827972_0	0.9725235126096788 1K
NA12718 HG03579#1#JAGYVU010000029.1_91404_499180_0$HG02071.verkko_filt_pat.fa:haplotype2_0000736_102745972_103248026_0	0.9725178239203760 1K
NA12718 HG01928#1#JAGYVQ010000053.1_16676493_17083407_0$HG01258#1#JAGYYV010000004.1_56955948_57456952_1	0.9725177267441856 1K
NA12718 AV_HG01106#haplotype2#0000932:16673968_17175925$HG02559#2#JAGYVJ010000037.1_52167780_52574597_1	0.9725144988297598 1K
NA12718 HG03486#2#JAHEOP010000248.1_2105565_2584784_1$HG02293.verkko_filt_mat.fa:haplotype1_0000039_30204405_30517145_1	0.9725113411189444 1K
NA12718 AV_HG01106#haplotype2#0000932:16673968_17175925$HG02717#1#JAHAOS010000015.1_16660311_17067250_0	0.9725102938056140 1K
NA12718 HG03516#2#JAGYYS010000004.1_24452130_24859892_1$HG01358#1#JAGYZB010000020.1_27445742_27855492_1	0.9725059958539255 1K
NA12718 HG02559#1#JAGYVK010000012.1_51505852_51913611_0$HG04228.verkko_filt_mat.fa:haplotype1_0000023_103429213_103930285_0	0.9724985808719520 1K
NA12718 HG04228.verkko_filt_mat.fa:haplotype1_0000023_103429213_103930285_0$HG02004.verkko_filt_mat.fa:haplotype1_0000022_97828542_98235483_0	0.9724968456017689 1K
NA12718 HG02630#1#JAHAOQ010000102.1_16672145_17079089_0$HG01978#1#JAGYVS010000002.1_51519970_52021951_0	0.9724892614539634 1K
NA12718 HG01928#1#JAGYVQ010000053.1_16676493_17083407_0$HG04228.verkko_filt_mat.fa:haplotype1_0000023_103429213_103930285_0	0.9724885841572508 1K
NA12718 AV_HG01106#haplotype2#0000932:16673968_17175925$HG02717#2#JAHAOR010000006.1_19663827_20070693_1	0.9724883076058002 1K
NA12718 AV_HG00673#haplotype1#0000019:16627360_17129375$AV_HG00673#haplotype2#0001165:24014011_24421797	0.9724880489479318 1K
NA12718 HG01978#1#JAGYVS010000002.1_51519970_52021951_0$NA18906#1#JAHEOO010000054.1_2103477_2510435_1	0.9724864221378280 1K
NA12718 HG03516#1#JAGYYT010000012.1_24170958_24578778_1$HG04228.verkko_filt_mat.fa:haplotype1_0000023_103429213_103930285_0	0.9724795507776048 1K
NA12718 HG03453#1#JAGYVW010000157.1_2105722_2585000_1$HG00438#2#JAHBCA010000012.1_51513023_51826723_0	0.9724774559163226 1K
NA12718 HG00621#1#JAHBCD010000034.1_2122997_2624098_1$HG02818#2#JAHEOR010000010.1_31775319_32183091_1	0.9724675470806651 1K
NA12718 AV_HG00673#haplotype2#0001165:24014011_24421797$HG04228.verkko_filt_mat.fa:haplotype1_0000023_103429213_103930285_0	0.9724648542722910 1K
NA12718 HG02559#1#JAGYVK010000012.1_51505852_51913611_0$HG01358#1#JAGYZB010000020.1_27445742_27855492_1	0.9724568266056637 1K
NA12718 AV_HG01106#haplotype2#0000932:16673968_17175925$HG02622#1#JAHAOO010000002.1_16673678_17080663_0	0.9724503101787291 1K
NA12718 HG02109#1#JAHEPG010000026.1_16673035_17080816_0$HG02293.verkko_filt_pat.fa:haplotype2_0000836_148310532_148812524_1	0.9724476677170628 1K
NA12718 AV_HG01106#haplotype2#0000932:16673968_17175925$HG02886#1#JAHAOU010000178.1_62411_469262_0	0.9724457121501310 1K
NA12718 HG005#1#JAHEPO010000002.1_51519219_51926067_0$HG01978#1#JAGYVS010000002.1_51519970_52021951_0	0.9724436988844749 1K
NA12718 AV_HG01106#haplotype2#0000932:16673968_17175925$HG01123#1#JAGYYZ010000015.1_51528240_51935090_0	0.9724427855962948 1K
NA12718 HG02818#2#JAHEOR010000010.1_31775319_32183091_1$HG04228.verkko_filt_mat.fa:haplotype1_0000023_103429213_103930285_0	0.9724249450084794 1K
NA12718 NA19240#1#JAHEOM010000047.1_30103390_30511199_1$HG02071.verkko_filt_pat.fa:haplotype2_0000736_102745972_103248026_0	0.9724232042916130 1K
NA12718 HG03579#1#JAGYVU010000029.1_91404_499180_0$HG04228.verkko_filt_mat.fa:haplotype1_0000023_103429213_103930285_0	0.9724193307283550 1K
NA12718 AV_HG01175#haplotype1#0000070:46006269_46414083$HG03927.verkko_filt_pat.fa:haplotype2_0000800_29002142_29504057_1	0.9724185283078370 1K
NA12718 HG01978#1#JAGYVS010000002.1_51519970_52021951_0$HG02809.verkko_filt_pat.fa:haplotype2_0001251_103421111_103827972_0	0.9724161703137563 1K
NA12718 HG00621#1#JAHBCD010000034.1_2122997_2624098_1$NA19240#1#JAHEOM010000047.1_30103390_30511199_1	0.9724159310230089 1K
NA12718 HG01978#1#JAGYVS010000002.1_51519970_52021951_0$HG02818#1#JAHEOS010000101.1_89626_496613_0	0.9724154467481232 1K
NA12718 HG00741#2#JAHALX010000013.1_51574319_51981226_0$HG02809.verkko_filt_pat.fa:haplotype2_0001251_103421111_103827972_0	0.9724145255428707 1K
NA12718 HG02486#2#JAGYVL010000029.1_94163344_94570162_0$HG02717#2#JAHAOR010000006.1_19663827_20070693_1	0.9724138113052632 1K
NA12718 HG01071#1#JAHBCF010000053.1_26607100_27108065_1$HG01978#2#JAGYVR010000007.1_51532241_51939176_0	0.9724112941155172 1K
NA12718 HG02717#1#JAHAOS010000015.1_16660311_17067250_0$HG01978#1#JAGYVS010000002.1_51519970_52021951_0	0.9724073269321551 1K
NA12718 HG03453#2#JAGYVV010000088.1_22597550_23005370_1$HG01258#1#JAGYYV010000004.1_56955948_57456952_1	0.9724009085631791 1K
NA12718 HG01358#1#JAGYZB010000020.1_27445742_27855492_1$HG03579#1#JAGYVU010000029.1_91404_499180_0	0.9723890226131162 1K
NA12718 AV_HG00673#haplotype1#0000019:16627360_17129375$HG02109#1#JAHEPG010000026.1_16673035_17080816_0	0.9723803755599276 1K
NA12718 HG01071#1#JAHBCF010000053.1_26607100_27108065_1$HG02004.verkko_filt_mat.fa:haplotype1_0000022_97828542_98235483_0	0.9723733194791152 1K
NA12718 HG01978#1#JAGYVS010000002.1_51519970_52021951_0$HG02622#1#JAHAOO010000002.1_16673678_17080663_0	0.9723690547317023 1K
NA12718 HG02630#2#JAHAOP010000089.1_16669255_17076135_0$HG02809.verkko_filt_pat.fa:haplotype2_0001251_103421111_103827972_0	0.9723686189535368 1K
NA12718 HG01123#1#JAGYYZ010000015.1_51528240_51935090_0$HG01978#1#JAGYVS010000002.1_51519970_52021951_0	0.9723615948008862 1K
NA12718 HG02559#2#JAGYVJ010000037.1_52167780_52574597_1$HG02886#1#JAHAOU010000178.1_62411_469262_0	0.9723454319234373 1K
NA12718 HG02145#2#JAHKSF010000206.1_1005292_1413195_1$HG02293.verkko_filt_pat.fa:haplotype2_0000836_148310532_148812524_1	0.9723387093935202 1K
NA12718 AV_HG01175#haplotype1#0000070:46006269_46414083$HG01099.verkko_filt_pat.fa:haplotype2_0000583_143544270_144046196_1	0.9723365814966562 1K
NA12718 AV_HG01106#haplotype2#0000932:16673968_17175925$HG002.verkko_filt_pat.fa:haplotype2_0000649_147937390_148315979_1	0.9723320336209454 1K
NA12718 chr1_chm13_103304997_103901127_0$HG02647.verkko_filt_pat.fa:haplotype2_0000857_103738150_104051769_0	0.9723284481318810 1K
NA12718 HG01978#1#JAGYVS010000002.1_51519970_52021951_0$HG02717#2#JAHAOR010000006.1_19663827_20070693_1	0.9723252986632945 1K
NA12718 HG02559#2#JAGYVJ010000037.1_52167780_52574597_1$HG01978#1#JAGYVS010000002.1_51519970_52021951_0	0.9723240553469160 1K
NA12718 HG02886#1#JAHAOU010000178.1_62411_469262_0$HG02717#2#JAHAOR010000006.1_19663827_20070693_1	0.9723222148279143 1K
NA12718 HG03579#2#JAGYVT010000094.1_51581892_51895531_0$chr1_chm13_103304997_103901127_0	0.9723187089097420 1K
NA12718 HG01109#1#JAHEPA010000099.1_2104245_2511104_1$HG02293.verkko_filt_pat.fa:haplotype2_0000836_148310532_148812524_1	0.9723133075585170 1K
NA12718 HG00741#2#JAHALX010000013.1_51574319_51981226_0$HG02486#2#JAGYVL010000029.1_94163344_94570162_0	0.9723122308811610 1K
NA12718 AV_HG00673#haplotype2#0001165:24014011_24421797$HG02080#2#JAHEOV010000017.1_16662177_17164189_0	0.9723101973400524 1K
NA12718 HG01978#1#JAGYVS010000002.1_51519970_52021951_0$HG02486#2#JAGYVL010000029.1_94163344_94570162_0	0.9723101497919681 1K
NA12718 NA19240#1#JAHEOM010000047.1_30103390_30511199_1$HG01358#1#JAGYZB010000020.1_27445742_27855492_1	0.9723099729867071 1K
NA12718 HG02559#2#JAGYVJ010000037.1_52167780_52574597_1$HG02486#2#JAGYVL010000029.1_94163344_94570162_0	0.9723084586710286 1K
NA12718 HG005#1#JAHEPO010000002.1_51519219_51926067_0$HG01258#2#JAGYYU010000072.1_51562603_51970395_0	0.9723084053403618 1K
NA12718 NA19240#1#JAHEOM010000047.1_30103390_30511199_1$HG04228.verkko_filt_mat.fa:haplotype1_0000023_103429213_103930285_0	0.9723082889643596 1K
NA12718 AV_HG00673#haplotype1#0000019:16627360_17129375$HG01109#1#JAHEPA010000099.1_2104245_2511104_1	0.9723047048838938 1K
NA12718 HG00621#1#JAHBCD010000034.1_2122997_2624098_1$HG01928#1#JAGYVQ010000053.1_16676493_17083407_0	0.9722750663665332 1K
NA12718 HG01123#1#JAGYYZ010000015.1_51528240_51935090_0$HG02486#2#JAGYVL010000029.1_94163344_94570162_0	0.9722677143266292 1K
NA12718 HG01123#1#JAGYYZ010000015.1_51528240_51935090_0$HG02886#1#JAHAOU010000178.1_62411_469262_0	0.9722645224798591 1K
NA12718 HG02723#1#JAHEOU010000204.1_2102082_2414876_1$NA18906#2#JAHEON010000009.1_93748295_94249275_0	0.9722619365198650 1K
NA12718 AV_HG00673#haplotype2#0001165:24014011_24421797$HG02071.verkko_filt_pat.fa:haplotype2_0000736_102745972_103248026_0	0.9722590840140791 1K
NA12718 HG01928#1#JAGYVQ010000053.1_16676493_17083407_0$HG01071#1#JAHBCF010000053.1_26607100_27108065_1	0.9722567148406840 1K
NA12718 HG00438#1#JAHBCB010000015.1_33474867_33954171_0$HG03710.verkko_filt_mat.fa:haplotype1_0000029_102593394_102907063_0	0.9722549588996593 1K
NA12718 HG01071#1#JAHBCF010000053.1_26607100_27108065_1$HG03453#2#JAGYVV010000088.1_22597550_23005370_1	0.9722488768403307 1K
NA12718 HG03098#1#JAHEPM010000059.1_16676208_17105596_0$HG02293.verkko_filt_pat.fa:haplotype2_0000836_148310532_148812524_1	0.9722478140960247 1K
NA12718 HG01258#1#JAGYYV010000004.1_56955948_57456952_1$HG02300.verkko_filt_pat.fa:haplotype2_0000620_143362344_143769323_1	0.9722463534037828 1K
NA12718 AV_HG00673#haplotype1#0000019:16627360_17129375$HG02145#2#JAHKSF010000206.1_1005292_1413195_1	0.9722442010447929 1K
NA12718 HG01071#1#JAHBCF010000053.1_26607100_27108065_1$HG02300.verkko_filt_pat.fa:haplotype2_0000620_143362344_143769323_1	0.9722346999513942 1K
NA12718 AV_HG00673#haplotype2#0001165:24014011_24421797$HG00621#1#JAHBCD010000034.1_2122997_2624098_1	0.9722314819301943 1K
NA12718 HG01109#1#JAHEPA010000099.1_2104245_2511104_1$HG02080#2#JAHEOV010000017.1_16662177_17164189_0	0.9722294782522106 1K
NA12718 HG02647.verkko_filt_mat.fa:haplotype1_0000002_103892584_104321036_0$HG02293.verkko_filt_pat.fa:haplotype2_0000836_148310532_148812524_1	0.9722217404988076 1K
NA12718 AV_HG01106#haplotype2#0000932:16673968_17175925$HG00741#2#JAHALX010000013.1_51574319_51981226_0	0.9722022077889090 1K
NA12718 HG00621#1#JAHBCD010000034.1_2122997_2624098_1$HG01978#2#JAGYVR010000007.1_51532241_51939176_0	0.9722007627408874 1K
NA12718 HG02886#1#JAHAOU010000178.1_62411_469262_0$HG00741#2#JAHALX010000013.1_51574319_51981226_0	0.9721967849133812 1K
NA12718 NA18906#1#JAHEOO010000054.1_2103477_2510435_1$HG02293.verkko_filt_pat.fa:haplotype2_0000836_148310532_148812524_1	0.9721902838445204 1K
NA12718 HG02109#1#JAHEPG010000026.1_16673035_17080816_0$HG04228.verkko_filt_mat.fa:haplotype1_0000023_103429213_103930285_0	0.9721886261282774 1K
NA12718 HG02109#1#JAHEPG010000026.1_16673035_17080816_0$HG02071.verkko_filt_pat.fa:haplotype2_0000736_102745972_103248026_0	0.9721783974889643 1K
NA12718 HG005#1#JAHEPO010000002.1_51519219_51926067_0$HG02630#2#JAHAOP010000089.1_16669255_17076135_0	0.9721707764293329 1K
NA12718 HG02080#2#JAHEOV010000017.1_16662177_17164189_0$HG02109#1#JAHEPG010000026.1_16673035_17080816_0	0.9721698604136182 1K
NA12718 HG02145#2#JAHKSF010000206.1_1005292_1413195_1$HG02080#2#JAHEOV010000017.1_16662177_17164189_0	0.9721697474669055 1K
NA12718 HG03492#2#JAHEPH010000288.1_2098270_2432686_1$NA20129#2#JAHEPD010000155.1_90039_569275_0	0.9721692728100614 1K
NA12718 HG00621#1#JAHBCD010000034.1_2122997_2624098_1$HG02109#1#JAHEPG010000026.1_16673035_17080816_0	0.9721618877559013 1K
NA12718 HG02886#1#JAHAOU010000178.1_62411_469262_0$HG01978#1#JAGYVS010000002.1_51519970_52021951_0	0.9721567445822502 1K
NA12718 HG02486#2#JAGYVL010000029.1_94163344_94570162_0$HG02293.verkko_filt_pat.fa:haplotype2_0000836_148310532_148812524_1	0.9721561453783663 1K
NA12718 HG02630#1#JAHAOQ010000102.1_16672145_17079089_0$HG02293.verkko_filt_pat.fa:haplotype2_0000836_148310532_148812524_1	0.9721551698221881 1K
NA12718 HG00621#1#JAHBCD010000034.1_2122997_2624098_1$HG02004.verkko_filt_mat.fa:haplotype1_0000022_97828542_98235483_0	0.9721539453840620 1K
NA12718 HG01258#2#JAGYYU010000072.1_51562603_51970395_0$HG02293.verkko_filt_pat.fa:haplotype2_0000836_148310532_148812524_1	0.9721526545244927 1K
NA12718 HG01978#1#JAGYVS010000002.1_51519970_52021951_0$HG002.verkko_filt_pat.fa:haplotype2_0000649_147937390_148315979_1	0.9721453694441741 1K
NA12718 AV_HG00673#haplotype1#0000019:16627360_17129375$HG02486#2#JAGYVL010000029.1_94163344_94570162_0	0.9721382275944644 1K
NA12718 HG02723#1#JAHEOU010000204.1_2102082_2414876_1$HG00438#1#JAHBCB010000015.1_33474867_33954171_0	0.9721345100327469 1K
NA12718 AV_HG00673#haplotype1#0000019:16627360_17129375$HG01258#2#JAGYYU010000072.1_51562603_51970395_0	0.9721337952422930 1K
NA12718 HG01258#2#JAGYYU010000072.1_51562603_51970395_0$HG02717#2#JAHAOR010000006.1_19663827_20070693_1	0.9721206152498004 1K
NA12718 AV_HG00673#haplotype1#0000019:16627360_17129375$NA18906#1#JAHEOO010000054.1_2103477_2510435_1	0.9721014559053743 1K
NA12718 HG03486#1#JAHEOQ010000123.1_16677696_17085575_0$HG03927.verkko_filt_pat.fa:haplotype2_0000800_29002142_29504057_1	0.9720998984653701 1K
NA12718 HG02055#2#JAHEPJ010000017.1_24870122_25298560_1$HG02293.verkko_filt_pat.fa:haplotype2_0000836_148310532_148812524_1	0.9720940068387945 1K
NA12718 HG02109#2#JAHEPF010000078.1_16678387_16991144_0$chr1_chm13_103304997_103901127_0	0.9720914690903418 1K
NA12718 HG02293.verkko_filt_pat.fa:haplotype2_0000836_148310532_148812524_1$HG02809.verkko_filt_pat.fa:haplotype2_0001251_103421111_103827972_0	0.9720729799844684 1K
NA12718 HG01978#1#JAGYVS010000002.1_51519970_52021951_0$HG00741#2#JAHALX010000013.1_51574319_51981226_0	0.9720719142464798 1K
NA12718 AV_HG00673#haplotype1#0000019:16627360_17129375$HG02809.verkko_filt_pat.fa:haplotype2_0001251_103421111_103827972_0	0.9720709897343884 1K
NA12718 HG02630#2#JAHAOP010000089.1_16669255_17076135_0$HG02717#2#JAHAOR010000006.1_19663827_20070693_1	0.9720708409491193 1K
NA12718 AV_HG01175#haplotype1#0000070:46006269_46414083$HG03540#1#JAGYVY010000208.1_95187_596142_0	0.9720693745988649 1K
NA12718 AV_HG00673#haplotype1#0000019:16627360_17129375$HG03098#1#JAHEPM010000059.1_16676208_17105596_0	0.9720626925095625 1K
NA12718 AV_HG00673#haplotype1#0000019:16627360_17129375$HG02647.verkko_filt_mat.fa:haplotype1_0000002_103892584_104321036_0	0.9720538701139860 1K
NA12718 HG01109#1#JAHEPA010000099.1_2104245_2511104_1$HG02071.verkko_filt_pat.fa:haplotype2_0000736_102745972_103248026_0	0.9720514080406002 1K
NA12718 AV_HG00673#haplotype1#0000019:16627360_17129375$HG02630#1#JAHAOQ010000102.1_16672145_17079089_0	0.9720499460893666 1K
NA12718 NA20129#2#JAHEPD010000155.1_90039_569275_0$HG01243#1#JAHEOY010000013.1_90081_424495_0	0.9720408991521197 1K
NA12718 HG02080#2#JAHEOV010000017.1_16662177_17164189_0$HG03098#1#JAHEPM010000059.1_16676208_17105596_0	0.9720408167703867 1K
NA12718 HG002.verkko_filt_mat.fa:haplotype1_0000005_138228497_138636354_1$HG03927.verkko_filt_pat.fa:haplotype2_0000800_29002142_29504057_1	0.9720290881696474 1K
NA12718 HG02630#2#JAHAOP010000089.1_16669255_17076135_0$HG01123#1#JAGYYZ010000015.1_51528240_51935090_0	0.9720288738559049 1K
NA12718 chr1_chm13_103304997_103901127_0$HG01891#1#JAGYVO010000014.1_22855818_23168577_1	0.9720265908620953 1K
NA12718 HG005#1#JAHEPO010000002.1_51519219_51926067_0$HG02559#2#JAGYVJ010000037.1_52167780_52574597_1	0.9720236920684815 1K
NA12718 HG02080#2#JAHEOV010000017.1_16662177_17164189_0$HG02486#2#JAGYVL010000029.1_94163344_94570162_0	0.9720040946187652 1K
NA12718 HG02080#2#JAHEOV010000017.1_16662177_17164189_0$NA18906#1#JAHEOO010000054.1_2103477_2510435_1	0.9720000064028508 1K
NA12718 HG02145#2#JAHKSF010000206.1_1005292_1413195_1$HG04228.verkko_filt_mat.fa:haplotype1_0000023_103429213_103930285_0	0.9719981277701694 1K
NA12718 HG02723#1#JAHEOU010000204.1_2102082_2414876_1$chr1_chm13_103304997_103901127_0	0.9719946272499682 1K
NA12718 AV_HG00673#haplotype1#0000019:16627360_17129375$HG02717#2#JAHAOR010000006.1_19663827_20070693_1	0.9719932264273240 1K
NA12718 HG02080#2#JAHEOV010000017.1_16662177_17164189_0$HG02647.verkko_filt_mat.fa:haplotype1_0000002_103892584_104321036_0	0.9719927571970719 1K
NA12718 HG02886#1#JAHAOU010000178.1_62411_469262_0$HG02293.verkko_filt_pat.fa:haplotype2_0000836_148310532_148812524_1	0.9719926560364235 1K
NA12718 AV_HG02257#haplotype2#0001152:102843493_103251377$HG02293.verkko_filt_pat.fa:haplotype2_0000836_148310532_148812524_1	0.9719872349465076 1K
NA12718 AV_HG00673#haplotype1#0000019:16627360_17129375$HG02886#1#JAHAOU010000178.1_62411_469262_0	0.9719854639852913 1K
NA12718 HG02080#2#JAHEOV010000017.1_16662177_17164189_0$HG01258#2#JAGYYU010000072.1_51562603_51970395_0	0.9719829241078090 1K
NA12718 HG02559#2#JAGYVJ010000037.1_52167780_52574597_1$HG01123#1#JAGYYZ010000015.1_51528240_51935090_0	0.9719782204068800 1K
NA12718 HG02559#2#JAGYVJ010000037.1_52167780_52574597_1$HG02630#2#JAHAOP010000089.1_16669255_17076135_0	0.9719777742054365 1K
NA12718 HG03492#2#JAHEPH010000288.1_2098270_2432686_1$HG02622#2#JAHAON010000012.1_51551779_52031001_0	0.9719771558320143 1K
NA12718 HG005#1#JAHEPO010000002.1_51519219_51926067_0$HG02293.verkko_filt_pat.fa:haplotype2_0000836_148310532_148812524_1	0.9719675205898025 1K
NA12718 HG02809.verkko_filt_mat.fa:haplotype1_0000023_94161320_94589755_0$HG02293.verkko_filt_pat.fa:haplotype2_0000836_148310532_148812524_1	0.9719625021588599 1K
NA12718 HG01123#1#JAGYYZ010000015.1_51528240_51935090_0$HG01258#2#JAGYYU010000072.1_51562603_51970395_0	0.9719588267027138 1K
NA12718 HG02717#2#JAHAOR010000006.1_19663827_20070693_1$HG02293.verkko_filt_pat.fa:haplotype2_0000836_148310532_148812524_1	0.9719577092302661 1K
NA12718 HG02080#2#JAHEOV010000017.1_16662177_17164189_0$HG02055#2#JAHEPJ010000017.1_24870122_25298560_1	0.9719558187765767 1K
NA12718 AV_HG00673#haplotype1#0000019:16627360_17129375$HG02055#2#JAHEPJ010000017.1_24870122_25298560_1	0.9719544886896779 1K
NA12718 HG02717#1#JAHAOS010000015.1_16660311_17067250_0$HG02293.verkko_filt_pat.fa:haplotype2_0000836_148310532_148812524_1	0.9719539173109057 1K
NA12718 HG02559#2#JAGYVJ010000037.1_52167780_52574597_1$HG02717#2#JAHAOR010000006.1_19663827_20070693_1	0.9719478446130165 1K
NA12718 HG03098#1#JAHEPM010000059.1_16676208_17105596_0$HG04228.verkko_filt_mat.fa:haplotype1_0000023_103429213_103930285_0	0.9719467837415711 1K
NA12718 chr1_hg38_103456064_103863972_0$HG01099.verkko_filt_pat.fa:haplotype2_0000583_143544270_144046196_1	0.9719443505411564 1K
NA12718 chr1_hg19_103998686_104406594_0$HG01099.verkko_filt_pat.fa:haplotype2_0000583_143544270_144046196_1	0.9719443505411564 1K
NA12718 HG02630#1#JAHAOQ010000102.1_16672145_17079089_0$HG02080#2#JAHEOV010000017.1_16662177_17164189_0	0.9719429893387970 1K
NA12718 AV_HG00673#haplotype1#0000019:16627360_17129375$HG01123#1#JAGYYZ010000015.1_51528240_51935090_0	0.9719366635081028 1K
NA12718 HG01123#1#JAGYYZ010000015.1_51528240_51935090_0$HG02293.verkko_filt_pat.fa:haplotype2_0000836_148310532_148812524_1	0.9719336891541217 1K
NA12718 HG01258#2#JAGYYU010000072.1_51562603_51970395_0$HG02071.verkko_filt_pat.fa:haplotype2_0000736_102745972_103248026_0	0.9719330323532657 1K
NA12718 HG02818#1#JAHEOS010000101.1_89626_496613_0$HG02293.verkko_filt_pat.fa:haplotype2_0000836_148310532_148812524_1	0.9719265778357133 1K
NA12718 AV_HG01361#haplotype2#0001322:101872897_102186552$HG00438#1#JAHBCB010000015.1_33474867_33954171_0	0.9719204781936687 1K
NA12718 HG02145#2#JAHKSF010000206.1_1005292_1413195_1$HG02071.verkko_filt_pat.fa:haplotype2_0000736_102745972_103248026_0	0.9719173965149243 1K
NA12718 NA20129#2#JAHEPD010000155.1_90039_569275_0$HG03098#2#JAHEPL010000003.1_93803759_94117426_0	0.9719100258923757 1K
NA12718 HG00621#1#JAHBCD010000034.1_2122997_2624098_1$HG01258#2#JAGYYU010000072.1_51562603_51970395_0	0.9719042449013319 1K
NA12718 HG02080#2#JAHEOV010000017.1_16662177_17164189_0$HG02809.verkko_filt_pat.fa:haplotype2_0001251_103421111_103827972_0	0.9718985371948294 1K
NA12718 HG02622#2#JAHAON010000012.1_51551779_52031001_0$HG01243#1#JAHEOY010000013.1_90081_424495_0	0.9718970162925626 1K
NA12718 HG00621#1#JAHBCD010000034.1_2122997_2624098_1$HG02145#2#JAHKSF010000206.1_1005292_1413195_1	0.9718896148625714 1K
NA12718 HG03098#2#JAHEPL010000003.1_93803759_94117426_0$HG00438#1#JAHBCB010000015.1_33474867_33954171_0	0.9718883063616938 1K
NA12718 AV_HG00673#haplotype1#0000019:16627360_17129375$HG005#1#JAHEPO010000002.1_51519219_51926067_0	0.9718834857909733 1K
NA12718 AV_HG01175#haplotype1#0000070:46006269_46414083$HG02486#1#JAGYVM010000007.1_28868414_29370339_1	0.9718784700211219 1K
NA12718 AV_HG01106#haplotype2#0000932:16673968_17175925$HG02630#2#JAHAOP010000089.1_16669255_17076135_0	0.9718779465100841 1K
NA12718 HG02071.verkko_filt_mat.fa:haplotype1_0000041_103610513_104018399_0$HG03927.verkko_filt_pat.fa:haplotype2_0000800_29002142_29504057_1	0.9718763542475001 1K
NA12718 HG02723#1#JAHEOU010000204.1_2102082_2414876_1$HG01109#2#JAHEOZ010000047.1_16671232_17151375_0	0.9718754354119563 1K
NA12718 HG02080#2#JAHEOV010000017.1_16662177_17164189_0$HG01123#1#JAGYYZ010000015.1_51528240_51935090_0	0.9718728031585009 1K
NA12718 HG02559#2#JAGYVJ010000037.1_52167780_52574597_1$HG02293.verkko_filt_pat.fa:haplotype2_0000836_148310532_148812524_1	0.9718666022795481 1K
NA12718 NA18906#1#JAHEOO010000054.1_2103477_2510435_1$HG02071.verkko_filt_pat.fa:haplotype2_0000736_102745972_103248026_0	0.9718658475793772 1K
NA12718 HG02486#2#JAGYVL010000029.1_94163344_94570162_0$HG02071.verkko_filt_pat.fa:haplotype2_0000736_102745972_103248026_0	0.9718642879925398 1K
NA12718 HG02080#2#JAHEOV010000017.1_16662177_17164189_0$HG02717#2#JAHAOR010000006.1_19663827_20070693_1	0.9718641162068782 1K
NA12718 HG02071.verkko_filt_pat.fa:haplotype2_0000736_102745972_103248026_0$HG02809.verkko_filt_pat.fa:haplotype2_0001251_103421111_103827972_0	0.9718633572993135 1K
NA12718 HG02647.verkko_filt_mat.fa:haplotype1_0000002_103892584_104321036_0$HG02071.verkko_filt_pat.fa:haplotype2_0000736_102745972_103248026_0	0.9718602308269485 1K
NA12718 HG01258#2#JAGYYU010000072.1_51562603_51970395_0$HG04228.verkko_filt_mat.fa:haplotype1_0000023_103429213_103930285_0	0.9718560345493401 1K
NA12718 AV_HG00673#haplotype1#0000019:16627360_17129375$AV_HG02257#haplotype2#0001152:102843493_103251377	0.9718490224773817 1K
NA12718 HG02080#2#JAHEOV010000017.1_16662177_17164189_0$HG02886#1#JAHAOU010000178.1_62411_469262_0	0.9718457800380085 1K
NA12718 AV_HG02148#haplotype2#0002863:16304803_16712699$HG03927.verkko_filt_pat.fa:haplotype2_0000800_29002142_29504057_1	0.9718389740513310 1K
NA12718 AV_HG00673#haplotype1#0000019:16627360_17129375$HG02818#1#JAHEOS010000101.1_89626_496613_0	0.9718318471346430 1K
NA12718 HG00621#1#JAHBCD010000034.1_2122997_2624098_1$HG03098#1#JAHEPM010000059.1_16676208_17105596_0	0.9718298983227122 1K
NA12718 AV_HG00673#haplotype1#0000019:16627360_17129375$HG02717#1#JAHAOS010000015.1_16660311_17067250_0	0.9718267796044806 1K
NA12718 HG02630#2#JAHAOP010000089.1_16669255_17076135_0$HG02486#2#JAGYVL010000029.1_94163344_94570162_0	0.9718251676468801 1K
NA12718 chr1_hg38_103456064_103863972_0$HG03540#1#JAGYVY010000208.1_95187_596142_0	0.9718130566206801 1K
NA12718 chr1_hg19_103998686_104406594_0$HG03540#1#JAGYVY010000208.1_95187_596142_0	0.9718130566206801 1K
NA12718 AV_HG01361#haplotype2#0001322:101872897_102186552$NA20129#2#JAHEPD010000155.1_90039_569275_0	0.9718037175300389 1K
NA12718 HG02630#1#JAHAOQ010000102.1_16672145_17079089_0$HG02071.verkko_filt_pat.fa:haplotype2_0000736_102745972_103248026_0	0.9718036589276337 1K
NA12718 HG005#2#JAHEPN010000023.1_51542210_51950070_0$HG01099.verkko_filt_pat.fa:haplotype2_0000583_143544270_144046196_1	0.9717953167992897 1K
NA12718 HG03098#1#JAHEPM010000059.1_16676208_17105596_0$HG02071.verkko_filt_pat.fa:haplotype2_0000736_102745972_103248026_0	0.9717914209923263 1K
NA12718 HG04228.verkko_filt_mat.fa:haplotype1_0000023_103429213_103930285_0$HG02647.verkko_filt_mat.fa:haplotype1_0000002_103892584_104321036_0	0.9717890198930670 1K
NA12718 AV_HG02257#haplotype2#0001152:102843493_103251377$HG02080#2#JAHEOV010000017.1_16662177_17164189_0	0.9717851570770241 1K
NA12718 HG005#1#JAHEPO010000002.1_51519219_51926067_0$HG02080#2#JAHEOV010000017.1_16662177_17164189_0	0.9717814342705652 1K
NA12718 AV_HG00673#haplotype1#0000019:16627360_17129375$HG02809.verkko_filt_mat.fa:haplotype1_0000023_94161320_94589755_0	0.9717773449547082 1K
NA12718 HG002.verkko_filt_mat.fa:haplotype1_0000005_138228497_138636354_1$HG01099.verkko_filt_pat.fa:haplotype2_0000583_143544270_144046196_1	0.9717730425977266 1K
NA12718 HG02080#2#JAHEOV010000017.1_16662177_17164189_0$HG02809.verkko_filt_mat.fa:haplotype1_0000023_94161320_94589755_0	0.9717726263318807 1K
NA12718 HG02080#2#JAHEOV010000017.1_16662177_17164189_0$HG02818#1#JAHEOS010000101.1_89626_496613_0	0.9717680244635470 1K
NA12718 HG00621#2#JAHBCC010000031.1_16669999_17077865_0$HG03927.verkko_filt_pat.fa:haplotype2_0000800_29002142_29504057_1	0.9717511667010085 1K
NA12718 HG02717#2#JAHAOR010000006.1_19663827_20070693_1$HG02071.verkko_filt_pat.fa:haplotype2_0000736_102745972_103248026_0	0.9717487974087781 1K
NA12718 HG02622#1#JAHAOO010000002.1_16673678_17080663_0$HG02293.verkko_filt_pat.fa:haplotype2_0000836_148310532_148812524_1	0.9717485728415658 1K
NA12718 AV_HG00673#haplotype1#0000019:16627360_17129375$HG02559#2#JAGYVJ010000037.1_52167780_52574597_1	0.9717447873094893 1K
NA12718 HG01258#2#JAGYYU010000072.1_51562603_51970395_0$HG00741#2#JAHALX010000013.1_51574319_51981226_0	0.9717347043115608 1K
NA12718 NA20129#2#JAHEPD010000155.1_90039_569275_0$HG03710.verkko_filt_mat.fa:haplotype1_0000029_102593394_102907063_0	0.9717242809769265 1K
NA12718 HG02071.verkko_filt_mat.fa:haplotype1_0000041_103610513_104018399_0$HG01099.verkko_filt_pat.fa:haplotype2_0000583_143544270_144046196_1	0.9717235905977496 1K
NA12718 HG03540#1#JAGYVY010000208.1_95187_596142_0$HG002.verkko_filt_mat.fa:haplotype1_0000005_138228497_138636354_1	0.9717233401504358 1K
NA12718 HG02886#1#JAHAOU010000178.1_62411_469262_0$HG02071.verkko_filt_pat.fa:haplotype2_0000736_102745972_103248026_0	0.9717228332563265 1K
NA12718 AV_HG01106#haplotype1#0000048:16666181_17262214$HG01123#2#JAGYYY010000006.1_51579630_51892388_0	0.9717220847375101 1K
NA12718 HG02717#1#JAHAOS010000015.1_16660311_17067250_0$HG02080#2#JAHEOV010000017.1_16662177_17164189_0	0.9717196770918012 1K
NA12718 HG02559#2#JAGYVJ010000037.1_52167780_52574597_1$HG02080#2#JAHEOV010000017.1_16662177_17164189_0	0.9717192191678677 1K
NA12718 HG00621#1#JAHBCD010000034.1_2122997_2624098_1$HG01109#1#JAHEPA010000099.1_2104245_2511104_1	0.9717123874052842 1K
NA12718 HG02559#2#JAGYVJ010000037.1_52167780_52574597_1$HG00741#2#JAHALX010000013.1_51574319_51981226_0	0.9717115520730019 1K
NA12718 HG03492#2#JAHEPH010000288.1_2098270_2432686_1$NA19240#2#JAHEOL010000010.1_37445323_37853017_0	0.9716961864992619 1K
NA12718 HG005#1#JAHEPO010000002.1_51519219_51926067_0$HG02717#2#JAHAOR010000006.1_19663827_20070693_1	0.9716928965779813 1K
NA12718 HG03486#1#JAHEOQ010000123.1_16677696_17085575_0$HG01099.verkko_filt_pat.fa:haplotype2_0000583_143544270_144046196_1	0.9716918877739109 1K
NA12718 HG02055#2#JAHEPJ010000017.1_24870122_25298560_1$HG02071.verkko_filt_pat.fa:haplotype2_0000736_102745972_103248026_0	0.9716877051017311 1K
NA12718 NA20129#2#JAHEPD010000155.1_90039_569275_0$HG02886#2#JAHAOT010000031.1_87393_401061_0	0.9716776679196609 1K
NA12718 HG005#1#JAHEPO010000002.1_51519219_51926067_0$HG02071.verkko_filt_pat.fa:haplotype2_0000736_102745972_103248026_0	0.9716774453451678 1K
NA12718 HG03492#2#JAHEPH010000288.1_2098270_2432686_1$HG03516#1#JAGYYT010000012.1_24170958_24578778_1	0.9716741307327943 1K
NA12718 HG03098#2#JAHEPL010000003.1_93803759_94117426_0$HG02622#2#JAHAON010000012.1_51551779_52031001_0	0.9716712379346362 1K
NA12718 HG02145#2#JAHKSF010000206.1_1005292_1413195_1$HG01109#2#JAHEOZ010000047.1_16671232_17151375_0	0.9716679363971641 1K
NA12718 HG00438#1#JAHBCB010000015.1_33474867_33954171_0$HG02886#2#JAHAOT010000031.1_87393_401061_0	0.9716647613127376 1K
NA12718 AV_HG00673#haplotype1#0000019:16627360_17129375$HG02622#1#JAHAOO010000002.1_16673678_17080663_0	0.9716642302924239 1K
NA12718 HG02630#2#JAHAOP010000089.1_16669255_17076135_0$HG00741#2#JAHALX010000013.1_51574319_51981226_0	0.9716610081861730 1K
NA12718 HG02080#2#JAHEOV010000017.1_16662177_17164189_0$HG02622#1#JAHAOO010000002.1_16673678_17080663_0	0.9716595134096324 1K
NA12718 HG02630#2#JAHAOP010000089.1_16669255_17076135_0$HG02886#1#JAHAOU010000178.1_62411_469262_0	0.9716458807105154 1K
NA12718 HG01243#1#JAHEOY010000013.1_90081_424495_0$NA19240#2#JAHEOL010000010.1_37445323_37853017_0	0.9716417126829082 1K
NA12718 AV_HG02148#haplotype2#0002863:16304803_16712699$HG01099.verkko_filt_pat.fa:haplotype2_0000583_143544270_144046196_1	0.9716373052783933 1K
NA12718 HG01978#2#JAGYVR010000007.1_51532241_51939176_0$HG01099.verkko_filt_pat.fa:haplotype2_0000583_143544270_144046196_1	0.9716357217103233 1K
NA12718 HG03492#2#JAHEPH010000288.1_2098270_2432686_1$HG02300.verkko_filt_mat.fa:haplotype1_0000028_144052837_144460586_1	0.9716293833879747 1K
NA12718 HG01928#1#JAGYVQ010000053.1_16676493_17083407_0$HG01099.verkko_filt_pat.fa:haplotype2_0000583_143544270_144046196_1	0.9716275908176897 1K
NA12718 AV_HG02257#haplotype2#0001152:102843493_103251377$HG02145#2#JAHKSF010000206.1_1005292_1413195_1	0.9716135278119750 1K
NA12718 HG01243#1#JAHEOY010000013.1_90081_424495_0$HG03516#1#JAGYYT010000012.1_24170958_24578778_1	0.9716092208228531 1K
NA12718 HG03486#1#JAHEOQ010000123.1_16677696_17085575_0$HG03540#1#JAGYVY010000208.1_95187_596142_0	0.9716041330919419 1K
NA12718 AV_HG02257#haplotype2#0001152:102843493_103251377$HG02071.verkko_filt_pat.fa:haplotype2_0000736_102745972_103248026_0	0.9715990767903736 1K
NA12718 HG00621#1#JAHBCD010000034.1_2122997_2624098_1$HG02647.verkko_filt_mat.fa:haplotype1_0000002_103892584_104321036_0	0.9715988499921028 1K
NA12718 chr1_hg38_103456064_103863972_0$HG03927.verkko_filt_pat.fa:haplotype2_0000800_29002142_29504057_1	0.9715969178336057 1K
NA12718 chr1_hg19_103998686_104406594_0$HG03927.verkko_filt_pat.fa:haplotype2_0000800_29002142_29504057_1	0.9715969178336057 1K
NA12718 HG01243#1#JAHEOY010000013.1_90081_424495_0$HG02300.verkko_filt_mat.fa:haplotype1_0000028_144052837_144460586_1	0.9715962144779038 1K
NA12718 HG01123#1#JAGYYZ010000015.1_51528240_51935090_0$HG02071.verkko_filt_pat.fa:haplotype2_0000736_102745972_103248026_0	0.9715945808192090 1K
NA12718 AV_HG01106#haplotype1#0000048:16666181_17262214$HG04228.verkko_filt_pat.fa:haplotype2_0000600_103806749_104119491_0	0.9715892777797942 1K
NA12718 HG02080#1#JAHEOW010000048.1_16689583_17097287_0$HG03492#2#JAHEPH010000288.1_2098270_2432686_1	0.9715889037806776 1K
NA12718 HG03540#1#JAGYVY010000208.1_95187_596142_0$HG02071.verkko_filt_mat.fa:haplotype1_0000041_103610513_104018399_0	0.9715705879498217 1K
NA12718 AV_HG02257#haplotype2#0001152:102843493_103251377$HG01109#2#JAHEOZ010000047.1_16671232_17151375_0	0.9715704682275264 1K
NA12718 AV_HG00673#haplotype1#0000019:16627360_17129375$HG002.verkko_filt_pat.fa:haplotype2_0000649_147937390_148315979_1	0.9715704455132013 1K
NA12718 HG02559#2#JAGYVJ010000037.1_52167780_52574597_1$HG02071.verkko_filt_pat.fa:haplotype2_0000736_102745972_103248026_0	0.9715701822216048 1K
NA12718 HG02004.verkko_filt_mat.fa:haplotype1_0000022_97828542_98235483_0$HG01099.verkko_filt_pat.fa:haplotype2_0000583_143544270_144046196_1	0.9715650753048579 1K
NA12718 HG01109#1#JAHEPA010000099.1_2104245_2511104_1$HG04228.verkko_filt_mat.fa:haplotype1_0000023_103429213_103930285_0	0.9715635705726950 1K
NA12718 NA18906#1#JAHEOO010000054.1_2103477_2510435_1$HG04228.verkko_filt_mat.fa:haplotype1_0000023_103429213_103930285_0	0.9715553126304785 1K
NA12718 NA18906#1#JAHEOO010000054.1_2103477_2510435_1$HG01109#2#JAHEOZ010000047.1_16671232_17151375_0	0.9715522051006138 1K
NA12718 HG02300.verkko_filt_pat.fa:haplotype2_0000620_143362344_143769323_1$HG03927.verkko_filt_pat.fa:haplotype2_0000800_29002142_29504057_1	0.9715519819419053 1K
NA12718 HG02630#2#JAHAOP010000089.1_16669255_17076135_0$HG01978#1#JAGYVS010000002.1_51519970_52021951_0	0.9715518767275790 1K
NA12718 HG02630#1#JAHAOQ010000102.1_16672145_17079089_0$HG04228.verkko_filt_mat.fa:haplotype1_0000023_103429213_103930285_0	0.9715475336785144 1K
NA12718 AV_HG01175#haplotype1#0000070:46006269_46414083$HG00733#1#JAHEPQ010000019.1_46106835_46420495_0	0.9715474554560837 1K
NA12718 HG02717#1#JAHAOS010000015.1_16660311_17067250_0$HG02071.verkko_filt_pat.fa:haplotype2_0000736_102745972_103248026_0	0.9715429600486714 1K
NA12718 HG01109#1#JAHEPA010000099.1_2104245_2511104_1$HG01109#2#JAHEOZ010000047.1_16671232_17151375_0	0.9715407637732277 1K
NA12718 HG02293.verkko_filt_pat.fa:haplotype2_0000836_148310532_148812524_1$HG002.verkko_filt_pat.fa:haplotype2_0000649_147937390_148315979_1	0.9715387811669919 1K
NA12718 HG005#2#JAHEPN010000023.1_51542210_51950070_0$HG03540#1#JAGYVY010000208.1_95187_596142_0	0.9715337320533031 1K
NA12718 AV_HG02257#haplotype2#0001152:102843493_103251377$HG04228.verkko_filt_mat.fa:haplotype1_0000023_103429213_103930285_0	0.9715329479133793 1K
NA12718 HG00741#2#JAHALX010000013.1_51574319_51981226_0$HG02293.verkko_filt_pat.fa:haplotype2_0000836_148310532_148812524_1	0.9715281329031489 1K
NA12718 HG02717#1#JAHAOS010000015.1_16660311_17067250_0$HG02145#2#JAHKSF010000206.1_1005292_1413195_1	0.9715273920814238 1K
NA12718 HG02818#1#JAHEOS010000101.1_89626_496613_0$HG02071.verkko_filt_pat.fa:haplotype2_0000736_102745972_103248026_0	0.9715220852041186 1K
NA12718 AV_HG01361#haplotype2#0001322:101872897_102186552$HG02622#2#JAHAON010000012.1_51551779_52031001_0	0.9715188423709487 1K
NA12718 HG02080#1#JAHEOW010000048.1_16689583_17097287_0$HG01243#1#JAHEOY010000013.1_90081_424495_0	0.9715129273266515 1K
NA12718 HG005#2#JAHEPN010000023.1_51542210_51950070_0$HG03927.verkko_filt_pat.fa:haplotype2_0000800_29002142_29504057_1	0.9715083753415684 1K
NA12718 chr1_hg38_103456064_103863972_0$HG02486#1#JAGYVM010000007.1_28868414_29370339_1	0.9715078320553286 1K
NA12718 chr1_hg19_103998686_104406594_0$HG02486#1#JAGYVM010000007.1_28868414_29370339_1	0.9715078320553286 1K
NA12718 HG02055#2#JAHEPJ010000017.1_24870122_25298560_1$HG04228.verkko_filt_mat.fa:haplotype1_0000023_103429213_103930285_0	0.9714969069914636 1K
NA12718 HG00621#2#JAHBCC010000031.1_16669999_17077865_0$HG01099.verkko_filt_pat.fa:haplotype2_0000583_143544270_144046196_1	0.9714951435409247 1K
NA12718 HG04228.verkko_filt_mat.fa:haplotype1_0000023_103429213_103930285_0$HG02809.verkko_filt_pat.fa:haplotype2_0001251_103421111_103827972_0	0.9714877989629296 1K
NA12718 HG02622#2#JAHAON010000012.1_51551779_52031001_0$HG03710.verkko_filt_mat.fa:haplotype1_0000029_102593394_102907063_0	0.9714854997044273 1K
NA12718 HG02080#2#JAHEOV010000017.1_16662177_17164189_0$HG002.verkko_filt_pat.fa:haplotype2_0000649_147937390_148315979_1	0.9714850841347692 1K
NA12718 HG02809.verkko_filt_mat.fa:haplotype1_0000023_94161320_94589755_0$HG02071.verkko_filt_pat.fa:haplotype2_0000736_102745972_103248026_0	0.9714830518434027 1K
NA12718 AV_HG02148#haplotype2#0002863:16304803_16712699$HG03540#1#JAGYVY010000208.1_95187_596142_0	0.9714789457653719 1K
NA12718 AV_HG00673#haplotype1#0000019:16627360_17129375$HG00741#2#JAHALX010000013.1_51574319_51981226_0	0.9714708056785322 1K
NA12718 HG02818#2#JAHEOR010000010.1_31775319_32183091_1$HG01243#1#JAHEOY010000013.1_90081_424495_0	0.9714672900306494 1K
NA12718 HG00621#1#JAHBCD010000034.1_2122997_2624098_1$HG02486#2#JAGYVL010000029.1_94163344_94570162_0	0.9714617862134525 1K
NA12718 HG005#1#JAHEPO010000002.1_51519219_51926067_0$HG01123#1#JAGYYZ010000015.1_51528240_51935090_0	0.9714592615707609 1K
NA12718 HG00621#1#JAHBCD010000034.1_2122997_2624098_1$HG02809.verkko_filt_pat.fa:haplotype2_0001251_103421111_103827972_0	0.9714550769652396 1K
NA12718 HG02486#1#JAGYVM010000007.1_28868414_29370339_1$HG002.verkko_filt_mat.fa:haplotype1_0000005_138228497_138636354_1	0.9714504662473115 1K
NA12718 AV_HG01175#haplotype1#0000070:46006269_46414083$HG00438#2#JAHBCA010000012.1_51513023_51826723_0	0.9714491729403028 1K
NA12718 HG02818#2#JAHEOR010000010.1_31775319_32183091_1$HG03492#2#JAHEPH010000288.1_2098270_2432686_1	0.9714470495071567 1K
NA12718 HG01109#2#JAHEOZ010000047.1_16671232_17151375_0$HG01099.verkko_filt_mat.fa:haplotype1_0000034_142513097_142920876_1	0.9714421854466141 1K
NA12718 HG02630#1#JAHAOQ010000102.1_16672145_17079089_0$HG01109#2#JAHEOZ010000047.1_16671232_17151375_0	0.9714386411383880 1K
NA12718 HG00621#2#JAHBCC010000031.1_16669999_17077865_0$HG03540#1#JAGYVY010000208.1_95187_596142_0	0.9714345306058531 1K
NA12718 HG02486#2#JAGYVL010000029.1_94163344_94570162_0$HG04228.verkko_filt_mat.fa:haplotype1_0000023_103429213_103930285_0	0.9714340417499275 1K
NA12718 HG02886#2#JAHAOT010000031.1_87393_401061_0$HG01109#2#JAHEOZ010000047.1_16671232_17151375_0	0.9714282512724725 1K
NA12718 HG02080#2#JAHEOV010000017.1_16662177_17164189_0$HG00741#2#JAHALX010000013.1_51574319_51981226_0	0.9714280581476741 1K
NA12718 HG01928#1#JAGYVQ010000053.1_16676493_17083407_0$HG03927.verkko_filt_pat.fa:haplotype2_0000800_29002142_29504057_1	0.9714275486835877 1K
NA12718 HG03486#2#JAHEOP010000248.1_2105565_2584784_1$HG03710.verkko_filt_mat.fa:haplotype1_0000029_102593394_102907063_0	0.9714230863379680 1K
NA12718 HG02886#1#JAHAOU010000178.1_62411_469262_0$HG04228.verkko_filt_mat.fa:haplotype1_0000023_103429213_103930285_0	0.9714177458127641 1K
NA12718 HG00621#1#JAHBCD010000034.1_2122997_2624098_1$HG02630#1#JAHAOQ010000102.1_16672145_17079089_0	0.9714173233421839 1K
NA12718 HG00621#1#JAHBCD010000034.1_2122997_2624098_1$HG02055#2#JAHEPJ010000017.1_24870122_25298560_1	0.9714142710552111 1K
NA12718 HG02622#2#JAHAON010000012.1_51551779_52031001_0$HG02886#2#JAHAOT010000031.1_87393_401061_0	0.9714111128252707 1K
NA12718 AV_HG02257#haplotype2#0001152:102843493_103251377$HG02622#1#JAHAOO010000002.1_16673678_17080663_0	0.9714068291959683 1K
NA12718 HG00733#1#JAHEPQ010000019.1_46106835_46420495_0$HG002.verkko_filt_mat.fa:haplotype1_0000005_138228497_138636354_1	0.9714051389030118 1K
NA12718 HG02145#2#JAHKSF010000206.1_1005292_1413195_1$HG00438#1#JAHBCB010000015.1_33474867_33954171_0	0.9713995077987223 1K
NA12718 HG01109#2#JAHEOZ010000047.1_16671232_17151375_0$HG03710.verkko_filt_mat.fa:haplotype1_0000029_102593394_102907063_0	0.9713957075549667 1K
NA12718 HG01109#2#JAHEOZ010000047.1_16671232_17151375_0$HG02300.verkko_filt_mat.fa:haplotype1_0000028_144052837_144460586_1	0.9713950537282097 1K
NA12718 AV_HG01361#haplotype2#0001322:101872897_102186552$HG01109#2#JAHEOZ010000047.1_16671232_17151375_0	0.9713919511656357 1K
NA12718 AV_HG02257#haplotype2#0001152:102843493_103251377$HG00621#1#JAHBCD010000034.1_2122997_2624098_1	0.9713911759920832 1K
NA12718 HG02717#2#JAHAOR010000006.1_19663827_20070693_1$HG04228.verkko_filt_mat.fa:haplotype1_0000023_103429213_103930285_0	0.9713898809658131 1K
NA12718 AV_HG01175#haplotype1#0000070:46006269_46414083$HG02293.verkko_filt_mat.fa:haplotype1_0000039_30204405_30517145_1	0.9713836116036112 1K
NA12718 HG02071.verkko_filt_pat.fa:haplotype2_0000736_102745972_103248026_0$HG002.verkko_filt_pat.fa:haplotype2_0000649_147937390_148315979_1	0.9713820623279706 1K
NA12718 AV_HG02257#haplotype2#0001152:102843493_103251377$HG00438#1#JAHBCB010000015.1_33474867_33954171_0	0.9713762136725502 1K
NA12718 HG00621#1#JAHBCD010000034.1_2122997_2624098_1$HG005#1#JAHEPO010000002.1_51519219_51926067_0	0.9713715557007315 1K
NA12718 HG03486#1#JAHEOQ010000123.1_16677696_17085575_0$HG02486#1#JAGYVM010000007.1_28868414_29370339_1	0.9713577019373527 1K
NA12718 HG00621#1#JAHBCD010000034.1_2122997_2624098_1$NA18906#1#JAHEOO010000054.1_2103477_2510435_1	0.9713489134108818 1K
NA12718 AV_HG00673#haplotype2#0001165:24014011_24421797$HG03492#2#JAHEPH010000288.1_2098270_2432686_1	0.9713479932203174 1K
NA12718 HG02004.verkko_filt_mat.fa:haplotype1_0000022_97828542_98235483_0$HG03927.verkko_filt_pat.fa:haplotype2_0000800_29002142_29504057_1	0.9713434699996727 1K
NA12718 HG01978#2#JAGYVR010000007.1_51532241_51939176_0$HG03927.verkko_filt_pat.fa:haplotype2_0000800_29002142_29504057_1	0.9713430476449499 1K
NA12718 AV_HG02257#haplotype2#0001152:102843493_103251377$HG02630#1#JAHAOQ010000102.1_16672145_17079089_0	0.9713418011519804 1K
NA12718 HG03492#2#JAHEPH010000288.1_2098270_2432686_1$HG01099.verkko_filt_mat.fa:haplotype1_0000034_142513097_142920876_1	0.9713410732774657 1K
NA12718 HG02717#1#JAHAOS010000015.1_16660311_17067250_0$HG01109#2#JAHEOZ010000047.1_16671232_17151375_0	0.9713379955693201 1K
NA12718 AV_HG01106#haplotype1#0000048:16666181_17262214$HG02647.verkko_filt_pat.fa:haplotype2_0000857_103738150_104051769_0	0.9713361170499598 1K
NA12718 HG00621#1#JAHBCD010000034.1_2122997_2624098_1$HG02717#2#JAHAOR010000006.1_19663827_20070693_1	0.9713291361850396 1K
NA12718 AV_HG01106#haplotype1#0000048:16666181_17262214$HG03579#2#JAGYVT010000094.1_51581892_51895531_0	0.9713264163569085 1K
NA12718 HG00621#1#JAHBCD010000034.1_2122997_2624098_1$HG02886#1#JAHAOU010000178.1_62411_469262_0	0.9713255626245125 1K
NA12718 HG03492#2#JAHEPH010000288.1_2098270_2432686_1$HG03516#2#JAGYYS010000004.1_24452130_24859892_1	0.9713158419241548 1K
NA12718 HG01109#2#JAHEOZ010000047.1_16671232_17151375_0$HG02818#1#JAHEOS010000101.1_89626_496613_0	0.9713088386379177 1K
NA12718 HG01243#1#JAHEOY010000013.1_90081_424495_0$HG01099.verkko_filt_mat.fa:haplotype1_0000034_142513097_142920876_1	0.9713079438028156 1K
NA12718 HG02300.verkko_filt_pat.fa:haplotype2_0000620_143362344_143769323_1$HG01099.verkko_filt_pat.fa:haplotype2_0000583_143544270_144046196_1	0.9713067253962921 1K
NA12718 HG02559#1#JAGYVK010000012.1_51505852_51913611_0$HG03492#2#JAHEPH010000288.1_2098270_2432686_1	0.9713059267484104 1K
NA12718 HG00621#1#JAHBCD010000034.1_2122997_2624098_1$HG01123#1#JAGYYZ010000015.1_51528240_51935090_0	0.9713050722947607 1K
NA12718 HG01243#1#JAHEOY010000013.1_90081_424495_0$HG03516#2#JAGYYS010000004.1_24452130_24859892_1	0.9713041285078510 1K
NA12718 AV_HG01361#haplotype1#0000023:101593539_102001341$HG03492#2#JAHEPH010000288.1_2098270_2432686_1	0.9712981152771050 1K
NA12718 HG01123#1#JAGYYZ010000015.1_51528240_51935090_0$HG02717#2#JAHAOR010000006.1_19663827_20070693_1	0.9712953745849963 1K
NA12718 AV_HG02148#haplotype2#0002863:16304803_16712699$HG02486#1#JAGYVM010000007.1_28868414_29370339_1	0.9712923285255776 1K
NA12718 HG02486#1#JAGYVM010000007.1_28868414_29370339_1$HG02071.verkko_filt_mat.fa:haplotype1_0000041_103610513_104018399_0	0.9712865450156903 1K
NA12718 HG01243#1#JAHEOY010000013.1_90081_424495_0$NA19240#1#JAHEOM010000047.1_30103390_30511199_1	0.9712854868926776 1K
NA12718 AV_HG00673#haplotype2#0001165:24014011_24421797$HG01243#1#JAHEOY010000013.1_90081_424495_0	0.9712828146925765 1K
NA12718 AV_HG01361#haplotype1#0000023:101593539_102001341$HG01109#2#JAHEOZ010000047.1_16671232_17151375_0	0.9712801947944849 1K
NA12718 HG00621#1#JAHBCD010000034.1_2122997_2624098_1$HG02809.verkko_filt_mat.fa:haplotype1_0000023_94161320_94589755_0	0.9712772012358416 1K
NA12718 HG03492#2#JAHEPH010000288.1_2098270_2432686_1$NA19240#1#JAHEOM010000047.1_30103390_30511199_1	0.9712758866676487 1K
NA12718 HG03453#2#JAGYVV010000088.1_22597550_23005370_1$HG03927.verkko_filt_pat.fa:haplotype2_0000800_29002142_29504057_1	0.9712734115683597 1K
NA12718 HG03486#2#JAHEOP010000248.1_2105565_2584784_1$HG02886#2#JAHAOT010000031.1_87393_401061_0	0.9712730851209983 1K
NA12718 HG02559#1#JAGYVK010000012.1_51505852_51913611_0$HG01243#1#JAHEOY010000013.1_90081_424495_0	0.9712729165801263 1K
NA12718 HG02145#2#JAHKSF010000206.1_1005292_1413195_1$NA18906#1#JAHEOO010000054.1_2103477_2510435_1	0.9712681983085432 1K
NA12718 HG02622#1#JAHAOO010000002.1_16673678_17080663_0$HG02071.verkko_filt_pat.fa:haplotype2_0000736_102745972_103248026_0	0.9712646027273042 1K
NA12718 HG03486#1#JAHEOQ010000123.1_16677696_17085575_0$HG00733#1#JAHEPQ010000019.1_46106835_46420495_0	0.9712573978073021 1K
NA12718 HG04228.verkko_filt_mat.fa:haplotype1_0000023_103429213_103930285_0$HG02809.verkko_filt_mat.fa:haplotype1_0000023_94161320_94589755_0	0.9712524841766329 1K
NA12718 HG03453#2#JAGYVV010000088.1_22597550_23005370_1$HG01099.verkko_filt_pat.fa:haplotype2_0000583_143544270_144046196_1	0.9712506320415140 1K
NA12718 AV_HG01361#haplotype1#0000023:101593539_102001341$HG01243#1#JAHEOY010000013.1_90081_424495_0	0.9712435985855923 1K
NA12718 HG01123#1#JAGYYZ010000015.1_51528240_51935090_0$HG04228.verkko_filt_mat.fa:haplotype1_0000023_103429213_103930285_0	0.9712410778517619 1K
NA12718 HG005#2#JAHEPN010000023.1_51542210_51950070_0$HG02486#1#JAGYVM010000007.1_28868414_29370339_1	0.9712329323707569 1K
NA12718 HG00621#1#JAHBCD010000034.1_2122997_2624098_1$HG02559#2#JAGYVJ010000037.1_52167780_52574597_1	0.9712323032803573 1K
NA12718 HG02818#1#JAHEOS010000101.1_89626_496613_0$HG04228.verkko_filt_mat.fa:haplotype1_0000023_103429213_103930285_0	0.9712227095180195 1K
NA12718 HG03098#2#JAHEPL010000003.1_93803759_94117426_0$HG03486#2#JAHEOP010000248.1_2105565_2584784_1	0.9712221554188526 1K
NA12718 HG00621#2#JAHBCC010000031.1_16669999_17077865_0$HG02486#1#JAGYVM010000007.1_28868414_29370339_1	0.9712209419969842 1K
NA12718 HG00438#2#JAHBCA010000012.1_51513023_51826723_0$HG002.verkko_filt_mat.fa:haplotype1_0000005_138228497_138636354_1	0.9712201236125214 1K
NA12718 HG01978#2#JAGYVR010000007.1_51532241_51939176_0$HG03540#1#JAGYVY010000208.1_95187_596142_0	0.9712164234994660 1K
NA12718 HG01109#2#JAHEOZ010000047.1_16671232_17151375_0$HG03516#2#JAGYYS010000004.1_24452130_24859892_1	0.9712134981165828 1K
NA12718 HG02630#1#JAHAOQ010000102.1_16672145_17079089_0$HG02145#2#JAHKSF010000206.1_1005292_1413195_1	0.9712128572554096 1K
NA12718 HG005#1#JAHEPO010000002.1_51519219_51926067_0$HG04228.verkko_filt_mat.fa:haplotype1_0000023_103429213_103930285_0	0.9712103136982456 1K
NA12718 HG02717#1#JAHAOS010000015.1_16660311_17067250_0$HG04228.verkko_filt_mat.fa:haplotype1_0000023_103429213_103930285_0	0.9712053429729339 1K
NA12718 HG03098#2#JAHEPL010000003.1_93803759_94117426_0$HG01109#2#JAHEOZ010000047.1_16671232_17151375_0	0.9712041016911772 1K
NA12718 NA18906#2#JAHEON010000009.1_93748295_94249275_0$HG02109#2#JAHEPF010000078.1_16678387_16991144_0	0.9711878605141563 1K
NA12718 HG01978#2#JAGYVR010000007.1_51532241_51939176_0$HG02486#1#JAGYVM010000007.1_28868414_29370339_1	0.9711877586257324 1K
NA12718 HG00733#1#JAHEPQ010000019.1_46106835_46420495_0$HG02071.verkko_filt_mat.fa:haplotype1_0000041_103610513_104018399_0	0.9711870155435004 1K
NA12718 AV_HG01106#haplotype1#0000048:16666181_17262214$HG02109#2#JAHEPF010000078.1_16678387_16991144_0	0.9711860498751551 1K
NA12718 HG01109#2#JAHEOZ010000047.1_16671232_17151375_0$HG03927.verkko_filt_mat.fa:haplotype1_0000009_134765170_135173010_1	0.9711847153553841 1K
NA12718 HG00438#1#JAHBCB010000015.1_33474867_33954171_0$HG02647.verkko_filt_pat.fa:haplotype2_0000857_103738150_104051769_0	0.9711758222145280 1K
NA12718 HG03492#1#JAHEPI010000180.1_2103395_2543326_1$HG02300.verkko_filt_mat.fa:haplotype1_0000028_144052837_144460586_1	0.9711737476747312 1K
NA12718 HG02622#1#JAHAOO010000002.1_16673678_17080663_0$HG01109#2#JAHEOZ010000047.1_16671232_17151375_0	0.9711726860622416 1K
NA12718 HG005#1#JAHEPO010000002.1_51519219_51926067_0$HG00741#2#JAHALX010000013.1_51574319_51981226_0	0.9711721036478559 1K
NA12718 AV_HG01175#haplotype1#0000070:46006269_46414083$HG01123#2#JAGYYY010000006.1_51579630_51892388_0	0.9711634400113747 1K
NA12718 AV_HG01175#haplotype1#0000070:46006269_46414083$AV_HG01361#haplotype2#0001322:101872897_102186552	0.9711607617343495 1K
NA12718 HG02559#2#JAGYVJ010000037.1_52167780_52574597_1$HG04228.verkko_filt_mat.fa:haplotype1_0000023_103429213_103930285_0	0.9711566650004031 1K
NA12718 HG00621#1#JAHBCD010000034.1_2122997_2624098_1$HG02818#1#JAHEOS010000101.1_89626_496613_0	0.9711566460181505 1K
NA12718 HG03579#2#JAGYVT010000094.1_51581892_51895531_0$HG00438#1#JAHBCB010000015.1_33474867_33954171_0	0.9711523503550434 1K
NA12718 HG03540#1#JAGYVY010000208.1_95187_596142_0$HG02004.verkko_filt_mat.fa:haplotype1_0000022_97828542_98235483_0	0.9711516126652249 1K
NA12718 chr1_hg38_103456064_103863972_0$HG00733#1#JAHEPQ010000019.1_46106835_46420495_0	0.9711472411699779 1K
NA12718 chr1_hg19_103998686_104406594_0$HG00733#1#JAHEPQ010000019.1_46106835_46420495_0	0.9711472411699779 1K
NA12718 HG02145#2#JAHKSF010000206.1_1005292_1413195_1$HG02622#1#JAHAOO010000002.1_16673678_17080663_0	0.9711430935150543 1K
NA12718 AV_HG01106#haplotype1#0000048:16666181_17262214$HG01891#1#JAGYVO010000014.1_22855818_23168577_1	0.9711428826683831 1K
NA12718 HG02486#1#JAGYVM010000007.1_28868414_29370339_1$HG02004.verkko_filt_mat.fa:haplotype1_0000022_97828542_98235483_0	0.9711383939769292 1K
NA12718 NA18906#2#JAHEON010000009.1_93748295_94249275_0$HG02647.verkko_filt_pat.fa:haplotype2_0000857_103738150_104051769_0	0.9711360093116304 1K
NA12718 HG03579#2#JAGYVT010000094.1_51581892_51895531_0$NA18906#2#JAHEON010000009.1_93748295_94249275_0	0.9711311132010270 1K
NA12718 HG02080#1#JAHEOW010000048.1_16689583_17097287_0$HG01109#2#JAHEOZ010000047.1_16671232_17151375_0	0.9711237835360620 1K
NA12718 HG00741#2#JAHALX010000013.1_51574319_51981226_0$HG02071.verkko_filt_pat.fa:haplotype2_0000736_102745972_103248026_0	0.9711199568438829 1K
NA12718 HG00741#2#JAHALX010000013.1_51574319_51981226_0$HG02717#2#JAHAOR010000006.1_19663827_20070693_1	0.9711197665586653 1K
NA12718 HG00621#1#JAHBCD010000034.1_2122997_2624098_1$HG02717#1#JAHAOS010000015.1_16660311_17067250_0	0.9711181782768968 1K
NA12718 AV_HG01106#haplotype1#0000048:16666181_17262214$HG02723#1#JAHEOU010000204.1_2102082_2414876_1	0.9711165775737237 1K
NA12718 HG02818#2#JAHEOR010000010.1_31775319_32183091_1$HG01109#2#JAHEOZ010000047.1_16671232_17151375_0	0.9711137511442237 1K
NA12718 HG02559#1#JAGYVK010000012.1_51505852_51913611_0$HG01109#2#JAHEOZ010000047.1_16671232_17151375_0	0.9711113245245276 1K
NA12718 AV_HG02257#haplotype2#0001152:102843493_103251377$NA18906#1#JAHEOO010000054.1_2103477_2510435_1	0.9711086865957500 1K
NA12718 HG01109#2#JAHEOZ010000047.1_16671232_17151375_0$NA19240#1#JAHEOM010000047.1_30103390_30511199_1	0.9711017259323208 1K
NA12718 AV_HG02148#haplotype2#0002863:16304803_16712699$HG00733#1#JAHEPQ010000019.1_46106835_46420495_0	0.9710981367322983 1K
NA12718 HG03453#2#JAGYVV010000088.1_22597550_23005370_1$HG03540#1#JAGYVY010000208.1_95187_596142_0	0.9710977738554922 1K
NA12718 HG01928#1#JAGYVQ010000053.1_16676493_17083407_0$HG02486#1#JAGYVM010000007.1_28868414_29370339_1	0.9710976763051952 1K
NA12718 chr1_hg19_103998686_104406594_0$HG00438#2#JAHBCA010000012.1_51513023_51826723_0	0.9710976682675562 1K
NA12718 HG00438#2#JAHBCA010000012.1_51513023_51826723_0$chr1_hg38_103456064_103863972_0	0.9710976682675562 1K
NA12718 HG02717#1#JAHAOS010000015.1_16660311_17067250_0$HG02622#1#JAHAOO010000002.1_16673678_17080663_0	0.9710949216323531 1K
NA12718 AV_HG02257#haplotype2#0001152:102843493_103251377$HG02818#1#JAHEOS010000101.1_89626_496613_0	0.9710869622121581 1K
NA12718 HG03492#2#JAHEPH010000288.1_2098270_2432686_1$HG03579#1#JAGYVU010000029.1_91404_499180_0	0.9710867820850712 1K
NA12718 NA20129#2#JAHEPD010000155.1_90039_569275_0$HG01123#2#JAGYYY010000006.1_51579630_51892388_0	0.9710778635330565 1K
NA12718 HG00621#1#JAHBCD010000034.1_2122997_2624098_1$HG02622#1#JAHAOO010000002.1_16673678_17080663_0	0.9710768319922009 1K
NA12718 HG03486#1#JAHEOQ010000123.1_16677696_17085575_0$HG00438#2#JAHBCA010000012.1_51513023_51826723_0	0.9710739972225809 1K
NA12718 HG03486#2#JAHEOP010000248.1_2105565_2584784_1$HG02300.verkko_filt_mat.fa:haplotype1_0000028_144052837_144460586_1	0.9710666149265630 1K
NA12718 HG03492#2#JAHEPH010000288.1_2098270_2432686_1$HG03927.verkko_filt_mat.fa:haplotype1_0000009_134765170_135173010_1	0.9710490075820755 1K
NA12718 HG01928#1#JAGYVQ010000053.1_16676493_17083407_0$HG03540#1#JAGYVY010000208.1_95187_596142_0	0.9710458233408442 1K
NA12718 HG02293.verkko_filt_mat.fa:haplotype1_0000039_30204405_30517145_1$HG002.verkko_filt_mat.fa:haplotype1_0000005_138228497_138636354_1	0.9710443967609460 1K
NA12718 HG02630#2#JAHAOP010000089.1_16669255_17076135_0$HG02293.verkko_filt_pat.fa:haplotype2_0000836_148310532_148812524_1	0.9710377665784274 1K
NA12718 HG03492#1#JAHEPI010000180.1_2103395_2543326_1$HG01099.verkko_filt_mat.fa:haplotype1_0000034_142513097_142920876_1	0.9710375407182061 1K
NA12718 HG01243#1#JAHEOY010000013.1_90081_424495_0$HG03927.verkko_filt_mat.fa:haplotype1_0000009_134765170_135173010_1	0.9710373633825233 1K
NA12718 HG01109#1#JAHEPA010000099.1_2104245_2511104_1$HG01358#1#JAGYZB010000020.1_27445742_27855492_1	0.9710334767269102 1K
NA12718 HG01109#2#JAHEOZ010000047.1_16671232_17151375_0$HG03516#1#JAGYYT010000012.1_24170958_24578778_1	0.9710294967803510 1K
NA12718 HG03540#1#JAGYVY010000208.1_95187_596142_0$HG02300.verkko_filt_pat.fa:haplotype2_0000620_143362344_143769323_1	0.9710286762444005 1K
NA12718 HG02109#1#JAHEPG010000026.1_16673035_17080816_0$HG01358#1#JAGYZB010000020.1_27445742_27855492_1	0.9710221807362686 1K
NA12718 AV_HG00673#haplotype2#0001165:24014011_24421797$HG01109#2#JAHEOZ010000047.1_16671232_17151375_0	0.9710115846910296 1K
NA12718 HG01109#1#JAHEPA010000099.1_2104245_2511104_1$HG00438#1#JAHBCB010000015.1_33474867_33954171_0	0.9710113751519946 1K
NA12718 HG01243#1#JAHEOY010000013.1_90081_424495_0$HG03579#1#JAGYVU010000029.1_91404_499180_0	0.9710111713703959 1K
NA12718 AV_HG01175#haplotype1#0000070:46006269_46414083$HG03098#2#JAHEPL010000003.1_93803759_94117426_0	0.9710096644692083 1K
NA12718 AV_HG01361#haplotype2#0001322:101872897_102186552$HG03486#2#JAHEOP010000248.1_2105565_2584784_1	0.9710073901337540 1K
NA12718 HG02818#2#JAHEOR010000010.1_31775319_32183091_1$HG00438#1#JAHBCB010000015.1_33474867_33954171_0	0.9710026869841377 1K
NA12718 HG02622#1#JAHAOO010000002.1_16673678_17080663_0$HG04228.verkko_filt_mat.fa:haplotype1_0000023_103429213_103930285_0	0.9709979682952518 1K
NA12718 AV_HG00673#haplotype1#0000019:16627360_17129375$HG02630#2#JAHAOP010000089.1_16669255_17076135_0	0.9709963227220770 1K
NA12718 HG02486#1#JAGYVM010000007.1_28868414_29370339_1$HG02300.verkko_filt_pat.fa:haplotype2_0000620_143362344_143769323_1	0.9709837851407055 1K
NA12718 AV_HG01175#haplotype1#0000070:46006269_46414083$HG03710.verkko_filt_mat.fa:haplotype1_0000029_102593394_102907063_0	0.9709812975182096 1K
NA12718 HG01109#2#JAHEOZ010000047.1_16671232_17151375_0$HG03579#1#JAGYVU010000029.1_91404_499180_0	0.9709790851732892 1K
NA12718 AV_HG01175#haplotype1#0000070:46006269_46414083$HG02886#2#JAHAOT010000031.1_87393_401061_0	0.9709788817547755 1K
NA12718 HG02145#2#JAHKSF010000206.1_1005292_1413195_1$HG01358#1#JAGYZB010000020.1_27445742_27855492_1	0.9709709262828833 1K
NA12718 HG00621#2#JAHBCC010000031.1_16669999_17077865_0$HG00733#1#JAHEPQ010000019.1_46106835_46420495_0	0.9709649282421504 1K
NA12718 HG01109#2#JAHEOZ010000047.1_16671232_17151375_0$NA19240#2#JAHEOL010000010.1_37445323_37853017_0	0.9709646555169558 1K
NA12718 HG00621#1#JAHBCD010000034.1_2122997_2624098_1$HG002.verkko_filt_pat.fa:haplotype2_0000649_147937390_148315979_1	0.9709576505157800 1K
NA12718 HG00438#2#JAHBCA010000012.1_51513023_51826723_0$HG01978#2#JAGYVR010000007.1_51532241_51939176_0	0.9709545720162858 1K
NA12718 HG00438#1#JAHBCB010000015.1_33474867_33954171_0$NA19240#1#JAHEOM010000047.1_30103390_30511199_1	0.9709538259494810 1K
NA12718 HG02080#1#JAHEOW010000048.1_16689583_17097287_0$HG03486#2#JAHEOP010000248.1_2105565_2584784_1	0.9709434459113224 1K
NA12718 HG00621#1#JAHBCD010000034.1_2122997_2624098_1$HG00741#2#JAHALX010000013.1_51574319_51981226_0	0.9709429508185996 1K
NA12718 AV_HG01361#haplotype1#0000023:101593539_102001341$HG03492#1#JAHEPI010000180.1_2103395_2543326_1	0.9709393331376310 1K
NA12718 HG02145#2#JAHKSF010000206.1_1005292_1413195_1$HG02818#1#JAHEOS010000101.1_89626_496613_0	0.9709344550692492 1K
NA12718 HG03486#1#JAHEOQ010000123.1_16677696_17085575_0$HG02293.verkko_filt_mat.fa:haplotype1_0000039_30204405_30517145_1	0.9709324109676073 1K
NA12718 HG00438#1#JAHBCB010000015.1_33474867_33954171_0$HG02622#1#JAHAOO010000002.1_16673678_17080663_0	0.9709271586071196 1K
NA12718 HG02622#1#JAHAOO010000002.1_16673678_17080663_0$NA18906#1#JAHEOO010000054.1_2103477_2510435_1	0.9709243147195590 1K
NA12718 HG03486#2#JAHEOP010000248.1_2105565_2584784_1$HG01099.verkko_filt_mat.fa:haplotype1_0000034_142513097_142920876_1	0.9709222731440389 1K
NA12718 HG02080#1#JAHEOW010000048.1_16689583_17097287_0$HG03492#1#JAHEPI010000180.1_2103395_2543326_1	0.9709186744217344 1K
NA12718 HG02818#2#JAHEOR010000010.1_31775319_32183091_1$NA20129#2#JAHEPD010000155.1_90039_569275_0	0.9709114925277612 1K
NA12718 HG02630#1#JAHAOQ010000102.1_16672145_17079089_0$HG02717#1#JAHAOS010000015.1_16660311_17067250_0	0.9709032811043790 1K
NA12718 HG02559#1#JAGYVK010000012.1_51505852_51913611_0$HG00438#1#JAHBCB010000015.1_33474867_33954171_0	0.9708961281319678 1K
NA12718 HG00438#1#JAHBCB010000015.1_33474867_33954171_0$HG03516#2#JAGYYS010000004.1_24452130_24859892_1	0.9708938036750867 1K
NA12718 HG01928#1#JAGYVQ010000053.1_16676493_17083407_0$HG00438#2#JAHBCA010000012.1_51513023_51826723_0	0.9708881124933573 1K
NA12718 HG00438#1#JAHBCB010000015.1_33474867_33954171_0$HG03516#1#JAGYYT010000012.1_24170958_24578778_1	0.9708873663335030 1K
NA12718 HG02717#1#JAHAOS010000015.1_16660311_17067250_0$HG00438#1#JAHBCB010000015.1_33474867_33954171_0	0.9708837295517488 1K
NA12718 NA20129#2#JAHEPD010000155.1_90039_569275_0$NA19240#1#JAHEOM010000047.1_30103390_30511199_1	0.9708750570791481 1K
NA12718 NA20129#2#JAHEPD010000155.1_90039_569275_0$HG03516#2#JAGYYS010000004.1_24452130_24859892_1	0.9708654230892763 1K
NA12718 HG03492#2#JAHEPH010000288.1_2098270_2432686_1$HG01258#1#JAGYYV010000004.1_56955948_57456952_1	0.9708611659501794 1K
NA12718 HG03453#2#JAGYVV010000088.1_22597550_23005370_1$HG00733#1#JAHEPQ010000019.1_46106835_46420495_0	0.9708602565335439 1K
NA12718 HG03453#1#JAGYVW010000157.1_2105722_2585000_1$HG02293.verkko_filt_mat.fa:haplotype1_0000039_30204405_30517145_1	0.9708549957491039 1K
NA12718 HG03486#2#JAHEOP010000248.1_2105565_2584784_1$HG03516#2#JAGYYS010000004.1_24452130_24859892_1	0.9708478738347039 1K
NA12718 HG02630#2#JAHAOP010000089.1_16669255_17076135_0$HG02071.verkko_filt_pat.fa:haplotype2_0000736_102745972_103248026_0	0.9708463464973613 1K
NA12718 HG02559#1#JAGYVK010000012.1_51505852_51913611_0$NA20129#2#JAHEPD010000155.1_90039_569275_0	0.9708426553214992 1K
NA12718 HG04228.verkko_filt_mat.fa:haplotype1_0000023_103429213_103930285_0$HG002.verkko_filt_pat.fa:haplotype2_0000649_147937390_148315979_1	0.9708389496870198 1K
NA12718 HG01123#2#JAGYYY010000006.1_51579630_51892388_0$HG02622#2#JAHAON010000012.1_51551779_52031001_0	0.9708389365673302 1K
NA12718 AV_HG02257#haplotype2#0001152:102843493_103251377$HG01358#1#JAGYZB010000020.1_27445742_27855492_1	0.9708373061752541 1K
NA12718 HG00438#1#JAHBCB010000015.1_33474867_33954171_0$NA19240#2#JAHEOL010000010.1_37445323_37853017_0	0.9708360357914322 1K
NA12718 HG02818#2#JAHEOR010000010.1_31775319_32183091_1$HG02622#2#JAHAON010000012.1_51551779_52031001_0	0.9708354148888648 1K
NA12718 HG01258#1#JAGYYV010000004.1_56955948_57456952_1$HG01243#1#JAHEOY010000013.1_90081_424495_0	0.9708342300736744 1K
NA12718 HG02818#2#JAHEOR010000010.1_31775319_32183091_1$HG03486#2#JAHEOP010000248.1_2105565_2584784_1	0.9708280018752208 1K
NA12718 HG00438#2#JAHBCA010000012.1_51513023_51826723_0$HG02004.verkko_filt_mat.fa:haplotype1_0000022_97828542_98235483_0	0.9708224877698599 1K
NA12718 HG03453#1#JAGYVW010000157.1_2105722_2585000_1$HG03492#2#JAHEPH010000288.1_2098270_2432686_1	0.9708224415587834 1K
NA12718 AV_HG01175#haplotype1#0000070:46006269_46414083$NA18906#2#JAHEON010000009.1_93748295_94249275_0	0.9708222411283703 1K
NA12718 HG00438#2#JAHBCA010000012.1_51513023_51826723_0$HG02071.verkko_filt_mat.fa:haplotype1_0000041_103610513_104018399_0	0.9708060505296146 1K
NA12718 HG03710.verkko_filt_mat.fa:haplotype1_0000029_102593394_102907063_0$HG002.verkko_filt_mat.fa:haplotype1_0000005_138228497_138636354_1	0.9708022826925056 1K
NA12718 HG02630#2#JAHAOP010000089.1_16669255_17076135_0$HG02080#2#JAHEOV010000017.1_16662177_17164189_0	0.9708016032904390 1K
NA12718 HG00438#1#JAHBCB010000015.1_33474867_33954171_0$NA18906#1#JAHEOO010000054.1_2103477_2510435_1	0.9708003950030093 1K
NA12718 HG00741#2#JAHALX010000013.1_51574319_51981226_0$HG04228.verkko_filt_mat.fa:haplotype1_0000023_103429213_103930285_0	0.9707992438457987 1K
NA12718 HG01978#2#JAGYVR010000007.1_51532241_51939176_0$HG00733#1#JAHEPQ010000019.1_46106835_46420495_0	0.9707946515089133 1K
NA12718 HG03453#1#JAGYVW010000157.1_2105722_2585000_1$HG01243#1#JAHEOY010000013.1_90081_424495_0	0.9707908509583971 1K
NA12718 HG03453#2#JAGYVV010000088.1_22597550_23005370_1$HG02486#1#JAGYVM010000007.1_28868414_29370339_1	0.9707906050520277 1K
NA12718 HG02559#1#JAGYVK010000012.1_51505852_51913611_0$HG03486#2#JAHEOP010000248.1_2105565_2584784_1	0.9707887536089209 1K
NA12718 HG00438#1#JAHBCB010000015.1_33474867_33954171_0$HG03579#1#JAGYVU010000029.1_91404_499180_0	0.9707884757404435 1K
NA12718 HG02622#2#JAHAON010000012.1_51551779_52031001_0$NA19240#1#JAHEOM010000047.1_30103390_30511199_1	0.9707866264314909 1K
NA12718 HG00733#1#JAHEPQ010000019.1_46106835_46420495_0$HG02004.verkko_filt_mat.fa:haplotype1_0000022_97828542_98235483_0	0.9707846534103722 1K
NA12718 HG02717#1#JAHAOS010000015.1_16660311_17067250_0$HG02818#1#JAHEOS010000101.1_89626_496613_0	0.9707835826349956 1K
NA12718 HG00438#1#JAHBCB010000015.1_33474867_33954171_0$HG02818#1#JAHEOS010000101.1_89626_496613_0	0.9707798840737608 1K
NA12718 HG00438#1#JAHBCB010000015.1_33474867_33954171_0$HG02300.verkko_filt_mat.fa:haplotype1_0000028_144052837_144460586_1	0.9707795076520004 1K
NA12718 HG02622#2#JAHAON010000012.1_51551779_52031001_0$HG03516#2#JAGYYS010000004.1_24452130_24859892_1	0.9707771012902171 1K
NA12718 HG02559#1#JAGYVK010000012.1_51505852_51913611_0$HG02622#2#JAHAON010000012.1_51551779_52031001_0	0.9707604769200221 1K
NA12718 HG01123#2#JAGYYY010000006.1_51579630_51892388_0$HG03486#2#JAHEOP010000248.1_2105565_2584784_1	0.9707586153081449 1K
NA12718 HG00438#2#JAHBCA010000012.1_51513023_51826723_0$HG005#2#JAHEPN010000023.1_51542210_51950070_0	0.9707580400224156 1K
NA12718 HG02630#1#JAHAOQ010000102.1_16672145_17079089_0$HG00438#1#JAHBCB010000015.1_33474867_33954171_0	0.9707488098406182 1K
NA12718 HG03486#2#JAHEOP010000248.1_2105565_2584784_1$NA19240#1#JAHEOM010000047.1_30103390_30511199_1	0.9707421757948145 1K
NA12718 HG03486#1#JAHEOQ010000123.1_16677696_17085575_0$HG03710.verkko_filt_mat.fa:haplotype1_0000029_102593394_102907063_0	0.9707399076877564 1K
NA12718 AV_HG01175#haplotype1#0000070:46006269_46414083$HG04228.verkko_filt_pat.fa:haplotype2_0000600_103806749_104119491_0	0.9707350421686597 1K
NA12718 HG005#2#JAHEPN010000023.1_51542210_51950070_0$HG00733#1#JAHEPQ010000019.1_46106835_46420495_0	0.9707199104033734 1K
NA12718 HG03492#1#JAHEPI010000180.1_2103395_2543326_1$HG03516#2#JAGYYS010000004.1_24452130_24859892_1	0.9707149688759408 1K
NA12718 AV_HG01361#haplotype1#0000023:101593539_102001341$HG03486#2#JAHEOP010000248.1_2105565_2584784_1	0.9707108603626247 1K
NA12718 NA20129#2#JAHEPD010000155.1_90039_569275_0$HG03927.verkko_filt_mat.fa:haplotype1_0000009_134765170_135173010_1	0.9707104557076413 1K
NA12718 HG02071.verkko_filt_mat.fa:haplotype1_0000041_103610513_104018399_0$HG02293.verkko_filt_mat.fa:haplotype1_0000039_30204405_30517145_1	0.9707024112697233 1K
NA12718 HG03492#2#JAHEPH010000288.1_2098270_2432686_1$HG01071#1#JAHBCF010000053.1_26607100_27108065_1	0.9706982409334609 1K
NA12718 HG00733#1#JAHEPQ010000019.1_46106835_46420495_0$HG02300.verkko_filt_pat.fa:haplotype2_0000620_143362344_143769323_1	0.9706857735145662 1K
NA12718 HG02630#1#JAHAOQ010000102.1_16672145_17079089_0$NA18906#1#JAHEOO010000054.1_2103477_2510435_1	0.9706839880156096 1K
NA12718 HG03486#2#JAHEOP010000248.1_2105565_2584784_1$HG03579#1#JAGYVU010000029.1_91404_499180_0	0.9706810984635257 1K
NA12718 NA20129#2#JAHEPD010000155.1_90039_569275_0$HG03516#1#JAGYYT010000012.1_24170958_24578778_1	0.9706784434357575 1K
NA12718 HG01071#1#JAHBCF010000053.1_26607100_27108065_1$HG01243#1#JAHEOY010000013.1_90081_424495_0	0.9706782963446268 1K
NA12718 HG01123#2#JAGYYY010000006.1_51579630_51892388_0$HG002.verkko_filt_mat.fa:haplotype1_0000005_138228497_138636354_1	0.9706757948809567 1K
NA12718 HG02080#1#JAHEOW010000048.1_16689583_17097287_0$HG00438#1#JAHBCB010000015.1_33474867_33954171_0	0.9706748467756544 1K
NA12718 AV_HG02257#haplotype2#0001152:102843493_103251377$HG02717#1#JAHAOS010000015.1_16660311_17067250_0	0.9706712589106422 1K
NA12718 HG02717#1#JAHAOS010000015.1_16660311_17067250_0$NA18906#1#JAHEOO010000054.1_2103477_2510435_1	0.9706698875338751 1K
NA12718 NA20129#2#JAHEPD010000155.1_90039_569275_0$HG01099.verkko_filt_mat.fa:haplotype1_0000034_142513097_142920876_1	0.9706568632556740 1K
NA12718 HG02630#1#JAHAOQ010000102.1_16672145_17079089_0$HG02622#1#JAHAOO010000002.1_16673678_17080663_0	0.9706539505667698 1K
NA12718 HG03486#2#JAHEOP010000248.1_2105565_2584784_1$NA19240#2#JAHEOL010000010.1_37445323_37853017_0	0.9706420643720821 1K
NA12718 HG03486#1#JAHEOQ010000123.1_16677696_17085575_0$HG01123#2#JAGYYY010000006.1_51579630_51892388_0	0.9706370561407369 1K
NA12718 NA20129#2#JAHEPD010000155.1_90039_569275_0$HG03579#1#JAGYVU010000029.1_91404_499180_0	0.9706360212381382 1K
NA12718 HG01928#1#JAGYVQ010000053.1_16676493_17083407_0$HG00733#1#JAHEPQ010000019.1_46106835_46420495_0	0.9706293145983600 1K
NA12718 HG03486#2#JAHEOP010000248.1_2105565_2584784_1$HG03927.verkko_filt_mat.fa:haplotype1_0000009_134765170_135173010_1	0.9706285393197184 1K
NA12718 chr1_hg38_103456064_103863972_0$HG02293.verkko_filt_mat.fa:haplotype1_0000039_30204405_30517145_1	0.9706256844294432 1K
NA12718 chr1_hg19_103998686_104406594_0$HG02293.verkko_filt_mat.fa:haplotype1_0000039_30204405_30517145_1	0.9706256844294432 1K
NA12718 HG00438#1#JAHBCB010000015.1_33474867_33954171_0$HG01099.verkko_filt_mat.fa:haplotype1_0000034_142513097_142920876_1	0.9706227891126263 1K
NA12718 AV_HG01175#haplotype1#0000070:46006269_46414083$HG02723#1#JAHEOU010000204.1_2102082_2414876_1	0.9706122929586770 1K
NA12718 NA20129#2#JAHEPD010000155.1_90039_569275_0$HG02300.verkko_filt_mat.fa:haplotype1_0000028_144052837_144460586_1	0.9706096265573876 1K
NA12718 HG01123#1#JAGYYZ010000015.1_51528240_51935090_0$HG00741#2#JAHALX010000013.1_51574319_51981226_0	0.9706079107888292 1K
NA12718 NA18906#1#JAHEOO010000054.1_2103477_2510435_1$HG01358#1#JAGYZB010000020.1_27445742_27855492_1	0.9706057414585635 1K
NA12718 HG01258#1#JAGYYV010000004.1_56955948_57456952_1$HG02300.verkko_filt_mat.fa:haplotype1_0000028_144052837_144460586_1	0.9705950068002939 1K
NA12718 AV_HG00673#haplotype2#0001165:24014011_24421797$HG00438#1#JAHBCB010000015.1_33474867_33954171_0	0.9705871090459397 1K
NA12718 AV_HG00673#haplotype2#0001165:24014011_24421797$HG03492#1#JAHEPI010000180.1_2103395_2543326_1	0.9705861843202503 1K
NA12718 HG03492#2#JAHEPH010000288.1_2098270_2432686_1$HG03927.verkko_filt_pat.fa:haplotype2_0000800_29002142_29504057_1	0.9705856308427241 1K
NA12718 HG02622#2#JAHAON010000012.1_51551779_52031001_0$HG03579#1#JAGYVU010000029.1_91404_499180_0	0.9705847255233422 1K
NA12718 HG02622#2#JAHAON010000012.1_51551779_52031001_0$HG03927.verkko_filt_mat.fa:haplotype1_0000009_134765170_135173010_1	0.9705725158927424 1K
NA12718 AV_HG01361#haplotype1#0000023:101593539_102001341$NA20129#2#JAHEPD010000155.1_90039_569275_0	0.9705564566145130 1K
NA12718 HG02630#2#JAHAOP010000089.1_16669255_17076135_0$HG04228.verkko_filt_mat.fa:haplotype1_0000023_103429213_103930285_0	0.9705472764689678 1K
NA12718 AV_HG02148#haplotype2#0002863:16304803_16712699$HG00438#2#JAHBCA010000012.1_51513023_51826723_0	0.9705470011579380 1K
NA12718 HG01258#1#JAGYYV010000004.1_56955948_57456952_1$HG01099.verkko_filt_mat.fa:haplotype1_0000034_142513097_142920876_1	0.9705407734126232 1K
NA12718 HG02080#1#JAHEOW010000048.1_16689583_17097287_0$HG01258#1#JAGYYV010000004.1_56955948_57456952_1	0.9705332689571743 1K
NA12718 NA18906#2#JAHEON010000009.1_93748295_94249275_0$HG002.verkko_filt_mat.fa:haplotype1_0000005_138228497_138636354_1	0.9705248147340708 1K
NA12718 HG03492#1#JAHEPI010000180.1_2103395_2543326_1$HG03579#1#JAGYVU010000029.1_91404_499180_0	0.9705170436352648 1K
NA12718 HG01243#1#JAHEOY010000013.1_90081_424495_0$HG03927.verkko_filt_pat.fa:haplotype2_0000800_29002142_29504057_1	0.9705170381978449 1K
NA12718 HG02630#1#JAHAOQ010000102.1_16672145_17079089_0$HG02818#1#JAHEOS010000101.1_89626_496613_0	0.9705095921072296 1K
NA12718 HG01109#2#JAHEOZ010000047.1_16671232_17151375_0$HG02109#2#JAHEPF010000078.1_16678387_16991144_0	0.9705059588667715 1K
NA12718 AV_HG01361#haplotype2#0001322:101872897_102186552$HG002.verkko_filt_mat.fa:haplotype1_0000005_138228497_138636354_1	0.9705005589327367 1K
NA12718 AV_HG01361#haplotype2#0001322:101872897_102186552$HG03486#1#JAHEOQ010000123.1_16677696_17085575_0	0.9705002508927801 1K
NA12718 AV_HG01175#haplotype1#0000070:46006269_46414083$HG02109#2#JAHEPF010000078.1_16678387_16991144_0	0.9704863383618022 1K
NA12718 HG02622#2#JAHAON010000012.1_51551779_52031001_0$HG03516#1#JAGYYT010000012.1_24170958_24578778_1	0.9704849444468440 1K
NA12718 NA18906#1#JAHEOO010000054.1_2103477_2510435_1$HG02818#1#JAHEOS010000101.1_89626_496613_0	0.9704847265552621 1K
NA12718 AV_HG01361#haplotype1#0000023:101593539_102001341$HG00438#1#JAHBCB010000015.1_33474867_33954171_0	0.9704730808960421 1K
NA12718 HG02622#2#JAHAON010000012.1_51551779_52031001_0$HG01099.verkko_filt_mat.fa:haplotype1_0000034_142513097_142920876_1	0.9704694307548161 1K
NA12718 HG01071#1#JAHBCF010000053.1_26607100_27108065_1$HG01099.verkko_filt_mat.fa:haplotype1_0000034_142513097_142920876_1	0.9704689988125101 1K
NA12718 HG00438#1#JAHBCB010000015.1_33474867_33954171_0$HG02109#2#JAHEPF010000078.1_16678387_16991144_0	0.9704675729572203 1K
NA12718 HG02559#1#JAGYVK010000012.1_51505852_51913611_0$HG03492#1#JAHEPI010000180.1_2103395_2543326_1	0.9704669180234574 1K
NA12718 HG02717#1#JAHAOS010000015.1_16660311_17067250_0$HG01358#1#JAGYZB010000020.1_27445742_27855492_1	0.9704666130617265 1K
NA12718 HG00438#2#JAHBCA010000012.1_51513023_51826723_0$HG02300.verkko_filt_pat.fa:haplotype2_0000620_143362344_143769323_1	0.9704642852731433 1K
NA12718 HG03492#1#JAHEPI010000180.1_2103395_2543326_1$NA19240#2#JAHEOL010000010.1_37445323_37853017_0	0.9704632736551282 1K
NA12718 HG03486#1#JAHEOQ010000123.1_16677696_17085575_0$NA18906#2#JAHEON010000009.1_93748295_94249275_0	0.9704442475265614 1K
NA12718 NA20129#2#JAHEPD010000155.1_90039_569275_0$NA19240#2#JAHEOL010000010.1_37445323_37853017_0	0.9704428202585446 1K
NA12718 AV_HG01106#haplotype2#0000932:16673968_17175925$HG01358#1#JAGYZB010000020.1_27445742_27855492_1	0.9704404862815809 1K
NA12718 HG00438#1#JAHBCB010000015.1_33474867_33954171_0$HG01891#1#JAGYVO010000014.1_22855818_23168577_1	0.9704404444518474 1K
NA12718 AV_HG02148#haplotype2#0002863:16304803_16712699$HG03710.verkko_filt_mat.fa:haplotype1_0000029_102593394_102907063_0	0.9704327288843655 1K
NA12718 HG01258#1#JAGYYV010000004.1_56955948_57456952_1$NA19240#2#JAHEOL010000010.1_37445323_37853017_0	0.9704306124916463 1K
NA12718 HG02886#2#JAHAOT010000031.1_87393_401061_0$HG002.verkko_filt_mat.fa:haplotype1_0000005_138228497_138636354_1	0.9704294544958639 1K
NA12718 HG00438#1#JAHBCB010000015.1_33474867_33954171_0$HG02109#1#JAHEPG010000026.1_16673035_17080816_0	0.9704260260262294 1K
NA12718 HG02622#2#JAHAON010000012.1_51551779_52031001_0$HG02300.verkko_filt_mat.fa:haplotype1_0000028_144052837_144460586_1	0.9704221879184767 1K
NA12718 HG03486#1#JAHEOQ010000123.1_16677696_17085575_0$HG02886#2#JAHAOT010000031.1_87393_401061_0	0.9704161260086318 1K
NA12718 HG02080#1#JAHEOW010000048.1_16689583_17097287_0$NA20129#2#JAHEPD010000155.1_90039_569275_0	0.9704119376364775 1K
NA12718 HG02630#1#JAHAOQ010000102.1_16672145_17079089_0$HG01358#1#JAGYZB010000020.1_27445742_27855492_1	0.9704090799118024 1K
NA12718 HG03486#2#JAHEOP010000248.1_2105565_2584784_1$HG03516#1#JAGYYT010000012.1_24170958_24578778_1	0.9704056916377973 1K
NA12718 HG02818#2#JAHEOR010000010.1_31775319_32183091_1$HG03492#1#JAHEPI010000180.1_2103395_2543326_1	0.9704045420971639 1K
NA12718 HG00621#1#JAHBCD010000034.1_2122997_2624098_1$HG02630#2#JAHAOP010000089.1_16669255_17076135_0	0.9704037694525287 1K
NA12718 HG02622#1#JAHAOO010000002.1_16673678_17080663_0$HG02818#1#JAHEOS010000101.1_89626_496613_0	0.9704035330074924 1K
NA12718 HG02886#1#JAHAOU010000178.1_62411_469262_0$HG01109#2#JAHEOZ010000047.1_16671232_17151375_0	0.9704034389538051 1K
NA12718 NA18906#2#JAHEON010000009.1_93748295_94249275_0$HG02071.verkko_filt_mat.fa:haplotype1_0000041_103610513_104018399_0	0.9703938566104947 1K
NA12718 AV_HG00673#haplotype2#0001165:24014011_24421797$HG03486#2#JAHEOP010000248.1_2105565_2584784_1	0.9703930553698699 1K
NA12718 NA18906#2#JAHEON010000009.1_93748295_94249275_0$HG01891#1#JAGYVO010000014.1_22855818_23168577_1	0.9703924338937012 1K
NA12718 HG03098#2#JAHEPL010000003.1_93803759_94117426_0$HG002.verkko_filt_mat.fa:haplotype1_0000005_138228497_138636354_1	0.9703864263792246 1K
NA12718 HG02071.verkko_filt_mat.fa:haplotype1_0000041_103610513_104018399_0$HG03710.verkko_filt_mat.fa:haplotype1_0000029_102593394_102907063_0	0.9703617587143024 1K
NA12718 HG01123#2#JAGYYY010000006.1_51579630_51892388_0$HG02071.verkko_filt_mat.fa:haplotype1_0000041_103610513_104018399_0	0.9703579451702995 1K
NA12718 AV_HG01361#haplotype1#0000023:101593539_102001341$HG02622#2#JAHAON010000012.1_51551779_52031001_0	0.9703504197530507 1K
NA12718 HG01071#1#JAHBCF010000053.1_26607100_27108065_1$HG02300.verkko_filt_mat.fa:haplotype1_0000028_144052837_144460586_1	0.9703434081390199 1K
NA12718 HG03710.verkko_filt_mat.fa:haplotype1_0000029_102593394_102907063_0$HG02300.verkko_filt_pat.fa:haplotype2_0000620_143362344_143769323_1	0.9703415721755873 1K
NA12718 chr1_hg19_103998686_104406594_0$HG03098#2#JAHEPL010000003.1_93803759_94117426_0	0.9703379601725315 1K
NA12718 HG03098#2#JAHEPL010000003.1_93803759_94117426_0$chr1_hg38_103456064_103863972_0	0.9703379601725315 1K
NA12718 HG04228.verkko_filt_pat.fa:haplotype2_0000600_103806749_104119491_0$HG002.verkko_filt_mat.fa:haplotype1_0000005_138228497_138636354_1	0.9703214649110919 1K
NA12718 HG00621#2#JAHBCC010000031.1_16669999_17077865_0$HG02293.verkko_filt_mat.fa:haplotype1_0000039_30204405_30517145_1	0.9703195751762500 1K
NA12718 AV_HG01361#haplotype1#0000023:101593539_102001341$HG01258#1#JAGYYV010000004.1_56955948_57456952_1	0.9703191474050541 1K
NA12718 AV_HG01175#haplotype1#0000070:46006269_46414083$HG01891#1#JAGYVO010000014.1_22855818_23168577_1	0.9703179878928156 1K
NA12718 AV_HG01361#haplotype1#0000023:101593539_102001341$HG01071#1#JAHBCF010000053.1_26607100_27108065_1	0.9703129685005998 1K
NA12718 HG01358#1#JAGYZB010000020.1_27445742_27855492_1$HG02818#1#JAHEOS010000101.1_89626_496613_0	0.9703071004286358 1K
NA12718 AV_HG00673#haplotype2#0001165:24014011_24421797$NA20129#2#JAHEPD010000155.1_90039_569275_0	0.9703051928504753 1K
NA12718 HG02622#1#JAHAOO010000002.1_16673678_17080663_0$HG01358#1#JAGYZB010000020.1_27445742_27855492_1	0.9703019257380930 1K
NA12718 HG01109#2#JAHEOZ010000047.1_16671232_17151375_0$HG02486#2#JAGYVL010000029.1_94163344_94570162_0	0.9702973146887984 1K
NA12718 chr1_hg38_103456064_103863972_0$NA18906#2#JAHEON010000009.1_93748295_94249275_0	0.9702882191286366 1K
NA12718 chr1_hg19_103998686_104406594_0$NA18906#2#JAHEON010000009.1_93748295_94249275_0	0.9702882191286366 1K
NA12718 HG00621#2#JAHBCC010000031.1_16669999_17077865_0$HG03710.verkko_filt_mat.fa:haplotype1_0000029_102593394_102907063_0	0.9702872330296303 1K
NA12718 HG01109#2#JAHEOZ010000047.1_16671232_17151375_0$HG01258#2#JAGYYU010000072.1_51562603_51970395_0	0.9702804905342768 1K
NA12718 HG02080#1#JAHEOW010000048.1_16689583_17097287_0$HG01071#1#JAHBCF010000053.1_26607100_27108065_1	0.9702707650017928 1K
NA12718 HG03492#1#JAHEPI010000180.1_2103395_2543326_1$NA19240#1#JAHEOM010000047.1_30103390_30511199_1	0.9702671672286773 1K
NA12718 chr1_hg38_103456064_103863972_0$HG03710.verkko_filt_mat.fa:haplotype1_0000029_102593394_102907063_0	0.9702603159166946 1K
NA12718 chr1_hg19_103998686_104406594_0$HG03710.verkko_filt_mat.fa:haplotype1_0000029_102593394_102907063_0	0.9702603159166946 1K
NA12718 HG00621#2#JAHBCC010000031.1_16669999_17077865_0$NA18906#2#JAHEON010000009.1_93748295_94249275_0	0.9702525198518617 1K
NA12718 HG00438#2#JAHBCA010000012.1_51513023_51826723_0$HG03453#2#JAGYVV010000088.1_22597550_23005370_1	0.9702490798322466 1K
NA12718 HG005#2#JAHEPN010000023.1_51542210_51950070_0$HG02293.verkko_filt_mat.fa:haplotype1_0000039_30204405_30517145_1	0.9702461965108432 1K
NA12718 HG02622#2#JAHAON010000012.1_51551779_52031001_0$NA19240#2#JAHEOL010000010.1_37445323_37853017_0	0.9702368499417883 1K
NA12718 chr1_hg38_103456064_103863972_0$HG02886#2#JAHAOT010000031.1_87393_401061_0	0.9702328456546042 1K
NA12718 chr1_hg19_103998686_104406594_0$HG02886#2#JAHAOT010000031.1_87393_401061_0	0.9702328456546042 1K
NA12718 AV_HG00673#haplotype2#0001165:24014011_24421797$HG01258#1#JAGYYV010000004.1_56955948_57456952_1	0.9702295362126752 1K
NA12718 AV_HG02148#haplotype2#0002863:16304803_16712699$NA18906#2#JAHEON010000009.1_93748295_94249275_0	0.9702266997225268 1K
NA12718 HG01123#2#JAGYYY010000006.1_51579630_51892388_0$chr1_hg38_103456064_103863972_0	0.9702194054961936 1K
NA12718 HG01123#2#JAGYYY010000006.1_51579630_51892388_0$chr1_hg19_103998686_104406594_0	0.9702194054961936 1K
NA12718 AV_HG00673#haplotype2#0001165:24014011_24421797$HG01071#1#JAHBCF010000053.1_26607100_27108065_1	0.9702181998457267 1K
NA12718 HG02886#2#JAHAOT010000031.1_87393_401061_0$HG01978#2#JAGYVR010000007.1_51532241_51939176_0	0.9702127521835779 1K
NA12718 HG01258#1#JAGYYV010000004.1_56955948_57456952_1$HG03516#1#JAGYYT010000012.1_24170958_24578778_1	0.9702060890263298 1K
NA12718 HG02080#1#JAHEOW010000048.1_16689583_17097287_0$HG02622#2#JAHAON010000012.1_51551779_52031001_0	0.9702058936297682 1K
NA12718 HG03486#1#JAHEOQ010000123.1_16677696_17085575_0$HG03098#2#JAHEPL010000003.1_93803759_94117426_0	0.9702015025490593 1K
NA12718 HG01978#1#JAGYVS010000002.1_51519970_52021951_0$HG01358#1#JAGYZB010000020.1_27445742_27855492_1	0.9701917700415246 1K
NA12718 HG02886#2#JAHAOT010000031.1_87393_401061_0$HG02004.verkko_filt_mat.fa:haplotype1_0000022_97828542_98235483_0	0.9701890735120082 1K
NA12718 HG00438#1#JAHBCB010000015.1_33474867_33954171_0$HG03927.verkko_filt_mat.fa:haplotype1_0000009_134765170_135173010_1	0.9701879051168305 1K
NA12718 HG01928#1#JAGYVQ010000053.1_16676493_17083407_0$HG02886#2#JAHAOT010000031.1_87393_401061_0	0.9701813120979238 1K
NA12718 AV_HG01175#haplotype1#0000070:46006269_46414083$HG02647.verkko_filt_pat.fa:haplotype2_0000857_103738150_104051769_0	0.9701735479593100 1K
NA12718 HG03098#2#JAHEPL010000003.1_93803759_94117426_0$HG01978#2#JAGYVR010000007.1_51532241_51939176_0	0.9701697583557565 1K
NA12718 HG01109#2#JAHEOZ010000047.1_16671232_17151375_0$HG02647.verkko_filt_pat.fa:haplotype2_0000857_103738150_104051769_0	0.9701474542792359 1K
NA12718 HG01978#2#JAGYVR010000007.1_51532241_51939176_0$HG03710.verkko_filt_mat.fa:haplotype1_0000029_102593394_102907063_0	0.9701415130062112 1K
NA12718 HG03486#1#JAHEOQ010000123.1_16677696_17085575_0$HG04228.verkko_filt_pat.fa:haplotype2_0000600_103806749_104119491_0	0.9701344579516513 1K
NA12718 HG03579#2#JAGYVT010000094.1_51581892_51895531_0$HG01109#2#JAHEOZ010000047.1_16671232_17151375_0	0.9701337215265364 1K
NA12718 AV_HG01175#haplotype1#0000070:46006269_46414083$HG03579#2#JAGYVT010000094.1_51581892_51895531_0	0.9701333049706476 1K
NA12718 AV_HG00673#haplotype2#0001165:24014011_24421797$HG02622#2#JAHAON010000012.1_51551779_52031001_0	0.9701239245766967 1K
NA12718 AV_HG02148#haplotype2#0002863:16304803_16712699$HG02293.verkko_filt_mat.fa:haplotype1_0000039_30204405_30517145_1	0.9701204294395913 1K
NA12718 AV_HG01361#haplotype2#0001322:101872897_102186552$HG02071.verkko_filt_mat.fa:haplotype1_0000041_103610513_104018399_0	0.9701096197686652 1K
NA12718 HG03492#2#JAHEPH010000288.1_2098270_2432686_1$HG01099.verkko_filt_pat.fa:haplotype2_0000583_143544270_144046196_1	0.9701075661356430 1K
NA12718 HG01071#1#JAHBCF010000053.1_26607100_27108065_1$NA19240#2#JAHEOL010000010.1_37445323_37853017_0	0.9701040865390140 1K
NA12718 HG03492#1#JAHEPI010000180.1_2103395_2543326_1$HG03516#1#JAGYYT010000012.1_24170958_24578778_1	0.9700989111940967 1K
NA12718 HG02109#1#JAHEPG010000026.1_16673035_17080816_0$HG01109#2#JAHEOZ010000047.1_16671232_17151375_0	0.9700927803064970 1K
NA12718 HG005#2#JAHEPN010000023.1_51542210_51950070_0$NA18906#2#JAHEON010000009.1_93748295_94249275_0	0.9700916153997282 1K
NA12718 HG03453#2#JAGYVV010000088.1_22597550_23005370_1$HG02293.verkko_filt_mat.fa:haplotype1_0000039_30204405_30517145_1	0.9700914628783219 1K
NA12718 AV_HG02148#haplotype2#0002863:16304803_16712699$HG02886#2#JAHAOT010000031.1_87393_401061_0	0.9700840798536066 1K
NA12718 AV_HG01361#haplotype2#0001322:101872897_102186552$AV_HG02148#haplotype2#0002863:16304803_16712699	0.9700823278169665 1K
NA12718 AV_HG01361#haplotype2#0001322:101872897_102186552$chr1_hg38_103456064_103863972_0	0.9700821023217335 1K
NA12718 AV_HG01361#haplotype2#0001322:101872897_102186552$chr1_hg19_103998686_104406594_0	0.9700821023217335 1K
NA12718 HG02004.verkko_filt_mat.fa:haplotype1_0000022_97828542_98235483_0$HG03710.verkko_filt_mat.fa:haplotype1_0000029_102593394_102907063_0	0.9700818288631208 1K
NA12718 HG02818#2#JAHEOR010000010.1_31775319_32183091_1$HG01258#1#JAGYYV010000004.1_56955948_57456952_1	0.9700699221047353 1K
NA12718 HG01258#1#JAGYYV010000004.1_56955948_57456952_1$HG03927.verkko_filt_mat.fa:haplotype1_0000009_134765170_135173010_1	0.9700687773690370 1K
NA12718 HG01258#1#JAGYYV010000004.1_56955948_57456952_1$HG03516#2#JAGYYS010000004.1_24452130_24859892_1	0.9700678991651132 1K
NA12718 HG01071#1#JAHBCF010000053.1_26607100_27108065_1$HG03516#1#JAGYYT010000012.1_24170958_24578778_1	0.9700660262591085 1K
NA12718 HG03098#2#JAHEPL010000003.1_93803759_94117426_0$HG02004.verkko_filt_mat.fa:haplotype1_0000022_97828542_98235483_0	0.9700605484595060 1K
NA12718 HG02886#2#JAHAOT010000031.1_87393_401061_0$HG02071.verkko_filt_mat.fa:haplotype1_0000041_103610513_104018399_0	0.9700502545510256 1K
NA12718 HG02559#1#JAGYVK010000012.1_51505852_51913611_0$HG01258#1#JAGYYV010000004.1_56955948_57456952_1	0.9700403458567832 1K
NA12718 HG01243#1#JAHEOY010000013.1_90081_424495_0$HG01099.verkko_filt_pat.fa:haplotype2_0000583_143544270_144046196_1	0.9700390245620552 1K
NA12718 HG02886#2#JAHAOT010000031.1_87393_401061_0$HG005#2#JAHEPN010000023.1_51542210_51950070_0	0.9700128099644464 1K
NA12718 HG02080#1#JAHEOW010000048.1_16689583_17097287_0$HG002.verkko_filt_pat.fa:haplotype2_0000649_147937390_148315979_1	0.9700044367203134 1K
NA12718 HG01258#1#JAGYYV010000004.1_56955948_57456952_1$NA19240#1#JAHEOM010000047.1_30103390_30511199_1	0.9700018502954161 1K
NA12718 HG02723#1#JAHEOU010000204.1_2102082_2414876_1$HG002.verkko_filt_mat.fa:haplotype1_0000005_138228497_138636354_1	0.9700006383952592 1K
NA12718 HG01258#1#JAGYYV010000004.1_56955948_57456952_1$HG03579#1#JAGYVU010000029.1_91404_499180_0	0.9699934980634812 1K
NA12718 HG01071#1#JAHBCF010000053.1_26607100_27108065_1$HG03516#2#JAGYYS010000004.1_24452130_24859892_1	0.9699868396860468 1K
NA12718 HG00621#2#JAHBCC010000031.1_16669999_17077865_0$HG00438#2#JAHBCA010000012.1_51513023_51826723_0	0.9699845304669844 1K
NA12718 HG01123#1#JAGYYZ010000015.1_51528240_51935090_0$HG01109#2#JAHEOZ010000047.1_16671232_17151375_0	0.9699799784134346 1K
NA12718 HG02300.verkko_filt_mat.fa:haplotype1_0000028_144052837_144460586_1$HG002.verkko_filt_pat.fa:haplotype2_0000649_147937390_148315979_1	0.9699780010918994 1K
NA12718 AV_HG02148#haplotype2#0002863:16304803_16712699$HG01123#2#JAGYYY010000006.1_51579630_51892388_0	0.9699716351776420 1K
NA12718 HG01928#1#JAGYVQ010000053.1_16676493_17083407_0$HG03098#2#JAHEPL010000003.1_93803759_94117426_0	0.9699665010233187 1K
NA12718 HG01109#2#JAHEOZ010000047.1_16671232_17151375_0$HG02717#2#JAHAOR010000006.1_19663827_20070693_1	0.9699656525094560 1K
NA12718 HG01109#2#JAHEOZ010000047.1_16671232_17151375_0$HG01891#1#JAGYVO010000014.1_22855818_23168577_1	0.9699651137944695 1K
NA12718 HG03098#2#JAHEPL010000003.1_93803759_94117426_0$HG005#2#JAHEPN010000023.1_51542210_51950070_0	0.9699463263645666 1K
NA12718 HG03098#2#JAHEPL010000003.1_93803759_94117426_0$HG02071.verkko_filt_mat.fa:haplotype1_0000041_103610513_104018399_0	0.9699461925421239 1K
NA12718 HG01071#1#JAHBCF010000053.1_26607100_27108065_1$HG03927.verkko_filt_mat.fa:haplotype1_0000009_134765170_135173010_1	0.9699454534945430 1K
NA12718 HG02559#1#JAGYVK010000012.1_51505852_51913611_0$HG01071#1#JAHBCF010000053.1_26607100_27108065_1	0.9699432684920868 1K
NA12718 AV_HG01361#haplotype2#0001322:101872897_102186552$HG02300.verkko_filt_pat.fa:haplotype2_0000620_143362344_143769323_1	0.9699408693947288 1K
NA12718 HG005#1#JAHEPO010000002.1_51519219_51926067_0$HG01109#2#JAHEOZ010000047.1_16671232_17151375_0	0.9699390700346145 1K
NA12718 HG03492#1#JAHEPI010000180.1_2103395_2543326_1$HG03927.verkko_filt_mat.fa:haplotype1_0000009_134765170_135173010_1	0.9699376720306231 1K
NA12718 AV_HG02148#haplotype2#0002863:16304803_16712699$HG03098#2#JAHEPL010000003.1_93803759_94117426_0	0.9699312986691526 1K
NA12718 HG005#2#JAHEPN010000023.1_51542210_51950070_0$HG03710.verkko_filt_mat.fa:haplotype1_0000029_102593394_102907063_0	0.9699307940399955 1K
NA12718 AV_HG01361#haplotype2#0001322:101872897_102186552$HG01978#2#JAGYVR010000007.1_51532241_51939176_0	0.9699263462313451 1K
NA12718 AV_HG01361#haplotype2#0001322:101872897_102186552$HG00621#2#JAHBCC010000031.1_16669999_17077865_0	0.9699243327155433 1K
NA12718 HG02630#2#JAHAOP010000089.1_16669255_17076135_0$HG01109#2#JAHEOZ010000047.1_16671232_17151375_0	0.9699243062699279 1K
NA12718 HG01071#1#JAHBCF010000053.1_26607100_27108065_1$HG03579#1#JAGYVU010000029.1_91404_499180_0	0.9699180283512364 1K
NA12718 AV_HG01361#haplotype2#0001322:101872897_102186552$HG02004.verkko_filt_mat.fa:haplotype1_0000022_97828542_98235483_0	0.9699161736809473 1K
NA12718 HG01258#2#JAGYYU010000072.1_51562603_51970395_0$HG01358#1#JAGYZB010000020.1_27445742_27855492_1	0.9699123298615249 1K
NA12718 HG00438#1#JAHBCB010000015.1_33474867_33954171_0$HG02809.verkko_filt_pat.fa:haplotype2_0001251_103421111_103827972_0	0.9699108237443179 1K
NA12718 HG02723#1#JAHEOU010000204.1_2102082_2414876_1$HG03486#1#JAHEOQ010000123.1_16677696_17085575_0	0.9699004831864990 1K
NA12718 HG02818#2#JAHEOR010000010.1_31775319_32183091_1$HG01071#1#JAHBCF010000053.1_26607100_27108065_1	0.9698812958633128 1K
NA12718 HG00621#2#JAHBCC010000031.1_16669999_17077865_0$HG02886#2#JAHAOT010000031.1_87393_401061_0	0.9698769149428778 1K
NA12718 HG00621#2#JAHBCC010000031.1_16669999_17077865_0$HG01123#2#JAGYYY010000006.1_51579630_51892388_0	0.9698755256009066 1K
NA12718 HG03453#2#JAGYVV010000088.1_22597550_23005370_1$NA18906#2#JAHEON010000009.1_93748295_94249275_0	0.9698676483979713 1K
NA12718 HG04228.verkko_filt_pat.fa:haplotype2_0000600_103806749_104119491_0$HG02071.verkko_filt_mat.fa:haplotype1_0000041_103610513_104018399_0	0.9698674623883017 1K
NA12718 chr1_hg38_103456064_103863972_0$HG04228.verkko_filt_pat.fa:haplotype2_0000600_103806749_104119491_0	0.9698525296559908 1K
NA12718 chr1_hg19_103998686_104406594_0$HG04228.verkko_filt_pat.fa:haplotype2_0000600_103806749_104119491_0	0.9698525296559908 1K
NA12718 AV_HG01361#haplotype2#0001322:101872897_102186552$HG005#2#JAHEPN010000023.1_51542210_51950070_0	0.9698513084551325 1K
NA12718 HG02647.verkko_filt_pat.fa:haplotype2_0000857_103738150_104051769_0$HG002.verkko_filt_mat.fa:haplotype1_0000005_138228497_138636354_1	0.9698465221320115 1K
NA12718 HG02886#2#JAHAOT010000031.1_87393_401061_0$HG02300.verkko_filt_pat.fa:haplotype2_0000620_143362344_143769323_1	0.9698449706189368 1K
NA12718 HG01123#2#JAGYYY010000006.1_51579630_51892388_0$HG03453#2#JAGYVV010000088.1_22597550_23005370_1	0.9698438397353255 1K
NA12718 HG01071#1#JAHBCF010000053.1_26607100_27108065_1$NA19240#1#JAHEOM010000047.1_30103390_30511199_1	0.9698402920379994 1K
NA12718 HG01928#1#JAGYVQ010000053.1_16676493_17083407_0$HG03710.verkko_filt_mat.fa:haplotype1_0000029_102593394_102907063_0	0.9698278461081380 1K
NA12718 HG01123#2#JAGYYY010000006.1_51579630_51892388_0$HG005#2#JAHEPN010000023.1_51542210_51950070_0	0.9698263638026156 1K
NA12718 HG03453#2#JAGYVV010000088.1_22597550_23005370_1$HG03710.verkko_filt_mat.fa:haplotype1_0000029_102593394_102907063_0	0.9698253677007086 1K
NA12718 HG03579#2#JAGYVT010000094.1_51581892_51895531_0$HG002.verkko_filt_mat.fa:haplotype1_0000005_138228497_138636354_1	0.9698186208567565 1K
NA12718 HG02559#2#JAGYVJ010000037.1_52167780_52574597_1$HG01109#2#JAHEOZ010000047.1_16671232_17151375_0	0.9698002338681297 1K
NA12718 AV_HG01361#haplotype2#0001322:101872897_102186552$HG01928#1#JAGYVQ010000053.1_16676493_17083407_0	0.9697975521738356 1K
NA12718 AV_HG01361#haplotype1#0000023:101593539_102001341$HG002.verkko_filt_pat.fa:haplotype2_0000649_147937390_148315979_1	0.9697956936688986 1K
NA12718 chr1_hg38_103456064_103863972_0$HG01891#1#JAGYVO010000014.1_22855818_23168577_1	0.9697941997333756 1K
NA12718 chr1_hg19_103998686_104406594_0$HG01891#1#JAGYVO010000014.1_22855818_23168577_1	0.9697941997333756 1K
NA12718 HG03098#2#JAHEPL010000003.1_93803759_94117426_0$HG02300.verkko_filt_pat.fa:haplotype2_0000620_143362344_143769323_1	0.9697896502429306 1K
NA12718 HG01109#2#JAHEOZ010000047.1_16671232_17151375_0$HG00741#2#JAHALX010000013.1_51574319_51981226_0	0.9697768299495760 1K
NA12718 NA19240#2#JAHEOL010000010.1_37445323_37853017_0$HG002.verkko_filt_pat.fa:haplotype2_0000649_147937390_148315979_1	0.9697741175777022 1K
NA12718 HG01099.verkko_filt_mat.fa:haplotype1_0000034_142513097_142920876_1$HG002.verkko_filt_pat.fa:haplotype2_0000649_147937390_148315979_1	0.9697715826509371 1K
NA12718 HG01358#1#JAGYZB010000020.1_27445742_27855492_1$HG02809.verkko_filt_pat.fa:haplotype2_0001251_103421111_103827972_0	0.9697570258071725 1K
NA12718 HG00621#2#JAHBCC010000031.1_16669999_17077865_0$HG03098#2#JAHEPL010000003.1_93803759_94117426_0	0.9697486318963645 1K
NA12718 HG02559#2#JAGYVJ010000037.1_52167780_52574597_1$HG00438#1#JAHBCB010000015.1_33474867_33954171_0	0.9697451119933049 1K
NA12718 HG02886#1#JAHAOU010000178.1_62411_469262_0$HG02486#2#JAGYVL010000029.1_94163344_94570162_0	0.9697436055247133 1K
NA12718 HG00438#1#JAHBCB010000015.1_33474867_33954171_0$HG02486#2#JAGYVL010000029.1_94163344_94570162_0	0.9697428885686160 1K
NA12718 HG03486#1#JAHEOQ010000123.1_16677696_17085575_0$HG01891#1#JAGYVO010000014.1_22855818_23168577_1	0.9697406112711916 1K
NA12718 AV_HG00673#haplotype2#0001165:24014011_24421797$HG002.verkko_filt_pat.fa:haplotype2_0000649_147937390_148315979_1	0.9697378456338878 1K
NA12718 NA18906#2#JAHEON010000009.1_93748295_94249275_0$HG02300.verkko_filt_pat.fa:haplotype2_0000620_143362344_143769323_1	0.9697376893794107 1K
NA12718 HG005#2#JAHEPN010000023.1_51542210_51950070_0$HG04228.verkko_filt_pat.fa:haplotype2_0000600_103806749_104119491_0	0.9697307899108419 1K
NA12718 HG02723#1#JAHEOU010000204.1_2102082_2414876_1$chr1_hg38_103456064_103863972_0	0.9697296681296551 1K
NA12718 HG02723#1#JAHEOU010000204.1_2102082_2414876_1$chr1_hg19_103998686_104406594_0	0.9697296681296551 1K
NA12718 HG03453#1#JAGYVW010000157.1_2105722_2585000_1$HG03710.verkko_filt_mat.fa:haplotype1_0000029_102593394_102907063_0	0.9697249327342640 1K
NA12718 NA18906#2#JAHEON010000009.1_93748295_94249275_0$HG02004.verkko_filt_mat.fa:haplotype1_0000022_97828542_98235483_0	0.9697207645971990 1K
NA12718 HG01891#1#JAGYVO010000014.1_22855818_23168577_1$HG002.verkko_filt_mat.fa:haplotype1_0000005_138228497_138636354_1	0.9697181302697406 1K
NA12718 chr1_hg38_103456064_103863972_0$HG02647.verkko_filt_pat.fa:haplotype2_0000857_103738150_104051769_0	0.9697116390202998 1K
NA12718 chr1_hg19_103998686_104406594_0$HG02647.verkko_filt_pat.fa:haplotype2_0000857_103738150_104051769_0	0.9697116390202998 1K
NA12718 HG01978#2#JAGYVR010000007.1_51532241_51939176_0$NA18906#2#JAHEON010000009.1_93748295_94249275_0	0.9697034037649201 1K
NA12718 HG02109#2#JAHEPF010000078.1_16678387_16991144_0$HG002.verkko_filt_mat.fa:haplotype1_0000005_138228497_138636354_1	0.9697004385290883 1K
NA12718 HG03492#2#JAHEPH010000288.1_2098270_2432686_1$HG03540#1#JAGYVY010000208.1_95187_596142_0	0.9696988625455483 1K
NA12718 HG03486#1#JAHEOQ010000123.1_16677696_17085575_0$HG02647.verkko_filt_pat.fa:haplotype2_0000857_103738150_104051769_0	0.9696834334652275 1K
NA12718 HG03579#2#JAGYVT010000094.1_51581892_51895531_0$chr1_hg38_103456064_103863972_0	0.9696713338804609 1K
NA12718 HG03579#2#JAGYVT010000094.1_51581892_51895531_0$chr1_hg19_103998686_104406594_0	0.9696713338804609 1K
NA12718 NA20129#2#JAHEPD010000155.1_90039_569275_0$HG04228.verkko_filt_pat.fa:haplotype2_0000600_103806749_104119491_0	0.9696604840150989 1K
NA12718 HG01243#1#JAHEOY010000013.1_90081_424495_0$HG03540#1#JAGYVY010000208.1_95187_596142_0	0.9696511762581879 1K
NA12718 HG03516#2#JAGYYS010000004.1_24452130_24859892_1$HG002.verkko_filt_pat.fa:haplotype2_0000649_147937390_148315979_1	0.9696391707308266 1K
NA12718 HG03486#1#JAHEOQ010000123.1_16677696_17085575_0$HG03579#2#JAGYVT010000094.1_51581892_51895531_0	0.9696310184591336 1K
NA12718 HG03486#1#JAHEOQ010000123.1_16677696_17085575_0$HG02109#2#JAHEPF010000078.1_16678387_16991144_0	0.9696240105434862 1K
NA12718 HG01928#1#JAGYVQ010000053.1_16676493_17083407_0$NA18906#2#JAHEON010000009.1_93748295_94249275_0	0.9696150437977332 1K
NA12718 HG01358#1#JAGYZB010000020.1_27445742_27855492_1$HG02293.verkko_filt_pat.fa:haplotype2_0000836_148310532_148812524_1	0.9695919497366182 1K
NA12718 HG01109#2#JAHEOZ010000047.1_16671232_17151375_0$HG02809.verkko_filt_pat.fa:haplotype2_0001251_103421111_103827972_0	0.9695901503652717 1K
NA12718 HG03453#1#JAGYVW010000157.1_2105722_2585000_1$HG01099.verkko_filt_mat.fa:haplotype1_0000034_142513097_142920876_1	0.9695762994776699 1K
NA12718 HG03516#1#JAGYYT010000012.1_24170958_24578778_1$HG002.verkko_filt_pat.fa:haplotype2_0000649_147937390_148315979_1	0.9695719622033512 1K
NA12718 HG00438#1#JAHBCB010000015.1_33474867_33954171_0$HG02886#1#JAHAOU010000178.1_62411_469262_0	0.9695647102617490 1K
NA12718 HG01928#1#JAGYVQ010000053.1_16676493_17083407_0$HG01123#2#JAGYYY010000006.1_51579630_51892388_0	0.9695631999505953 1K
NA12718 chr1_hg38_103456064_103863972_0$HG02109#2#JAHEPF010000078.1_16678387_16991144_0	0.9695531320692021 1K
NA12718 chr1_hg19_103998686_104406594_0$HG02109#2#JAHEPF010000078.1_16678387_16991144_0	0.9695531320692021 1K
NA12718 HG02723#1#JAHEOU010000204.1_2102082_2414876_1$HG02071.verkko_filt_mat.fa:haplotype1_0000041_103610513_104018399_0	0.9695344643939081 1K
NA12718 HG03453#2#JAGYVV010000088.1_22597550_23005370_1$HG02886#2#JAHAOT010000031.1_87393_401061_0	0.9695252960839420 1K
NA12718 HG01123#2#JAGYYY010000006.1_51579630_51892388_0$HG02004.verkko_filt_mat.fa:haplotype1_0000022_97828542_98235483_0	0.9695094331549151 1K
NA12718 HG02004.verkko_filt_mat.fa:haplotype1_0000022_97828542_98235483_0$HG02647.verkko_filt_pat.fa:haplotype2_0000857_103738150_104051769_0	0.9695057544921293 1K
NA12718 HG01978#2#JAGYVR010000007.1_51532241_51939176_0$HG02647.verkko_filt_pat.fa:haplotype2_0000857_103738150_104051769_0	0.9695056269006653 1K
NA12718 AV_HG01361#haplotype2#0001322:101872897_102186552$HG03453#1#JAGYVW010000157.1_2105722_2585000_1	0.9695021455118495 1K
NA12718 HG00621#2#JAHBCC010000031.1_16669999_17077865_0$HG04228.verkko_filt_pat.fa:haplotype2_0000600_103806749_104119491_0	0.9694961805080521 1K
NA12718 AV_HG00673#haplotype1#0000019:16627360_17129375$HG01358#1#JAGYZB010000020.1_27445742_27855492_1	0.9694893263450577 1K
NA12718 AV_HG01361#haplotype2#0001322:101872897_102186552$HG03453#2#JAGYVV010000088.1_22597550_23005370_1	0.9694878784495905 1K
NA12718 HG03453#1#JAGYVW010000157.1_2105722_2585000_1$HG02300.verkko_filt_mat.fa:haplotype1_0000028_144052837_144460586_1	0.9694799699556629 1K
NA12718 HG01978#2#JAGYVR010000007.1_51532241_51939176_0$HG02293.verkko_filt_mat.fa:haplotype1_0000039_30204405_30517145_1	0.9694719920874888 1K
NA12718 HG02818#2#JAHEOR010000010.1_31775319_32183091_1$HG002.verkko_filt_pat.fa:haplotype2_0000649_147937390_148315979_1	0.9694708716940905 1K
NA12718 HG03579#2#JAGYVT010000094.1_51581892_51895531_0$HG02004.verkko_filt_mat.fa:haplotype1_0000022_97828542_98235483_0	0.9694656703800483 1K
NA12718 HG005#2#JAHEPN010000023.1_51542210_51950070_0$HG02647.verkko_filt_pat.fa:haplotype2_0000857_103738150_104051769_0	0.9694647902278349 1K
NA12718 HG00621#2#JAHBCC010000031.1_16669999_17077865_0$HG02723#1#JAHEOU010000204.1_2102082_2414876_1	0.9694597277991989 1K
NA12718 HG01123#2#JAGYYY010000006.1_51579630_51892388_0$HG01978#2#JAGYVR010000007.1_51532241_51939176_0	0.9694582570636400 1K
NA12718 HG02559#1#JAGYVK010000012.1_51505852_51913611_0$HG002.verkko_filt_pat.fa:haplotype2_0000649_147937390_148315979_1	0.9694521131118787 1K
NA12718 HG02004.verkko_filt_mat.fa:haplotype1_0000022_97828542_98235483_0$HG02293.verkko_filt_mat.fa:haplotype1_0000039_30204405_30517145_1	0.9694504107017055 1K
NA12718 HG02723#1#JAHEOU010000204.1_2102082_2414876_1$HG005#2#JAHEPN010000023.1_51542210_51950070_0	0.9694474699889095 1K
NA12718 HG02145#2#JAHKSF010000206.1_1005292_1413195_1$NA20129#2#JAHEPD010000155.1_90039_569275_0	0.9694471757587281 1K
NA12718 HG02145#2#JAHKSF010000206.1_1005292_1413195_1$HG03486#2#JAHEOP010000248.1_2105565_2584784_1	0.9694449489336898 1K
NA12718 HG03579#2#JAGYVT010000094.1_51581892_51895531_0$HG01978#2#JAGYVR010000007.1_51532241_51939176_0	0.9694405994018820 1K
NA12718 HG005#2#JAHEPN010000023.1_51542210_51950070_0$HG01891#1#JAGYVO010000014.1_22855818_23168577_1	0.9694352560270419 1K
NA12718 HG02622#2#JAHAON010000012.1_51551779_52031001_0$HG04228.verkko_filt_pat.fa:haplotype2_0000600_103806749_104119491_0	0.9694305971286520 1K
NA12718 HG02080#2#JAHEOV010000017.1_16662177_17164189_0$HG01358#1#JAGYZB010000020.1_27445742_27855492_1	0.9694223968328116 1K
NA12718 HG03579#1#JAGYVU010000029.1_91404_499180_0$HG002.verkko_filt_pat.fa:haplotype2_0000649_147937390_148315979_1	0.9694190797580009 1K
NA12718 HG02080#1#JAHEOW010000048.1_16689583_17097287_0$HG03453#1#JAGYVW010000157.1_2105722_2585000_1	0.9694184608266098 1K
NA12718 HG03453#2#JAGYVV010000088.1_22597550_23005370_1$HG04228.verkko_filt_pat.fa:haplotype2_0000600_103806749_104119491_0	0.9694028561506598 1K
NA12718 HG03486#2#JAHEOP010000248.1_2105565_2584784_1$HG04228.verkko_filt_pat.fa:haplotype2_0000600_103806749_104119491_0	0.9693934738949277 1K
NA12718 HG01928#1#JAGYVQ010000053.1_16676493_17083407_0$HG02293.verkko_filt_mat.fa:haplotype1_0000039_30204405_30517145_1	0.9693933022217101 1K
NA12718 HG03579#2#JAGYVT010000094.1_51581892_51895531_0$HG005#2#JAHEPN010000023.1_51542210_51950070_0	0.9693752928471041 1K
NA12718 AV_HG00673#haplotype2#0001165:24014011_24421797$HG03453#1#JAGYVW010000157.1_2105722_2585000_1	0.9693501420208339 1K
NA12718 AV_HG02257#haplotype2#0001152:102843493_103251377$NA20129#2#JAHEPD010000155.1_90039_569275_0	0.9693436525489276 1K
NA12718 HG02293.verkko_filt_mat.fa:haplotype1_0000039_30204405_30517145_1$HG02300.verkko_filt_pat.fa:haplotype2_0000620_143362344_143769323_1	0.9693378806907436 1K
NA12718 AV_HG02148#haplotype2#0002863:16304803_16712699$HG04228.verkko_filt_pat.fa:haplotype2_0000600_103806749_104119491_0	0.9693333346970582 1K
NA12718 HG02071.verkko_filt_mat.fa:haplotype1_0000041_103610513_104018399_0$HG02647.verkko_filt_pat.fa:haplotype2_0000857_103738150_104051769_0	0.9693298779272843 1K
NA12718 AV_HG02148#haplotype2#0002863:16304803_16712699$HG02647.verkko_filt_pat.fa:haplotype2_0000857_103738150_104051769_0	0.9693260348505925 1K
NA12718 HG01123#1#JAGYYZ010000015.1_51528240_51935090_0$HG01358#1#JAGYZB010000020.1_27445742_27855492_1	0.9693204838572210 1K
NA12718 HG01358#1#JAGYZB010000020.1_27445742_27855492_1$HG02717#2#JAHAOR010000006.1_19663827_20070693_1	0.9693164112113075 1K
NA12718 HG03453#1#JAGYVW010000157.1_2105722_2585000_1$HG01123#2#JAGYYY010000006.1_51579630_51892388_0	0.9693154821540821 1K
NA12718 HG01358#1#JAGYZB010000020.1_27445742_27855492_1$HG02071.verkko_filt_pat.fa:haplotype2_0000736_102745972_103248026_0	0.9693130338056047 1K
NA12718 AV_HG02148#haplotype2#0002863:16304803_16712699$HG02723#1#JAHEOU010000204.1_2102082_2414876_1	0.9693090623987553 1K
NA12718 HG02145#2#JAHKSF010000206.1_1005292_1413195_1$HG02622#2#JAHAON010000012.1_51551779_52031001_0	0.9693090602283093 1K
NA12718 NA19240#1#JAHEOM010000047.1_30103390_30511199_1$HG002.verkko_filt_pat.fa:haplotype2_0000649_147937390_148315979_1	0.9693014343036580 1K
NA12718 AV_HG01361#haplotype1#0000023:101593539_102001341$HG03453#1#JAGYVW010000157.1_2105722_2585000_1	0.9692975594088034 1K
NA12718 HG005#2#JAHEPN010000023.1_51542210_51950070_0$HG02109#2#JAHEPF010000078.1_16678387_16991144_0	0.9692939744038713 1K
NA12718 HG01891#1#JAGYVO010000014.1_22855818_23168577_1$HG02071.verkko_filt_mat.fa:haplotype1_0000041_103610513_104018399_0	0.9692880453845404 1K
NA12718 HG03098#2#JAHEPL010000003.1_93803759_94117426_0$HG03453#2#JAGYVV010000088.1_22597550_23005370_1	0.9692878064948838 1K
NA12718 HG01928#1#JAGYVQ010000053.1_16676493_17083407_0$HG02647.verkko_filt_pat.fa:haplotype2_0000857_103738150_104051769_0	0.9692876925586537 1K
NA12718 HG005#1#JAHEPO010000002.1_51519219_51926067_0$HG01358#1#JAGYZB010000020.1_27445742_27855492_1	0.9692833732176127 1K
NA12718 HG01109#1#JAHEPA010000099.1_2104245_2511104_1$NA20129#2#JAHEPD010000155.1_90039_569275_0	0.9692817517703345 1K
NA12718 HG00438#1#JAHBCB010000015.1_33474867_33954171_0$HG01258#2#JAGYYU010000072.1_51562603_51970395_0	0.9692766938070420 1K
NA12718 HG00621#2#JAHBCC010000031.1_16669999_17077865_0$HG01891#1#JAGYVO010000014.1_22855818_23168577_1	0.9692749552752438 1K
NA12718 HG02109#2#JAHEPF010000078.1_16678387_16991144_0$HG02071.verkko_filt_mat.fa:haplotype1_0000041_103610513_104018399_0	0.9692704593087836 1K
NA12718 AV_HG02257#haplotype2#0001152:102843493_103251377$HG03486#2#JAHEOP010000248.1_2105565_2584784_1	0.9692680598564642 1K
NA12718 HG03579#2#JAGYVT010000094.1_51581892_51895531_0$HG02071.verkko_filt_mat.fa:haplotype1_0000041_103610513_104018399_0	0.9692650157858769 1K
NA12718 AV_HG02148#haplotype2#0002863:16304803_16712699$HG03579#2#JAGYVT010000094.1_51581892_51895531_0	0.9692613294153959 1K
NA12718 HG00621#2#JAHBCC010000031.1_16669999_17077865_0$HG02109#2#JAHEPF010000078.1_16678387_16991144_0	0.9692573835242423 1K
NA12718 HG03492#2#JAHEPH010000288.1_2098270_2432686_1$HG02109#1#JAHEPG010000026.1_16673035_17080816_0	0.9692555217448898 1K
NA12718 HG01928#1#JAGYVQ010000053.1_16676493_17083407_0$HG03579#2#JAGYVT010000094.1_51581892_51895531_0	0.9692476746257295 1K
NA12718 HG00621#2#JAHBCC010000031.1_16669999_17077865_0$HG02647.verkko_filt_pat.fa:haplotype2_0000857_103738150_104051769_0	0.9692301680365676 1K
NA12718 HG01978#2#JAGYVR010000007.1_51532241_51939176_0$HG04228.verkko_filt_pat.fa:haplotype2_0000600_103806749_104119491_0	0.9692268909325009 1K
NA12718 HG03492#1#JAHEPI010000180.1_2103395_2543326_1$NA18906#1#JAHEOO010000054.1_2103477_2510435_1	0.9692258627147156 1K
NA12718 HG02109#1#JAHEPG010000026.1_16673035_17080816_0$HG01243#1#JAHEOY010000013.1_90081_424495_0	0.9692226168440745 1K
NA12718 HG01123#2#JAGYYY010000006.1_51579630_51892388_0$HG02300.verkko_filt_pat.fa:haplotype2_0000620_143362344_143769323_1	0.9692136639293830 1K
NA12718 AV_HG02257#haplotype2#0001152:102843493_103251377$HG02622#2#JAHAON010000012.1_51551779_52031001_0	0.9692116914124013 1K
NA12718 AV_HG01175#haplotype1#0000070:46006269_46414083$HG02647.verkko_filt_mat.fa:haplotype1_0000002_103892584_104321036_0	0.9692087039611724 1K
NA12718 AV_HG02148#haplotype2#0002863:16304803_16712699$HG02109#2#JAHEPF010000078.1_16678387_16991144_0	0.9692046936841138 1K
NA12718 HG04228.verkko_filt_pat.fa:haplotype2_0000600_103806749_104119491_0$HG02004.verkko_filt_mat.fa:haplotype1_0000022_97828542_98235483_0	0.9692039378999604 1K
NA12718 HG02630#2#JAHAOP010000089.1_16669255_17076135_0$HG00438#1#JAHBCB010000015.1_33474867_33954171_0	0.9691970176607257 1K
NA12718 HG01258#1#JAGYYV010000004.1_56955948_57456952_1$HG03098#1#JAHEPM010000059.1_16676208_17105596_0	0.9691902762865559 1K
NA12718 HG00621#2#JAHBCC010000031.1_16669999_17077865_0$HG03579#2#JAGYVT010000094.1_51581892_51895531_0	0.9691901154751177 1K
NA12718 HG02723#1#JAHEOU010000204.1_2102082_2414876_1$NA20129#2#JAHEPD010000155.1_90039_569275_0	0.9691816032006925 1K
NA12718 HG02818#2#JAHEOR010000010.1_31775319_32183091_1$HG00733#1#JAHEPQ010000019.1_46106835_46420495_0	0.9691760374390357 1K
NA12718 HG00733#1#JAHEPQ010000019.1_46106835_46420495_0$HG03927.verkko_filt_mat.fa:haplotype1_0000009_134765170_135173010_1	0.9691743678511410 1K
NA12718 AV_HG02148#haplotype2#0002863:16304803_16712699$HG01891#1#JAGYVO010000014.1_22855818_23168577_1	0.9691726929370628 1K
NA12718 AV_HG02257#haplotype2#0001152:102843493_103251377$HG03492#1#JAHEPI010000180.1_2103395_2543326_1	0.9691703807369306 1K
NA12718 HG01928#1#JAGYVQ010000053.1_16676493_17083407_0$HG04228.verkko_filt_pat.fa:haplotype2_0000600_103806749_104119491_0	0.9691467792199508 1K
NA12718 HG01109#1#JAHEPA010000099.1_2104245_2511104_1$HG02622#2#JAHAON010000012.1_51551779_52031001_0	0.9691434762896800 1K
NA12718 HG02717#1#JAHAOS010000015.1_16660311_17067250_0$HG03492#1#JAHEPI010000180.1_2103395_2543326_1	0.9691407893684906 1K
NA12718 HG03492#2#JAHEPH010000288.1_2098270_2432686_1$HG02145#2#JAHKSF010000206.1_1005292_1413195_1	0.9691374379354406 1K
NA12718 HG02145#2#JAHKSF010000206.1_1005292_1413195_1$HG03492#1#JAHEPI010000180.1_2103395_2543326_1	0.9691333510885696 1K
NA12718 HG03453#1#JAGYVW010000157.1_2105722_2585000_1$HG03927.verkko_filt_mat.fa:haplotype1_0000009_134765170_135173010_1	0.9691290133625827 1K
NA12718 HG02559#2#JAGYVJ010000037.1_52167780_52574597_1$HG01358#1#JAGYZB010000020.1_27445742_27855492_1	0.9691258548024155 1K
NA12718 HG03927.verkko_filt_mat.fa:haplotype1_0000009_134765170_135173010_1$HG002.verkko_filt_pat.fa:haplotype2_0000649_147937390_148315979_1	0.9691133676834932 1K
NA12718 HG03453#1#JAGYVW010000157.1_2105722_2585000_1$HG03516#2#JAGYYS010000004.1_24452130_24859892_1	0.9691111658968816 1K
NA12718 HG01358#1#JAGYZB010000020.1_27445742_27855492_1$HG04228.verkko_filt_mat.fa:haplotype1_0000023_103429213_103930285_0	0.9691110238530040 1K
NA12718 HG03516#2#JAGYYS010000004.1_24452130_24859892_1$HG00733#1#JAHEPQ010000019.1_46106835_46420495_0	0.9691091586548187 1K
NA12718 AV_HG02257#haplotype2#0001152:102843493_103251377$HG03492#2#JAHEPH010000288.1_2098270_2432686_1	0.9691050048989531 1K
NA12718 HG03486#2#JAHEOP010000248.1_2105565_2584784_1$NA18906#1#JAHEOO010000054.1_2103477_2510435_1	0.9690907507270516 1K
NA12718 HG03540#2#JAGYVX010000148.1_1368955_1877115_0$HG00733#1#JAHEPQ010000019.1_46106835_46420495_0	0.9690864647079380 1K
NA12718 HG02145#2#JAHKSF010000206.1_1005292_1413195_1$HG01243#1#JAHEOY010000013.1_90081_424495_0	0.9690832664471070 1K
NA12718 AV_HG01175#haplotype1#0000070:46006269_46414083$HG03098#1#JAHEPM010000059.1_16676208_17105596_0	0.9690796568319064 1K
NA12718 HG03453#1#JAGYVW010000157.1_2105722_2585000_1$HG02886#2#JAHAOT010000031.1_87393_401061_0	0.9690709416066170 1K
NA12718 HG03453#1#JAGYVW010000157.1_2105722_2585000_1$NA19240#2#JAHEOL010000010.1_37445323_37853017_0	0.9690588147310680 1K
NA12718 HG03453#2#JAGYVV010000088.1_22597550_23005370_1$HG02109#2#JAHEPF010000078.1_16678387_16991144_0	0.9690517191722094 1K
NA12718 HG02647.verkko_filt_pat.fa:haplotype2_0000857_103738150_104051769_0$HG02300.verkko_filt_pat.fa:haplotype2_0000620_143362344_143769323_1	0.9690507446320709 1K
NA12718 HG02723#1#JAHEOU010000204.1_2102082_2414876_1$HG03453#2#JAGYVV010000088.1_22597550_23005370_1	0.9690457469255500 1K
NA12718 HG03453#1#JAGYVW010000157.1_2105722_2585000_1$HG03098#2#JAHEPL010000003.1_93803759_94117426_0	0.9690410775928813 1K
NA12718 HG02559#1#JAGYVK010000012.1_51505852_51913611_0$HG00733#1#JAHEPQ010000019.1_46106835_46420495_0	0.9690348290284926 1K
NA12718 AV_HG02257#haplotype2#0001152:102843493_103251377$HG01243#1#JAHEOY010000013.1_90081_424495_0	0.9690189600266748 1K
NA12718 HG03579#2#JAGYVT010000094.1_51581892_51895531_0$HG02300.verkko_filt_pat.fa:haplotype2_0000620_143362344_143769323_1	0.9690105263671756 1K
NA12718 HG01928#1#JAGYVQ010000053.1_16676493_17083407_0$HG01891#1#JAGYVO010000014.1_22855818_23168577_1	0.9689982547741242 1K
NA12718 HG02630#1#JAHAOQ010000102.1_16672145_17079089_0$HG03486#2#JAHEOP010000248.1_2105565_2584784_1	0.9689966979539243 1K
NA12718 HG02630#1#JAHAOQ010000102.1_16672145_17079089_0$HG03492#1#JAHEPI010000180.1_2103395_2543326_1	0.9689935025774795 1K
NA12718 HG01978#2#JAGYVR010000007.1_51532241_51939176_0$HG01891#1#JAGYVO010000014.1_22855818_23168577_1	0.9689929736251524 1K
NA12718 AV_HG01175#haplotype1#0000070:46006269_46414083$HG02055#2#JAHEPJ010000017.1_24870122_25298560_1	0.9689874386544060 1K
NA12718 HG01891#1#JAGYVO010000014.1_22855818_23168577_1$HG02004.verkko_filt_mat.fa:haplotype1_0000022_97828542_98235483_0	0.9689812463886639 1K
NA12718 HG02723#1#JAHEOU010000204.1_2102082_2414876_1$HG01978#2#JAGYVR010000007.1_51532241_51939176_0	0.9689681469499597 1K
NA12718 HG03453#2#JAGYVV010000088.1_22597550_23005370_1$HG02647.verkko_filt_pat.fa:haplotype2_0000857_103738150_104051769_0	0.9689630420687834 1K
NA12718 HG02818#2#JAHEOR010000010.1_31775319_32183091_1$HG03453#1#JAGYVW010000157.1_2105722_2585000_1	0.9689594510543879 1K
NA12718 HG01109#1#JAHEPA010000099.1_2104245_2511104_1$HG03486#2#JAHEOP010000248.1_2105565_2584784_1	0.9689556737551296 1K
NA12718 HG01071#1#JAHBCF010000053.1_26607100_27108065_1$HG03098#1#JAHEPM010000059.1_16676208_17105596_0	0.9689529243831982 1K
NA12718 HG02717#1#JAHAOS010000015.1_16660311_17067250_0$HG03486#2#JAHEOP010000248.1_2105565_2584784_1	0.9689521899814739 1K
NA12718 NA20129#2#JAHEPD010000155.1_90039_569275_0$NA18906#1#JAHEOO010000054.1_2103477_2510435_1	0.9689518332555277 1K
NA12718 HG005#1#JAHEPO010000002.1_51519219_51926067_0$HG00438#1#JAHBCB010000015.1_33474867_33954171_0	0.9689474572460302 1K
NA12718 HG03453#2#JAGYVV010000088.1_22597550_23005370_1$HG01891#1#JAGYVO010000014.1_22855818_23168577_1	0.9689455322251490 1K
NA12718 HG02559#1#JAGYVK010000012.1_51505852_51913611_0$HG03453#1#JAGYVW010000157.1_2105722_2585000_1	0.9689426766174769 1K
NA12718 HG03579#2#JAGYVT010000094.1_51581892_51895531_0$HG03453#2#JAGYVV010000088.1_22597550_23005370_1	0.9689355737232579 1K
NA12718 HG02723#1#JAHEOU010000204.1_2102082_2414876_1$HG02622#2#JAHAON010000012.1_51551779_52031001_0	0.9689332935874564 1K
NA12718 HG02723#1#JAHEOU010000204.1_2102082_2414876_1$HG02004.verkko_filt_mat.fa:haplotype1_0000022_97828542_98235483_0	0.9689330812101934 1K
NA12718 HG02486#2#JAGYVL010000029.1_94163344_94570162_0$HG01358#1#JAGYZB010000020.1_27445742_27855492_1	0.9689295712141910 1K
NA12718 HG00741#2#JAHALX010000013.1_51574319_51981226_0$HG01358#1#JAGYZB010000020.1_27445742_27855492_1	0.9689265611136786 1K
NA12718 HG00621#1#JAHBCD010000034.1_2122997_2624098_1$HG01358#1#JAGYZB010000020.1_27445742_27855492_1	0.9689211415115591 1K
NA12718 HG02723#1#JAHEOU010000204.1_2102082_2414876_1$HG01928#1#JAGYVQ010000053.1_16676493_17083407_0	0.9689128849437200 1K
NA12718 NA19240#1#JAHEOM010000047.1_30103390_30511199_1$HG00733#1#JAHEPQ010000019.1_46106835_46420495_0	0.9689073272832502 1K
NA12718 NA20129#2#JAHEPD010000155.1_90039_569275_0$HG02622#1#JAHAOO010000002.1_16673678_17080663_0	0.9689052195738891 1K
NA12718 HG01109#1#JAHEPA010000099.1_2104245_2511104_1$HG00733#1#JAHEPQ010000019.1_46106835_46420495_0	0.9688873104610800 1K
NA12718 HG01109#1#JAHEPA010000099.1_2104245_2511104_1$HG01243#1#JAHEOY010000013.1_90081_424495_0	0.9688841018600123 1K
NA12718 HG02109#2#JAHEPF010000078.1_16678387_16991144_0$HG02004.verkko_filt_mat.fa:haplotype1_0000022_97828542_98235483_0	0.9688649153161496 1K
NA12718 HG01109#1#JAHEPA010000099.1_2104245_2511104_1$HG03492#2#JAHEPH010000288.1_2098270_2432686_1	0.9688639879719121 1K
NA12718 NA20129#2#JAHEPD010000155.1_90039_569275_0$HG02818#1#JAHEOS010000101.1_89626_496613_0	0.9688536459490267 1K
NA12718 HG02717#1#JAHAOS010000015.1_16660311_17067250_0$NA20129#2#JAHEPD010000155.1_90039_569275_0	0.9688496546755945 1K
NA12718 HG03453#1#JAGYVW010000157.1_2105722_2585000_1$HG03516#1#JAGYYT010000012.1_24170958_24578778_1	0.9688451792574690 1K
NA12718 HG00733#1#JAHEPQ010000019.1_46106835_46420495_0$HG03579#1#JAGYVU010000029.1_91404_499180_0	0.9688395303653740 1K
NA12718 HG01978#2#JAGYVR010000007.1_51532241_51939176_0$HG02109#2#JAHEPF010000078.1_16678387_16991144_0	0.9688268692500243 1K
NA12718 HG02622#2#JAHAON010000012.1_51551779_52031001_0$NA18906#1#JAHEOO010000054.1_2103477_2510435_1	0.9688136597924977 1K
NA12718 HG00733#1#JAHEPQ010000019.1_46106835_46420495_0$HG01099.verkko_filt_mat.fa:haplotype1_0000034_142513097_142920876_1	0.9688119668682288 1K
NA12718 HG00438#1#JAHBCB010000015.1_33474867_33954171_0$HG02717#2#JAHAOR010000006.1_19663827_20070693_1	0.9688079594586264 1K
NA12718 HG01928#1#JAGYVQ010000053.1_16676493_17083407_0$HG02109#2#JAHEPF010000078.1_16678387_16991144_0	0.9688077137773042 1K
NA12718 HG03453#1#JAGYVW010000157.1_2105722_2585000_1$HG03579#1#JAGYVU010000029.1_91404_499180_0	0.9688042068119462 1K
NA12718 HG02630#1#JAHAOQ010000102.1_16672145_17079089_0$NA20129#2#JAHEPD010000155.1_90039_569275_0	0.9688016361168098 1K
NA12718 HG03453#1#JAGYVW010000157.1_2105722_2585000_1$NA19240#1#JAHEOM010000047.1_30103390_30511199_1	0.9687939544112620 1K
NA12718 HG03516#1#JAGYYT010000012.1_24170958_24578778_1$HG00733#1#JAHEPQ010000019.1_46106835_46420495_0	0.9687899460933521 1K
NA12718 HG00438#2#JAHBCA010000012.1_51513023_51826723_0$HG03540#2#JAGYVX010000148.1_1368955_1877115_0	0.9687877019720225 1K
NA12718 AV_HG01361#haplotype1#0000023:101593539_102001341$HG00733#1#JAHEPQ010000019.1_46106835_46420495_0	0.9687641016037276 1K
NA12718 HG03492#1#JAHEPI010000180.1_2103395_2543326_1$HG02109#1#JAHEPG010000026.1_16673035_17080816_0	0.9687608256368397 1K
NA12718 HG02622#2#JAHAON010000012.1_51551779_52031001_0$HG02622#1#JAHAOO010000002.1_16673678_17080663_0	0.9687607696767598 1K
NA12718 HG00733#1#JAHEPQ010000019.1_46106835_46420495_0$HG02300.verkko_filt_mat.fa:haplotype1_0000028_144052837_144460586_1	0.9687538780240590 1K
NA12718 HG03486#2#JAHEOP010000248.1_2105565_2584784_1$HG02818#1#JAHEOS010000101.1_89626_496613_0	0.9687491033901415 1K
NA12718 AV_HG01175#haplotype1#0000070:46006269_46414083$HG02809.verkko_filt_mat.fa:haplotype1_0000023_94161320_94589755_0	0.9687375947702737 1K
NA12718 HG02886#1#JAHAOU010000178.1_62411_469262_0$HG01358#1#JAGYZB010000020.1_27445742_27855492_1	0.9687304413267762 1K
NA12718 HG02622#2#JAHAON010000012.1_51551779_52031001_0$HG02818#1#JAHEOS010000101.1_89626_496613_0	0.9687215710937320 1K
NA12718 HG00438#1#JAHBCB010000015.1_33474867_33954171_0$HG01123#1#JAGYYZ010000015.1_51528240_51935090_0	0.9687176254345354 1K
NA12718 HG01258#1#JAGYYV010000004.1_56955948_57456952_1$HG02109#1#JAHEPG010000026.1_16673035_17080816_0	0.9687128625800213 1K
NA12718 HG02717#1#JAHAOS010000015.1_16660311_17067250_0$HG02622#2#JAHAON010000012.1_51551779_52031001_0	0.9687114523549695 1K
NA12718 HG00438#1#JAHBCB010000015.1_33474867_33954171_0$HG00741#2#JAHALX010000013.1_51574319_51981226_0	0.9687057546406556 1K
NA12718 HG00438#2#JAHBCA010000012.1_51513023_51826723_0$HG02300.verkko_filt_mat.fa:haplotype1_0000028_144052837_144460586_1	0.9687022932590064 1K
NA12718 HG02145#2#JAHKSF010000206.1_1005292_1413195_1$HG01258#1#JAGYYV010000004.1_56955948_57456952_1	0.9686957934968237 1K
NA12718 HG02630#1#JAHAOQ010000102.1_16672145_17079089_0$HG02622#2#JAHAON010000012.1_51551779_52031001_0	0.9686634237664047 1K
NA12718 HG03492#2#JAHEPH010000288.1_2098270_2432686_1$HG02622#1#JAHAOO010000002.1_16673678_17080663_0	0.9686545141436013 1K
NA12718 HG04228.verkko_filt_pat.fa:haplotype2_0000600_103806749_104119491_0$HG02300.verkko_filt_pat.fa:haplotype2_0000620_143362344_143769323_1	0.9686488782959715 1K
NA12718 HG03492#1#JAHEPI010000180.1_2103395_2543326_1$HG02818#1#JAHEOS010000101.1_89626_496613_0	0.9686437587324934 1K
NA12718 HG03486#2#JAHEOP010000248.1_2105565_2584784_1$HG02622#1#JAHAOO010000002.1_16673678_17080663_0	0.9686380873574038 1K
NA12718 HG03486#1#JAHEOQ010000123.1_16677696_17085575_0$HG03098#1#JAHEPM010000059.1_16676208_17105596_0	0.9686289960124131 1K
NA12718 HG00438#2#JAHBCA010000012.1_51513023_51826723_0$HG03927.verkko_filt_mat.fa:haplotype1_0000009_134765170_135173010_1	0.9686215669132718 1K
NA12718 HG03098#1#JAHEPM010000059.1_16676208_17105596_0$HG002.verkko_filt_mat.fa:haplotype1_0000005_138228497_138636354_1	0.9686204602830650 1K
NA12718 HG03486#1#JAHEOQ010000123.1_16677696_17085575_0$HG02647.verkko_filt_mat.fa:haplotype1_0000002_103892584_104321036_0	0.9686152437405545 1K
NA12718 HG02723#1#JAHEOU010000204.1_2102082_2414876_1$HG02300.verkko_filt_pat.fa:haplotype2_0000620_143362344_143769323_1	0.9686122829082985 1K
NA12718 HG02622#1#JAHAOO010000002.1_16673678_17080663_0$HG01243#1#JAHEOY010000013.1_90081_424495_0	0.9685794593648396 1K
NA12718 HG01258#2#JAGYYU010000072.1_51562603_51970395_0$HG00733#1#JAHEPQ010000019.1_46106835_46420495_0	0.9685762293181061 1K
NA12718 HG02109#1#JAHEPG010000026.1_16673035_17080816_0$HG00733#1#JAHEPQ010000019.1_46106835_46420495_0	0.9685751365651036 1K
NA12718 HG02717#1#JAHAOS010000015.1_16660311_17067250_0$HG03492#2#JAHEPH010000288.1_2098270_2432686_1	0.9685728371600437 1K
NA12718 HG03492#2#JAHEPH010000288.1_2098270_2432686_1$NA18906#1#JAHEOO010000054.1_2103477_2510435_1	0.9685693940882207 1K
NA12718 HG002.verkko_filt_mat.fa:haplotype1_0000005_138228497_138636354_1$HG02647.verkko_filt_mat.fa:haplotype1_0000002_103892584_104321036_0	0.9685665743881975 1K
NA12718 HG02080#1#JAHEOW010000048.1_16689583_17097287_0$HG00438#2#JAHBCA010000012.1_51513023_51826723_0	0.9685580091865902 1K
NA12718 HG00438#2#JAHBCA010000012.1_51513023_51826723_0$NA19240#2#JAHEOL010000010.1_37445323_37853017_0	0.9685405634082798 1K
NA12718 HG02145#2#JAHKSF010000206.1_1005292_1413195_1$HG01071#1#JAHBCF010000053.1_26607100_27108065_1	0.9685400807765046 1K
NA12718 HG02080#1#JAHEOW010000048.1_16689583_17097287_0$HG00733#1#JAHEPQ010000019.1_46106835_46420495_0	0.9685351628839737 1K
NA12718 HG01071#1#JAHBCF010000053.1_26607100_27108065_1$HG02109#1#JAHEPG010000026.1_16673035_17080816_0	0.9685302615003848 1K
NA12718 HG01243#1#JAHEOY010000013.1_90081_424495_0$NA18906#1#JAHEOO010000054.1_2103477_2510435_1	0.9685257732175612 1K
NA12718 HG02109#2#JAHEPF010000078.1_16678387_16991144_0$HG02300.verkko_filt_pat.fa:haplotype2_0000620_143362344_143769323_1	0.9685204687277680 1K
NA12718 HG03486#1#JAHEOQ010000123.1_16677696_17085575_0$HG02055#2#JAHEPJ010000017.1_24870122_25298560_1	0.9685108235761569 1K
NA12718 AV_HG01106#haplotype2#0000932:16673968_17175925$HG03492#1#JAHEPI010000180.1_2103395_2543326_1	0.9685046742420118 1K
NA12718 HG03492#2#JAHEPH010000288.1_2098270_2432686_1$HG02818#1#JAHEOS010000101.1_89626_496613_0	0.9685022125930483 1K
NA12718 HG02717#1#JAHAOS010000015.1_16660311_17067250_0$HG01243#1#JAHEOY010000013.1_90081_424495_0	0.9684972998770596 1K
NA12718 HG02055#2#JAHEPJ010000017.1_24870122_25298560_1$HG002.verkko_filt_mat.fa:haplotype1_0000005_138228497_138636354_1	0.9684947893172233 1K
NA12718 HG02071.verkko_filt_mat.fa:haplotype1_0000041_103610513_104018399_0$HG02647.verkko_filt_mat.fa:haplotype1_0000002_103892584_104321036_0	0.9684820993776041 1K
NA12718 HG02630#2#JAHAOP010000089.1_16669255_17076135_0$HG01358#1#JAGYZB010000020.1_27445742_27855492_1	0.9684732605586598 1K
NA12718 HG03098#1#JAHEPM010000059.1_16676208_17105596_0$HG02071.verkko_filt_mat.fa:haplotype1_0000041_103610513_104018399_0	0.9684701240933670 1K
NA12718 HG01891#1#JAGYVO010000014.1_22855818_23168577_1$HG02300.verkko_filt_pat.fa:haplotype2_0000620_143362344_143769323_1	0.9684636864565640 1K
NA12718 AV_HG02257#haplotype2#0001152:102843493_103251377$HG01258#1#JAGYYV010000004.1_56955948_57456952_1	0.9684587761265049 1K
NA12718 HG00733#1#JAHEPQ010000019.1_46106835_46420495_0$NA19240#2#JAHEOL010000010.1_37445323_37853017_0	0.9684547648002875 1K
NA12718 HG02055#2#JAHEPJ010000017.1_24870122_25298560_1$HG02071.verkko_filt_mat.fa:haplotype1_0000041_103610513_104018399_0	0.9684434984866793 1K
NA12718 AV_HG02148#haplotype2#0002863:16304803_16712699$HG03098#1#JAHEPM010000059.1_16676208_17105596_0	0.9684378462649162 1K
NA12718 HG01109#1#JAHEPA010000099.1_2104245_2511104_1$HG00438#2#JAHBCA010000012.1_51513023_51826723_0	0.9684340385204876 1K
NA12718 HG00438#2#JAHBCA010000012.1_51513023_51826723_0$HG01099.verkko_filt_mat.fa:haplotype1_0000034_142513097_142920876_1	0.9684267609865700 1K
NA12718 AV_HG01361#haplotype1#0000023:101593539_102001341$HG00438#2#JAHBCA010000012.1_51513023_51826723_0	0.9684157525022392 1K
NA12718 HG01243#1#JAHEOY010000013.1_90081_424495_0$HG02818#1#JAHEOS010000101.1_89626_496613_0	0.9684056865236995 1K
NA12718 HG02809.verkko_filt_mat.fa:haplotype1_0000023_94161320_94589755_0$HG002.verkko_filt_mat.fa:haplotype1_0000005_138228497_138636354_1	0.9683939239683957 1K
NA12718 HG02723#1#JAHEOU010000204.1_2102082_2414876_1$HG03486#2#JAHEOP010000248.1_2105565_2584784_1	0.9683878459367122 1K
NA12718 HG01978#1#JAGYVS010000002.1_51519970_52021951_0$HG03492#1#JAHEPI010000180.1_2103395_2543326_1	0.9683853058220124 1K
NA12718 HG00621#2#JAHBCC010000031.1_16669999_17077865_0$HG02647.verkko_filt_mat.fa:haplotype1_0000002_103892584_104321036_0	0.9683848714273663 1K
NA12718 HG00621#2#JAHBCC010000031.1_16669999_17077865_0$HG03098#1#JAHEPM010000059.1_16676208_17105596_0	0.9683734135474099 1K
NA12718 AV_HG01175#haplotype1#0000070:46006269_46414083$HG00741#1#JAHALY010000007.1_18781197_19307680_1	0.9683623084389057 1K
NA12718 HG02630#1#JAHAOQ010000102.1_16672145_17079089_0$HG03492#2#JAHEPH010000288.1_2098270_2432686_1	0.9683519811482689 1K
NA12718 HG00438#2#JAHBCA010000012.1_51513023_51826723_0$HG03516#1#JAGYYT010000012.1_24170958_24578778_1	0.9683483816946371 1K
NA12718 HG03486#1#JAHEOQ010000123.1_16677696_17085575_0$HG02809.verkko_filt_mat.fa:haplotype1_0000023_94161320_94589755_0	0.9683443397796295 1K
NA12718 NA20129#2#JAHEPD010000155.1_90039_569275_0$HG02109#1#JAHEPG010000026.1_16673035_17080816_0	0.9683354997762438 1K
NA12718 HG03492#2#JAHEPH010000288.1_2098270_2432686_1$HG02486#1#JAGYVM010000007.1_28868414_29370339_1	0.9683110554098072 1K
NA12718 AV_HG02148#haplotype2#0002863:16304803_16712699$HG02647.verkko_filt_mat.fa:haplotype1_0000002_103892584_104321036_0	0.9682997068733948 1K
NA12718 AV_HG02257#haplotype2#0001152:102843493_103251377$HG01071#1#JAHBCF010000053.1_26607100_27108065_1	0.9682927167115167 1K
NA12718 HG02630#1#JAHAOQ010000102.1_16672145_17079089_0$HG01243#1#JAHEOY010000013.1_90081_424495_0	0.9682871306513502 1K
NA12718 HG03492#1#JAHEPI010000180.1_2103395_2543326_1$HG02622#1#JAHAOO010000002.1_16673678_17080663_0	0.9682847370548120 1K
NA12718 HG01258#1#JAGYYV010000004.1_56955948_57456952_1$HG02647.verkko_filt_mat.fa:haplotype1_0000002_103892584_104321036_0	0.9682793998470088 1K
NA12718 HG01109#1#JAHEPA010000099.1_2104245_2511104_1$HG03492#1#JAHEPI010000180.1_2103395_2543326_1	0.9682731019056361 1K
NA12718 HG01243#1#JAHEOY010000013.1_90081_424495_0$HG02486#1#JAGYVM010000007.1_28868414_29370339_1	0.9682634226987822 1K
NA12718 HG00621#2#JAHBCC010000031.1_16669999_17077865_0$HG02055#2#JAHEPJ010000017.1_24870122_25298560_1	0.9682554192504571 1K
NA12718 HG02630#1#JAHAOQ010000102.1_16672145_17079089_0$HG01258#1#JAGYYV010000004.1_56955948_57456952_1	0.9682432241981779 1K
NA12718 chr1_hg38_103456064_103863972_0$HG02647.verkko_filt_mat.fa:haplotype1_0000002_103892584_104321036_0	0.9682350063675543 1K
NA12718 chr1_hg19_103998686_104406594_0$HG02647.verkko_filt_mat.fa:haplotype1_0000002_103892584_104321036_0	0.9682350063675543 1K
NA12718 HG01258#1#JAGYYV010000004.1_56955948_57456952_1$NA18906#1#JAHEOO010000054.1_2103477_2510435_1	0.9682345313705701 1K
NA12718 HG00733#1#JAHEPQ010000019.1_46106835_46420495_0$HG02717#2#JAHAOR010000006.1_19663827_20070693_1	0.9682217883090413 1K
NA12718 HG01258#1#JAGYYV010000004.1_56955948_57456952_1$HG02055#2#JAHEPJ010000017.1_24870122_25298560_1	0.9682215999220268 1K
NA12718 HG02071.verkko_filt_mat.fa:haplotype1_0000041_103610513_104018399_0$HG02809.verkko_filt_mat.fa:haplotype1_0000023_94161320_94589755_0	0.9682103751951409 1K
NA12718 AV_HG00673#haplotype2#0001165:24014011_24421797$HG00733#1#JAHEPQ010000019.1_46106835_46420495_0	0.9682065418210758 1K
NA12718 AV_HG00673#haplotype2#0001165:24014011_24421797$HG00438#2#JAHBCA010000012.1_51513023_51826723_0	0.9682057589268656 1K
NA12718 AV_HG02148#haplotype2#0002863:16304803_16712699$HG02055#2#JAHEPJ010000017.1_24870122_25298560_1	0.9682038008554316 1K
NA12718 HG00438#2#JAHBCA010000012.1_51513023_51826723_0$HG03516#2#JAGYYS010000004.1_24452130_24859892_1	0.9681956712568026 1K
NA12718 HG00438#2#JAHBCA010000012.1_51513023_51826723_0$HG02109#1#JAHEPG010000026.1_16673035_17080816_0	0.9681899565149235 1K
NA12718 HG03098#1#JAHEPM010000059.1_16676208_17105596_0$HG02300.verkko_filt_pat.fa:haplotype2_0000620_143362344_143769323_1	0.9681828087444093 1K
NA12718 HG02717#1#JAHAOS010000015.1_16660311_17067250_0$HG01258#1#JAGYYV010000004.1_56955948_57456952_1	0.9681783094704941 1K
NA12718 HG03540#2#JAGYVX010000148.1_1368955_1877115_0$HG02293.verkko_filt_mat.fa:haplotype1_0000039_30204405_30517145_1	0.9681742018847846 1K
NA12718 HG01071#1#JAHBCF010000053.1_26607100_27108065_1$HG02647.verkko_filt_mat.fa:haplotype1_0000002_103892584_104321036_0	0.9681669318607660 1K
NA12718 chr1_hg38_103456064_103863972_0$HG03098#1#JAHEPM010000059.1_16676208_17105596_0	0.9681659352391181 1K
NA12718 chr1_hg19_103998686_104406594_0$HG03098#1#JAHEPM010000059.1_16676208_17105596_0	0.9681659352391181 1K
NA12718 HG02818#2#JAHEOR010000010.1_31775319_32183091_1$HG00438#2#JAHBCA010000012.1_51513023_51826723_0	0.9681555611952337 1K
NA12718 HG03492#1#JAHEPI010000180.1_2103395_2543326_1$HG01243#1#JAHEOY010000013.1_90081_424495_0	0.9681421541705231 1K
NA12718 HG02145#2#JAHKSF010000206.1_1005292_1413195_1$HG00733#1#JAHEPQ010000019.1_46106835_46420495_0	0.9681405334550944 1K
NA12718 HG01123#2#JAGYYY010000006.1_51579630_51892388_0$HG03927.verkko_filt_mat.fa:haplotype1_0000009_134765170_135173010_1	0.9681324591103091 1K
NA12718 HG01123#2#JAGYYY010000006.1_51579630_51892388_0$HG03540#2#JAGYVX010000148.1_1368955_1877115_0	0.9681259794838051 1K
NA12718 HG03492#2#JAHEPH010000288.1_2098270_2432686_1$HG03492#1#JAHEPI010000180.1_2103395_2543326_1	0.9681236481673914 1K
NA12718 HG00733#1#JAHEPQ010000019.1_46106835_46420495_0$HG02809.verkko_filt_pat.fa:haplotype2_0001251_103421111_103827972_0	0.9681183603415479 1K
NA12718 HG02622#2#JAHAON010000012.1_51551779_52031001_0$HG02109#1#JAHEPG010000026.1_16673035_17080816_0	0.9681170859139927 1K
NA12718 chr1_hg38_103456064_103863972_0$HG02055#2#JAHEPJ010000017.1_24870122_25298560_1	0.9680973260618110 1K
NA12718 chr1_hg19_103998686_104406594_0$HG02055#2#JAHEPJ010000017.1_24870122_25298560_1	0.9680973260618110 1K
NA12718 HG01258#1#JAGYYV010000004.1_56955948_57456952_1$HG02818#1#JAHEOS010000101.1_89626_496613_0	0.9680940888554617 1K
NA12718 HG01258#1#JAGYYV010000004.1_56955948_57456952_1$HG02809.verkko_filt_mat.fa:haplotype1_0000023_94161320_94589755_0	0.9680914675957555 1K
NA12718 HG02886#1#JAHAOU010000178.1_62411_469262_0$HG00733#1#JAHEPQ010000019.1_46106835_46420495_0	0.9680861976041706 1K
NA12718 HG01109#2#JAHEOZ010000047.1_16671232_17151375_0$HG002.verkko_filt_pat.fa:haplotype2_0000649_147937390_148315979_1	0.9680784274444696 1K
NA12718 HG03486#2#JAHEOP010000248.1_2105565_2584784_1$HG01258#2#JAGYYU010000072.1_51562603_51970395_0	0.9680744027432615 1K
NA12718 HG02559#1#JAGYVK010000012.1_51505852_51913611_0$HG00438#2#JAHBCA010000012.1_51513023_51826723_0	0.9680735411746100 1K
NA12718 HG00621#2#JAHBCC010000031.1_16669999_17077865_0$HG02809.verkko_filt_mat.fa:haplotype1_0000023_94161320_94589755_0	0.9680722249664172 1K
NA12718 HG01258#1#JAGYYV010000004.1_56955948_57456952_1$HG02622#1#JAHAOO010000002.1_16673678_17080663_0	0.9680715530127679 1K
NA12718 HG01071#1#JAHBCF010000053.1_26607100_27108065_1$NA18906#1#JAHEOO010000054.1_2103477_2510435_1	0.9680621850861535 1K
NA12718 NA20129#2#JAHEPD010000155.1_90039_569275_0$HG01258#2#JAGYYU010000072.1_51562603_51970395_0	0.9680567222064527 1K
NA12718 HG005#2#JAHEPN010000023.1_51542210_51950070_0$HG02647.verkko_filt_mat.fa:haplotype1_0000002_103892584_104321036_0	0.9680564550067386 1K
NA12718 HG01109#1#JAHEPA010000099.1_2104245_2511104_1$HG03927.verkko_filt_pat.fa:haplotype2_0000800_29002142_29504057_1	0.9680549746906415 1K
NA12718 HG03492#1#JAHEPI010000180.1_2103395_2543326_1$HG02486#2#JAGYVL010000029.1_94163344_94570162_0	0.9680525200691830 1K
NA12718 HG01123#2#JAGYYY010000006.1_51579630_51892388_0$HG02300.verkko_filt_mat.fa:haplotype1_0000028_144052837_144460586_1	0.9680498987418268 1K
NA12718 HG02630#1#JAHAOQ010000102.1_16672145_17079089_0$HG01071#1#JAHBCF010000053.1_26607100_27108065_1	0.9680492542558021 1K
NA12718 HG02818#2#JAHEOR010000010.1_31775319_32183091_1$HG01123#2#JAGYYY010000006.1_51579630_51892388_0	0.9680479918578696 1K
NA12718 HG03453#2#JAGYVV010000088.1_22597550_23005370_1$HG02647.verkko_filt_mat.fa:haplotype1_0000002_103892584_104321036_0	0.9680386131586665 1K
NA12718 HG03486#2#JAHEOP010000248.1_2105565_2584784_1$HG02486#2#JAGYVL010000029.1_94163344_94570162_0	0.9680332138339233 1K
NA12718 HG01123#1#JAGYYZ010000015.1_51528240_51935090_0$HG00733#1#JAHEPQ010000019.1_46106835_46420495_0	0.9680173014352835 1K
NA12718 AV_HG02148#haplotype2#0002863:16304803_16712699$HG02809.verkko_filt_mat.fa:haplotype1_0000023_94161320_94589755_0	0.9679797652105788 1K
NA12718 HG02886#1#JAHAOU010000178.1_62411_469262_0$HG03486#2#JAHEOP010000248.1_2105565_2584784_1	0.9679793149107689 1K
NA12718 chr1_hg38_103456064_103863972_0$HG02809.verkko_filt_mat.fa:haplotype1_0000023_94161320_94589755_0	0.9679720098800638 1K
NA12718 chr1_hg19_103998686_104406594_0$HG02809.verkko_filt_mat.fa:haplotype1_0000023_94161320_94589755_0	0.9679720098800638 1K
NA12718 HG01071#1#JAHBCF010000053.1_26607100_27108065_1$HG02055#2#JAHEPJ010000017.1_24870122_25298560_1	0.9679680211114425 1K
NA12718 HG005#1#JAHEPO010000002.1_51519219_51926067_0$HG00733#1#JAHEPQ010000019.1_46106835_46420495_0	0.9679593237039932 1K
NA12718 HG00438#2#JAHBCA010000012.1_51513023_51826723_0$HG01258#2#JAGYYU010000072.1_51562603_51970395_0	0.9679588412783324 1K
NA12718 HG01109#1#JAHEPA010000099.1_2104245_2511104_1$HG01099.verkko_filt_pat.fa:haplotype2_0000583_143544270_144046196_1	0.9679553883852647 1K
NA12718 HG02886#1#JAHAOU010000178.1_62411_469262_0$HG03492#1#JAHEPI010000180.1_2103395_2543326_1	0.9679467664748883 1K
NA12718 HG02486#2#JAGYVL010000029.1_94163344_94570162_0$HG00733#1#JAHEPQ010000019.1_46106835_46420495_0	0.9679439233700086 1K
NA12718 HG02717#1#JAHAOS010000015.1_16660311_17067250_0$HG01071#1#JAHBCF010000053.1_26607100_27108065_1	0.9679357181449906 1K
NA12718 HG00438#2#JAHBCA010000012.1_51513023_51826723_0$HG03579#1#JAGYVU010000029.1_91404_499180_0	0.9679275423534747 1K
NA12718 HG02622#2#JAHAON010000012.1_51551779_52031001_0$HG01258#2#JAGYYU010000072.1_51562603_51970395_0	0.9679243847000637 1K
NA12718 HG00438#2#JAHBCA010000012.1_51513023_51826723_0$NA19240#1#JAHEOM010000047.1_30103390_30511199_1	0.9679121389179667 1K
NA12718 HG01123#2#JAGYYY010000006.1_51579630_51892388_0$HG03516#2#JAGYYS010000004.1_24452130_24859892_1	0.9679077436834141 1K
NA12718 HG02559#1#JAGYVK010000012.1_51505852_51913611_0$HG01123#2#JAGYYY010000006.1_51579630_51892388_0	0.9679072797743391 1K
NA12718 HG02080#1#JAHEOW010000048.1_16689583_17097287_0$HG01123#2#JAGYYY010000006.1_51579630_51892388_0	0.9679052073960539 1K
NA12718 HG02055#2#JAHEPJ010000017.1_24870122_25298560_1$HG005#2#JAHEPN010000023.1_51542210_51950070_0	0.9679031204543022 1K
NA12718 HG03098#1#JAHEPM010000059.1_16676208_17105596_0$HG005#2#JAHEPN010000023.1_51542210_51950070_0	0.9678989536436559 1K
NA12718 HG01071#1#JAHBCF010000053.1_26607100_27108065_1$HG02818#1#JAHEOS010000101.1_89626_496613_0	0.9678961352298475 1K
NA12718 HG01123#2#JAGYYY010000006.1_51579630_51892388_0$NA19240#2#JAHEOL010000010.1_37445323_37853017_0	0.9678842792172425 1K
NA12718 AV_HG02257#haplotype2#0001152:102843493_103251377$HG00733#1#JAHEPQ010000019.1_46106835_46420495_0	0.9678667608597863 1K
NA12718 HG03453#2#JAGYVV010000088.1_22597550_23005370_1$HG02055#2#JAHEPJ010000017.1_24870122_25298560_1	0.9678606019572809 1K
NA12718 HG00741#1#JAHALY010000007.1_18781197_19307680_1$HG002.verkko_filt_mat.fa:haplotype1_0000005_138228497_138636354_1	0.9678569029876853 1K
NA12718 HG03453#2#JAGYVV010000088.1_22597550_23005370_1$HG03098#1#JAHEPM010000059.1_16676208_17105596_0	0.9678484170814934 1K
NA12718 HG02818#2#JAHEOR010000010.1_31775319_32183091_1$HG03927.verkko_filt_pat.fa:haplotype2_0000800_29002142_29504057_1	0.9678449629314329 1K
NA12718 HG00438#2#JAHBCA010000012.1_51513023_51826723_0$HG02809.verkko_filt_pat.fa:haplotype2_0001251_103421111_103827972_0	0.9678438185705169 1K
NA12718 HG00733#1#JAHEPQ010000019.1_46106835_46420495_0$HG02818#1#JAHEOS010000101.1_89626_496613_0	0.9678395682857714 1K
NA12718 HG00741#2#JAHALX010000013.1_51574319_51981226_0$HG00733#1#JAHEPQ010000019.1_46106835_46420495_0	0.9678374789208432 1K
NA12718 HG01123#2#JAGYYY010000006.1_51579630_51892388_0$HG03516#1#JAGYYT010000012.1_24170958_24578778_1	0.9678336630088938 1K
NA12718 NA20129#2#JAHEPD010000155.1_90039_569275_0$HG02647.verkko_filt_pat.fa:haplotype2_0000857_103738150_104051769_0	0.9678291078517554 1K
NA12718 HG00438#2#JAHBCA010000012.1_51513023_51826723_0$HG02717#2#JAHAOR010000006.1_19663827_20070693_1	0.9678258506737439 1K
NA12718 HG03098#1#JAHEPM010000059.1_16676208_17105596_0$HG01978#2#JAGYVR010000007.1_51532241_51939176_0	0.9678239998264357 1K
NA12718 HG005#1#JAHEPO010000002.1_51519219_51926067_0$HG00438#2#JAHBCA010000012.1_51513023_51826723_0	0.9678234998711296 1K
NA12718 HG00741#1#JAHALY010000007.1_18781197_19307680_1$HG03486#1#JAHEOQ010000123.1_16677696_17085575_0	0.9678172879313799 1K
NA12718 HG03579#2#JAGYVT010000094.1_51581892_51895531_0$HG03486#2#JAHEOP010000248.1_2105565_2584784_1	0.9678107282485153 1K
NA12718 HG01258#1#JAGYYV010000004.1_56955948_57456952_1$HG02809.verkko_filt_pat.fa:haplotype2_0001251_103421111_103827972_0	0.9678104732777875 1K
NA12718 HG03453#1#JAGYVW010000157.1_2105722_2585000_1$HG02145#2#JAHKSF010000206.1_1005292_1413195_1	0.9678081051429316 1K
NA12718 HG03486#2#JAHEOP010000248.1_2105565_2584784_1$HG02647.verkko_filt_pat.fa:haplotype2_0000857_103738150_104051769_0	0.9678057186652532 1K
NA12718 HG01123#2#JAGYYY010000006.1_51579630_51892388_0$NA19240#1#JAHEOM010000047.1_30103390_30511199_1	0.9678033940177571 1K
NA12718 HG03453#1#JAGYVW010000157.1_2105722_2585000_1$HG04228.verkko_filt_pat.fa:haplotype2_0000600_103806749_104119491_0	0.9677984651417177 1K
NA12718 HG02622#1#JAHAOO010000002.1_16673678_17080663_0$HG00733#1#JAHEPQ010000019.1_46106835_46420495_0	0.9677945175503145 1K
NA12718 HG02630#1#JAHAOQ010000102.1_16672145_17079089_0$HG00733#1#JAHEPQ010000019.1_46106835_46420495_0	0.9677920359251938 1K
NA12718 HG00741#1#JAHALY010000007.1_18781197_19307680_1$HG02071.verkko_filt_mat.fa:haplotype1_0000041_103610513_104018399_0	0.9677899880211880 1K
NA12718 NA20129#2#JAHEPD010000155.1_90039_569275_0$HG03579#2#JAGYVT010000094.1_51581892_51895531_0	0.9677880434625781 1K
NA12718 AV_HG02257#haplotype2#0001152:102843493_103251377$HG03453#1#JAGYVW010000157.1_2105722_2585000_1	0.9677606129477219 1K
NA12718 NA18906#1#JAHEOO010000054.1_2103477_2510435_1$HG00733#1#JAHEPQ010000019.1_46106835_46420495_0	0.9677568875376803 1K
NA12718 HG01071#1#JAHBCF010000053.1_26607100_27108065_1$HG02622#1#JAHAOO010000002.1_16673678_17080663_0	0.9677510298584524 1K
NA12718 HG01123#2#JAGYYY010000006.1_51579630_51892388_0$HG01099.verkko_filt_mat.fa:haplotype1_0000034_142513097_142920876_1	0.9677474448752629 1K
NA12718 HG01071#1#JAHBCF010000053.1_26607100_27108065_1$HG02809.verkko_filt_mat.fa:haplotype1_0000023_94161320_94589755_0	0.9677424658197522 1K
NA12718 HG03492#1#JAHEPI010000180.1_2103395_2543326_1$HG02293.verkko_filt_pat.fa:haplotype2_0000836_148310532_148812524_1	0.9677387017490462 1K
NA12718 HG03098#1#JAHEPM010000059.1_16676208_17105596_0$HG02004.verkko_filt_mat.fa:haplotype1_0000022_97828542_98235483_0	0.9677368927904343 1K
NA12718 NA20129#2#JAHEPD010000155.1_90039_569275_0$HG02886#1#JAHAOU010000178.1_62411_469262_0	0.9677315608166408 1K
NA12718 HG02145#2#JAHKSF010000206.1_1005292_1413195_1$HG03927.verkko_filt_pat.fa:haplotype2_0000800_29002142_29504057_1	0.9677248755093066 1K
NA12718 AV_HG02148#haplotype2#0002863:16304803_16712699$HG00741#1#JAHALY010000007.1_18781197_19307680_1	0.9677248411806358 1K
NA12718 HG01123#1#JAGYYZ010000015.1_51528240_51935090_0$HG03486#2#JAHEOP010000248.1_2105565_2584784_1	0.9677237926062316 1K
NA12718 HG005#2#JAHEPN010000023.1_51542210_51950070_0$HG02809.verkko_filt_mat.fa:haplotype1_0000023_94161320_94589755_0	0.9677208091356966 1K
NA12718 HG03492#1#JAHEPI010000180.1_2103395_2543326_1$HG02809.verkko_filt_pat.fa:haplotype2_0001251_103421111_103827972_0	0.9677136147827995 1K
NA12718 AV_HG01361#haplotype1#0000023:101593539_102001341$HG01123#2#JAGYYY010000006.1_51579630_51892388_0	0.9677120677986049 1K
NA12718 HG03486#2#JAHEOP010000248.1_2105565_2584784_1$HG02109#1#JAHEPG010000026.1_16673035_17080816_0	0.9677075863831889 1K
NA12718 AV_HG00673#haplotype1#0000019:16627360_17129375$HG03492#1#JAHEPI010000180.1_2103395_2543326_1	0.9677055549052007 1K
NA12718 HG03492#2#JAHEPH010000288.1_2098270_2432686_1$HG02809.verkko_filt_pat.fa:haplotype2_0001251_103421111_103827972_0	0.9677023022586058 1K
NA12718 NA19240#1#JAHEOM010000047.1_30103390_30511199_1$HG03927.verkko_filt_pat.fa:haplotype2_0000800_29002142_29504057_1	0.9676957603513400 1K
NA12718 HG01123#1#JAGYYZ010000015.1_51528240_51935090_0$HG00438#2#JAHBCA010000012.1_51513023_51826723_0	0.9676955766824766 1K
NA12718 HG02080#2#JAHEOV010000017.1_16662177_17164189_0$HG03492#1#JAHEPI010000180.1_2103395_2543326_1	0.9676902303330155 1K
NA12718 HG03516#2#JAGYYS010000004.1_24452130_24859892_1$HG03927.verkko_filt_pat.fa:haplotype2_0000800_29002142_29504057_1	0.9676881859434141 1K
NA12718 HG02109#1#JAHEPG010000026.1_16673035_17080816_0$HG002.verkko_filt_pat.fa:haplotype2_0000649_147937390_148315979_1	0.9676857675975337 1K
NA12718 HG01928#1#JAGYVQ010000053.1_16676493_17083407_0$HG03098#1#JAHEPM010000059.1_16676208_17105596_0	0.9676846011495760 1K
NA12718 HG02559#1#JAGYVK010000012.1_51505852_51913611_0$HG03927.verkko_filt_pat.fa:haplotype2_0000800_29002142_29504057_1	0.9676833780442697 1K
NA12718 HG02622#2#JAHAON010000012.1_51551779_52031001_0$HG02886#1#JAHAOU010000178.1_62411_469262_0	0.9676732621102833 1K
NA12718 HG02300.verkko_filt_pat.fa:haplotype2_0000620_143362344_143769323_1$HG02647.verkko_filt_mat.fa:haplotype1_0000002_103892584_104321036_0	0.9676730161076423 1K
NA12718 NA20129#2#JAHEPD010000155.1_90039_569275_0$HG02486#2#JAGYVL010000029.1_94163344_94570162_0	0.9676686389250890 1K
NA12718 NA18906#1#JAHEOO010000054.1_2103477_2510435_1$HG03927.verkko_filt_pat.fa:haplotype2_0000800_29002142_29504057_1	0.9676644674304903 1K
NA12718 HG02630#2#JAHAOP010000089.1_16669255_17076135_0$HG00733#1#JAHEPQ010000019.1_46106835_46420495_0	0.9676518028225418 1K
NA12718 HG01123#2#JAGYYY010000006.1_51579630_51892388_0$HG03579#1#JAGYVU010000029.1_91404_499180_0	0.9676496783691738 1K
NA12718 HG03453#2#JAGYVV010000088.1_22597550_23005370_1$HG02809.verkko_filt_mat.fa:haplotype1_0000023_94161320_94589755_0	0.9676454398432149 1K
NA12718 HG02300.verkko_filt_mat.fa:haplotype1_0000028_144052837_144460586_1$HG01099.verkko_filt_pat.fa:haplotype2_0000583_143544270_144046196_1	0.9676320590521951 1K
NA12718 HG01243#1#JAHEOY010000013.1_90081_424495_0$HG02809.verkko_filt_pat.fa:haplotype2_0001251_103421111_103827972_0	0.9676271096420070 1K
NA12718 HG005#1#JAHEPO010000002.1_51519219_51926067_0$HG03486#2#JAHEOP010000248.1_2105565_2584784_1	0.9676234328476684 1K
NA12718 HG02145#2#JAHKSF010000206.1_1005292_1413195_1$HG002.verkko_filt_pat.fa:haplotype2_0000649_147937390_148315979_1	0.9676187668611574 1K
NA12718 AV_HG02257#haplotype2#0001152:102843493_103251377$HG03927.verkko_filt_pat.fa:haplotype2_0000800_29002142_29504057_1	0.9676182956923043 1K
NA12718 HG00621#2#JAHBCC010000031.1_16669999_17077865_0$HG00741#1#JAHALY010000007.1_18781197_19307680_1	0.9676161378850322 1K
NA12718 HG02622#2#JAHAON010000012.1_51551779_52031001_0$HG02486#2#JAGYVL010000029.1_94163344_94570162_0	0.9676041600214662 1K
NA12718 HG03098#1#JAHEPM010000059.1_16676208_17105596_0$HG03927.verkko_filt_pat.fa:haplotype2_0000800_29002142_29504057_1	0.9676037035073918 1K
NA12718 HG02080#1#JAHEOW010000048.1_16689583_17097287_0$HG01099.verkko_filt_pat.fa:haplotype2_0000583_143544270_144046196_1	0.9676026324730258 1K
NA12718 NA19240#2#JAHEOL010000010.1_37445323_37853017_0$HG01099.verkko_filt_pat.fa:haplotype2_0000583_143544270_144046196_1	0.9676017531192970 1K
NA12718 HG01099.verkko_filt_mat.fa:haplotype1_0000034_142513097_142920876_1$HG01099.verkko_filt_pat.fa:haplotype2_0000583_143544270_144046196_1	0.9675892485446170 1K
NA12718 AV_HG02257#haplotype2#0001152:102843493_103251377$HG002.verkko_filt_pat.fa:haplotype2_0000649_147937390_148315979_1	0.9675735005706140 1K
NA12718 NA20129#2#JAHEPD010000155.1_90039_569275_0$HG02109#2#JAHEPF010000078.1_16678387_16991144_0	0.9675729944261342 1K
NA12718 HG03927.verkko_filt_mat.fa:haplotype1_0000009_134765170_135173010_1$HG03927.verkko_filt_pat.fa:haplotype2_0000800_29002142_29504057_1	0.9675700017739607 1K
NA12718 HG02630#1#JAHAOQ010000102.1_16672145_17079089_0$HG03927.verkko_filt_pat.fa:haplotype2_0000800_29002142_29504057_1	0.9675645992205578 1K
NA12718 HG01071#1#JAHBCF010000053.1_26607100_27108065_1$HG02809.verkko_filt_pat.fa:haplotype2_0001251_103421111_103827972_0	0.9675639826053739 1K
NA12718 HG01978#2#JAGYVR010000007.1_51532241_51939176_0$HG02647.verkko_filt_mat.fa:haplotype1_0000002_103892584_104321036_0	0.9675525267600533 1K
NA12718 HG01109#1#JAHEPA010000099.1_2104245_2511104_1$HG03453#1#JAGYVW010000157.1_2105722_2585000_1	0.9675476391158089 1K
NA12718 HG02622#2#JAHAON010000012.1_51551779_52031001_0$HG02647.verkko_filt_pat.fa:haplotype2_0000857_103738150_104051769_0	0.9675439736579297 1K
NA12718 HG005#1#JAHEPO010000002.1_51519219_51926067_0$NA20129#2#JAHEPD010000155.1_90039_569275_0	0.9675371087710624 1K
NA12718 HG03540#1#JAGYVY010000208.1_95187_596142_0$HG01099.verkko_filt_mat.fa:haplotype1_0000034_142513097_142920876_1	0.9675336954027088 1K
NA12718 HG01109#2#JAHEOZ010000047.1_16671232_17151375_0$HG01358#1#JAGYZB010000020.1_27445742_27855492_1	0.9675297763129586 1K
NA12718 HG02055#2#JAHEPJ010000017.1_24870122_25298560_1$HG02300.verkko_filt_pat.fa:haplotype2_0000620_143362344_143769323_1	0.9675273976445494 1K
NA12718 HG03486#2#JAHEOP010000248.1_2105565_2584784_1$HG02717#2#JAHAOR010000006.1_19663827_20070693_1	0.9675267661235561 1K
NA12718 HG03579#1#JAGYVU010000029.1_91404_499180_0$HG03927.verkko_filt_pat.fa:haplotype2_0000800_29002142_29504057_1	0.9675225626807846 1K
NA12718 HG03579#2#JAGYVT010000094.1_51581892_51895531_0$HG02622#2#JAHAON010000012.1_51551779_52031001_0	0.9675212526203582 1K
NA12718 HG00741#1#JAHALY010000007.1_18781197_19307680_1$chr1_hg38_103456064_103863972_0	0.9675155868931342 1K
NA12718 HG00741#1#JAHALY010000007.1_18781197_19307680_1$chr1_hg19_103998686_104406594_0	0.9675155868931342 1K
NA12718 HG02004.verkko_filt_mat.fa:haplotype1_0000022_97828542_98235483_0$HG02647.verkko_filt_mat.fa:haplotype1_0000002_103892584_104321036_0	0.9675138234820494 1K
NA12718 AV_HG00673#haplotype2#0001165:24014011_24421797$HG01099.verkko_filt_pat.fa:haplotype2_0000583_143544270_144046196_1	0.9675132779424434 1K
NA12718 HG03540#1#JAGYVY010000208.1_95187_596142_0$HG02300.verkko_filt_mat.fa:haplotype1_0000028_144052837_144460586_1	0.9675115106498317 1K
NA12718 HG03453#1#JAGYVW010000157.1_2105722_2585000_1$NA18906#1#JAHEOO010000054.1_2103477_2510435_1	0.9675008275473548 1K
NA12718 HG01258#1#JAGYYV010000004.1_56955948_57456952_1$HG02486#2#JAGYVL010000029.1_94163344_94570162_0	0.9674995768423158 1K
NA12718 HG02622#1#JAHAOO010000002.1_16673678_17080663_0$HG03927.verkko_filt_pat.fa:haplotype2_0000800_29002142_29504057_1	0.9674813104091082 1K
NA12718 HG02717#1#JAHAOS010000015.1_16660311_17067250_0$HG00733#1#JAHEPQ010000019.1_46106835_46420495_0	0.9674758782802448 1K
NA12718 HG02559#2#JAGYVJ010000037.1_52167780_52574597_1$NA20129#2#JAHEPD010000155.1_90039_569275_0	0.9674756250132239 1K
NA12718 HG02717#1#JAHAOS010000015.1_16660311_17067250_0$HG03927.verkko_filt_pat.fa:haplotype2_0000800_29002142_29504057_1	0.9674671996894167 1K
NA12718 NA20129#2#JAHEPD010000155.1_90039_569275_0$HG01123#1#JAGYYZ010000015.1_51528240_51935090_0	0.9674666350440612 1K
NA12718 HG01258#1#JAGYYV010000004.1_56955948_57456952_1$HG01258#2#JAGYYU010000072.1_51562603_51970395_0	0.9674631927496061 1K
NA12718 NA20129#2#JAHEPD010000155.1_90039_569275_0$HG00741#2#JAHALX010000013.1_51574319_51981226_0	0.9674616306595113 1K
NA12718 HG01109#1#JAHEPA010000099.1_2104245_2511104_1$HG01258#1#JAGYYV010000004.1_56955948_57456952_1	0.9674588360122446 1K
NA12718 AV_HG00673#haplotype2#0001165:24014011_24421797$HG03540#1#JAGYVY010000208.1_95187_596142_0	0.9674577111654207 1K
NA12718 HG03516#1#JAGYYT010000012.1_24170958_24578778_1$HG01099.verkko_filt_pat.fa:haplotype2_0000583_143544270_144046196_1	0.9674546806170895 1K
NA12718 HG01109#1#JAHEPA010000099.1_2104245_2511104_1$HG03540#1#JAGYVY010000208.1_95187_596142_0	0.9674519510248367 1K
NA12718 HG03927.verkko_filt_mat.fa:haplotype1_0000009_134765170_135173010_1$HG01099.verkko_filt_pat.fa:haplotype2_0000583_143544270_144046196_1	0.9674486689297325 1K
NA12718 NA20129#2#JAHEPD010000155.1_90039_569275_0$HG02717#2#JAHAOR010000006.1_19663827_20070693_1	0.9674465958576887 1K
NA12718 HG03540#2#JAGYVX010000148.1_1368955_1877115_0$HG04228.verkko_filt_pat.fa:haplotype2_0000600_103806749_104119491_0	0.9674460887193891 1K
NA12718 HG03098#1#JAHEPM010000059.1_16676208_17105596_0$HG01099.verkko_filt_pat.fa:haplotype2_0000583_143544270_144046196_1	0.9674453620103508 1K
NA12718 HG00438#2#JAHBCA010000012.1_51513023_51826723_0$HG02486#2#JAGYVL010000029.1_94163344_94570162_0	0.9674450676456455 1K
NA12718 AV_HG02257#haplotype2#0001152:102843493_103251377$HG01099.verkko_filt_pat.fa:haplotype2_0000583_143544270_144046196_1	0.9674376255966339 1K
NA12718 HG02559#2#JAGYVJ010000037.1_52167780_52574597_1$HG03486#2#JAHEOP010000248.1_2105565_2584784_1	0.9674370617526635 1K
NA12718 HG02809.verkko_filt_mat.fa:haplotype1_0000023_94161320_94589755_0$HG02300.verkko_filt_pat.fa:haplotype2_0000620_143362344_143769323_1	0.9674353941180736 1K
NA12718 HG03492#1#JAHEPI010000180.1_2103395_2543326_1$HG02071.verkko_filt_pat.fa:haplotype2_0000736_102745972_103248026_0	0.9674305483684998 1K
NA12718 HG02486#1#JAGYVM010000007.1_28868414_29370339_1$HG02300.verkko_filt_mat.fa:haplotype1_0000028_144052837_144460586_1	0.9674292101744467 1K
NA12718 HG02818#1#JAHEOS010000101.1_89626_496613_0$HG03927.verkko_filt_pat.fa:haplotype2_0000800_29002142_29504057_1	0.9674217960457199 1K
NA12718 HG03540#1#JAGYVY010000208.1_95187_596142_0$NA19240#2#JAHEOL010000010.1_37445323_37853017_0	0.9674217658783220 1K
NA12718 NA20129#2#JAHEPD010000155.1_90039_569275_0$HG02630#2#JAHAOP010000089.1_16669255_17076135_0	0.9674186864075919 1K
NA12718 HG02080#1#JAHEOW010000048.1_16689583_17097287_0$HG03540#1#JAGYVY010000208.1_95187_596142_0	0.9674170736997986 1K
NA12718 HG01928#1#JAGYVQ010000053.1_16676493_17083407_0$HG02647.verkko_filt_mat.fa:haplotype1_0000002_103892584_104321036_0	0.9674119253197415 1K
NA12718 HG02145#2#JAHKSF010000206.1_1005292_1413195_1$HG00438#2#JAHBCA010000012.1_51513023_51826723_0	0.9674108755810902 1K
NA12718 HG02630#1#JAHAOQ010000102.1_16672145_17079089_0$HG03453#1#JAGYVW010000157.1_2105722_2585000_1	0.9674073649590137 1K
NA12718 HG00621#1#JAHBCD010000034.1_2122997_2624098_1$HG03492#1#JAHEPI010000180.1_2103395_2543326_1	0.9674017413653799 1K
NA12718 HG02886#1#JAHAOU010000178.1_62411_469262_0$HG01258#1#JAGYYV010000004.1_56955948_57456952_1	0.9673968197140623 1K
NA12718 HG03540#1#JAGYVY010000208.1_95187_596142_0$HG03927.verkko_filt_mat.fa:haplotype1_0000009_134765170_135173010_1	0.9673930107826840 1K
NA12718 HG01978#2#JAGYVR010000007.1_51532241_51939176_0$HG02055#2#JAHEPJ010000017.1_24870122_25298560_1	0.9673911086962965 1K
NA12718 HG02559#2#JAGYVJ010000037.1_52167780_52574597_1$HG01258#1#JAGYYV010000004.1_56955948_57456952_1	0.9673765299212362 1K
NA12718 HG005#1#JAHEPO010000002.1_51519219_51926067_0$HG02622#2#JAHAON010000012.1_51551779_52031001_0	0.9673739759140635 1K
NA12718 HG00741#1#JAHALY010000007.1_18781197_19307680_1$HG02300.verkko_filt_pat.fa:haplotype2_0000620_143362344_143769323_1	0.9673695060677029 1K
NA12718 HG03516#1#JAGYYT010000012.1_24170958_24578778_1$HG03540#1#JAGYVY010000208.1_95187_596142_0	0.9673612734460838 1K
NA12718 HG02055#2#JAHEPJ010000017.1_24870122_25298560_1$HG02004.verkko_filt_mat.fa:haplotype1_0000022_97828542_98235483_0	0.9673612717796921 1K
NA12718 HG02630#2#JAHAOP010000089.1_16669255_17076135_0$HG00438#2#JAHBCA010000012.1_51513023_51826723_0	0.9673574099177416 1K
NA12718 HG02647.verkko_filt_mat.fa:haplotype1_0000002_103892584_104321036_0$HG03927.verkko_filt_pat.fa:haplotype2_0000800_29002142_29504057_1	0.9673554577062773 1K
NA12718 HG02055#2#JAHEPJ010000017.1_24870122_25298560_1$HG03927.verkko_filt_pat.fa:haplotype2_0000800_29002142_29504057_1	0.9673550921633639 1K
NA12718 HG02622#2#JAHAON010000012.1_51551779_52031001_0$HG01123#1#JAGYYZ010000015.1_51528240_51935090_0	0.9673526137615516 1K
NA12718 AV_HG01361#haplotype1#0000023:101593539_102001341$HG01099.verkko_filt_pat.fa:haplotype2_0000583_143544270_144046196_1	0.9673469249908943 1K
NA12718 HG01071#1#JAHBCF010000053.1_26607100_27108065_1$HG01258#2#JAGYYU010000072.1_51562603_51970395_0	0.9673432020795640 1K
NA12718 HG02630#2#JAHAOP010000089.1_16669255_17076135_0$HG02622#2#JAHAON010000012.1_51551779_52031001_0	0.9673352517878677 1K
NA12718 HG00741#1#JAHALY010000007.1_18781197_19307680_1$HG03453#2#JAGYVV010000088.1_22597550_23005370_1	0.9673268426226844 1K
NA12718 HG02717#1#JAHAOS010000015.1_16660311_17067250_0$HG03453#1#JAGYVW010000157.1_2105722_2585000_1	0.9673262932207221 1K
NA12718 AV_HG01361#haplotype1#0000023:101593539_102001341$HG03540#1#JAGYVY010000208.1_95187_596142_0	0.9673238259976955 1K
NA12718 HG00438#2#JAHBCA010000012.1_51513023_51826723_0$HG00741#2#JAHALX010000013.1_51574319_51981226_0	0.9673213389437603 1K
NA12718 HG00741#1#JAHALY010000007.1_18781197_19307680_1$HG005#2#JAHEPN010000023.1_51542210_51950070_0	0.9673181599344980 1K
NA12718 HG02630#2#JAHAOP010000089.1_16669255_17076135_0$HG03486#2#JAHEOP010000248.1_2105565_2584784_1	0.9673167229894865 1K
NA12718 HG02486#1#JAGYVM010000007.1_28868414_29370339_1$HG01099.verkko_filt_mat.fa:haplotype1_0000034_142513097_142920876_1	0.9673156551367291 1K
NA12718 HG02622#2#JAHAON010000012.1_51551779_52031001_0$HG02109#2#JAHEPF010000078.1_16678387_16991144_0	0.9673061605114924 1K
NA12718 HG02622#2#JAHAON010000012.1_51551779_52031001_0$HG00741#2#JAHALX010000013.1_51574319_51981226_0	0.9673046196163627 1K
NA12718 HG02145#2#JAHKSF010000206.1_1005292_1413195_1$HG03540#1#JAGYVY010000208.1_95187_596142_0	0.9673044226210096 1K
NA12718 HG01071#1#JAHBCF010000053.1_26607100_27108065_1$HG02886#1#JAHAOU010000178.1_62411_469262_0	0.9672964664865058 1K
NA12718 HG03486#2#JAHEOP010000248.1_2105565_2584784_1$HG02109#2#JAHEPF010000078.1_16678387_16991144_0	0.9672953336940431 1K
NA12718 HG02145#2#JAHKSF010000206.1_1005292_1413195_1$HG01099.verkko_filt_pat.fa:haplotype2_0000583_143544270_144046196_1	0.9672949895737464 1K
NA12718 HG03098#1#JAHEPM010000059.1_16676208_17105596_0$HG03540#1#JAGYVY010000208.1_95187_596142_0	0.9672888447673048 1K
NA12718 HG005#1#JAHEPO010000002.1_51519219_51926067_0$HG01258#1#JAGYYV010000004.1_56955948_57456952_1	0.9672881756571178 1K
NA12718 HG02622#2#JAHAON010000012.1_51551779_52031001_0$HG02717#2#JAHAOR010000006.1_19663827_20070693_1	0.9672773099903801 1K
NA12718 HG02717#1#JAHAOS010000015.1_16660311_17067250_0$HG01099.verkko_filt_pat.fa:haplotype2_0000583_143544270_144046196_1	0.9672756307334854 1K
NA12718 HG02559#2#JAGYVJ010000037.1_52167780_52574597_1$HG02622#2#JAHAON010000012.1_51551779_52031001_0	0.9672755583389183 1K
NA12718 AV_HG02257#haplotype2#0001152:102843493_103251377$HG03540#1#JAGYVY010000208.1_95187_596142_0	0.9672737077146213 1K
NA12718 AV_HG02257#haplotype2#0001152:102843493_103251377$HG00438#2#JAHBCA010000012.1_51513023_51826723_0	0.9672615327174897 1K
NA12718 HG02647.verkko_filt_mat.fa:haplotype1_0000002_103892584_104321036_0$HG01099.verkko_filt_pat.fa:haplotype2_0000583_143544270_144046196_1	0.9672595880693334 1K
NA12718 NA18906#1#JAHEOO010000054.1_2103477_2510435_1$HG01099.verkko_filt_pat.fa:haplotype2_0000583_143544270_144046196_1	0.9672556979997595 1K
NA12718 HG03492#2#JAHEPH010000288.1_2098270_2432686_1$HG01258#2#JAGYYU010000072.1_51562603_51970395_0	0.9672403623162663 1K
NA12718 HG03486#2#JAHEOP010000248.1_2105565_2584784_1$HG00741#2#JAHALX010000013.1_51574319_51981226_0	0.9672375812276055 1K
NA12718 NA20129#2#JAHEPD010000155.1_90039_569275_0$HG01891#1#JAGYVO010000014.1_22855818_23168577_1	0.9672343161796076 1K
NA12718 HG02809.verkko_filt_mat.fa:haplotype1_0000023_94161320_94589755_0$HG03927.verkko_filt_pat.fa:haplotype2_0000800_29002142_29504057_1	0.9672312596065651 1K
NA12718 HG01071#1#JAHBCF010000053.1_26607100_27108065_1$HG02486#2#JAGYVL010000029.1_94163344_94570162_0	0.9672311713036523 1K
NA12718 NA18906#1#JAHEOO010000054.1_2103477_2510435_1$HG002.verkko_filt_pat.fa:haplotype2_0000649_147937390_148315979_1	0.9672258482797313 1K
NA12718 NA20129#2#JAHEPD010000155.1_90039_569275_0$HG02809.verkko_filt_pat.fa:haplotype2_0001251_103421111_103827972_0	0.9672232218476940 1K
NA12718 HG01978#2#JAGYVR010000007.1_51532241_51939176_0$HG02809.verkko_filt_mat.fa:haplotype1_0000023_94161320_94589755_0	0.9672171917545576 1K
NA12718 HG02886#1#JAHAOU010000178.1_62411_469262_0$HG00438#2#JAHBCA010000012.1_51513023_51826723_0	0.9672157980800817 1K
NA12718 HG02055#2#JAHEPJ010000017.1_24870122_25298560_1$HG01099.verkko_filt_pat.fa:haplotype2_0000583_143544270_144046196_1	0.9672080792281861 1K
NA12718 HG02717#1#JAHAOS010000015.1_16660311_17067250_0$HG002.verkko_filt_pat.fa:haplotype2_0000649_147937390_148315979_1	0.9672022054119157 1K
NA12718 HG00741#1#JAHALY010000007.1_18781197_19307680_1$HG01978#2#JAGYVR010000007.1_51532241_51939176_0	0.9671997405877826 1K
NA12718 HG00438#2#JAHBCA010000012.1_51513023_51826723_0$NA18906#1#JAHEOO010000054.1_2103477_2510435_1	0.9671973307661016 1K
NA12718 HG02717#1#JAHAOS010000015.1_16660311_17067250_0$HG00438#2#JAHBCA010000012.1_51513023_51826723_0	0.9671895817428645 1K
NA12718 HG00438#2#JAHBCA010000012.1_51513023_51826723_0$HG02818#1#JAHEOS010000101.1_89626_496613_0	0.9671845795163297 1K
NA12718 HG00741#1#JAHALY010000007.1_18781197_19307680_1$HG02004.verkko_filt_mat.fa:haplotype1_0000022_97828542_98235483_0	0.9671834412038108 1K
NA12718 HG02630#1#JAHAOQ010000102.1_16672145_17079089_0$HG00438#2#JAHBCA010000012.1_51513023_51826723_0	0.9671831525509719 1K
NA12718 HG02486#1#JAGYVM010000007.1_28868414_29370339_1$HG03927.verkko_filt_mat.fa:haplotype1_0000009_134765170_135173010_1	0.9671780038729821 1K
NA12718 HG02080#1#JAHEOW010000048.1_16689583_17097287_0$HG02486#1#JAGYVM010000007.1_28868414_29370339_1	0.9671717912714379 1K
NA12718 HG03453#1#JAGYVW010000157.1_2105722_2585000_1$HG02818#1#JAHEOS010000101.1_89626_496613_0	0.9671635398332202 1K
NA12718 HG02809.verkko_filt_mat.fa:haplotype1_0000023_94161320_94589755_0$HG01099.verkko_filt_pat.fa:haplotype2_0000583_143544270_144046196_1	0.9671635361912130 1K
NA12718 AV_HG00673#haplotype2#0001165:24014011_24421797$HG02486#1#JAGYVM010000007.1_28868414_29370339_1	0.9671526125696751 1K
NA12718 HG02630#1#JAHAOQ010000102.1_16672145_17079089_0$HG01099.verkko_filt_pat.fa:haplotype2_0000583_143544270_144046196_1	0.9671504968696973 1K
NA12718 HG02559#2#JAGYVJ010000037.1_52167780_52574597_1$HG01243#1#JAHEOY010000013.1_90081_424495_0	0.9671493723712996 1K
NA12718 HG02486#1#JAGYVM010000007.1_28868414_29370339_1$NA19240#2#JAHEOL010000010.1_37445323_37853017_0	0.9671432603595455 1K
NA12718 HG03492#1#JAHEPI010000180.1_2103395_2543326_1$HG04228.verkko_filt_mat.fa:haplotype1_0000023_103429213_103930285_0	0.9671407537691066 1K
NA12718 HG02630#2#JAHAOP010000089.1_16669255_17076135_0$HG03492#1#JAHEPI010000180.1_2103395_2543326_1	0.9671341123890221 1K
NA12718 HG02559#2#JAGYVJ010000037.1_52167780_52574597_1$HG03492#2#JAHEPH010000288.1_2098270_2432686_1	0.9671291872313488 1K
NA12718 HG03492#2#JAHEPH010000288.1_2098270_2432686_1$HG02630#2#JAHAOP010000089.1_16669255_17076135_0	0.9671278409506409 1K
NA12718 HG01243#1#JAHEOY010000013.1_90081_424495_0$HG01258#2#JAGYYU010000072.1_51562603_51970395_0	0.9671234579903731 1K
NA12718 HG01109#1#JAHEPA010000099.1_2104245_2511104_1$HG01071#1#JAHBCF010000053.1_26607100_27108065_1	0.9671096917004723 1K
NA12718 AV_HG01361#haplotype1#0000023:101593539_102001341$HG02486#1#JAGYVM010000007.1_28868414_29370339_1	0.9671054321907320 1K
NA12718 HG01928#1#JAGYVQ010000053.1_16676493_17083407_0$HG02055#2#JAHEPJ010000017.1_24870122_25298560_1	0.9670946311620366 1K
NA12718 HG02004.verkko_filt_mat.fa:haplotype1_0000022_97828542_98235483_0$HG02809.verkko_filt_mat.fa:haplotype1_0000023_94161320_94589755_0	0.9670808729357401 1K
NA12718 HG02109#1#JAHEPG010000026.1_16673035_17080816_0$HG03927.verkko_filt_pat.fa:haplotype2_0000800_29002142_29504057_1	0.9670657569177937 1K
NA12718 HG00438#2#JAHBCA010000012.1_51513023_51826723_0$HG02622#1#JAHAOO010000002.1_16673678_17080663_0	0.9670583633384043 1K
NA12718 HG00438#1#JAHBCB010000015.1_33474867_33954171_0$HG002.verkko_filt_pat.fa:haplotype2_0000649_147937390_148315979_1	0.9670574182418699 1K
NA12718 HG01109#1#JAHEPA010000099.1_2104245_2511104_1$HG002.verkko_filt_pat.fa:haplotype2_0000649_147937390_148315979_1	0.9670526194703061 1K
NA12718 HG02818#1#JAHEOS010000101.1_89626_496613_0$HG01099.verkko_filt_pat.fa:haplotype2_0000583_143544270_144046196_1	0.9670515611200252 1K
NA12718 HG02630#2#JAHAOP010000089.1_16669255_17076135_0$HG01258#1#JAGYYV010000004.1_56955948_57456952_1	0.9670481447656487 1K
NA12718 AV_HG00673#haplotype2#0001165:24014011_24421797$HG01123#2#JAGYYY010000006.1_51579630_51892388_0	0.9670406624660306 1K
NA12718 HG005#1#JAHEPO010000002.1_51519219_51926067_0$HG01071#1#JAHBCF010000053.1_26607100_27108065_1	0.9670388667149233 1K
NA12718 HG02622#2#JAHAON010000012.1_51551779_52031001_0$HG02809.verkko_filt_pat.fa:haplotype2_0001251_103421111_103827972_0	0.9670354514018895 1K
NA12718 HG01258#1#JAGYYV010000004.1_56955948_57456952_1$HG02717#2#JAHAOR010000006.1_19663827_20070693_1	0.9670345023835935 1K
NA12718 HG02630#1#JAHAOQ010000102.1_16672145_17079089_0$HG002.verkko_filt_pat.fa:haplotype2_0000649_147937390_148315979_1	0.9670288716914179 1K
NA12718 HG02559#2#JAGYVJ010000037.1_52167780_52574597_1$HG01071#1#JAHBCF010000053.1_26607100_27108065_1	0.9670281463525463 1K
NA12718 HG02559#2#JAGYVJ010000037.1_52167780_52574597_1$HG00733#1#JAHEPQ010000019.1_46106835_46420495_0	0.9670258493686295 1K
NA12718 HG02559#2#JAGYVJ010000037.1_52167780_52574597_1$HG00438#2#JAHBCA010000012.1_51513023_51826723_0	0.9670255253260547 1K
NA12718 HG02630#2#JAHAOP010000089.1_16669255_17076135_0$HG01243#1#JAHEOY010000013.1_90081_424495_0	0.9670214882684572 1K
NA12718 HG00741#1#JAHALY010000007.1_18781197_19307680_1$HG01928#1#JAGYVQ010000053.1_16676493_17083407_0	0.9670198359729555 1K
NA12718 HG03492#2#JAHEPH010000288.1_2098270_2432686_1$HG02486#2#JAGYVL010000029.1_94163344_94570162_0	0.9670152241647801 1K
NA12718 HG03516#1#JAGYYT010000012.1_24170958_24578778_1$HG02486#1#JAGYVM010000007.1_28868414_29370339_1	0.9670004827802694 1K
NA12718 HG02622#1#JAHAOO010000002.1_16673678_17080663_0$HG01099.verkko_filt_pat.fa:haplotype2_0000583_143544270_144046196_1	0.9669981631620270 1K
NA12718 HG03453#1#JAGYVW010000157.1_2105722_2585000_1$HG02109#1#JAHEPG010000026.1_16673035_17080816_0	0.9669936728969065 1K
NA12718 HG03453#1#JAGYVW010000157.1_2105722_2585000_1$HG02622#1#JAHAOO010000002.1_16673678_17080663_0	0.9669833907875678 1K
NA12718 HG02818#2#JAHEOR010000010.1_31775319_32183091_1$HG02293.verkko_filt_mat.fa:haplotype1_0000039_30204405_30517145_1	0.9669763867122952 1K
NA12718 HG01243#1#JAHEOY010000013.1_90081_424495_0$HG02486#2#JAGYVL010000029.1_94163344_94570162_0	0.9669612252293542 1K
NA12718 HG01123#1#JAGYYZ010000015.1_51528240_51935090_0$HG01258#1#JAGYYV010000004.1_56955948_57456952_1	0.9669449919558537 1K
NA12718 HG03492#1#JAHEPI010000180.1_2103395_2543326_1$HG01258#2#JAGYYU010000072.1_51562603_51970395_0	0.9669416788301035 1K
NA12718 NA18906#1#JAHEOO010000054.1_2103477_2510435_1$HG03540#1#JAGYVY010000208.1_95187_596142_0	0.9669342365578254 1K
NA12718 HG02559#2#JAGYVJ010000037.1_52167780_52574597_1$HG03492#1#JAHEPI010000180.1_2103395_2543326_1	0.9669227258009244 1K
NA12718 HG02630#2#JAHAOP010000089.1_16669255_17076135_0$HG01071#1#JAHBCF010000053.1_26607100_27108065_1	0.9669127093279722 1K
NA12718 HG02622#2#JAHAON010000012.1_51551779_52031001_0$HG01891#1#JAGYVO010000014.1_22855818_23168577_1	0.9669034195279829 1K
NA12718 HG03540#1#JAGYVY010000208.1_95187_596142_0$HG02647.verkko_filt_mat.fa:haplotype1_0000002_103892584_104321036_0	0.9668984614546348 1K
NA12718 HG01928#1#JAGYVQ010000053.1_16676493_17083407_0$HG02809.verkko_filt_mat.fa:haplotype1_0000023_94161320_94589755_0	0.9668804390583803 1K
NA12718 HG02818#1#JAHEOS010000101.1_89626_496613_0$HG002.verkko_filt_pat.fa:haplotype2_0000649_147937390_148315979_1	0.9668598722463585 1K
NA12718 HG03486#2#JAHEOP010000248.1_2105565_2584784_1$HG01891#1#JAGYVO010000014.1_22855818_23168577_1	0.9668583174033423 1K
NA12718 HG02109#1#JAHEPG010000026.1_16673035_17080816_0$HG01099.verkko_filt_pat.fa:haplotype2_0000583_143544270_144046196_1	0.9668579757326574 1K
NA12718 HG02109#1#JAHEPG010000026.1_16673035_17080816_0$HG03540#1#JAGYVY010000208.1_95187_596142_0	0.9668509964661544 1K
NA12718 HG03492#2#JAHEPH010000288.1_2098270_2432686_1$HG02886#1#JAHAOU010000178.1_62411_469262_0	0.9668477375565254 1K
NA12718 HG00438#1#JAHBCB010000015.1_33474867_33954171_0$HG01358#1#JAGYZB010000020.1_27445742_27855492_1	0.9668445550672722 1K
NA12718 HG02486#2#JAGYVL010000029.1_94163344_94570162_0$HG03927.verkko_filt_pat.fa:haplotype2_0000800_29002142_29504057_1	0.9668214677729650 1K
NA12718 HG02717#1#JAHAOS010000015.1_16660311_17067250_0$HG03540#1#JAGYVY010000208.1_95187_596142_0	0.9668132097112171 1K
NA12718 HG02559#1#JAGYVK010000012.1_51505852_51913611_0$HG02293.verkko_filt_mat.fa:haplotype1_0000039_30204405_30517145_1	0.9668083834218436 1K
NA12718 HG03516#2#JAGYYS010000004.1_24452130_24859892_1$HG02293.verkko_filt_mat.fa:haplotype1_0000039_30204405_30517145_1	0.9668075537477970 1K
NA12718 HG01071#1#JAHBCF010000053.1_26607100_27108065_1$HG02717#2#JAHAOR010000006.1_19663827_20070693_1	0.9668070686389725 1K
NA12718 HG02886#1#JAHAOU010000178.1_62411_469262_0$HG01243#1#JAHEOY010000013.1_90081_424495_0	0.9668043744099731 1K
NA12718 HG02630#1#JAHAOQ010000102.1_16672145_17079089_0$HG03540#1#JAGYVY010000208.1_95187_596142_0	0.9667911916354971 1K
NA12718 HG02886#1#JAHAOU010000178.1_62411_469262_0$HG03927.verkko_filt_pat.fa:haplotype2_0000800_29002142_29504057_1	0.9667838694731270 1K
NA12718 HG01258#1#JAGYYV010000004.1_56955948_57456952_1$HG002.verkko_filt_pat.fa:haplotype2_0000649_147937390_148315979_1	0.9667708871264561 1K
NA12718 HG01258#2#JAGYYU010000072.1_51562603_51970395_0$HG03927.verkko_filt_pat.fa:haplotype2_0000800_29002142_29504057_1	0.9667491374127417 1K
NA12718 HG02293.verkko_filt_mat.fa:haplotype1_0000039_30204405_30517145_1$HG02300.verkko_filt_mat.fa:haplotype1_0000028_144052837_144460586_1	0.9667460560167130 1K
NA12718 HG03927.verkko_filt_mat.fa:haplotype1_0000009_134765170_135173010_1$HG02293.verkko_filt_mat.fa:haplotype1_0000039_30204405_30517145_1	0.9667425528159366 1K
NA12718 HG02055#2#JAHEPJ010000017.1_24870122_25298560_1$HG03540#1#JAGYVY010000208.1_95187_596142_0	0.9667395837952255 1K
NA12718 HG02622#1#JAHAOO010000002.1_16673678_17080663_0$HG002.verkko_filt_pat.fa:haplotype2_0000649_147937390_148315979_1	0.9667223018750424 1K
NA12718 HG005#1#JAHEPO010000002.1_51519219_51926067_0$HG03492#1#JAHEPI010000180.1_2103395_2543326_1	0.9667165017495076 1K
NA12718 HG03540#1#JAGYVY010000208.1_95187_596142_0$HG02818#1#JAHEOS010000101.1_89626_496613_0	0.9667145320147260 1K
NA12718 HG02809.verkko_filt_pat.fa:haplotype2_0001251_103421111_103827972_0$HG01099.verkko_filt_pat.fa:haplotype2_0000583_143544270_144046196_1	0.9667083049077635 1K
NA12718 HG005#1#JAHEPO010000002.1_51519219_51926067_0$HG01099.verkko_filt_pat.fa:haplotype2_0000583_143544270_144046196_1	0.9667008498530805 1K
NA12718 HG01258#1#JAGYYV010000004.1_56955948_57456952_1$HG00741#2#JAHALX010000013.1_51574319_51981226_0	0.9666906744440795 1K
NA12718 HG01123#1#JAGYYZ010000015.1_51528240_51935090_0$HG01071#1#JAHBCF010000053.1_26607100_27108065_1	0.9666906329103756 1K
NA12718 HG03579#1#JAGYVU010000029.1_91404_499180_0$HG02293.verkko_filt_mat.fa:haplotype1_0000039_30204405_30517145_1	0.9666745103549579 1K
NA12718 HG02723#1#JAHEOU010000204.1_2102082_2414876_1$HG03453#1#JAGYVW010000157.1_2105722_2585000_1	0.9666688961355393 1K
NA12718 HG005#1#JAHEPO010000002.1_51519219_51926067_0$HG03492#2#JAHEPH010000288.1_2098270_2432686_1	0.9666686444130922 1K
NA12718 HG03540#1#JAGYVY010000208.1_95187_596142_0$HG02809.verkko_filt_mat.fa:haplotype1_0000023_94161320_94589755_0	0.9666614221059210 1K
NA12718 HG02809.verkko_filt_pat.fa:haplotype2_0001251_103421111_103827972_0$HG03927.verkko_filt_pat.fa:haplotype2_0000800_29002142_29504057_1	0.9666510761472232 1K
NA12718 HG02145#2#JAHKSF010000206.1_1005292_1413195_1$HG02293.verkko_filt_mat.fa:haplotype1_0000039_30204405_30517145_1	0.9666394747734977 1K
NA12718 HG01123#1#JAGYYZ010000015.1_51528240_51935090_0$HG03492#1#JAHEPI010000180.1_2103395_2543326_1	0.9666374751667300 1K
NA12718 HG02622#1#JAHAOO010000002.1_16673678_17080663_0$HG03540#1#JAGYVY010000208.1_95187_596142_0	0.9666132901928349 1K
NA12718 HG005#1#JAHEPO010000002.1_51519219_51926067_0$HG01243#1#JAHEOY010000013.1_90081_424495_0	0.9666044944534796 1K
NA12718 HG03540#2#JAGYVX010000148.1_1368955_1877115_0$HG02886#2#JAHAOT010000031.1_87393_401061_0	0.9666003760566002 1K
NA12718 NA19240#1#JAHEOM010000047.1_30103390_30511199_1$HG02293.verkko_filt_mat.fa:haplotype1_0000039_30204405_30517145_1	0.9665850501211967 1K
NA12718 HG01258#2#JAGYYU010000072.1_51562603_51970395_0$HG01099.verkko_filt_pat.fa:haplotype2_0000583_143544270_144046196_1	0.9665845374793135 1K
NA12718 HG01099.verkko_filt_mat.fa:haplotype1_0000034_142513097_142920876_1$HG02293.verkko_filt_mat.fa:haplotype1_0000039_30204405_30517145_1	0.9665817891412590 1K
NA12718 HG03453#1#JAGYVW010000157.1_2105722_2585000_1$HG01258#2#JAGYYU010000072.1_51562603_51970395_0	0.9665309846804291 1K
NA12718 AV_HG01361#haplotype2#0001322:101872897_102186552$HG03540#2#JAGYVX010000148.1_1368955_1877115_0	0.9665290642160034 1K
NA12718 HG03540#2#JAGYVX010000148.1_1368955_1877115_0$HG03710.verkko_filt_mat.fa:haplotype1_0000029_102593394_102907063_0	0.9665068234460286 1K
NA12718 HG02559#2#JAGYVJ010000037.1_52167780_52574597_1$HG01099.verkko_filt_pat.fa:haplotype2_0000583_143544270_144046196_1	0.9665019524826498 1K
NA12718 HG03492#1#JAHEPI010000180.1_2103395_2543326_1$HG02717#2#JAHAOR010000006.1_19663827_20070693_1	0.9664933077698998 1K
NA12718 HG01123#1#JAGYYZ010000015.1_51528240_51935090_0$HG03927.verkko_filt_pat.fa:haplotype2_0000800_29002142_29504057_1	0.9664736132030137 1K
NA12718 HG03486#2#JAHEOP010000248.1_2105565_2584784_1$HG02809.verkko_filt_pat.fa:haplotype2_0001251_103421111_103827972_0	0.9664711265795994 1K
NA12718 HG03540#1#JAGYVY010000208.1_95187_596142_0$HG01258#2#JAGYYU010000072.1_51562603_51970395_0	0.9664694819735693 1K
NA12718 HG01071#1#JAHBCF010000053.1_26607100_27108065_1$HG002.verkko_filt_pat.fa:haplotype2_0000649_147937390_148315979_1	0.9664629657064693 1K
NA12718 HG005#1#JAHEPO010000002.1_51519219_51926067_0$HG03927.verkko_filt_pat.fa:haplotype2_0000800_29002142_29504057_1	0.9664553653422054 1K
NA12718 NA19240#2#JAHEOL010000010.1_37445323_37853017_0$HG02293.verkko_filt_mat.fa:haplotype1_0000039_30204405_30517145_1	0.9664498721366317 1K
NA12718 HG02080#1#JAHEOW010000048.1_16689583_17097287_0$HG02293.verkko_filt_mat.fa:haplotype1_0000039_30204405_30517145_1	0.9664410237002193 1K
NA12718 HG01109#1#JAHEPA010000099.1_2104245_2511104_1$HG03710.verkko_filt_mat.fa:haplotype1_0000029_102593394_102907063_0	0.9664364396973658 1K
NA12718 HG02080#1#JAHEOW010000048.1_16689583_17097287_0$HG03927.verkko_filt_pat.fa:haplotype2_0000800_29002142_29504057_1	0.9664319132712452 1K
NA12718 HG01071#1#JAHBCF010000053.1_26607100_27108065_1$HG00741#2#JAHALX010000013.1_51574319_51981226_0	0.9664269964806185 1K
NA12718 HG02818#2#JAHEOR010000010.1_31775319_32183091_1$HG04228.verkko_filt_pat.fa:haplotype2_0000600_103806749_104119491_0	0.9664198462035914 1K
NA12718 HG04228.verkko_filt_pat.fa:haplotype2_0000600_103806749_104119491_0$HG03927.verkko_filt_mat.fa:haplotype1_0000009_134765170_135173010_1	0.9664188888628554 1K
NA12718 HG03492#2#JAHEPH010000288.1_2098270_2432686_1$HG02717#2#JAHAOR010000006.1_19663827_20070693_1	0.9664182505231259 1K
NA12718 HG002.verkko_filt_pat.fa:haplotype2_0000649_147937390_148315979_1$HG03927.verkko_filt_pat.fa:haplotype2_0000800_29002142_29504057_1	0.9664168491194518 1K
NA12718 HG03516#1#JAGYYT010000012.1_24170958_24578778_1$HG02293.verkko_filt_mat.fa:haplotype1_0000039_30204405_30517145_1	0.9664076830693749 1K
NA12718 HG02300.verkko_filt_mat.fa:haplotype1_0000028_144052837_144460586_1$HG03927.verkko_filt_pat.fa:haplotype2_0000800_29002142_29504057_1	0.9664076283907614 1K
NA12718 HG03540#1#JAGYVY010000208.1_95187_596142_0$HG02809.verkko_filt_pat.fa:haplotype2_0001251_103421111_103827972_0	0.9663983549015287 1K
NA12718 HG01099.verkko_filt_mat.fa:haplotype1_0000034_142513097_142920876_1$HG03927.verkko_filt_pat.fa:haplotype2_0000800_29002142_29504057_1	0.9663974697625112 1K
NA12718 HG01243#1#JAHEOY010000013.1_90081_424495_0$HG02717#2#JAHAOR010000006.1_19663827_20070693_1	0.9663857042543809 1K
NA12718 AV_HG01361#haplotype1#0000023:101593539_102001341$HG02293.verkko_filt_mat.fa:haplotype1_0000039_30204405_30517145_1	0.9663730252703163 1K
NA12718 HG03492#2#JAHEPH010000288.1_2098270_2432686_1$NA18906#2#JAHEON010000009.1_93748295_94249275_0	0.9663579795079632 1K
NA12718 HG02723#1#JAHEOU010000204.1_2102082_2414876_1$HG03540#2#JAGYVX010000148.1_1368955_1877115_0	0.9663549863027344 1K
NA12718 HG02109#1#JAHEPG010000026.1_16673035_17080816_0$HG02293.verkko_filt_mat.fa:haplotype1_0000039_30204405_30517145_1	0.9663322436632362 1K
NA12718 HG02717#2#JAHAOR010000006.1_19663827_20070693_1$HG01099.verkko_filt_pat.fa:haplotype2_0000583_143544270_144046196_1	0.9663175839769877 1K
NA12718 HG01243#1#JAHEOY010000013.1_90081_424495_0$NA18906#2#JAHEON010000009.1_93748295_94249275_0	0.9663037898440375 1K
NA12718 HG03453#1#JAGYVW010000157.1_2105722_2585000_1$HG02886#1#JAHAOU010000178.1_62411_469262_0	0.9662834006275949 1K
NA12718 HG01109#1#JAHEPA010000099.1_2104245_2511104_1$HG02486#1#JAGYVM010000007.1_28868414_29370339_1	0.9662818146656921 1K
NA12718 HG02818#2#JAHEOR010000010.1_31775319_32183091_1$HG02486#1#JAGYVM010000007.1_28868414_29370339_1	0.9662709576867589 1K
NA12718 HG02717#2#JAHAOR010000006.1_19663827_20070693_1$HG03927.verkko_filt_pat.fa:haplotype2_0000800_29002142_29504057_1	0.9662665149736348 1K
NA12718 HG02559#1#JAGYVK010000012.1_51505852_51913611_0$HG02486#1#JAGYVM010000007.1_28868414_29370339_1	0.9662598718769354 1K
NA12718 HG03453#1#JAGYVW010000157.1_2105722_2585000_1$HG02486#2#JAGYVL010000029.1_94163344_94570162_0	0.9662511861377575 1K
NA12718 AV_HG01361#haplotype1#0000023:101593539_102001341$HG03927.verkko_filt_pat.fa:haplotype2_0000800_29002142_29504057_1	0.9662474851447869 1K
NA12718 HG02486#1#JAGYVM010000007.1_28868414_29370339_1$HG03516#2#JAGYYS010000004.1_24452130_24859892_1	0.9662374577610805 1K
NA12718 HG03098#2#JAHEPL010000003.1_93803759_94117426_0$HG03540#2#JAGYVX010000148.1_1368955_1877115_0	0.9662303654861778 1K
NA12718 HG03516#2#JAGYYS010000004.1_24452130_24859892_1$HG04228.verkko_filt_pat.fa:haplotype2_0000600_103806749_104119491_0	0.9662272790221514 1K
NA12718 HG02486#1#JAGYVM010000007.1_28868414_29370339_1$NA19240#1#JAHEOM010000047.1_30103390_30511199_1	0.9662241651267081 1K
NA12718 HG02486#1#JAGYVM010000007.1_28868414_29370339_1$HG03579#1#JAGYVU010000029.1_91404_499180_0	0.9662123366675205 1K
NA12718 AV_HG01361#haplotype2#0001322:101872897_102186552$HG01109#1#JAHEPA010000099.1_2104245_2511104_1	0.9662097702353349 1K
NA12718 HG01109#1#JAHEPA010000099.1_2104245_2511104_1$HG02886#2#JAHAOT010000031.1_87393_401061_0	0.9661832976008731 1K
NA12718 HG005#1#JAHEPO010000002.1_51519219_51926067_0$HG03540#1#JAGYVY010000208.1_95187_596142_0	0.9661810351251635 1K
NA12718 AV_HG02257#haplotype2#0001152:102843493_103251377$HG02293.verkko_filt_mat.fa:haplotype1_0000039_30204405_30517145_1	0.9661806958623990 1K
NA12718 HG02559#1#JAGYVK010000012.1_51505852_51913611_0$HG04228.verkko_filt_pat.fa:haplotype2_0000600_103806749_104119491_0	0.9661783449918585 1K
NA12718 NA19240#2#JAHEOL010000010.1_37445323_37853017_0$HG03927.verkko_filt_pat.fa:haplotype2_0000800_29002142_29504057_1	0.9661692321429558 1K
NA12718 HG03453#1#JAGYVW010000157.1_2105722_2585000_1$HG005#1#JAHEPO010000002.1_51519219_51926067_0	0.9661660362979900 1K
NA12718 HG00741#2#JAHALX010000013.1_51574319_51981226_0$HG03927.verkko_filt_pat.fa:haplotype2_0000800_29002142_29504057_1	0.9661657800902941 1K
NA12718 HG002.verkko_filt_pat.fa:haplotype2_0000649_147937390_148315979_1$HG01099.verkko_filt_pat.fa:haplotype2_0000583_143544270_144046196_1	0.9661626745785825 1K
NA12718 HG02630#2#JAHAOP010000089.1_16669255_17076135_0$HG03927.verkko_filt_pat.fa:haplotype2_0000800_29002142_29504057_1	0.9661621019605084 1K
NA12718 HG03516#1#JAGYYT010000012.1_24170958_24578778_1$HG03927.verkko_filt_pat.fa:haplotype2_0000800_29002142_29504057_1	0.9661341815903085 1K
NA12718 HG01123#1#JAGYYZ010000015.1_51528240_51935090_0$HG01099.verkko_filt_pat.fa:haplotype2_0000583_143544270_144046196_1	0.9661309038518096 1K
NA12718 HG01258#2#JAGYYU010000072.1_51562603_51970395_0$HG02293.verkko_filt_mat.fa:haplotype1_0000039_30204405_30517145_1	0.9661267151731171 1K
NA12718 HG03492#2#JAHEPH010000288.1_2098270_2432686_1$HG01123#1#JAGYYZ010000015.1_51528240_51935090_0	0.9661109274894519 1K
NA12718 HG02809.verkko_filt_pat.fa:haplotype2_0001251_103421111_103827972_0$HG002.verkko_filt_pat.fa:haplotype2_0000649_147937390_148315979_1	0.9661090851188934 1K
NA12718 HG02486#2#JAGYVL010000029.1_94163344_94570162_0$HG002.verkko_filt_pat.fa:haplotype2_0000649_147937390_148315979_1	0.9661084688498979 1K
NA12718 HG01109#1#JAHEPA010000099.1_2104245_2511104_1$HG02293.verkko_filt_mat.fa:haplotype1_0000039_30204405_30517145_1	0.9661015740534648 1K
NA12718 AV_HG02257#haplotype2#0001152:102843493_103251377$HG02486#1#JAGYVM010000007.1_28868414_29370339_1	0.9660905058717794 1K
NA12718 HG02145#2#JAHKSF010000206.1_1005292_1413195_1$HG02486#1#JAGYVM010000007.1_28868414_29370339_1	0.9660887096124092 1K
NA12718 NA18906#2#JAHEON010000009.1_93748295_94249275_0$HG01099.verkko_filt_mat.fa:haplotype1_0000034_142513097_142920876_1	0.9660852478182584 1K
NA12718 HG03492#2#JAHEPH010000288.1_2098270_2432686_1$HG00741#2#JAHALX010000013.1_51574319_51981226_0	0.9660507798080779 1K
NA12718 NA18906#1#JAHEOO010000054.1_2103477_2510435_1$HG02486#1#JAGYVM010000007.1_28868414_29370339_1	0.9660484312927365 1K
NA12718 NA18906#2#JAHEON010000009.1_93748295_94249275_0$HG02300.verkko_filt_mat.fa:haplotype1_0000028_144052837_144460586_1	0.9660197798873743 1K
NA12718 HG01243#1#JAHEOY010000013.1_90081_424495_0$HG00741#2#JAHALX010000013.1_51574319_51981226_0	0.9660078290818438 1K
NA12718 HG04228.verkko_filt_pat.fa:haplotype2_0000600_103806749_104119491_0$HG02300.verkko_filt_mat.fa:haplotype1_0000028_144052837_144460586_1	0.9660060055111871 1K
NA12718 HG01123#1#JAGYYZ010000015.1_51528240_51935090_0$HG01243#1#JAHEOY010000013.1_90081_424495_0	0.9660047378199790 1K
NA12718 HG03540#1#JAGYVY010000208.1_95187_596142_0$HG02717#2#JAHAOR010000006.1_19663827_20070693_1	0.9660029254163998 1K
NA12718 HG02630#1#JAHAOQ010000102.1_16672145_17079089_0$HG02293.verkko_filt_mat.fa:haplotype1_0000039_30204405_30517145_1	0.9659917190328302 1K
NA12718 HG03492#1#JAHEPI010000180.1_2103395_2543326_1$HG00741#2#JAHALX010000013.1_51574319_51981226_0	0.9659838767857466 1K
NA12718 HG01109#1#JAHEPA010000099.1_2104245_2511104_1$HG03098#2#JAHEPL010000003.1_93803759_94117426_0	0.9659728245862470 1K
NA12718 HG02717#1#JAHAOS010000015.1_16660311_17067250_0$HG02486#1#JAGYVM010000007.1_28868414_29370339_1	0.9659653735946745 1K
NA12718 HG02559#2#JAGYVJ010000037.1_52167780_52574597_1$HG03540#1#JAGYVY010000208.1_95187_596142_0	0.9659650097584790 1K
NA12718 HG00741#2#JAHALX010000013.1_51574319_51981226_0$HG01099.verkko_filt_pat.fa:haplotype2_0000583_143544270_144046196_1	0.9659633731118938 1K
NA12718 HG03453#1#JAGYVW010000157.1_2105722_2585000_1$HG02630#2#JAHAOP010000089.1_16669255_17076135_0	0.9659401154001060 1K
NA12718 HG02622#1#JAHAOO010000002.1_16673678_17080663_0$HG02293.verkko_filt_mat.fa:haplotype1_0000039_30204405_30517145_1	0.9659267948135219 1K
NA12718 HG02818#2#JAHEOR010000010.1_31775319_32183091_1$NA18906#2#JAHEON010000009.1_93748295_94249275_0	0.9659256977751226 1K
NA12718 HG02886#1#JAHAOU010000178.1_62411_469262_0$HG002.verkko_filt_pat.fa:haplotype2_0000649_147937390_148315979_1	0.9659173952431325 1K
NA12718 NA18906#2#JAHEON010000009.1_93748295_94249275_0$HG03516#2#JAGYYS010000004.1_24452130_24859892_1	0.9659131723103732 1K
NA12718 HG03540#2#JAGYVX010000148.1_1368955_1877115_0$HG02647.verkko_filt_pat.fa:haplotype2_0000857_103738150_104051769_0	0.9659101242696357 1K
NA12718 HG03579#2#JAGYVT010000094.1_51581892_51895531_0$HG03540#2#JAGYVX010000148.1_1368955_1877115_0	0.9659078676550575 1K
NA12718 HG02630#2#JAHAOP010000089.1_16669255_17076135_0$HG002.verkko_filt_pat.fa:haplotype2_0000649_147937390_148315979_1	0.9659010310249775 1K
NA12718 HG02080#1#JAHEOW010000048.1_16689583_17097287_0$NA18906#2#JAHEON010000009.1_93748295_94249275_0	0.9658982699540014 1K
NA12718 HG03579#1#JAGYVU010000029.1_91404_499180_0$HG04228.verkko_filt_pat.fa:haplotype2_0000600_103806749_104119491_0	0.9658962325058587 1K
NA12718 HG02559#1#JAGYVK010000012.1_51505852_51913611_0$NA18906#2#JAHEON010000009.1_93748295_94249275_0	0.9658925776827573 1K
NA12718 NA18906#2#JAHEON010000009.1_93748295_94249275_0$HG03927.verkko_filt_mat.fa:haplotype1_0000009_134765170_135173010_1	0.9658724669746054 1K
NA12718 HG00438#2#JAHBCA010000012.1_51513023_51826723_0$HG02004.verkko_filt_pat.fa:haplotype2_0000813_139386576_140076845_1	0.9658704097019590 1K
NA12718 HG02630#1#JAHAOQ010000102.1_16672145_17079089_0$HG02486#1#JAGYVM010000007.1_28868414_29370339_1	0.9658457306498172 1K
NA12718 NA18906#2#JAHEON010000009.1_93748295_94249275_0$NA19240#1#JAHEOM010000047.1_30103390_30511199_1	0.9658411455326759 1K
NA12718 HG02818#1#JAHEOS010000101.1_89626_496613_0$HG02293.verkko_filt_mat.fa:haplotype1_0000039_30204405_30517145_1	0.9658320384563461 1K
NA12718 NA18906#2#JAHEON010000009.1_93748295_94249275_0$HG03579#1#JAGYVU010000029.1_91404_499180_0	0.9658233724310392 1K
NA12718 HG02818#2#JAHEOR010000010.1_31775319_32183091_1$HG01099.verkko_filt_pat.fa:haplotype2_0000583_143544270_144046196_1	0.9658127783451325 1K
NA12718 HG02723#1#JAHEOU010000204.1_2102082_2414876_1$HG02300.verkko_filt_mat.fa:haplotype1_0000028_144052837_144460586_1	0.9658083494282979 1K
NA12718 NA19240#2#JAHEOL010000010.1_37445323_37853017_0$HG04228.verkko_filt_pat.fa:haplotype2_0000600_103806749_104119491_0	0.9658072699350279 1K
NA12718 HG03453#1#JAGYVW010000157.1_2105722_2585000_1$HG02809.verkko_filt_pat.fa:haplotype2_0001251_103421111_103827972_0	0.9658066805205986 1K
NA12718 NA19240#1#JAHEOM010000047.1_30103390_30511199_1$HG04228.verkko_filt_pat.fa:haplotype2_0000600_103806749_104119491_0	0.9658058894664290 1K
NA12718 NA18906#2#JAHEON010000009.1_93748295_94249275_0$NA19240#2#JAHEOL010000010.1_37445323_37853017_0	0.9658016246970424 1K
NA12718 HG03453#1#JAGYVW010000157.1_2105722_2585000_1$HG02717#2#JAHAOR010000006.1_19663827_20070693_1	0.9658012799411441 1K
NA12718 AV_HG01361#haplotype1#0000023:101593539_102001341$NA18906#2#JAHEON010000009.1_93748295_94249275_0	0.9657998487328556 1K
NA12718 HG02080#1#JAHEOW010000048.1_16689583_17097287_0$HG04228.verkko_filt_pat.fa:haplotype2_0000600_103806749_104119491_0	0.9657870697109371 1K
NA12718 HG03453#1#JAGYVW010000157.1_2105722_2585000_1$HG01123#1#JAGYYZ010000015.1_51528240_51935090_0	0.9657716065952496 1K
NA12718 HG01258#2#JAGYYU010000072.1_51562603_51970395_0$HG002.verkko_filt_pat.fa:haplotype2_0000649_147937390_148315979_1	0.9657704314907635 1K
NA12718 HG02559#1#JAGYVK010000012.1_51505852_51913611_0$HG01099.verkko_filt_pat.fa:haplotype2_0000583_143544270_144046196_1	0.9657410093016263 1K
NA12718 HG02080#1#JAHEOW010000048.1_16689583_17097287_0$HG02723#1#JAHEOU010000204.1_2102082_2414876_1	0.9657379898444280 1K
NA12718 HG02723#1#JAHEOU010000204.1_2102082_2414876_1$HG03927.verkko_filt_mat.fa:haplotype1_0000009_134765170_135173010_1	0.9657292009106148 1K
NA12718 HG03516#1#JAGYYT010000012.1_24170958_24578778_1$NA18906#2#JAHEON010000009.1_93748295_94249275_0	0.9657219910995073 1K
NA12718 HG03540#1#JAGYVY010000208.1_95187_596142_0$HG002.verkko_filt_pat.fa:haplotype2_0000649_147937390_148315979_1	0.9657157979787678 1K
NA12718 HG02486#1#JAGYVM010000007.1_28868414_29370339_1$HG02818#1#JAHEOS010000101.1_89626_496613_0	0.9657154150833951 1K
NA12718 HG01123#1#JAGYYZ010000015.1_51528240_51935090_0$HG03540#1#JAGYVY010000208.1_95187_596142_0	0.9657138803114129 1K
NA12718 HG03540#2#JAGYVX010000148.1_1368955_1877115_0$HG01891#1#JAGYVO010000014.1_22855818_23168577_1	0.9657032210915516 1K
NA12718 NA18906#1#JAHEOO010000054.1_2103477_2510435_1$HG02293.verkko_filt_mat.fa:haplotype1_0000039_30204405_30517145_1	0.9656963638349569 1K
NA12718 HG03453#1#JAGYVW010000157.1_2105722_2585000_1$HG02559#2#JAGYVJ010000037.1_52167780_52574597_1	0.9656962461969113 1K
NA12718 HG04228.verkko_filt_pat.fa:haplotype2_0000600_103806749_104119491_0$HG01099.verkko_filt_mat.fa:haplotype1_0000034_142513097_142920876_1	0.9656928410470464 1K
NA12718 AV_HG00673#haplotype2#0001165:24014011_24421797$HG02293.verkko_filt_mat.fa:haplotype1_0000039_30204405_30517145_1	0.9656707332714787 1K
NA12718 HG03516#2#JAGYYS010000004.1_24452130_24859892_1$HG01099.verkko_filt_pat.fa:haplotype2_0000583_143544270_144046196_1	0.9656697233124096 1K
NA12718 AV_HG00673#haplotype2#0001165:24014011_24421797$HG03927.verkko_filt_pat.fa:haplotype2_0000800_29002142_29504057_1	0.9656651255133959 1K
NA12718 HG02486#2#JAGYVL010000029.1_94163344_94570162_0$HG02293.verkko_filt_mat.fa:haplotype1_0000039_30204405_30517145_1	0.9656594118278743 1K
NA12718 HG03540#1#JAGYVY010000208.1_95187_596142_0$HG00741#2#JAHALX010000013.1_51574319_51981226_0	0.9656491933497414 1K
NA12718 NA19240#1#JAHEOM010000047.1_30103390_30511199_1$HG01099.verkko_filt_pat.fa:haplotype2_0000583_143544270_144046196_1	0.9656424034210795 1K
NA12718 AV_HG00673#haplotype2#0001165:24014011_24421797$NA18906#2#JAHEON010000009.1_93748295_94249275_0	0.9656421004622379 1K
NA12718 HG02622#1#JAHAOO010000002.1_16673678_17080663_0$HG02486#1#JAGYVM010000007.1_28868414_29370339_1	0.9656364738327240 1K
NA12718 HG03453#1#JAGYVW010000157.1_2105722_2585000_1$HG00741#2#JAHALX010000013.1_51574319_51981226_0	0.9656182304535844 1K
NA12718 HG00733#1#JAHEPQ010000019.1_46106835_46420495_0$HG02004.verkko_filt_pat.fa:haplotype2_0000813_139386576_140076845_1	0.9655938706918580 1K
NA12718 HG03579#1#JAGYVU010000029.1_91404_499180_0$HG01099.verkko_filt_pat.fa:haplotype2_0000583_143544270_144046196_1	0.9655910961961390 1K
NA12718 HG02886#1#JAHAOU010000178.1_62411_469262_0$HG02293.verkko_filt_mat.fa:haplotype1_0000039_30204405_30517145_1	0.9655910389253382 1K
NA12718 HG03540#1#JAGYVY010000208.1_95187_596142_0$HG03516#2#JAGYYS010000004.1_24452130_24859892_1	0.9655869860748814 1K
NA12718 HG02486#2#JAGYVL010000029.1_94163344_94570162_0$HG01099.verkko_filt_pat.fa:haplotype2_0000583_143544270_144046196_1	0.9655801174141494 1K
NA12718 HG02723#1#JAHEOU010000204.1_2102082_2414876_1$NA19240#2#JAHEOL010000010.1_37445323_37853017_0	0.9655727203278349 1K
NA12718 HG02293.verkko_filt_mat.fa:haplotype1_0000039_30204405_30517145_1$HG02809.verkko_filt_pat.fa:haplotype2_0001251_103421111_103827972_0	0.9655648666576576 1K
NA12718 NA20129#2#JAHEPD010000155.1_90039_569275_0$HG002.verkko_filt_pat.fa:haplotype2_0000649_147937390_148315979_1	0.9655505384678168 1K
NA12718 HG02559#1#JAGYVK010000012.1_51505852_51913611_0$HG03540#1#JAGYVY010000208.1_95187_596142_0	0.9655293486203330 1K
NA12718 HG03540#1#JAGYVY010000208.1_95187_596142_0$HG03579#1#JAGYVU010000029.1_91404_499180_0	0.9655137276211507 1K
NA12718 HG02486#1#JAGYVM010000007.1_28868414_29370339_1$HG02647.verkko_filt_mat.fa:haplotype1_0000002_103892584_104321036_0	0.9655005982124393 1K
NA12718 HG02559#2#JAGYVJ010000037.1_52167780_52574597_1$HG03927.verkko_filt_pat.fa:haplotype2_0000800_29002142_29504057_1	0.9655001240180308 1K
NA12718 HG02818#2#JAHEOR010000010.1_31775319_32183091_1$HG03540#1#JAGYVY010000208.1_95187_596142_0	0.9654939817709074 1K
NA12718 HG03540#1#JAGYVY010000208.1_95187_596142_0$NA19240#1#JAHEOM010000047.1_30103390_30511199_1	0.9654899219797500 1K
NA12718 HG03516#1#JAGYYT010000012.1_24170958_24578778_1$HG04228.verkko_filt_pat.fa:haplotype2_0000600_103806749_104119491_0	0.9654803581625526 1K
NA12718 HG02055#2#JAHEPJ010000017.1_24870122_25298560_1$HG02486#1#JAGYVM010000007.1_28868414_29370339_1	0.9654727762940059 1K
NA12718 HG02559#2#JAGYVJ010000037.1_52167780_52574597_1$HG002.verkko_filt_pat.fa:haplotype2_0000649_147937390_148315979_1	0.9654549417672609 1K
NA12718 HG03486#2#JAHEOP010000248.1_2105565_2584784_1$HG002.verkko_filt_pat.fa:haplotype2_0000649_147937390_148315979_1	0.9654503347052372 1K
NA12718 AV_HG01361#haplotype1#0000023:101593539_102001341$HG04228.verkko_filt_pat.fa:haplotype2_0000600_103806749_104119491_0	0.9654466834092520 1K
NA12718 HG02886#1#JAHAOU010000178.1_62411_469262_0$HG01099.verkko_filt_pat.fa:haplotype2_0000583_143544270_144046196_1	0.9654402053722002 1K
NA12718 HG02723#1#JAHEOU010000204.1_2102082_2414876_1$HG01099.verkko_filt_mat.fa:haplotype1_0000034_142513097_142920876_1	0.9654333862790805 1K
NA12718 HG02717#1#JAHAOS010000015.1_16660311_17067250_0$HG02293.verkko_filt_mat.fa:haplotype1_0000039_30204405_30517145_1	0.9654165211589987 1K
NA12718 HG02818#2#JAHEOR010000010.1_31775319_32183091_1$HG02723#1#JAHEOU010000204.1_2102082_2414876_1	0.9654096631337901 1K
NA12718 HG02723#1#JAHEOU010000204.1_2102082_2414876_1$HG03516#2#JAGYYS010000004.1_24452130_24859892_1	0.9653878469940734 1K
NA12718 HG03098#1#JAHEPM010000059.1_16676208_17105596_0$HG02486#1#JAGYVM010000007.1_28868414_29370339_1	0.9653784008601362 1K
NA12718 HG02622#2#JAHAON010000012.1_51551779_52031001_0$HG002.verkko_filt_pat.fa:haplotype2_0000649_147937390_148315979_1	0.9653457546671326 1K
NA12718 HG01258#1#JAGYYV010000004.1_56955948_57456952_1$HG01358#1#JAGYZB010000020.1_27445742_27855492_1	0.9653335359236144 1K
NA12718 HG03453#1#JAGYVW010000157.1_2105722_2585000_1$HG02109#2#JAHEPF010000078.1_16678387_16991144_0	0.9653231651617903 1K
NA12718 NA18906#1#JAHEOO010000054.1_2103477_2510435_1$HG03710.verkko_filt_mat.fa:haplotype1_0000029_102593394_102907063_0	0.9653173661924366 1K
NA12718 HG02109#1#JAHEPG010000026.1_16673035_17080816_0$HG02486#1#JAGYVM010000007.1_28868414_29370339_1	0.9653171976596187 1K
NA12718 HG02486#1#JAGYVM010000007.1_28868414_29370339_1$HG02809.verkko_filt_mat.fa:haplotype1_0000023_94161320_94589755_0	0.9653159126467368 1K
NA12718 HG02723#1#JAHEOU010000204.1_2102082_2414876_1$HG02559#1#JAGYVK010000012.1_51505852_51913611_0	0.9653148750388229 1K
NA12718 AV_HG01361#haplotype2#0001322:101872897_102186552$NA18906#1#JAHEOO010000054.1_2103477_2510435_1	0.9653116736837790 1K
NA12718 AV_HG01361#haplotype1#0000023:101593539_102001341$HG02723#1#JAHEOU010000204.1_2102082_2414876_1	0.9653108927198392 1K
NA12718 AV_HG02257#haplotype2#0001152:102843493_103251377$HG03710.verkko_filt_mat.fa:haplotype1_0000029_102593394_102907063_0	0.9653091752029582 1K
NA12718 HG03710.verkko_filt_mat.fa:haplotype1_0000029_102593394_102907063_0$HG03927.verkko_filt_mat.fa:haplotype1_0000009_134765170_135173010_1	0.9653005342966843 1K
NA12718 HG02145#2#JAHKSF010000206.1_1005292_1413195_1$HG03710.verkko_filt_mat.fa:haplotype1_0000029_102593394_102907063_0	0.9652859726548783 1K
NA12718 HG02717#2#JAHAOR010000006.1_19663827_20070693_1$HG02293.verkko_filt_mat.fa:haplotype1_0000039_30204405_30517145_1	0.9652786142578729 1K
NA12718 HG02630#2#JAHAOP010000089.1_16669255_17076135_0$HG01099.verkko_filt_pat.fa:haplotype2_0000583_143544270_144046196_1	0.9652765415643844 1K
NA12718 HG02723#1#JAHEOU010000204.1_2102082_2414876_1$HG03516#1#JAGYYT010000012.1_24170958_24578778_1	0.9652708778336186 1K
NA12718 HG02486#1#JAGYVM010000007.1_28868414_29370339_1$HG02809.verkko_filt_pat.fa:haplotype2_0001251_103421111_103827972_0	0.9652368414066814 1K
NA12718 HG02723#1#JAHEOU010000204.1_2102082_2414876_1$HG03579#1#JAGYVU010000029.1_91404_499180_0	0.9651931077196741 1K
NA12718 HG02630#2#JAHAOP010000089.1_16669255_17076135_0$HG02293.verkko_filt_mat.fa:haplotype1_0000039_30204405_30517145_1	0.9651810359959373 1K
NA12718 HG005#1#JAHEPO010000002.1_51519219_51926067_0$HG02486#1#JAGYVM010000007.1_28868414_29370339_1	0.9651715948783759 1K
NA12718 HG03540#1#JAGYVY010000208.1_95187_596142_0$HG02486#2#JAGYVL010000029.1_94163344_94570162_0	0.9651571739257534 1K
NA12718 AV_HG01361#haplotype2#0001322:101872897_102186552$HG02717#1#JAHAOS010000015.1_16660311_17067250_0	0.9651556906686095 1K
NA12718 HG03540#2#JAGYVX010000148.1_1368955_1877115_0$HG02109#2#JAHEPF010000078.1_16678387_16991144_0	0.9651213381557497 1K
NA12718 HG02486#1#JAGYVM010000007.1_28868414_29370339_1$HG01258#2#JAGYYU010000072.1_51562603_51970395_0	0.9651205907187613 1K
NA12718 HG01071#1#JAHBCF010000053.1_26607100_27108065_1$HG01358#1#JAGYZB010000020.1_27445742_27855492_1	0.9651193903147879 1K
NA12718 AV_HG01361#haplotype2#0001322:101872897_102186552$AV_HG02257#haplotype2#0001152:102843493_103251377	0.9651062564769035 1K
NA12718 HG02886#1#JAHAOU010000178.1_62411_469262_0$HG03540#1#JAGYVY010000208.1_95187_596142_0	0.9650983658906481 1K
NA12718 HG02723#1#JAHEOU010000204.1_2102082_2414876_1$NA19240#1#JAHEOM010000047.1_30103390_30511199_1	0.9650918501383616 1K
NA12718 AV_HG01175#haplotype1#0000070:46006269_46414083$HG03540#2#JAGYVX010000148.1_1368955_1877115_0	0.9650888609404604 1K
NA12718 HG02004.verkko_filt_pat.fa:haplotype2_0000813_139386576_140076845_1$HG02293.verkko_filt_mat.fa:haplotype1_0000039_30204405_30517145_1	0.9650881857856463 1K
NA12718 HG02717#1#JAHAOS010000015.1_16660311_17067250_0$HG03710.verkko_filt_mat.fa:haplotype1_0000029_102593394_102907063_0	0.9650749195968557 1K
NA12718 HG02818#1#JAHEOS010000101.1_89626_496613_0$HG03710.verkko_filt_mat.fa:haplotype1_0000029_102593394_102907063_0	0.9650717959751631 1K
NA12718 HG02886#2#JAHAOT010000031.1_87393_401061_0$HG02004.verkko_filt_pat.fa:haplotype2_0000813_139386576_140076845_1	0.9650644657635389 1K
NA12718 HG005#1#JAHEPO010000002.1_51519219_51926067_0$HG002.verkko_filt_pat.fa:haplotype2_0000649_147937390_148315979_1	0.9650415550977947 1K
NA12718 AV_HG01361#haplotype2#0001322:101872897_102186552$HG02145#2#JAHKSF010000206.1_1005292_1413195_1	0.9650214925877281 1K
NA12718 AV_HG02257#haplotype2#0001152:102843493_103251377$HG02886#2#JAHAOT010000031.1_87393_401061_0	0.9650195511616609 1K
NA12718 HG02630#1#JAHAOQ010000102.1_16672145_17079089_0$HG03710.verkko_filt_mat.fa:haplotype1_0000029_102593394_102907063_0	0.9650066726276605 1K
NA12718 AV_HG01106#haplotype2#0000932:16673968_17175925$HG01109#2#JAHEOZ010000047.1_16671232_17151375_0	0.9649809461069856 1K
NA12718 HG02630#2#JAHAOP010000089.1_16669255_17076135_0$HG03540#1#JAGYVY010000208.1_95187_596142_0	0.9649681561557470 1K
NA12718 HG005#1#JAHEPO010000002.1_51519219_51926067_0$HG02293.verkko_filt_mat.fa:haplotype1_0000039_30204405_30517145_1	0.9649574396343549 1K
NA12718 HG03486#2#JAHEOP010000248.1_2105565_2584784_1$HG01358#1#JAGYZB010000020.1_27445742_27855492_1	0.9649522373323630 1K
NA12718 HG00741#1#JAHALY010000007.1_18781197_19307680_1$HG01243#1#JAHEOY010000013.1_90081_424495_0	0.9649509649715321 1K
NA12718 HG00741#1#JAHALY010000007.1_18781197_19307680_1$HG03492#2#JAHEPH010000288.1_2098270_2432686_1	0.9649502127781585 1K
NA12718 AV_HG00673#haplotype2#0001165:24014011_24421797$HG02723#1#JAHEOU010000204.1_2102082_2414876_1	0.9649403995991278 1K
NA12718 HG02486#1#JAGYVM010000007.1_28868414_29370339_1$HG02717#2#JAHAOR010000006.1_19663827_20070693_1	0.9649394868534997 1K
NA12718 HG03098#2#JAHEPL010000003.1_93803759_94117426_0$HG02300.verkko_filt_mat.fa:haplotype1_0000028_144052837_144460586_1	0.9649167378025971 1K
NA12718 AV_HG01361#haplotype2#0001322:101872897_102186552$HG02630#1#JAHAOQ010000102.1_16672145_17079089_0	0.9649144594389230 1K
NA12718 HG02622#1#JAHAOO010000002.1_16673678_17080663_0$HG03710.verkko_filt_mat.fa:haplotype1_0000029_102593394_102907063_0	0.9649113403341789 1K
NA12718 HG02717#1#JAHAOS010000015.1_16660311_17067250_0$HG02886#2#JAHAOT010000031.1_87393_401061_0	0.9649094853748102 1K
NA12718 HG02559#2#JAGYVJ010000037.1_52167780_52574597_1$HG02486#1#JAGYVM010000007.1_28868414_29370339_1	0.9649062142102024 1K
NA12718 HG02717#2#JAHAOR010000006.1_19663827_20070693_1$HG002.verkko_filt_pat.fa:haplotype2_0000649_147937390_148315979_1	0.9648803465740662 1K
NA12718 NA20129#2#JAHEPD010000155.1_90039_569275_0$HG01358#1#JAGYZB010000020.1_27445742_27855492_1	0.9648792610959737 1K
NA12718 HG03710.verkko_filt_mat.fa:haplotype1_0000029_102593394_102907063_0$HG02300.verkko_filt_mat.fa:haplotype1_0000028_144052837_144460586_1	0.9648650982836485 1K
NA12718 HG01123#1#JAGYYZ010000015.1_51528240_51935090_0$HG002.verkko_filt_pat.fa:haplotype2_0000649_147937390_148315979_1	0.9648540841041297 1K
NA12718 HG03710.verkko_filt_mat.fa:haplotype1_0000029_102593394_102907063_0$HG01099.verkko_filt_mat.fa:haplotype1_0000034_142513097_142920876_1	0.9648493447614336 1K
NA12718 AV_HG01361#haplotype2#0001322:101872897_102186552$HG03927.verkko_filt_mat.fa:haplotype1_0000009_134765170_135173010_1	0.9648423336837896 1K
NA12718 HG01123#1#JAGYYZ010000015.1_51528240_51935090_0$HG02293.verkko_filt_mat.fa:haplotype1_0000039_30204405_30517145_1	0.9648405793091055 1K
NA12718 HG01978#1#JAGYVS010000002.1_51519970_52021951_0$HG01109#2#JAHEOZ010000047.1_16671232_17151375_0	0.9648369150929802 1K
NA12718 HG02886#2#JAHAOT010000031.1_87393_401061_0$NA18906#1#JAHEOO010000054.1_2103477_2510435_1	0.9648305092940737 1K
NA12718 AV_HG01361#haplotype2#0001322:101872897_102186552$HG02818#2#JAHEOR010000010.1_31775319_32183091_1	0.9648287544496015 1K
NA12718 HG01123#2#JAGYYY010000006.1_51579630_51892388_0$HG02109#1#JAHEPG010000026.1_16673035_17080816_0	0.9647990723211308 1K
NA12718 HG02004.verkko_filt_pat.fa:haplotype2_0000813_139386576_140076845_1$HG03710.verkko_filt_mat.fa:haplotype1_0000029_102593394_102907063_0	0.9647860557564496 1K
NA12718 AV_HG01361#haplotype2#0001322:101872897_102186552$HG02818#1#JAHEOS010000101.1_89626_496613_0	0.9647827298983276 1K
NA12718 HG02622#2#JAHAON010000012.1_51551779_52031001_0$HG01358#1#JAGYZB010000020.1_27445742_27855492_1	0.9647822282093859 1K
NA12718 HG00741#2#JAHALX010000013.1_51574319_51981226_0$HG02293.verkko_filt_mat.fa:haplotype1_0000039_30204405_30517145_1	0.9647647174595421 1K
NA12718 HG03098#2#JAHEPL010000003.1_93803759_94117426_0$HG03927.verkko_filt_mat.fa:haplotype1_0000009_134765170_135173010_1	0.9647523783615846 1K
NA12718 AV_HG01361#haplotype1#0000023:101593539_102001341$HG03710.verkko_filt_mat.fa:haplotype1_0000029_102593394_102907063_0	0.9647515459339809 1K
NA12718 HG01123#1#JAGYYZ010000015.1_51528240_51935090_0$HG02486#1#JAGYVM010000007.1_28868414_29370339_1	0.9647474084200057 1K
NA12718 HG02109#1#JAHEPG010000026.1_16673035_17080816_0$HG03710.verkko_filt_mat.fa:haplotype1_0000029_102593394_102907063_0	0.9647471297371305 1K
NA12718 HG03098#2#JAHEPL010000003.1_93803759_94117426_0$HG02004.verkko_filt_pat.fa:haplotype2_0000813_139386576_140076845_1	0.9647412128454266 1K
NA12718 HG02145#2#JAHKSF010000206.1_1005292_1413195_1$NA18906#2#JAHEON010000009.1_93748295_94249275_0	0.9647378298778836 1K
NA12718 HG03516#1#JAGYYT010000012.1_24170958_24578778_1$HG03710.verkko_filt_mat.fa:haplotype1_0000029_102593394_102907063_0	0.9647339750569661 1K
NA12718 HG03098#1#JAHEPM010000059.1_16676208_17105596_0$NA18906#2#JAHEON010000009.1_93748295_94249275_0	0.9647284007960516 1K
NA12718 HG02145#2#JAHKSF010000206.1_1005292_1413195_1$HG02886#2#JAHAOT010000031.1_87393_401061_0	0.9647250547841577 1K
NA12718 HG01123#2#JAGYYY010000006.1_51579630_51892388_0$HG02004.verkko_filt_pat.fa:haplotype2_0000813_139386576_140076845_1	0.9647189122463471 1K
NA12718 HG03098#2#JAHEPL010000003.1_93803759_94117426_0$NA18906#1#JAHEOO010000054.1_2103477_2510435_1	0.9647149379037557 1K
NA12718 HG03540#2#JAGYVX010000148.1_1368955_1877115_0$HG002.verkko_filt_mat.fa:haplotype1_0000005_138228497_138636354_1	0.9647071192707306 1K
NA12718 AV_HG00673#haplotype2#0001165:24014011_24421797$HG04228.verkko_filt_pat.fa:haplotype2_0000600_103806749_104119491_0	0.9647061007464439 1K
NA12718 AV_HG01361#haplotype2#0001322:101872897_102186552$HG03516#2#JAGYYS010000004.1_24452130_24859892_1	0.9647045514861917 1K
NA12718 HG03516#2#JAGYYS010000004.1_24452130_24859892_1$HG03710.verkko_filt_mat.fa:haplotype1_0000029_102593394_102907063_0	0.9646860707790167 1K
NA12718 AV_HG01361#haplotype2#0001322:101872897_102186552$HG02622#1#JAHAOO010000002.1_16673678_17080663_0	0.9646846548187296 1K
NA12718 HG02717#1#JAHAOS010000015.1_16660311_17067250_0$HG03098#2#JAHEPL010000003.1_93803759_94117426_0	0.9646457488828254 1K
NA12718 AV_HG01361#haplotype2#0001322:101872897_102186552$HG02004.verkko_filt_pat.fa:haplotype2_0000813_139386576_140076845_1	0.9646405643494618 1K
NA12718 AV_HG02257#haplotype2#0001152:102843493_103251377$HG03098#2#JAHEPL010000003.1_93803759_94117426_0	0.9646347203336055 1K
NA12718 HG02886#2#JAHAOT010000031.1_87393_401061_0$HG03927.verkko_filt_mat.fa:haplotype1_0000009_134765170_135173010_1	0.9646299631698229 1K
NA12718 HG02818#2#JAHEOR010000010.1_31775319_32183091_1$HG03710.verkko_filt_mat.fa:haplotype1_0000029_102593394_102907063_0	0.9646271506305729 1K
NA12718 AV_HG02257#haplotype2#0001152:102843493_103251377$NA18906#2#JAHEON010000009.1_93748295_94249275_0	0.9646210715038412 1K
NA12718 HG02486#1#JAGYVM010000007.1_28868414_29370339_1$HG00741#2#JAHALX010000013.1_51574319_51981226_0	0.9646184971592123 1K
NA12718 HG02080#1#JAHEOW010000048.1_16689583_17097287_0$HG03710.verkko_filt_mat.fa:haplotype1_0000029_102593394_102907063_0	0.9645978913238302 1K
NA12718 HG03540#2#JAGYVX010000148.1_1368955_1877115_0$HG02071.verkko_filt_mat.fa:haplotype1_0000041_103610513_104018399_0	0.9645956476164389 1K
NA12718 HG02886#2#JAHAOT010000031.1_87393_401061_0$HG02818#1#JAHEOS010000101.1_89626_496613_0	0.9645847215177575 1K
NA12718 AV_HG01361#haplotype2#0001322:101872897_102186552$HG02559#1#JAGYVK010000012.1_51505852_51913611_0	0.9645843750248544 1K
NA12718 HG02486#1#JAGYVM010000007.1_28868414_29370339_1$HG002.verkko_filt_pat.fa:haplotype2_0000649_147937390_148315979_1	0.9645578743078854 1K
NA12718 HG03453#1#JAGYVW010000157.1_2105722_2585000_1$HG02647.verkko_filt_pat.fa:haplotype2_0000857_103738150_104051769_0	0.9645551768009893 1K
NA12718 HG02622#1#JAHAOO010000002.1_16673678_17080663_0$HG02886#2#JAHAOT010000031.1_87393_401061_0	0.9645468327270698 1K
NA12718 HG01258#2#JAGYYU010000072.1_51562603_51970395_0$HG03710.verkko_filt_mat.fa:haplotype1_0000029_102593394_102907063_0	0.9645456235384922 1K
NA12718 HG03098#2#JAHEPL010000003.1_93803759_94117426_0$HG01099.verkko_filt_mat.fa:haplotype1_0000034_142513097_142920876_1	0.9645446260683507 1K
NA12718 HG02559#1#JAGYVK010000012.1_51505852_51913611_0$HG03710.verkko_filt_mat.fa:haplotype1_0000029_102593394_102907063_0	0.9645414902136002 1K
NA12718 AV_HG01361#haplotype2#0001322:101872897_102186552$HG03579#1#JAGYVU010000029.1_91404_499180_0	0.9645357942972238 1K
NA12718 HG03453#1#JAGYVW010000157.1_2105722_2585000_1$HG03579#2#JAGYVT010000094.1_51581892_51895531_0	0.9645337349147793 1K
NA12718 NA19240#1#JAHEOM010000047.1_30103390_30511199_1$HG03710.verkko_filt_mat.fa:haplotype1_0000029_102593394_102907063_0	0.9645305507535218 1K
NA12718 AV_HG01106#haplotype2#0000932:16673968_17175925$HG00438#1#JAHBCB010000015.1_33474867_33954171_0	0.9645304213495025 1K
NA12718 HG03098#2#JAHEPL010000003.1_93803759_94117426_0$NA19240#2#JAHEOL010000010.1_37445323_37853017_0	0.9645269443890488 1K
NA12718 AV_HG01361#haplotype2#0001322:101872897_102186552$NA19240#1#JAHEOM010000047.1_30103390_30511199_1	0.9645244431018919 1K
NA12718 AV_HG02148#haplotype2#0002863:16304803_16712699$HG03540#2#JAGYVX010000148.1_1368955_1877115_0	0.9645005589752633 1K
NA12718 chr1_hg38_103456064_103863972_0$HG03540#2#JAGYVX010000148.1_1368955_1877115_0	0.9644859228146468 1K
NA12718 chr1_hg19_103998686_104406594_0$HG03540#2#JAGYVX010000148.1_1368955_1877115_0	0.9644859228146468 1K
NA12718 HG03710.verkko_filt_mat.fa:haplotype1_0000029_102593394_102907063_0$HG02809.verkko_filt_pat.fa:haplotype2_0001251_103421111_103827972_0	0.9644840660010225 1K
NA12718 HG02630#1#JAHAOQ010000102.1_16672145_17079089_0$HG02886#2#JAHAOT010000031.1_87393_401061_0	0.9644825456419865 1K
NA12718 HG02145#2#JAHKSF010000206.1_1005292_1413195_1$HG03098#2#JAHEPL010000003.1_93803759_94117426_0	0.9644762554674693 1K
NA12718 HG02080#1#JAHEOW010000048.1_16689583_17097287_0$HG03098#2#JAHEPL010000003.1_93803759_94117426_0	0.9644651126233822 1K
NA12718 HG03486#1#JAHEOQ010000123.1_16677696_17085575_0$HG03540#2#JAGYVX010000148.1_1368955_1877115_0	0.9644643704667317 1K
NA12718 NA19240#2#JAHEOL010000010.1_37445323_37853017_0$HG03710.verkko_filt_mat.fa:haplotype1_0000029_102593394_102907063_0	0.9644514000837232 1K
NA12718 HG01109#2#JAHEOZ010000047.1_16671232_17151375_0$HG02293.verkko_filt_pat.fa:haplotype2_0000836_148310532_148812524_1	0.9644416750790447 1K
NA12718 HG02559#2#JAGYVJ010000037.1_52167780_52574597_1$HG02293.verkko_filt_mat.fa:haplotype1_0000039_30204405_30517145_1	0.9644391466059552 1K
NA12718 HG01109#1#JAHEPA010000099.1_2104245_2511104_1$NA18906#2#JAHEON010000009.1_93748295_94249275_0	0.9644172305355431 1K
NA12718 AV_HG00673#haplotype2#0001165:24014011_24421797$HG03710.verkko_filt_mat.fa:haplotype1_0000029_102593394_102907063_0	0.9644089871596871 1K
NA12718 HG00741#2#JAHALX010000013.1_51574319_51981226_0$HG002.verkko_filt_pat.fa:haplotype2_0000649_147937390_148315979_1	0.9644072461826098 1K
NA12718 HG03579#1#JAGYVU010000029.1_91404_499180_0$HG03710.verkko_filt_mat.fa:haplotype1_0000029_102593394_102907063_0	0.9644072145128040 1K
NA12718 HG02717#2#JAHAOR010000006.1_19663827_20070693_1$HG03710.verkko_filt_mat.fa:haplotype1_0000029_102593394_102907063_0	0.9643977995895490 1K
NA12718 AV_HG00673#haplotype1#0000019:16627360_17129375$HG01109#2#JAHEOZ010000047.1_16671232_17151375_0	0.9643931701108728 1K
NA12718 NA18906#1#JAHEOO010000054.1_2103477_2510435_1$NA18906#2#JAHEON010000009.1_93748295_94249275_0	0.9643865265110261 1K
NA12718 HG02818#2#JAHEOR010000010.1_31775319_32183091_1$HG02886#2#JAHAOT010000031.1_87393_401061_0	0.9643719307773937 1K
NA12718 HG02630#1#JAHAOQ010000102.1_16672145_17079089_0$HG03098#2#JAHEPL010000003.1_93803759_94117426_0	0.9643554375126125 1K
NA12718 HG04228.verkko_filt_pat.fa:haplotype2_0000600_103806749_104119491_0$HG02004.verkko_filt_pat.fa:haplotype2_0000813_139386576_140076845_1	0.9643334641167437 1K
NA12718 HG02886#2#JAHAOT010000031.1_87393_401061_0$HG03516#2#JAGYYS010000004.1_24452130_24859892_1	0.9643212463223626 1K
NA12718 HG00438#1#JAHBCB010000015.1_33474867_33954171_0$HG01978#1#JAGYVS010000002.1_51519970_52021951_0	0.9643174093649828 1K
NA12718 HG02080#2#JAHEOV010000017.1_16662177_17164189_0$HG01109#2#JAHEOZ010000047.1_16671232_17151375_0	0.9643123003650225 1K
NA12718 HG03098#1#JAHEPM010000059.1_16676208_17105596_0$HG02300.verkko_filt_mat.fa:haplotype1_0000028_144052837_144460586_1	0.9643019778643206 1K
NA12718 AV_HG01361#haplotype1#0000023:101593539_102001341$HG03098#2#JAHEPL010000003.1_93803759_94117426_0	0.9642994553236047 1K
NA12718 AV_HG01361#haplotype2#0001322:101872897_102186552$HG02486#2#JAGYVL010000029.1_94163344_94570162_0	0.9642986170084500 1K
NA12718 HG02630#2#JAHAOP010000089.1_16669255_17076135_0$HG02486#1#JAGYVM010000007.1_28868414_29370339_1	0.9642921086685087 1K
NA12718 HG02004.verkko_filt_pat.fa:haplotype2_0000813_139386576_140076845_1$HG02647.verkko_filt_pat.fa:haplotype2_0000857_103738150_104051769_0	0.9642908444305008 1K
NA12718 HG01358#1#JAGYZB010000020.1_27445742_27855492_1$HG03927.verkko_filt_pat.fa:haplotype2_0000800_29002142_29504057_1	0.9642889624288283 1K
NA12718 HG03579#2#JAGYVT010000094.1_51581892_51895531_0$HG02004.verkko_filt_pat.fa:haplotype2_0000813_139386576_140076845_1	0.9642882876506955 1K
NA12718 HG02630#1#JAHAOQ010000102.1_16672145_17079089_0$NA18906#2#JAHEON010000009.1_93748295_94249275_0	0.9642876479051747 1K
NA12718 HG03098#2#JAHEPL010000003.1_93803759_94117426_0$HG03516#1#JAGYYT010000012.1_24170958_24578778_1	0.9642838158599468 1K
NA12718 HG01123#1#JAGYYZ010000015.1_51528240_51935090_0$HG03710.verkko_filt_mat.fa:haplotype1_0000029_102593394_102907063_0	0.9642671427393440 1K
NA12718 HG01109#2#JAHEOZ010000047.1_16671232_17151375_0$HG02071.verkko_filt_pat.fa:haplotype2_0000736_102745972_103248026_0	0.9642605017075270 1K
NA12718 HG03098#1#JAHEPM010000059.1_16676208_17105596_0$chr1_chm13_103304997_103901127_0	0.9642416997372822 1K
NA12718 HG00621#2#JAHBCC010000031.1_16669999_17077865_0$HG03540#2#JAGYVX010000148.1_1368955_1877115_0	0.9642259256168730 1K
NA12718 HG02559#1#JAGYVK010000012.1_51505852_51913611_0$HG02886#2#JAHAOT010000031.1_87393_401061_0	0.9642254111015761 1K
NA12718 AV_HG01361#haplotype2#0001322:101872897_102186552$HG02109#1#JAHEPG010000026.1_16673035_17080816_0	0.9642253006408820 1K
NA12718 HG03098#2#JAHEPL010000003.1_93803759_94117426_0$HG02818#1#JAHEOS010000101.1_89626_496613_0	0.9642252971888396 1K
NA12718 HG02300.verkko_filt_mat.fa:haplotype1_0000028_144052837_144460586_1$HG02647.verkko_filt_mat.fa:haplotype1_0000002_103892584_104321036_0	0.9642169529120657 1K
NA12718 HG00741#1#JAHALY010000007.1_18781197_19307680_1$HG02145#2#JAHKSF010000206.1_1005292_1413195_1	0.9642047512340648 1K
NA12718 HG03540#2#JAGYVX010000148.1_1368955_1877115_0$HG01978#2#JAGYVR010000007.1_51532241_51939176_0	0.9641933226539076 1K
NA12718 HG005#1#JAHEPO010000002.1_51519219_51926067_0$HG03710.verkko_filt_mat.fa:haplotype1_0000029_102593394_102907063_0	0.9641881911656147 1K
NA12718 AV_HG01106#haplotype2#0000932:16673968_17175925$HG03486#2#JAHEOP010000248.1_2105565_2584784_1	0.9641839222232584 1K
NA12718 HG03540#2#JAGYVX010000148.1_1368955_1877115_0$HG005#2#JAHEPN010000023.1_51542210_51950070_0	0.9641779895625660 1K
NA12718 HG00741#1#JAHALY010000007.1_18781197_19307680_1$NA18906#1#JAHEOO010000054.1_2103477_2510435_1	0.9641692143401204 1K
NA12718 AV_HG02257#haplotype2#0001152:102843493_103251377$HG00741#1#JAHALY010000007.1_18781197_19307680_1	0.9641674484181633 1K
NA12718 HG02486#1#JAGYVM010000007.1_28868414_29370339_1$HG02486#2#JAGYVL010000029.1_94163344_94570162_0	0.9641629624005702 1K
NA12718 HG00741#2#JAHALX010000013.1_51574319_51981226_0$HG03710.verkko_filt_mat.fa:haplotype1_0000029_102593394_102907063_0	0.9641556712606025 1K
NA12718 HG02717#1#JAHAOS010000015.1_16660311_17067250_0$NA18906#2#JAHEON010000009.1_93748295_94249275_0	0.9641532214845647 1K
NA12718 NA18906#2#JAHEON010000009.1_93748295_94249275_0$HG02818#1#JAHEOS010000101.1_89626_496613_0	0.9641449449584459 1K
NA12718 HG03098#2#JAHEPL010000003.1_93803759_94117426_0$HG02622#1#JAHAOO010000002.1_16673678_17080663_0	0.9641414159140608 1K
NA12718 HG02886#2#JAHAOT010000031.1_87393_401061_0$NA19240#1#JAHEOM010000047.1_30103390_30511199_1	0.9641408083889154 1K
NA12718 HG00438#1#JAHBCB010000015.1_33474867_33954171_0$HG02293.verkko_filt_pat.fa:haplotype2_0000836_148310532_148812524_1	0.9641362356169427 1K
NA12718 HG00741#1#JAHALY010000007.1_18781197_19307680_1$HG01109#1#JAHEPA010000099.1_2104245_2511104_1	0.9641342861747914 1K
NA12718 chr1_chm13_103304997_103901127_0$HG02647.verkko_filt_mat.fa:haplotype1_0000002_103892584_104321036_0	0.9641318864958304 1K
NA12718 HG03927.verkko_filt_mat.fa:haplotype1_0000009_134765170_135173010_1$HG02647.verkko_filt_pat.fa:haplotype2_0000857_103738150_104051769_0	0.9641301674146371 1K
NA12718 HG00621#1#JAHBCD010000034.1_2122997_2624098_1$HG01109#2#JAHEOZ010000047.1_16671232_17151375_0	0.9641289534757296 1K
NA12718 AV_HG01106#haplotype2#0000932:16673968_17175925$NA20129#2#JAHEPD010000155.1_90039_569275_0	0.9641232533856896 1K
NA12718 AV_HG01106#haplotype2#0000932:16673968_17175925$HG02622#2#JAHAON010000012.1_51551779_52031001_0	0.9641114803079500 1K
NA12718 AV_HG00673#haplotype1#0000019:16627360_17129375$HG00438#1#JAHBCB010000015.1_33474867_33954171_0	0.9641050309687590 1K
NA12718 HG03453#2#JAGYVV010000088.1_22597550_23005370_1$HG03540#2#JAGYVX010000148.1_1368955_1877115_0	0.9641044968325809 1K
NA12718 HG03540#2#JAGYVX010000148.1_1368955_1877115_0$HG02004.verkko_filt_mat.fa:haplotype1_0000022_97828542_98235483_0	0.9641004298953156 1K
NA12718 AV_HG01361#haplotype2#0001322:101872897_102186552$HG02809.verkko_filt_pat.fa:haplotype2_0001251_103421111_103827972_0	0.9640967224108781 1K
NA12718 HG02886#2#JAHAOT010000031.1_87393_401061_0$HG03579#1#JAGYVU010000029.1_91404_499180_0	0.9640910987909433 1K
NA12718 HG03098#2#JAHEPL010000003.1_93803759_94117426_0$HG02809.verkko_filt_pat.fa:haplotype2_0001251_103421111_103827972_0	0.9640804894691981 1K
NA12718 AV_HG00673#haplotype2#0001165:24014011_24421797$HG03098#2#JAHEPL010000003.1_93803759_94117426_0	0.9640799715524929 1K
NA12718 HG02055#2#JAHEPJ010000017.1_24870122_25298560_1$chr1_chm13_103304997_103901127_0	0.9640783606071767 1K
NA12718 HG02886#1#JAHAOU010000178.1_62411_469262_0$HG02486#1#JAGYVM010000007.1_28868414_29370339_1	0.9640772318092651 1K
NA12718 HG03098#2#JAHEPL010000003.1_93803759_94117426_0$HG02109#1#JAHEPG010000026.1_16673035_17080816_0	0.9640739085917300 1K
NA12718 AV_HG01361#haplotype2#0001322:101872897_102186552$HG02886#1#JAHAOU010000178.1_62411_469262_0	0.9640705302336725 1K
NA12718 HG02080#1#JAHEOW010000048.1_16689583_17097287_0$HG03098#1#JAHEPM010000059.1_16676208_17105596_0	0.9640702142774583 1K
NA12718 HG03540#2#JAGYVX010000148.1_1368955_1877115_0$HG02300.verkko_filt_pat.fa:haplotype2_0000620_143362344_143769323_1	0.9640701424575955 1K
NA12718 HG03579#2#JAGYVT010000094.1_51581892_51895531_0$HG03927.verkko_filt_mat.fa:haplotype1_0000009_134765170_135173010_1	0.9640668122578169 1K
NA12718 HG02622#1#JAHAOO010000002.1_16673678_17080663_0$NA18906#2#JAHEON010000009.1_93748295_94249275_0	0.9640651014466830 1K
NA12718 HG02109#1#JAHEPG010000026.1_16673035_17080816_0$HG02886#2#JAHAOT010000031.1_87393_401061_0	0.9640631089315680 1K
NA12718 HG03098#1#JAHEPM010000059.1_16676208_17105596_0$NA19240#2#JAHEOL010000010.1_37445323_37853017_0	0.9640598651990168 1K
NA12718 HG01109#2#JAHEOZ010000047.1_16671232_17151375_0$HG04228.verkko_filt_mat.fa:haplotype1_0000023_103429213_103930285_0	0.9640536913103058 1K
NA12718 HG00438#1#JAHBCB010000015.1_33474867_33954171_0$HG02071.verkko_filt_pat.fa:haplotype2_0000736_102745972_103248026_0	0.9640533006958535 1K
NA12718 HG00741#1#JAHALY010000007.1_18781197_19307680_1$HG02630#1#JAHAOQ010000102.1_16672145_17079089_0	0.9640486235380330 1K
NA12718 HG01978#1#JAGYVS010000002.1_51519970_52021951_0$HG03486#2#JAHEOP010000248.1_2105565_2584784_1	0.9640484470760409 1K
NA12718 AV_HG01361#haplotype2#0001322:101872897_102186552$HG01258#2#JAGYYU010000072.1_51562603_51970395_0	0.9640373246641348 1K
NA12718 HG01928#1#JAGYVQ010000053.1_16676493_17083407_0$HG03540#2#JAGYVX010000148.1_1368955_1877115_0	0.9640338395207544 1K
NA12718 HG00741#1#JAHALY010000007.1_18781197_19307680_1$HG02300.verkko_filt_mat.fa:haplotype1_0000028_144052837_144460586_1	0.9640330499439969 1K
NA12718 NA20129#2#JAHEPD010000155.1_90039_569275_0$HG01978#1#JAGYVS010000002.1_51519970_52021951_0	0.9640307966097706 1K
NA12718 HG03098#1#JAHEPM010000059.1_16676208_17105596_0$HG01099.verkko_filt_mat.fa:haplotype1_0000034_142513097_142920876_1	0.9640281883477042 1K
NA12718 HG03098#1#JAHEPM010000059.1_16676208_17105596_0$HG03927.verkko_filt_mat.fa:haplotype1_0000009_134765170_135173010_1	0.9640172965252352 1K
NA12718 HG02055#2#JAHEPJ010000017.1_24870122_25298560_1$HG02300.verkko_filt_mat.fa:haplotype1_0000028_144052837_144460586_1	0.9640151096226350 1K
NA12718 HG02622#2#JAHAON010000012.1_51551779_52031001_0$HG01978#1#JAGYVS010000002.1_51519970_52021951_0	0.9640103978825053 1K
NA12718 HG00741#1#JAHALY010000007.1_18781197_19307680_1$HG02717#1#JAHAOS010000015.1_16660311_17067250_0	0.9639927299530971 1K
NA12718 HG01891#1#JAGYVO010000014.1_22855818_23168577_1$HG02004.verkko_filt_pat.fa:haplotype2_0000813_139386576_140076845_1	0.9639829157491479 1K
NA12718 HG02109#2#JAHEPF010000078.1_16678387_16991144_0$HG02300.verkko_filt_mat.fa:haplotype1_0000028_144052837_144460586_1	0.9639823273567198 1K
NA12718 NA19240#2#JAHEOL010000010.1_37445323_37853017_0$HG02647.verkko_filt_mat.fa:haplotype1_0000002_103892584_104321036_0	0.9639808012774679 1K
NA12718 AV_HG01361#haplotype1#0000023:101593539_102001341$HG03098#1#JAHEPM010000059.1_16676208_17105596_0	0.9639755521299550 1K
NA12718 HG03492#2#JAHEPH010000288.1_2098270_2432686_1$HG01358#1#JAGYZB010000020.1_27445742_27855492_1	0.9639736411221734 1K
NA12718 HG03927.verkko_filt_mat.fa:haplotype1_0000009_134765170_135173010_1$HG02647.verkko_filt_mat.fa:haplotype1_0000002_103892584_104321036_0	0.9639595038385866 1K
NA12718 HG03453#1#JAGYVW010000157.1_2105722_2585000_1$HG01891#1#JAGYVO010000014.1_22855818_23168577_1	0.9639570612020717 1K
NA12718 HG00438#1#JAHBCB010000015.1_33474867_33954171_0$HG02080#2#JAHEOV010000017.1_16662177_17164189_0	0.9639512669665242 1K
NA12718 HG02300.verkko_filt_mat.fa:haplotype1_0000028_144052837_144460586_1$HG02809.verkko_filt_mat.fa:haplotype1_0000023_94161320_94589755_0	0.9639491252258378 1K
NA12718 chr1_chm13_103304997_103901127_0$HG02809.verkko_filt_mat.fa:haplotype1_0000023_94161320_94589755_0	0.9639470192827982 1K
NA12718 HG01099.verkko_filt_mat.fa:haplotype1_0000034_142513097_142920876_1$HG02647.verkko_filt_mat.fa:haplotype1_0000002_103892584_104321036_0	0.9639420359100558 1K
NA12718 HG01243#1#JAHEOY010000013.1_90081_424495_0$HG01358#1#JAGYZB010000020.1_27445742_27855492_1	0.9639417573418552 1K
NA12718 HG02109#2#JAHEPF010000078.1_16678387_16991144_0$HG02004.verkko_filt_pat.fa:haplotype2_0000813_139386576_140076845_1	0.9639416322103319 1K
NA12718 HG01358#1#JAGYZB010000020.1_27445742_27855492_1$HG01099.verkko_filt_pat.fa:haplotype2_0000583_143544270_144046196_1	0.9639376691978493 1K
NA12718 HG02647.verkko_filt_pat.fa:haplotype2_0000857_103738150_104051769_0$HG02300.verkko_filt_mat.fa:haplotype1_0000028_144052837_144460586_1	0.9639314531437784 1K
NA12718 HG00741#1#JAHALY010000007.1_18781197_19307680_1$NA19240#2#JAHEOL010000010.1_37445323_37853017_0	0.9639276771534504 1K
NA12718 HG01891#1#JAGYVO010000014.1_22855818_23168577_1$HG03927.verkko_filt_mat.fa:haplotype1_0000009_134765170_135173010_1	0.9639266544995397 1K
NA12718 HG02886#2#JAHAOT010000031.1_87393_401061_0$HG01258#2#JAGYYU010000072.1_51562603_51970395_0	0.9639232694054664 1K
NA12718 HG02109#2#JAHEPF010000078.1_16678387_16991144_0$HG03927.verkko_filt_mat.fa:haplotype1_0000009_134765170_135173010_1	0.9639222872751946 1K
NA12718 HG03579#2#JAGYVT010000094.1_51581892_51895531_0$HG02300.verkko_filt_mat.fa:haplotype1_0000028_144052837_144460586_1	0.9639167268897680 1K
NA12718 HG01891#1#JAGYVO010000014.1_22855818_23168577_1$HG02300.verkko_filt_mat.fa:haplotype1_0000028_144052837_144460586_1	0.9639129525623024 1K
NA12718 HG00741#1#JAHALY010000007.1_18781197_19307680_1$HG02818#1#JAHEOS010000101.1_89626_496613_0	0.9639058984113411 1K
NA12718 HG02080#1#JAHEOW010000048.1_16689583_17097287_0$HG00741#1#JAHALY010000007.1_18781197_19307680_1	0.9638929149791849 1K
NA12718 AV_HG01361#haplotype2#0001322:101872897_102186552$HG02300.verkko_filt_mat.fa:haplotype1_0000028_144052837_144460586_1	0.9638897931705894 1K
NA12718 NA18906#2#JAHEON010000009.1_93748295_94249275_0$HG02647.verkko_filt_mat.fa:haplotype1_0000002_103892584_104321036_0	0.9638879877814533 1K
NA12718 HG02886#2#JAHAOT010000031.1_87393_401061_0$HG02809.verkko_filt_pat.fa:haplotype2_0001251_103421111_103827972_0	0.9638858204201466 1K
NA12718 HG03098#1#JAHEPM010000059.1_16676208_17105596_0$HG03516#1#JAGYYT010000012.1_24170958_24578778_1	0.9638835605754920 1K
NA12718 HG03516#1#JAGYYT010000012.1_24170958_24578778_1$HG02647.verkko_filt_mat.fa:haplotype1_0000002_103892584_104321036_0	0.9638833430043704 1K
NA12718 HG02723#1#JAHEOU010000204.1_2102082_2414876_1$HG02004.verkko_filt_pat.fa:haplotype2_0000813_139386576_140076845_1	0.9638822545042350 1K
NA12718 AV_HG01361#haplotype2#0001322:101872897_102186552$HG01123#1#JAGYYZ010000015.1_51528240_51935090_0	0.9638808330254639 1K
NA12718 HG01109#1#JAHEPA010000099.1_2104245_2511104_1$HG01123#2#JAGYYY010000006.1_51579630_51892388_0	0.9638781654687892 1K
NA12718 HG00741#1#JAHALY010000007.1_18781197_19307680_1$HG01099.verkko_filt_mat.fa:haplotype1_0000034_142513097_142920876_1	0.9638716038932124 1K
NA12718 HG01123#2#JAGYYY010000006.1_51579630_51892388_0$HG01258#2#JAGYYU010000072.1_51562603_51970395_0	0.9638709308968394 1K
NA12718 HG02055#2#JAHEPJ010000017.1_24870122_25298560_1$HG03927.verkko_filt_mat.fa:haplotype1_0000009_134765170_135173010_1	0.9638673831928766 1K
NA12718 AV_HG01106#haplotype1#0000048:16666181_17262214$HG03098#1#JAHEPM010000059.1_16676208_17105596_0	0.9638640840857970 1K
NA12718 HG02080#1#JAHEOW010000048.1_16689583_17097287_0$HG02647.verkko_filt_mat.fa:haplotype1_0000002_103892584_104321036_0	0.9638605743755191 1K
NA12718 HG03098#2#JAHEPL010000003.1_93803759_94117426_0$HG02717#2#JAHAOR010000006.1_19663827_20070693_1	0.9638601849194125 1K
NA12718 HG03492#1#JAHEPI010000180.1_2103395_2543326_1$HG01358#1#JAGYZB010000020.1_27445742_27855492_1	0.9638559196765132 1K
NA12718 HG02055#2#JAHEPJ010000017.1_24870122_25298560_1$NA19240#2#JAHEOL010000010.1_37445323_37853017_0	0.9638543047314337 1K
NA12718 HG01358#1#JAGYZB010000020.1_27445742_27855492_1$HG00733#1#JAHEPQ010000019.1_46106835_46420495_0	0.9638538170951458 1K
NA12718 HG02055#2#JAHEPJ010000017.1_24870122_25298560_1$HG01099.verkko_filt_mat.fa:haplotype1_0000034_142513097_142920876_1	0.9638480103984991 1K
NA12718 AV_HG01361#haplotype2#0001322:101872897_102186552$HG02717#2#JAHAOR010000006.1_19663827_20070693_1	0.9638399232606711 1K
NA12718 HG03098#2#JAHEPL010000003.1_93803759_94117426_0$HG01258#2#JAGYYU010000072.1_51562603_51970395_0	0.9638371245582454 1K
NA12718 HG005#1#JAHEPO010000002.1_51519219_51926067_0$HG03098#2#JAHEPL010000003.1_93803759_94117426_0	0.9638347818082758 1K
NA12718 AV_HG01361#haplotype2#0001322:101872897_102186552$HG02630#2#JAHAOP010000089.1_16669255_17076135_0	0.9638301997548533 1K
NA12718 HG02886#1#JAHAOU010000178.1_62411_469262_0$HG03710.verkko_filt_mat.fa:haplotype1_0000029_102593394_102907063_0	0.9638300251178034 1K
NA12718 AV_HG01361#haplotype1#0000023:101593539_102001341$HG02647.verkko_filt_mat.fa:haplotype1_0000002_103892584_104321036_0	0.9638068355713547 1K
NA12718 HG01099.verkko_filt_mat.fa:haplotype1_0000034_142513097_142920876_1$HG02809.verkko_filt_mat.fa:haplotype1_0000023_94161320_94589755_0	0.9637904881648046 1K
NA12718 AV_HG01361#haplotype2#0001322:101872897_102186552$HG005#1#JAHEPO010000002.1_51519219_51926067_0	0.9637901062067129 1K
NA12718 HG01099.verkko_filt_mat.fa:haplotype1_0000034_142513097_142920876_1$HG02647.verkko_filt_pat.fa:haplotype2_0000857_103738150_104051769_0	0.9637797948105866 1K
NA12718 HG02080#1#JAHEOW010000048.1_16689583_17097287_0$HG02055#2#JAHEPJ010000017.1_24870122_25298560_1	0.9637665104421470 1K
NA12718 HG03579#2#JAGYVT010000094.1_51581892_51895531_0$HG01099.verkko_filt_mat.fa:haplotype1_0000034_142513097_142920876_1	0.9637651272657024 1K
NA12718 HG03453#1#JAGYVW010000157.1_2105722_2585000_1$HG01358#1#JAGYZB010000020.1_27445742_27855492_1	0.9637646741154167 1K
NA12718 HG005#1#JAHEPO010000002.1_51519219_51926067_0$HG02886#2#JAHAOT010000031.1_87393_401061_0	0.9637618824256183 1K
NA12718 AV_HG01361#haplotype1#0000023:101593539_102001341$HG02055#2#JAHEPJ010000017.1_24870122_25298560_1	0.9637541500898695 1K
NA12718 HG00741#1#JAHALY010000007.1_18781197_19307680_1$HG02622#1#JAHAOO010000002.1_16673678_17080663_0	0.9637509050845185 1K
NA12718 HG02145#2#JAHKSF010000206.1_1005292_1413195_1$HG01123#2#JAGYYY010000006.1_51579630_51892388_0	0.9637498664423996 1K
NA12718 NA19240#2#JAHEOL010000010.1_37445323_37853017_0$HG01891#1#JAGYVO010000014.1_22855818_23168577_1	0.9637415319973985 1K
NA12718 HG02080#1#JAHEOW010000048.1_16689583_17097287_0$HG02809.verkko_filt_mat.fa:haplotype1_0000023_94161320_94589755_0	0.9637336965557644 1K
NA12718 HG03516#1#JAGYYT010000012.1_24170958_24578778_1$HG02055#2#JAHEPJ010000017.1_24870122_25298560_1	0.9637336282134694 1K
NA12718 HG02080#1#JAHEOW010000048.1_16689583_17097287_0$HG01891#1#JAGYVO010000014.1_22855818_23168577_1	0.9637311835218437 1K
NA12718 HG02630#2#JAHAOP010000089.1_16669255_17076135_0$HG02886#2#JAHAOT010000031.1_87393_401061_0	0.9637281600544045 1K
NA12718 AV_HG01361#haplotype1#0000023:101593539_102001341$HG02809.verkko_filt_mat.fa:haplotype1_0000023_94161320_94589755_0	0.9637213732631100 1K
NA12718 NA19240#2#JAHEOL010000010.1_37445323_37853017_0$HG02809.verkko_filt_mat.fa:haplotype1_0000023_94161320_94589755_0	0.9637066447804146 1K
NA12718 HG02080#1#JAHEOW010000048.1_16689583_17097287_0$HG02109#2#JAHEPF010000078.1_16678387_16991144_0	0.9637017838241649 1K
NA12718 HG03098#1#JAHEPM010000059.1_16676208_17105596_0$HG03516#2#JAGYYS010000004.1_24452130_24859892_1	0.9637016110722385 1K
NA12718 AV_HG00673#haplotype2#0001165:24014011_24421797$HG03098#1#JAHEPM010000059.1_16676208_17105596_0	0.9636975613401711 1K
NA12718 HG01123#1#JAGYYZ010000015.1_51528240_51935090_0$HG02886#2#JAHAOT010000031.1_87393_401061_0	0.9636936077167105 1K
NA12718 HG00438#1#JAHBCB010000015.1_33474867_33954171_0$HG04228.verkko_filt_mat.fa:haplotype1_0000023_103429213_103930285_0	0.9636921261997877 1K
NA12718 HG00741#1#JAHALY010000007.1_18781197_19307680_1$HG03927.verkko_filt_mat.fa:haplotype1_0000009_134765170_135173010_1	0.9636921240392243 1K
NA12718 AV_HG01361#haplotype1#0000023:101593539_102001341$HG00741#1#JAHALY010000007.1_18781197_19307680_1	0.9636907968000252 1K
NA12718 HG00741#1#JAHALY010000007.1_18781197_19307680_1$HG03516#1#JAGYYT010000012.1_24170958_24578778_1	0.9636898410736444 1K
NA12718 HG02486#2#JAGYVL010000029.1_94163344_94570162_0$HG03710.verkko_filt_mat.fa:haplotype1_0000029_102593394_102907063_0	0.9636883112013954 1K
NA12718 HG03927.verkko_filt_mat.fa:haplotype1_0000009_134765170_135173010_1$HG02809.verkko_filt_mat.fa:haplotype1_0000023_94161320_94589755_0	0.9636882464178609 1K
NA12718 HG02080#1#JAHEOW010000048.1_16689583_17097287_0$HG02647.verkko_filt_pat.fa:haplotype2_0000857_103738150_104051769_0	0.9636880421178096 1K
NA12718 HG03516#1#JAGYYT010000012.1_24170958_24578778_1$HG02647.verkko_filt_pat.fa:haplotype2_0000857_103738150_104051769_0	0.9636845098850094 1K
NA12718 NA20129#2#JAHEPD010000155.1_90039_569275_0$HG02293.verkko_filt_pat.fa:haplotype2_0000836_148310532_148812524_1	0.9636806588310458 1K
NA12718 NA19240#2#JAHEOL010000010.1_37445323_37853017_0$HG02647.verkko_filt_pat.fa:haplotype2_0000857_103738150_104051769_0	0.9636742498063271 1K
NA12718 HG02622#2#JAHAON010000012.1_51551779_52031001_0$HG02293.verkko_filt_pat.fa:haplotype2_0000836_148310532_148812524_1	0.9636725934723078 1K
NA12718 AV_HG00673#haplotype1#0000019:16627360_17129375$NA20129#2#JAHEPD010000155.1_90039_569275_0	0.9636667501916431 1K
NA12718 HG02630#2#JAHAOP010000089.1_16669255_17076135_0$HG03710.verkko_filt_mat.fa:haplotype1_0000029_102593394_102907063_0	0.9636650331365484 1K
NA12718 HG02080#1#JAHEOW010000048.1_16689583_17097287_0$HG03579#2#JAGYVT010000094.1_51581892_51895531_0	0.9636610276944217 1K
NA12718 HG03453#1#JAGYVW010000157.1_2105722_2585000_1$HG002.verkko_filt_pat.fa:haplotype2_0000649_147937390_148315979_1	0.9636566957269818 1K
NA12718 HG02055#2#JAHEPJ010000017.1_24870122_25298560_1$NA18906#2#JAHEON010000009.1_93748295_94249275_0	0.9636535628657743 1K
NA12718 HG02818#2#JAHEOR010000010.1_31775319_32183091_1$HG02647.verkko_filt_pat.fa:haplotype2_0000857_103738150_104051769_0	0.9636509954985869 1K
NA12718 HG02818#2#JAHEOR010000010.1_31775319_32183091_1$HG03579#2#JAGYVT010000094.1_51581892_51895531_0	0.9636490592714341 1K
NA12718 HG03579#2#JAGYVT010000094.1_51581892_51895531_0$NA19240#2#JAHEOL010000010.1_37445323_37853017_0	0.9636351470412914 1K
NA12718 AV_HG00673#haplotype1#0000019:16627360_17129375$HG02622#2#JAHAON010000012.1_51551779_52031001_0	0.9636329865760391 1K
NA12718 HG03579#2#JAGYVT010000094.1_51581892_51895531_0$HG03516#1#JAGYYT010000012.1_24170958_24578778_1	0.9636090177306277 1K
NA12718 AV_HG01361#haplotype1#0000023:101593539_102001341$HG02647.verkko_filt_pat.fa:haplotype2_0000857_103738150_104051769_0	0.9636078626561532 1K
NA12718 HG02818#2#JAHEOR010000010.1_31775319_32183091_1$HG01891#1#JAGYVO010000014.1_22855818_23168577_1	0.9636069334758486 1K
NA12718 AV_HG01361#haplotype1#0000023:101593539_102001341$HG03579#2#JAGYVT010000094.1_51581892_51895531_0	0.9636055493074918 1K
NA12718 NA18906#2#JAHEON010000009.1_93748295_94249275_0$HG02809.verkko_filt_mat.fa:haplotype1_0000023_94161320_94589755_0	0.9636002315247414 1K
NA12718 HG02109#2#JAHEPF010000078.1_16678387_16991144_0$HG01099.verkko_filt_mat.fa:haplotype1_0000034_142513097_142920876_1	0.9635960900317243 1K
NA12718 HG03486#2#JAHEOP010000248.1_2105565_2584784_1$HG02293.verkko_filt_pat.fa:haplotype2_0000836_148310532_148812524_1	0.9635910465327412 1K
NA12718 HG03516#2#JAGYYS010000004.1_24452130_24859892_1$HG02647.verkko_filt_pat.fa:haplotype2_0000857_103738150_104051769_0	0.9635893713994709 1K
NA12718 HG02886#2#JAHAOT010000031.1_87393_401061_0$HG02717#2#JAHAOR010000006.1_19663827_20070693_1	0.9635788823979466 1K
NA12718 HG02109#1#JAHEPG010000026.1_16673035_17080816_0$NA18906#2#JAHEON010000009.1_93748295_94249275_0	0.9635780476005377 1K
NA12718 HG02109#2#JAHEPF010000078.1_16678387_16991144_0$NA19240#2#JAHEOL010000010.1_37445323_37853017_0	0.9635768452981893 1K
NA12718 HG01891#1#JAGYVO010000014.1_22855818_23168577_1$HG01099.verkko_filt_mat.fa:haplotype1_0000034_142513097_142920876_1	0.9635637239731191 1K
NA12718 HG03492#1#JAHEPI010000180.1_2103395_2543326_1$HG01258#1#JAGYYV010000004.1_56955948_57456952_1	0.9635632970731066 1K
NA12718 HG03098#2#JAHEPL010000003.1_93803759_94117426_0$HG01123#1#JAGYYZ010000015.1_51528240_51935090_0	0.9635578704936960 1K
NA12718 HG03540#1#JAGYVY010000208.1_95187_596142_0$HG01358#1#JAGYZB010000020.1_27445742_27855492_1	0.9635571905361070 1K
NA12718 HG03516#1#JAGYYT010000012.1_24170958_24578778_1$HG02809.verkko_filt_mat.fa:haplotype1_0000023_94161320_94589755_0	0.9635544652051743 1K
NA12718 HG03579#2#JAGYVT010000094.1_51581892_51895531_0$HG03516#2#JAGYYS010000004.1_24452130_24859892_1	0.9635503903228794 1K
NA12718 AV_HG01361#haplotype2#0001322:101872897_102186552$HG01099.verkko_filt_mat.fa:haplotype1_0000034_142513097_142920876_1	0.9635436109767614 1K
NA12718 NA20129#2#JAHEPD010000155.1_90039_569275_0$HG02080#2#JAHEOV010000017.1_16662177_17164189_0	0.9635430521160318 1K
NA12718 HG02622#2#JAHAON010000012.1_51551779_52031001_0$HG02071.verkko_filt_pat.fa:haplotype2_0000736_102745972_103248026_0	0.9635421733137000 1K
NA12718 AV_HG00673#haplotype1#0000019:16627360_17129375$HG03486#2#JAHEOP010000248.1_2105565_2584784_1	0.9635421611250000 1K
NA12718 HG03098#1#JAHEPM010000059.1_16676208_17105596_0$HG03579#1#JAGYVU010000029.1_91404_499180_0	0.9635223889257823 1K
NA12718 HG02886#2#JAHAOT010000031.1_87393_401061_0$HG02486#2#JAGYVL010000029.1_94163344_94570162_0	0.9635209191878132 1K
NA12718 HG02055#2#JAHEPJ010000017.1_24870122_25298560_1$HG03516#2#JAGYYS010000004.1_24452130_24859892_1	0.9635196098775650 1K
NA12718 HG00621#1#JAHBCD010000034.1_2122997_2624098_1$HG00438#1#JAHBCB010000015.1_33474867_33954171_0	0.9635103336831157 1K
NA12718 HG02080#2#JAHEOV010000017.1_16662177_17164189_0$HG02622#2#JAHAON010000012.1_51551779_52031001_0	0.9635093188291897 1K
NA12718 HG02559#1#JAGYVK010000012.1_51505852_51913611_0$HG03098#1#JAHEPM010000059.1_16676208_17105596_0	0.9635075281682896 1K
NA12718 NA20129#2#JAHEPD010000155.1_90039_569275_0$HG02071.verkko_filt_pat.fa:haplotype2_0000736_102745972_103248026_0	0.9635031669171080 1K
NA12718 HG00741#1#JAHALY010000007.1_18781197_19307680_1$HG03516#2#JAGYYS010000004.1_24452130_24859892_1	0.9634998689951907 1K
NA12718 HG00438#2#JAHBCA010000012.1_51513023_51826723_0$HG01358#1#JAGYZB010000020.1_27445742_27855492_1	0.9634943788345293 1K
NA12718 AV_HG01361#haplotype1#0000023:101593539_102001341$HG01891#1#JAGYVO010000014.1_22855818_23168577_1	0.9634904638403194 1K
NA12718 HG02886#2#JAHAOT010000031.1_87393_401061_0$HG02300.verkko_filt_mat.fa:haplotype1_0000028_144052837_144460586_1	0.9634815828765805 1K
NA12718 HG00741#1#JAHALY010000007.1_18781197_19307680_1$HG02559#1#JAGYVK010000012.1_51505852_51913611_0	0.9634812442263728 1K
NA12718 HG03516#2#JAGYYS010000004.1_24452130_24859892_1$HG02809.verkko_filt_mat.fa:haplotype1_0000023_94161320_94589755_0	0.9634712675002506 1K
NA12718 NA18906#2#JAHEON010000009.1_93748295_94249275_0$HG01258#2#JAGYYU010000072.1_51562603_51970395_0	0.9634706399190793 1K
NA12718 HG03516#1#JAGYYT010000012.1_24170958_24578778_1$HG01891#1#JAGYVO010000014.1_22855818_23168577_1	0.9634686733631347 1K
NA12718 HG02559#1#JAGYVK010000012.1_51505852_51913611_0$HG02055#2#JAHEPJ010000017.1_24870122_25298560_1	0.9634645124951906 1K
NA12718 AV_HG01106#haplotype2#0000932:16673968_17175925$HG03453#1#JAGYVW010000157.1_2105722_2585000_1	0.9634634883948660 1K
NA12718 HG02818#2#JAHEOR010000010.1_31775319_32183091_1$HG00741#1#JAHALY010000007.1_18781197_19307680_1	0.9634626529182949 1K
NA12718 HG03516#2#JAGYYS010000004.1_24452130_24859892_1$HG01891#1#JAGYVO010000014.1_22855818_23168577_1	0.9634594997602836 1K
NA12718 HG02559#1#JAGYVK010000012.1_51505852_51913611_0$HG02647.verkko_filt_pat.fa:haplotype2_0000857_103738150_104051769_0	0.9634437162081134 1K
NA12718 AV_HG00673#haplotype2#0001165:24014011_24421797$HG00741#1#JAHALY010000007.1_18781197_19307680_1	0.9634423125785460 1K
NA12718 AV_HG01361#haplotype1#0000023:101593539_102001341$HG02109#2#JAHEPF010000078.1_16678387_16991144_0	0.9634364794715623 1K
NA12718 HG02886#2#JAHAOT010000031.1_87393_401061_0$HG00741#2#JAHALX010000013.1_51574319_51981226_0	0.9634352797888890 1K
NA12718 HG03098#1#JAHEPM010000059.1_16676208_17105596_0$NA19240#1#JAHEOM010000047.1_30103390_30511199_1	0.9634211988428564 1K
NA12718 AV_HG00673#haplotype2#0001165:24014011_24421797$HG02647.verkko_filt_mat.fa:haplotype1_0000002_103892584_104321036_0	0.9634202001423553 1K
NA12718 HG02818#2#JAHEOR010000010.1_31775319_32183091_1$HG03098#1#JAHEPM010000059.1_16676208_17105596_0	0.9634193972022707 1K
NA12718 HG03516#2#JAGYYS010000004.1_24452130_24859892_1$HG02647.verkko_filt_mat.fa:haplotype1_0000002_103892584_104321036_0	0.9634146559962671 1K
NA12718 HG02055#2#JAHEPJ010000017.1_24870122_25298560_1$HG03579#1#JAGYVU010000029.1_91404_499180_0	0.9634139352021920 1K
NA12718 HG02559#1#JAGYVK010000012.1_51505852_51913611_0$HG01891#1#JAGYVO010000014.1_22855818_23168577_1	0.9634120777134580 1K
NA12718 HG02559#1#JAGYVK010000012.1_51505852_51913611_0$HG03579#2#JAGYVT010000094.1_51581892_51895531_0	0.9634048673859633 1K
NA12718 AV_HG01361#haplotype2#0001322:101872897_102186552$HG00741#2#JAHALX010000013.1_51574319_51981226_0	0.9634034324461649 1K
NA12718 NA19240#1#JAHEOM010000047.1_30103390_30511199_1$HG02647.verkko_filt_mat.fa:haplotype1_0000002_103892584_104321036_0	0.9634032007081449 1K
NA12718 AV_HG00673#haplotype2#0001165:24014011_24421797$HG02055#2#JAHEPJ010000017.1_24870122_25298560_1	0.9634011646796719 1K
NA12718 HG02080#2#JAHEOV010000017.1_16662177_17164189_0$HG03486#2#JAHEOP010000248.1_2105565_2584784_1	0.9634009835990428 1K
NA12718 AV_HG00673#haplotype2#0001165:24014011_24421797$HG02647.verkko_filt_pat.fa:haplotype2_0000857_103738150_104051769_0	0.9633990682436393 1K
NA12718 HG02818#2#JAHEOR010000010.1_31775319_32183091_1$HG02647.verkko_filt_mat.fa:haplotype1_0000002_103892584_104321036_0	0.9633928294983621 1K
NA12718 HG02559#1#JAGYVK010000012.1_51505852_51913611_0$HG02647.verkko_filt_mat.fa:haplotype1_0000002_103892584_104321036_0	0.9633923170961147 1K
NA12718 HG03486#2#JAHEOP010000248.1_2105565_2584784_1$HG02071.verkko_filt_pat.fa:haplotype2_0000736_102745972_103248026_0	0.9633889569284112 1K
NA12718 AV_HG00673#haplotype2#0001165:24014011_24421797$HG02809.verkko_filt_mat.fa:haplotype1_0000023_94161320_94589755_0	0.9633853401532533 1K
NA12718 AV_HG01361#haplotype2#0001322:101872897_102186552$NA19240#2#JAHEOL010000010.1_37445323_37853017_0	0.9633813450692733 1K
NA12718 HG03516#1#JAGYYT010000012.1_24170958_24578778_1$HG02109#2#JAHEPF010000078.1_16678387_16991144_0	0.9633785457568720 1K
NA12718 HG03492#2#JAHEPH010000288.1_2098270_2432686_1$chr1_chm13_103304997_103901127_0	0.9633721855633797 1K
NA12718 HG00741#1#JAHALY010000007.1_18781197_19307680_1$NA19240#1#JAHEOM010000047.1_30103390_30511199_1	0.9633719895124083 1K
NA12718 HG03453#1#JAGYVW010000157.1_2105722_2585000_1$HG01978#1#JAGYVS010000002.1_51519970_52021951_0	0.9633666118045090 1K
NA12718 HG03579#1#JAGYVU010000029.1_91404_499180_0$HG02647.verkko_filt_mat.fa:haplotype1_0000002_103892584_104321036_0	0.9633582597454587 1K
NA12718 HG02818#2#JAHEOR010000010.1_31775319_32183091_1$HG02055#2#JAHEPJ010000017.1_24870122_25298560_1	0.9633504907076709 1K
NA12718 AV_HG01106#haplotype1#0000048:16666181_17262214$HG02647.verkko_filt_mat.fa:haplotype1_0000002_103892584_104321036_0	0.9633504065104956 1K
NA12718 HG00741#1#JAHALY010000007.1_18781197_19307680_1$HG03579#1#JAGYVU010000029.1_91404_499180_0	0.9633459827559172 1K
NA12718 HG02559#1#JAGYVK010000012.1_51505852_51913611_0$HG02809.verkko_filt_mat.fa:haplotype1_0000023_94161320_94589755_0	0.9633424899175013 1K
NA12718 NA18906#2#JAHEON010000009.1_93748295_94249275_0$HG02486#2#JAGYVL010000029.1_94163344_94570162_0	0.9633381677157182 1K
NA12718 AV_HG00673#haplotype2#0001165:24014011_24421797$HG03579#2#JAGYVT010000094.1_51581892_51895531_0	0.9633352813377160 1K
NA12718 HG02055#2#JAHEPJ010000017.1_24870122_25298560_1$NA19240#1#JAHEOM010000047.1_30103390_30511199_1	0.9633278991877442 1K
NA12718 AV_HG00673#haplotype2#0001165:24014011_24421797$HG01891#1#JAGYVO010000014.1_22855818_23168577_1	0.9633185365626593 1K
NA12718 AV_HG02257#haplotype2#0001152:102843493_103251377$HG01123#2#JAGYYY010000006.1_51579630_51892388_0	0.9633183940613105 1K
NA12718 HG02886#1#JAHAOU010000178.1_62411_469262_0$HG02886#2#JAHAOT010000031.1_87393_401061_0	0.9633053268979734 1K
NA12718 HG03579#1#JAGYVU010000029.1_91404_499180_0$HG02809.verkko_filt_mat.fa:haplotype1_0000023_94161320_94589755_0	0.9633000222850417 1K
NA12718 HG01243#1#JAHEOY010000013.1_90081_424495_0$chr1_chm13_103304997_103901127_0	0.9632839307357021 1K
NA12718 NA19240#1#JAHEOM010000047.1_30103390_30511199_1$HG02647.verkko_filt_pat.fa:haplotype2_0000857_103738150_104051769_0	0.9632600260914462 1K
NA12718 HG03579#1#JAGYVU010000029.1_91404_499180_0$HG01891#1#JAGYVO010000014.1_22855818_23168577_1	0.9632530930986272 1K
NA12718 HG02886#1#JAHAOU010000178.1_62411_469262_0$NA18906#2#JAHEON010000009.1_93748295_94249275_0	0.9632527925090094 1K
NA12718 NA19240#1#JAHEOM010000047.1_30103390_30511199_1$HG01891#1#JAGYVO010000014.1_22855818_23168577_1	0.9632525893972583 1K
NA12718 HG02818#2#JAHEOR010000010.1_31775319_32183091_1$HG02809.verkko_filt_mat.fa:haplotype1_0000023_94161320_94589755_0	0.9632373689734935 1K
NA12718 NA20129#2#JAHEPD010000155.1_90039_569275_0$HG04228.verkko_filt_mat.fa:haplotype1_0000023_103429213_103930285_0	0.9632360757981023 1K
NA12718 HG03098#2#JAHEPL010000003.1_93803759_94117426_0$HG02486#2#JAGYVL010000029.1_94163344_94570162_0	0.9632354457529552 1K
NA12718 HG02818#2#JAHEOR010000010.1_31775319_32183091_1$HG02109#2#JAHEPF010000078.1_16678387_16991144_0	0.9632346753598542 1K
NA12718 HG03579#2#JAGYVT010000094.1_51581892_51895531_0$NA19240#1#JAHEOM010000047.1_30103390_30511199_1	0.9632336634862861 1K
NA12718 HG03579#1#JAGYVU010000029.1_91404_499180_0$HG02647.verkko_filt_pat.fa:haplotype2_0000857_103738150_104051769_0	0.9632110492447963 1K
NA12718 HG02622#2#JAHAON010000012.1_51551779_52031001_0$HG04228.verkko_filt_mat.fa:haplotype1_0000023_103429213_103930285_0	0.9632106468934691 1K
NA12718 AV_HG01361#haplotype1#0000023:101593539_102001341$AV_HG01361#haplotype2#0001322:101872897_102186552	0.9632010136071919 1K
NA12718 AV_HG01106#haplotype1#0000048:16666181_17262214$HG02055#2#JAHEPJ010000017.1_24870122_25298560_1	0.9631960081565304 1K
NA12718 HG01123#2#JAGYYY010000006.1_51579630_51892388_0$HG02622#1#JAHAOO010000002.1_16673678_17080663_0	0.9631954088180390 1K
NA12718 AV_HG01361#haplotype2#0001322:101872897_102186552$HG03516#1#JAGYYT010000012.1_24170958_24578778_1	0.9631802042609694 1K
NA12718 HG03098#2#JAHEPL010000003.1_93803759_94117426_0$HG00741#2#JAHALX010000013.1_51574319_51981226_0	0.9631789583392482 1K
NA12718 HG02559#2#JAGYVJ010000037.1_52167780_52574597_1$HG03710.verkko_filt_mat.fa:haplotype1_0000029_102593394_102907063_0	0.9631770780789771 1K
NA12718 HG00741#1#JAHALY010000007.1_18781197_19307680_1$HG02109#1#JAHEPG010000026.1_16673035_17080816_0	0.9631675884705236 1K
NA12718 HG01358#1#JAGYZB010000020.1_27445742_27855492_1$HG002.verkko_filt_pat.fa:haplotype2_0000649_147937390_148315979_1	0.9631619865149149 1K
NA12718 HG03579#2#JAGYVT010000094.1_51581892_51895531_0$HG03579#1#JAGYVU010000029.1_91404_499180_0	0.9631599536533834 1K
NA12718 NA19240#1#JAHEOM010000047.1_30103390_30511199_1$HG02809.verkko_filt_mat.fa:haplotype1_0000023_94161320_94589755_0	0.9631491205310815 1K
NA12718 AV_HG00673#haplotype2#0001165:24014011_24421797$HG02109#2#JAHEPF010000078.1_16678387_16991144_0	0.9631291872313482 1K
NA12718 HG02886#2#JAHAOT010000031.1_87393_401061_0$HG01099.verkko_filt_mat.fa:haplotype1_0000034_142513097_142920876_1	0.9631229111766568 1K
NA12718 AV_HG01106#haplotype1#0000048:16666181_17262214$HG02809.verkko_filt_mat.fa:haplotype1_0000023_94161320_94589755_0	0.9631212689829347 1K
NA12718 HG01123#2#JAGYYY010000006.1_51579630_51892388_0$HG02809.verkko_filt_pat.fa:haplotype2_0001251_103421111_103827972_0	0.9631078412633138 1K
NA12718 HG02109#1#JAHEPG010000026.1_16673035_17080816_0$HG04228.verkko_filt_pat.fa:haplotype2_0000600_103806749_104119491_0	0.9631010304740283 1K
NA12718 HG00621#1#JAHBCD010000034.1_2122997_2624098_1$HG02622#2#JAHAON010000012.1_51551779_52031001_0	0.9630977294054170 1K
NA12718 HG01071#1#JAHBCF010000053.1_26607100_27108065_1$HG03492#1#JAHEPI010000180.1_2103395_2543326_1	0.9630947971617243 1K
NA12718 HG00621#1#JAHBCD010000034.1_2122997_2624098_1$HG03486#2#JAHEOP010000248.1_2105565_2584784_1	0.9630894117373446 1K
NA12718 AV_HG01361#haplotype1#0000023:101593539_102001341$HG02886#2#JAHAOT010000031.1_87393_401061_0	0.9630861908416174 1K
NA12718 HG02886#2#JAHAOT010000031.1_87393_401061_0$NA19240#2#JAHEOL010000010.1_37445323_37853017_0	0.9630826556691022 1K
NA12718 HG00621#1#JAHBCD010000034.1_2122997_2624098_1$NA20129#2#JAHEPD010000155.1_90039_569275_0	0.9630758053351407 1K
NA12718 HG01123#2#JAGYYY010000006.1_51579630_51892388_0$HG02717#2#JAHAOR010000006.1_19663827_20070693_1	0.9630727262413425 1K
NA12718 HG03453#1#JAGYVW010000157.1_2105722_2585000_1$HG02293.verkko_filt_pat.fa:haplotype2_0000836_148310532_148812524_1	0.9630652103668272 1K
NA12718 HG02080#1#JAHEOW010000048.1_16689583_17097287_0$HG02886#2#JAHAOT010000031.1_87393_401061_0	0.9630553439336751 1K
NA12718 AV_HG01361#haplotype2#0001322:101872897_102186552$HG02080#1#JAHEOW010000048.1_16689583_17097287_0	0.9630479019112224 1K
NA12718 HG01123#2#JAGYYY010000006.1_51579630_51892388_0$HG01123#1#JAGYYZ010000015.1_51528240_51935090_0	0.9630399955761938 1K
NA12718 HG03486#2#JAHEOP010000248.1_2105565_2584784_1$HG04228.verkko_filt_mat.fa:haplotype1_0000023_103429213_103930285_0	0.9630325042326124 1K
NA12718 HG01123#2#JAGYYY010000006.1_51579630_51892388_0$HG02818#1#JAHEOS010000101.1_89626_496613_0	0.9630320602618652 1K
NA12718 HG005#1#JAHEPO010000002.1_51519219_51926067_0$HG01123#2#JAGYYY010000006.1_51579630_51892388_0	0.9630229850347074 1K
NA12718 HG03098#2#JAHEPL010000003.1_93803759_94117426_0$HG02886#1#JAHAOU010000178.1_62411_469262_0	0.9630205415938243 1K
NA12718 AV_HG00673#haplotype1#0000019:16627360_17129375$HG03453#1#JAGYVW010000157.1_2105722_2585000_1	0.9630203745408625 1K
NA12718 HG02886#2#JAHAOT010000031.1_87393_401061_0$HG03516#1#JAGYYT010000012.1_24170958_24578778_1	0.9630145671011969 1K
NA12718 HG03516#2#JAGYYS010000004.1_24452130_24859892_1$HG02109#2#JAHEPF010000078.1_16678387_16991144_0	0.9630126104519644 1K
NA12718 HG01123#2#JAGYYY010000006.1_51579630_51892388_0$HG02486#2#JAGYVL010000029.1_94163344_94570162_0	0.9630006603983259 1K
NA12718 HG00741#1#JAHALY010000007.1_18781197_19307680_1$HG01258#2#JAGYYU010000072.1_51562603_51970395_0	0.9629838462605500 1K
NA12718 HG02559#2#JAGYVJ010000037.1_52167780_52574597_1$NA18906#2#JAHEON010000009.1_93748295_94249275_0	0.9629832481294170 1K
NA12718 HG02559#2#JAGYVJ010000037.1_52167780_52574597_1$HG03098#2#JAHEPL010000003.1_93803759_94117426_0	0.9629582462615037 1K
NA12718 HG03453#1#JAGYVW010000157.1_2105722_2585000_1$HG02080#2#JAHEOV010000017.1_16662177_17164189_0	0.9629517907506115 1K
NA12718 HG02559#1#JAGYVK010000012.1_51505852_51913611_0$HG02109#2#JAHEPF010000078.1_16678387_16991144_0	0.9629288071892256 1K
NA12718 HG005#1#JAHEPO010000002.1_51519219_51926067_0$NA18906#2#JAHEON010000009.1_93748295_94249275_0	0.9629200346057163 1K
NA12718 HG03492#1#JAHEPI010000180.1_2103395_2543326_1$HG00733#1#JAHEPQ010000019.1_46106835_46420495_0	0.9629044578450850 1K
NA12718 HG02630#1#JAHAOQ010000102.1_16672145_17079089_0$HG01123#2#JAGYYY010000006.1_51579630_51892388_0	0.9628645903884127 1K
NA12718 HG03453#1#JAGYVW010000157.1_2105722_2585000_1$HG02071.verkko_filt_pat.fa:haplotype2_0000736_102745972_103248026_0	0.9628591327673068 1K
NA12718 HG00741#1#JAHALY010000007.1_18781197_19307680_1$HG02809.verkko_filt_pat.fa:haplotype2_0001251_103421111_103827972_0	0.9628505530205617 1K
NA12718 HG02145#2#JAHKSF010000206.1_1005292_1413195_1$HG03098#1#JAHEPM010000059.1_16676208_17105596_0	0.9628461153061523 1K
NA12718 HG02630#2#JAHAOP010000089.1_16669255_17076135_0$HG03098#2#JAHEPL010000003.1_93803759_94117426_0	0.9628358124225355 1K
NA12718 HG02630#2#JAHAOP010000089.1_16669255_17076135_0$NA18906#2#JAHEON010000009.1_93748295_94249275_0	0.9628333792993025 1K
NA12718 HG01109#1#JAHEPA010000099.1_2104245_2511104_1$HG03098#1#JAHEPM010000059.1_16676208_17105596_0	0.9628322325176502 1K
NA12718 NA19240#1#JAHEOM010000047.1_30103390_30511199_1$HG02109#2#JAHEPF010000078.1_16678387_16991144_0	0.9628316406212384 1K
NA12718 NA18906#2#JAHEON010000009.1_93748295_94249275_0$HG02717#2#JAHAOR010000006.1_19663827_20070693_1	0.9628278465498361 1K
NA12718 AV_HG00673#haplotype2#0001165:24014011_24421797$HG02886#2#JAHAOT010000031.1_87393_401061_0	0.9628187444028027 1K
NA12718 HG01123#2#JAGYYY010000006.1_51579630_51892388_0$NA18906#1#JAHEOO010000054.1_2103477_2510435_1	0.9628166460525313 1K
NA12718 HG00741#1#JAHALY010000007.1_18781197_19307680_1$HG02717#2#JAHAOR010000006.1_19663827_20070693_1	0.9627990161027349 1K
NA12718 HG01123#2#JAGYYY010000006.1_51579630_51892388_0$HG00741#2#JAHALX010000013.1_51574319_51981226_0	0.9627952784995955 1K
NA12718 HG02109#2#JAHEPF010000078.1_16678387_16991144_0$HG03579#1#JAGYVU010000029.1_91404_499180_0	0.9627943182521090 1K
NA12718 HG01123#1#JAGYYZ010000015.1_51528240_51935090_0$NA18906#2#JAHEON010000009.1_93748295_94249275_0	0.9627916212972697 1K
NA12718 HG00741#1#JAHALY010000007.1_18781197_19307680_1$HG01123#1#JAGYYZ010000015.1_51528240_51935090_0	0.9627755092098174 1K
NA12718 HG01123#2#JAGYYY010000006.1_51579630_51892388_0$HG02886#1#JAHAOU010000178.1_62411_469262_0	0.9627730553382011 1K
NA12718 HG03098#1#JAHEPM010000059.1_16676208_17105596_0$NA18906#1#JAHEOO010000054.1_2103477_2510435_1	0.9627685887597153 1K
NA12718 HG02717#1#JAHAOS010000015.1_16660311_17067250_0$HG01123#2#JAGYYY010000006.1_51579630_51892388_0	0.9627358420143154 1K
NA12718 AV_HG02257#haplotype2#0001152:102843493_103251377$HG03098#1#JAHEPM010000059.1_16676208_17105596_0	0.9627236181887189 1K
NA12718 HG03492#1#JAHEPI010000180.1_2103395_2543326_1$HG03927.verkko_filt_pat.fa:haplotype2_0000800_29002142_29504057_1	0.9627101926378826 1K
NA12718 HG03492#1#JAHEPI010000180.1_2103395_2543326_1$HG01099.verkko_filt_pat.fa:haplotype2_0000583_143544270_144046196_1	0.9626871272095210 1K
NA12718 HG00741#1#JAHALY010000007.1_18781197_19307680_1$HG02486#2#JAGYVL010000029.1_94163344_94570162_0	0.9626844067037689 1K
NA12718 HG00741#1#JAHALY010000007.1_18781197_19307680_1$HG005#1#JAHEPO010000002.1_51519219_51926067_0	0.9626524436778123 1K
NA12718 NA18906#2#JAHEON010000009.1_93748295_94249275_0$HG002.verkko_filt_pat.fa:haplotype2_0000649_147937390_148315979_1	0.9626354894815050 1K
NA12718 NA18906#2#JAHEON010000009.1_93748295_94249275_0$HG02809.verkko_filt_pat.fa:haplotype2_0001251_103421111_103827972_0	0.9626149395732937 1K
NA12718 HG03098#2#JAHEPL010000003.1_93803759_94117426_0$HG03516#2#JAGYYS010000004.1_24452130_24859892_1	0.9626116272525906 1K
NA12718 NA18906#2#JAHEON010000009.1_93748295_94249275_0$HG00741#2#JAHALX010000013.1_51574319_51981226_0	0.9626073778963211 1K
NA12718 HG00741#1#JAHALY010000007.1_18781197_19307680_1$HG02559#2#JAGYVJ010000037.1_52167780_52574597_1	0.9625795947558390 1K
NA12718 HG01123#2#JAGYYY010000006.1_51579630_51892388_0$HG02630#2#JAHAOP010000089.1_16669255_17076135_0	0.9625739899511739 1K
NA12718 HG02717#1#JAHAOS010000015.1_16660311_17067250_0$HG03098#1#JAHEPM010000059.1_16676208_17105596_0	0.9625643895286596 1K
NA12718 HG00621#1#JAHBCD010000034.1_2122997_2624098_1$HG03453#1#JAGYVW010000157.1_2105722_2585000_1	0.9625590927752442 1K
NA12718 HG03098#2#JAHEPL010000003.1_93803759_94117426_0$HG03579#1#JAGYVU010000029.1_91404_499180_0	0.9625536444574752 1K
NA12718 HG00741#1#JAHALY010000007.1_18781197_19307680_1$HG02886#1#JAHAOU010000178.1_62411_469262_0	0.9625391676557603 1K
NA12718 HG02630#1#JAHAOQ010000102.1_16672145_17079089_0$HG03098#1#JAHEPM010000059.1_16676208_17105596_0	0.9625379708354327 1K
NA12718 HG03492#1#JAHEPI010000180.1_2103395_2543326_1$HG03540#1#JAGYVY010000208.1_95187_596142_0	0.9624918664177926 1K
NA12718 HG03098#1#JAHEPM010000059.1_16676208_17105596_0$HG02818#1#JAHEOS010000101.1_89626_496613_0	0.9624794058609667 1K
NA12718 HG02486#1#JAGYVM010000007.1_28868414_29370339_1$HG01358#1#JAGYZB010000020.1_27445742_27855492_1	0.9624757604552091 1K
NA12718 HG03492#2#JAHEPH010000288.1_2098270_2432686_1$HG03540#2#JAGYVX010000148.1_1368955_1877115_0	0.9624680268814837 1K
NA12718 HG02818#2#JAHEOR010000010.1_31775319_32183091_1$HG03098#2#JAHEPL010000003.1_93803759_94117426_0	0.9624611242480994 1K
NA12718 HG03098#2#JAHEPL010000003.1_93803759_94117426_0$NA19240#1#JAHEOM010000047.1_30103390_30511199_1	0.9624249256485645 1K
NA12718 AV_HG01106#haplotype1#0000048:16666181_17262214$HG03492#2#JAHEPH010000288.1_2098270_2432686_1	0.9624191741258433 1K
NA12718 HG03540#2#JAGYVX010000148.1_1368955_1877115_0$HG01243#1#JAHEOY010000013.1_90081_424495_0	0.9624159001528263 1K
NA12718 HG00741#1#JAHALY010000007.1_18781197_19307680_1$HG00741#2#JAHALX010000013.1_51574319_51981226_0	0.9624007086694567 1K
NA12718 HG02723#1#JAHEOU010000204.1_2102082_2414876_1$HG02109#1#JAHEPG010000026.1_16673035_17080816_0	0.9624005240007921 1K
NA12718 HG02145#2#JAHKSF010000206.1_1005292_1413195_1$HG04228.verkko_filt_pat.fa:haplotype2_0000600_103806749_104119491_0	0.9623980754358591 1K
NA12718 HG02559#1#JAGYVK010000012.1_51505852_51913611_0$HG03098#2#JAHEPL010000003.1_93803759_94117426_0	0.9623841517228208 1K
NA12718 HG02723#1#JAHEOU010000204.1_2102082_2414876_1$HG01109#1#JAHEPA010000099.1_2104245_2511104_1	0.9623735368934165 1K
NA12718 AV_HG01106#haplotype1#0000048:16666181_17262214$HG01243#1#JAHEOY010000013.1_90081_424495_0	0.9623451202327858 1K
NA12718 HG02559#2#JAGYVJ010000037.1_52167780_52574597_1$HG01123#2#JAGYYY010000006.1_51579630_51892388_0	0.9623173373819108 1K
NA12718 HG02622#1#JAHAOO010000002.1_16673678_17080663_0$HG03098#1#JAHEPM010000059.1_16676208_17105596_0	0.9622786135108710 1K
NA12718 HG01258#2#JAGYYU010000072.1_51562603_51970395_0$HG04228.verkko_filt_pat.fa:haplotype2_0000600_103806749_104119491_0	0.9622524505219341 1K
NA12718 AV_HG00673#haplotype2#0001165:24014011_24421797$AV_HG01361#haplotype2#0001322:101872897_102186552	0.9622510537420458 1K
NA12718 HG03453#1#JAGYVW010000157.1_2105722_2585000_1$HG04228.verkko_filt_mat.fa:haplotype1_0000023_103429213_103930285_0	0.9622254163164060 1K
NA12718 HG00438#2#JAHBCA010000012.1_51513023_51826723_0$HG03492#1#JAHEPI010000180.1_2103395_2543326_1	0.9622214651629826 1K
NA12718 HG00741#1#JAHALY010000007.1_18781197_19307680_1$HG002.verkko_filt_pat.fa:haplotype2_0000649_147937390_148315979_1	0.9622204349526550 1K
NA12718 HG00438#1#JAHBCB010000015.1_33474867_33954171_0$HG03098#1#JAHEPM010000059.1_16676208_17105596_0	0.9621844816078552 1K
NA12718 AV_HG02257#haplotype2#0001152:102843493_103251377$HG04228.verkko_filt_pat.fa:haplotype2_0000600_103806749_104119491_0	0.9621392791883157 1K
NA12718 HG02145#2#JAHKSF010000206.1_1005292_1413195_1$HG02647.verkko_filt_mat.fa:haplotype1_0000002_103892584_104321036_0	0.9621305919886507 1K
NA12718 HG01109#1#JAHEPA010000099.1_2104245_2511104_1$HG04228.verkko_filt_pat.fa:haplotype2_0000600_103806749_104119491_0	0.9620230703893006 1K
NA12718 HG01109#1#JAHEPA010000099.1_2104245_2511104_1$HG02647.verkko_filt_pat.fa:haplotype2_0000857_103738150_104051769_0	0.9620112446822846 1K
NA12718 HG02145#2#JAHKSF010000206.1_1005292_1413195_1$HG02055#2#JAHEPJ010000017.1_24870122_25298560_1	0.9619977144631767 1K
NA12718 AV_HG02257#haplotype2#0001152:102843493_103251377$HG02647.verkko_filt_mat.fa:haplotype1_0000002_103892584_104321036_0	0.9619749661840765 1K
NA12718 HG01109#1#JAHEPA010000099.1_2104245_2511104_1$HG03579#2#JAGYVT010000094.1_51581892_51895531_0	0.9619732914396254 1K
NA12718 HG01109#1#JAHEPA010000099.1_2104245_2511104_1$HG02647.verkko_filt_mat.fa:haplotype1_0000002_103892584_104321036_0	0.9619433752731904 1K
NA12718 HG02145#2#JAHKSF010000206.1_1005292_1413195_1$HG02809.verkko_filt_mat.fa:haplotype1_0000023_94161320_94589755_0	0.9619008689757911 1K
NA12718 AV_HG01361#haplotype2#0001322:101872897_102186552$HG02559#2#JAGYVJ010000037.1_52167780_52574597_1	0.9618974716847123 1K
NA12718 HG01258#1#JAGYYV010000004.1_56955948_57456952_1$HG01109#2#JAHEOZ010000047.1_16671232_17151375_0	0.9618875449197105 1K
NA12718 AV_HG02257#haplotype2#0001152:102843493_103251377$HG02055#2#JAHEPJ010000017.1_24870122_25298560_1	0.9618834067153188 1K
NA12718 HG02559#2#JAGYVJ010000037.1_52167780_52574597_1$HG02886#2#JAHAOT010000031.1_87393_401061_0	0.9618552433183202 1K
NA12718 NA18906#1#JAHEOO010000054.1_2103477_2510435_1$HG04228.verkko_filt_pat.fa:haplotype2_0000600_103806749_104119491_0	0.9618075135141840 1K
NA12718 HG02630#1#JAHAOQ010000102.1_16672145_17079089_0$HG04228.verkko_filt_pat.fa:haplotype2_0000600_103806749_104119491_0	0.9618063994778373 1K
NA12718 HG03492#1#JAHEPI010000180.1_2103395_2543326_1$HG01109#2#JAHEOZ010000047.1_16671232_17151375_0	0.9618006245170608 1K
NA12718 HG02818#1#JAHEOS010000101.1_89626_496613_0$HG04228.verkko_filt_pat.fa:haplotype2_0000600_103806749_104119491_0	0.9617551860257018 1K
NA12718 HG00438#1#JAHBCB010000015.1_33474867_33954171_0$HG03492#1#JAHEPI010000180.1_2103395_2543326_1	0.9617338207846164 1K
NA12718 HG01109#1#JAHEPA010000099.1_2104245_2511104_1$HG02055#2#JAHEPJ010000017.1_24870122_25298560_1	0.9617319643599458 1K
NA12718 HG04228.verkko_filt_pat.fa:haplotype2_0000600_103806749_104119491_0$HG02809.verkko_filt_pat.fa:haplotype2_0001251_103421111_103827972_0	0.9617193009842383 1K
NA12718 HG00438#1#JAHBCB010000015.1_33474867_33954171_0$HG02055#2#JAHEPJ010000017.1_24870122_25298560_1	0.9617182660130856 1K
NA12718 HG02622#1#JAHAOO010000002.1_16673678_17080663_0$HG04228.verkko_filt_pat.fa:haplotype2_0000600_103806749_104119491_0	0.9617142989064998 1K
NA12718 AV_HG02257#haplotype2#0001152:102843493_103251377$HG02809.verkko_filt_mat.fa:haplotype1_0000023_94161320_94589755_0	0.9617046970924007 1K
NA12718 HG00438#1#JAHBCB010000015.1_33474867_33954171_0$HG02647.verkko_filt_mat.fa:haplotype1_0000002_103892584_104321036_0	0.9617010690632545 1K
NA12718 NA18906#1#JAHEOO010000054.1_2103477_2510435_1$HG02647.verkko_filt_mat.fa:haplotype1_0000002_103892584_104321036_0	0.9616908459965471 1K
NA12718 HG00741#1#JAHALY010000007.1_18781197_19307680_1$HG02630#2#JAHAOP010000089.1_16669255_17076135_0	0.9616729158908361 1K
NA12718 HG02723#1#JAHEOU010000204.1_2102082_2414876_1$HG01258#2#JAGYYU010000072.1_51562603_51970395_0	0.9616643923110582 1K
NA12718 HG02717#1#JAHAOS010000015.1_16660311_17067250_0$HG04228.verkko_filt_pat.fa:haplotype2_0000600_103806749_104119491_0	0.9616042818909133 1K
NA12718 NA18906#1#JAHEOO010000054.1_2103477_2510435_1$HG02055#2#JAHEPJ010000017.1_24870122_25298560_1	0.9615903089761334 1K
NA12718 HG02486#2#JAGYVL010000029.1_94163344_94570162_0$HG04228.verkko_filt_pat.fa:haplotype2_0000600_103806749_104119491_0	0.9615485287984227 1K
NA12718 HG00438#1#JAHBCB010000015.1_33474867_33954171_0$HG02809.verkko_filt_mat.fa:haplotype1_0000023_94161320_94589755_0	0.9615406565162923 1K
NA12718 HG02717#1#JAHAOS010000015.1_16660311_17067250_0$HG02647.verkko_filt_mat.fa:haplotype1_0000002_103892584_104321036_0	0.9615359439643888 1K
NA12718 HG02630#1#JAHAOQ010000102.1_16672145_17079089_0$HG02647.verkko_filt_mat.fa:haplotype1_0000002_103892584_104321036_0	0.9615094993867831 1K
NA12718 NA18906#1#JAHEOO010000054.1_2103477_2510435_1$HG02809.verkko_filt_mat.fa:haplotype1_0000023_94161320_94589755_0	0.9614847660117213 1K
NA12718 HG01071#1#JAHBCF010000053.1_26607100_27108065_1$HG01109#2#JAHEOZ010000047.1_16671232_17151375_0	0.9614846479689140 1K
NA12718 HG03098#1#JAHEPM010000059.1_16676208_17105596_0$HG01258#2#JAGYYU010000072.1_51562603_51970395_0	0.9614615507659997 1K
NA12718 HG02622#1#JAHAOO010000002.1_16673678_17080663_0$HG02647.verkko_filt_mat.fa:haplotype1_0000002_103892584_104321036_0	0.9614548644777647 1K
NA12718 HG01109#1#JAHEPA010000099.1_2104245_2511104_1$HG01891#1#JAGYVO010000014.1_22855818_23168577_1	0.9614420525182578 1K
NA12718 HG02630#1#JAHAOQ010000102.1_16672145_17079089_0$HG02055#2#JAHEPJ010000017.1_24870122_25298560_1	0.9614339862559645 1K
NA12718 HG02818#1#JAHEOS010000101.1_89626_496613_0$HG02647.verkko_filt_mat.fa:haplotype1_0000002_103892584_104321036_0	0.9614263690902152 1K
NA12718 HG01109#1#JAHEPA010000099.1_2104245_2511104_1$HG02809.verkko_filt_mat.fa:haplotype1_0000023_94161320_94589755_0	0.9614258130058111 1K
NA12718 HG02109#1#JAHEPG010000026.1_16673035_17080816_0$HG02647.verkko_filt_mat.fa:haplotype1_0000002_103892584_104321036_0	0.9613994555342437 1K
NA12718 AV_HG01106#haplotype2#0000932:16673968_17175925$HG00741#1#JAHALY010000007.1_18781197_19307680_1	0.9613960624885890 1K
NA12718 HG02109#1#JAHEPG010000026.1_16673035_17080816_0$HG02055#2#JAHEPJ010000017.1_24870122_25298560_1	0.9613908920895442 1K
NA12718 HG02717#2#JAHAOR010000006.1_19663827_20070693_1$HG04228.verkko_filt_pat.fa:haplotype2_0000600_103806749_104119491_0	0.9613817460111223 1K
NA12718 HG00438#1#JAHBCB010000015.1_33474867_33954171_0$HG01109#2#JAHEOZ010000047.1_16671232_17151375_0	0.9613799077188219 1K
NA12718 HG01109#2#JAHEOZ010000047.1_16671232_17151375_0$HG02647.verkko_filt_mat.fa:haplotype1_0000002_103892584_104321036_0	0.9613751095952809 1K
NA12718 HG02055#2#JAHEPJ010000017.1_24870122_25298560_1$HG02818#1#JAHEOS010000101.1_89626_496613_0	0.9613682757305156 1K
NA12718 HG02109#1#JAHEPG010000026.1_16673035_17080816_0$HG03098#1#JAHEPM010000059.1_16676208_17105596_0	0.9613638001022354 1K
NA12718 HG02886#1#JAHAOU010000178.1_62411_469262_0$HG04228.verkko_filt_pat.fa:haplotype2_0000600_103806749_104119491_0	0.9613218599173845 1K
NA12718 HG03098#1#JAHEPM010000059.1_16676208_17105596_0$HG01109#2#JAHEOZ010000047.1_16671232_17151375_0	0.9613196771071270 1K
NA12718 HG03098#1#JAHEPM010000059.1_16676208_17105596_0$HG02717#2#JAHAOR010000006.1_19663827_20070693_1	0.9613093867358563 1K
NA12718 HG03492#1#JAHEPI010000180.1_2103395_2543326_1$HG02486#1#JAGYVM010000007.1_28868414_29370339_1	0.9613057988669436 1K
NA12718 HG03098#1#JAHEPM010000059.1_16676208_17105596_0$HG02809.verkko_filt_pat.fa:haplotype2_0001251_103421111_103827972_0	0.9612924332421647 1K
NA12718 HG02109#1#JAHEPG010000026.1_16673035_17080816_0$HG02809.verkko_filt_mat.fa:haplotype1_0000023_94161320_94589755_0	0.9612867825210467 1K
NA12718 HG02622#1#JAHAOO010000002.1_16673678_17080663_0$HG02055#2#JAHEPJ010000017.1_24870122_25298560_1	0.9612833755935888 1K
NA12718 HG02717#1#JAHAOS010000015.1_16660311_17067250_0$HG02055#2#JAHEPJ010000017.1_24870122_25298560_1	0.9612795264956329 1K
NA12718 HG01123#1#JAGYYZ010000015.1_51528240_51935090_0$HG03098#1#JAHEPM010000059.1_16676208_17105596_0	0.9612757399710418 1K
NA12718 HG02630#2#JAHAOP010000089.1_16669255_17076135_0$HG04228.verkko_filt_pat.fa:haplotype2_0000600_103806749_104119491_0	0.9612643572951245 1K
NA12718 HG02630#1#JAHAOQ010000102.1_16672145_17079089_0$HG02809.verkko_filt_mat.fa:haplotype1_0000023_94161320_94589755_0	0.9612383641328525 1K
NA12718 HG00741#1#JAHALY010000007.1_18781197_19307680_1$HG01978#1#JAGYVS010000002.1_51519970_52021951_0	0.9612349520026827 1K
NA12718 HG01109#1#JAHEPA010000099.1_2104245_2511104_1$HG03540#2#JAGYVX010000148.1_1368955_1877115_0	0.9612341586919000 1K
NA12718 HG005#1#JAHEPO010000002.1_51519219_51926067_0$HG04228.verkko_filt_pat.fa:haplotype2_0000600_103806749_104119491_0	0.9612110092423563 1K
NA12718 HG01109#1#JAHEPA010000099.1_2104245_2511104_1$HG02109#2#JAHEPF010000078.1_16678387_16991144_0	0.9611948887386621 1K
NA12718 HG01123#1#JAGYYZ010000015.1_51528240_51935090_0$HG04228.verkko_filt_pat.fa:haplotype2_0000600_103806749_104119491_0	0.9611775023765116 1K
NA12718 HG02818#1#JAHEOS010000101.1_89626_496613_0$HG02809.verkko_filt_mat.fa:haplotype1_0000023_94161320_94589755_0	0.9611737864444405 1K
NA12718 HG01109#2#JAHEOZ010000047.1_16671232_17151375_0$HG02055#2#JAHEPJ010000017.1_24870122_25298560_1	0.9611666606212076 1K
NA12718 HG03540#2#JAGYVX010000148.1_1368955_1877115_0$HG02300.verkko_filt_mat.fa:haplotype1_0000028_144052837_144460586_1	0.9611214461997064 1K
NA12718 HG03098#1#JAHEPM010000059.1_16676208_17105596_0$HG02486#2#JAGYVL010000029.1_94163344_94570162_0	0.9611188300060670 1K
NA12718 HG02717#1#JAHAOS010000015.1_16660311_17067250_0$HG02809.verkko_filt_mat.fa:haplotype1_0000023_94161320_94589755_0	0.9611005844357258 1K
NA12718 NA18906#2#JAHEON010000009.1_93748295_94249275_0$HG01358#1#JAGYZB010000020.1_27445742_27855492_1	0.9610979924505095 1K
NA12718 HG01358#1#JAGYZB010000020.1_27445742_27855492_1$HG02293.verkko_filt_mat.fa:haplotype1_0000039_30204405_30517145_1	0.9610889890904359 1K
NA12718 HG02145#2#JAHKSF010000206.1_1005292_1413195_1$HG03540#2#JAGYVX010000148.1_1368955_1877115_0	0.9610741696869335 1K
NA12718 HG03540#2#JAGYVX010000148.1_1368955_1877115_0$NA18906#1#JAHEOO010000054.1_2103477_2510435_1	0.9610684859805924 1K
NA12718 HG03540#2#JAGYVX010000148.1_1368955_1877115_0$NA19240#2#JAHEOL010000010.1_37445323_37853017_0	0.9610533269534098 1K
NA12718 HG005#1#JAHEPO010000002.1_51519219_51926067_0$HG03098#1#JAHEPM010000059.1_16676208_17105596_0	0.9610511473292387 1K
NA12718 HG01109#2#JAHEOZ010000047.1_16671232_17151375_0$HG02809.verkko_filt_mat.fa:haplotype1_0000023_94161320_94589755_0	0.9610285260352249 1K
NA12718 HG02080#1#JAHEOW010000048.1_16689583_17097287_0$HG03540#2#JAGYVX010000148.1_1368955_1877115_0	0.9610069824731965 1K
NA12718 HG02622#1#JAHAOO010000002.1_16673678_17080663_0$HG02809.verkko_filt_mat.fa:haplotype1_0000023_94161320_94589755_0	0.9609842634020687 1K
NA12718 HG03540#2#JAGYVX010000148.1_1368955_1877115_0$HG01099.verkko_filt_mat.fa:haplotype1_0000034_142513097_142920876_1	0.9609716317284495 1K
NA12718 HG02723#1#JAHEOU010000204.1_2102082_2414876_1$HG01123#1#JAGYYZ010000015.1_51528240_51935090_0	0.9609558682927305 1K
NA12718 HG00438#1#JAHBCB010000015.1_33474867_33954171_0$HG01258#1#JAGYYV010000004.1_56955948_57456952_1	0.9609462304605424 1K
NA12718 HG02886#1#JAHAOU010000178.1_62411_469262_0$HG03098#1#JAHEPM010000059.1_16676208_17105596_0	0.9609349545478559 1K
NA12718 HG02723#1#JAHEOU010000204.1_2102082_2414876_1$HG02145#2#JAHKSF010000206.1_1005292_1413195_1	0.9609280310970840 1K
NA12718 HG02630#1#JAHAOQ010000102.1_16672145_17079089_0$HG03540#2#JAGYVX010000148.1_1368955_1877115_0	0.9609112523288386 1K
NA12718 AV_HG02257#haplotype2#0001152:102843493_103251377$HG03540#2#JAGYVX010000148.1_1368955_1877115_0	0.9609091263161160 1K
NA12718 HG02723#1#JAHEOU010000204.1_2102082_2414876_1$HG02809.verkko_filt_pat.fa:haplotype2_0001251_103421111_103827972_0	0.9608362157971252 1K
NA12718 HG03540#2#JAGYVX010000148.1_1368955_1877115_0$HG03927.verkko_filt_mat.fa:haplotype1_0000009_134765170_135173010_1	0.9608330374028067 1K
NA12718 HG03098#1#JAHEPM010000059.1_16676208_17105596_0$HG00741#2#JAHALX010000013.1_51574319_51981226_0	0.9608299763024724 1K
NA12718 HG00438#1#JAHBCB010000015.1_33474867_33954171_0$HG01071#1#JAHBCF010000053.1_26607100_27108065_1	0.9608220059666455 1K
NA12718 HG02723#1#JAHEOU010000204.1_2102082_2414876_1$HG02717#2#JAHAOR010000006.1_19663827_20070693_1	0.9608184699060022 1K
NA12718 HG03540#2#JAGYVX010000148.1_1368955_1877115_0$HG02818#1#JAHEOS010000101.1_89626_496613_0	0.9608155076217780 1K
NA12718 HG03540#2#JAGYVX010000148.1_1368955_1877115_0$HG03516#1#JAGYYT010000012.1_24170958_24578778_1	0.9607976880086927 1K
NA12718 HG02723#1#JAHEOU010000204.1_2102082_2414876_1$HG005#1#JAHEPO010000002.1_51519219_51926067_0	0.9607822387938140 1K
NA12718 HG02717#1#JAHAOS010000015.1_16660311_17067250_0$HG03540#2#JAGYVX010000148.1_1368955_1877115_0	0.9607553229218128 1K
NA12718 AV_HG01361#haplotype1#0000023:101593539_102001341$HG03540#2#JAGYVX010000148.1_1368955_1877115_0	0.9607460997531803 1K
NA12718 HG01258#2#JAGYYU010000072.1_51562603_51970395_0$HG02647.verkko_filt_mat.fa:haplotype1_0000002_103892584_104321036_0	0.9607102349535646 1K
NA12718 HG02055#2#JAHEPJ010000017.1_24870122_25298560_1$HG01258#2#JAGYYU010000072.1_51562603_51970395_0	0.9607030151463298 1K
NA12718 HG02109#1#JAHEPG010000026.1_16673035_17080816_0$HG02109#2#JAHEPF010000078.1_16678387_16991144_0	0.9606678388519074 1K
NA12718 HG03492#1#JAHEPI010000180.1_2103395_2543326_1$HG02293.verkko_filt_mat.fa:haplotype1_0000039_30204405_30517145_1	0.9606597189686815 1K
NA12718 HG00438#1#JAHBCB010000015.1_33474867_33954171_0$HG03486#2#JAHEOP010000248.1_2105565_2584784_1	0.9606489935100031 1K
NA12718 HG02723#1#JAHEOU010000204.1_2102082_2414876_1$HG02486#2#JAGYVL010000029.1_94163344_94570162_0	0.9606149759815809 1K
NA12718 HG03540#2#JAGYVX010000148.1_1368955_1877115_0$HG03516#2#JAGYYS010000004.1_24452130_24859892_1	0.9606149379610172 1K
NA12718 HG00741#2#JAHALX010000013.1_51574319_51981226_0$HG04228.verkko_filt_pat.fa:haplotype2_0000600_103806749_104119491_0	0.9606083677151349 1K
NA12718 HG00741#1#JAHALY010000007.1_18781197_19307680_1$HG02293.verkko_filt_pat.fa:haplotype2_0000836_148310532_148812524_1	0.9606044031439729 1K
NA12718 HG02622#1#JAHAOO010000002.1_16673678_17080663_0$HG03540#2#JAGYVX010000148.1_1368955_1877115_0	0.9606033131540975 1K
NA12718 AV_HG02257#haplotype2#0001152:102843493_103251377$HG02647.verkko_filt_pat.fa:haplotype2_0000857_103738150_104051769_0	0.9605888401578931 1K
NA12718 HG00741#1#JAHALY010000007.1_18781197_19307680_1$HG00438#2#JAHBCA010000012.1_51513023_51826723_0	0.9605877020092930 1K
NA12718 AV_HG00673#haplotype2#0001165:24014011_24421797$HG03540#2#JAGYVX010000148.1_1368955_1877115_0	0.9605823052674013 1K
NA12718 HG02818#2#JAHEOR010000010.1_31775319_32183091_1$HG03540#2#JAGYVX010000148.1_1368955_1877115_0	0.9605774677911837 1K
NA12718 HG02109#1#JAHEPG010000026.1_16673035_17080816_0$HG02647.verkko_filt_pat.fa:haplotype2_0000857_103738150_104051769_0	0.9605578779447536 1K
NA12718 HG03579#2#JAGYVT010000094.1_51581892_51895531_0$HG02109#1#JAHEPG010000026.1_16673035_17080816_0	0.9605563954910681 1K
NA12718 AV_HG02257#haplotype2#0001152:102843493_103251377$HG03579#2#JAGYVT010000094.1_51581892_51895531_0	0.9605506208971198 1K
NA12718 NA18906#1#JAHEOO010000054.1_2103477_2510435_1$HG02647.verkko_filt_pat.fa:haplotype2_0000857_103738150_104051769_0	0.9605491967176026 1K
NA12718 AV_HG00673#haplotype1#0000019:16627360_17129375$HG00741#1#JAHALY010000007.1_18781197_19307680_1	0.9605317915833725 1K
NA12718 HG00741#1#JAHALY010000007.1_18781197_19307680_1$HG00733#1#JAHEPQ010000019.1_46106835_46420495_0	0.9605225744865561 1K
NA12718 HG01258#2#JAGYYU010000072.1_51562603_51970395_0$HG02809.verkko_filt_mat.fa:haplotype1_0000023_94161320_94589755_0	0.9605187916460227 1K
NA12718 HG02559#2#JAGYVJ010000037.1_52167780_52574597_1$HG03098#1#JAHEPM010000059.1_16676208_17105596_0	0.9605183098535052 1K
NA12718 HG02559#1#JAGYVK010000012.1_51505852_51913611_0$HG03540#2#JAGYVX010000148.1_1368955_1877115_0	0.9605167345000420 1K
NA12718 AV_HG02257#haplotype2#0001152:102843493_103251377$HG02723#1#JAHEOU010000204.1_2102082_2414876_1	0.9605117211551435 1K
NA12718 HG03579#2#JAGYVT010000094.1_51581892_51895531_0$NA18906#1#JAHEOO010000054.1_2103477_2510435_1	0.9605105989558812 1K
NA12718 HG02145#2#JAHKSF010000206.1_1005292_1413195_1$HG02647.verkko_filt_pat.fa:haplotype2_0000857_103738150_104051769_0	0.9605045860256810 1K
NA12718 AV_HG02257#haplotype2#0001152:102843493_103251377$HG01891#1#JAGYVO010000014.1_22855818_23168577_1	0.9604949187289659 1K
NA12718 HG00741#1#JAHALY010000007.1_18781197_19307680_1$HG04228.verkko_filt_mat.fa:haplotype1_0000023_103429213_103930285_0	0.9604894343521824 1K
NA12718 HG00741#1#JAHALY010000007.1_18781197_19307680_1$HG02080#2#JAHEOV010000017.1_16662177_17164189_0	0.9604843571362696 1K
NA12718 HG02109#1#JAHEPG010000026.1_16673035_17080816_0$HG03540#2#JAGYVX010000148.1_1368955_1877115_0	0.9604701439641425 1K
NA12718 HG02145#2#JAHKSF010000206.1_1005292_1413195_1$HG02109#2#JAHEPF010000078.1_16678387_16991144_0	0.9604678094851661 1K
NA12718 HG02145#2#JAHKSF010000206.1_1005292_1413195_1$HG03579#2#JAGYVT010000094.1_51581892_51895531_0	0.9604541733569045 1K
NA12718 NA20129#2#JAHEPD010000155.1_90039_569275_0$HG03492#1#JAHEPI010000180.1_2103395_2543326_1	0.9604439206810165 1K
NA12718 HG02145#2#JAHKSF010000206.1_1005292_1413195_1$HG01891#1#JAGYVO010000014.1_22855818_23168577_1	0.9604228655269584 1K
NA12718 HG02723#1#JAHEOU010000204.1_2102082_2414876_1$HG00741#2#JAHALX010000013.1_51574319_51981226_0	0.9603991994286908 1K
NA12718 HG00741#1#JAHALY010000007.1_18781197_19307680_1$HG02071.verkko_filt_pat.fa:haplotype2_0000736_102745972_103248026_0	0.9603973065967077 1K
NA12718 HG02723#1#JAHEOU010000204.1_2102082_2414876_1$HG02886#1#JAHAOU010000178.1_62411_469262_0	0.9603645576851189 1K
NA12718 HG02723#1#JAHEOU010000204.1_2102082_2414876_1$NA18906#1#JAHEOO010000054.1_2103477_2510435_1	0.9603593289937498 1K
NA12718 HG02818#1#JAHEOS010000101.1_89626_496613_0$HG02647.verkko_filt_pat.fa:haplotype2_0000857_103738150_104051769_0	0.9603517019310561 1K
NA12718 HG02622#1#JAHAOO010000002.1_16673678_17080663_0$HG02647.verkko_filt_pat.fa:haplotype2_0000857_103738150_104051769_0	0.9603498744239124 1K
NA12718 HG03540#2#JAGYVX010000148.1_1368955_1877115_0$NA19240#1#JAHEOM010000047.1_30103390_30511199_1	0.9603478779783583 1K
NA12718 HG00621#1#JAHBCD010000034.1_2122997_2624098_1$HG00741#1#JAHALY010000007.1_18781197_19307680_1	0.9603394258283710 1K
NA12718 HG03540#2#JAGYVX010000148.1_1368955_1877115_0$HG03579#1#JAGYVU010000029.1_91404_499180_0	0.9603370326586910 1K
NA12718 HG03579#2#JAGYVT010000094.1_51581892_51895531_0$HG02622#1#JAHAOO010000002.1_16673678_17080663_0	0.9603364588758091 1K
NA12718 AV_HG02257#haplotype2#0001152:102843493_103251377$HG02109#2#JAHEPF010000078.1_16678387_16991144_0	0.9603319016651920 1K
NA12718 NA20129#2#JAHEPD010000155.1_90039_569275_0$HG03098#1#JAHEPM010000059.1_16676208_17105596_0	0.9603221025333728 1K
NA12718 HG02109#1#JAHEPG010000026.1_16673035_17080816_0$HG01891#1#JAGYVO010000014.1_22855818_23168577_1	0.9603171831578287 1K
NA12718 HG02630#1#JAHAOQ010000102.1_16672145_17079089_0$HG03579#2#JAGYVT010000094.1_51581892_51895531_0	0.9603133836081956 1K
NA12718 HG02630#1#JAHAOQ010000102.1_16672145_17079089_0$HG02647.verkko_filt_pat.fa:haplotype2_0000857_103738150_104051769_0	0.9603028155766504 1K
NA12718 HG02622#2#JAHAON010000012.1_51551779_52031001_0$HG03492#1#JAHEPI010000180.1_2103395_2543326_1	0.9602749660805220 1K
NA12718 HG02647.verkko_filt_mat.fa:haplotype1_0000002_103892584_104321036_0$HG02809.verkko_filt_pat.fa:haplotype2_0001251_103421111_103827972_0	0.9602711692935015 1K
NA12718 HG03579#2#JAGYVT010000094.1_51581892_51895531_0$HG02818#1#JAHEOS010000101.1_89626_496613_0	0.9602646284251801 1K
NA12718 HG02630#2#JAHAOP010000089.1_16669255_17076135_0$HG03098#1#JAHEPM010000059.1_16676208_17105596_0	0.9602545084004485 1K
NA12718 HG02717#1#JAHAOS010000015.1_16660311_17067250_0$HG03579#2#JAGYVT010000094.1_51581892_51895531_0	0.9602097151717692 1K
NA12718 HG02723#1#JAHEOU010000204.1_2102082_2414876_1$HG02630#2#JAHAOP010000089.1_16669255_17076135_0	0.9602030811050751 1K
NA12718 HG02717#1#JAHAOS010000015.1_16660311_17067250_0$HG02647.verkko_filt_pat.fa:haplotype2_0000857_103738150_104051769_0	0.9601991174532493 1K
NA12718 HG02717#2#JAHAOR010000006.1_19663827_20070693_1$HG02647.verkko_filt_mat.fa:haplotype1_0000002_103892584_104321036_0	0.9601738250191981 1K
NA12718 HG02055#2#JAHEPJ010000017.1_24870122_25298560_1$HG02809.verkko_filt_pat.fa:haplotype2_0001251_103421111_103827972_0	0.9601652336995210 1K
NA12718 HG02622#2#JAHAON010000012.1_51551779_52031001_0$HG03098#1#JAHEPM010000059.1_16676208_17105596_0	0.9601576951246827 1K
NA12718 HG02723#1#JAHEOU010000204.1_2102082_2414876_1$HG02630#1#JAHAOQ010000102.1_16672145_17079089_0	0.9601506316699076 1K
NA12718 HG02723#1#JAHEOU010000204.1_2102082_2414876_1$HG02717#1#JAHAOS010000015.1_16660311_17067250_0	0.9601328809321351 1K
NA12718 HG02723#1#JAHEOU010000204.1_2102082_2414876_1$HG02818#1#JAHEOS010000101.1_89626_496613_0	0.9601042433829809 1K
NA12718 HG02809.verkko_filt_mat.fa:haplotype1_0000023_94161320_94589755_0$HG02809.verkko_filt_pat.fa:haplotype2_0001251_103421111_103827972_0	0.9600947050757078 1K
NA12718 HG02723#1#JAHEOU010000204.1_2102082_2414876_1$HG02622#1#JAHAOO010000002.1_16673678_17080663_0	0.9600937452691906 1K
NA12718 HG03540#2#JAGYVX010000148.1_1368955_1877115_0$HG01258#2#JAGYYU010000072.1_51562603_51970395_0	0.9600652082433978 1K
NA12718 HG03540#2#JAGYVX010000148.1_1368955_1877115_0$HG02809.verkko_filt_pat.fa:haplotype2_0001251_103421111_103827972_0	0.9600595160950102 1K
NA12718 NA18906#1#JAHEOO010000054.1_2103477_2510435_1$HG02109#2#JAHEPF010000078.1_16678387_16991144_0	0.9600586469068844 1K
NA12718 HG01123#1#JAGYYZ010000015.1_51528240_51935090_0$HG02647.verkko_filt_mat.fa:haplotype1_0000002_103892584_104321036_0	0.9600501952592534 1K
NA12718 HG02055#2#JAHEPJ010000017.1_24870122_25298560_1$HG02717#2#JAHAOR010000006.1_19663827_20070693_1	0.9600444690606009 1K
NA12718 HG02486#2#JAGYVL010000029.1_94163344_94570162_0$HG02647.verkko_filt_mat.fa:haplotype1_0000002_103892584_104321036_0	0.9600152895515285 1K
NA12718 HG02559#2#JAGYVJ010000037.1_52167780_52574597_1$HG04228.verkko_filt_pat.fa:haplotype2_0000600_103806749_104119491_0	0.9600140940200685 1K
NA12718 HG02717#1#JAHAOS010000015.1_16660311_17067250_0$HG01891#1#JAGYVO010000014.1_22855818_23168577_1	0.9600071968689987 1K
NA12718 HG005#1#JAHEPO010000002.1_51519219_51926067_0$HG02647.verkko_filt_mat.fa:haplotype1_0000002_103892584_104321036_0	0.9600053148136286 1K
NA12718 NA20129#2#JAHEPD010000155.1_90039_569275_0$HG01109#2#JAHEOZ010000047.1_16671232_17151375_0	0.9599781842700341 1K
NA12718 NA18906#1#JAHEOO010000054.1_2103477_2510435_1$HG01891#1#JAGYVO010000014.1_22855818_23168577_1	0.9599769067051360 1K
NA12718 HG02559#2#JAGYVJ010000037.1_52167780_52574597_1$HG03540#2#JAGYVX010000148.1_1368955_1877115_0	0.9599504921676444 1K
NA12718 HG03540#2#JAGYVX010000148.1_1368955_1877115_0$HG02717#2#JAHAOR010000006.1_19663827_20070693_1	0.9599475084841808 1K
NA12718 HG02717#2#JAHAOR010000006.1_19663827_20070693_1$HG02809.verkko_filt_mat.fa:haplotype1_0000023_94161320_94589755_0	0.9599258668651609 1K
NA12718 HG005#1#JAHEPO010000002.1_51519219_51926067_0$HG03540#2#JAGYVX010000148.1_1368955_1877115_0	0.9599206364219096 1K
NA12718 HG03486#2#JAHEOP010000248.1_2105565_2584784_1$HG01109#2#JAHEOZ010000047.1_16671232_17151375_0	0.9598709279148258 1K
NA12718 HG02055#2#JAHEPJ010000017.1_24870122_25298560_1$HG02486#2#JAGYVL010000029.1_94163344_94570162_0	0.9598680170752314 1K
NA12718 HG03540#2#JAGYVX010000148.1_1368955_1877115_0$HG002.verkko_filt_pat.fa:haplotype2_0000649_147937390_148315979_1	0.9598574415149750 1K
NA12718 HG02717#1#JAHAOS010000015.1_16660311_17067250_0$HG02109#2#JAHEPF010000078.1_16678387_16991144_0	0.9598560449556854 1K
NA12718 HG01123#1#JAGYYZ010000015.1_51528240_51935090_0$HG02055#2#JAHEPJ010000017.1_24870122_25298560_1	0.9598556054968452 1K
NA12718 HG01258#2#JAGYYU010000072.1_51562603_51970395_0$HG02647.verkko_filt_pat.fa:haplotype2_0000857_103738150_104051769_0	0.9598507909629040 1K
NA12718 HG02622#1#JAHAOO010000002.1_16673678_17080663_0$HG02109#2#JAHEPF010000078.1_16678387_16991144_0	0.9598500036428650 1K
NA12718 HG02886#1#JAHAOU010000178.1_62411_469262_0$HG02647.verkko_filt_mat.fa:haplotype1_0000002_103892584_104321036_0	0.9598313246079431 1K
NA12718 HG02622#1#JAHAOO010000002.1_16673678_17080663_0$HG01891#1#JAGYVO010000014.1_22855818_23168577_1	0.9598293235060306 1K
NA12718 HG01123#1#JAGYYZ010000015.1_51528240_51935090_0$HG03540#2#JAGYVX010000148.1_1368955_1877115_0	0.9598214410995655 1K
NA12718 HG02723#1#JAHEOU010000204.1_2102082_2414876_1$HG02559#2#JAGYVJ010000037.1_52167780_52574597_1	0.9598167794969823 1K
NA12718 NA20129#2#JAHEPD010000155.1_90039_569275_0$HG00438#1#JAHBCB010000015.1_33474867_33954171_0	0.9598036551034963 1K
NA12718 HG03579#2#JAGYVT010000094.1_51581892_51895531_0$HG01258#2#JAGYYU010000072.1_51562603_51970395_0	0.9598009780712100 1K
NA12718 HG02630#1#JAHAOQ010000102.1_16672145_17079089_0$HG01891#1#JAGYVO010000014.1_22855818_23168577_1	0.9597921480152015 1K
NA12718 HG03486#2#JAHEOP010000248.1_2105565_2584784_1$HG01258#1#JAGYYV010000004.1_56955948_57456952_1	0.9597837067912114 1K
NA12718 AV_HG01106#haplotype2#0000932:16673968_17175925$HG01978#1#JAGYVS010000002.1_51519970_52021951_0	0.9597770648422206 1K
NA12718 HG02886#1#JAHAOU010000178.1_62411_469262_0$HG02055#2#JAHEPJ010000017.1_24870122_25298560_1	0.9597744604611737 1K
NA12718 HG02622#2#JAHAON010000012.1_51551779_52031001_0$HG01109#2#JAHEOZ010000047.1_16671232_17151375_0	0.9597452820683831 1K
NA12718 HG00741#2#JAHALX010000013.1_51574319_51981226_0$HG02647.verkko_filt_mat.fa:haplotype1_0000002_103892584_104321036_0	0.9597351240104718 1K
NA12718 HG02630#1#JAHAOQ010000102.1_16672145_17079089_0$HG02109#2#JAHEPF010000078.1_16678387_16991144_0	0.9597268580514737 1K
NA12718 HG02818#1#JAHEOS010000101.1_89626_496613_0$HG01891#1#JAGYVO010000014.1_22855818_23168577_1	0.9597198422031942 1K
NA12718 HG01258#2#JAGYYU010000072.1_51562603_51970395_0$HG01891#1#JAGYVO010000014.1_22855818_23168577_1	0.9597198193957645 1K
NA12718 HG02109#2#JAHEPF010000078.1_16678387_16991144_0$HG02818#1#JAHEOS010000101.1_89626_496613_0	0.9597159896228469 1K
NA12718 AV_HG01175#haplotype1#0000070:46006269_46414083$chr1_chm13_103304997_103901127_0	0.9597080674439600 1K
NA12718 HG00438#1#JAHBCB010000015.1_33474867_33954171_0$HG02622#2#JAHAON010000012.1_51551779_52031001_0	0.9597045084307342 1K
NA12718 NA20129#2#JAHEPD010000155.1_90039_569275_0$HG01258#1#JAGYYV010000004.1_56955948_57456952_1	0.9597044649158007 1K
NA12718 HG005#1#JAHEPO010000002.1_51519219_51926067_0$HG02055#2#JAHEPJ010000017.1_24870122_25298560_1	0.9596971903630755 1K
NA12718 HG02486#2#JAGYVL010000029.1_94163344_94570162_0$HG02809.verkko_filt_mat.fa:haplotype1_0000023_94161320_94589755_0	0.9596909341792907 1K
NA12718 HG02622#2#JAHAON010000012.1_51551779_52031001_0$HG01258#1#JAGYYV010000004.1_56955948_57456952_1	0.9596739891227014 1K
NA12718 HG03492#1#JAHEPI010000180.1_2103395_2543326_1$HG03486#2#JAHEOP010000248.1_2105565_2584784_1	0.9596658672294899 1K
NA12718 HG03540#2#JAGYVX010000148.1_1368955_1877115_0$HG02486#2#JAGYVL010000029.1_94163344_94570162_0	0.9596646247952635 1K
NA12718 HG01123#1#JAGYYZ010000015.1_51528240_51935090_0$HG02809.verkko_filt_mat.fa:haplotype1_0000023_94161320_94589755_0	0.9596475139711265 1K
NA12718 HG02886#1#JAHAOU010000178.1_62411_469262_0$HG02809.verkko_filt_mat.fa:haplotype1_0000023_94161320_94589755_0	0.9596139381473242 1K
NA12718 HG02055#2#JAHEPJ010000017.1_24870122_25298560_1$HG00741#2#JAHALX010000013.1_51574319_51981226_0	0.9596070039257057 1K
NA12718 HG00741#1#JAHALY010000007.1_18781197_19307680_1$HG01123#2#JAGYYY010000006.1_51579630_51892388_0	0.9595963163277127 1K
NA12718 HG01358#1#JAGYZB010000020.1_27445742_27855492_1$HG03710.verkko_filt_mat.fa:haplotype1_0000029_102593394_102907063_0	0.9595922067640479 1K
NA12718 HG02717#2#JAHAOR010000006.1_19663827_20070693_1$HG02647.verkko_filt_pat.fa:haplotype2_0000857_103738150_104051769_0	0.9595896513605834 1K
NA12718 AV_HG01361#haplotype2#0001322:101872897_102186552$HG01358#1#JAGYZB010000020.1_27445742_27855492_1	0.9595852827615715 1K
NA12718 HG02886#2#JAHAOT010000031.1_87393_401061_0$HG01358#1#JAGYZB010000020.1_27445742_27855492_1	0.9595808271700554 1K
NA12718 HG03579#2#JAGYVT010000094.1_51581892_51895531_0$HG02717#2#JAHAOR010000006.1_19663827_20070693_1	0.9595641145518096 1K
NA12718 HG02886#1#JAHAOU010000178.1_62411_469262_0$HG03540#2#JAGYVX010000148.1_1368955_1877115_0	0.9595468518370009 1K
NA12718 HG02647.verkko_filt_pat.fa:haplotype2_0000857_103738150_104051769_0$HG02809.verkko_filt_pat.fa:haplotype2_0001251_103421111_103827972_0	0.9595446586862800 1K
NA12718 HG03453#1#JAGYVW010000157.1_2105722_2585000_1$HG00438#1#JAHBCB010000015.1_33474867_33954171_0	0.9595280219202503 1K
NA12718 HG01071#1#JAHBCF010000053.1_26607100_27108065_1$HG03486#2#JAHEOP010000248.1_2105565_2584784_1	0.9595257281974405 1K
NA12718 HG01258#2#JAGYYU010000072.1_51562603_51970395_0$HG02109#2#JAHEPF010000078.1_16678387_16991144_0	0.9595214502926855 1K
NA12718 HG03486#2#JAHEOP010000248.1_2105565_2584784_1$HG03098#1#JAHEPM010000059.1_16676208_17105596_0	0.9595211876275619 1K
NA12718 AV_HG01106#haplotype2#0000932:16673968_17175925$HG02293.verkko_filt_pat.fa:haplotype2_0000836_148310532_148812524_1	0.9595119616186529 1K
NA12718 HG005#1#JAHEPO010000002.1_51519219_51926067_0$HG02647.verkko_filt_pat.fa:haplotype2_0000857_103738150_104051769_0	0.9595051313359960 1K
NA12718 HG005#1#JAHEPO010000002.1_51519219_51926067_0$HG02809.verkko_filt_mat.fa:haplotype1_0000023_94161320_94589755_0	0.9594978743057260 1K
NA12718 HG02559#2#JAGYVJ010000037.1_52167780_52574597_1$HG02647.verkko_filt_mat.fa:haplotype1_0000002_103892584_104321036_0	0.9594963494131147 1K
NA12718 HG03579#2#JAGYVT010000094.1_51581892_51895531_0$HG02809.verkko_filt_pat.fa:haplotype2_0001251_103421111_103827972_0	0.9594944604884448 1K
NA12718 HG01109#2#JAHEOZ010000047.1_16671232_17151375_0$HG01099.verkko_filt_pat.fa:haplotype2_0000583_143544270_144046196_1	0.9594754856055911 1K
NA12718 AV_HG00673#haplotype1#0000019:16627360_17129375$AV_HG01106#haplotype2#0000932:16673968_17175925	0.9594680862034280 1K
NA12718 HG03492#1#JAHEPI010000180.1_2103395_2543326_1$NA18906#2#JAHEON010000009.1_93748295_94249275_0	0.9594673956014985 1K
NA12718 HG02630#2#JAHAOP010000089.1_16669255_17076135_0$HG02647.verkko_filt_pat.fa:haplotype2_0000857_103738150_104051769_0	0.9594617960293349 1K
NA12718 AV_HG01106#haplotype1#0000048:16666181_17262214$AV_HG01175#haplotype1#0000070:46006269_46414083	0.9594587802815616 1K
NA12718 HG005#1#JAHEPO010000002.1_51519219_51926067_0$HG03579#2#JAGYVT010000094.1_51581892_51895531_0	0.9594431835813345 1K
NA12718 HG03540#2#JAGYVX010000148.1_1368955_1877115_0$HG00741#2#JAHALX010000013.1_51574319_51981226_0	0.9594357253862343 1K
NA12718 HG03579#2#JAGYVT010000094.1_51581892_51895531_0$HG02630#2#JAHAOP010000089.1_16669255_17076135_0	0.9594242765119000 1K
NA12718 chr1_chm13_103304997_103901127_0$HG002.verkko_filt_mat.fa:haplotype1_0000005_138228497_138636354_1	0.9594066516854133 1K
NA12718 HG01109#2#JAHEOZ010000047.1_16671232_17151375_0$HG03927.verkko_filt_pat.fa:haplotype2_0000800_29002142_29504057_1	0.9593891807606736 1K
NA12718 NA20129#2#JAHEPD010000155.1_90039_569275_0$HG01071#1#JAHBCF010000053.1_26607100_27108065_1	0.9593805672264324 1K
NA12718 chr1_hg38_103456064_103863972_0$chr1_chm13_103304997_103901127_0	0.9593740647150990 1K
NA12718 chr1_hg19_103998686_104406594_0$chr1_chm13_103304997_103901127_0	0.9593740647150990 1K
NA12718 AV_HG01106#haplotype2#0000932:16673968_17175925$HG02080#2#JAHEOV010000017.1_16662177_17164189_0	0.9593647678599779 1K
NA12718 HG02622#2#JAHAON010000012.1_51551779_52031001_0$HG01071#1#JAHBCF010000053.1_26607100_27108065_1	0.9593199100255794 1K
NA12718 chr1_chm13_103304997_103901127_0$HG002.verkko_filt_pat.fa:haplotype2_0000649_147937390_148315979_1	0.9593170390951076 1K
NA12718 HG00741#2#JAHALX010000013.1_51574319_51981226_0$HG02809.verkko_filt_mat.fa:haplotype1_0000023_94161320_94589755_0	0.9593106836067276 1K
NA12718 chr1_chm13_103304997_103901127_0$HG02071.verkko_filt_mat.fa:haplotype1_0000041_103610513_104018399_0	0.9593036532182301 1K
NA12718 AV_HG01106#haplotype2#0000932:16673968_17175925$HG02071.verkko_filt_pat.fa:haplotype2_0000736_102745972_103248026_0	0.9592988795052919 1K
NA12718 AV_HG01106#haplotype2#0000932:16673968_17175925$HG04228.verkko_filt_mat.fa:haplotype1_0000023_103429213_103930285_0	0.9592891005784079 1K
NA12718 NA20129#2#JAHEPD010000155.1_90039_569275_0$HG02647.verkko_filt_mat.fa:haplotype1_0000002_103892584_104321036_0	0.9592875372104652 1K
NA12718 HG01109#2#JAHEOZ010000047.1_16671232_17151375_0$HG03540#1#JAGYVY010000208.1_95187_596142_0	0.9592837641537019 1K
NA12718 HG01123#1#JAGYYZ010000015.1_51528240_51935090_0$HG02647.verkko_filt_pat.fa:haplotype2_0000857_103738150_104051769_0	0.9592757853544989 1K
NA12718 HG03486#1#JAHEOQ010000123.1_16677696_17085575_0$chr1_chm13_103304997_103901127_0	0.9592585119959005 1K
NA12718 HG03579#2#JAGYVT010000094.1_51581892_51895531_0$HG01123#1#JAGYYZ010000015.1_51528240_51935090_0	0.9592381433320922 1K
NA12718 AV_HG02148#haplotype2#0002863:16304803_16712699$chr1_chm13_103304997_103901127_0	0.9592369996376781 1K
NA12718 HG02630#2#JAHAOP010000089.1_16669255_17076135_0$HG02647.verkko_filt_mat.fa:haplotype1_0000002_103892584_104321036_0	0.9592325092046107 1K
NA12718 HG02486#2#JAGYVL010000029.1_94163344_94570162_0$HG02647.verkko_filt_pat.fa:haplotype2_0000857_103738150_104051769_0	0.9591998229196086 1K
NA12718 NA20129#2#JAHEPD010000155.1_90039_569275_0$HG02055#2#JAHEPJ010000017.1_24870122_25298560_1	0.9591931446829757 1K
NA12718 HG02559#2#JAGYVJ010000037.1_52167780_52574597_1$HG02055#2#JAHEPJ010000017.1_24870122_25298560_1	0.9591873647284986 1K
NA12718 HG02630#2#JAHAOP010000089.1_16669255_17076135_0$HG02055#2#JAHEPJ010000017.1_24870122_25298560_1	0.9591782658567737 1K
NA12718 HG02109#2#JAHEPF010000078.1_16678387_16991144_0$HG02809.verkko_filt_pat.fa:haplotype2_0001251_103421111_103827972_0	0.9591779243840347 1K
NA12718 NA20129#2#JAHEPD010000155.1_90039_569275_0$HG02809.verkko_filt_mat.fa:haplotype1_0000023_94161320_94589755_0	0.9591686207131193 1K
NA12718 AV_HG01106#haplotype1#0000048:16666181_17262214$HG002.verkko_filt_mat.fa:haplotype1_0000005_138228497_138636354_1	0.9591571705450649 1K
NA12718 HG01978#1#JAGYVS010000002.1_51519970_52021951_0$HG02293.verkko_filt_pat.fa:haplotype2_0000836_148310532_148812524_1	0.9591530623866403 1K
NA12718 HG03579#2#JAGYVT010000094.1_51581892_51895531_0$HG02486#2#JAGYVL010000029.1_94163344_94570162_0	0.9591494912988953 1K
NA12718 HG00741#2#JAHALX010000013.1_51574319_51981226_0$HG02647.verkko_filt_pat.fa:haplotype2_0000857_103738150_104051769_0	0.9591474829762205 1K
NA12718 AV_HG01106#haplotype2#0000932:16673968_17175925$HG00621#1#JAHBCD010000034.1_2122997_2624098_1	0.9591447253837012 1K
NA12718 AV_HG01106#haplotype1#0000048:16666181_17262214$chr1_hg38_103456064_103863972_0	0.9591436522165467 1K
NA12718 AV_HG01106#haplotype1#0000048:16666181_17262214$chr1_hg19_103998686_104406594_0	0.9591436522165467 1K
NA12718 HG02630#2#JAHAOP010000089.1_16669255_17076135_0$HG03540#2#JAGYVX010000148.1_1368955_1877115_0	0.9591356445895922 1K
NA12718 HG02886#1#JAHAOU010000178.1_62411_469262_0$HG02647.verkko_filt_pat.fa:haplotype2_0000857_103738150_104051769_0	0.9591211137932777 1K
NA12718 AV_HG01106#haplotype1#0000048:16666181_17262214$HG02071.verkko_filt_mat.fa:haplotype1_0000041_103610513_104018399_0	0.9591185854869452 1K
NA12718 HG02622#2#JAHAON010000012.1_51551779_52031001_0$HG02647.verkko_filt_mat.fa:haplotype1_0000002_103892584_104321036_0	0.9591166536495623 1K
NA12718 HG03579#2#JAGYVT010000094.1_51581892_51895531_0$HG00741#2#JAHALX010000013.1_51574319_51981226_0	0.9590979653751776 1K
NA12718 AV_HG00673#haplotype1#0000019:16627360_17129375$HG01978#1#JAGYVS010000002.1_51519970_52021951_0	0.9590787283877423 1K
NA12718 HG03579#2#JAGYVT010000094.1_51581892_51895531_0$HG02886#1#JAHAOU010000178.1_62411_469262_0	0.9590708433793802 1K
NA12718 HG005#1#JAHEPO010000002.1_51519219_51926067_0$HG01891#1#JAGYVO010000014.1_22855818_23168577_1	0.9590698780466992 1K
NA12718 HG00621#2#JAHBCC010000031.1_16669999_17077865_0$chr1_chm13_103304997_103901127_0	0.9590641881524027 1K
NA12718 HG02630#2#JAHAOP010000089.1_16669255_17076135_0$HG02809.verkko_filt_mat.fa:haplotype1_0000023_94161320_94589755_0	0.9590530600087372 1K
NA12718 HG01109#2#JAHEOZ010000047.1_16671232_17151375_0$HG02486#1#JAGYVM010000007.1_28868414_29370339_1	0.9590514663500532 1K
NA12718 AV_HG01106#haplotype1#0000048:16666181_17262214$HG03486#1#JAHEOQ010000123.1_16677696_17085575_0	0.9590425002743309 1K
NA12718 HG03453#2#JAGYVV010000088.1_22597550_23005370_1$chr1_chm13_103304997_103901127_0	0.9590411278734499 1K
NA12718 HG02559#2#JAGYVJ010000037.1_52167780_52574597_1$HG02809.verkko_filt_mat.fa:haplotype1_0000023_94161320_94589755_0	0.9590200379529898 1K
NA12718 HG00438#1#JAHBCB010000015.1_33474867_33954171_0$HG03927.verkko_filt_pat.fa:haplotype2_0000800_29002142_29504057_1	0.9590156076325265 1K
NA12718 HG02622#2#JAHAON010000012.1_51551779_52031001_0$HG02055#2#JAHEPJ010000017.1_24870122_25298560_1	0.9590096732601268 1K
NA12718 HG005#2#JAHEPN010000023.1_51542210_51950070_0$chr1_chm13_103304997_103901127_0	0.9590083996951487 1K
NA12718 HG01123#1#JAGYYZ010000015.1_51528240_51935090_0$HG01891#1#JAGYVO010000014.1_22855818_23168577_1	0.9589986063361009 1K
NA12718 chr1_chm13_103304997_103901127_0$HG02300.verkko_filt_pat.fa:haplotype2_0000620_143362344_143769323_1	0.9589899429896077 1K
NA12718 HG02622#2#JAHAON010000012.1_51551779_52031001_0$HG02809.verkko_filt_mat.fa:haplotype1_0000023_94161320_94589755_0	0.9589851639761522 1K
NA12718 HG03486#2#JAHEOP010000248.1_2105565_2584784_1$HG01099.verkko_filt_pat.fa:haplotype2_0000583_143544270_144046196_1	0.9589665482178114 1K
NA12718 HG01978#1#JAGYVS010000002.1_51519970_52021951_0$HG04228.verkko_filt_mat.fa:haplotype1_0000023_103429213_103930285_0	0.9589529751996745 1K
NA12718 HG01978#1#JAGYVS010000002.1_51519970_52021951_0$HG02071.verkko_filt_pat.fa:haplotype2_0000736_102745972_103248026_0	0.9589515687091259 1K
NA12718 HG02717#2#JAHAOR010000006.1_19663827_20070693_1$HG01891#1#JAGYVO010000014.1_22855818_23168577_1	0.9589472994544477 1K
NA12718 HG00438#1#JAHBCB010000015.1_33474867_33954171_0$HG01099.verkko_filt_pat.fa:haplotype2_0000583_143544270_144046196_1	0.9589442899062407 1K
NA12718 HG03492#1#JAHEPI010000180.1_2103395_2543326_1$HG03710.verkko_filt_mat.fa:haplotype1_0000029_102593394_102907063_0	0.9589419554970893 1K
NA12718 AV_HG01106#haplotype1#0000048:16666181_17262214$AV_HG02148#haplotype2#0002863:16304803_16712699	0.9589376351855187 1K
NA12718 HG005#1#JAHEPO010000002.1_51519219_51926067_0$HG02109#2#JAHEPF010000078.1_16678387_16991144_0	0.9589325669758435 1K
NA12718 HG01123#2#JAGYYY010000006.1_51579630_51892388_0$HG03492#1#JAHEPI010000180.1_2103395_2543326_1	0.9589306215356422 1K
NA12718 HG01928#1#JAGYVQ010000053.1_16676493_17083407_0$chr1_chm13_103304997_103901127_0	0.9589238624835835 1K
NA12718 chr1_chm13_103304997_103901127_0$HG02300.verkko_filt_mat.fa:haplotype1_0000028_144052837_144460586_1	0.9589212455312837 1K
NA12718 HG03098#2#JAHEPL010000003.1_93803759_94117426_0$HG01358#1#JAGYZB010000020.1_27445742_27855492_1	0.9589092334860588 1K
NA12718 HG02080#2#JAHEOV010000017.1_16662177_17164189_0$HG01978#1#JAGYVS010000002.1_51519970_52021951_0	0.9588995257867244 1K
NA12718 chr1_chm13_103304997_103901127_0$HG02004.verkko_filt_mat.fa:haplotype1_0000022_97828542_98235483_0	0.9588892607410595 1K
NA12718 HG02109#2#JAHEPF010000078.1_16678387_16991144_0$HG02717#2#JAHAOR010000006.1_19663827_20070693_1	0.9588829068321448 1K
NA12718 chr1_chm13_103304997_103901127_0$HG01099.verkko_filt_mat.fa:haplotype1_0000034_142513097_142920876_1	0.9588811618101262 1K
NA12718 HG01978#2#JAGYVR010000007.1_51532241_51939176_0$chr1_chm13_103304997_103901127_0	0.9588766299971501 1K
NA12718 AV_HG01106#haplotype1#0000048:16666181_17262214$HG005#2#JAHEPN010000023.1_51542210_51950070_0	0.9588678979286994 1K
NA12718 HG01123#2#JAGYYY010000006.1_51579630_51892388_0$HG01358#1#JAGYZB010000020.1_27445742_27855492_1	0.9588666700763271 1K
NA12718 HG02080#1#JAHEOW010000048.1_16689583_17097287_0$chr1_chm13_103304997_103901127_0	0.9588603938046342 1K
NA12718 HG02630#2#JAHAOP010000089.1_16669255_17076135_0$HG01891#1#JAGYVO010000014.1_22855818_23168577_1	0.9588445474018662 1K
NA12718 chr1_chm13_103304997_103901127_0$NA19240#2#JAHEOL010000010.1_37445323_37853017_0	0.9588344739430299 1K
NA12718 AV_HG01106#haplotype1#0000048:16666181_17262214$HG03453#2#JAGYVV010000088.1_22597550_23005370_1	0.9588210042463082 1K
NA12718 AV_HG01106#haplotype1#0000048:16666181_17262214$HG00621#2#JAHBCC010000031.1_16669999_17077865_0	0.9588178444849383 1K
NA12718 HG03453#1#JAGYVW010000157.1_2105722_2585000_1$HG03098#1#JAHEPM010000059.1_16676208_17105596_0	0.9587947854412222 1K
NA12718 chr1_chm13_103304997_103901127_0$HG03927.verkko_filt_mat.fa:haplotype1_0000009_134765170_135173010_1	0.9587847084287581 1K
NA12718 HG00741#1#JAHALY010000007.1_18781197_19307680_1$HG02293.verkko_filt_mat.fa:haplotype1_0000039_30204405_30517145_1	0.9587800450063625 1K
NA12718 HG01123#1#JAGYYZ010000015.1_51528240_51935090_0$HG02109#2#JAHEPF010000078.1_16678387_16991144_0	0.9587759804856142 1K
NA12718 HG02622#2#JAHAON010000012.1_51551779_52031001_0$HG01099.verkko_filt_pat.fa:haplotype2_0000583_143544270_144046196_1	0.9587654515417873 1K
NA12718 HG03486#2#JAHEOP010000248.1_2105565_2584784_1$HG02647.verkko_filt_mat.fa:haplotype1_0000002_103892584_104321036_0	0.9587500184127780 1K
NA12718 NA20129#2#JAHEPD010000155.1_90039_569275_0$HG01099.verkko_filt_pat.fa:haplotype2_0000583_143544270_144046196_1	0.9587406213628477 1K
NA12718 HG00621#1#JAHBCD010000034.1_2122997_2624098_1$HG01978#1#JAGYVS010000002.1_51519970_52021951_0	0.9587402043249905 1K
NA12718 HG00741#1#JAHALY010000007.1_18781197_19307680_1$HG01258#1#JAGYYV010000004.1_56955948_57456952_1	0.9587291572735012 1K
NA12718 HG02486#2#JAGYVL010000029.1_94163344_94570162_0$HG01891#1#JAGYVO010000014.1_22855818_23168577_1	0.9587021169319994 1K
NA12718 AV_HG01106#haplotype2#0000932:16673968_17175925$HG01258#1#JAGYYV010000004.1_56955948_57456952_1	0.9587005866874572 1K
NA12718 HG01891#1#JAGYVO010000014.1_22855818_23168577_1$HG02809.verkko_filt_pat.fa:haplotype2_0001251_103421111_103827972_0	0.9586937383484804 1K
NA12718 AV_HG01361#haplotype1#0000023:101593539_102001341$chr1_chm13_103304997_103901127_0	0.9586891904038409 1K
NA12718 HG03486#2#JAHEOP010000248.1_2105565_2584784_1$HG02055#2#JAHEPJ010000017.1_24870122_25298560_1	0.9586890958190274 1K
NA12718 HG03486#2#JAHEOP010000248.1_2105565_2584784_1$HG03927.verkko_filt_pat.fa:haplotype2_0000800_29002142_29504057_1	0.9586888813076370 1K
NA12718 HG00741#2#JAHALX010000013.1_51574319_51981226_0$HG01891#1#JAGYVO010000014.1_22855818_23168577_1	0.9586884358140146 1K
NA12718 HG03516#1#JAGYYT010000012.1_24170958_24578778_1$chr1_chm13_103304997_103901127_0	0.9586865657937907 1K
NA12718 HG02559#2#JAGYVJ010000037.1_52167780_52574597_1$HG02647.verkko_filt_pat.fa:haplotype2_0000857_103738150_104051769_0	0.9586846185909916 1K
NA12718 AV_HG01106#haplotype1#0000048:16666181_17262214$HG02004.verkko_filt_mat.fa:haplotype1_0000022_97828542_98235483_0	0.9586689507353956 1K
NA12718 HG00438#1#JAHBCB010000015.1_33474867_33954171_0$HG02486#1#JAGYVM010000007.1_28868414_29370339_1	0.9586653020571975 1K
NA12718 HG03486#2#JAHEOP010000248.1_2105565_2584784_1$HG03540#1#JAGYVY010000208.1_95187_596142_0	0.9586598378830071 1K
NA12718 HG01978#1#JAGYVS010000002.1_51519970_52021951_0$HG01258#1#JAGYYV010000004.1_56955948_57456952_1	0.9586408261856991 1K
NA12718 HG03453#1#JAGYVW010000157.1_2105722_2585000_1$HG01258#1#JAGYYV010000004.1_56955948_57456952_1	0.9586364971079662 1K
NA12718 AV_HG01106#haplotype1#0000048:16666181_17262214$HG01928#1#JAGYVQ010000053.1_16676493_17083407_0	0.9586240381688919 1K
NA12718 HG02559#2#JAGYVJ010000037.1_52167780_52574597_1$HG03579#2#JAGYVT010000094.1_51581892_51895531_0	0.9586225407830830 1K
NA12718 AV_HG01106#haplotype1#0000048:16666181_17262214$HG01978#2#JAGYVR010000007.1_51532241_51939176_0	0.9586187147095047 1K
NA12718 AV_HG01106#haplotype1#0000048:16666181_17262214$HG02300.verkko_filt_pat.fa:haplotype2_0000620_143362344_143769323_1	0.9586186240628431 1K
NA12718 AV_HG01106#haplotype1#0000048:16666181_17262214$HG01099.verkko_filt_mat.fa:haplotype1_0000034_142513097_142920876_1	0.9586108299331707 1K
NA12718 HG00438#1#JAHBCB010000015.1_33474867_33954171_0$HG03540#1#JAGYVY010000208.1_95187_596142_0	0.9586075500191230 1K
NA12718 AV_HG01106#haplotype1#0000048:16666181_17262214$HG02300.verkko_filt_mat.fa:haplotype1_0000028_144052837_144460586_1	0.9586013264610022 1K
NA12718 AV_HG01106#haplotype2#0000932:16673968_17175925$HG01071#1#JAHBCF010000053.1_26607100_27108065_1	0.9585958669459388 1K
NA12718 HG00741#1#JAHALY010000007.1_18781197_19307680_1$HG01071#1#JAHBCF010000053.1_26607100_27108065_1	0.9585714768790295 1K
NA12718 AV_HG01106#haplotype1#0000048:16666181_17262214$HG03927.verkko_filt_mat.fa:haplotype1_0000009_134765170_135173010_1	0.9585699896901980 1K
NA12718 HG03453#1#JAGYVW010000157.1_2105722_2585000_1$HG01109#2#JAHEOZ010000047.1_16671232_17151375_0	0.9585691427472270 1K
NA12718 HG01071#1#JAHBCF010000053.1_26607100_27108065_1$HG01978#1#JAGYVS010000002.1_51519970_52021951_0	0.9585626504022537 1K
NA12718 NA20129#2#JAHEPD010000155.1_90039_569275_0$HG03927.verkko_filt_pat.fa:haplotype2_0000800_29002142_29504057_1	0.9585556520831841 1K
NA12718 AV_HG00673#haplotype2#0001165:24014011_24421797$chr1_chm13_103304997_103901127_0	0.9585541751445469 1K
NA12718 AV_HG01106#haplotype1#0000048:16666181_17262214$NA19240#2#JAHEOL010000010.1_37445323_37853017_0	0.9585407730400561 1K
NA12718 AV_HG01106#haplotype1#0000048:16666181_17262214$HG02080#1#JAHEOW010000048.1_16689583_17097287_0	0.9585327987645855 1K
NA12718 AV_HG01106#haplotype1#0000048:16666181_17262214$HG002.verkko_filt_pat.fa:haplotype2_0000649_147937390_148315979_1	0.9585317302308844 1K
NA12718 HG03486#2#JAHEOP010000248.1_2105565_2584784_1$HG02809.verkko_filt_mat.fa:haplotype1_0000023_94161320_94589755_0	0.9585222776500856 1K
NA12718 HG03492#1#JAHEPI010000180.1_2103395_2543326_1$HG02886#2#JAHAOT010000031.1_87393_401061_0	0.9585154827987334 1K
NA12718 HG03516#2#JAGYYS010000004.1_24452130_24859892_1$chr1_chm13_103304997_103901127_0	0.9585118212051852 1K
NA12718 AV_HG01106#haplotype1#0000048:16666181_17262214$HG03516#1#JAGYYT010000012.1_24170958_24578778_1	0.9584946643034472 1K
NA12718 HG02818#2#JAHEOR010000010.1_31775319_32183091_1$chr1_chm13_103304997_103901127_0	0.9584938074003700 1K
NA12718 HG02559#1#JAGYVK010000012.1_51505852_51913611_0$chr1_chm13_103304997_103901127_0	0.9584750355287858 1K
NA12718 HG02886#1#JAHAOU010000178.1_62411_469262_0$HG01891#1#JAGYVO010000014.1_22855818_23168577_1	0.9584648009448605 1K
NA12718 chr1_chm13_103304997_103901127_0$HG03579#1#JAGYVU010000029.1_91404_499180_0	0.9584646308598640 1K
NA12718 NA19240#1#JAHEOM010000047.1_30103390_30511199_1$chr1_chm13_103304997_103901127_0	0.9584527229051726 1K
NA12718 AV_HG00673#haplotype1#0000019:16627360_17129375$HG02293.verkko_filt_pat.fa:haplotype2_0000836_148310532_148812524_1	0.9584491954371595 1K
NA12718 HG02630#2#JAHAOP010000089.1_16669255_17076135_0$HG02109#2#JAHEPF010000078.1_16678387_16991144_0	0.9584406252882803 1K
NA12718 HG02622#2#JAHAON010000012.1_51551779_52031001_0$HG03927.verkko_filt_pat.fa:haplotype2_0000800_29002142_29504057_1	0.9584351058914963 1K
NA12718 HG00741#2#JAHALX010000013.1_51574319_51981226_0$HG02109#2#JAHEPF010000078.1_16678387_16991144_0	0.9584302869244827 1K
NA12718 HG03098#2#JAHEPL010000003.1_93803759_94117426_0$HG03492#1#JAHEPI010000180.1_2103395_2543326_1	0.9584263142840111 1K
NA12718 NA20129#2#JAHEPD010000155.1_90039_569275_0$HG03540#1#JAGYVY010000208.1_95187_596142_0	0.9584204139952063 1K
NA12718 HG02622#2#JAHAON010000012.1_51551779_52031001_0$HG03540#1#JAGYVY010000208.1_95187_596142_0	0.9584194519346211 1K
NA12718 AV_HG01106#haplotype1#0000048:16666181_17262214$AV_HG01361#haplotype1#0000023:101593539_102001341	0.9584109422711701 1K
NA12718 HG02080#2#JAHEOV010000017.1_16662177_17164189_0$HG02293.verkko_filt_pat.fa:haplotype2_0000836_148310532_148812524_1	0.9583941108092356 1K
NA12718 HG01258#1#JAGYYV010000004.1_56955948_57456952_1$HG02293.verkko_filt_pat.fa:haplotype2_0000836_148310532_148812524_1	0.9583480520704507 1K
NA12718 AV_HG00673#haplotype1#0000019:16627360_17129375$HG01258#1#JAGYYV010000004.1_56955948_57456952_1	0.9583459724547744 1K
NA12718 AV_HG01361#haplotype2#0001322:101872897_102186552$HG03492#1#JAHEPI010000180.1_2103395_2543326_1	0.9583350688847653 1K
NA12718 HG04228.verkko_filt_mat.fa:haplotype1_0000023_103429213_103930285_0$HG02293.verkko_filt_pat.fa:haplotype2_0000836_148310532_148812524_1	0.9583210293962003 1K
NA12718 AV_HG00673#haplotype1#0000019:16627360_17129375$HG04228.verkko_filt_mat.fa:haplotype1_0000023_103429213_103930285_0	0.9582948359216927 1K
NA12718 AV_HG00673#haplotype2#0001165:24014011_24421797$AV_HG01106#haplotype1#0000048:16666181_17262214	0.9582755530273911 1K
NA12718 HG01258#1#JAGYYV010000004.1_56955948_57456952_1$HG02071.verkko_filt_pat.fa:haplotype2_0000736_102745972_103248026_0	0.9582747289380048 1K
NA12718 HG03453#1#JAGYVW010000157.1_2105722_2585000_1$HG01071#1#JAHBCF010000053.1_26607100_27108065_1	0.9582616950722389 1K
NA12718 HG02080#2#JAHEOV010000017.1_16662177_17164189_0$HG04228.verkko_filt_mat.fa:haplotype1_0000023_103429213_103930285_0	0.9582547625328749 1K
NA12718 AV_HG01106#haplotype1#0000048:16666181_17262214$HG02559#1#JAGYVK010000012.1_51505852_51913611_0	0.9582489571193913 1K
NA12718 AV_HG01106#haplotype1#0000048:16666181_17262214$HG02818#2#JAHEOR010000010.1_31775319_32183091_1	0.9582482646109608 1K
NA12718 AV_HG01106#haplotype1#0000048:16666181_17262214$HG03516#2#JAGYYS010000004.1_24452130_24859892_1	0.9582478648781206 1K
NA12718 HG02080#2#JAHEOV010000017.1_16662177_17164189_0$HG01258#1#JAGYYV010000004.1_56955948_57456952_1	0.9582464077647189 1K
NA12718 HG03453#1#JAGYVW010000157.1_2105722_2585000_1$HG03492#1#JAHEPI010000180.1_2103395_2543326_1	0.9582312238165334 1K
NA12718 HG01071#1#JAHBCF010000053.1_26607100_27108065_1$HG02293.verkko_filt_pat.fa:haplotype2_0000836_148310532_148812524_1	0.9582223331922761 1K
NA12718 HG02080#2#JAHEOV010000017.1_16662177_17164189_0$HG02071.verkko_filt_pat.fa:haplotype2_0000736_102745972_103248026_0	0.9582201943121850 1K
NA12718 HG02071.verkko_filt_pat.fa:haplotype2_0000736_102745972_103248026_0$HG02293.verkko_filt_pat.fa:haplotype2_0000836_148310532_148812524_1	0.9582190591926361 1K
NA12718 AV_HG01106#haplotype1#0000048:16666181_17262214$NA19240#1#JAHEOM010000047.1_30103390_30511199_1	0.9582148140731320 1K
NA12718 AV_HG00673#haplotype1#0000019:16627360_17129375$HG01071#1#JAHBCF010000053.1_26607100_27108065_1	0.9582123319857454 1K
NA12718 AV_HG01106#haplotype2#0000932:16673968_17175925$HG01099.verkko_filt_pat.fa:haplotype2_0000583_143544270_144046196_1	0.9581832293684045 1K
NA12718 AV_HG01106#haplotype1#0000048:16666181_17262214$HG03579#1#JAGYVU010000029.1_91404_499180_0	0.9581815069801406 1K
NA12718 HG02109#1#JAHEPG010000026.1_16673035_17080816_0$chr1_chm13_103304997_103901127_0	0.9581683753816760 1K
NA12718 AV_HG00673#haplotype1#0000019:16627360_17129375$HG02071.verkko_filt_pat.fa:haplotype2_0000736_102745972_103248026_0	0.9581625954657648 1K
NA12718 HG00741#1#JAHALY010000007.1_18781197_19307680_1$HG04228.verkko_filt_pat.fa:haplotype2_0000600_103806749_104119491_0	0.9581611568311529 1K
NA12718 HG02559#2#JAGYVJ010000037.1_52167780_52574597_1$HG02109#2#JAHEPF010000078.1_16678387_16991144_0	0.9581599866730375 1K
NA12718 HG01109#1#JAHEPA010000099.1_2104245_2511104_1$chr1_chm13_103304997_103901127_0	0.9581506548603976 1K
NA12718 NA20129#2#JAHEPD010000155.1_90039_569275_0$HG03486#2#JAHEOP010000248.1_2105565_2584784_1	0.9581377777433382 1K
NA12718 HG02109#2#JAHEPF010000078.1_16678387_16991144_0$HG02486#2#JAGYVL010000029.1_94163344_94570162_0	0.9581367865383023 1K
NA12718 HG02080#2#JAHEOV010000017.1_16662177_17164189_0$HG01071#1#JAHBCF010000053.1_26607100_27108065_1	0.9581277424602009 1K
NA12718 HG01978#1#JAGYVS010000002.1_51519970_52021951_0$HG03927.verkko_filt_pat.fa:haplotype2_0000800_29002142_29504057_1	0.9581155640089807 1K
NA12718 HG02145#2#JAHKSF010000206.1_1005292_1413195_1$chr1_chm13_103304997_103901127_0	0.9581116656419119 1K
NA12718 AV_HG01106#haplotype2#0000932:16673968_17175925$HG03927.verkko_filt_pat.fa:haplotype2_0000800_29002142_29504057_1	0.9581107217429946 1K
NA12718 HG01071#1#JAHBCF010000053.1_26607100_27108065_1$HG02071.verkko_filt_pat.fa:haplotype2_0000736_102745972_103248026_0	0.9581001087970470 1K
NA12718 HG00621#1#JAHBCD010000034.1_2122997_2624098_1$HG02293.verkko_filt_pat.fa:haplotype2_0000836_148310532_148812524_1	0.9580922273357648 1K
NA12718 HG02559#2#JAGYVJ010000037.1_52167780_52574597_1$HG01891#1#JAGYVO010000014.1_22855818_23168577_1	0.9580783516291960 1K
NA12718 AV_HG00673#haplotype1#0000019:16627360_17129375$HG02080#2#JAHEOV010000017.1_16662177_17164189_0	0.9580779655752999 1K
NA12718 HG01978#1#JAGYVS010000002.1_51519970_52021951_0$HG01099.verkko_filt_pat.fa:haplotype2_0000583_143544270_144046196_1	0.9580282187115691 1K
NA12718 AV_HG00673#haplotype1#0000019:16627360_17129375$HG00621#1#JAHBCD010000034.1_2122997_2624098_1	0.9580171357397046 1K
NA12718 HG02622#2#JAHAON010000012.1_51551779_52031001_0$HG03486#2#JAHEOP010000248.1_2105565_2584784_1	0.9580095941004850 1K
NA12718 HG03453#1#JAGYVW010000157.1_2105722_2585000_1$HG02647.verkko_filt_mat.fa:haplotype1_0000002_103892584_104321036_0	0.9579978538341284 1K
NA12718 HG04228.verkko_filt_mat.fa:haplotype1_0000023_103429213_103930285_0$HG02071.verkko_filt_pat.fa:haplotype2_0000736_102745972_103248026_0	0.9579972110173505 1K
NA12718 HG00621#1#JAHBCD010000034.1_2122997_2624098_1$HG02080#2#JAHEOV010000017.1_16662177_17164189_0	0.9579959507360979 1K
NA12718 AV_HG01106#haplotype2#0000932:16673968_17175925$HG03540#1#JAGYVY010000208.1_95187_596142_0	0.9579857638384337 1K
NA12718 HG00621#1#JAHBCD010000034.1_2122997_2624098_1$HG01258#1#JAGYYV010000004.1_56955948_57456952_1	0.9579424580699375 1K
NA12718 HG01258#2#JAGYYU010000072.1_51562603_51970395_0$chr1_chm13_103304997_103901127_0	0.9579296757466572 1K
NA12718 NA18906#1#JAHEOO010000054.1_2103477_2510435_1$chr1_chm13_103304997_103901127_0	0.9579181753077664 1K
NA12718 HG02630#1#JAHAOQ010000102.1_16672145_17079089_0$chr1_chm13_103304997_103901127_0	0.9579007118887153 1K
NA12718 HG03453#1#JAGYVW010000157.1_2105722_2585000_1$HG03927.verkko_filt_pat.fa:haplotype2_0000800_29002142_29504057_1	0.9578917523194657 1K
NA12718 HG01258#1#JAGYYV010000004.1_56955948_57456952_1$HG04228.verkko_filt_mat.fa:haplotype1_0000023_103429213_103930285_0	0.9578898443830820 1K
NA12718 HG02886#1#JAHAOU010000178.1_62411_469262_0$HG02109#2#JAHEPF010000078.1_16678387_16991144_0	0.9578879012741481 1K
NA12718 AV_HG02257#haplotype2#0001152:102843493_103251377$chr1_chm13_103304997_103901127_0	0.9578778836635805 1K
NA12718 chr1_chm13_103304997_103901127_0$HG02809.verkko_filt_pat.fa:haplotype2_0001251_103421111_103827972_0	0.9578583205732321 1K
NA12718 AV_HG01106#haplotype2#0000932:16673968_17175925$HG02486#1#JAGYVM010000007.1_28868414_29370339_1	0.9578556532992816 1K
NA12718 HG005#1#JAHEPO010000002.1_51519219_51926067_0$chr1_chm13_103304997_103901127_0	0.9578522894819409 1K
NA12718 HG01978#1#JAGYVS010000002.1_51519970_52021951_0$HG03540#1#JAGYVY010000208.1_95187_596142_0	0.9577965008390179 1K
NA12718 AV_HG00673#haplotype1#0000019:16627360_17129375$HG01099.verkko_filt_pat.fa:haplotype2_0000583_143544270_144046196_1	0.9577947255077540 1K
NA12718 HG02717#1#JAHAOS010000015.1_16660311_17067250_0$chr1_chm13_103304997_103901127_0	0.9577861921484007 1K
NA12718 HG01123#1#JAGYYZ010000015.1_51528240_51935090_0$chr1_chm13_103304997_103901127_0	0.9577591084550909 1K
NA12718 chr1_chm13_103304997_103901127_0$HG02717#2#JAHAOR010000006.1_19663827_20070693_1	0.9577568842406931 1K
NA12718 HG02080#2#JAHEOV010000017.1_16662177_17164189_0$HG01099.verkko_filt_pat.fa:haplotype2_0000583_143544270_144046196_1	0.9577406074914756 1K
NA12718 chr1_chm13_103304997_103901127_0$HG02486#2#JAGYVL010000029.1_94163344_94570162_0	0.9577300759409444 1K
NA12718 chr1_chm13_103304997_103901127_0$HG02818#1#JAHEOS010000101.1_89626_496613_0	0.9577286912561955 1K
NA12718 HG02559#2#JAGYVJ010000037.1_52167780_52574597_1$chr1_chm13_103304997_103901127_0	0.9577171307130652 1K
NA12718 HG03492#1#JAHEPI010000180.1_2103395_2543326_1$HG002.verkko_filt_pat.fa:haplotype2_0000649_147937390_148315979_1	0.9577113317108314 1K
NA12718 HG03453#1#JAGYVW010000157.1_2105722_2585000_1$HG02055#2#JAHEPJ010000017.1_24870122_25298560_1	0.9577002731353729 1K
NA12718 HG00621#1#JAHBCD010000034.1_2122997_2624098_1$HG01071#1#JAHBCF010000053.1_26607100_27108065_1	0.9576992315651215 1K
NA12718 HG02293.verkko_filt_pat.fa:haplotype2_0000836_148310532_148812524_1$HG01099.verkko_filt_pat.fa:haplotype2_0000583_143544270_144046196_1	0.9576983514773466 1K
NA12718 HG01978#1#JAGYVS010000002.1_51519970_52021951_0$HG02486#1#JAGYVM010000007.1_28868414_29370339_1	0.9576890660735887 1K
NA12718 AV_HG01106#haplotype1#0000048:16666181_17262214$HG02109#1#JAHEPG010000026.1_16673035_17080816_0	0.9576718808580937 1K
NA12718 AV_HG01106#haplotype2#0000932:16673968_17175925$HG02723#2#JAHEOT010000034.1_19776337_20321518_1	0.9576692898307850 1K
NA12718 HG03098#1#JAHEPM010000059.1_16676208_17105596_0$HG02004.verkko_filt_pat.fa:haplotype2_0000813_139386576_140076845_1	0.9576646367663338 1K
NA12718 HG00621#1#JAHBCD010000034.1_2122997_2624098_1$HG04228.verkko_filt_mat.fa:haplotype1_0000023_103429213_103930285_0	0.9576518846988710 1K
NA12718 HG02622#1#JAHAOO010000002.1_16673678_17080663_0$chr1_chm13_103304997_103901127_0	0.9576211795657746 1K
NA12718 HG02293.verkko_filt_pat.fa:haplotype2_0000836_148310532_148812524_1$HG03927.verkko_filt_pat.fa:haplotype2_0000800_29002142_29504057_1	0.9576154841725456 1K
NA12718 HG02886#1#JAHAOU010000178.1_62411_469262_0$chr1_chm13_103304997_103901127_0	0.9575956863694659 1K
NA12718 HG02723#1#JAHEOU010000204.1_2102082_2414876_1$HG00741#1#JAHALY010000007.1_18781197_19307680_1	0.9575786690218631 1K
NA12718 HG01071#1#JAHBCF010000053.1_26607100_27108065_1$HG04228.verkko_filt_mat.fa:haplotype1_0000023_103429213_103930285_0	0.9575681613264935 1K
NA12718 AV_HG00673#haplotype1#0000019:16627360_17129375$HG03927.verkko_filt_pat.fa:haplotype2_0000800_29002142_29504057_1	0.9575675265724742 1K
NA12718 HG03453#1#JAGYVW010000157.1_2105722_2585000_1$HG02809.verkko_filt_mat.fa:haplotype1_0000023_94161320_94589755_0	0.9575655620624319 1K
NA12718 NA20129#2#JAHEPD010000155.1_90039_569275_0$HG02486#1#JAGYVM010000007.1_28868414_29370339_1	0.9575516225114361 1K
NA12718 AV_HG00673#haplotype1#0000019:16627360_17129375$HG03540#1#JAGYVY010000208.1_95187_596142_0	0.9575445474373978 1K
NA12718 HG04228.verkko_filt_mat.fa:haplotype1_0000023_103429213_103930285_0$HG03927.verkko_filt_pat.fa:haplotype2_0000800_29002142_29504057_1	0.9575363125455414 1K
NA12718 HG00621#1#JAHBCD010000034.1_2122997_2624098_1$HG02071.verkko_filt_pat.fa:haplotype2_0000736_102745972_103248026_0	0.9575200535771790 1K
NA12718 HG03540#1#JAGYVY010000208.1_95187_596142_0$HG02293.verkko_filt_pat.fa:haplotype2_0000836_148310532_148812524_1	0.9575165849773510 1K
NA12718 HG02071.verkko_filt_pat.fa:haplotype2_0000736_102745972_103248026_0$HG01099.verkko_filt_pat.fa:haplotype2_0000583_143544270_144046196_1	0.9575039397581753 1K
NA12718 HG02622#2#JAHAON010000012.1_51551779_52031001_0$HG02486#1#JAGYVM010000007.1_28868414_29370339_1	0.9575035464666111 1K
NA12718 HG03486#2#JAHEOP010000248.1_2105565_2584784_1$HG02486#1#JAGYVM010000007.1_28868414_29370339_1	0.9575024351698477 1K
NA12718 HG00741#1#JAHALY010000007.1_18781197_19307680_1$HG02886#2#JAHAOT010000031.1_87393_401061_0	0.9574751940618795 1K
NA12718 HG02004.verkko_filt_pat.fa:haplotype2_0000813_139386576_140076845_1$HG02647.verkko_filt_mat.fa:haplotype1_0000002_103892584_104321036_0	0.9574694609491621 1K
NA12718 HG02080#2#JAHEOV010000017.1_16662177_17164189_0$HG03540#1#JAGYVY010000208.1_95187_596142_0	0.9574561448711985 1K
NA12718 HG02071.verkko_filt_pat.fa:haplotype2_0000736_102745972_103248026_0$HG03927.verkko_filt_pat.fa:haplotype2_0000800_29002142_29504057_1	0.9574440324302287 1K
NA12718 AV_HG01106#haplotype1#0000048:16666181_17262214$HG01109#1#JAHEPA010000099.1_2104245_2511104_1	0.9574409707471642 1K
NA12718 HG02080#2#JAHEOV010000017.1_16662177_17164189_0$HG03927.verkko_filt_pat.fa:haplotype2_0000800_29002142_29504057_1	0.9574335375046673 1K
NA12718 AV_HG01106#haplotype1#0000048:16666181_17262214$HG02145#2#JAHKSF010000206.1_1005292_1413195_1	0.9574321872504296 1K
NA12718 HG04228.verkko_filt_mat.fa:haplotype1_0000023_103429213_103930285_0$HG01099.verkko_filt_pat.fa:haplotype2_0000583_143544270_144046196_1	0.9574296650306232 1K
NA12718 HG00741#2#JAHALX010000013.1_51574319_51981226_0$chr1_chm13_103304997_103901127_0	0.9574242156534462 1K
NA12718 HG00621#1#JAHBCD010000034.1_2122997_2624098_1$HG01099.verkko_filt_pat.fa:haplotype2_0000583_143544270_144046196_1	0.9574214526615672 1K
NA12718 HG03453#1#JAGYVW010000157.1_2105722_2585000_1$HG01099.verkko_filt_pat.fa:haplotype2_0000583_143544270_144046196_1	0.9574207886328576 1K
NA12718 HG02723#2#JAHEOT010000034.1_19776337_20321518_1$HG01978#1#JAGYVS010000002.1_51519970_52021951_0	0.9573977345492336 1K
NA12718 AV_HG01106#haplotype2#0000932:16673968_17175925$HG02145#1#JAHKSG010000134.1_2102465_2647653_1	0.9573970540395422 1K
NA12718 HG02055#2#JAHEPJ010000017.1_24870122_25298560_1$HG02004.verkko_filt_pat.fa:haplotype2_0000813_139386576_140076845_1	0.9573880497870348 1K
NA12718 HG03540#1#JAGYVY010000208.1_95187_596142_0$HG02071.verkko_filt_pat.fa:haplotype2_0000736_102745972_103248026_0	0.9573828633536339 1K
NA12718 HG02004.verkko_filt_pat.fa:haplotype2_0000813_139386576_140076845_1$HG02809.verkko_filt_mat.fa:haplotype1_0000023_94161320_94589755_0	0.9573434969757200 1K
NA12718 AV_HG00673#haplotype1#0000019:16627360_17129375$HG02486#1#JAGYVM010000007.1_28868414_29370339_1	0.9573251248706839 1K
NA12718 HG02486#1#JAGYVM010000007.1_28868414_29370339_1$HG02293.verkko_filt_pat.fa:haplotype2_0000836_148310532_148812524_1	0.9573005985990447 1K
NA12718 HG00621#1#JAHBCD010000034.1_2122997_2624098_1$HG03927.verkko_filt_pat.fa:haplotype2_0000800_29002142_29504057_1	0.9572853450914373 1K
NA12718 HG02080#2#JAHEOV010000017.1_16662177_17164189_0$HG02486#1#JAGYVM010000007.1_28868414_29370339_1	0.9572558881984878 1K
NA12718 AV_HG01106#haplotype1#0000048:16666181_17262214$HG01258#2#JAGYYU010000072.1_51562603_51970395_0	0.9572387228869754 1K
NA12718 HG02486#1#JAGYVM010000007.1_28868414_29370339_1$HG02071.verkko_filt_pat.fa:haplotype2_0000736_102745972_103248026_0	0.9571968331822395 1K
NA12718 HG03453#1#JAGYVW010000157.1_2105722_2585000_1$NA20129#2#JAHEPD010000155.1_90039_569275_0	0.9571773143029890 1K
NA12718 AV_HG01106#haplotype1#0000048:16666181_17262214$AV_HG02257#haplotype2#0001152:102843493_103251377	0.9571716113183593 1K
NA12718 AV_HG01361#haplotype2#0001322:101872897_102186552$HG00741#1#JAHALY010000007.1_18781197_19307680_1	0.9571668147543253 1K
NA12718 HG01978#1#JAGYVS010000002.1_51519970_52021951_0$HG02145#1#JAHKSG010000134.1_2102465_2647653_1	0.9571468175270343 1K
NA12718 AV_HG01106#haplotype1#0000048:16666181_17262214$NA18906#1#JAHEOO010000054.1_2103477_2510435_1	0.9571354942743310 1K
NA12718 AV_HG01106#haplotype1#0000048:16666181_17262214$HG02630#1#JAHAOQ010000102.1_16672145_17079089_0	0.9571294876169375 1K
NA12718 HG00438#1#JAHBCB010000015.1_33474867_33954171_0$NA18906#2#JAHEON010000009.1_93748295_94249275_0	0.9571174752844932 1K
NA12718 HG03492#1#JAHEPI010000180.1_2103395_2543326_1$HG04228.verkko_filt_pat.fa:haplotype2_0000600_103806749_104119491_0	0.9571106086233466 1K
NA12718 AV_HG01106#haplotype1#0000048:16666181_17262214$HG02809.verkko_filt_pat.fa:haplotype2_0001251_103421111_103827972_0	0.9570910108387776 1K
NA12718 AV_HG01106#haplotype1#0000048:16666181_17262214$HG02818#1#JAHEOS010000101.1_89626_496613_0	0.9570565923741070 1K
NA12718 HG00621#1#JAHBCD010000034.1_2122997_2624098_1$HG02486#1#JAGYVM010000007.1_28868414_29370339_1	0.9570503605528414 1K
NA12718 HG00741#1#JAHALY010000007.1_18781197_19307680_1$HG03710.verkko_filt_mat.fa:haplotype1_0000029_102593394_102907063_0	0.9570475710878357 1K
NA12718 HG00621#1#JAHBCD010000034.1_2122997_2624098_1$HG03540#1#JAGYVY010000208.1_95187_596142_0	0.9570309847726295 1K
NA12718 HG02723#2#JAHEOT010000034.1_19776337_20321518_1$HG02293.verkko_filt_pat.fa:haplotype2_0000836_148310532_148812524_1	0.9570051703415322 1K
NA12718 AV_HG01106#haplotype1#0000048:16666181_17262214$HG02622#1#JAHAOO010000002.1_16673678_17080663_0	0.9569984350272704 1K
NA12718 HG03453#1#JAGYVW010000157.1_2105722_2585000_1$HG03540#1#JAGYVY010000208.1_95187_596142_0	0.9569877060882024 1K
NA12718 AV_HG01106#haplotype1#0000048:16666181_17262214$HG005#1#JAHEPO010000002.1_51519219_51926067_0	0.9569863329596293 1K
NA12718 HG00741#1#JAHALY010000007.1_18781197_19307680_1$HG03098#2#JAHEPL010000003.1_93803759_94117426_0	0.9569692648907389 1K
NA12718 HG02723#2#JAHEOT010000034.1_19776337_20321518_1$HG04228.verkko_filt_mat.fa:haplotype1_0000023_103429213_103930285_0	0.9569663786457755 1K
NA12718 AV_HG01106#haplotype1#0000048:16666181_17262214$HG02717#2#JAHAOR010000006.1_19663827_20070693_1	0.9569592989767658 1K
NA12718 HG02630#2#JAHAOP010000089.1_16669255_17076135_0$chr1_chm13_103304997_103901127_0	0.9569585724025804 1K
NA12718 AV_HG01106#haplotype1#0000048:16666181_17262214$HG02717#1#JAHAOS010000015.1_16660311_17067250_0	0.9569577446484931 1K
NA12718 HG01358#1#JAGYZB010000020.1_27445742_27855492_1$HG04228.verkko_filt_pat.fa:haplotype2_0000600_103806749_104119491_0	0.9569553255438716 1K
NA12718 HG02486#1#JAGYVM010000007.1_28868414_29370339_1$HG04228.verkko_filt_mat.fa:haplotype1_0000023_103429213_103930285_0	0.9569442987157517 1K
NA12718 HG03453#1#JAGYVW010000157.1_2105722_2585000_1$HG02622#2#JAHAON010000012.1_51551779_52031001_0	0.9569303562347282 1K
NA12718 AV_HG01106#haplotype1#0000048:16666181_17262214$HG02559#2#JAGYVJ010000037.1_52167780_52574597_1	0.9569230675396047 1K
NA12718 HG03540#1#JAGYVY010000208.1_95187_596142_0$HG04228.verkko_filt_mat.fa:haplotype1_0000023_103429213_103930285_0	0.9569109936461153 1K
NA12718 AV_HG01106#haplotype1#0000048:16666181_17262214$HG01123#1#JAGYYZ010000015.1_51528240_51935090_0	0.9568892141922115 1K
NA12718 AV_HG00673#haplotype1#0000019:16627360_17129375$HG02723#2#JAHEOT010000034.1_19776337_20321518_1	0.9568751242863544 1K
NA12718 HG00741#1#JAHALY010000007.1_18781197_19307680_1$HG02647.verkko_filt_pat.fa:haplotype2_0000857_103738150_104051769_0	0.9568686633746144 1K
NA12718 HG03453#1#JAGYVW010000157.1_2105722_2585000_1$HG03486#2#JAHEOP010000248.1_2105565_2584784_1	0.9568522999495451 1K
NA12718 AV_HG01106#haplotype2#0000932:16673968_17175925$NA18906#2#JAHEON010000009.1_93748295_94249275_0	0.9568327435600891 1K
NA12718 HG00741#1#JAHALY010000007.1_18781197_19307680_1$HG03579#2#JAGYVT010000094.1_51581892_51895531_0	0.9568327140174097 1K
NA12718 HG02080#2#JAHEOV010000017.1_16662177_17164189_0$HG02723#2#JAHEOT010000034.1_19776337_20321518_1	0.9568249919278669 1K
NA12718 AV_HG01106#haplotype1#0000048:16666181_17262214$HG02486#2#JAGYVL010000029.1_94163344_94570162_0	0.9567833533327444 1K
NA12718 HG02723#2#JAHEOT010000034.1_19776337_20321518_1$HG02071.verkko_filt_pat.fa:haplotype2_0000736_102745972_103248026_0	0.9567078229621299 1K
NA12718 AV_HG01106#haplotype1#0000048:16666181_17262214$HG02886#1#JAHAOU010000178.1_62411_469262_0	0.9566947565017507 1K
NA12718 AV_HG01106#haplotype1#0000048:16666181_17262214$HG00741#2#JAHALX010000013.1_51574319_51981226_0	0.9566912169264792 1K
NA12718 HG01978#1#JAGYVS010000002.1_51519970_52021951_0$NA18906#2#JAHEON010000009.1_93748295_94249275_0	0.9566624725362108 1K
NA12718 HG00621#1#JAHBCD010000034.1_2122997_2624098_1$HG02723#2#JAHEOT010000034.1_19776337_20321518_1	0.9566220441086385 1K
NA12718 HG02145#1#JAHKSG010000134.1_2102465_2647653_1$HG02293.verkko_filt_pat.fa:haplotype2_0000836_148310532_148812524_1	0.9566120556937099 1K
NA12718 HG00741#1#JAHALY010000007.1_18781197_19307680_1$HG01891#1#JAGYVO010000014.1_22855818_23168577_1	0.9566017292857697 1K
NA12718 HG00741#1#JAHALY010000007.1_18781197_19307680_1$HG00438#1#JAHBCB010000015.1_33474867_33954171_0	0.9565266909621619 1K
NA12718 HG02723#1#JAHEOU010000204.1_2102082_2414876_1$HG03492#1#JAHEPI010000180.1_2103395_2543326_1	0.9564335120835029 1K
NA12718 HG00741#1#JAHALY010000007.1_18781197_19307680_1$HG01109#2#JAHEOZ010000047.1_16671232_17151375_0	0.9564155778276976 1K
NA12718 HG02723#1#JAHEOU010000204.1_2102082_2414876_1$HG01358#1#JAGYZB010000020.1_27445742_27855492_1	0.9564141355945635 1K
NA12718 AV_HG00673#haplotype1#0000019:16627360_17129375$HG02145#1#JAHKSG010000134.1_2102465_2647653_1	0.9563913936405931 1K
NA12718 NA20129#2#JAHEPD010000155.1_90039_569275_0$HG02622#2#JAHAON010000012.1_51551779_52031001_0	0.9563866266063823 1K
NA12718 HG02080#2#JAHEOV010000017.1_16662177_17164189_0$HG02145#1#JAHKSG010000134.1_2102465_2647653_1	0.9563649939614264 1K
NA12718 HG02145#1#JAHKSG010000134.1_2102465_2647653_1$HG04228.verkko_filt_mat.fa:haplotype1_0000023_103429213_103930285_0	0.9563517650828655 1K
NA12718 HG00741#1#JAHALY010000007.1_18781197_19307680_1$HG03927.verkko_filt_pat.fa:haplotype2_0000800_29002142_29504057_1	0.9563507815983793 1K
NA12718 HG01109#2#JAHEOZ010000047.1_16671232_17151375_0$NA18906#2#JAHEON010000009.1_93748295_94249275_0	0.9563011104901732 1K
NA12718 AV_HG00673#haplotype1#0000019:16627360_17129375$NA18906#2#JAHEON010000009.1_93748295_94249275_0	0.9562757100915292 1K
NA12718 NA18906#2#JAHEON010000009.1_93748295_94249275_0$HG02293.verkko_filt_pat.fa:haplotype2_0000836_148310532_148812524_1	0.9562748222998202 1K
NA12718 HG02145#1#JAHKSG010000134.1_2102465_2647653_1$HG02071.verkko_filt_pat.fa:haplotype2_0000736_102745972_103248026_0	0.9562634226663136 1K
NA12718 HG00621#1#JAHBCD010000034.1_2122997_2624098_1$HG02145#1#JAHKSG010000134.1_2102465_2647653_1	0.9562489662226245 1K
NA12718 HG03453#1#JAGYVW010000157.1_2105722_2585000_1$HG02486#1#JAGYVM010000007.1_28868414_29370339_1	0.9562467656587565 1K
NA12718 HG00741#1#JAHALY010000007.1_18781197_19307680_1$HG01099.verkko_filt_pat.fa:haplotype2_0000583_143544270_144046196_1	0.9562415781400944 1K
NA12718 AV_HG01106#haplotype1#0000048:16666181_17262214$HG02630#2#JAHAOP010000089.1_16669255_17076135_0	0.9562367422625356 1K
NA12718 HG02080#2#JAHEOV010000017.1_16662177_17164189_0$NA18906#2#JAHEON010000009.1_93748295_94249275_0	0.9561679398454443 1K
NA12718 NA18906#2#JAHEON010000009.1_93748295_94249275_0$HG02071.verkko_filt_pat.fa:haplotype2_0000736_102745972_103248026_0	0.9561642308424061 1K
NA12718 chr1_chm13_103304997_103901127_0$HG01358#1#JAGYZB010000020.1_27445742_27855492_1	0.9561185133533456 1K
NA12718 HG03492#2#JAHEPH010000288.1_2098270_2432686_1$HG02004.verkko_filt_pat.fa:haplotype2_0000813_139386576_140076845_1	0.9560889431819481 1K
NA12718 HG00741#1#JAHALY010000007.1_18781197_19307680_1$HG03540#1#JAGYVY010000208.1_95187_596142_0	0.9560866103837216 1K
NA12718 HG00741#1#JAHALY010000007.1_18781197_19307680_1$NA20129#2#JAHEPD010000155.1_90039_569275_0	0.9560216825332355 1K
NA12718 HG01243#1#JAHEOY010000013.1_90081_424495_0$HG02004.verkko_filt_pat.fa:haplotype2_0000813_139386576_140076845_1	0.9560077424249074 1K
NA12718 HG00741#1#JAHALY010000007.1_18781197_19307680_1$HG02109#2#JAHEPF010000078.1_16678387_16991144_0	0.9559864791274336 1K
NA12718 HG00741#1#JAHALY010000007.1_18781197_19307680_1$HG02622#2#JAHAON010000012.1_51551779_52031001_0	0.9559275208877195 1K
NA12718 NA18906#2#JAHEON010000009.1_93748295_94249275_0$HG04228.verkko_filt_mat.fa:haplotype1_0000023_103429213_103930285_0	0.9558399888248251 1K
NA12718 HG00621#1#JAHBCD010000034.1_2122997_2624098_1$NA18906#2#JAHEON010000009.1_93748295_94249275_0	0.9558076841214959 1K
NA12718 HG00741#1#JAHALY010000007.1_18781197_19307680_1$HG02486#1#JAGYVM010000007.1_28868414_29370339_1	0.9557591525703631 1K
NA12718 HG00741#1#JAHALY010000007.1_18781197_19307680_1$HG03492#1#JAHEPI010000180.1_2103395_2543326_1	0.9557586375129603 1K
NA12718 HG00741#1#JAHALY010000007.1_18781197_19307680_1$HG03486#2#JAHEOP010000248.1_2105565_2584784_1	0.9557259558650986 1K
NA12718 HG03492#1#JAHEPI010000180.1_2103395_2543326_1$HG03540#2#JAGYVX010000148.1_1368955_1877115_0	0.9555357169977456 1K
NA12718 HG03579#2#JAGYVT010000094.1_51581892_51895531_0$HG01358#1#JAGYZB010000020.1_27445742_27855492_1	0.9553994974318650 1K
NA12718 AV_HG01106#haplotype1#0000048:16666181_17262214$HG01358#1#JAGYZB010000020.1_27445742_27855492_1	0.9553816408436953 1K
NA12718 HG01358#1#JAGYZB010000020.1_27445742_27855492_1$HG02647.verkko_filt_pat.fa:haplotype2_0000857_103738150_104051769_0	0.9553631237166833 1K
NA12718 HG01258#1#JAGYYV010000004.1_56955948_57456952_1$HG03927.verkko_filt_pat.fa:haplotype2_0000800_29002142_29504057_1	0.9553449968170680 1K
NA12718 HG00741#1#JAHALY010000007.1_18781197_19307680_1$HG03453#1#JAGYVW010000157.1_2105722_2585000_1	0.9553051809811408 1K
NA12718 HG03492#1#JAHEPI010000180.1_2103395_2543326_1$chr1_chm13_103304997_103901127_0	0.9552705257559166 1K
NA12718 HG01071#1#JAHBCF010000053.1_26607100_27108065_1$HG03927.verkko_filt_pat.fa:haplotype2_0000800_29002142_29504057_1	0.9552240744864711 1K
NA12718 HG03540#2#JAGYVX010000148.1_1368955_1877115_0$HG03098#1#JAHEPM010000059.1_16676208_17105596_0	0.9552154826378145 1K
NA12718 HG03540#2#JAGYVX010000148.1_1368955_1877115_0$HG02647.verkko_filt_mat.fa:haplotype1_0000002_103892584_104321036_0	0.9551363030186768 1K
NA12718 HG03486#2#JAHEOP010000248.1_2105565_2584784_1$NA18906#2#JAHEON010000009.1_93748295_94249275_0	0.9551162262076410 1K
NA12718 HG01258#1#JAGYYV010000004.1_56955948_57456952_1$HG01099.verkko_filt_pat.fa:haplotype2_0000583_143544270_144046196_1	0.9550256945863791 1K
NA12718 HG03540#2#JAGYVX010000148.1_1368955_1877115_0$HG02055#2#JAHEPJ010000017.1_24870122_25298560_1	0.9550176531881167 1K
NA12718 HG03492#1#JAHEPI010000180.1_2103395_2543326_1$HG02647.verkko_filt_pat.fa:haplotype2_0000857_103738150_104051769_0	0.9549612536165581 1K
NA12718 HG03579#2#JAGYVT010000094.1_51581892_51895531_0$HG03492#1#JAHEPI010000180.1_2103395_2543326_1	0.9549581917761317 1K
NA12718 HG01071#1#JAHBCF010000053.1_26607100_27108065_1$HG01099.verkko_filt_pat.fa:haplotype2_0000583_143544270_144046196_1	0.9549164012921446 1K
NA12718 HG00741#1#JAHALY010000007.1_18781197_19307680_1$NA18906#2#JAHEON010000009.1_93748295_94249275_0	0.9549088113405214 1K
NA12718 HG03492#1#JAHEPI010000180.1_2103395_2543326_1$HG01891#1#JAGYVO010000014.1_22855818_23168577_1	0.9548673993993300 1K
NA12718 HG03540#2#JAGYVX010000148.1_1368955_1877115_0$HG02809.verkko_filt_mat.fa:haplotype1_0000023_94161320_94589755_0	0.9548593580221360 1K
NA12718 HG03492#1#JAHEPI010000180.1_2103395_2543326_1$HG02109#2#JAHEPF010000078.1_16678387_16991144_0	0.9548497889579981 1K
NA12718 AV_HG01106#haplotype1#0000048:16666181_17262214$HG03492#1#JAHEPI010000180.1_2103395_2543326_1	0.9547506461195325 1K
NA12718 NA20129#2#JAHEPD010000155.1_90039_569275_0$NA18906#2#JAHEON010000009.1_93748295_94249275_0	0.9547077476869215 1K
NA12718 HG01358#1#JAGYZB010000020.1_27445742_27855492_1$HG01891#1#JAGYVO010000014.1_22855818_23168577_1	0.9546362437130298 1K
NA12718 HG01258#1#JAGYYV010000004.1_56955948_57456952_1$HG03540#1#JAGYVY010000208.1_95187_596142_0	0.9545937207319758 1K
NA12718 HG02622#2#JAHAON010000012.1_51551779_52031001_0$NA18906#2#JAHEON010000009.1_93748295_94249275_0	0.9545400039901265 1K
NA12718 AV_HG01175#haplotype1#0000070:46006269_46414083$HG02723#2#JAHEOT010000034.1_19776337_20321518_1	0.9544076924718653 1K
NA12718 HG01071#1#JAHBCF010000053.1_26607100_27108065_1$HG03540#1#JAGYVY010000208.1_95187_596142_0	0.9543867398717863 1K
NA12718 HG02723#2#JAHEOT010000034.1_19776337_20321518_1$HG01258#1#JAGYYV010000004.1_56955948_57456952_1	0.9542962447432209 1K
NA12718 HG01071#1#JAHBCF010000053.1_26607100_27108065_1$HG02723#2#JAHEOT010000034.1_19776337_20321518_1	0.9542737341259734 1K
NA12718 HG01071#1#JAHBCF010000053.1_26607100_27108065_1$HG01258#1#JAGYYV010000004.1_56955948_57456952_1	0.9542442612435424 1K
NA12718 AV_HG01175#haplotype1#0000070:46006269_46414083$HG02004.verkko_filt_pat.fa:haplotype2_0000813_139386576_140076845_1	0.9541302195812569 1K
NA12718 HG01258#1#JAGYYV010000004.1_56955948_57456952_1$HG02486#1#JAGYVM010000007.1_28868414_29370339_1	0.9539433340604211 1K
NA12718 HG01258#1#JAGYYV010000004.1_56955948_57456952_1$HG02145#1#JAHKSG010000134.1_2102465_2647653_1	0.9539135354373767 1K
NA12718 HG03098#1#JAHEPM010000059.1_16676208_17105596_0$HG01358#1#JAGYZB010000020.1_27445742_27855492_1	0.9539103084327668 1K
NA12718 HG03486#1#JAHEOQ010000123.1_16677696_17085575_0$HG02723#2#JAHEOT010000034.1_19776337_20321518_1	0.9538417734833556 1K
NA12718 HG03540#2#JAGYVX010000148.1_1368955_1877115_0$HG01109#2#JAHEOZ010000047.1_16671232_17151375_0	0.9538328245248592 1K
NA12718 AV_HG02148#haplotype2#0002863:16304803_16712699$HG02723#2#JAHEOT010000034.1_19776337_20321518_1	0.9538275205805186 1K
NA12718 HG02723#2#JAHEOT010000034.1_19776337_20321518_1$HG02071.verkko_filt_mat.fa:haplotype1_0000041_103610513_104018399_0	0.9538262319759861 1K
NA12718 HG00741#1#JAHALY010000007.1_18781197_19307680_1$HG01358#1#JAGYZB010000020.1_27445742_27855492_1	0.9537710342883765 1K
NA12718 HG01071#1#JAHBCF010000053.1_26607100_27108065_1$HG02486#1#JAGYVM010000007.1_28868414_29370339_1	0.9537552135155619 1K
NA12718 HG02723#2#JAHEOT010000034.1_19776337_20321518_1$HG002.verkko_filt_mat.fa:haplotype1_0000005_138228497_138636354_1	0.9537521915365634 1K
NA12718 HG01071#1#JAHBCF010000053.1_26607100_27108065_1$HG02145#1#JAHKSG010000134.1_2102465_2647653_1	0.9537495502728032 1K
NA12718 AV_HG01175#haplotype1#0000070:46006269_46414083$HG02145#1#JAHKSG010000134.1_2102465_2647653_1	0.9537259294937286 1K
NA12718 AV_HG02148#haplotype2#0002863:16304803_16712699$HG02004.verkko_filt_pat.fa:haplotype2_0000813_139386576_140076845_1	0.9536404928485970 1K
NA12718 HG02004.verkko_filt_pat.fa:haplotype2_0000813_139386576_140076845_1$HG02071.verkko_filt_mat.fa:haplotype1_0000041_103610513_104018399_0	0.9536272891306780 1K
NA12718 HG02004.verkko_filt_pat.fa:haplotype2_0000813_139386576_140076845_1$HG002.verkko_filt_mat.fa:haplotype1_0000005_138228497_138636354_1	0.9535283887885418 1K
NA12718 HG00621#2#JAHBCC010000031.1_16669999_17077865_0$HG02723#2#JAHEOT010000034.1_19776337_20321518_1	0.9535186770810736 1K
NA12718 HG03453#1#JAGYVW010000157.1_2105722_2585000_1$NA18906#2#JAHEON010000009.1_93748295_94249275_0	0.9535145513468880 1K
NA12718 HG02723#2#JAHEOT010000034.1_19776337_20321518_1$HG03453#2#JAGYVV010000088.1_22597550_23005370_1	0.9534904216631587 1K
NA12718 chr1_hg19_103998686_104406594_0$HG02723#2#JAHEOT010000034.1_19776337_20321518_1	0.9534563612067362 1K
NA12718 HG02723#2#JAHEOT010000034.1_19776337_20321518_1$chr1_hg38_103456064_103863972_0	0.9534563612067362 1K
NA12718 HG00621#2#JAHBCC010000031.1_16669999_17077865_0$HG02004.verkko_filt_pat.fa:haplotype2_0000813_139386576_140076845_1	0.9534527828444047 1K
NA12718 HG00438#1#JAHBCB010000015.1_33474867_33954171_0$HG03540#2#JAGYVX010000148.1_1368955_1877115_0	0.9534180246106918 1K
NA12718 HG03453#2#JAGYVV010000088.1_22597550_23005370_1$HG02004.verkko_filt_pat.fa:haplotype2_0000813_139386576_140076845_1	0.9533679733147121 1K
NA12718 HG03486#1#JAHEOQ010000123.1_16677696_17085575_0$HG02004.verkko_filt_pat.fa:haplotype2_0000813_139386576_140076845_1	0.9533454959036882 1K
NA12718 chr1_hg38_103456064_103863972_0$HG02004.verkko_filt_pat.fa:haplotype2_0000813_139386576_140076845_1	0.9533422648865938 1K
NA12718 chr1_hg19_103998686_104406594_0$HG02004.verkko_filt_pat.fa:haplotype2_0000813_139386576_140076845_1	0.9533422648865938 1K
NA12718 HG02723#2#JAHEOT010000034.1_19776337_20321518_1$HG005#2#JAHEPN010000023.1_51542210_51950070_0	0.9533342444286325 1K
NA12718 HG02004.verkko_filt_pat.fa:haplotype2_0000813_139386576_140076845_1$HG02300.verkko_filt_pat.fa:haplotype2_0000620_143362344_143769323_1	0.9533089933549223 1K
NA12718 HG01099.verkko_filt_pat.fa:haplotype2_0000583_143544270_144046196_1$HG03927.verkko_filt_pat.fa:haplotype2_0000800_29002142_29504057_1	0.9532870251961637 1K
NA12718 HG02723#2#JAHEOT010000034.1_19776337_20321518_1$HG02300.verkko_filt_pat.fa:haplotype2_0000620_143362344_143769323_1	0.9532743465894830 1K
NA12718 HG02145#1#JAHKSG010000134.1_2102465_2647653_1$HG002.verkko_filt_mat.fa:haplotype1_0000005_138228497_138636354_1	0.9532419650461696 1K
NA12718 AV_HG01106#haplotype2#0000932:16673968_17175925$HG03540#2#JAGYVX010000148.1_1368955_1877115_0	0.9532213647224177 1K
NA12718 HG03486#2#JAHEOP010000248.1_2105565_2584784_1$HG03540#2#JAGYVX010000148.1_1368955_1877115_0	0.9532089482005262 1K
NA12718 HG02723#2#JAHEOT010000034.1_19776337_20321518_1$HG02004.verkko_filt_mat.fa:haplotype1_0000022_97828542_98235483_0	0.9532086660796677 1K
NA12718 HG03486#1#JAHEOQ010000123.1_16677696_17085575_0$HG02145#1#JAHKSG010000134.1_2102465_2647653_1	0.9531805238877366 1K
NA12718 HG01978#1#JAGYVS010000002.1_51519970_52021951_0$HG03540#2#JAGYVX010000148.1_1368955_1877115_0	0.9531598959050767 1K
NA12718 HG02723#2#JAHEOT010000034.1_19776337_20321518_1$HG01978#2#JAGYVR010000007.1_51532241_51939176_0	0.9531521814835443 1K
NA12718 HG02145#1#JAHKSG010000134.1_2102465_2647653_1$HG02071.verkko_filt_mat.fa:haplotype1_0000041_103610513_104018399_0	0.9531403072962243 1K
NA12718 HG03540#1#JAGYVY010000208.1_95187_596142_0$HG03927.verkko_filt_pat.fa:haplotype2_0000800_29002142_29504057_1	0.9531092641215909 1K
NA12718 HG01928#1#JAGYVQ010000053.1_16676493_17083407_0$HG02723#2#JAHEOT010000034.1_19776337_20321518_1	0.9530876257595186 1K
NA12718 HG005#2#JAHEPN010000023.1_51542210_51950070_0$HG02004.verkko_filt_pat.fa:haplotype2_0000813_139386576_140076845_1	0.9530798529792140 1K
NA12718 AV_HG02148#haplotype2#0002863:16304803_16712699$HG02145#1#JAHKSG010000134.1_2102465_2647653_1	0.9530639941207131 1K
NA12718 HG02109#2#JAHEPF010000078.1_16678387_16991144_0$HG01358#1#JAGYZB010000020.1_27445742_27855492_1	0.9530594420709786 1K
NA12718 NA20129#2#JAHEPD010000155.1_90039_569275_0$HG03540#2#JAGYVX010000148.1_1368955_1877115_0	0.9530565581215120 1K
NA12718 HG02004.verkko_filt_pat.fa:haplotype2_0000813_139386576_140076845_1$HG02300.verkko_filt_mat.fa:haplotype1_0000028_144052837_144460586_1	0.9530166621261791 1K
NA12718 HG02622#2#JAHAON010000012.1_51551779_52031001_0$HG03540#2#JAGYVX010000148.1_1368955_1877115_0	0.9530133506779093 1K
NA12718 HG02004.verkko_filt_pat.fa:haplotype2_0000813_139386576_140076845_1$HG01099.verkko_filt_mat.fa:haplotype1_0000034_142513097_142920876_1	0.9530077595953061 1K
NA12718 NA19240#2#JAHEOL010000010.1_37445323_37853017_0$HG02004.verkko_filt_pat.fa:haplotype2_0000813_139386576_140076845_1	0.9529761361383284 1K
NA12718 HG02080#1#JAHEOW010000048.1_16689583_17097287_0$HG02004.verkko_filt_pat.fa:haplotype2_0000813_139386576_140076845_1	0.9529631461589070 1K
NA12718 HG00621#2#JAHBCC010000031.1_16669999_17077865_0$HG02145#1#JAHKSG010000134.1_2102465_2647653_1	0.9529590036907810 1K
NA12718 HG02004.verkko_filt_pat.fa:haplotype2_0000813_139386576_140076845_1$HG002.verkko_filt_pat.fa:haplotype2_0000649_147937390_148315979_1	0.9529476706262046 1K
NA12718 chr1_hg38_103456064_103863972_0$HG02145#1#JAHKSG010000134.1_2102465_2647653_1	0.9529415992554926 1K
NA12718 chr1_hg19_103998686_104406594_0$HG02145#1#JAHKSG010000134.1_2102465_2647653_1	0.9529415992554926 1K
NA12718 HG02486#1#JAGYVM010000007.1_28868414_29370339_1$HG03927.verkko_filt_pat.fa:haplotype2_0000800_29002142_29504057_1	0.9528925054293848 1K
NA12718 HG02004.verkko_filt_pat.fa:haplotype2_0000813_139386576_140076845_1$HG02004.verkko_filt_mat.fa:haplotype1_0000022_97828542_98235483_0	0.9528732629046471 1K
NA12718 HG02004.verkko_filt_pat.fa:haplotype2_0000813_139386576_140076845_1$HG03927.verkko_filt_mat.fa:haplotype1_0000009_134765170_135173010_1	0.9528658589493914 1K
NA12718 HG01978#2#JAGYVR010000007.1_51532241_51939176_0$HG02004.verkko_filt_pat.fa:haplotype2_0000813_139386576_140076845_1	0.9528477358885638 1K
NA12718 HG03516#1#JAGYYT010000012.1_24170958_24578778_1$HG02004.verkko_filt_pat.fa:haplotype2_0000813_139386576_140076845_1	0.9528453671879389 1K
NA12718 HG03492#1#JAHEPI010000180.1_2103395_2543326_1$HG03098#1#JAHEPM010000059.1_16676208_17105596_0	0.9528060776738456 1K
NA12718 HG02723#2#JAHEOT010000034.1_19776337_20321518_1$HG01099.verkko_filt_pat.fa:haplotype2_0000583_143544270_144046196_1	0.9527918836156566 1K
NA12718 HG01358#1#JAGYZB010000020.1_27445742_27855492_1$HG02647.verkko_filt_mat.fa:haplotype1_0000002_103892584_104321036_0	0.9527805728441440 1K
NA12718 HG02055#2#JAHEPJ010000017.1_24870122_25298560_1$HG01358#1#JAGYZB010000020.1_27445742_27855492_1	0.9527534431263712 1K
NA12718 HG02723#2#JAHEOT010000034.1_19776337_20321518_1$HG03927.verkko_filt_pat.fa:haplotype2_0000800_29002142_29504057_1	0.9527521909312829 1K
NA12718 HG03453#2#JAGYVV010000088.1_22597550_23005370_1$HG02145#1#JAHKSG010000134.1_2102465_2647653_1	0.9527519149130286 1K
NA12718 HG02723#2#JAHEOT010000034.1_19776337_20321518_1$HG03540#1#JAGYVY010000208.1_95187_596142_0	0.9527315095870017 1K
NA12718 HG01928#1#JAGYVQ010000053.1_16676493_17083407_0$HG02004.verkko_filt_pat.fa:haplotype2_0000813_139386576_140076845_1	0.9527287797813192 1K
NA12718 HG02559#1#JAGYVK010000012.1_51505852_51913611_0$HG02004.verkko_filt_pat.fa:haplotype2_0000813_139386576_140076845_1	0.9527232799817312 1K
NA12718 HG03516#2#JAGYYS010000004.1_24452130_24859892_1$HG02004.verkko_filt_pat.fa:haplotype2_0000813_139386576_140076845_1	0.9527157341900484 1K
NA12718 HG02818#2#JAHEOR010000010.1_31775319_32183091_1$HG02004.verkko_filt_pat.fa:haplotype2_0000813_139386576_140076845_1	0.9527154389788580 1K
NA12718 AV_HG01361#haplotype1#0000023:101593539_102001341$HG02004.verkko_filt_pat.fa:haplotype2_0000813_139386576_140076845_1	0.9526991799226812 1K
NA12718 HG02145#1#JAHKSG010000134.1_2102465_2647653_1$HG02300.verkko_filt_pat.fa:haplotype2_0000620_143362344_143769323_1	0.9526741959699997 1K
NA12718 HG005#2#JAHEPN010000023.1_51542210_51950070_0$HG02145#1#JAHKSG010000134.1_2102465_2647653_1	0.9526528862704897 1K
NA12718 HG03579#1#JAGYVU010000029.1_91404_499180_0$HG02004.verkko_filt_pat.fa:haplotype2_0000813_139386576_140076845_1	0.9526476341242246 1K
NA12718 NA19240#1#JAHEOM010000047.1_30103390_30511199_1$HG02004.verkko_filt_pat.fa:haplotype2_0000813_139386576_140076845_1	0.9526401554336219 1K
NA12718 HG02145#1#JAHKSG010000134.1_2102465_2647653_1$HG01099.verkko_filt_pat.fa:haplotype2_0000583_143544270_144046196_1	0.9525614914284605 1K
NA12718 HG01978#2#JAGYVR010000007.1_51532241_51939176_0$HG02145#1#JAHKSG010000134.1_2102465_2647653_1	0.9525431137276569 1K
NA12718 HG01258#1#JAGYYV010000004.1_56955948_57456952_1$NA18906#2#JAHEON010000009.1_93748295_94249275_0	0.9525387235416780 1K
NA12718 HG02145#1#JAHKSG010000134.1_2102465_2647653_1$HG03927.verkko_filt_pat.fa:haplotype2_0000800_29002142_29504057_1	0.9525063126509014 1K
NA12718 HG01358#1#JAGYZB010000020.1_27445742_27855492_1$HG02809.verkko_filt_mat.fa:haplotype1_0000023_94161320_94589755_0	0.9525051223506222 1K
NA12718 HG02145#1#JAHKSG010000134.1_2102465_2647653_1$HG02004.verkko_filt_mat.fa:haplotype1_0000022_97828542_98235483_0	0.9524826601364766 1K
NA12718 HG03540#2#JAGYVX010000148.1_1368955_1877115_0$HG02293.verkko_filt_pat.fa:haplotype2_0000836_148310532_148812524_1	0.9524696507538166 1K
NA12718 AV_HG00673#haplotype1#0000019:16627360_17129375$HG03540#2#JAGYVX010000148.1_1368955_1877115_0	0.9524678508627915 1K
NA12718 HG03492#1#JAHEPI010000180.1_2103395_2543326_1$HG02647.verkko_filt_mat.fa:haplotype1_0000002_103892584_104321036_0	0.9524626726903535 1K
NA12718 AV_HG00673#haplotype2#0001165:24014011_24421797$HG02004.verkko_filt_pat.fa:haplotype2_0000813_139386576_140076845_1	0.9524539369352421 1K
NA12718 HG02080#2#JAHEOV010000017.1_16662177_17164189_0$HG03540#2#JAGYVX010000148.1_1368955_1877115_0	0.9524413770598867 1K
NA12718 HG02145#1#JAHKSG010000134.1_2102465_2647653_1$HG03540#1#JAGYVY010000208.1_95187_596142_0	0.9524070232303021 1K
NA12718 HG01109#1#JAHEPA010000099.1_2104245_2511104_1$HG02004.verkko_filt_pat.fa:haplotype2_0000813_139386576_140076845_1	0.9523802763572987 1K
NA12718 HG03453#1#JAGYVW010000157.1_2105722_2585000_1$HG03540#2#JAGYVX010000148.1_1368955_1877115_0	0.9523555920769476 1K
NA12718 HG03540#2#JAGYVX010000148.1_1368955_1877115_0$HG02071.verkko_filt_pat.fa:haplotype2_0000736_102745972_103248026_0	0.9523543395522024 1K
NA12718 HG01928#1#JAGYVQ010000053.1_16676493_17083407_0$HG02145#1#JAHKSG010000134.1_2102465_2647653_1	0.9523509140232244 1K
NA12718 HG03540#2#JAGYVX010000148.1_1368955_1877115_0$HG04228.verkko_filt_mat.fa:haplotype1_0000023_103429213_103930285_0	0.9523243290751687 1K
NA12718 HG00621#1#JAHBCD010000034.1_2122997_2624098_1$HG03540#2#JAGYVX010000148.1_1368955_1877115_0	0.9522741566405690 1K
NA12718 HG03492#1#JAHEPI010000180.1_2103395_2543326_1$HG02055#2#JAHEPJ010000017.1_24870122_25298560_1	0.9522615641459763 1K
NA12718 HG02109#1#JAHEPG010000026.1_16673035_17080816_0$HG02004.verkko_filt_pat.fa:haplotype2_0000813_139386576_140076845_1	0.9522589556457164 1K
NA12718 HG02145#2#JAHKSF010000206.1_1005292_1413195_1$HG02004.verkko_filt_pat.fa:haplotype2_0000813_139386576_140076845_1	0.9522010195880616 1K
NA12718 HG01071#1#JAHBCF010000053.1_26607100_27108065_1$NA18906#2#JAHEON010000009.1_93748295_94249275_0	0.9521726323467684 1K
NA12718 HG01258#2#JAGYYU010000072.1_51562603_51970395_0$HG02004.verkko_filt_pat.fa:haplotype2_0000813_139386576_140076845_1	0.9520741246012385 1K
NA12718 NA18906#1#JAHEOO010000054.1_2103477_2510435_1$HG02004.verkko_filt_pat.fa:haplotype2_0000813_139386576_140076845_1	0.9520649026785666 1K
NA12718 AV_HG02257#haplotype2#0001152:102843493_103251377$HG02004.verkko_filt_pat.fa:haplotype2_0000813_139386576_140076845_1	0.9520245787958167 1K
NA12718 HG02630#1#JAHAOQ010000102.1_16672145_17079089_0$HG02004.verkko_filt_pat.fa:haplotype2_0000813_139386576_140076845_1	0.9520151460221148 1K
NA12718 HG03098#1#JAHEPM010000059.1_16676208_17105596_0$HG002.verkko_filt_pat.fa:haplotype2_0000649_147937390_148315979_1	0.9520110607020996 1K
NA12718 HG02004.verkko_filt_pat.fa:haplotype2_0000813_139386576_140076845_1$HG02809.verkko_filt_pat.fa:haplotype2_0001251_103421111_103827972_0	0.9519989004724912 1K
NA12718 HG02559#2#JAGYVJ010000037.1_52167780_52574597_1$HG02004.verkko_filt_pat.fa:haplotype2_0000813_139386576_140076845_1	0.9519591763831114 1K
NA12718 HG02723#2#JAHEOT010000034.1_19776337_20321518_1$chr1_chm13_103304997_103901127_0	0.9519558266812578 1K
NA12718 HG02486#2#JAGYVL010000029.1_94163344_94570162_0$HG02004.verkko_filt_pat.fa:haplotype2_0000813_139386576_140076845_1	0.9519502022791048 1K
NA12718 HG005#1#JAHEPO010000002.1_51519219_51926067_0$HG02004.verkko_filt_pat.fa:haplotype2_0000813_139386576_140076845_1	0.9519239553183541 1K
NA12718 HG02818#1#JAHEOS010000101.1_89626_496613_0$HG02004.verkko_filt_pat.fa:haplotype2_0000813_139386576_140076845_1	0.9518842001127900 1K
NA12718 HG02717#2#JAHAOR010000006.1_19663827_20070693_1$HG02004.verkko_filt_pat.fa:haplotype2_0000813_139386576_140076845_1	0.9518729753794892 1K
NA12718 HG03492#1#JAHEPI010000180.1_2103395_2543326_1$HG02809.verkko_filt_mat.fa:haplotype1_0000023_94161320_94589755_0	0.9518613372131084 1K
NA12718 HG02717#1#JAHAOS010000015.1_16660311_17067250_0$HG02004.verkko_filt_pat.fa:haplotype2_0000813_139386576_140076845_1	0.9518586904373707 1K
NA12718 HG02486#1#JAGYVM010000007.1_28868414_29370339_1$HG01099.verkko_filt_pat.fa:haplotype2_0000583_143544270_144046196_1	0.9518298962712320 1K
NA12718 HG02886#1#JAHAOU010000178.1_62411_469262_0$HG02004.verkko_filt_pat.fa:haplotype2_0000813_139386576_140076845_1	0.9518009253942364 1K
NA12718 HG01123#1#JAGYYZ010000015.1_51528240_51935090_0$HG02004.verkko_filt_pat.fa:haplotype2_0000813_139386576_140076845_1	0.9517877281839852 1K
NA12718 HG02622#1#JAHAOO010000002.1_16673678_17080663_0$HG02004.verkko_filt_pat.fa:haplotype2_0000813_139386576_140076845_1	0.9517601088667251 1K
NA12718 HG02145#1#JAHKSG010000134.1_2102465_2647653_1$chr1_chm13_103304997_103901127_0	0.9517332894005455 1K
NA12718 HG00733#1#JAHEPQ010000019.1_46106835_46420495_0$HG03710.verkko_filt_pat.fa:haplotype2_0000488_101614437_102218208_0	0.9517218978330244 1K
NA12718 HG03540#1#JAGYVY010000208.1_95187_596142_0$HG02486#1#JAGYVM010000007.1_28868414_29370339_1	0.9516408631455008 1K
NA12718 HG00741#2#JAHALX010000013.1_51574319_51981226_0$HG02004.verkko_filt_pat.fa:haplotype2_0000813_139386576_140076845_1	0.9515571548663615 1K
NA12718 AV_HG01106#haplotype1#0000048:16666181_17262214$HG02723#2#JAHEOT010000034.1_19776337_20321518_1	0.9514779905761830 1K
NA12718 HG00438#2#JAHBCA010000012.1_51513023_51826723_0$HG03710.verkko_filt_pat.fa:haplotype2_0000488_101614437_102218208_0	0.9514499063100924 1K
NA12718 NA18906#2#JAHEON010000009.1_93748295_94249275_0$HG03927.verkko_filt_pat.fa:haplotype2_0000800_29002142_29504057_1	0.9514460218017535 1K
NA12718 NA18906#2#JAHEON010000009.1_93748295_94249275_0$HG01099.verkko_filt_pat.fa:haplotype2_0000583_143544270_144046196_1	0.9514172504203859 1K
NA12718 AV_HG01106#haplotype1#0000048:16666181_17262214$HG02145#1#JAHKSG010000134.1_2102465_2647653_1	0.9513618291270733 1K
NA12718 HG02723#2#JAHEOT010000034.1_19776337_20321518_1$HG02486#1#JAGYVM010000007.1_28868414_29370339_1	0.9512604653955558 1K
NA12718 HG03540#1#JAGYVY010000208.1_95187_596142_0$NA18906#2#JAHEON010000009.1_93748295_94249275_0	0.9510703389735795 1K
NA12718 HG03540#1#JAGYVY010000208.1_95187_596142_0$HG01099.verkko_filt_pat.fa:haplotype2_0000583_143544270_144046196_1	0.9510565850971605 1K
NA12718 HG01109#2#JAHEOZ010000047.1_16671232_17151375_0$chr1_chm13_103304997_103901127_0	0.9510456770756044 1K
NA12718 HG02630#2#JAHAOP010000089.1_16669255_17076135_0$HG02004.verkko_filt_pat.fa:haplotype2_0000813_139386576_140076845_1	0.9510120689985205 1K
NA12718 HG02647.verkko_filt_mat.fa:haplotype1_0000002_103892584_104321036_0$HG002.verkko_filt_pat.fa:haplotype2_0000649_147937390_148315979_1	0.9508948333924415 1K
NA12718 AV_HG01106#haplotype1#0000048:16666181_17262214$HG01109#2#JAHEOZ010000047.1_16671232_17151375_0	0.9507824820028670 1K
NA12718 HG02145#1#JAHKSG010000134.1_2102465_2647653_1$HG02486#1#JAGYVM010000007.1_28868414_29370339_1	0.9507683093797147 1K
NA12718 HG02055#2#JAHEPJ010000017.1_24870122_25298560_1$HG002.verkko_filt_pat.fa:haplotype2_0000649_147937390_148315979_1	0.9506970026242281 1K
NA12718 HG01258#1#JAGYYV010000004.1_56955948_57456952_1$HG03540#2#JAGYVX010000148.1_1368955_1877115_0	0.9506685189022529 1K
NA12718 HG00438#1#JAHBCB010000015.1_33474867_33954171_0$chr1_chm13_103304997_103901127_0	0.9505266440100495 1K
NA12718 HG01071#1#JAHBCF010000053.1_26607100_27108065_1$HG03540#2#JAGYVX010000148.1_1368955_1877115_0	0.9505210713370117 1K
NA12718 HG02723#2#JAHEOT010000034.1_19776337_20321518_1$NA18906#2#JAHEON010000009.1_93748295_94249275_0	0.9505197845947376 1K
NA12718 HG02809.verkko_filt_mat.fa:haplotype1_0000023_94161320_94589755_0$HG002.verkko_filt_pat.fa:haplotype2_0000649_147937390_148315979_1	0.9504549178373688 1K
NA12718 HG01243#1#JAHEOY010000013.1_90081_424495_0$HG002.verkko_filt_pat.fa:haplotype2_0000649_147937390_148315979_1	0.9504504100967545 1K
NA12718 NA18906#2#JAHEON010000009.1_93748295_94249275_0$HG02486#1#JAGYVM010000007.1_28868414_29370339_1	0.9504481141905755 1K
NA12718 HG03492#2#JAHEPH010000288.1_2098270_2432686_1$HG002.verkko_filt_pat.fa:haplotype2_0000649_147937390_148315979_1	0.9504047143893434 1K
NA12718 HG01243#1#JAHEOY010000013.1_90081_424495_0$HG03098#1#JAHEPM010000059.1_16676208_17105596_0	0.9503825195999885 1K
NA12718 HG00741#1#JAHALY010000007.1_18781197_19307680_1$chr1_chm13_103304997_103901127_0	0.9503667408911257 1K
NA12718 HG03492#2#JAHEPH010000288.1_2098270_2432686_1$HG03098#1#JAHEPM010000059.1_16676208_17105596_0	0.9503407965668794 1K
NA12718 HG03540#2#JAGYVX010000148.1_1368955_1877115_0$HG01358#1#JAGYZB010000020.1_27445742_27855492_1	0.9502806768329797 1K
NA12718 HG03710.verkko_filt_pat.fa:haplotype2_0000488_101614437_102218208_0$HG02293.verkko_filt_mat.fa:haplotype1_0000039_30204405_30517145_1	0.9502427510603103 1K
NA12718 HG03486#2#JAHEOP010000248.1_2105565_2584784_1$chr1_chm13_103304997_103901127_0	0.9502029083007133 1K
NA12718 HG02145#1#JAHKSG010000134.1_2102465_2647653_1$NA18906#2#JAHEON010000009.1_93748295_94249275_0	0.9501902523147466 1K
NA12718 HG02622#2#JAHAON010000012.1_51551779_52031001_0$chr1_chm13_103304997_103901127_0	0.9501837657380080 1K
NA12718 AV_HG01106#haplotype1#0000048:16666181_17262214$HG00438#1#JAHBCB010000015.1_33474867_33954171_0	0.9501639375004876 1K
NA12718 NA20129#2#JAHEPD010000155.1_90039_569275_0$chr1_chm13_103304997_103901127_0	0.9501602354623386 1K
NA12718 AV_HG01106#haplotype1#0000048:16666181_17262214$HG00741#1#JAHALY010000007.1_18781197_19307680_1	0.9501251179651796 1K
NA12718 HG01358#1#JAGYZB010000020.1_27445742_27855492_1$HG02004.verkko_filt_pat.fa:haplotype2_0000813_139386576_140076845_1	0.9501012289126756 1K
NA12718 HG03492#1#JAHEPI010000180.1_2103395_2543326_1$HG02004.verkko_filt_pat.fa:haplotype2_0000813_139386576_140076845_1	0.9499657140520013 1K
NA12718 HG02723#2#JAHEOT010000034.1_19776337_20321518_1$NA19240#2#JAHEOL010000010.1_37445323_37853017_0	0.9499356927355905 1K
NA12718 HG02723#2#JAHEOT010000034.1_19776337_20321518_1$HG02300.verkko_filt_mat.fa:haplotype1_0000028_144052837_144460586_1	0.9498850888373338 1K
NA12718 HG02723#2#JAHEOT010000034.1_19776337_20321518_1$HG03516#1#JAGYYT010000012.1_24170958_24578778_1	0.9498556714587681 1K
NA12718 HG02723#2#JAHEOT010000034.1_19776337_20321518_1$HG03927.verkko_filt_mat.fa:haplotype1_0000009_134765170_135173010_1	0.9497843038538354 1K
NA12718 HG02818#2#JAHEOR010000010.1_31775319_32183091_1$HG02723#2#JAHEOT010000034.1_19776337_20321518_1	0.9497429960096790 1K
NA12718 HG02723#2#JAHEOT010000034.1_19776337_20321518_1$HG03516#2#JAGYYS010000004.1_24452130_24859892_1	0.9496921367166278 1K
NA12718 HG02080#1#JAHEOW010000048.1_16689583_17097287_0$HG02723#2#JAHEOT010000034.1_19776337_20321518_1	0.9496860574489734 1K
NA12718 HG02559#1#JAGYVK010000012.1_51505852_51913611_0$HG02723#2#JAHEOT010000034.1_19776337_20321518_1	0.9496727737079781 1K
NA12718 HG02723#2#JAHEOT010000034.1_19776337_20321518_1$HG01099.verkko_filt_mat.fa:haplotype1_0000034_142513097_142920876_1	0.9496698913502190 1K
NA12718 HG02145#1#JAHKSG010000134.1_2102465_2647653_1$HG02300.verkko_filt_mat.fa:haplotype1_0000028_144052837_144460586_1	0.9496647000301439 1K
NA12718 AV_HG01106#haplotype1#0000048:16666181_17262214$HG03486#2#JAHEOP010000248.1_2105565_2584784_1	0.9495795806470867 1K
NA12718 HG03453#1#JAGYVW010000157.1_2105722_2585000_1$chr1_chm13_103304997_103901127_0	0.9495537378209348 1K
NA12718 HG02723#2#JAHEOT010000034.1_19776337_20321518_1$NA19240#1#JAHEOM010000047.1_30103390_30511199_1	0.9495381252783581 1K
NA12718 HG02723#2#JAHEOT010000034.1_19776337_20321518_1$HG03579#1#JAGYVU010000029.1_91404_499180_0	0.9495071693032081 1K
NA12718 AV_HG01361#haplotype1#0000023:101593539_102001341$HG02723#2#JAHEOT010000034.1_19776337_20321518_1	0.9494861567197282 1K
NA12718 HG02145#1#JAHKSG010000134.1_2102465_2647653_1$HG01099.verkko_filt_mat.fa:haplotype1_0000034_142513097_142920876_1	0.9494225023626518 1K
NA12718 HG02145#1#JAHKSG010000134.1_2102465_2647653_1$NA19240#2#JAHEOL010000010.1_37445323_37853017_0	0.9494183315402079 1K
NA12718 AV_HG01106#haplotype1#0000048:16666181_17262214$HG02622#2#JAHAON010000012.1_51551779_52031001_0	0.9494175228483880 1K
NA12718 AV_HG01106#haplotype1#0000048:16666181_17262214$NA20129#2#JAHEPD010000155.1_90039_569275_0	0.9493940755933293 1K
NA12718 HG02080#1#JAHEOW010000048.1_16689583_17097287_0$HG02145#1#JAHKSG010000134.1_2102465_2647653_1	0.9493930645282975 1K
NA12718 HG01109#1#JAHEPA010000099.1_2104245_2511104_1$HG02723#2#JAHEOT010000034.1_19776337_20321518_1	0.9493770784535088 1K
NA12718 AV_HG01361#haplotype2#0001322:101872897_102186552$HG03710.verkko_filt_pat.fa:haplotype2_0000488_101614437_102218208_0	0.9492226897290440 1K
NA12718 AV_HG01361#haplotype1#0000023:101593539_102001341$HG02145#1#JAHKSG010000134.1_2102465_2647653_1	0.9492224550493307 1K
NA12718 HG02145#1#JAHKSG010000134.1_2102465_2647653_1$HG03516#2#JAGYYS010000004.1_24452130_24859892_1	0.9492164149491289 1K
NA12718 AV_HG00673#haplotype2#0001165:24014011_24421797$HG02723#2#JAHEOT010000034.1_19776337_20321518_1	0.9492106967497516 1K
NA12718 AV_HG02257#haplotype2#0001152:102843493_103251377$HG02723#2#JAHEOT010000034.1_19776337_20321518_1	0.9491949970674358 1K
NA12718 HG01123#2#JAGYYY010000006.1_51579630_51892388_0$HG03710.verkko_filt_pat.fa:haplotype2_0000488_101614437_102218208_0	0.9491847817100112 1K
NA12718 HG02145#1#JAHKSG010000134.1_2102465_2647653_1$HG03927.verkko_filt_mat.fa:haplotype1_0000009_134765170_135173010_1	0.9491435565126745 1K
NA12718 HG03516#1#JAGYYT010000012.1_24170958_24578778_1$HG02145#1#JAHKSG010000134.1_2102465_2647653_1	0.9491127722782635 1K
NA12718 HG02145#2#JAHKSF010000206.1_1005292_1413195_1$HG02723#2#JAHEOT010000034.1_19776337_20321518_1	0.9490913756996462 1K
NA12718 HG02886#2#JAHAOT010000031.1_87393_401061_0$HG03710.verkko_filt_pat.fa:haplotype2_0000488_101614437_102218208_0	0.9490841997135490 1K
NA12718 HG02559#1#JAGYVK010000012.1_51505852_51913611_0$HG02145#1#JAHKSG010000134.1_2102465_2647653_1	0.9490799682839204 1K
NA12718 HG02818#2#JAHEOR010000010.1_31775319_32183091_1$HG02145#1#JAHKSG010000134.1_2102465_2647653_1	0.9490510185480338 1K
NA12718 HG02145#1#JAHKSG010000134.1_2102465_2647653_1$HG03579#1#JAGYVU010000029.1_91404_499180_0	0.9490438511302975 1K
NA12718 HG03710.verkko_filt_mat.fa:haplotype1_0000029_102593394_102907063_0$HG03710.verkko_filt_pat.fa:haplotype2_0000488_101614437_102218208_0	0.9489879071715240 1K
NA12718 HG02723#2#JAHEOT010000034.1_19776337_20321518_1$NA18906#1#JAHEOO010000054.1_2103477_2510435_1	0.9489691421744713 1K
NA12718 HG02723#2#JAHEOT010000034.1_19776337_20321518_1$HG02818#1#JAHEOS010000101.1_89626_496613_0	0.9489578426835371 1K
NA12718 HG02723#2#JAHEOT010000034.1_19776337_20321518_1$HG02622#1#JAHAOO010000002.1_16673678_17080663_0	0.9489311267963165 1K
NA12718 AV_HG00673#haplotype2#0001165:24014011_24421797$HG02145#1#JAHKSG010000134.1_2102465_2647653_1	0.9489264181099011 1K
NA12718 AV_HG01106#haplotype1#0000048:16666181_17262214$HG03453#1#JAGYVW010000157.1_2105722_2585000_1	0.9488775233318785 1K
NA12718 HG02717#1#JAHAOS010000015.1_16660311_17067250_0$HG02723#2#JAHEOT010000034.1_19776337_20321518_1	0.9488696612360306 1K
NA12718 HG02630#1#JAHAOQ010000102.1_16672145_17079089_0$HG02723#2#JAHEOT010000034.1_19776337_20321518_1	0.9488469757131496 1K
NA12718 HG02145#1#JAHKSG010000134.1_2102465_2647653_1$NA19240#1#JAHEOM010000047.1_30103390_30511199_1	0.9488413392017728 1K
NA12718 HG01243#1#JAHEOY010000013.1_90081_424495_0$HG02647.verkko_filt_mat.fa:haplotype1_0000002_103892584_104321036_0	0.9488204007545747 1K
NA12718 HG03492#2#JAHEPH010000288.1_2098270_2432686_1$HG02647.verkko_filt_mat.fa:haplotype1_0000002_103892584_104321036_0	0.9488000089515743 1K
NA12718 HG01243#1#JAHEOY010000013.1_90081_424495_0$HG02055#2#JAHEPJ010000017.1_24870122_25298560_1	0.9487640244668700 1K
NA12718 HG03492#2#JAHEPH010000288.1_2098270_2432686_1$HG02055#2#JAHEPJ010000017.1_24870122_25298560_1	0.9486904155496039 1K
NA12718 HG01243#1#JAHEOY010000013.1_90081_424495_0$HG02809.verkko_filt_mat.fa:haplotype1_0000023_94161320_94589755_0	0.9486776364893714 1K
NA12718 HG03492#2#JAHEPH010000288.1_2098270_2432686_1$HG02809.verkko_filt_mat.fa:haplotype1_0000023_94161320_94589755_0	0.9486679243426417 1K
NA12718 HG03098#2#JAHEPL010000003.1_93803759_94117426_0$HG03710.verkko_filt_pat.fa:haplotype2_0000488_101614437_102218208_0	0.9485807862957584 1K
NA12718 HG02145#2#JAHKSF010000206.1_1005292_1413195_1$HG02145#1#JAHKSG010000134.1_2102465_2647653_1	0.9484799355419795 1K
NA12718 HG01109#1#JAHEPA010000099.1_2104245_2511104_1$HG02145#1#JAHKSG010000134.1_2102465_2647653_1	0.9484706850057425 1K
NA12718 NA18906#1#JAHEOO010000054.1_2103477_2510435_1$HG02145#1#JAHKSG010000134.1_2102465_2647653_1	0.9484613471923954 1K
NA12718 AV_HG02257#haplotype2#0001152:102843493_103251377$HG02145#1#JAHKSG010000134.1_2102465_2647653_1	0.9484592412515817 1K
NA12718 HG03540#2#JAGYVX010000148.1_1368955_1877115_0$HG03927.verkko_filt_pat.fa:haplotype2_0000800_29002142_29504057_1	0.9484587394146634 1K
NA12718 HG02630#1#JAHAOQ010000102.1_16672145_17079089_0$HG02145#1#JAHKSG010000134.1_2102465_2647653_1	0.9483401481929243 1K
NA12718 HG02145#1#JAHKSG010000134.1_2102465_2647653_1$HG02818#1#JAHEOS010000101.1_89626_496613_0	0.9482398930624361 1K
NA12718 HG02717#1#JAHAOS010000015.1_16660311_17067250_0$HG02145#1#JAHKSG010000134.1_2102465_2647653_1	0.9482332426243198 1K
NA12718 HG04228.verkko_filt_pat.fa:haplotype2_0000600_103806749_104119491_0$HG03710.verkko_filt_pat.fa:haplotype2_0000488_101614437_102218208_0	0.9481240517964196 1K
NA12718 HG03540#2#JAGYVX010000148.1_1368955_1877115_0$HG01099.verkko_filt_pat.fa:haplotype2_0000583_143544270_144046196_1	0.9481189214069876 1K
NA12718 HG02622#1#JAHAOO010000002.1_16673678_17080663_0$HG02145#1#JAHKSG010000134.1_2102465_2647653_1	0.9480331050500153 1K
NA12718 HG03540#2#JAGYVX010000148.1_1368955_1877115_0$HG03540#1#JAGYVY010000208.1_95187_596142_0	0.9479516103516785 1K
NA12718 HG02723#2#JAHEOT010000034.1_19776337_20321518_1$HG01258#2#JAGYYU010000072.1_51562603_51970395_0	0.9478600056294121 1K
NA12718 HG02723#2#JAHEOT010000034.1_19776337_20321518_1$HG02109#1#JAHEPG010000026.1_16673035_17080816_0	0.9477583083053336 1K
NA12718 HG02723#2#JAHEOT010000034.1_19776337_20321518_1$HG02809.verkko_filt_pat.fa:haplotype2_0001251_103421111_103827972_0	0.9477120898702520 1K
NA12718 HG02723#2#JAHEOT010000034.1_19776337_20321518_1$HG02717#2#JAHAOR010000006.1_19663827_20070693_1	0.9476664307443338 1K
NA12718 HG01123#1#JAGYYZ010000015.1_51528240_51935090_0$HG02723#2#JAHEOT010000034.1_19776337_20321518_1	0.9476536841714134 1K
NA12718 HG03540#2#JAGYVX010000148.1_1368955_1877115_0$HG02486#1#JAGYVM010000007.1_28868414_29370339_1	0.9476465433597887 1K
NA12718 HG02723#2#JAHEOT010000034.1_19776337_20321518_1$HG02486#2#JAGYVL010000029.1_94163344_94570162_0	0.9475315294738959 1K
NA12718 HG005#1#JAHEPO010000002.1_51519219_51926067_0$HG02723#2#JAHEOT010000034.1_19776337_20321518_1	0.9475236655640201 1K
NA12718 HG02559#2#JAGYVJ010000037.1_52167780_52574597_1$HG02723#2#JAHEOT010000034.1_19776337_20321518_1	0.9474202594157337 1K
NA12718 HG02723#1#JAHEOU010000204.1_2102082_2414876_1$HG03710.verkko_filt_pat.fa:haplotype2_0000488_101614437_102218208_0	0.9473974846310468 1K
NA12718 HG02723#2#JAHEOT010000034.1_19776337_20321518_1$HG00741#2#JAHALX010000013.1_51574319_51981226_0	0.9473642429857776 1K
NA12718 HG02723#2#JAHEOT010000034.1_19776337_20321518_1$HG02886#1#JAHAOU010000178.1_62411_469262_0	0.9473617881654611 1K
NA12718 HG02145#1#JAHKSG010000134.1_2102465_2647653_1$HG01258#2#JAGYYU010000072.1_51562603_51970395_0	0.9473094919572016 1K
NA12718 HG02109#1#JAHEPG010000026.1_16673035_17080816_0$HG02145#1#JAHKSG010000134.1_2102465_2647653_1	0.9472117845810715 1K
NA12718 HG02145#1#JAHKSG010000134.1_2102465_2647653_1$HG02486#2#JAGYVL010000029.1_94163344_94570162_0	0.9471832692681351 1K
NA12718 HG02145#1#JAHKSG010000134.1_2102465_2647653_1$HG02809.verkko_filt_pat.fa:haplotype2_0001251_103421111_103827972_0	0.9471352487538207 1K
NA12718 HG02145#1#JAHKSG010000134.1_2102465_2647653_1$HG02717#2#JAHAOR010000006.1_19663827_20070693_1	0.9471209098883950 1K
NA12718 HG03540#2#JAGYVX010000148.1_1368955_1877115_0$NA18906#2#JAHEON010000009.1_93748295_94249275_0	0.9471107085962094 1K
NA12718 HG01123#1#JAGYYZ010000015.1_51528240_51935090_0$HG02145#1#JAHKSG010000134.1_2102465_2647653_1	0.9470965102283949 1K
NA12718 HG02886#1#JAHAOU010000178.1_62411_469262_0$HG02145#1#JAHKSG010000134.1_2102465_2647653_1	0.9470258762570827 1K
NA12718 HG03579#2#JAGYVT010000094.1_51581892_51895531_0$HG03710.verkko_filt_pat.fa:haplotype2_0000488_101614437_102218208_0	0.9468769790243833 1K
NA12718 HG03710.verkko_filt_pat.fa:haplotype2_0000488_101614437_102218208_0$HG02647.verkko_filt_pat.fa:haplotype2_0000857_103738150_104051769_0	0.9468512551754713 1K
NA12718 HG005#1#JAHEPO010000002.1_51519219_51926067_0$HG02145#1#JAHKSG010000134.1_2102465_2647653_1	0.9468064413946129 1K
NA12718 HG02630#2#JAHAOP010000089.1_16669255_17076135_0$HG02723#2#JAHEOT010000034.1_19776337_20321518_1	0.9467718877035468 1K
NA12718 HG02145#1#JAHKSG010000134.1_2102465_2647653_1$HG00741#2#JAHALX010000013.1_51574319_51981226_0	0.9465878216213996 1K
NA12718 HG02723#2#JAHEOT010000034.1_19776337_20321518_1$HG02004.verkko_filt_pat.fa:haplotype2_0000813_139386576_140076845_1	0.9464739273242625 1K
NA12718 HG02559#2#JAGYVJ010000037.1_52167780_52574597_1$HG02145#1#JAHKSG010000134.1_2102465_2647653_1	0.9464302534563740 1K
NA12718 HG02145#1#JAHKSG010000134.1_2102465_2647653_1$HG02004.verkko_filt_pat.fa:haplotype2_0000813_139386576_140076845_1	0.9464158087902683 1K
NA12718 HG01891#1#JAGYVO010000014.1_22855818_23168577_1$HG03710.verkko_filt_pat.fa:haplotype2_0000488_101614437_102218208_0	0.9463833887350820 1K
NA12718 HG02723#2#JAHEOT010000034.1_19776337_20321518_1$HG01109#2#JAHEOZ010000047.1_16671232_17151375_0	0.9461908746992066 1K
NA12718 HG01109#2#JAHEOZ010000047.1_16671232_17151375_0$HG02004.verkko_filt_pat.fa:haplotype2_0000813_139386576_140076845_1	0.9461762289811646 1K
NA12718 HG02630#2#JAHAOP010000089.1_16669255_17076135_0$HG02145#1#JAHKSG010000134.1_2102465_2647653_1	0.9461328830498192 1K
NA12718 HG00438#1#JAHBCB010000015.1_33474867_33954171_0$HG02145#1#JAHKSG010000134.1_2102465_2647653_1	0.9460120546607632 1K
NA12718 HG02109#2#JAHEPF010000078.1_16678387_16991144_0$HG03710.verkko_filt_pat.fa:haplotype2_0000488_101614437_102218208_0	0.9459941773649274 1K
NA12718 HG00438#1#JAHBCB010000015.1_33474867_33954171_0$HG02723#2#JAHEOT010000034.1_19776337_20321518_1	0.9458047945349538 1K
NA12718 HG00438#1#JAHBCB010000015.1_33474867_33954171_0$HG02004.verkko_filt_pat.fa:haplotype2_0000813_139386576_140076845_1	0.9455404728436020 1K
NA12718 HG01109#2#JAHEOZ010000047.1_16671232_17151375_0$HG02145#1#JAHKSG010000134.1_2102465_2647653_1	0.9453970027477926 1K
NA12718 HG03486#2#JAHEOP010000248.1_2105565_2584784_1$HG02004.verkko_filt_pat.fa:haplotype2_0000813_139386576_140076845_1	0.9453426474265607 1K
NA12718 HG02622#2#JAHAON010000012.1_51551779_52031001_0$HG02004.verkko_filt_pat.fa:haplotype2_0000813_139386576_140076845_1	0.9451823115700076 1K
NA12718 NA20129#2#JAHEPD010000155.1_90039_569275_0$HG02004.verkko_filt_pat.fa:haplotype2_0000813_139386576_140076845_1	0.9451589554788042 1K
NA12718 HG00741#1#JAHALY010000007.1_18781197_19307680_1$HG02004.verkko_filt_pat.fa:haplotype2_0000813_139386576_140076845_1	0.9451233617293422 1K
NA12718 HG03453#1#JAGYVW010000157.1_2105722_2585000_1$HG02004.verkko_filt_pat.fa:haplotype2_0000813_139386576_140076845_1	0.9450167022625423 1K
NA12718 AV_HG01106#haplotype2#0000932:16673968_17175925$chr1_chm13_103304997_103901127_0	0.9449055271206057 1K
NA12718 HG02723#2#JAHEOT010000034.1_19776337_20321518_1$HG03486#2#JAHEOP010000248.1_2105565_2584784_1	0.9447039061554876 1K
NA12718 AV_HG01106#haplotype1#0000048:16666181_17262214$AV_HG01106#haplotype2#0000932:16673968_17175925	0.9446247053031096 1K
NA12718 HG02723#2#JAHEOT010000034.1_19776337_20321518_1$HG002.verkko_filt_pat.fa:haplotype2_0000649_147937390_148315979_1	0.9446142182487344 1K
NA12718 NA20129#2#JAHEPD010000155.1_90039_569275_0$HG02145#1#JAHKSG010000134.1_2102465_2647653_1	0.9445832270177519 1K
NA12718 HG00733#1#JAHEPQ010000019.1_46106835_46420495_0$HG002.verkko_filt_pat.fa:haplotype2_0000649_147937390_148315979_1	0.9444527918148140 1K
NA12718 HG02622#2#JAHAON010000012.1_51551779_52031001_0$HG02145#1#JAHKSG010000134.1_2102465_2647653_1	0.9444301233740328 1K
NA12718 NA20129#2#JAHEPD010000155.1_90039_569275_0$HG02723#2#JAHEOT010000034.1_19776337_20321518_1	0.9444135780311994 1K
NA12718 HG03453#1#JAGYVW010000157.1_2105722_2585000_1$HG02723#2#JAHEOT010000034.1_19776337_20321518_1	0.9443477304653768 1K
NA12718 AV_HG00673#haplotype1#0000019:16627360_17129375$chr1_chm13_103304997_103901127_0	0.9443382817297801 1K
NA12718 chr1_chm13_103304997_103901127_0$HG02293.verkko_filt_pat.fa:haplotype2_0000836_148310532_148812524_1	0.9443297476273965 1K
NA12718 HG02622#2#JAHAON010000012.1_51551779_52031001_0$HG02723#2#JAHEOT010000034.1_19776337_20321518_1	0.9443140486091246 1K
NA12718 chr1_chm13_103304997_103901127_0$HG02071.verkko_filt_pat.fa:haplotype2_0000736_102745972_103248026_0	0.9442346806704951 1K
NA12718 HG01978#1#JAGYVS010000002.1_51519970_52021951_0$chr1_chm13_103304997_103901127_0	0.9442229186796394 1K
NA12718 HG02080#2#JAHEOV010000017.1_16662177_17164189_0$chr1_chm13_103304997_103901127_0	0.9442226203041442 1K
NA12718 AV_HG00673#haplotype1#0000019:16627360_17129375$AV_HG01106#haplotype1#0000048:16666181_17262214	0.9441747890832869 1K
NA12718 AV_HG01106#haplotype1#0000048:16666181_17262214$HG02293.verkko_filt_pat.fa:haplotype2_0000836_148310532_148812524_1	0.9441356308978737 1K
NA12718 AV_HG01106#haplotype1#0000048:16666181_17262214$HG02071.verkko_filt_pat.fa:haplotype2_0000736_102745972_103248026_0	0.9441202034039565 1K
NA12718 chr1_chm13_103304997_103901127_0$HG04228.verkko_filt_mat.fa:haplotype1_0000023_103429213_103930285_0	0.9440806755558319 1K
NA12718 HG00621#1#JAHBCD010000034.1_2122997_2624098_1$chr1_chm13_103304997_103901127_0	0.9440382829390684 1K
NA12718 AV_HG01106#haplotype1#0000048:16666181_17262214$HG02080#2#JAHEOV010000017.1_16662177_17164189_0	0.9440177865436891 1K
NA12718 AV_HG01175#haplotype1#0000070:46006269_46414083$HG03710.verkko_filt_pat.fa:haplotype2_0000488_101614437_102218208_0	0.9439994982068983 1K
NA12718 AV_HG01106#haplotype1#0000048:16666181_17262214$HG01978#1#JAGYVS010000002.1_51519970_52021951_0	0.9439715882176557 1K
NA12718 HG00438#2#JAHBCA010000012.1_51513023_51826723_0$HG002.verkko_filt_pat.fa:haplotype2_0000649_147937390_148315979_1	0.9439260682183496 1K
NA12718 HG01258#1#JAGYYV010000004.1_56955948_57456952_1$chr1_chm13_103304997_103901127_0	0.9438698842705767 1K
NA12718 chr1_chm13_103304997_103901127_0$HG03927.verkko_filt_pat.fa:haplotype2_0000800_29002142_29504057_1	0.9438399293641901 1K
NA12718 AV_HG01106#haplotype1#0000048:16666181_17262214$HG04228.verkko_filt_mat.fa:haplotype1_0000023_103429213_103930285_0	0.9438393656265281 1K
NA12718 AV_HG01106#haplotype1#0000048:16666181_17262214$HG00621#1#JAHBCD010000034.1_2122997_2624098_1	0.9438193886901483 1K
NA12718 HG03710.verkko_filt_pat.fa:haplotype2_0000488_101614437_102218208_0$HG002.verkko_filt_mat.fa:haplotype1_0000005_138228497_138636354_1	0.9438094117484822 1K
NA12718 HG03486#2#JAHEOP010000248.1_2105565_2584784_1$HG02145#1#JAHKSG010000134.1_2102465_2647653_1	0.9437797597301459 1K
NA12718 chr1_hg38_103456064_103863972_0$HG03710.verkko_filt_pat.fa:haplotype2_0000488_101614437_102218208_0	0.9437515785684600 1K
NA12718 chr1_hg19_103998686_104406594_0$HG03710.verkko_filt_pat.fa:haplotype2_0000488_101614437_102218208_0	0.9437515785684600 1K
NA12718 HG01071#1#JAHBCF010000053.1_26607100_27108065_1$chr1_chm13_103304997_103901127_0	0.9437457087153865 1K
NA12718 HG03486#1#JAHEOQ010000123.1_16677696_17085575_0$HG03710.verkko_filt_pat.fa:haplotype2_0000488_101614437_102218208_0	0.9437250173345032 1K
NA12718 HG02071.verkko_filt_mat.fa:haplotype1_0000041_103610513_104018399_0$HG03710.verkko_filt_pat.fa:haplotype2_0000488_101614437_102218208_0	0.9437104502098775 1K
NA12718 AV_HG02148#haplotype2#0002863:16304803_16712699$HG03710.verkko_filt_pat.fa:haplotype2_0000488_101614437_102218208_0	0.9436764950319779 1K
NA12718 HG02723#2#JAHEOT010000034.1_19776337_20321518_1$HG01243#1#JAHEOY010000013.1_90081_424495_0	0.9436753235386155 1K
NA12718 HG03492#2#JAHEPH010000288.1_2098270_2432686_1$HG02723#2#JAHEOT010000034.1_19776337_20321518_1	0.9436744907887598 1K
NA12718 AV_HG01106#haplotype1#0000048:16666181_17262214$HG03927.verkko_filt_pat.fa:haplotype2_0000800_29002142_29504057_1	0.9436090746174538 1K
NA12718 HG02145#1#JAHKSG010000134.1_2102465_2647653_1$HG002.verkko_filt_pat.fa:haplotype2_0000649_147937390_148315979_1	0.9436005768222288 1K
NA12718 HG00621#2#JAHBCC010000031.1_16669999_17077865_0$HG03710.verkko_filt_pat.fa:haplotype2_0000488_101614437_102218208_0	0.9435929733691493 1K
NA12718 HG01243#1#JAHEOY010000013.1_90081_424495_0$HG02145#1#JAHKSG010000134.1_2102465_2647653_1	0.9435801087075372 1K
NA12718 HG03492#2#JAHEPH010000288.1_2098270_2432686_1$HG02145#1#JAHKSG010000134.1_2102465_2647653_1	0.9435507918087874 1K
NA12718 chr1_chm13_103304997_103901127_0$HG01099.verkko_filt_pat.fa:haplotype2_0000583_143544270_144046196_1	0.9435388016123738 1K
NA12718 HG005#2#JAHEPN010000023.1_51542210_51950070_0$HG03710.verkko_filt_pat.fa:haplotype2_0000488_101614437_102218208_0	0.9435216528853995 1K
NA12718 HG03453#1#JAGYVW010000157.1_2105722_2585000_1$HG02145#1#JAHKSG010000134.1_2102465_2647653_1	0.9433756290518945 1K
NA12718 HG03540#1#JAGYVY010000208.1_95187_596142_0$chr1_chm13_103304997_103901127_0	0.9433006146388133 1K
NA12718 AV_HG01106#haplotype1#0000048:16666181_17262214$HG01099.verkko_filt_pat.fa:haplotype2_0000583_143544270_144046196_1	0.9432576947543357 1K
NA12718 HG03710.verkko_filt_pat.fa:haplotype2_0000488_101614437_102218208_0$HG02300.verkko_filt_pat.fa:haplotype2_0000620_143362344_143769323_1	0.9432546747723654 1K
NA12718 HG01978#2#JAGYVR010000007.1_51532241_51939176_0$HG03710.verkko_filt_pat.fa:haplotype2_0000488_101614437_102218208_0	0.9432544643811276 1K
NA12718 HG02486#1#JAGYVM010000007.1_28868414_29370339_1$chr1_chm13_103304997_103901127_0	0.9432170797246838 1K
NA12718 HG02004.verkko_filt_mat.fa:haplotype1_0000022_97828542_98235483_0$HG03710.verkko_filt_pat.fa:haplotype2_0000488_101614437_102218208_0	0.9431805566493980 1K
NA12718 HG03453#2#JAGYVV010000088.1_22597550_23005370_1$HG03710.verkko_filt_pat.fa:haplotype2_0000488_101614437_102218208_0	0.9431750802870126 1K
NA12718 AV_HG01106#haplotype1#0000048:16666181_17262214$HG01258#1#JAGYYV010000004.1_56955948_57456952_1	0.9431649295523939 1K
NA12718 HG01928#1#JAGYVQ010000053.1_16676493_17083407_0$HG03710.verkko_filt_pat.fa:haplotype2_0000488_101614437_102218208_0	0.9430898480828516 1K
NA12718 AV_HG01106#haplotype1#0000048:16666181_17262214$HG01071#1#JAHBCF010000053.1_26607100_27108065_1	0.9430602555654897 1K
NA12718 AV_HG01106#haplotype1#0000048:16666181_17262214$HG03540#1#JAGYVY010000208.1_95187_596142_0	0.9429166625207763 1K
NA12718 AV_HG01106#haplotype1#0000048:16666181_17262214$HG02486#1#JAGYVM010000007.1_28868414_29370339_1	0.9428278696491164 1K
NA12718 NA18906#2#JAHEON010000009.1_93748295_94249275_0$chr1_chm13_103304997_103901127_0	0.9424082622330255 1K
NA12718 HG00741#1#JAHALY010000007.1_18781197_19307680_1$HG03540#2#JAGYVX010000148.1_1368955_1877115_0	0.9423941703321075 1K
NA12718 AV_HG01106#haplotype1#0000048:16666181_17262214$NA18906#2#JAHEON010000009.1_93748295_94249275_0	0.9417440660742290 1K
NA12718 HG02293.verkko_filt_mat.fa:haplotype1_0000039_30204405_30517145_1$HG002.verkko_filt_pat.fa:haplotype2_0000649_147937390_148315979_1	0.9414917409794618 1K
NA12718 AV_HG01106#haplotype2#0000932:16673968_17175925$HG02004.verkko_filt_pat.fa:haplotype2_0000813_139386576_140076845_1	0.9406311649513596 1K
NA12718 HG03492#2#JAHEPH010000288.1_2098270_2432686_1$HG03710.verkko_filt_pat.fa:haplotype2_0000488_101614437_102218208_0	0.9405915799192196 1K
NA12718 HG01243#1#JAHEOY010000013.1_90081_424495_0$HG03710.verkko_filt_pat.fa:haplotype2_0000488_101614437_102218208_0	0.9405191576170001 1K
NA12718 HG02723#2#JAHEOT010000034.1_19776337_20321518_1$HG03492#1#JAHEPI010000180.1_2103395_2543326_1	0.9403518692786731 1K
NA12718 HG02723#2#JAHEOT010000034.1_19776337_20321518_1$HG03540#2#JAGYVX010000148.1_1368955_1877115_0	0.9403138067665106 1K
NA12718 HG01978#1#JAGYVS010000002.1_51519970_52021951_0$HG02004.verkko_filt_pat.fa:haplotype2_0000813_139386576_140076845_1	0.9403002314230895 1K
NA12718 HG03710.verkko_filt_mat.fa:haplotype1_0000029_102593394_102907063_0$HG002.verkko_filt_pat.fa:haplotype2_0000649_147937390_148315979_1	0.9402749184762446 1K
NA12718 HG00741#1#JAHALY010000007.1_18781197_19307680_1$HG03098#1#JAHEPM010000059.1_16676208_17105596_0	0.9402733971322172 1K
NA12718 HG03540#2#JAGYVX010000148.1_1368955_1877115_0$chr1_chm13_103304997_103901127_0	0.9402052726383008 1K
NA12718 AV_HG00673#haplotype2#0001165:24014011_24421797$HG03710.verkko_filt_pat.fa:haplotype2_0000488_101614437_102218208_0	0.9401592692005899 1K
NA12718 HG00741#1#JAHALY010000007.1_18781197_19307680_1$HG02647.verkko_filt_mat.fa:haplotype1_0000002_103892584_104321036_0	0.9401516683103148 1K
NA12718 HG03710.verkko_filt_pat.fa:haplotype2_0000488_101614437_102218208_0$HG01099.verkko_filt_mat.fa:haplotype1_0000034_142513097_142920876_1	0.9400813589290136 1K
NA12718 HG03710.verkko_filt_pat.fa:haplotype2_0000488_101614437_102218208_0$HG02300.verkko_filt_mat.fa:haplotype1_0000028_144052837_144460586_1	0.9400639845116390 1K
NA12718 HG03540#2#JAGYVX010000148.1_1368955_1877115_0$HG02145#1#JAHKSG010000134.1_2102465_2647653_1	0.9400520109869499 1K
NA12718 NA19240#2#JAHEOL010000010.1_37445323_37853017_0$HG03710.verkko_filt_pat.fa:haplotype2_0000488_101614437_102218208_0	0.9400465703395373 1K
NA12718 HG03516#1#JAGYYT010000012.1_24170958_24578778_1$HG03710.verkko_filt_pat.fa:haplotype2_0000488_101614437_102218208_0	0.9400385223128688 1K
NA12718 HG00741#1#JAHALY010000007.1_18781197_19307680_1$HG02055#2#JAHEPJ010000017.1_24870122_25298560_1	0.9400219621543355 1K
NA12718 AV_HG01361#haplotype1#0000023:101593539_102001341$HG03710.verkko_filt_pat.fa:haplotype2_0000488_101614437_102218208_0	0.9400044170716070 1K
NA12718 HG03710.verkko_filt_pat.fa:haplotype2_0000488_101614437_102218208_0$HG03927.verkko_filt_mat.fa:haplotype1_0000009_134765170_135173010_1	0.9399992351407510 1K
NA12718 AV_HG01361#haplotype2#0001322:101872897_102186552$HG002.verkko_filt_pat.fa:haplotype2_0000649_147937390_148315979_1	0.9399991263785584 1K
NA12718 HG00741#1#JAHALY010000007.1_18781197_19307680_1$HG02809.verkko_filt_mat.fa:haplotype1_0000023_94161320_94589755_0	0.9399873546806257 1K
NA12718 HG02080#1#JAHEOW010000048.1_16689583_17097287_0$HG03710.verkko_filt_pat.fa:haplotype2_0000488_101614437_102218208_0	0.9399813177433173 1K
NA12718 AV_HG01106#haplotype1#0000048:16666181_17262214$HG03540#2#JAGYVX010000148.1_1368955_1877115_0	0.9399752451698994 1K
NA12718 HG02723#2#JAHEOT010000034.1_19776337_20321518_1$HG01358#1#JAGYZB010000020.1_27445742_27855492_1	0.9399423747533431 1K
NA12718 AV_HG00673#haplotype1#0000019:16627360_17129375$HG02004.verkko_filt_pat.fa:haplotype2_0000813_139386576_140076845_1	0.9397651940673009 1K
NA12718 HG02886#2#JAHAOT010000031.1_87393_401061_0$HG002.verkko_filt_pat.fa:haplotype2_0000649_147937390_148315979_1	0.9397638107586833 1K
NA12718 HG04228.verkko_filt_mat.fa:haplotype1_0000023_103429213_103930285_0$HG02004.verkko_filt_pat.fa:haplotype2_0000813_139386576_140076845_1	0.9397253453630138 1K
NA12718 HG01258#1#JAGYYV010000004.1_56955948_57456952_1$HG02004.verkko_filt_pat.fa:haplotype2_0000813_139386576_140076845_1	0.9396785975839382 1K
NA12718 HG02080#2#JAHEOV010000017.1_16662177_17164189_0$HG02004.verkko_filt_pat.fa:haplotype2_0000813_139386576_140076845_1	0.9396640717976357 1K
NA12718 HG03098#2#JAHEPL010000003.1_93803759_94117426_0$HG002.verkko_filt_pat.fa:haplotype2_0000649_147937390_148315979_1	0.9396210427613626 1K
NA12718 HG01071#1#JAHBCF010000053.1_26607100_27108065_1$HG02004.verkko_filt_pat.fa:haplotype2_0000813_139386576_140076845_1	0.9396109402696304 1K
NA12718 HG02004.verkko_filt_pat.fa:haplotype2_0000813_139386576_140076845_1$HG02071.verkko_filt_pat.fa:haplotype2_0000736_102745972_103248026_0	0.9395877559646436 1K
NA12718 HG02004.verkko_filt_pat.fa:haplotype2_0000813_139386576_140076845_1$HG02293.verkko_filt_pat.fa:haplotype2_0000836_148310532_148812524_1	0.9394442303635862 1K
NA12718 HG00621#1#JAHBCD010000034.1_2122997_2624098_1$HG02004.verkko_filt_pat.fa:haplotype2_0000813_139386576_140076845_1	0.9393929213603441 1K
NA12718 HG03516#2#JAGYYS010000004.1_24452130_24859892_1$HG03710.verkko_filt_pat.fa:haplotype2_0000488_101614437_102218208_0	0.9393768849290386 1K
NA12718 HG02145#1#JAHKSG010000134.1_2102465_2647653_1$HG01358#1#JAGYZB010000020.1_27445742_27855492_1	0.9393128178933302 1K
NA12718 HG02004.verkko_filt_pat.fa:haplotype2_0000813_139386576_140076845_1$HG03927.verkko_filt_pat.fa:haplotype2_0000800_29002142_29504057_1	0.9393098232528005 1K
NA12718 HG02559#1#JAGYVK010000012.1_51505852_51913611_0$HG03710.verkko_filt_pat.fa:haplotype2_0000488_101614437_102218208_0	0.9393042810630053 1K
NA12718 NA19240#1#JAHEOM010000047.1_30103390_30511199_1$HG03710.verkko_filt_pat.fa:haplotype2_0000488_101614437_102218208_0	0.9392829759308297 1K
NA12718 HG02004.verkko_filt_pat.fa:haplotype2_0000813_139386576_140076845_1$HG01099.verkko_filt_pat.fa:haplotype2_0000583_143544270_144046196_1	0.9392453149860579 1K
NA12718 HG02818#2#JAHEOR010000010.1_31775319_32183091_1$HG03710.verkko_filt_pat.fa:haplotype2_0000488_101614437_102218208_0	0.9392447461518524 1K
NA12718 HG03579#1#JAGYVU010000029.1_91404_499180_0$HG03710.verkko_filt_pat.fa:haplotype2_0000488_101614437_102218208_0	0.9392415992773109 1K
NA12718 HG02145#2#JAHKSF010000206.1_1005292_1413195_1$HG03710.verkko_filt_pat.fa:haplotype2_0000488_101614437_102218208_0	0.9392378763467429 1K
NA12718 AV_HG02257#haplotype2#0001152:102843493_103251377$HG03710.verkko_filt_pat.fa:haplotype2_0000488_101614437_102218208_0	0.9391013683087229 1K
NA12718 HG01123#2#JAGYYY010000006.1_51579630_51892388_0$HG002.verkko_filt_pat.fa:haplotype2_0000649_147937390_148315979_1	0.9390653282794471 1K
NA12718 HG03540#1#JAGYVY010000208.1_95187_596142_0$HG02004.verkko_filt_pat.fa:haplotype2_0000813_139386576_140076845_1	0.9390616619033313 1K
NA12718 HG03492#1#JAHEPI010000180.1_2103395_2543326_1$HG02145#1#JAHKSG010000134.1_2102465_2647653_1	0.9390103302887360 1K
NA12718 HG03710.verkko_filt_pat.fa:haplotype2_0000488_101614437_102218208_0$HG002.verkko_filt_pat.fa:haplotype2_0000649_147937390_148315979_1	0.9389679627786283 1K
NA12718 HG02486#1#JAGYVM010000007.1_28868414_29370339_1$HG02004.verkko_filt_pat.fa:haplotype2_0000813_139386576_140076845_1	0.9389658070971904 1K
NA12718 HG02109#1#JAHEPG010000026.1_16673035_17080816_0$HG03710.verkko_filt_pat.fa:haplotype2_0000488_101614437_102218208_0	0.9389423354625387 1K
NA12718 HG03098#1#JAHEPM010000059.1_16676208_17105596_0$HG03710.verkko_filt_pat.fa:haplotype2_0000488_101614437_102218208_0	0.9389225621870874 1K
NA12718 HG01109#1#JAHEPA010000099.1_2104245_2511104_1$HG03710.verkko_filt_pat.fa:haplotype2_0000488_101614437_102218208_0	0.9388913734583741 1K
NA12718 NA18906#1#JAHEOO010000054.1_2103477_2510435_1$HG03710.verkko_filt_pat.fa:haplotype2_0000488_101614437_102218208_0	0.9388869346940126 1K
NA12718 HG02717#1#JAHAOS010000015.1_16660311_17067250_0$HG03710.verkko_filt_pat.fa:haplotype2_0000488_101614437_102218208_0	0.9387386360081678 1K
NA12718 HG02630#1#JAHAOQ010000102.1_16672145_17079089_0$HG03710.verkko_filt_pat.fa:haplotype2_0000488_101614437_102218208_0	0.9387200735747977 1K
NA12718 HG02818#1#JAHEOS010000101.1_89626_496613_0$HG03710.verkko_filt_pat.fa:haplotype2_0000488_101614437_102218208_0	0.9387106748880925 1K
NA12718 HG02622#1#JAHAOO010000002.1_16673678_17080663_0$HG03710.verkko_filt_pat.fa:haplotype2_0000488_101614437_102218208_0	0.9386254825309168 1K
NA12718 HG03710.verkko_filt_pat.fa:haplotype2_0000488_101614437_102218208_0$HG02647.verkko_filt_mat.fa:haplotype1_0000002_103892584_104321036_0	0.9383266204660304 1K
NA12718 HG02055#2#JAHEPJ010000017.1_24870122_25298560_1$HG03710.verkko_filt_pat.fa:haplotype2_0000488_101614437_102218208_0	0.9381926431147620 1K
NA12718 HG01258#2#JAGYYU010000072.1_51562603_51970395_0$HG03710.verkko_filt_pat.fa:haplotype2_0000488_101614437_102218208_0	0.9381325199652011 1K
NA12718 HG03710.verkko_filt_pat.fa:haplotype2_0000488_101614437_102218208_0$HG02809.verkko_filt_mat.fa:haplotype1_0000023_94161320_94589755_0	0.9380565184132281 1K
NA12718 HG03710.verkko_filt_pat.fa:haplotype2_0000488_101614437_102218208_0$HG02809.verkko_filt_pat.fa:haplotype2_0001251_103421111_103827972_0	0.9380319594079929 1K
NA12718 NA18906#2#JAHEON010000009.1_93748295_94249275_0$HG02004.verkko_filt_pat.fa:haplotype2_0000813_139386576_140076845_1	0.9380129935325209 1K
NA12718 HG03492#2#JAHEPH010000288.1_2098270_2432686_1$HG01243#1#JAHEOY010000013.1_90081_424495_0	0.9379454534989011 1K
NA12718 HG02559#2#JAGYVJ010000037.1_52167780_52574597_1$HG03710.verkko_filt_pat.fa:haplotype2_0000488_101614437_102218208_0	0.9377407108710816 1K
NA12718 HG005#1#JAHEPO010000002.1_51519219_51926067_0$HG03710.verkko_filt_pat.fa:haplotype2_0000488_101614437_102218208_0	0.9377401886426983 1K
NA12718 HG02717#2#JAHAOR010000006.1_19663827_20070693_1$HG03710.verkko_filt_pat.fa:haplotype2_0000488_101614437_102218208_0	0.9377149587949085 1K
NA12718 HG01123#1#JAGYYZ010000015.1_51528240_51935090_0$HG03710.verkko_filt_pat.fa:haplotype2_0000488_101614437_102218208_0	0.9376261023601532 1K
NA12718 HG00741#2#JAHALX010000013.1_51574319_51981226_0$HG03710.verkko_filt_pat.fa:haplotype2_0000488_101614437_102218208_0	0.9375047008920949 1K
NA12718 HG02486#2#JAGYVL010000029.1_94163344_94570162_0$HG03710.verkko_filt_pat.fa:haplotype2_0000488_101614437_102218208_0	0.9371137570245295 1K
NA12718 HG02886#1#JAHAOU010000178.1_62411_469262_0$HG03710.verkko_filt_pat.fa:haplotype2_0000488_101614437_102218208_0	0.9371120806678824 1K
NA12718 HG04228.verkko_filt_pat.fa:haplotype2_0000600_103806749_104119491_0$HG002.verkko_filt_pat.fa:haplotype2_0000649_147937390_148315979_1	0.9370704756271817 1K
NA12718 HG02630#2#JAHAOP010000089.1_16669255_17076135_0$HG03710.verkko_filt_pat.fa:haplotype2_0000488_101614437_102218208_0	0.9369520379752646 1K
NA12718 HG02723#1#JAHEOU010000204.1_2102082_2414876_1$HG002.verkko_filt_pat.fa:haplotype2_0000649_147937390_148315979_1	0.9364291166462937 1K
NA12718 HG03540#2#JAGYVX010000148.1_1368955_1877115_0$HG02004.verkko_filt_pat.fa:haplotype2_0000813_139386576_140076845_1	0.9354642362361151 1K
NA12718 HG03492#1#JAHEPI010000180.1_2103395_2543326_1$HG03710.verkko_filt_pat.fa:haplotype2_0000488_101614437_102218208_0	0.9352679288190329 1K
NA12718 HG02647.verkko_filt_pat.fa:haplotype2_0000857_103738150_104051769_0$HG002.verkko_filt_pat.fa:haplotype2_0000649_147937390_148315979_1	0.9351209264305597 1K
NA12718 HG03579#2#JAGYVT010000094.1_51581892_51895531_0$HG002.verkko_filt_pat.fa:haplotype2_0000649_147937390_148315979_1	0.9350870206091800 1K
NA12718 HG01891#1#JAGYVO010000014.1_22855818_23168577_1$HG002.verkko_filt_pat.fa:haplotype2_0000649_147937390_148315979_1	0.9345311253164498 1K
NA12718 HG02109#2#JAHEPF010000078.1_16678387_16991144_0$HG002.verkko_filt_pat.fa:haplotype2_0000649_147937390_148315979_1	0.9343608604443836 1K
NA12718 HG01109#2#JAHEOZ010000047.1_16671232_17151375_0$HG03710.verkko_filt_pat.fa:haplotype2_0000488_101614437_102218208_0	0.9342158760486767 1K
NA12718 HG03492#2#JAHEPH010000288.1_2098270_2432686_1$HG00733#1#JAHEPQ010000019.1_46106835_46420495_0	0.9341133526113914 1K
NA12718 HG01243#1#JAHEOY010000013.1_90081_424495_0$HG00733#1#JAHEPQ010000019.1_46106835_46420495_0	0.9341092687292973 1K
NA12718 HG00438#2#JAHBCA010000012.1_51513023_51826723_0$HG01243#1#JAHEOY010000013.1_90081_424495_0	0.9336850679649615 1K
NA12718 HG03492#2#JAHEPH010000288.1_2098270_2432686_1$HG00438#2#JAHBCA010000012.1_51513023_51826723_0	0.9336569542646628 1K
NA12718 HG00438#1#JAHBCB010000015.1_33474867_33954171_0$HG03710.verkko_filt_pat.fa:haplotype2_0000488_101614437_102218208_0	0.9335148125992569 1K
NA12718 AV_HG01106#haplotype2#0000932:16673968_17175925$HG03710.verkko_filt_pat.fa:haplotype2_0000488_101614437_102218208_0	0.9334341152099985 1K
NA12718 HG01978#1#JAGYVS010000002.1_51519970_52021951_0$HG03710.verkko_filt_pat.fa:haplotype2_0000488_101614437_102218208_0	0.9333763276811224 1K
NA12718 AV_HG00673#haplotype1#0000019:16627360_17129375$HG03710.verkko_filt_pat.fa:haplotype2_0000488_101614437_102218208_0	0.9329654101448562 1K
NA12718 HG02080#2#JAHEOV010000017.1_16662177_17164189_0$HG03710.verkko_filt_pat.fa:haplotype2_0000488_101614437_102218208_0	0.9329354544394722 1K
NA12718 HG03710.verkko_filt_pat.fa:haplotype2_0000488_101614437_102218208_0$HG02071.verkko_filt_pat.fa:haplotype2_0000736_102745972_103248026_0	0.9329185672076982 1K
NA12718 HG03710.verkko_filt_pat.fa:haplotype2_0000488_101614437_102218208_0$HG02293.verkko_filt_pat.fa:haplotype2_0000836_148310532_148812524_1	0.9329105637580200 1K
NA12718 HG03486#2#JAHEOP010000248.1_2105565_2584784_1$HG03710.verkko_filt_pat.fa:haplotype2_0000488_101614437_102218208_0	0.9327763865965923 1K
NA12718 HG00621#1#JAHBCD010000034.1_2122997_2624098_1$HG03710.verkko_filt_pat.fa:haplotype2_0000488_101614437_102218208_0	0.9325748574279381 1K
NA12718 HG04228.verkko_filt_mat.fa:haplotype1_0000023_103429213_103930285_0$HG03710.verkko_filt_pat.fa:haplotype2_0000488_101614437_102218208_0	0.9325133046840249 1K
NA12718 HG02622#2#JAHAON010000012.1_51551779_52031001_0$HG03710.verkko_filt_pat.fa:haplotype2_0000488_101614437_102218208_0	0.9323409626712477 1K
NA12718 NA20129#2#JAHEPD010000155.1_90039_569275_0$HG03710.verkko_filt_pat.fa:haplotype2_0000488_101614437_102218208_0	0.9323279434062821 1K
NA12718 HG03453#1#JAGYVW010000157.1_2105722_2585000_1$HG03710.verkko_filt_pat.fa:haplotype2_0000488_101614437_102218208_0	0.9317841081834868 1K
NA12718 HG01243#1#JAHEOY010000013.1_90081_424495_0$HG02293.verkko_filt_mat.fa:haplotype1_0000039_30204405_30517145_1	0.9308848703263312 1K
NA12718 HG03492#2#JAHEPH010000288.1_2098270_2432686_1$HG02293.verkko_filt_mat.fa:haplotype1_0000039_30204405_30517145_1	0.9308246996446005 1K
NA12718 AV_HG01106#haplotype1#0000048:16666181_17262214$chr1_chm13_103304997_103901127_0	0.9304882363373693 1K
NA12718 HG03492#2#JAHEPH010000288.1_2098270_2432686_1$HG03710.verkko_filt_mat.fa:haplotype1_0000029_102593394_102907063_0	0.9300346099426110 1K
NA12718 HG01243#1#JAHEOY010000013.1_90081_424495_0$HG03710.verkko_filt_mat.fa:haplotype1_0000029_102593394_102907063_0	0.9300306371357635 1K
NA12718 AV_HG01361#haplotype2#0001322:101872897_102186552$HG03492#2#JAHEPH010000288.1_2098270_2432686_1	0.9297331707198904 1K
NA12718 AV_HG01361#haplotype2#0001322:101872897_102186552$HG01243#1#JAHEOY010000013.1_90081_424495_0	0.9297292077382227 1K
NA12718 HG01258#1#JAGYYV010000004.1_56955948_57456952_1$HG03710.verkko_filt_pat.fa:haplotype2_0000488_101614437_102218208_0	0.9296904748891697 1K
NA12718 HG01071#1#JAHBCF010000053.1_26607100_27108065_1$HG03710.verkko_filt_pat.fa:haplotype2_0000488_101614437_102218208_0	0.9294323059345914 1K
NA12718 HG03098#2#JAHEPL010000003.1_93803759_94117426_0$HG01243#1#JAHEOY010000013.1_90081_424495_0	0.9291411555675956 1K
NA12718 HG03492#2#JAHEPH010000288.1_2098270_2432686_1$HG03098#2#JAHEPL010000003.1_93803759_94117426_0	0.9290971909032595 1K
NA12718 HG03492#2#JAHEPH010000288.1_2098270_2432686_1$HG02886#2#JAHAOT010000031.1_87393_401061_0	0.9290939748141451 1K
NA12718 HG02886#2#JAHAOT010000031.1_87393_401061_0$HG01243#1#JAHEOY010000013.1_90081_424495_0	0.9290900130436640 1K
NA12718 HG03710.verkko_filt_pat.fa:haplotype2_0000488_101614437_102218208_0$HG03927.verkko_filt_pat.fa:haplotype2_0000800_29002142_29504057_1	0.9290284511622304 1K
NA12718 HG01358#1#JAGYZB010000020.1_27445742_27855492_1$HG03710.verkko_filt_pat.fa:haplotype2_0000488_101614437_102218208_0	0.9286190489881961 1K
NA12718 chr1_chm13_103304997_103901127_0$HG02004.verkko_filt_pat.fa:haplotype2_0000813_139386576_140076845_1	0.9280246890669402 1K
NA12718 HG03710.verkko_filt_pat.fa:haplotype2_0000488_101614437_102218208_0$HG01099.verkko_filt_pat.fa:haplotype2_0000583_143544270_144046196_1	0.9280007829279152 1K
NA12718 HG02723#2#JAHEOT010000034.1_19776337_20321518_1$HG03710.verkko_filt_pat.fa:haplotype2_0000488_101614437_102218208_0	0.9278414726485262 1K
NA12718 HG03492#2#JAHEPH010000288.1_2098270_2432686_1$HG01123#2#JAGYYY010000006.1_51579630_51892388_0	0.9277434978911697 1K
NA12718 HG02145#1#JAHKSG010000134.1_2102465_2647653_1$HG03710.verkko_filt_pat.fa:haplotype2_0000488_101614437_102218208_0	0.9277414809764385 1K
NA12718 AV_HG01106#haplotype1#0000048:16666181_17262214$HG02004.verkko_filt_pat.fa:haplotype2_0000813_139386576_140076845_1	0.9277381280527580 1K
NA12718 HG01123#2#JAGYYY010000006.1_51579630_51892388_0$HG01243#1#JAHEOY010000013.1_90081_424495_0	0.9277236399039834 1K
NA12718 HG03540#1#JAGYVY010000208.1_95187_596142_0$HG03710.verkko_filt_pat.fa:haplotype2_0000488_101614437_102218208_0	0.9276644537964756 1K
NA12718 HG00438#2#JAHBCA010000012.1_51513023_51826723_0$HG02647.verkko_filt_mat.fa:haplotype1_0000002_103892584_104321036_0	0.9275399433289524 1K
NA12718 HG02723#2#JAHEOT010000034.1_19776337_20321518_1$HG00438#2#JAHBCA010000012.1_51513023_51826723_0	0.9275137663552274 1K
NA12718 HG03098#1#JAHEPM010000059.1_16676208_17105596_0$HG00733#1#JAHEPQ010000019.1_46106835_46420495_0	0.9274272608590900 1K
NA12718 HG00438#2#JAHBCA010000012.1_51513023_51826723_0$HG02055#2#JAHEPJ010000017.1_24870122_25298560_1	0.9274189679592842 1K
NA12718 HG00733#1#JAHEPQ010000019.1_46106835_46420495_0$HG02647.verkko_filt_mat.fa:haplotype1_0000002_103892584_104321036_0	0.9273619766061560 1K
NA12718 HG02486#1#JAGYVM010000007.1_28868414_29370339_1$HG03710.verkko_filt_pat.fa:haplotype2_0000488_101614437_102218208_0	0.9273049965259478 1K
NA12718 HG02723#2#JAHEOT010000034.1_19776337_20321518_1$HG00733#1#JAHEPQ010000019.1_46106835_46420495_0	0.9272988737551259 1K
NA12718 HG00438#2#JAHBCA010000012.1_51513023_51826723_0$HG03098#1#JAHEPM010000059.1_16676208_17105596_0	0.9272351532891970 1K
NA12718 HG02055#2#JAHEPJ010000017.1_24870122_25298560_1$HG00733#1#JAHEPQ010000019.1_46106835_46420495_0	0.9271818897574873 1K
NA12718 HG00438#2#JAHBCA010000012.1_51513023_51826723_0$HG02809.verkko_filt_mat.fa:haplotype1_0000023_94161320_94589755_0	0.9271427497703635 1K
NA12718 HG00733#1#JAHEPQ010000019.1_46106835_46420495_0$HG02809.verkko_filt_mat.fa:haplotype1_0000023_94161320_94589755_0	0.9269748389113797 1K
NA12718 NA18906#2#JAHEON010000009.1_93748295_94249275_0$HG03710.verkko_filt_pat.fa:haplotype2_0000488_101614437_102218208_0	0.9265815145161240 1K
NA12718 HG00438#2#JAHBCA010000012.1_51513023_51826723_0$HG02145#1#JAHKSG010000134.1_2102465_2647653_1	0.9263998295391678 1K
NA12718 HG02145#1#JAHKSG010000134.1_2102465_2647653_1$HG00733#1#JAHEPQ010000019.1_46106835_46420495_0	0.9263285095591467 1K
NA12718 HG03492#2#JAHEPH010000288.1_2098270_2432686_1$HG04228.verkko_filt_pat.fa:haplotype2_0000600_103806749_104119491_0	0.9260105634636993 1K
NA12718 HG01243#1#JAHEOY010000013.1_90081_424495_0$HG04228.verkko_filt_pat.fa:haplotype2_0000600_103806749_104119491_0	0.9259908145980006 1K
NA12718 HG02723#1#JAHEOU010000204.1_2102082_2414876_1$HG01243#1#JAHEOY010000013.1_90081_424495_0	0.9256096880752138 1K
NA12718 HG02723#1#JAHEOU010000204.1_2102082_2414876_1$HG03492#2#JAHEPH010000288.1_2098270_2432686_1	0.9255500709723543 1K
NA12718 HG02723#2#JAHEOT010000034.1_19776337_20321518_1$HG02293.verkko_filt_mat.fa:haplotype1_0000039_30204405_30517145_1	0.9255337149015928 1K
NA12718 HG03098#1#JAHEPM010000059.1_16676208_17105596_0$HG02293.verkko_filt_mat.fa:haplotype1_0000039_30204405_30517145_1	0.9254637060757451 1K
NA12718 HG00741#1#JAHALY010000007.1_18781197_19307680_1$HG03710.verkko_filt_pat.fa:haplotype2_0000488_101614437_102218208_0	0.9253571283285692 1K
NA12718 HG02293.verkko_filt_mat.fa:haplotype1_0000039_30204405_30517145_1$HG02647.verkko_filt_mat.fa:haplotype1_0000002_103892584_104321036_0	0.9248682760412387 1K
NA12718 HG02055#2#JAHEPJ010000017.1_24870122_25298560_1$HG02293.verkko_filt_mat.fa:haplotype1_0000039_30204405_30517145_1	0.9245519801071000 1K
NA12718 HG01123#2#JAGYYY010000006.1_51579630_51892388_0$HG02723#2#JAHEOT010000034.1_19776337_20321518_1	0.9245428630171527 1K
NA12718 HG02145#1#JAHKSG010000134.1_2102465_2647653_1$HG02293.verkko_filt_mat.fa:haplotype1_0000039_30204405_30517145_1	0.9245331431024451 1K
NA12718 HG02293.verkko_filt_mat.fa:haplotype1_0000039_30204405_30517145_1$HG02809.verkko_filt_mat.fa:haplotype1_0000023_94161320_94589755_0	0.9244524045311523 1K
NA12718 HG02723#2#JAHEOT010000034.1_19776337_20321518_1$HG02886#2#JAHAOT010000031.1_87393_401061_0	0.9241381864012349 1K
NA12718 AV_HG01361#haplotype2#0001322:101872897_102186552$HG02723#2#JAHEOT010000034.1_19776337_20321518_1	0.9240724451295469 1K
NA12718 HG01123#2#JAGYYY010000006.1_51579630_51892388_0$HG03098#1#JAHEPM010000059.1_16676208_17105596_0	0.9240629420778239 1K
NA12718 HG00741#1#JAHALY010000007.1_18781197_19307680_1$HG02723#2#JAHEOT010000034.1_19776337_20321518_1	0.9240389058246455 1K
NA12718 HG02723#2#JAHEOT010000034.1_19776337_20321518_1$HG03710.verkko_filt_mat.fa:haplotype1_0000029_102593394_102907063_0	0.9239588340261665 1K
NA12718 HG03098#2#JAHEPL010000003.1_93803759_94117426_0$HG02723#2#JAHEOT010000034.1_19776337_20321518_1	0.9238686551550339 1K
NA12718 HG01123#2#JAGYYY010000006.1_51579630_51892388_0$HG02145#1#JAHKSG010000134.1_2102465_2647653_1	0.9236980895576450 1K
NA12718 HG03492#2#JAHEPH010000288.1_2098270_2432686_1$HG02647.verkko_filt_pat.fa:haplotype2_0000857_103738150_104051769_0	0.9236870306237548 1K
NA12718 HG01243#1#JAHEOY010000013.1_90081_424495_0$HG02647.verkko_filt_pat.fa:haplotype2_0000857_103738150_104051769_0	0.9236357497015915 1K
NA12718 HG03492#2#JAHEPH010000288.1_2098270_2432686_1$HG03579#2#JAGYVT010000094.1_51581892_51895531_0	0.9236040090100087 1K
NA12718 HG02886#2#JAHAOT010000031.1_87393_401061_0$HG02647.verkko_filt_mat.fa:haplotype1_0000002_103892584_104321036_0	0.9235406052993439 1K
NA12718 HG03579#2#JAGYVT010000094.1_51581892_51895531_0$HG01243#1#JAHEOY010000013.1_90081_424495_0	0.9235211438780786 1K
NA12718 HG00741#1#JAHALY010000007.1_18781197_19307680_1$HG02145#1#JAHKSG010000134.1_2102465_2647653_1	0.9235001185490845 1K
NA12718 HG02886#2#JAHAOT010000031.1_87393_401061_0$HG02055#2#JAHEPJ010000017.1_24870122_25298560_1	0.9234464597224240 1K
NA12718 HG02886#2#JAHAOT010000031.1_87393_401061_0$HG03098#1#JAHEPM010000059.1_16676208_17105596_0	0.9233747078689712 1K
NA12718 HG03710.verkko_filt_mat.fa:haplotype1_0000029_102593394_102907063_0$HG02647.verkko_filt_mat.fa:haplotype1_0000002_103892584_104321036_0	0.9233304408440793 1K
NA12718 AV_HG01361#haplotype2#0001322:101872897_102186552$HG02055#2#JAHEPJ010000017.1_24870122_25298560_1	0.9232862678882616 1K
NA12718 HG02886#2#JAHAOT010000031.1_87393_401061_0$HG02809.verkko_filt_mat.fa:haplotype1_0000023_94161320_94589755_0	0.9232780777781067 1K
NA12718 AV_HG01361#haplotype2#0001322:101872897_102186552$HG02647.verkko_filt_mat.fa:haplotype1_0000002_103892584_104321036_0	0.9232748501920807 1K
NA12718 AV_HG01361#haplotype2#0001322:101872897_102186552$HG03098#1#JAHEPM010000059.1_16676208_17105596_0	0.9232515553124975 1K
NA12718 HG01243#1#JAHEOY010000013.1_90081_424495_0$HG01891#1#JAGYVO010000014.1_22855818_23168577_1	0.9232122703991017 1K
NA12718 HG02723#2#JAHEOT010000034.1_19776337_20321518_1$HG04228.verkko_filt_pat.fa:haplotype2_0000600_103806749_104119491_0	0.9231619960949118 1K
NA12718 HG03492#2#JAHEPH010000288.1_2098270_2432686_1$HG01891#1#JAGYVO010000014.1_22855818_23168577_1	0.9231528343139606 1K
NA12718 HG02886#2#JAHAOT010000031.1_87393_401061_0$HG02145#1#JAHKSG010000134.1_2102465_2647653_1	0.9231524730682371 1K
NA12718 AV_HG01361#haplotype2#0001322:101872897_102186552$HG02809.verkko_filt_mat.fa:haplotype1_0000023_94161320_94589755_0	0.9231074950219633 1K
NA12718 HG02055#2#JAHEPJ010000017.1_24870122_25298560_1$HG03710.verkko_filt_mat.fa:haplotype1_0000029_102593394_102907063_0	0.9230872233607256 1K
NA12718 HG03098#1#JAHEPM010000059.1_16676208_17105596_0$HG03710.verkko_filt_mat.fa:haplotype1_0000029_102593394_102907063_0	0.9230649110513506 1K
NA12718 HG01243#1#JAHEOY010000013.1_90081_424495_0$HG02109#2#JAHEPF010000078.1_16678387_16991144_0	0.9230034005029948 1K
NA12718 HG03492#2#JAHEPH010000288.1_2098270_2432686_1$HG02109#2#JAHEPF010000078.1_16678387_16991144_0	0.9229914003079696 1K
NA12718 AV_HG01361#haplotype2#0001322:101872897_102186552$HG02145#1#JAHKSG010000134.1_2102465_2647653_1	0.9229612064634284 1K
NA12718 HG02723#1#JAHEOU010000204.1_2102082_2414876_1$HG02723#2#JAHEOT010000034.1_19776337_20321518_1	0.9229549748216418 1K
NA12718 HG03098#2#JAHEPL010000003.1_93803759_94117426_0$HG02055#2#JAHEPJ010000017.1_24870122_25298560_1	0.9229380674686468 1K
NA12718 HG03098#2#JAHEPL010000003.1_93803759_94117426_0$HG03098#1#JAHEPM010000059.1_16676208_17105596_0	0.9228812687252828 1K
NA12718 HG02145#1#JAHKSG010000134.1_2102465_2647653_1$HG03710.verkko_filt_mat.fa:haplotype1_0000029_102593394_102907063_0	0.9228717467113258 1K
NA12718 HG03710.verkko_filt_mat.fa:haplotype1_0000029_102593394_102907063_0$HG02809.verkko_filt_mat.fa:haplotype1_0000023_94161320_94589755_0	0.9228511373179356 1K
NA12718 HG03098#2#JAHEPL010000003.1_93803759_94117426_0$HG02647.verkko_filt_mat.fa:haplotype1_0000002_103892584_104321036_0	0.9228451711303662 1K
NA12718 HG03098#2#JAHEPL010000003.1_93803759_94117426_0$HG02809.verkko_filt_mat.fa:haplotype1_0000023_94161320_94589755_0	0.9227366402762814 1K
NA12718 chr1_chm13_103304997_103901127_0$HG03710.verkko_filt_pat.fa:haplotype2_0000488_101614437_102218208_0	0.9227164609296925 1K
NA12718 HG03098#2#JAHEPL010000003.1_93803759_94117426_0$HG02145#1#JAHKSG010000134.1_2102465_2647653_1	0.9227051434865060 1K
NA12718 HG01123#2#JAGYYY010000006.1_51579630_51892388_0$HG02055#2#JAHEPJ010000017.1_24870122_25298560_1	0.9224662067204125 1K
NA12718 HG01123#2#JAGYYY010000006.1_51579630_51892388_0$HG02647.verkko_filt_mat.fa:haplotype1_0000002_103892584_104321036_0	0.9224660821825488 1K
NA12718 HG03098#1#JAHEPM010000059.1_16676208_17105596_0$HG04228.verkko_filt_pat.fa:haplotype2_0000600_103806749_104119491_0	0.9224291098538263 1K
NA12718 HG01123#2#JAGYYY010000006.1_51579630_51892388_0$HG02809.verkko_filt_mat.fa:haplotype1_0000023_94161320_94589755_0	0.9222876637188204 1K
NA12718 AV_HG01106#haplotype1#0000048:16666181_17262214$HG03710.verkko_filt_pat.fa:haplotype2_0000488_101614437_102218208_0	0.9221609298318387 1K
NA12718 HG02145#1#JAHKSG010000134.1_2102465_2647653_1$HG04228.verkko_filt_pat.fa:haplotype2_0000600_103806749_104119491_0	0.9221423391321278 1K
NA12718 HG02723#1#JAHEOU010000204.1_2102082_2414876_1$HG03098#1#JAHEPM010000059.1_16676208_17105596_0	0.9219077241815539 1K
NA12718 HG02723#1#JAHEOU010000204.1_2102082_2414876_1$HG02145#1#JAHKSG010000134.1_2102465_2647653_1	0.9218217071965276 1K
NA12718 HG03579#2#JAGYVT010000094.1_51581892_51895531_0$HG02723#2#JAHEOT010000034.1_19776337_20321518_1	0.9217792138584040 1K
NA12718 HG02723#2#JAHEOT010000034.1_19776337_20321518_1$HG02647.verkko_filt_pat.fa:haplotype2_0000857_103738150_104051769_0	0.9217561059848121 1K
NA12718 HG02723#2#JAHEOT010000034.1_19776337_20321518_1$HG01891#1#JAGYVO010000014.1_22855818_23168577_1	0.9215963123424356 1K
NA12718 HG02723#2#JAHEOT010000034.1_19776337_20321518_1$HG02109#2#JAHEPF010000078.1_16678387_16991144_0	0.9209761536738040 1K
NA12718 HG03579#2#JAGYVT010000094.1_51581892_51895531_0$HG02145#1#JAHKSG010000134.1_2102465_2647653_1	0.9207810607785513 1K
NA12718 HG02055#2#JAHEPJ010000017.1_24870122_25298560_1$HG04228.verkko_filt_pat.fa:haplotype2_0000600_103806749_104119491_0	0.9207760966609266 1K
NA12718 HG02145#1#JAHKSG010000134.1_2102465_2647653_1$HG02647.verkko_filt_pat.fa:haplotype2_0000857_103738150_104051769_0	0.9207652547804750 1K
NA12718 HG04228.verkko_filt_pat.fa:haplotype2_0000600_103806749_104119491_0$HG02647.verkko_filt_mat.fa:haplotype1_0000002_103892584_104321036_0	0.9207277564342782 1K
NA12718 HG02145#1#JAHKSG010000134.1_2102465_2647653_1$HG01891#1#JAGYVO010000014.1_22855818_23168577_1	0.9205597825208544 1K
NA12718 HG04228.verkko_filt_pat.fa:haplotype2_0000600_103806749_104119491_0$HG02809.verkko_filt_mat.fa:haplotype1_0000023_94161320_94589755_0	0.9204617080054561 1K
NA12718 HG02723#1#JAHEOU010000204.1_2102082_2414876_1$HG02647.verkko_filt_mat.fa:haplotype1_0000002_103892584_104321036_0	0.9204139999962676 1K
NA12718 HG03098#1#JAHEPM010000059.1_16676208_17105596_0$HG01891#1#JAGYVO010000014.1_22855818_23168577_1	0.9203370813800633 1K
NA12718 HG02723#1#JAHEOU010000204.1_2102082_2414876_1$HG02055#2#JAHEPJ010000017.1_24870122_25298560_1	0.9203012766460607 1K
NA12718 HG03579#2#JAGYVT010000094.1_51581892_51895531_0$HG03098#1#JAHEPM010000059.1_16676208_17105596_0	0.9202982004576739 1K
NA12718 HG03098#1#JAHEPM010000059.1_16676208_17105596_0$HG02647.verkko_filt_pat.fa:haplotype2_0000857_103738150_104051769_0	0.9202814760440859 1K
NA12718 HG02723#1#JAHEOU010000204.1_2102082_2414876_1$HG02809.verkko_filt_mat.fa:haplotype1_0000023_94161320_94589755_0	0.9201831048375554 1K
NA12718 HG02145#1#JAHKSG010000134.1_2102465_2647653_1$HG02109#2#JAHEPF010000078.1_16678387_16991144_0	0.9199225225559422 1K
NA12718 HG03098#1#JAHEPM010000059.1_16676208_17105596_0$HG02109#2#JAHEPF010000078.1_16678387_16991144_0	0.9195793241401081 1K
NA12718 HG03579#2#JAGYVT010000094.1_51581892_51895531_0$HG02647.verkko_filt_mat.fa:haplotype1_0000002_103892584_104321036_0	0.9192986250017642 1K
NA12718 HG02647.verkko_filt_pat.fa:haplotype2_0000857_103738150_104051769_0$HG02647.verkko_filt_mat.fa:haplotype1_0000002_103892584_104321036_0	0.9192588585054743 1K
NA12718 HG02004.verkko_filt_pat.fa:haplotype2_0000813_139386576_140076845_1$HG03710.verkko_filt_pat.fa:haplotype2_0000488_101614437_102218208_0	0.9191661074892350 1K
NA12718 HG02055#2#JAHEPJ010000017.1_24870122_25298560_1$HG02647.verkko_filt_pat.fa:haplotype2_0000857_103738150_104051769_0	0.9190549669289213 1K
NA12718 HG03579#2#JAGYVT010000094.1_51581892_51895531_0$HG02055#2#JAHEPJ010000017.1_24870122_25298560_1	0.9190257886856387 1K
NA12718 HG03098#1#JAHEPM010000059.1_16676208_17105596_0$HG02647.verkko_filt_mat.fa:haplotype1_0000002_103892584_104321036_0	0.9189613458695676 1K
NA12718 HG02647.verkko_filt_pat.fa:haplotype2_0000857_103738150_104051769_0$HG02809.verkko_filt_mat.fa:haplotype1_0000023_94161320_94589755_0	0.9188457728782106 1K
NA12718 HG03579#2#JAGYVT010000094.1_51581892_51895531_0$HG02809.verkko_filt_mat.fa:haplotype1_0000023_94161320_94589755_0	0.9188397478288622 1K
NA12718 HG03098#1#JAHEPM010000059.1_16676208_17105596_0$HG02055#2#JAHEPJ010000017.1_24870122_25298560_1	0.9188061851343877 1K
NA12718 HG02055#2#JAHEPJ010000017.1_24870122_25298560_1$HG01891#1#JAGYVO010000014.1_22855818_23168577_1	0.9187649569597967 1K
NA12718 HG03098#1#JAHEPM010000059.1_16676208_17105596_0$HG02809.verkko_filt_mat.fa:haplotype1_0000023_94161320_94589755_0	0.9187595645071521 1K
NA12718 HG01891#1#JAGYVO010000014.1_22855818_23168577_1$HG02647.verkko_filt_mat.fa:haplotype1_0000002_103892584_104321036_0	0.9187496575328868 1K
NA12718 HG01891#1#JAGYVO010000014.1_22855818_23168577_1$HG02809.verkko_filt_mat.fa:haplotype1_0000023_94161320_94589755_0	0.9185903945280102 1K
NA12718 HG02055#2#JAHEPJ010000017.1_24870122_25298560_1$HG02109#2#JAHEPF010000078.1_16678387_16991144_0	0.9179511545905705 1K
NA12718 HG02109#2#JAHEPF010000078.1_16678387_16991144_0$HG02647.verkko_filt_mat.fa:haplotype1_0000002_103892584_104321036_0	0.9178771487511141 1K
NA12718 HG02109#2#JAHEPF010000078.1_16678387_16991144_0$HG02809.verkko_filt_mat.fa:haplotype1_0000023_94161320_94589755_0	0.9177437691966673 1K
NA12718 HG02809.verkko_filt_mat.fa:haplotype1_0000023_94161320_94589755_0$HG02647.verkko_filt_mat.fa:haplotype1_0000002_103892584_104321036_0	0.9176550459930680 1K
NA12718 HG02055#2#JAHEPJ010000017.1_24870122_25298560_1$HG02647.verkko_filt_mat.fa:haplotype1_0000002_103892584_104321036_0	0.9175350942881295 1K
NA12718 HG02055#2#JAHEPJ010000017.1_24870122_25298560_1$HG02809.verkko_filt_mat.fa:haplotype1_0000023_94161320_94589755_0	0.9174333775124266 1K
NA12718 HG03540#2#JAGYVX010000148.1_1368955_1877115_0$HG03710.verkko_filt_pat.fa:haplotype2_0000488_101614437_102218208_0	0.9143718272604403 1K
NA12718 HG02723#2#JAHEOT010000034.1_19776337_20321518_1$HG03098#1#JAHEPM010000059.1_16676208_17105596_0	0.9091197429342318 1K
NA12718 HG02723#2#JAHEOT010000034.1_19776337_20321518_1$HG02647.verkko_filt_mat.fa:haplotype1_0000002_103892584_104321036_0	0.9089929284044262 1K
NA12718 HG02723#2#JAHEOT010000034.1_19776337_20321518_1$HG02809.verkko_filt_mat.fa:haplotype1_0000023_94161320_94589755_0	0.9089688456701105 1K
NA12718 HG02723#2#JAHEOT010000034.1_19776337_20321518_1$HG02055#2#JAHEPJ010000017.1_24870122_25298560_1	0.9089631364472254 1K
NA12718 HG02145#1#JAHKSG010000134.1_2102465_2647653_1$HG02647.verkko_filt_mat.fa:haplotype1_0000002_103892584_104321036_0	0.9080993275581096 1K
NA12718 HG02055#2#JAHEPJ010000017.1_24870122_25298560_1$HG02145#1#JAHKSG010000134.1_2102465_2647653_1	0.9080250790888363 1K
NA12718 HG03098#1#JAHEPM010000059.1_16676208_17105596_0$HG02145#1#JAHKSG010000134.1_2102465_2647653_1	0.9079991866214197 1K
NA12718 HG02145#1#JAHKSG010000134.1_2102465_2647653_1$HG02809.verkko_filt_mat.fa:haplotype1_0000023_94161320_94589755_0	0.9078201285485420 1K
NA12718 HG02723#2#JAHEOT010000034.1_19776337_20321518_1$HG02145#1#JAHKSG010000134.1_2102465_2647653_1	0.8955562891657098 1K
NA12718 HG00438#2#JAHBCA010000012.1_51513023_51826723_0$HG00733#1#JAHEPQ010000019.1_46106835_46420495_0	0.8906295548409090 1K
NA12718 HG00438#2#JAHBCA010000012.1_51513023_51826723_0$HG02293.verkko_filt_mat.fa:haplotype1_0000039_30204405_30517145_1	0.8902649696201741 1K
NA12718 HG03098#2#JAHEPL010000003.1_93803759_94117426_0$HG00733#1#JAHEPQ010000019.1_46106835_46420495_0	0.8901191359043787 1K
NA12718 AV_HG01361#haplotype2#0001322:101872897_102186552$HG00733#1#JAHEPQ010000019.1_46106835_46420495_0	0.8900085887380810 1K
NA12718 HG00733#1#JAHEPQ010000019.1_46106835_46420495_0$HG02293.verkko_filt_mat.fa:haplotype1_0000039_30204405_30517145_1	0.8898004097186358 1K
NA12718 HG00438#2#JAHBCA010000012.1_51513023_51826723_0$HG03710.verkko_filt_mat.fa:haplotype1_0000029_102593394_102907063_0	0.8897468468471476 1K
NA12718 HG00438#2#JAHBCA010000012.1_51513023_51826723_0$HG04228.verkko_filt_pat.fa:haplotype2_0000600_103806749_104119491_0	0.8896979684784061 1K
NA12718 HG02723#1#JAHEOU010000204.1_2102082_2414876_1$HG00733#1#JAHEPQ010000019.1_46106835_46420495_0	0.8896732715587530 1K
NA12718 AV_HG01361#haplotype2#0001322:101872897_102186552$HG00438#2#JAHBCA010000012.1_51513023_51826723_0	0.8896649708079839 1K
NA12718 HG01123#2#JAGYYY010000006.1_51579630_51892388_0$HG00438#2#JAHBCA010000012.1_51513023_51826723_0	0.8896614382189280 1K
NA12718 HG00733#1#JAHEPQ010000019.1_46106835_46420495_0$HG03710.verkko_filt_mat.fa:haplotype1_0000029_102593394_102907063_0	0.8896600397505947 1K
NA12718 HG02886#2#JAHAOT010000031.1_87393_401061_0$HG00733#1#JAHEPQ010000019.1_46106835_46420495_0	0.8896484451995094 1K
NA12718 HG01123#2#JAGYYY010000006.1_51579630_51892388_0$HG00733#1#JAHEPQ010000019.1_46106835_46420495_0	0.8895246798297083 1K
NA12718 HG02723#1#JAHEOU010000204.1_2102082_2414876_1$HG00438#2#JAHBCA010000012.1_51513023_51826723_0	0.8894801795459120 1K
NA12718 HG00733#1#JAHEPQ010000019.1_46106835_46420495_0$HG04228.verkko_filt_pat.fa:haplotype2_0000600_103806749_104119491_0	0.8894239509528921 1K
NA12718 HG01123#2#JAGYYY010000006.1_51579630_51892388_0$HG03710.verkko_filt_mat.fa:haplotype1_0000029_102593394_102907063_0	0.8892837264365231 1K
NA12718 HG03098#2#JAHEPL010000003.1_93803759_94117426_0$HG00438#2#JAHBCA010000012.1_51513023_51826723_0	0.8891568166762769 1K
NA12718 HG00733#1#JAHEPQ010000019.1_46106835_46420495_0$HG01891#1#JAGYVO010000014.1_22855818_23168577_1	0.8890962929007142 1K
NA12718 AV_HG01361#haplotype2#0001322:101872897_102186552$HG01123#2#JAGYYY010000006.1_51579630_51892388_0	0.8890454267892556 1K
NA12718 HG01123#2#JAGYYY010000006.1_51579630_51892388_0$HG03098#2#JAHEPL010000003.1_93803759_94117426_0	0.8889836880647650 1K
NA12718 HG02109#2#JAHEPF010000078.1_16678387_16991144_0$HG00733#1#JAHEPQ010000019.1_46106835_46420495_0	0.8889672826070034 1K
NA12718 HG00438#2#JAHBCA010000012.1_51513023_51826723_0$HG02886#2#JAHAOT010000031.1_87393_401061_0	0.8889429924857393 1K
NA12718 HG00733#1#JAHEPQ010000019.1_46106835_46420495_0$HG02647.verkko_filt_pat.fa:haplotype2_0000857_103738150_104051769_0	0.8887163868003423 1K
NA12718 HG01123#2#JAGYYY010000006.1_51579630_51892388_0$HG02886#2#JAHAOT010000031.1_87393_401061_0	0.8887032681454332 1K
NA12718 HG00438#2#JAHBCA010000012.1_51513023_51826723_0$HG02109#2#JAHEPF010000078.1_16678387_16991144_0	0.8886866839876124 1K
NA12718 HG03579#2#JAGYVT010000094.1_51581892_51895531_0$HG00733#1#JAHEPQ010000019.1_46106835_46420495_0	0.8886730809344795 1K
NA12718 HG00438#2#JAHBCA010000012.1_51513023_51826723_0$HG01891#1#JAGYVO010000014.1_22855818_23168577_1	0.8886592735048953 1K
NA12718 HG01123#2#JAGYYY010000006.1_51579630_51892388_0$HG02293.verkko_filt_mat.fa:haplotype1_0000039_30204405_30517145_1	0.8884894605186603 1K
NA12718 HG03579#2#JAGYVT010000094.1_51581892_51895531_0$HG00438#2#JAHBCA010000012.1_51513023_51826723_0	0.8882048813042219 1K
NA12718 HG00438#2#JAHBCA010000012.1_51513023_51826723_0$HG02647.verkko_filt_pat.fa:haplotype2_0000857_103738150_104051769_0	0.8881958364376580 1K
NA12718 HG03710.verkko_filt_mat.fa:haplotype1_0000029_102593394_102907063_0$HG02293.verkko_filt_mat.fa:haplotype1_0000039_30204405_30517145_1	0.8875927608249338 1K
NA12718 HG02723#1#JAHEOU010000204.1_2102082_2414876_1$HG02293.verkko_filt_mat.fa:haplotype1_0000039_30204405_30517145_1	0.8875304340613487 1K
NA12718 HG04228.verkko_filt_pat.fa:haplotype2_0000600_103806749_104119491_0$HG03710.verkko_filt_mat.fa:haplotype1_0000029_102593394_102907063_0	0.8875214819272156 1K
NA12718 HG03098#2#JAHEPL010000003.1_93803759_94117426_0$HG02293.verkko_filt_mat.fa:haplotype1_0000039_30204405_30517145_1	0.8874655750596929 1K
NA12718 AV_HG01361#haplotype2#0001322:101872897_102186552$HG02293.verkko_filt_mat.fa:haplotype1_0000039_30204405_30517145_1	0.8872876219757546 1K
NA12718 HG02886#2#JAHAOT010000031.1_87393_401061_0$HG02293.verkko_filt_mat.fa:haplotype1_0000039_30204405_30517145_1	0.8871481814575770 1K
NA12718 HG03098#2#JAHEPL010000003.1_93803759_94117426_0$HG04228.verkko_filt_pat.fa:haplotype2_0000600_103806749_104119491_0	0.8867903204861101 1K
NA12718 HG02723#1#JAHEOU010000204.1_2102082_2414876_1$HG03710.verkko_filt_mat.fa:haplotype1_0000029_102593394_102907063_0	0.8867338131269387 1K
NA12718 AV_HG01361#haplotype2#0001322:101872897_102186552$HG04228.verkko_filt_pat.fa:haplotype2_0000600_103806749_104119491_0	0.8864219395502460 1K
NA12718 AV_HG01361#haplotype2#0001322:101872897_102186552$HG02723#1#JAHEOU010000204.1_2102082_2414876_1	0.8864103858643891 1K
NA12718 HG04228.verkko_filt_pat.fa:haplotype2_0000600_103806749_104119491_0$HG02293.verkko_filt_mat.fa:haplotype1_0000039_30204405_30517145_1	0.8863866970360265 1K
NA12718 HG02886#2#JAHAOT010000031.1_87393_401061_0$HG04228.verkko_filt_pat.fa:haplotype2_0000600_103806749_104119491_0	0.8863178562615757 1K
NA12718 HG02723#1#JAHEOU010000204.1_2102082_2414876_1$HG02886#2#JAHAOT010000031.1_87393_401061_0	0.8861685295873152 1K
NA12718 HG02647.verkko_filt_pat.fa:haplotype2_0000857_103738150_104051769_0$HG02293.verkko_filt_mat.fa:haplotype1_0000039_30204405_30517145_1	0.8861574628907641 1K
NA12718 HG02723#1#JAHEOU010000204.1_2102082_2414876_1$HG03098#2#JAHEPL010000003.1_93803759_94117426_0	0.8861413582214031 1K
NA12718 HG03579#2#JAGYVT010000094.1_51581892_51895531_0$HG02293.verkko_filt_mat.fa:haplotype1_0000039_30204405_30517145_1	0.8861321269062357 1K
NA12718 HG01891#1#JAGYVO010000014.1_22855818_23168577_1$HG02293.verkko_filt_mat.fa:haplotype1_0000039_30204405_30517145_1	0.8860677703651946 1K
NA12718 HG02109#2#JAHEPF010000078.1_16678387_16991144_0$HG02293.verkko_filt_mat.fa:haplotype1_0000039_30204405_30517145_1	0.8857674927272677 1K
NA12718 AV_HG01361#haplotype2#0001322:101872897_102186552$HG03710.verkko_filt_mat.fa:haplotype1_0000029_102593394_102907063_0	0.8851976409522893 1K
NA12718 HG02886#2#JAHAOT010000031.1_87393_401061_0$HG03710.verkko_filt_mat.fa:haplotype1_0000029_102593394_102907063_0	0.8848319493868514 1K
NA12718 HG01891#1#JAGYVO010000014.1_22855818_23168577_1$HG03710.verkko_filt_mat.fa:haplotype1_0000029_102593394_102907063_0	0.8848235443903457 1K
NA12718 HG03098#2#JAHEPL010000003.1_93803759_94117426_0$HG03710.verkko_filt_mat.fa:haplotype1_0000029_102593394_102907063_0	0.8847598197485113 1K
NA12718 AV_HG01361#haplotype2#0001322:101872897_102186552$HG03098#2#JAHEPL010000003.1_93803759_94117426_0	0.8846779839471708 1K
NA12718 HG03098#2#JAHEPL010000003.1_93803759_94117426_0$HG02886#2#JAHAOT010000031.1_87393_401061_0	0.8843458249544692 1K
NA12718 AV_HG01361#haplotype2#0001322:101872897_102186552$HG01891#1#JAGYVO010000014.1_22855818_23168577_1	0.8842599659426241 1K
NA12718 HG03579#2#JAGYVT010000094.1_51581892_51895531_0$HG03710.verkko_filt_mat.fa:haplotype1_0000029_102593394_102907063_0	0.8842367769227812 1K
NA12718 HG03710.verkko_filt_mat.fa:haplotype1_0000029_102593394_102907063_0$HG02647.verkko_filt_pat.fa:haplotype2_0000857_103738150_104051769_0	0.8842269825362362 1K
NA12718 AV_HG01361#haplotype2#0001322:101872897_102186552$HG03579#2#JAGYVT010000094.1_51581892_51895531_0	0.8841375036917246 1K
NA12718 AV_HG01361#haplotype2#0001322:101872897_102186552$HG02647.verkko_filt_pat.fa:haplotype2_0000857_103738150_104051769_0	0.8841276905700703 1K
NA12718 AV_HG01361#haplotype2#0001322:101872897_102186552$HG02109#2#JAHEPF010000078.1_16678387_16991144_0	0.8839618225900833 1K
NA12718 HG02109#2#JAHEPF010000078.1_16678387_16991144_0$HG03710.verkko_filt_mat.fa:haplotype1_0000029_102593394_102907063_0	0.8839410524315897 1K
NA12718 HG03098#2#JAHEPL010000003.1_93803759_94117426_0$HG01891#1#JAGYVO010000014.1_22855818_23168577_1	0.8837851398148455 1K
NA12718 HG02886#2#JAHAOT010000031.1_87393_401061_0$HG01891#1#JAGYVO010000014.1_22855818_23168577_1	0.8835858743124648 1K
NA12718 HG03098#2#JAHEPL010000003.1_93803759_94117426_0$HG02647.verkko_filt_pat.fa:haplotype2_0000857_103738150_104051769_0	0.8835163241750355 1K
NA12718 HG03579#2#JAGYVT010000094.1_51581892_51895531_0$HG03098#2#JAHEPL010000003.1_93803759_94117426_0	0.8834920697619644 1K
NA12718 HG02886#2#JAHAOT010000031.1_87393_401061_0$HG02109#2#JAHEPF010000078.1_16678387_16991144_0	0.8834764858380153 1K
NA12718 HG02886#2#JAHAOT010000031.1_87393_401061_0$HG02647.verkko_filt_pat.fa:haplotype2_0000857_103738150_104051769_0	0.8833164015233859 1K
NA12718 HG03579#2#JAGYVT010000094.1_51581892_51895531_0$HG02886#2#JAHAOT010000031.1_87393_401061_0	0.8833091540407439 1K
NA12718 AV_HG01361#haplotype2#0001322:101872897_102186552$HG02886#2#JAHAOT010000031.1_87393_401061_0	0.8832689625508711 1K
NA12718 HG03098#2#JAHEPL010000003.1_93803759_94117426_0$HG02109#2#JAHEPF010000078.1_16678387_16991144_0	0.8830422443981976 1K
NA12718 HG02723#1#JAHEOU010000204.1_2102082_2414876_1$HG01123#2#JAGYYY010000006.1_51579630_51892388_0	0.8829529045395536 1K
NA12718 HG01123#2#JAGYYY010000006.1_51579630_51892388_0$HG02647.verkko_filt_pat.fa:haplotype2_0000857_103738150_104051769_0	0.8828478820676604 1K
NA12718 HG01123#2#JAGYYY010000006.1_51579630_51892388_0$HG03579#2#JAGYVT010000094.1_51581892_51895531_0	0.8828236114590606 1K
NA12718 HG01123#2#JAGYYY010000006.1_51579630_51892388_0$HG04228.verkko_filt_pat.fa:haplotype2_0000600_103806749_104119491_0	0.8828125920788565 1K
NA12718 HG01123#2#JAGYYY010000006.1_51579630_51892388_0$HG01891#1#JAGYVO010000014.1_22855818_23168577_1	0.8824651201196293 1K
NA12718 HG01123#2#JAGYYY010000006.1_51579630_51892388_0$HG02109#2#JAHEPF010000078.1_16678387_16991144_0	0.8822022749598065 1K
NA12718 HG02723#1#JAHEOU010000204.1_2102082_2414876_1$HG04228.verkko_filt_pat.fa:haplotype2_0000600_103806749_104119491_0	0.8819567612262719 1K
NA12718 HG04228.verkko_filt_pat.fa:haplotype2_0000600_103806749_104119491_0$HG02647.verkko_filt_pat.fa:haplotype2_0000857_103738150_104051769_0	0.8808588814952737 1K
NA12718 HG03579#2#JAGYVT010000094.1_51581892_51895531_0$HG04228.verkko_filt_pat.fa:haplotype2_0000600_103806749_104119491_0	0.8808011999497053 1K
NA12718 HG01891#1#JAGYVO010000014.1_22855818_23168577_1$HG04228.verkko_filt_pat.fa:haplotype2_0000600_103806749_104119491_0	0.8804423430089356 1K
NA12718 HG02723#1#JAHEOU010000204.1_2102082_2414876_1$HG02647.verkko_filt_pat.fa:haplotype2_0000857_103738150_104051769_0	0.8803505321398495 1K
NA12718 HG02723#1#JAHEOU010000204.1_2102082_2414876_1$HG03579#2#JAGYVT010000094.1_51581892_51895531_0	0.8803271057744197 1K
NA12718 HG02109#2#JAHEPF010000078.1_16678387_16991144_0$HG04228.verkko_filt_pat.fa:haplotype2_0000600_103806749_104119491_0	0.8799599339053294 1K
NA12718 HG02723#1#JAHEOU010000204.1_2102082_2414876_1$HG01891#1#JAGYVO010000014.1_22855818_23168577_1	0.8796787118631739 1K
NA12718 HG02723#1#JAHEOU010000204.1_2102082_2414876_1$HG02109#2#JAHEPF010000078.1_16678387_16991144_0	0.8795542952154415 1K
NA12718 HG02109#2#JAHEPF010000078.1_16678387_16991144_0$HG02647.verkko_filt_pat.fa:haplotype2_0000857_103738150_104051769_0	0.8777080397001318 1K
NA12718 HG03579#2#JAGYVT010000094.1_51581892_51895531_0$HG02109#2#JAHEPF010000078.1_16678387_16991144_0	0.8777023083762501 1K
NA12718 HG02109#2#JAHEPF010000078.1_16678387_16991144_0$HG01891#1#JAGYVO010000014.1_22855818_23168577_1	0.8771563331406699 1K
NA12718 HG03579#2#JAGYVT010000094.1_51581892_51895531_0$HG01891#1#JAGYVO010000014.1_22855818_23168577_1	0.8769958931455343 1K
NA12718 HG01891#1#JAGYVO010000014.1_22855818_23168577_1$HG02647.verkko_filt_pat.fa:haplotype2_0000857_103738150_104051769_0	0.8769844500220165 1K
NA12718 HG03579#2#JAGYVT010000094.1_51581892_51895531_0$HG02647.verkko_filt_pat.fa:haplotype2_0000857_103738150_104051769_0	0.8748839256022579 1K
