NA18873 NA20129#2#JAHEPD010000155.1_90039_569275_0$HG01099.verkko_filt_pat.fa:haplotype2_0000583_143544270_144046196_1	0.9888971049021725 1K
NA18873 HG02622#2#JAHAON010000012.1_51551779_52031001_0$HG01099.verkko_filt_pat.fa:haplotype2_0000583_143544270_144046196_1	0.9888854197038373 1K
NA18873 NA20129#2#JAHEPD010000155.1_90039_569275_0$HG03540#1#JAGYVY010000208.1_95187_596142_0	0.9888097931736721 1K
NA18873 HG02622#2#JAHAON010000012.1_51551779_52031001_0$HG03540#1#JAGYVY010000208.1_95187_596142_0	0.9887715802856907 1K
NA18873 HG03486#2#JAHEOP010000248.1_2105565_2584784_1$HG01099.verkko_filt_pat.fa:haplotype2_0000583_143544270_144046196_1	0.9882613651722014 1K
NA18873 HG03486#2#JAHEOP010000248.1_2105565_2584784_1$HG03540#1#JAGYVY010000208.1_95187_596142_0	0.9881877627298714 1K
NA18873 HG01109#2#JAHEOZ010000047.1_16671232_17151375_0$HG03540#1#JAGYVY010000208.1_95187_596142_0	0.9879331566452989 1K
NA18873 HG01109#2#JAHEOZ010000047.1_16671232_17151375_0$HG01099.verkko_filt_pat.fa:haplotype2_0000583_143544270_144046196_1	0.9878882099660925 1K
NA18873 NA20129#2#JAHEPD010000155.1_90039_569275_0$HG02486#1#JAGYVM010000007.1_28868414_29370339_1	0.9875340511874643 1K
NA18873 HG03453#1#JAGYVW010000157.1_2105722_2585000_1$HG01099.verkko_filt_pat.fa:haplotype2_0000583_143544270_144046196_1	0.9874903817083542 1K
NA18873 HG02622#2#JAHAON010000012.1_51551779_52031001_0$HG02486#1#JAGYVM010000007.1_28868414_29370339_1	0.9874471288406044 1K
NA18873 HG01109#2#JAHEOZ010000047.1_16671232_17151375_0$HG02486#1#JAGYVM010000007.1_28868414_29370339_1	0.9873124767241662 1K
NA18873 HG03453#1#JAGYVW010000157.1_2105722_2585000_1$HG03540#1#JAGYVY010000208.1_95187_596142_0	0.9872859745790052 1K
NA18873 HG01258#1#JAGYYV010000004.1_56955948_57456952_1$HG01109#2#JAHEOZ010000047.1_16671232_17151375_0	0.9872725315378167 1K
NA18873 HG01071#1#JAHBCF010000053.1_26607100_27108065_1$HG01109#2#JAHEOZ010000047.1_16671232_17151375_0	0.9871412535457451 1K
NA18873 HG00438#1#JAHBCB010000015.1_33474867_33954171_0$HG01099.verkko_filt_pat.fa:haplotype2_0000583_143544270_144046196_1	0.9870971463138166 1K
NA18873 HG00438#1#JAHBCB010000015.1_33474867_33954171_0$HG03540#1#JAGYVY010000208.1_95187_596142_0	0.9869929318716205 1K
NA18873 NA20129#2#JAHEPD010000155.1_90039_569275_0$HG03927.verkko_filt_pat.fa:haplotype2_0000800_29002142_29504057_1	0.9869652681405072 1K
NA18873 HG02109#1#JAHEPG010000026.1_16673035_17080816_0$HG03540#1#JAGYVY010000208.1_95187_596142_0	0.9869148231096027 1K
NA18873 HG02622#2#JAHAON010000012.1_51551779_52031001_0$HG03927.verkko_filt_pat.fa:haplotype2_0000800_29002142_29504057_1	0.9868033911387314 1K
NA18873 HG02809.verkko_filt_pat.fa:haplotype2_0001251_103421111_103827972_0$HG01099.verkko_filt_pat.fa:haplotype2_0000583_143544270_144046196_1	0.9868003440715437 1K
NA18873 NA20129#2#JAHEPD010000155.1_90039_569275_0$HG01258#1#JAGYYV010000004.1_56955948_57456952_1	0.9867901238683171 1K
NA18873 HG03540#1#JAGYVY010000208.1_95187_596142_0$HG02809.verkko_filt_pat.fa:haplotype2_0001251_103421111_103827972_0	0.9867546516286730 1K
NA18873 HG02559#1#JAGYVK010000012.1_51505852_51913611_0$NA18906#2#JAHEON010000009.1_93748295_94249275_0	0.9867518008334425 1K
NA18873 AV_HG01106#haplotype2#0000932:16673968$17175925$NA20129#2#JAHEPD010000155.1_90039_569275_0	0.9867408672982124 1K
NA18873 NA20129#2#JAHEPD010000155.1_90039_569275_0$HG01071#1#JAHBCF010000053.1_26607100_27108065_1	0.9867381997216756 1K
NA18873 HG02622#2#JAHAON010000012.1_51551779_52031001_0$HG01258#1#JAGYYV010000004.1_56955948_57456952_1	0.9867206218536339 1K
NA18873 HG02818#2#JAHEOR010000010.1_31775319_32183091_1$NA18906#2#JAHEON010000009.1_93748295_94249275_0	0.9867095782345068 1K
NA18873 AV_HG01106#haplotype2#0000932:16673968$17175925$HG02622#2#JAHAON010000012.1_51551779_52031001_0	0.9866893085208512 1K
NA18873 HG03540#1#JAGYVY010000208.1_95187_596142_0$HG01258#2#JAGYYU010000072.1_51562603_51970395_0	0.9866873475507701 1K
NA18873 HG00438#1#JAHBCB010000015.1_33474867_33954171_0$HG02486#1#JAGYVM010000007.1_28868414_29370339_1	0.9866703476391538 1K
NA18873 HG02109#1#JAHEPG010000026.1_16673035_17080816_0$HG01099.verkko_filt_pat.fa:haplotype2_0000583_143544270_144046196_1	0.9866513797609902 1K
NA18873 NA18906#2#JAHEON010000009.1_93748295_94249275_0$HG03516#2#JAGYYS010000004.1_24452130_24859892_1	0.9866468128416467 1K
NA18873 HG02622#2#JAHAON010000012.1_51551779_52031001_0$HG01071#1#JAHBCF010000053.1_26607100_27108065_1	0.9866377653648835 1K
NA18873 NA18906#2#JAHEON010000009.1_93748295_94249275_0$HG03579#1#JAGYVU010000029.1_91404_499180_0	0.9866272248895707 1K
NA18873 HG03486#2#JAHEOP010000248.1_2105565_2584784_1$HG02486#1#JAGYVM010000007.1_28868414_29370339_1	0.9866148299698129 1K
NA18873 HG005#1#JAHEPO010000002.1_51519219_51926067_0$HG01099.verkko_filt_pat.fa:haplotype2_0000583_143544270_144046196_1	0.9865985628981084 1K
NA18873 NA20129#2#JAHEPD010000155.1_90039_569275_0$HG01978#1#JAGYVS010000002.1_51519970_52021951_0	0.9865960853533980 1K
NA18873 NA18906#2#JAHEON010000009.1_93748295_94249275_0$NA19240#1#JAHEOM010000047.1_30103390_30511199_1	0.9865848631182470 1K
NA18873 HG02622#2#JAHAON010000012.1_51551779_52031001_0$HG01978#1#JAGYVS010000002.1_51519970_52021951_0	0.9865356812459078 1K
NA18873 HG01258#2#JAGYYU010000072.1_51562603_51970395_0$HG01099.verkko_filt_pat.fa:haplotype2_0000583_143544270_144046196_1	0.9865344767285829 1K
NA18873 HG02559#2#JAGYVJ010000037.1_52167780_52574597_1$HG01099.verkko_filt_pat.fa:haplotype2_0000583_143544270_144046196_1	0.9865024093400574 1K
NA18873 HG01109#1#JAHEPA010000099.1_2104245_2511104_1$HG01099.verkko_filt_pat.fa:haplotype2_0000583_143544270_144046196_1	0.9864783967838707 1K
NA18873 HG00438#1#JAHBCB010000015.1_33474867_33954171_0$NA18906#2#JAHEON010000009.1_93748295_94249275_0	0.9864618796139103 1K
NA18873 HG02717#2#JAHAOR010000006.1_19663827_20070693_1$HG01099.verkko_filt_pat.fa:haplotype2_0000583_143544270_144046196_1	0.9864152590830976 1K
NA18873 AV_HG00673#haplotype1#0000019:16627360$17129375$NA20129#2#JAHEPD010000155.1_90039_569275_0	0.9863884563461155 1K
NA18873 HG03540#1#JAGYVY010000208.1_95187_596142_0$HG02717#2#JAHAOR010000006.1_19663827_20070693_1	0.9863643965421030 1K
NA18873 NA20129#2#JAHEPD010000155.1_90039_569275_0$HG02293.verkko_filt_pat.fa:haplotype2_0000836_148310532_148812524_1	0.9863641279171385 1K
NA18873 HG02559#1#JAGYVK010000012.1_51505852_51913611_0$HG01071#1#JAHBCF010000053.1_26607100_27108065_1	0.9863605049658227 1K
NA18873 HG005#1#JAHEPO010000002.1_51519219_51926067_0$HG03540#1#JAGYVY010000208.1_95187_596142_0	0.9863383517200354 1K
NA18873 NA20129#2#JAHEPD010000155.1_90039_569275_0$HG02080#2#JAHEOV010000017.1_16662177_17164189_0	0.9863304793553166 1K
NA18873 HG02622#2#JAHAON010000012.1_51551779_52031001_0$HG02293.verkko_filt_pat.fa:haplotype2_0000836_148310532_148812524_1	0.9863164603883833 1K
NA18873 AV_HG00673#haplotype1#0000019:16627360$17129375$HG02622#2#JAHAON010000012.1_51551779_52031001_0	0.9863144800979157 1K
NA18873 HG01071#1#JAHBCF010000053.1_26607100_27108065_1$HG03579#1#JAGYVU010000029.1_91404_499180_0	0.9862800210274872 1K
NA18873 HG01071#1#JAHBCF010000053.1_26607100_27108065_1$HG03516#2#JAGYYS010000004.1_24452130_24859892_1	0.9862776217384701 1K
NA18873 HG02080#2#JAHEOV010000017.1_16662177_17164189_0$HG02622#2#JAHAON010000012.1_51551779_52031001_0	0.9862565389727168 1K
NA18873 HG03453#1#JAGYVW010000157.1_2105722_2585000_1$HG03927.verkko_filt_pat.fa:haplotype2_0000800_29002142_29504057_1	0.9862386065749569 1K
NA18873 HG03486#2#JAHEOP010000248.1_2105565_2584784_1$HG03927.verkko_filt_pat.fa:haplotype2_0000800_29002142_29504057_1	0.9862372618887690 1K
NA18873 HG01109#1#JAHEPA010000099.1_2104245_2511104_1$HG03540#1#JAGYVY010000208.1_95187_596142_0	0.9862352055866007 1K
NA18873 HG02559#2#JAGYVJ010000037.1_52167780_52574597_1$HG03540#1#JAGYVY010000208.1_95187_596142_0	0.9862249728942083 1K
NA18873 HG01123#1#JAGYYZ010000015.1_51528240_51935090_0$HG01099.verkko_filt_pat.fa:haplotype2_0000583_143544270_144046196_1	0.9862249509020867 1K
NA18873 HG02818#2#JAHEOR010000010.1_31775319_32183091_1$HG01071#1#JAHBCF010000053.1_26607100_27108065_1	0.9862243031029971 1K
NA18873 HG00438#1#JAHBCB010000015.1_33474867_33954171_0$HG01071#1#JAHBCF010000053.1_26607100_27108065_1	0.9862135383300833 1K
NA18873 HG02622#2#JAHAON010000012.1_51551779_52031001_0$HG02071.verkko_filt_pat.fa:haplotype2_0000736_102745972_103248026_0	0.9861525839882711 1K
NA18873 NA20129#2#JAHEPD010000155.1_90039_569275_0$HG02071.verkko_filt_pat.fa:haplotype2_0000736_102745972_103248026_0	0.9861520681892944 1K
NA18873 HG01071#1#JAHBCF010000053.1_26607100_27108065_1$NA19240#1#JAHEOM010000047.1_30103390_30511199_1	0.9861435740442901 1K
NA18873 HG03453#1#JAGYVW010000157.1_2105722_2585000_1$HG02486#1#JAGYVM010000007.1_28868414_29370339_1	0.9861431301118603 1K
NA18873 HG02559#1#JAGYVK010000012.1_51505852_51913611_0$HG01258#1#JAGYYV010000004.1_56955948_57456952_1	0.9861354402301955 1K
NA18873 NA20129#2#JAHEPD010000155.1_90039_569275_0$HG04228.verkko_filt_mat.fa:haplotype1_0000023_103429213_103930285_0	0.9861133277460246 1K
NA18873 HG02818#2#JAHEOR010000010.1_31775319_32183091_1$HG01258#1#JAGYYV010000004.1_56955948_57456952_1	0.9860924672772451 1K
NA18873 HG00741#2#JAHALX010000013.1_51574319_51981226_0$HG01099.verkko_filt_pat.fa:haplotype2_0000583_143544270_144046196_1	0.9860708409225646 1K
NA18873 HG01123#1#JAGYYZ010000015.1_51528240_51935090_0$HG03540#1#JAGYVY010000208.1_95187_596142_0	0.9860695580940910 1K
NA18873 HG01109#2#JAHEOZ010000047.1_16671232_17151375_0$HG03927.verkko_filt_pat.fa:haplotype2_0000800_29002142_29504057_1	0.9860615731504946 1K
NA18873 HG00438#1#JAHBCB010000015.1_33474867_33954171_0$HG01258#1#JAGYYV010000004.1_56955948_57456952_1	0.9860584668301777 1K
NA18873 HG02622#2#JAHAON010000012.1_51551779_52031001_0$HG04228.verkko_filt_mat.fa:haplotype1_0000023_103429213_103930285_0	0.9860479522768368 1K
NA18873 HG01258#1#JAGYYV010000004.1_56955948_57456952_1$HG03516#2#JAGYYS010000004.1_24452130_24859892_1	0.9860360763568213 1K
NA18873 HG01258#1#JAGYYV010000004.1_56955948_57456952_1$HG03579#1#JAGYVU010000029.1_91404_499180_0	0.9860328889186507 1K
NA18873 AV_HG01106#haplotype2#0000932:16673968$17175925$HG03453#1#JAGYVW010000157.1_2105722_2585000_1	0.9860302763217998 1K
NA18873 HG01071#1#JAHBCF010000053.1_26607100_27108065_1$HG03486#2#JAHEOP010000248.1_2105565_2584784_1	0.9860244994725278 1K
NA18873 HG03492#1#JAHEPI010000180.1_2103395_2543326_1$HG03540#1#JAGYVY010000208.1_95187_596142_0	0.9860224466327940 1K
NA18873 HG03540#1#JAGYVY010000208.1_95187_596142_0$HG00741#2#JAHALX010000013.1_51574319_51981226_0	0.9860202261584224 1K
NA18873 HG02080#1#JAHEOW010000048.1_16689583_17097287_0$HG03540#1#JAGYVY010000208.1_95187_596142_0	0.9860139886532698 1K
NA18873 HG03540#1#JAGYVY010000208.1_95187_596142_0$HG03927.verkko_filt_mat.fa:haplotype1_0000009_134765170_135173010_1	0.9860103407698878 1K
NA18873 HG03486#2#JAHEOP010000248.1_2105565_2584784_1$HG01258#1#JAGYYV010000004.1_56955948_57456952_1	0.9860082734984406 1K
NA18873 HG03540#1#JAGYVY010000208.1_95187_596142_0$NA19240#2#JAHEOL010000010.1_37445323_37853017_0	0.9859900637700600 1K
NA18873 HG01258#1#JAGYYV010000004.1_56955948_57456952_1$NA19240#1#JAHEOM010000047.1_30103390_30511199_1	0.9859841535364882 1K
NA18873 NA20129#2#JAHEPD010000155.1_90039_569275_0$NA18906#2#JAHEON010000009.1_93748295_94249275_0	0.9859839536440029 1K
NA18873 HG03540#1#JAGYVY010000208.1_95187_596142_0$HG01099.verkko_filt_mat.fa:haplotype1_0000034_142513097_142920876_1	0.9859722270971379 1K
NA18873 HG03540#1#JAGYVY010000208.1_95187_596142_0$HG02300.verkko_filt_mat.fa:haplotype1_0000028_144052837_144460586_1	0.9859720234985251 1K
NA18873 HG03492#1#JAHEPI010000180.1_2103395_2543326_1$HG01099.verkko_filt_pat.fa:haplotype2_0000583_143544270_144046196_1	0.9859634415904386 1K
NA18873 HG00621#1#JAHBCD010000034.1_2122997_2624098_1$NA20129#2#JAHEPD010000155.1_90039_569275_0	0.9859544377160908 1K
NA18873 AV_HG01361#haplotype1#0000023:101593539$102001341$HG03540#1#JAGYVY010000208.1_95187_596142_0	0.9859483138945608 1K
NA18873 AV_HG01106#haplotype2#0000932:16673968$17175925$HG03486#2#JAHEOP010000248.1_2105565_2584784_1	0.9859462451428836 1K
NA18873 HG00621#1#JAHBCD010000034.1_2122997_2624098_1$HG02622#2#JAHAON010000012.1_51551779_52031001_0	0.9859375151176177 1K
NA18873 HG02080#1#JAHEOW010000048.1_16689583_17097287_0$HG01099.verkko_filt_pat.fa:haplotype2_0000583_143544270_144046196_1	0.9859326030288762 1K
NA18873 NA19240#2#JAHEOL010000010.1_37445323_37853017_0$HG01099.verkko_filt_pat.fa:haplotype2_0000583_143544270_144046196_1	0.9859032014345797 1K
NA18873 HG02486#2#JAGYVL010000029.1_94163344_94570162_0$HG01099.verkko_filt_pat.fa:haplotype2_0000583_143544270_144046196_1	0.9858922059004378 1K
NA18873 HG03516#1#JAGYYT010000012.1_24170958_24578778_1$HG03540#1#JAGYVY010000208.1_95187_596142_0	0.9858842050282219 1K
NA18873 HG03453#1#JAGYVW010000157.1_2105722_2585000_1$HG01978#1#JAGYVS010000002.1_51519970_52021951_0	0.9858810673469897 1K
NA18873 AV_HG01106#haplotype2#0000932:16673968$17175925$HG01109#2#JAHEOZ010000047.1_16671232_17151375_0	0.9858669827432495 1K
NA18873 HG02145#2#JAHKSF010000206.1_1005292_1413195_1$HG03540#1#JAGYVY010000208.1_95187_596142_0	0.9858642453085041 1K
NA18873 HG01109#2#JAHEOZ010000047.1_16671232_17151375_0$NA18906#2#JAHEON010000009.1_93748295_94249275_0	0.9858629075276459 1K
NA18873 HG02300.verkko_filt_mat.fa:haplotype1_0000028_144052837_144460586_1$HG01099.verkko_filt_pat.fa:haplotype2_0000583_143544270_144046196_1	0.9858244089354895 1K
NA18873 AV_HG02257#haplotype2#0001152:102843493$103251377$HG03540#1#JAGYVY010000208.1_95187_596142_0	0.9858096026526497 1K
NA18873 HG03927.verkko_filt_mat.fa:haplotype1_0000009_134765170_135173010_1$HG01099.verkko_filt_pat.fa:haplotype2_0000583_143544270_144046196_1	0.9857971937144456 1K
NA18873 AV_HG00673#haplotype2#0001165:24014011$24421797$HG03540#1#JAGYVY010000208.1_95187_596142_0	0.9857902536231373 1K
NA18873 HG02886#1#JAHAOU010000178.1_62411_469262_0$HG01099.verkko_filt_pat.fa:haplotype2_0000583_143544270_144046196_1	0.9857811167997341 1K
NA18873 HG02622#2#JAHAON010000012.1_51551779_52031001_0$NA18906#2#JAHEON010000009.1_93748295_94249275_0	0.9857738776801512 1K
NA18873 NA18906#2#JAHEON010000009.1_93748295_94249275_0$HG01099.verkko_filt_pat.fa:haplotype2_0000583_143544270_144046196_1	0.9857714567810195 1K
NA18873 HG02630#2#JAHAOP010000089.1_16669255_17076135_0$HG01099.verkko_filt_pat.fa:haplotype2_0000583_143544270_144046196_1	0.9857609045773397 1K
NA18873 HG01099.verkko_filt_mat.fa:haplotype1_0000034_142513097_142920876_1$HG01099.verkko_filt_pat.fa:haplotype2_0000583_143544270_144046196_1	0.9857584021023553 1K
NA18873 HG01978#1#JAGYVS010000002.1_51519970_52021951_0$HG03486#2#JAHEOP010000248.1_2105565_2584784_1	0.9857574576685922 1K
NA18873 HG02630#1#JAHAOQ010000102.1_16672145_17079089_0$HG01099.verkko_filt_pat.fa:haplotype2_0000583_143544270_144046196_1	0.9857331484551399 1K
NA18873 HG03540#1#JAGYVY010000208.1_95187_596142_0$HG02486#2#JAGYVL010000029.1_94163344_94570162_0	0.9857309717222716 1K
NA18873 HG02630#2#JAHAOP010000089.1_16669255_17076135_0$HG03540#1#JAGYVY010000208.1_95187_596142_0	0.9857159672275730 1K
NA18873 HG03516#1#JAGYYT010000012.1_24170958_24578778_1$HG01099.verkko_filt_pat.fa:haplotype2_0000583_143544270_144046196_1	0.9857094767889266 1K
NA18873 AV_HG02257#haplotype2#0001152:102843493$103251377$HG01099.verkko_filt_pat.fa:haplotype2_0000583_143544270_144046196_1	0.9857061185726721 1K
NA18873 HG02886#1#JAHAOU010000178.1_62411_469262_0$HG03540#1#JAGYVY010000208.1_95187_596142_0	0.9857026494661510 1K
NA18873 AV_HG01361#haplotype1#0000023:101593539$102001341$HG01099.verkko_filt_pat.fa:haplotype2_0000583_143544270_144046196_1	0.9857014232894943 1K
NA18873 HG03453#1#JAGYVW010000157.1_2105722_2585000_1$HG02293.verkko_filt_pat.fa:haplotype2_0000836_148310532_148812524_1	0.9856988106664000 1K
NA18873 AV_HG00673#haplotype1#0000019:16627360$17129375$HG03453#1#JAGYVW010000157.1_2105722_2585000_1	0.9856913941772708 1K
NA18873 HG03453#1#JAGYVW010000157.1_2105722_2585000_1$HG02080#2#JAHEOV010000017.1_16662177_17164189_0	0.9856896859150370 1K
NA18873 HG01978#1#JAGYVS010000002.1_51519970_52021951_0$HG01109#2#JAHEOZ010000047.1_16671232_17151375_0	0.9856693788464821 1K
NA18873 HG02717#1#JAHAOS010000015.1_16660311_17067250_0$HG01099.verkko_filt_pat.fa:haplotype2_0000583_143544270_144046196_1	0.9856513841791720 1K
NA18873 HG03453#1#JAGYVW010000157.1_2105722_2585000_1$HG01258#1#JAGYYV010000004.1_56955948_57456952_1	0.9856507103256015 1K
NA18873 HG03540#1#JAGYVY010000208.1_95187_596142_0$NA18906#2#JAHEON010000009.1_93748295_94249275_0	0.9856415457874241 1K
NA18873 HG02630#1#JAHAOQ010000102.1_16672145_17079089_0$HG03540#1#JAGYVY010000208.1_95187_596142_0	0.9856376656793912 1K
NA18873 HG02818#1#JAHEOS010000101.1_89626_496613_0$HG01099.verkko_filt_pat.fa:haplotype2_0000583_143544270_144046196_1	0.9856318222836062 1K
NA18873 NA18906#2#JAHEON010000009.1_93748295_94249275_0$HG01099.verkko_filt_mat.fa:haplotype1_0000034_142513097_142920876_1	0.9856073604314883 1K
NA18873 HG02622#1#JAHAOO010000002.1_16673678_17080663_0$HG01099.verkko_filt_pat.fa:haplotype2_0000583_143544270_144046196_1	0.9855896129983021 1K
NA18873 NA18906#1#JAHEOO010000054.1_2103477_2510435_1$HG01099.verkko_filt_pat.fa:haplotype2_0000583_143544270_144046196_1	0.9855892434773457 1K
NA18873 HG02559#1#JAGYVK010000012.1_51505852_51913611_0$NA20129#2#JAHEPD010000155.1_90039_569275_0	0.9855889282443575 1K
NA18873 HG02145#2#JAHKSF010000206.1_1005292_1413195_1$HG01099.verkko_filt_pat.fa:haplotype2_0000583_143544270_144046196_1	0.9855841223221662 1K
NA18873 HG02818#2#JAHEOR010000010.1_31775319_32183091_1$NA20129#2#JAHEPD010000155.1_90039_569275_0	0.9855818644613625 1K
NA18873 AV_HG01361#haplotype1#0000023:101593539$102001341$HG01071#1#JAHBCF010000053.1_26607100_27108065_1	0.9855785981333324 1K
NA18873 HG02080#1#JAHEOW010000048.1_16689583_17097287_0$NA18906#2#JAHEON010000009.1_93748295_94249275_0	0.9855773777142152 1K
NA18873 AV_HG00673#haplotype2#0001165:24014011$24421797$HG01099.verkko_filt_pat.fa:haplotype2_0000583_143544270_144046196_1	0.9855764916418671 1K
NA18873 HG02559#1#JAGYVK010000012.1_51505852_51913611_0$HG02486#1#JAGYVM010000007.1_28868414_29370339_1	0.9855739455946971 1K
NA18873 NA18906#2#JAHEON010000009.1_93748295_94249275_0$HG03927.verkko_filt_mat.fa:haplotype1_0000009_134765170_135173010_1	0.9855694737351506 1K
NA18873 NA18906#2#JAHEON010000009.1_93748295_94249275_0$HG02300.verkko_filt_mat.fa:haplotype1_0000028_144052837_144460586_1	0.9855630156291513 1K
NA18873 HG03540#1#JAGYVY010000208.1_95187_596142_0$HG02818#1#JAHEOS010000101.1_89626_496613_0	0.9855587542258757 1K
NA18873 HG01071#1#JAHBCF010000053.1_26607100_27108065_1$HG01099.verkko_filt_mat.fa:haplotype1_0000034_142513097_142920876_1	0.9855473080585702 1K
NA18873 HG03453#1#JAGYVW010000157.1_2105722_2585000_1$HG01071#1#JAHBCF010000053.1_26607100_27108065_1	0.9855457911409314 1K
NA18873 HG01071#1#JAHBCF010000053.1_26607100_27108065_1$HG01099.verkko_filt_pat.fa:haplotype2_0000583_143544270_144046196_1	0.9855448354299620 1K
NA18873 HG03486#2#JAHEOP010000248.1_2105565_2584784_1$NA18906#2#JAHEON010000009.1_93748295_94249275_0	0.9855370811362306 1K
NA18873 NA18906#1#JAHEOO010000054.1_2103477_2510435_1$HG03540#1#JAGYVY010000208.1_95187_596142_0	0.9855324368071442 1K
NA18873 HG02818#2#JAHEOR010000010.1_31775319_32183091_1$HG02486#1#JAGYVM010000007.1_28868414_29370339_1	0.9855101752436285 1K
NA18873 AV_HG01361#haplotype1#0000023:101593539$102001341$NA18906#2#JAHEON010000009.1_93748295_94249275_0	0.9855062708015184 1K
NA18873 HG02080#1#JAHEOW010000048.1_16689583_17097287_0$HG01071#1#JAHBCF010000053.1_26607100_27108065_1	0.9855062010661920 1K
NA18873 NA20129#2#JAHEPD010000155.1_90039_569275_0$NA19240#1#JAHEOM010000047.1_30103390_30511199_1	0.9855029502994207 1K
NA18873 NA20129#2#JAHEPD010000155.1_90039_569275_0$HG03516#2#JAGYYS010000004.1_24452130_24859892_1	0.9854758733723439 1K
NA18873 HG02486#1#JAGYVM010000007.1_28868414_29370339_1$HG03579#1#JAGYVU010000029.1_91404_499180_0	0.9854712537117264 1K
NA18873 HG02622#1#JAHAOO010000002.1_16673678_17080663_0$HG03540#1#JAGYVY010000208.1_95187_596142_0	0.9854674036224240 1K
NA18873 HG03453#1#JAGYVW010000157.1_2105722_2585000_1$HG02071.verkko_filt_pat.fa:haplotype2_0000736_102745972_103248026_0	0.9854575673010876 1K
NA18873 HG02559#1#JAGYVK010000012.1_51505852_51913611_0$HG02622#2#JAHAON010000012.1_51551779_52031001_0	0.9854556997322002 1K
NA18873 HG02818#2#JAHEOR010000010.1_31775319_32183091_1$HG02622#2#JAHAON010000012.1_51551779_52031001_0	0.9854548406351848 1K
NA18873 HG02717#1#JAHAOS010000015.1_16660311_17067250_0$HG03540#1#JAGYVY010000208.1_95187_596142_0	0.9854508705227196 1K
NA18873 NA18906#2#JAHEON010000009.1_93748295_94249275_0$NA19240#2#JAHEOL010000010.1_37445323_37853017_0	0.9854492295106358 1K
NA18873 HG02080#1#JAHEOW010000048.1_16689583_17097287_0$HG01258#1#JAGYYV010000004.1_56955948_57456952_1	0.9854475674669316 1K
NA18873 HG02486#1#JAGYVM010000007.1_28868414_29370339_1$HG02300.verkko_filt_mat.fa:haplotype1_0000028_144052837_144460586_1	0.9854441873669254 1K
NA18873 HG01071#1#JAHBCF010000053.1_26607100_27108065_1$HG02300.verkko_filt_mat.fa:haplotype1_0000028_144052837_144460586_1	0.9854420583695973 1K
NA18873 HG00438#1#JAHBCB010000015.1_33474867_33954171_0$HG03927.verkko_filt_pat.fa:haplotype2_0000800_29002142_29504057_1	0.9854315892712919 1K
NA18873 HG02486#1#JAGYVM010000007.1_28868414_29370339_1$HG03516#2#JAGYYS010000004.1_24452130_24859892_1	0.9854246469640505 1K
NA18873 HG02486#1#JAGYVM010000007.1_28868414_29370339_1$NA19240#1#JAHEOM010000047.1_30103390_30511199_1	0.9854238638867636 1K
NA18873 HG03486#2#JAHEOP010000248.1_2105565_2584784_1$HG02293.verkko_filt_pat.fa:haplotype2_0000836_148310532_148812524_1	0.9854173405038421 1K
NA18873 chr1_hg38_103456064_103863972_0$HG03540#1#JAGYVY010000208.1_95187_596142_0	0.9854087460667817 1K
NA18873 chr1_hg19_103998686_104406594_0$HG03540#1#JAGYVY010000208.1_95187_596142_0	0.9854087460667817 1K
NA18873 AV_HG00673#haplotype1#0000019:16627360$17129375$HG03486#2#JAHEOP010000248.1_2105565_2584784_1	0.9854054811772891 1K
NA18873 HG01109#2#JAHEOZ010000047.1_16671232_17151375_0$HG02293.verkko_filt_pat.fa:haplotype2_0000836_148310532_148812524_1	0.9853947184630765 1K
NA18873 HG01258#1#JAGYYV010000004.1_56955948_57456952_1$HG01099.verkko_filt_pat.fa:haplotype2_0000583_143544270_144046196_1	0.9853944854739835 1K
NA18873 HG00621#1#JAHBCD010000034.1_2122997_2624098_1$HG03453#1#JAGYVW010000157.1_2105722_2585000_1	0.9853897781456225 1K
NA18873 AV_HG00673#haplotype1#0000019:16627360$17129375$HG01109#2#JAHEOZ010000047.1_16671232_17151375_0	0.9853829273092398 1K
NA18873 HG01258#1#JAGYYV010000004.1_56955948_57456952_1$HG02300.verkko_filt_mat.fa:haplotype1_0000028_144052837_144460586_1	0.9853722286090403 1K
NA18873 HG02080#2#JAHEOV010000017.1_16662177_17164189_0$HG01109#2#JAHEOZ010000047.1_16671232_17151375_0	0.9853680746265209 1K
NA18873 HG02622#2#JAHAON010000012.1_51551779_52031001_0$NA19240#1#JAHEOM010000047.1_30103390_30511199_1	0.9853633715692499 1K
NA18873 HG03540#1#JAGYVY010000208.1_95187_596142_0$HG002.verkko_filt_mat.fa:haplotype1_0000005_138228497_138636354_1	0.9853523088856938 1K
NA18873 HG02486#1#JAGYVM010000007.1_28868414_29370339_1$HG03927.verkko_filt_mat.fa:haplotype1_0000009_134765170_135173010_1	0.9853485047126951 1K
NA18873 HG02818#2#JAHEOR010000010.1_31775319_32183091_1$HG03927.verkko_filt_pat.fa:haplotype2_0000800_29002142_29504057_1	0.9853421389150662 1K
NA18873 HG02622#2#JAHAON010000012.1_51551779_52031001_0$HG03516#2#JAGYYS010000004.1_24452130_24859892_1	0.9853363624081892 1K
NA18873 HG02080#2#JAHEOV010000017.1_16662177_17164189_0$HG03486#2#JAHEOP010000248.1_2105565_2584784_1	0.9853292409184848 1K
NA18873 HG03516#1#JAGYYT010000012.1_24170958_24578778_1$NA18906#2#JAHEON010000009.1_93748295_94249275_0	0.9853224148623561 1K
NA18873 NA20129#2#JAHEPD010000155.1_90039_569275_0$HG03579#1#JAGYVU010000029.1_91404_499180_0	0.9853203064103147 1K
NA18873 HG02080#1#JAHEOW010000048.1_16689583_17097287_0$HG02486#1#JAGYVM010000007.1_28868414_29370339_1	0.9853202931755080 1K
NA18873 HG01258#1#JAGYYV010000004.1_56955948_57456952_1$NA19240#2#JAHEOL010000010.1_37445323_37853017_0	0.9853173669679725 1K
NA18873 AV_HG01175#haplotype1#0000070:46006269$46414083$HG01099.verkko_filt_pat.fa:haplotype2_0000583_143544270_144046196_1	0.9853158186625359 1K
NA18873 AV_HG01175#haplotype1#0000070:46006269$46414083$HG03540#1#JAGYVY010000208.1_95187_596142_0	0.9853145259693171 1K
NA18873 HG01071#1#JAHBCF010000053.1_26607100_27108065_1$NA19240#2#JAHEOL010000010.1_37445323_37853017_0	0.9853107243835425 1K
NA18873 HG02486#1#JAGYVM010000007.1_28868414_29370339_1$HG01099.verkko_filt_mat.fa:haplotype1_0000034_142513097_142920876_1	0.9853061025771512 1K
NA18873 HG01258#1#JAGYYV010000004.1_56955948_57456952_1$HG01099.verkko_filt_mat.fa:haplotype1_0000034_142513097_142920876_1	0.9852948686415064 1K
NA18873 HG005#2#JAHEPN010000023.1_51542210_51950070_0$HG03540#1#JAGYVY010000208.1_95187_596142_0	0.9852850887360411 1K
NA18873 HG00621#1#JAHBCD010000034.1_2122997_2624098_1$HG01109#2#JAHEOZ010000047.1_16671232_17151375_0	0.9852826906141854 1K
NA18873 AV_HG01361#haplotype1#0000023:101593539$102001341$HG02486#1#JAGYVM010000007.1_28868414_29370339_1	0.9852821084488019 1K
NA18873 HG005#2#JAHEPN010000023.1_51542210_51950070_0$HG01099.verkko_filt_pat.fa:haplotype2_0000583_143544270_144046196_1	0.9852808305308460 1K
NA18873 HG01978#2#JAGYVR010000007.1_51532241_51939176_0$HG01099.verkko_filt_pat.fa:haplotype2_0000583_143544270_144046196_1	0.9852735308139534 1K
NA18873 chr1_hg38_103456064_103863972_0$HG01099.verkko_filt_pat.fa:haplotype2_0000583_143544270_144046196_1	0.9852721693694231 1K
NA18873 chr1_hg19_103998686_104406594_0$HG01099.verkko_filt_pat.fa:haplotype2_0000583_143544270_144046196_1	0.9852721693694231 1K
NA18873 HG02559#1#JAGYVK010000012.1_51505852_51913611_0$HG03540#1#JAGYVY010000208.1_95187_596142_0	0.9852694487016175 1K
NA18873 HG01928#1#JAGYVQ010000053.1_16676493_17083407_0$HG01099.verkko_filt_pat.fa:haplotype2_0000583_143544270_144046196_1	0.9852683793213001 1K
NA18873 HG02486#1#JAGYVM010000007.1_28868414_29370339_1$NA19240#2#JAHEOL010000010.1_37445323_37853017_0	0.9852628177200484 1K
NA18873 AV_HG01361#haplotype1#0000023:101593539$102001341$HG01258#1#JAGYYV010000004.1_56955948_57456952_1	0.9852597213340559 1K
NA18873 HG02559#1#JAGYVK010000012.1_51505852_51913611_0$HG03927.verkko_filt_pat.fa:haplotype2_0000800_29002142_29504057_1	0.9852515177658712 1K
NA18873 NA18906#2#JAHEON010000009.1_93748295_94249275_0$HG002.verkko_filt_mat.fa:haplotype1_0000005_138228497_138636354_1	0.9852411724050006 1K
NA18873 HG01071#1#JAHBCF010000053.1_26607100_27108065_1$HG03516#1#JAGYYT010000012.1_24170958_24578778_1	0.9852320083641898 1K
NA18873 HG01071#1#JAHBCF010000053.1_26607100_27108065_1$HG03540#1#JAGYVY010000208.1_95187_596142_0	0.9852273429452922 1K
NA18873 HG02622#2#JAHAON010000012.1_51551779_52031001_0$HG03579#1#JAGYVU010000029.1_91404_499180_0	0.9852184119216861 1K
NA18873 HG02559#1#JAGYVK010000012.1_51505852_51913611_0$HG01099.verkko_filt_pat.fa:haplotype2_0000583_143544270_144046196_1	0.9852155981326876 1K
NA18873 HG01071#1#JAHBCF010000053.1_26607100_27108065_1$HG02109#1#JAHEPG010000026.1_16673035_17080816_0	0.9852155925320302 1K
NA18873 HG02818#2#JAHEOR010000010.1_31775319_32183091_1$HG01099.verkko_filt_pat.fa:haplotype2_0000583_143544270_144046196_1	0.9852137847931440 1K
NA18873 HG03540#1#JAGYVY010000208.1_95187_596142_0$HG02071.verkko_filt_mat.fa:haplotype1_0000041_103610513_104018399_0	0.9852107926435458 1K
NA18873 HG02486#2#JAGYVL010000029.1_94163344_94570162_0$HG03927.verkko_filt_pat.fa:haplotype2_0000800_29002142_29504057_1	0.9852097382936480 1K
NA18873 HG01071#1#JAHBCF010000053.1_26607100_27108065_1$HG03927.verkko_filt_mat.fa:haplotype1_0000009_134765170_135173010_1	0.9852041801103416 1K
NA18873 HG02886#1#JAHAOU010000178.1_62411_469262_0$HG03927.verkko_filt_pat.fa:haplotype2_0000800_29002142_29504057_1	0.9852033721489217 1K
NA18873 HG03540#1#JAGYVY010000208.1_95187_596142_0$HG03516#2#JAGYYS010000004.1_24452130_24859892_1	0.9852022038421481 1K
NA18873 HG01109#2#JAHEOZ010000047.1_16671232_17151375_0$HG04228.verkko_filt_mat.fa:haplotype1_0000023_103429213_103930285_0	0.9852019685100805 1K
NA18873 HG03540#1#JAGYVY010000208.1_95187_596142_0$HG03579#1#JAGYVU010000029.1_91404_499180_0	0.9851995085157459 1K
NA18873 AV_HG00673#haplotype2#0001165:24014011$24421797$HG01071#1#JAHBCF010000053.1_26607100_27108065_1	0.9851881866149769 1K
NA18873 HG03486#2#JAHEOP010000248.1_2105565_2584784_1$HG02071.verkko_filt_pat.fa:haplotype2_0000736_102745972_103248026_0	0.9851805117412200 1K
NA18873 HG01109#2#JAHEOZ010000047.1_16671232_17151375_0$HG02071.verkko_filt_pat.fa:haplotype2_0000736_102745972_103248026_0	0.9851796191212483 1K
NA18873 HG01258#1#JAGYYV010000004.1_56955948_57456952_1$HG03540#1#JAGYVY010000208.1_95187_596142_0	0.9851780959051778 1K
NA18873 HG03453#2#JAGYVV010000088.1_22597550_23005370_1$HG03540#1#JAGYVY010000208.1_95187_596142_0	0.9851766397650299 1K
NA18873 HG00621#2#JAHBCC010000031.1_16669999_17077865_0$HG03540#1#JAGYVY010000208.1_95187_596142_0	0.9851703586417726 1K
NA18873 HG03486#1#JAHEOQ010000123.1_16677696_17085575_0$HG03540#1#JAGYVY010000208.1_95187_596142_0	0.9851633896674571 1K
NA18873 HG02004.verkko_filt_mat.fa:haplotype1_0000022_97828542_98235483_0$HG01099.verkko_filt_pat.fa:haplotype2_0000583_143544270_144046196_1	0.9851615444591465 1K
NA18873 HG02818#2#JAHEOR010000010.1_31775319_32183091_1$HG03540#1#JAGYVY010000208.1_95187_596142_0	0.9851581668002002 1K
NA18873 AV_HG01175#haplotype1#0000070:46006269$46414083$NA18906#2#JAHEON010000009.1_93748295_94249275_0	0.9851537472839639 1K
NA18873 AV_HG01106#haplotype2#0000932:16673968$17175925$HG00438#1#JAHBCB010000015.1_33474867_33954171_0	0.9851534859886858 1K
NA18873 NA19240#1#JAHEOM010000047.1_30103390_30511199_1$HG03927.verkko_filt_pat.fa:haplotype2_0000800_29002142_29504057_1	0.9851514118173995 1K
NA18873 HG002.verkko_filt_mat.fa:haplotype1_0000005_138228497_138636354_1$HG01099.verkko_filt_pat.fa:haplotype2_0000583_143544270_144046196_1	0.9851330951854107 1K
NA18873 HG03516#2#JAGYYS010000004.1_24452130_24859892_1$HG03927.verkko_filt_pat.fa:haplotype2_0000800_29002142_29504057_1	0.9851296277511790 1K
NA18873 HG02486#1#JAGYVM010000007.1_28868414_29370339_1$HG02809.verkko_filt_pat.fa:haplotype2_0001251_103421111_103827972_0	0.9851281186299153 1K
NA18873 NA18906#2#JAHEON010000009.1_93748295_94249275_0$HG02071.verkko_filt_mat.fa:haplotype1_0000041_103610513_104018399_0	0.9851216724893639 1K
NA18873 HG01978#2#JAGYVR010000007.1_51532241_51939176_0$HG03540#1#JAGYVY010000208.1_95187_596142_0	0.9851179207296735 1K
NA18873 AV_HG02148#haplotype2#0002863:16304803$16712699$HG03540#1#JAGYVY010000208.1_95187_596142_0	0.9851175202582207 1K
NA18873 HG03540#1#JAGYVY010000208.1_95187_596142_0$NA19240#1#JAHEOM010000047.1_30103390_30511199_1	0.9851155881818695 1K
NA18873 HG00621#1#JAHBCD010000034.1_2122997_2624098_1$HG03486#2#JAHEOP010000248.1_2105565_2584784_1	0.9851125798340878 1K
NA18873 HG02071.verkko_filt_mat.fa:haplotype1_0000041_103610513_104018399_0$HG01099.verkko_filt_pat.fa:haplotype2_0000583_143544270_144046196_1	0.9850963264791412 1K
NA18873 HG03486#1#JAHEOQ010000123.1_16677696_17085575_0$NA18906#2#JAHEON010000009.1_93748295_94249275_0	0.9850906986058140 1K
NA18873 HG01258#1#JAGYYV010000004.1_56955948_57456952_1$HG02109#1#JAHEPG010000026.1_16673035_17080816_0	0.9850777771609692 1K
NA18873 HG00621#2#JAHBCC010000031.1_16669999_17077865_0$NA18906#2#JAHEON010000009.1_93748295_94249275_0	0.9850756908075041 1K
NA18873 HG03516#1#JAGYYT010000012.1_24170958_24578778_1$HG02486#1#JAGYVM010000007.1_28868414_29370339_1	0.9850736563107387 1K
NA18873 HG03453#2#JAGYVV010000088.1_22597550_23005370_1$HG01099.verkko_filt_pat.fa:haplotype2_0000583_143544270_144046196_1	0.9850622816771881 1K
NA18873 AV_HG00673#haplotype2#0001165:24014011$24421797$NA18906#2#JAHEON010000009.1_93748295_94249275_0	0.9850506903437715 1K
NA18873 HG03486#2#JAHEOP010000248.1_2105565_2584784_1$HG04228.verkko_filt_mat.fa:haplotype1_0000023_103429213_103930285_0	0.9850498643535495 1K
NA18873 HG01258#1#JAGYYV010000004.1_56955948_57456952_1$HG03516#1#JAGYYT010000012.1_24170958_24578778_1	0.9850497028655937 1K
NA18873 HG03453#1#JAGYVW010000157.1_2105722_2585000_1$HG04228.verkko_filt_mat.fa:haplotype1_0000023_103429213_103930285_0	0.9850430397469934 1K
NA18873 AV_HG00673#haplotype2#0001165:24014011$24421797$HG02486#1#JAGYVM010000007.1_28868414_29370339_1	0.9850353919600688 1K
NA18873 HG03579#1#JAGYVU010000029.1_91404_499180_0$HG03927.verkko_filt_pat.fa:haplotype2_0000800_29002142_29504057_1	0.9850332620650533 1K
NA18873 HG03453#2#JAGYVV010000088.1_22597550_23005370_1$NA18906#2#JAHEON010000009.1_93748295_94249275_0	0.9850323496208170 1K
NA18873 HG03516#2#JAGYYS010000004.1_24452130_24859892_1$HG01099.verkko_filt_pat.fa:haplotype2_0000583_143544270_144046196_1	0.9850167603344301 1K
NA18873 HG03540#1#JAGYVY010000208.1_95187_596142_0$HG02004.verkko_filt_mat.fa:haplotype1_0000022_97828542_98235483_0	0.9850117105239238 1K
NA18873 AV_HG02148#haplotype2#0002863:16304803$16712699$HG01099.verkko_filt_pat.fa:haplotype2_0000583_143544270_144046196_1	0.9850086150435944 1K
NA18873 HG03579#1#JAGYVU010000029.1_91404_499180_0$HG01099.verkko_filt_pat.fa:haplotype2_0000583_143544270_144046196_1	0.9850086132053950 1K
NA18873 HG01258#1#JAGYYV010000004.1_56955948_57456952_1$HG03927.verkko_filt_mat.fa:haplotype1_0000009_134765170_135173010_1	0.9850050767694143 1K
NA18873 NA19240#1#JAHEOM010000047.1_30103390_30511199_1$HG01099.verkko_filt_pat.fa:haplotype2_0000583_143544270_144046196_1	0.9850015119487570 1K
NA18873 NA18906#2#JAHEON010000009.1_93748295_94249275_0$HG02486#2#JAGYVL010000029.1_94163344_94570162_0	0.9849864534176612 1K
NA18873 HG03486#1#JAHEOQ010000123.1_16677696_17085575_0$HG01099.verkko_filt_pat.fa:haplotype2_0000583_143544270_144046196_1	0.9849829420263106 1K
NA18873 chr1_hg38_103456064_103863972_0$NA18906#2#JAHEON010000009.1_93748295_94249275_0	0.9849666695193400 1K
NA18873 chr1_hg19_103998686_104406594_0$NA18906#2#JAHEON010000009.1_93748295_94249275_0	0.9849666695193400 1K
NA18873 HG00621#2#JAHBCC010000031.1_16669999_17077865_0$HG01099.verkko_filt_pat.fa:haplotype2_0000583_143544270_144046196_1	0.9849622733006277 1K
NA18873 AV_HG02148#haplotype2#0002863:16304803$16712699$NA18906#2#JAHEON010000009.1_93748295_94249275_0	0.9849512045804580 1K
NA18873 HG01928#1#JAGYVQ010000053.1_16676493_17083407_0$HG03540#1#JAGYVY010000208.1_95187_596142_0	0.9849478540069034 1K
NA18873 HG02886#1#JAHAOU010000178.1_62411_469262_0$NA18906#2#JAHEON010000009.1_93748295_94249275_0	0.9849307996177691 1K
NA18873 HG03540#1#JAGYVY010000208.1_95187_596142_0$HG03927.verkko_filt_pat.fa:haplotype2_0000800_29002142_29504057_1	0.9849269143348982 1K
NA18873 HG005#2#JAHEPN010000023.1_51542210_51950070_0$NA18906#2#JAHEON010000009.1_93748295_94249275_0	0.9849260625308012 1K
NA18873 HG03540#1#JAGYVY010000208.1_95187_596142_0$HG02486#1#JAGYVM010000007.1_28868414_29370339_1	0.9849258692600312 1K
NA18873 HG02109#1#JAHEPG010000026.1_16673035_17080816_0$HG03927.verkko_filt_pat.fa:haplotype2_0000800_29002142_29504057_1	0.9849162728956801 1K
NA18873 HG02109#1#JAHEPG010000026.1_16673035_17080816_0$HG02486#1#JAGYVM010000007.1_28868414_29370339_1	0.9849085021957110 1K
NA18873 HG02486#1#JAGYVM010000007.1_28868414_29370339_1$HG01099.verkko_filt_pat.fa:haplotype2_0000583_143544270_144046196_1	0.9848919725368466 1K
NA18873 HG00438#1#JAHBCB010000015.1_33474867_33954171_0$HG01978#1#JAGYVS010000002.1_51519970_52021951_0	0.9848853800624893 1K
NA18873 HG01099.verkko_filt_pat.fa:haplotype2_0000583_143544270_144046196_1$HG03927.verkko_filt_pat.fa:haplotype2_0000800_29002142_29504057_1	0.9848813149484766 1K
NA18873 AV_HG00673#haplotype2#0001165:24014011$24421797$HG01258#1#JAGYYV010000004.1_56955948_57456952_1	0.9848744144997905 1K
NA18873 HG02486#1#JAGYVM010000007.1_28868414_29370339_1$HG01258#2#JAGYYU010000072.1_51562603_51970395_0	0.9848701755784951 1K
NA18873 HG005#1#JAHEPO010000002.1_51519219_51926067_0$HG02486#1#JAGYVM010000007.1_28868414_29370339_1	0.9848675354112258 1K
NA18873 HG02300.verkko_filt_pat.fa:haplotype2_0000620_143362344_143769323_1$HG01099.verkko_filt_pat.fa:haplotype2_0000583_143544270_144046196_1	0.9848489815604965 1K
NA18873 HG02486#1#JAGYVM010000007.1_28868414_29370339_1$HG02717#2#JAHAOR010000006.1_19663827_20070693_1	0.9848385538455987 1K
NA18873 HG03540#1#JAGYVY010000208.1_95187_596142_0$HG02300.verkko_filt_pat.fa:haplotype2_0000620_143362344_143769323_1	0.9848366917288472 1K
NA18873 AV_HG00673#haplotype1#0000019:16627360$17129375$HG00438#1#JAHBCB010000015.1_33474867_33954171_0	0.9848358027233561 1K
NA18873 HG00438#1#JAHBCB010000015.1_33474867_33954171_0$HG02293.verkko_filt_pat.fa:haplotype2_0000836_148310532_148812524_1	0.9848299846956676 1K
NA18873 HG02809.verkko_filt_pat.fa:haplotype2_0001251_103421111_103827972_0$HG03927.verkko_filt_pat.fa:haplotype2_0000800_29002142_29504057_1	0.9847939800995659 1K
NA18873 HG01258#2#JAGYYU010000072.1_51562603_51970395_0$HG03927.verkko_filt_pat.fa:haplotype2_0000800_29002142_29504057_1	0.9847572310407314 1K
NA18873 HG00438#1#JAHBCB010000015.1_33474867_33954171_0$HG02080#2#JAHEOV010000017.1_16662177_17164189_0	0.9847464514148878 1K
NA18873 NA18906#2#JAHEON010000009.1_93748295_94249275_0$HG01258#2#JAGYYU010000072.1_51562603_51970395_0	0.9847361110598677 1K
NA18873 HG02630#2#JAHAOP010000089.1_16669255_17076135_0$HG03927.verkko_filt_pat.fa:haplotype2_0000800_29002142_29504057_1	0.9847208349255689 1K
NA18873 HG00438#1#JAHBCB010000015.1_33474867_33954171_0$HG02071.verkko_filt_pat.fa:haplotype2_0000736_102745972_103248026_0	0.9847153035649665 1K
NA18873 HG03453#1#JAGYVW010000157.1_2105722_2585000_1$NA18906#2#JAHEON010000009.1_93748295_94249275_0	0.9847047639505689 1K
NA18873 HG02559#2#JAGYVJ010000037.1_52167780_52574597_1$HG02486#1#JAGYVM010000007.1_28868414_29370339_1	0.9847033509768681 1K
NA18873 HG01978#2#JAGYVR010000007.1_51532241_51939176_0$NA18906#2#JAHEON010000009.1_93748295_94249275_0	0.9846872015036432 1K
NA18873 HG02109#1#JAHEPG010000026.1_16673035_17080816_0$NA18906#2#JAHEON010000009.1_93748295_94249275_0	0.9846849378086802 1K
NA18873 AV_HG01175#haplotype1#0000070:46006269$46414083$HG02486#1#JAGYVM010000007.1_28868414_29370339_1	0.9846694191510810 1K
NA18873 NA18906#2#JAHEON010000009.1_93748295_94249275_0$HG02004.verkko_filt_mat.fa:haplotype1_0000022_97828542_98235483_0	0.9846638098747473 1K
NA18873 NA20129#2#JAHEPD010000155.1_90039_569275_0$HG01109#2#JAHEOZ010000047.1_16671232_17151375_0	0.9846598185830898 1K
NA18873 chr1_hg38_103456064_103863972_0$HG02486#1#JAGYVM010000007.1_28868414_29370339_1	0.9846480042751672 1K
NA18873 chr1_hg19_103998686_104406594_0$HG02486#1#JAGYVM010000007.1_28868414_29370339_1	0.9846480042751672 1K
NA18873 HG02630#2#JAHAOP010000089.1_16669255_17076135_0$NA18906#2#JAHEON010000009.1_93748295_94249275_0	0.9846458007182886 1K
NA18873 NA18906#2#JAHEON010000009.1_93748295_94249275_0$HG02486#1#JAGYVM010000007.1_28868414_29370339_1	0.9846447895055663 1K
NA18873 HG01123#1#JAGYYZ010000015.1_51528240_51935090_0$HG02486#1#JAGYVM010000007.1_28868414_29370339_1	0.9846427408325235 1K
NA18873 HG01978#2#JAGYVR010000007.1_51532241_51939176_0$HG02486#1#JAGYVM010000007.1_28868414_29370339_1	0.9846381832584881 1K
NA18873 HG01109#1#JAHEPA010000099.1_2104245_2511104_1$HG03927.verkko_filt_pat.fa:haplotype2_0000800_29002142_29504057_1	0.9846358874034199 1K
NA18873 NA18906#2#JAHEON010000009.1_93748295_94249275_0$HG02300.verkko_filt_pat.fa:haplotype2_0000620_143362344_143769323_1	0.9846317413757675 1K
NA18873 HG01123#1#JAGYYZ010000015.1_51528240_51935090_0$HG03927.verkko_filt_pat.fa:haplotype2_0000800_29002142_29504057_1	0.9846286763181371 1K
NA18873 HG02486#1#JAGYVM010000007.1_28868414_29370339_1$HG002.verkko_filt_mat.fa:haplotype1_0000005_138228497_138636354_1	0.9846245258867484 1K
NA18873 HG01109#1#JAHEPA010000099.1_2104245_2511104_1$HG02486#1#JAGYVM010000007.1_28868414_29370339_1	0.9846003529944966 1K
NA18873 HG01928#1#JAGYVQ010000053.1_16676493_17083407_0$NA18906#2#JAHEON010000009.1_93748295_94249275_0	0.9845999722189095 1K
NA18873 HG02630#2#JAHAOP010000089.1_16669255_17076135_0$HG02486#1#JAGYVM010000007.1_28868414_29370339_1	0.9845864996319040 1K
NA18873 HG00438#1#JAHBCB010000015.1_33474867_33954171_0$HG04228.verkko_filt_mat.fa:haplotype1_0000023_103429213_103930285_0	0.9845801185039813 1K
NA18873 HG01928#1#JAGYVQ010000053.1_16676493_17083407_0$HG02486#1#JAGYVM010000007.1_28868414_29370339_1	0.9845500288816936 1K
NA18873 HG02486#1#JAGYVM010000007.1_28868414_29370339_1$HG02004.verkko_filt_mat.fa:haplotype1_0000022_97828542_98235483_0	0.9845478282612464 1K
NA18873 HG01071#1#JAHBCF010000053.1_26607100_27108065_1$HG02886#1#JAHAOU010000178.1_62411_469262_0	0.9845324659336789 1K
NA18873 HG01071#1#JAHBCF010000053.1_26607100_27108065_1$HG02809.verkko_filt_pat.fa:haplotype2_0001251_103421111_103827972_0	0.9845316516181689 1K
NA18873 HG005#2#JAHEPN010000023.1_51542210_51950070_0$HG02486#1#JAGYVM010000007.1_28868414_29370339_1	0.9845293932000937 1K
NA18873 HG02559#1#JAGYVK010000012.1_51505852_51913611_0$HG03486#2#JAHEOP010000248.1_2105565_2584784_1	0.9845288654134288 1K
NA18873 HG02486#1#JAGYVM010000007.1_28868414_29370339_1$HG00741#2#JAHALX010000013.1_51574319_51981226_0	0.9845281963192402 1K
NA18873 HG00621#2#JAHBCC010000031.1_16669999_17077865_0$HG02486#1#JAGYVM010000007.1_28868414_29370339_1	0.9845029366033131 1K
NA18873 AV_HG01106#haplotype2#0000932:16673968$17175925$HG02559#1#JAGYVK010000012.1_51505852_51913611_0	0.9844991331849238 1K
NA18873 HG02818#2#JAHEOR010000010.1_31775319_32183091_1$HG03486#2#JAHEOP010000248.1_2105565_2584784_1	0.9844925825311096 1K
NA18873 AV_HG02148#haplotype2#0002863:16304803$16712699$HG02486#1#JAGYVM010000007.1_28868414_29370339_1	0.9844774443469216 1K
NA18873 HG02486#1#JAGYVM010000007.1_28868414_29370339_1$HG02071.verkko_filt_mat.fa:haplotype1_0000041_103610513_104018399_0	0.9844717505305698 1K
NA18873 HG03486#1#JAHEOQ010000123.1_16677696_17085575_0$HG02486#1#JAGYVM010000007.1_28868414_29370339_1	0.9844626360303621 1K
NA18873 HG01258#1#JAGYYV010000004.1_56955948_57456952_1$HG02809.verkko_filt_pat.fa:haplotype2_0001251_103421111_103827972_0	0.9844591773997794 1K
NA18873 HG03486#2#JAHEOP010000248.1_2105565_2584784_1$HG03516#2#JAGYYS010000004.1_24452130_24859892_1	0.9844526908050273 1K
NA18873 HG03540#1#JAGYVY010000208.1_95187_596142_0$HG01099.verkko_filt_pat.fa:haplotype2_0000583_143544270_144046196_1	0.9844449624553321 1K
NA18873 HG01071#1#JAHBCF010000053.1_26607100_27108065_1$HG02486#2#JAGYVL010000029.1_94163344_94570162_0	0.9844339978145176 1K
NA18873 AV_HG01106#haplotype2#0000932:16673968$17175925$HG02818#2#JAHEOR010000010.1_31775319_32183091_1	0.9844239292450221 1K
NA18873 HG02717#2#JAHAOR010000006.1_19663827_20070693_1$HG03927.verkko_filt_pat.fa:haplotype2_0000800_29002142_29504057_1	0.9844177547358418 1K
NA18873 HG03453#2#JAGYVV010000088.1_22597550_23005370_1$HG02486#1#JAGYVM010000007.1_28868414_29370339_1	0.9844151046719872 1K
NA18873 HG005#1#JAHEPO010000002.1_51519219_51926067_0$HG03927.verkko_filt_pat.fa:haplotype2_0000800_29002142_29504057_1	0.9844027368922852 1K
NA18873 HG00621#1#JAHBCD010000034.1_2122997_2624098_1$HG00438#1#JAHBCB010000015.1_33474867_33954171_0	0.9843979983025219 1K
NA18873 AV_HG01106#haplotype2#0000932:16673968$17175925$HG02486#2#JAGYVL010000029.1_94163344_94570162_0	0.9843935374077799 1K
NA18873 HG03492#1#JAHEPI010000180.1_2103395_2543326_1$HG02486#1#JAGYVM010000007.1_28868414_29370339_1	0.9843913985676260 1K
NA18873 HG01258#1#JAGYYV010000004.1_56955948_57456952_1$HG02486#2#JAGYVL010000029.1_94163344_94570162_0	0.9843839192454237 1K
NA18873 HG02622#2#JAHAON010000012.1_51551779_52031001_0$HG01109#2#JAHEOZ010000047.1_16671232_17151375_0	0.9843799114734650 1K
NA18873 AV_HG01106#haplotype2#0000932:16673968$17175925$HG03516#2#JAGYYS010000004.1_24452130_24859892_1	0.9843662607469119 1K
NA18873 HG03486#2#JAHEOP010000248.1_2105565_2584784_1$NA19240#1#JAHEOM010000047.1_30103390_30511199_1	0.9843635573091515 1K
NA18873 HG03486#2#JAHEOP010000248.1_2105565_2584784_1$HG03579#1#JAGYVU010000029.1_91404_499180_0	0.9843607464775603 1K
NA18873 AV_HG01106#haplotype2#0000932:16673968$17175925$NA19240#1#JAHEOM010000047.1_30103390_30511199_1	0.9843595746812037 1K
NA18873 HG02145#2#JAHKSF010000206.1_1005292_1413195_1$NA18906#2#JAHEON010000009.1_93748295_94249275_0	0.9843587763627120 1K
NA18873 HG02486#1#JAGYVM010000007.1_28868414_29370339_1$HG03927.verkko_filt_pat.fa:haplotype2_0000800_29002142_29504057_1	0.9843470896724869 1K
NA18873 HG02486#1#JAGYVM010000007.1_28868414_29370339_1$HG02300.verkko_filt_pat.fa:haplotype2_0000620_143362344_143769323_1	0.9843402435204055 1K
NA18873 AV_HG01106#haplotype2#0000932:16673968$17175925$HG03540#1#JAGYVY010000208.1_95187_596142_0	0.9843401277714227 1K
NA18873 HG00741#2#JAHALX010000013.1_51574319_51981226_0$HG03927.verkko_filt_pat.fa:haplotype2_0000800_29002142_29504057_1	0.9843332855662735 1K
NA18873 AV_HG01106#haplotype2#0000932:16673968$17175925$HG02886#1#JAHAOU010000178.1_62411_469262_0	0.9843316344905213 1K
NA18873 AV_HG01106#haplotype2#0000932:16673968$17175925$HG01099.verkko_filt_pat.fa:haplotype2_0000583_143544270_144046196_1	0.9843140640231407 1K
NA18873 HG02886#1#JAHAOU010000178.1_62411_469262_0$HG01258#1#JAGYYV010000004.1_56955948_57456952_1	0.9843114327228433 1K
NA18873 AV_HG01106#haplotype2#0000932:16673968$17175925$HG02109#1#JAHEPG010000026.1_16673035_17080816_0	0.9843078302443820 1K
NA18873 HG02630#2#JAHAOP010000089.1_16669255_17076135_0$HG01071#1#JAHBCF010000053.1_26607100_27108065_1	0.9842953637187515 1K
NA18873 HG02559#2#JAGYVJ010000037.1_52167780_52574597_1$NA18906#2#JAHEON010000009.1_93748295_94249275_0	0.9842923748838163 1K
NA18873 AV_HG01106#haplotype2#0000932:16673968$17175925$HG02809.verkko_filt_pat.fa:haplotype2_0001251_103421111_103827972_0	0.9842798759337870 1K
NA18873 HG02486#1#JAGYVM010000007.1_28868414_29370339_1$HG02486#2#JAGYVL010000029.1_94163344_94570162_0	0.9842755160039365 1K
NA18873 AV_HG01106#haplotype2#0000932:16673968$17175925$HG03579#1#JAGYVU010000029.1_91404_499180_0	0.9842749387021054 1K
NA18873 HG01109#1#JAHEPA010000099.1_2104245_2511104_1$NA18906#2#JAHEON010000009.1_93748295_94249275_0	0.9842489766614920 1K
NA18873 HG01358#1#JAGYZB010000020.1_27445742_27855492_1$HG01099.verkko_filt_pat.fa:haplotype2_0000583_143544270_144046196_1	0.9842398553779054 1K
NA18873 NA18906#2#JAHEON010000009.1_93748295_94249275_0$HG02717#2#JAHAOR010000006.1_19663827_20070693_1	0.9842328122992475 1K
NA18873 HG02630#1#JAHAOQ010000102.1_16672145_17079089_0$HG02486#1#JAGYVM010000007.1_28868414_29370339_1	0.9842304184251535 1K
NA18873 AV_HG01106#haplotype2#0000932:16673968$17175925$HG01258#2#JAGYYU010000072.1_51562603_51970395_0	0.9842240202138315 1K
NA18873 NA20129#2#JAHEPD010000155.1_90039_569275_0$HG03927.verkko_filt_mat.fa:haplotype1_0000009_134765170_135173010_1	0.9842201516934261 1K
NA18873 HG02886#1#JAHAOU010000178.1_62411_469262_0$HG02486#1#JAGYVM010000007.1_28868414_29370339_1	0.9842197837787459 1K
NA18873 HG01071#1#JAHBCF010000053.1_26607100_27108065_1$HG03927.verkko_filt_pat.fa:haplotype2_0000800_29002142_29504057_1	0.9842194311108824 1K
NA18873 HG01071#1#JAHBCF010000053.1_26607100_27108065_1$HG02486#1#JAGYVM010000007.1_28868414_29370339_1	0.9842183701739420 1K
NA18873 NA20129#2#JAHEPD010000155.1_90039_569275_0$HG00438#1#JAHBCB010000015.1_33474867_33954171_0	0.9842179042128745 1K
NA18873 AV_HG02257#haplotype2#0001152:102843493$103251377$NA18906#2#JAHEON010000009.1_93748295_94249275_0	0.9842163268409794 1K
NA18873 HG02630#1#JAHAOQ010000102.1_16672145_17079089_0$HG03927.verkko_filt_pat.fa:haplotype2_0000800_29002142_29504057_1	0.9842048302127415 1K
NA18873 HG02630#1#JAHAOQ010000102.1_16672145_17079089_0$NA18906#2#JAHEON010000009.1_93748295_94249275_0	0.9841968784815563 1K
NA18873 HG01123#1#JAGYYZ010000015.1_51528240_51935090_0$NA18906#2#JAHEON010000009.1_93748295_94249275_0	0.9841962642484865 1K
NA18873 NA18906#1#JAHEOO010000054.1_2103477_2510435_1$HG02486#1#JAGYVM010000007.1_28868414_29370339_1	0.9841857347505029 1K
NA18873 HG02145#2#JAHKSF010000206.1_1005292_1413195_1$HG02486#1#JAGYVM010000007.1_28868414_29370339_1	0.9841818068960880 1K
NA18873 HG02559#1#JAGYVK010000012.1_51505852_51913611_0$HG01978#1#JAGYVS010000002.1_51519970_52021951_0	0.9841815927221728 1K
NA18873 HG00438#1#JAHBCB010000015.1_33474867_33954171_0$HG03486#2#JAHEOP010000248.1_2105565_2584784_1	0.9841762571683689 1K
NA18873 HG01071#1#JAHBCF010000053.1_26607100_27108065_1$HG01258#2#JAGYYU010000072.1_51562603_51970395_0	0.9841721909341482 1K
NA18873 AV_HG02257#haplotype2#0001152:102843493$103251377$HG02486#1#JAGYVM010000007.1_28868414_29370339_1	0.9841602954109741 1K
NA18873 NA18906#2#JAHEON010000009.1_93748295_94249275_0$HG03927.verkko_filt_pat.fa:haplotype2_0000800_29002142_29504057_1	0.9841590233766498 1K
NA18873 HG01258#1#JAGYYV010000004.1_56955948_57456952_1$HG02486#1#JAGYVM010000007.1_28868414_29370339_1	0.9841491951836860 1K
NA18873 HG02717#1#JAHAOS010000015.1_16660311_17067250_0$HG02486#1#JAGYVM010000007.1_28868414_29370339_1	0.9841429784649631 1K
NA18873 HG02622#1#JAHAOO010000002.1_16673678_17080663_0$HG03927.verkko_filt_pat.fa:haplotype2_0000800_29002142_29504057_1	0.9841362644956354 1K
NA18873 HG02818#2#JAHEOR010000010.1_31775319_32183091_1$HG01978#1#JAGYVS010000002.1_51519970_52021951_0	0.9841341583506569 1K
NA18873 AV_HG00673#haplotype1#0000019:16627360$17129375$HG02486#2#JAGYVL010000029.1_94163344_94570162_0	0.9841294311598316 1K
NA18873 AV_HG01106#haplotype2#0000932:16673968$17175925$HG02717#2#JAHAOR010000006.1_19663827_20070693_1	0.9841265718165311 1K
NA18873 HG03492#1#JAHEPI010000180.1_2103395_2543326_1$HG03927.verkko_filt_pat.fa:haplotype2_0000800_29002142_29504057_1	0.9841258852456823 1K
NA18873 HG03540#1#JAGYVY010000208.1_95187_596142_0$HG01358#1#JAGYZB010000020.1_27445742_27855492_1	0.9841200958036954 1K
NA18873 HG005#1#JAHEPO010000002.1_51519219_51926067_0$NA18906#2#JAHEON010000009.1_93748295_94249275_0	0.9841193183952490 1K
NA18873 HG02630#2#JAHAOP010000089.1_16669255_17076135_0$HG01258#1#JAGYYV010000004.1_56955948_57456952_1	0.9841109708778969 1K
NA18873 HG02486#2#JAGYVL010000029.1_94163344_94570162_0$HG02293.verkko_filt_pat.fa:haplotype2_0000836_148310532_148812524_1	0.9841094193310358 1K
NA18873 HG01978#1#JAGYVS010000002.1_51519970_52021951_0$HG01099.verkko_filt_pat.fa:haplotype2_0000583_143544270_144046196_1	0.9841083058077494 1K
NA18873 HG01978#1#JAGYVS010000002.1_51519970_52021951_0$HG02486#2#JAGYVL010000029.1_94163344_94570162_0	0.9841030106566503 1K
NA18873 AV_HG01106#haplotype2#0000932:16673968$17175925$NA18906#2#JAHEON010000009.1_93748295_94249275_0	0.9841015768681813 1K
NA18873 HG01978#1#JAGYVS010000002.1_51519970_52021951_0$HG03540#1#JAGYVY010000208.1_95187_596142_0	0.9840991899198497 1K
NA18873 HG02486#1#JAGYVM010000007.1_28868414_29370339_1$HG02818#1#JAHEOS010000101.1_89626_496613_0	0.9840973041362787 1K
NA18873 AV_HG01106#haplotype2#0000932:16673968$17175925$HG005#1#JAHEPO010000002.1_51519219_51926067_0	0.9840894271937622 1K
NA18873 NA20129#2#JAHEPD010000155.1_90039_569275_0$HG03516#1#JAGYYT010000012.1_24170958_24578778_1	0.9840862958122993 1K
NA18873 HG01258#1#JAGYYV010000004.1_56955948_57456952_1$HG03927.verkko_filt_pat.fa:haplotype2_0000800_29002142_29504057_1	0.9840798002408513 1K
NA18873 AV_HG01106#haplotype2#0000932:16673968$17175925$HG01123#1#JAGYYZ010000015.1_51528240_51935090_0	0.9840793466058657 1K
NA18873 HG00438#1#JAHBCB010000015.1_33474867_33954171_0$HG02622#2#JAHAON010000012.1_51551779_52031001_0	0.9840750942047576 1K
NA18873 HG02145#2#JAHKSF010000206.1_1005292_1413195_1$HG03927.verkko_filt_pat.fa:haplotype2_0000800_29002142_29504057_1	0.9840737821902888 1K
NA18873 HG02080#2#JAHEOV010000017.1_16662177_17164189_0$HG02486#2#JAGYVL010000029.1_94163344_94570162_0	0.9840654140341640 1K
NA18873 AV_HG01361#haplotype1#0000023:101593539$102001341$NA20129#2#JAHEPD010000155.1_90039_569275_0	0.9840611415432918 1K
NA18873 HG02818#1#JAHEOS010000101.1_89626_496613_0$HG03927.verkko_filt_pat.fa:haplotype2_0000800_29002142_29504057_1	0.9840610115511906 1K
NA18873 NA18906#1#JAHEOO010000054.1_2103477_2510435_1$HG03927.verkko_filt_pat.fa:haplotype2_0000800_29002142_29504057_1	0.9840551171622547 1K
NA18873 HG01978#1#JAGYVS010000002.1_51519970_52021951_0$HG03516#2#JAGYYS010000004.1_24452130_24859892_1	0.9840541645973573 1K
NA18873 HG01978#1#JAGYVS010000002.1_51519970_52021951_0$HG03579#1#JAGYVU010000029.1_91404_499180_0	0.9840511745403943 1K
NA18873 NA18906#2#JAHEON010000009.1_93748295_94249275_0$HG02818#1#JAHEOS010000101.1_89626_496613_0	0.9840493705999211 1K
NA18873 HG01978#1#JAGYVS010000002.1_51519970_52021951_0$NA19240#1#JAHEOM010000047.1_30103390_30511199_1	0.9840477280883415 1K
NA18873 NA18906#1#JAHEOO010000054.1_2103477_2510435_1$NA18906#2#JAHEON010000009.1_93748295_94249275_0	0.9840471218910387 1K
NA18873 AV_HG01106#haplotype2#0000932:16673968$17175925$HG02559#2#JAGYVJ010000037.1_52167780_52574597_1	0.9840422099717590 1K
NA18873 HG02622#2#JAHAON010000012.1_51551779_52031001_0$HG03927.verkko_filt_mat.fa:haplotype1_0000009_134765170_135173010_1	0.9840301431210594 1K
NA18873 HG02080#2#JAHEOV010000017.1_16662177_17164189_0$HG01099.verkko_filt_pat.fa:haplotype2_0000583_143544270_144046196_1	0.9840301408977979 1K
NA18873 HG02622#1#JAHAOO010000002.1_16673678_17080663_0$HG02486#1#JAGYVM010000007.1_28868414_29370339_1	0.9840292997427246 1K
NA18873 NA18906#2#JAHEON010000009.1_93748295_94249275_0$HG00741#2#JAHALX010000013.1_51574319_51981226_0	0.9840238586790025 1K
NA18873 AV_HG00673#haplotype1#0000019:16627360$17129375$HG01099.verkko_filt_pat.fa:haplotype2_0000583_143544270_144046196_1	0.9840195520122381 1K
NA18873 AV_HG00673#haplotype1#0000019:16627360$17129375$HG02886#1#JAHAOU010000178.1_62411_469262_0	0.9840072332387928 1K
NA18873 HG01258#1#JAGYYV010000004.1_56955948_57456952_1$NA18906#2#JAHEON010000009.1_93748295_94249275_0	0.9840071621452929 1K
NA18873 NA18906#2#JAHEON010000009.1_93748295_94249275_0$HG02809.verkko_filt_pat.fa:haplotype2_0001251_103421111_103827972_0	0.9840027268252264 1K
NA18873 AV_HG00673#haplotype1#0000019:16627360$17129375$HG03540#1#JAGYVY010000208.1_95187_596142_0	0.9839911193605806 1K
NA18873 AV_HG00673#haplotype1#0000019:16627360$17129375$HG02559#1#JAGYVK010000012.1_51505852_51913611_0	0.9839910816421124 1K
NA18873 HG03492#1#JAHEPI010000180.1_2103395_2543326_1$NA18906#2#JAHEON010000009.1_93748295_94249275_0	0.9839903869825568 1K
NA18873 HG02886#1#JAHAOU010000178.1_62411_469262_0$HG01109#2#JAHEOZ010000047.1_16671232_17151375_0	0.9839890003624900 1K
NA18873 HG01978#1#JAGYVS010000002.1_51519970_52021951_0$HG02109#1#JAHEPG010000026.1_16673035_17080816_0	0.9839844705231451 1K
NA18873 HG02559#1#JAGYVK010000012.1_51505852_51913611_0$HG02293.verkko_filt_pat.fa:haplotype2_0000836_148310532_148812524_1	0.9839831463948151 1K
NA18873 HG02886#1#JAHAOU010000178.1_62411_469262_0$HG01978#1#JAGYVS010000002.1_51519970_52021951_0	0.9839802614639090 1K
NA18873 HG00438#1#JAHBCB010000015.1_33474867_33954171_0$HG01109#2#JAHEOZ010000047.1_16671232_17151375_0	0.9839792323194234 1K
NA18873 HG02622#1#JAHAOO010000002.1_16673678_17080663_0$NA18906#2#JAHEON010000009.1_93748295_94249275_0	0.9839783027989497 1K
NA18873 HG01978#1#JAGYVS010000002.1_51519970_52021951_0$HG01258#2#JAGYYU010000072.1_51562603_51970395_0	0.9839782006221319 1K
NA18873 HG03927.verkko_filt_mat.fa:haplotype1_0000009_134765170_135173010_1$HG03927.verkko_filt_pat.fa:haplotype2_0000800_29002142_29504057_1	0.9839776915218014 1K
NA18873 HG02886#1#JAHAOU010000178.1_62411_469262_0$HG02293.verkko_filt_pat.fa:haplotype2_0000836_148310532_148812524_1	0.9839763577642519 1K
NA18873 HG01978#1#JAGYVS010000002.1_51519970_52021951_0$HG02809.verkko_filt_pat.fa:haplotype2_0001251_103421111_103827972_0	0.9839729478132934 1K
NA18873 HG01258#1#JAGYYV010000004.1_56955948_57456952_1$HG01258#2#JAGYYU010000072.1_51562603_51970395_0	0.9839714678371680 1K
NA18873 HG02080#2#JAHEOV010000017.1_16662177_17164189_0$HG03540#1#JAGYVY010000208.1_95187_596142_0	0.9839665462421091 1K
NA18873 NA20129#2#JAHEPD010000155.1_90039_569275_0$HG01099.verkko_filt_mat.fa:haplotype1_0000034_142513097_142920876_1	0.9839607764380174 1K
NA18873 AV_HG00673#haplotype1#0000019:16627360$17129375$HG03579#1#JAGYVU010000029.1_91404_499180_0	0.9839596111911731 1K
NA18873 AV_HG00673#haplotype1#0000019:16627360$17129375$HG03516#2#JAGYYS010000004.1_24452130_24859892_1	0.9839514003061823 1K
NA18873 HG02559#1#JAGYVK010000012.1_51505852_51913611_0$HG02080#2#JAHEOV010000017.1_16662177_17164189_0	0.9839429104207176 1K
NA18873 AV_HG02257#haplotype2#0001152:102843493$103251377$HG03927.verkko_filt_pat.fa:haplotype2_0000800_29002142_29504057_1	0.9839420835621842 1K
NA18873 HG01123#1#JAGYYZ010000015.1_51528240_51935090_0$HG01978#1#JAGYVS010000002.1_51519970_52021951_0	0.9839383253194114 1K
NA18873 HG00621#1#JAHBCD010000034.1_2122997_2624098_1$HG02559#1#JAGYVK010000012.1_51505852_51913611_0	0.9839381775753108 1K
NA18873 HG02080#2#JAHEOV010000017.1_16662177_17164189_0$HG02886#1#JAHAOU010000178.1_62411_469262_0	0.9839375903853275 1K
NA18873 NA20129#2#JAHEPD010000155.1_90039_569275_0$HG02300.verkko_filt_mat.fa:haplotype1_0000028_144052837_144460586_1	0.9839365960202815 1K
NA18873 HG02559#2#JAGYVJ010000037.1_52167780_52574597_1$HG01258#1#JAGYYV010000004.1_56955948_57456952_1	0.9839297982159478 1K
NA18873 HG03540#1#JAGYVY010000208.1_95187_596142_0$HG02293.verkko_filt_pat.fa:haplotype2_0000836_148310532_148812524_1	0.9839244949295388 1K
NA18873 AV_HG00673#haplotype1#0000019:16627360$17129375$HG02818#2#JAHEOR010000010.1_31775319_32183091_1	0.9839230007120794 1K
NA18873 AV_HG01106#haplotype2#0000932:16673968$17175925$HG02630#2#JAHAOP010000089.1_16669255_17076135_0	0.9839222110261326 1K
NA18873 HG03579#1#JAGYVU010000029.1_91404_499180_0$HG02293.verkko_filt_pat.fa:haplotype2_0000836_148310532_148812524_1	0.9839131435042597 1K
NA18873 HG02818#2#JAHEOR010000010.1_31775319_32183091_1$HG02080#2#JAHEOV010000017.1_16662177_17164189_0	0.9839130570532549 1K
NA18873 HG02818#2#JAHEOR010000010.1_31775319_32183091_1$HG02293.verkko_filt_pat.fa:haplotype2_0000836_148310532_148812524_1	0.9839044092022889 1K
NA18873 HG01978#1#JAGYVS010000002.1_51519970_52021951_0$HG02717#2#JAHAOR010000006.1_19663827_20070693_1	0.9839027652915898 1K
NA18873 HG03516#2#JAGYYS010000004.1_24452130_24859892_1$HG02293.verkko_filt_pat.fa:haplotype2_0000836_148310532_148812524_1	0.9838993913588160 1K
NA18873 HG02559#2#JAGYVJ010000037.1_52167780_52574597_1$HG01071#1#JAHBCF010000053.1_26607100_27108065_1	0.9838986097470688 1K
NA18873 HG02080#2#JAHEOV010000017.1_16662177_17164189_0$HG03516#2#JAGYYS010000004.1_24452130_24859892_1	0.9838978091240717 1K
NA18873 HG02717#1#JAHAOS010000015.1_16660311_17067250_0$HG03927.verkko_filt_pat.fa:haplotype2_0000800_29002142_29504057_1	0.9838965358939566 1K
NA18873 HG03453#1#JAGYVW010000157.1_2105722_2585000_1$HG00438#1#JAHBCB010000015.1_33474867_33954171_0	0.9838952866754915 1K
NA18873 HG01071#1#JAHBCF010000053.1_26607100_27108065_1$NA18906#2#JAHEON010000009.1_93748295_94249275_0	0.9838909337333200 1K
NA18873 HG02080#2#JAHEOV010000017.1_16662177_17164189_0$HG03579#1#JAGYVU010000029.1_91404_499180_0	0.9838894894785473 1K
NA18873 NA20129#2#JAHEPD010000155.1_90039_569275_0$NA19240#2#JAHEOL010000010.1_37445323_37853017_0	0.9838878365954687 1K
NA18873 HG02080#1#JAHEOW010000048.1_16689583_17097287_0$NA20129#2#JAHEPD010000155.1_90039_569275_0	0.9838830454109734 1K
NA18873 HG02293.verkko_filt_pat.fa:haplotype2_0000836_148310532_148812524_1$HG01099.verkko_filt_pat.fa:haplotype2_0000583_143544270_144046196_1	0.9838827385211274 1K
NA18873 HG01978#1#JAGYVS010000002.1_51519970_52021951_0$NA18906#2#JAHEON010000009.1_93748295_94249275_0	0.9838801774751180 1K
NA18873 HG02109#1#JAHEPG010000026.1_16673035_17080816_0$HG02293.verkko_filt_pat.fa:haplotype2_0000836_148310532_148812524_1	0.9838723776321739 1K
NA18873 HG02559#1#JAGYVK010000012.1_51505852_51913611_0$HG04228.verkko_filt_mat.fa:haplotype1_0000023_103429213_103930285_0	0.9838657501190321 1K
NA18873 AV_HG01106#haplotype2#0000932:16673968$17175925$HG00741#2#JAHALX010000013.1_51574319_51981226_0	0.9838586468552241 1K
NA18873 HG02717#1#JAHAOS010000015.1_16660311_17067250_0$NA18906#2#JAHEON010000009.1_93748295_94249275_0	0.9838506779842393 1K
NA18873 HG01109#2#JAHEOZ010000047.1_16671232_17151375_0$HG02486#2#JAGYVL010000029.1_94163344_94570162_0	0.9838469426178406 1K
NA18873 AV_HG01106#haplotype2#0000932:16673968$17175925$HG02486#1#JAGYVM010000007.1_28868414_29370339_1	0.9838427799504054 1K
NA18873 AV_HG00673#haplotype1#0000019:16627360$17129375$HG02109#1#JAHEPG010000026.1_16673035_17080816_0	0.9838421460057800 1K
NA18873 HG02622#2#JAHAON010000012.1_51551779_52031001_0$HG03516#1#JAGYYT010000012.1_24170958_24578778_1	0.9838399341139326 1K
NA18873 HG00621#1#JAHBCD010000034.1_2122997_2624098_1$HG03516#2#JAGYYS010000004.1_24452130_24859892_1	0.9838380501877878 1K
NA18873 HG02109#1#JAHEPG010000026.1_16673035_17080816_0$HG04228.verkko_filt_mat.fa:haplotype1_0000023_103429213_103930285_0	0.9838372008253923 1K
NA18873 HG00621#1#JAHBCD010000034.1_2122997_2624098_1$HG03579#1#JAGYVU010000029.1_91404_499180_0	0.9838352473644995 1K
NA18873 AV_HG00673#haplotype1#0000019:16627360$17129375$HG02809.verkko_filt_pat.fa:haplotype2_0001251_103421111_103827972_0	0.9838242533973341 1K
NA18873 HG03516#2#JAGYYS010000004.1_24452130_24859892_1$HG04228.verkko_filt_mat.fa:haplotype1_0000023_103429213_103930285_0	0.9838203666401416 1K
NA18873 HG005#1#JAHEPO010000002.1_51519219_51926067_0$HG01978#1#JAGYVS010000002.1_51519970_52021951_0	0.9838159622781545 1K
NA18873 HG005#1#JAHEPO010000002.1_51519219_51926067_0$HG01071#1#JAHBCF010000053.1_26607100_27108065_1	0.9838069513085838 1K
NA18873 HG00621#1#JAHBCD010000034.1_2122997_2624098_1$HG02109#1#JAHEPG010000026.1_16673035_17080816_0	0.9838059706169855 1K
NA18873 AV_HG01361#haplotype1#0000023:101593539$102001341$HG02622#2#JAHAON010000012.1_51551779_52031001_0	0.9838019835733924 1K
NA18873 HG04228.verkko_filt_mat.fa:haplotype1_0000023_103429213_103930285_0$HG01099.verkko_filt_pat.fa:haplotype2_0000583_143544270_144046196_1	0.9837997816302866 1K
NA18873 HG00621#1#JAHBCD010000034.1_2122997_2624098_1$HG01099.verkko_filt_pat.fa:haplotype2_0000583_143544270_144046196_1	0.9837989402847539 1K
NA18873 HG02559#1#JAGYVK010000012.1_51505852_51913611_0$HG01109#2#JAHEOZ010000047.1_16671232_17151375_0	0.9837962928215964 1K
NA18873 AV_HG00673#haplotype1#0000019:16627360$17129375$NA19240#1#JAHEOM010000047.1_30103390_30511199_1	0.9837926239243627 1K
NA18873 HG02559#2#JAGYVJ010000037.1_52167780_52574597_1$HG01978#1#JAGYVS010000002.1_51519970_52021951_0	0.9837905698031287 1K
NA18873 HG02293.verkko_filt_pat.fa:haplotype2_0000836_148310532_148812524_1$HG02809.verkko_filt_pat.fa:haplotype2_0001251_103421111_103827972_0	0.9837882612448092 1K
NA18873 HG02080#2#JAHEOV010000017.1_16662177_17164189_0$NA19240#1#JAHEOM010000047.1_30103390_30511199_1	0.9837826489585193 1K
NA18873 HG02486#2#JAGYVL010000029.1_94163344_94570162_0$HG02071.verkko_filt_pat.fa:haplotype2_0000736_102745972_103248026_0	0.9837823351190251 1K
NA18873 HG01071#1#JAHBCF010000053.1_26607100_27108065_1$HG02717#2#JAHAOR010000006.1_19663827_20070693_1	0.9837781067782897 1K
NA18873 AV_HG00673#haplotype1#0000019:16627360$17129375$HG02717#2#JAHAOR010000006.1_19663827_20070693_1	0.9837670962190601 1K
NA18873 HG01109#2#JAHEOZ010000047.1_16671232_17151375_0$HG03516#2#JAGYYS010000004.1_24452130_24859892_1	0.9837634641028469 1K
NA18873 AV_HG00673#haplotype1#0000019:16627360$17129375$HG01258#2#JAGYYU010000072.1_51562603_51970395_0	0.9837605442759992 1K
NA18873 HG00621#1#JAHBCD010000034.1_2122997_2624098_1$HG02818#2#JAHEOR010000010.1_31775319_32183091_1	0.9837600831177238 1K
NA18873 HG03540#1#JAGYVY010000208.1_95187_596142_0$HG02071.verkko_filt_pat.fa:haplotype2_0000736_102745972_103248026_0	0.9837577027482604 1K
NA18873 HG02559#1#JAGYVK010000012.1_51505852_51913611_0$HG02071.verkko_filt_pat.fa:haplotype2_0000736_102745972_103248026_0	0.9837512349828545 1K
NA18873 HG01258#2#JAGYYU010000072.1_51562603_51970395_0$HG02293.verkko_filt_pat.fa:haplotype2_0000836_148310532_148812524_1	0.9837417341541309 1K
NA18873 NA19240#1#JAHEOM010000047.1_30103390_30511199_1$HG02293.verkko_filt_pat.fa:haplotype2_0000836_148310532_148812524_1	0.9837411691414003 1K
NA18873 HG005#1#JAHEPO010000002.1_51519219_51926067_0$HG01258#1#JAGYYV010000004.1_56955948_57456952_1	0.9837376891745184 1K
NA18873 HG03579#1#JAGYVU010000029.1_91404_499180_0$HG04228.verkko_filt_mat.fa:haplotype1_0000023_103429213_103930285_0	0.9837298344467622 1K
NA18873 HG02818#2#JAHEOR010000010.1_31775319_32183091_1$HG01109#2#JAHEOZ010000047.1_16671232_17151375_0	0.9837234327117628 1K
NA18873 HG02818#2#JAHEOR010000010.1_31775319_32183091_1$HG04228.verkko_filt_mat.fa:haplotype1_0000023_103429213_103930285_0	0.9837214596428268 1K
NA18873 HG02080#2#JAHEOV010000017.1_16662177_17164189_0$HG02809.verkko_filt_pat.fa:haplotype2_0001251_103421111_103827972_0	0.9837213081787768 1K
NA18873 HG02622#2#JAHAON010000012.1_51551779_52031001_0$HG01099.verkko_filt_mat.fa:haplotype1_0000034_142513097_142920876_1	0.9837204547469027 1K
NA18873 NA20129#2#JAHEPD010000155.1_90039_569275_0$HG03486#2#JAHEOP010000248.1_2105565_2584784_1	0.9837175392097324 1K
NA18873 HG02080#2#JAHEOV010000017.1_16662177_17164189_0$HG01123#1#JAGYYZ010000015.1_51528240_51935090_0	0.9837156271947587 1K
NA18873 HG00621#1#JAHBCD010000034.1_2122997_2624098_1$HG01258#2#JAGYYU010000072.1_51562603_51970395_0	0.9837130590316215 1K
NA18873 NA20129#2#JAHEPD010000155.1_90039_569275_0$HG002.verkko_filt_mat.fa:haplotype1_0000005_138228497_138636354_1	0.9837123806777978 1K
NA18873 HG02145#2#JAHKSF010000206.1_1005292_1413195_1$HG01071#1#JAHBCF010000053.1_26607100_27108065_1	0.9837123139827759 1K
NA18873 AV_HG00673#haplotype1#0000019:16627360$17129375$HG01123#1#JAGYYZ010000015.1_51528240_51935090_0	0.9837087149502959 1K
NA18873 HG02080#2#JAHEOV010000017.1_16662177_17164189_0$HG02717#2#JAHAOR010000006.1_19663827_20070693_1	0.9837079562724862 1K
NA18873 HG03486#1#JAHEOQ010000123.1_16677696_17085575_0$NA20129#2#JAHEPD010000155.1_90039_569275_0	0.9837069448156656 1K
NA18873 HG02080#2#JAHEOV010000017.1_16662177_17164189_0$HG02109#1#JAHEPG010000026.1_16673035_17080816_0	0.9837005650399591 1K
NA18873 HG03516#2#JAGYYS010000004.1_24452130_24859892_1$HG02071.verkko_filt_pat.fa:haplotype2_0000736_102745972_103248026_0	0.9837002623351153 1K
NA18873 AV_HG01106#haplotype2#0000932:16673968$17175925$HG03492#1#JAHEPI010000180.1_2103395_2543326_1	0.9836994802013371 1K
NA18873 HG02622#2#JAHAON010000012.1_51551779_52031001_0$HG02300.verkko_filt_mat.fa:haplotype1_0000028_144052837_144460586_1	0.9836962716820911 1K
NA18873 HG02717#2#JAHAOR010000006.1_19663827_20070693_1$HG02293.verkko_filt_pat.fa:haplotype2_0000836_148310532_148812524_1	0.9836931717815965 1K
NA18873 HG01258#1#JAGYYV010000004.1_56955948_57456952_1$HG02717#2#JAHAOR010000006.1_19663827_20070693_1	0.9836868160711094 1K
NA18873 HG02080#2#JAHEOV010000017.1_16662177_17164189_0$HG01258#2#JAGYYU010000072.1_51562603_51970395_0	0.9836793024166373 1K
NA18873 HG02630#2#JAHAOP010000089.1_16669255_17076135_0$HG01109#2#JAHEOZ010000047.1_16671232_17151375_0	0.9836751432668190 1K
NA18873 HG02886#1#JAHAOU010000178.1_62411_469262_0$HG02071.verkko_filt_pat.fa:haplotype2_0000736_102745972_103248026_0	0.9836715698295929 1K
NA18873 HG01109#2#JAHEOZ010000047.1_16671232_17151375_0$NA19240#1#JAHEOM010000047.1_30103390_30511199_1	0.9836691138326785 1K
NA18873 HG01258#2#JAGYYU010000072.1_51562603_51970395_0$HG04228.verkko_filt_mat.fa:haplotype1_0000023_103429213_103930285_0	0.9836682840383698 1K
NA18873 HG00621#1#JAHBCD010000034.1_2122997_2624098_1$NA19240#1#JAHEOM010000047.1_30103390_30511199_1	0.9836681102392082 1K
NA18873 HG01978#1#JAGYVS010000002.1_51519970_52021951_0$HG00741#2#JAHALX010000013.1_51574319_51981226_0	0.9836679950474077 1K
NA18873 HG01123#1#JAGYYZ010000015.1_51528240_51935090_0$HG02293.verkko_filt_pat.fa:haplotype2_0000836_148310532_148812524_1	0.9836677227805070 1K
NA18873 HG03453#1#JAGYVW010000157.1_2105722_2585000_1$HG03516#2#JAGYYS010000004.1_24452130_24859892_1	0.9836657952735333 1K
NA18873 HG01123#1#JAGYYZ010000015.1_51528240_51935090_0$HG01071#1#JAHBCF010000053.1_26607100_27108065_1	0.9836593638678182 1K
NA18873 HG02818#2#JAHEOR010000010.1_31775319_32183091_1$HG02071.verkko_filt_pat.fa:haplotype2_0000736_102745972_103248026_0	0.9836565262330355 1K
NA18873 NA20129#2#JAHEPD010000155.1_90039_569275_0$HG02071.verkko_filt_mat.fa:haplotype1_0000041_103610513_104018399_0	0.9836546455993158 1K
NA18873 HG02071.verkko_filt_pat.fa:haplotype2_0000736_102745972_103248026_0$HG01099.verkko_filt_pat.fa:haplotype2_0000583_143544270_144046196_1	0.9836536726335803 1K
NA18873 HG03486#2#JAHEOP010000248.1_2105565_2584784_1$HG01109#2#JAHEOZ010000047.1_16671232_17151375_0	0.9836426377914171 1K
NA18873 HG00621#2#JAHBCC010000031.1_16669999_17077865_0$NA20129#2#JAHEPD010000155.1_90039_569275_0	0.9836420561564134 1K
NA18873 AV_HG00673#haplotype1#0000019:16627360$17129375$NA18906#2#JAHEON010000009.1_93748295_94249275_0	0.9836320627483495 1K
NA18873 HG02559#1#JAGYVK010000012.1_51505852_51913611_0$HG03453#1#JAGYVW010000157.1_2105722_2585000_1	0.9836304695603569 1K
NA18873 HG00621#1#JAHBCD010000034.1_2122997_2624098_1$HG02486#2#JAGYVL010000029.1_94163344_94570162_0	0.9836299985467215 1K
NA18873 HG02622#2#JAHAON010000012.1_51551779_52031001_0$NA19240#2#JAHEOL010000010.1_37445323_37853017_0	0.9836287831513473 1K
NA18873 HG00621#1#JAHBCD010000034.1_2122997_2624098_1$HG03540#1#JAGYVY010000208.1_95187_596142_0	0.9836263216799267 1K
NA18873 HG01978#1#JAGYVS010000002.1_51519970_52021951_0$HG02486#1#JAGYVM010000007.1_28868414_29370339_1	0.9836250762810186 1K
NA18873 HG02080#1#JAHEOW010000048.1_16689583_17097287_0$HG02622#2#JAHAON010000012.1_51551779_52031001_0	0.9836238819228065 1K
NA18873 HG02886#1#JAHAOU010000178.1_62411_469262_0$HG04228.verkko_filt_mat.fa:haplotype1_0000023_103429213_103930285_0	0.9836215234325323 1K
NA18873 HG02486#2#JAGYVL010000029.1_94163344_94570162_0$HG04228.verkko_filt_mat.fa:haplotype1_0000023_103429213_103930285_0	0.9836056164551503 1K
NA18873 HG01109#2#JAHEOZ010000047.1_16671232_17151375_0$HG03579#1#JAGYVU010000029.1_91404_499180_0	0.9836031928788513 1K
NA18873 HG03453#1#JAGYVW010000157.1_2105722_2585000_1$NA20129#2#JAHEPD010000155.1_90039_569275_0	0.9835989362772046 1K
NA18873 NA20129#2#JAHEPD010000155.1_90039_569275_0$HG03453#2#JAGYVV010000088.1_22597550_23005370_1	0.9835958454021431 1K
NA18873 HG01123#1#JAGYYZ010000015.1_51528240_51935090_0$HG01258#1#JAGYYV010000004.1_56955948_57456952_1	0.9835954474114632 1K
NA18873 NA18906#2#JAHEON010000009.1_93748295_94249275_0$HG02293.verkko_filt_pat.fa:haplotype2_0000836_148310532_148812524_1	0.9835928854897666 1K
NA18873 HG02080#2#JAHEOV010000017.1_16662177_17164189_0$NA18906#2#JAHEON010000009.1_93748295_94249275_0	0.9835878584729993 1K
NA18873 HG02622#2#JAHAON010000012.1_51551779_52031001_0$HG002.verkko_filt_mat.fa:haplotype1_0000005_138228497_138636354_1	0.9835788191885786 1K
NA18873 HG03579#1#JAGYVU010000029.1_91404_499180_0$HG02071.verkko_filt_pat.fa:haplotype2_0000736_102745972_103248026_0	0.9835714314243555 1K
NA18873 HG02818#2#JAHEOR010000010.1_31775319_32183091_1$HG03453#1#JAGYVW010000157.1_2105722_2585000_1	0.9835708465848606 1K
NA18873 HG02109#1#JAHEPG010000026.1_16673035_17080816_0$HG02071.verkko_filt_pat.fa:haplotype2_0000736_102745972_103248026_0	0.9835684639939563 1K
NA18873 HG03486#1#JAHEOQ010000123.1_16677696_17085575_0$HG02622#2#JAHAON010000012.1_51551779_52031001_0	0.9835670461284973 1K
NA18873 NA19240#1#JAHEOM010000047.1_30103390_30511199_1$HG04228.verkko_filt_mat.fa:haplotype1_0000023_103429213_103930285_0	0.9835637306270747 1K
NA18873 HG03492#1#JAHEPI010000180.1_2103395_2543326_1$HG01258#1#JAGYYV010000004.1_56955948_57456952_1	0.9835489248301320 1K
NA18873 HG02145#2#JAHKSF010000206.1_1005292_1413195_1$HG01258#1#JAGYYV010000004.1_56955948_57456952_1	0.9835456880994015 1K
NA18873 HG02622#2#JAHAON010000012.1_51551779_52031001_0$HG03486#2#JAHEOP010000248.1_2105565_2584784_1	0.9835452407570485 1K
NA18873 HG02071.verkko_filt_pat.fa:haplotype2_0000736_102745972_103248026_0$HG02809.verkko_filt_pat.fa:haplotype2_0001251_103421111_103827972_0	0.9835445520059108 1K
NA18873 HG02559#2#JAGYVJ010000037.1_52167780_52574597_1$HG03927.verkko_filt_pat.fa:haplotype2_0000800_29002142_29504057_1	0.9835338713260566 1K
NA18873 AV_HG02148#haplotype2#0002863:16304803$16712699$NA20129#2#JAHEPD010000155.1_90039_569275_0	0.9835336280968073 1K
NA18873 HG02630#2#JAHAOP010000089.1_16669255_17076135_0$HG01978#1#JAGYVS010000002.1_51519970_52021951_0	0.9835334263835877 1K
NA18873 AV_HG01175#haplotype1#0000070:46006269$46414083$NA20129#2#JAHEPD010000155.1_90039_569275_0	0.9835315924869233 1K
NA18873 HG00621#1#JAHBCD010000034.1_2122997_2624098_1$HG02886#1#JAHAOU010000178.1_62411_469262_0	0.9835245012860399 1K
NA18873 HG01978#1#JAGYVS010000002.1_51519970_52021951_0$HG03492#1#JAHEPI010000180.1_2103395_2543326_1	0.9835228175665046 1K
NA18873 HG02630#1#JAHAOQ010000102.1_16672145_17079089_0$HG01071#1#JAHBCF010000053.1_26607100_27108065_1	0.9835062144785115 1K
NA18873 HG02622#2#JAHAON010000012.1_51551779_52031001_0$HG02071.verkko_filt_mat.fa:haplotype1_0000041_103610513_104018399_0	0.9835022175561383 1K
NA18873 AV_HG01106#haplotype2#0000932:16673968$17175925$HG03927.verkko_filt_mat.fa:haplotype1_0000009_134765170_135173010_1	0.9835018052659198 1K
NA18873 HG005#1#JAHEPO010000002.1_51519219_51926067_0$HG02293.verkko_filt_pat.fa:haplotype2_0000836_148310532_148812524_1	0.9834969433690091 1K
NA18873 HG00621#2#JAHBCC010000031.1_16669999_17077865_0$HG02622#2#JAHAON010000012.1_51551779_52031001_0	0.9834958943800639 1K
NA18873 HG03540#1#JAGYVY010000208.1_95187_596142_0$HG04228.verkko_filt_mat.fa:haplotype1_0000023_103429213_103930285_0	0.9834952315824892 1K
NA18873 AV_HG00673#haplotype2#0001165:24014011$24421797$NA20129#2#JAHEPD010000155.1_90039_569275_0	0.9834930393560638 1K
NA18873 HG02559#2#JAGYVJ010000037.1_52167780_52574597_1$HG02293.verkko_filt_pat.fa:haplotype2_0000836_148310532_148812524_1	0.9834904685930793 1K
NA18873 HG01258#2#JAGYYU010000072.1_51562603_51970395_0$HG02071.verkko_filt_pat.fa:haplotype2_0000736_102745972_103248026_0	0.9834880056648717 1K
NA18873 AV_HG01175#haplotype1#0000070:46006269$46414083$HG03927.verkko_filt_pat.fa:haplotype2_0000800_29002142_29504057_1	0.9834538504030577 1K
NA18873 HG03486#1#JAHEOQ010000123.1_16677696_17085575_0$HG03927.verkko_filt_pat.fa:haplotype2_0000800_29002142_29504057_1	0.9834520475423207 1K
NA18873 HG02559#2#JAGYVJ010000037.1_52167780_52574597_1$HG02080#2#JAHEOV010000017.1_16662177_17164189_0	0.9834508320623284 1K
NA18873 HG02717#2#JAHAOR010000006.1_19663827_20070693_1$HG02071.verkko_filt_pat.fa:haplotype2_0000736_102745972_103248026_0	0.9834502052912187 1K
NA18873 AV_HG00673#haplotype1#0000019:16627360$17129375$HG005#1#JAHEPO010000002.1_51519219_51926067_0	0.9834497821592131 1K
NA18873 HG02622#2#JAHAON010000012.1_51551779_52031001_0$HG03453#2#JAGYVV010000088.1_22597550_23005370_1	0.9834496015189689 1K
NA18873 NA18906#2#JAHEON010000009.1_93748295_94249275_0$HG02071.verkko_filt_pat.fa:haplotype2_0000736_102745972_103248026_0	0.9834495730793412 1K
NA18873 HG002.verkko_filt_mat.fa:haplotype1_0000005_138228497_138636354_1$HG03927.verkko_filt_pat.fa:haplotype2_0000800_29002142_29504057_1	0.9834471885192941 1K
NA18873 HG01109#2#JAHEOZ010000047.1_16671232_17151375_0$HG01258#2#JAGYYU010000072.1_51562603_51970395_0	0.9834379451758586 1K
NA18873 AV_HG02257#haplotype2#0001152:102843493$103251377$HG01071#1#JAHBCF010000053.1_26607100_27108065_1	0.9834377807592496 1K
NA18873 HG03453#1#JAGYVW010000157.1_2105722_2585000_1$HG03579#1#JAGYVU010000029.1_91404_499180_0	0.9834312481162426 1K
NA18873 HG04228.verkko_filt_mat.fa:haplotype1_0000023_103429213_103930285_0$HG02809.verkko_filt_pat.fa:haplotype2_0001251_103421111_103827972_0	0.9834229995094567 1K
NA18873 NA19240#1#JAHEOM010000047.1_30103390_30511199_1$HG02071.verkko_filt_pat.fa:haplotype2_0000736_102745972_103248026_0	0.9834221602238840 1K
NA18873 HG01071#1#JAHBCF010000053.1_26607100_27108065_1$HG002.verkko_filt_mat.fa:haplotype1_0000005_138228497_138636354_1	0.9834218052226876 1K
NA18873 HG005#1#JAHEPO010000002.1_51519219_51926067_0$HG02080#2#JAHEOV010000017.1_16662177_17164189_0	0.9834179316258679 1K
NA18873 HG02080#1#JAHEOW010000048.1_16689583_17097287_0$HG03486#2#JAHEOP010000248.1_2105565_2584784_1	0.9834177251344911 1K
NA18873 HG01071#1#JAHBCF010000053.1_26607100_27108065_1$HG00741#2#JAHALX010000013.1_51574319_51981226_0	0.9834101128156167 1K
NA18873 AV_HG00673#haplotype1#0000019:16627360$17129375$HG02559#2#JAGYVJ010000037.1_52167780_52574597_1	0.9834051562277628 1K
NA18873 AV_HG00673#haplotype1#0000019:16627360$17129375$HG02486#1#JAGYVM010000007.1_28868414_29370339_1	0.9834026744642920 1K
NA18873 AV_HG02148#haplotype2#0002863:16304803$16712699$HG02622#2#JAHAON010000012.1_51551779_52031001_0	0.9833999629427232 1K
NA18873 AV_HG01106#haplotype2#0000932:16673968$17175925$HG02080#1#JAHEOW010000048.1_16689583_17097287_0	0.9833993739038034 1K
NA18873 HG02080#2#JAHEOV010000017.1_16662177_17164189_0$HG02486#1#JAGYVM010000007.1_28868414_29370339_1	0.9833977450216446 1K
NA18873 HG03486#2#JAHEOP010000248.1_2105565_2584784_1$HG02300.verkko_filt_mat.fa:haplotype1_0000028_144052837_144460586_1	0.9833959671220565 1K
NA18873 AV_HG01175#haplotype1#0000070:46006269$46414083$HG02622#2#JAHAON010000012.1_51551779_52031001_0	0.9833916679774196 1K
NA18873 HG00621#1#JAHBCD010000034.1_2122997_2624098_1$HG02809.verkko_filt_pat.fa:haplotype2_0001251_103421111_103827972_0	0.9833859614620597 1K
NA18873 HG02630#1#JAHAOQ010000102.1_16672145_17079089_0$HG01258#1#JAGYYV010000004.1_56955948_57456952_1	0.9833785050486263 1K
NA18873 NA20129#2#JAHEPD010000155.1_90039_569275_0$chr1_hg38_103456064_103863972_0	0.9833780043773596 1K
NA18873 NA20129#2#JAHEPD010000155.1_90039_569275_0$chr1_hg19_103998686_104406594_0	0.9833780043773596 1K
NA18873 HG01071#1#JAHBCF010000053.1_26607100_27108065_1$HG03492#1#JAHEPI010000180.1_2103395_2543326_1	0.9833766955762480 1K
NA18873 NA20129#2#JAHEPD010000155.1_90039_569275_0$HG005#2#JAHEPN010000023.1_51542210_51950070_0	0.9833705944930716 1K
NA18873 HG03453#1#JAGYVW010000157.1_2105722_2585000_1$NA19240#1#JAHEOM010000047.1_30103390_30511199_1	0.9833610767071691 1K
NA18873 AV_HG01106#haplotype2#0000932:16673968$17175925$HG02300.verkko_filt_mat.fa:haplotype1_0000028_144052837_144460586_1	0.9833573469143906 1K
NA18873 HG01258#1#JAGYYV010000004.1_56955948_57456952_1$HG00741#2#JAHALX010000013.1_51574319_51981226_0	0.9833560025479580 1K
NA18873 HG01071#1#JAHBCF010000053.1_26607100_27108065_1$HG02818#1#JAHEOS010000101.1_89626_496613_0	0.9833532673221542 1K
NA18873 NA20129#2#JAHEPD010000155.1_90039_569275_0$HG02109#1#JAHEPG010000026.1_16673035_17080816_0	0.9833525809246503 1K
NA18873 NA20129#2#JAHEPD010000155.1_90039_569275_0$HG02886#1#JAHAOU010000178.1_62411_469262_0	0.9833468400629504 1K
NA18873 HG02717#2#JAHAOR010000006.1_19663827_20070693_1$HG04228.verkko_filt_mat.fa:haplotype1_0000023_103429213_103930285_0	0.9833452311145010 1K
NA18873 AV_HG01106#haplotype2#0000932:16673968$17175925$NA19240#2#JAHEOL010000010.1_37445323_37853017_0	0.9833427947648719 1K
NA18873 HG02486#1#JAGYVM010000007.1_28868414_29370339_1$HG02293.verkko_filt_pat.fa:haplotype2_0000836_148310532_148812524_1	0.9833396956999400 1K
NA18873 NA18906#2#JAHEON010000009.1_93748295_94249275_0$HG04228.verkko_filt_mat.fa:haplotype1_0000023_103429213_103930285_0	0.9833388179174530 1K
NA18873 HG00621#1#JAHBCD010000034.1_2122997_2624098_1$NA18906#2#JAHEON010000009.1_93748295_94249275_0	0.9833140538961109 1K
NA18873 HG02071.verkko_filt_mat.fa:haplotype1_0000041_103610513_104018399_0$HG03927.verkko_filt_pat.fa:haplotype2_0000800_29002142_29504057_1	0.9833059111966239 1K
NA18873 HG03453#1#JAGYVW010000157.1_2105722_2585000_1$HG02622#2#JAHAON010000012.1_51551779_52031001_0	0.9833047517214678 1K
NA18873 HG02818#2#JAHEOR010000010.1_31775319_32183091_1$HG00438#1#JAHBCB010000015.1_33474867_33954171_0	0.9832979564649943 1K
NA18873 HG01123#1#JAGYYZ010000015.1_51528240_51935090_0$HG02071.verkko_filt_pat.fa:haplotype2_0000736_102745972_103248026_0	0.9832929882534984 1K
NA18873 HG01123#1#JAGYYZ010000015.1_51528240_51935090_0$HG01109#2#JAHEOZ010000047.1_16671232_17151375_0	0.9832917904407074 1K
NA18873 AV_HG01106#haplotype2#0000932:16673968$17175925$AV_HG01361#haplotype1#0000023:101593539$102001341	0.9832894595955596 1K
NA18873 HG02080#2#JAHEOV010000017.1_16662177_17164189_0$HG00741#2#JAHALX010000013.1_51574319_51981226_0	0.9832880417411346 1K
NA18873 HG00621#1#JAHBCD010000034.1_2122997_2624098_1$HG02486#1#JAGYVM010000007.1_28868414_29370339_1	0.9832834064979225 1K
NA18873 AV_HG02257#haplotype2#0001152:102843493$103251377$HG01258#1#JAGYYV010000004.1_56955948_57456952_1	0.9832817238177346 1K
NA18873 HG00741#2#JAHALX010000013.1_51574319_51981226_0$HG02293.verkko_filt_pat.fa:haplotype2_0000836_148310532_148812524_1	0.9832799043899039 1K
NA18873 HG00621#1#JAHBCD010000034.1_2122997_2624098_1$HG02717#2#JAHAOR010000006.1_19663827_20070693_1	0.9832798474194834 1K
NA18873 HG01109#2#JAHEOZ010000047.1_16671232_17151375_0$HG02717#2#JAHAOR010000006.1_19663827_20070693_1	0.9832782005665230 1K
NA18873 HG00621#2#JAHBCC010000031.1_16669999_17077865_0$HG03927.verkko_filt_pat.fa:haplotype2_0000800_29002142_29504057_1	0.9832768778873094 1K
NA18873 HG03486#1#JAHEOQ010000123.1_16677696_17085575_0$HG01071#1#JAHBCF010000053.1_26607100_27108065_1	0.9832729670408518 1K
NA18873 AV_HG01106#haplotype2#0000932:16673968$17175925$HG03516#1#JAGYYT010000012.1_24170958_24578778_1	0.9832707224284273 1K
NA18873 AV_HG01106#haplotype2#0000932:16673968$17175925$HG01099.verkko_filt_mat.fa:haplotype1_0000034_142513097_142920876_1	0.9832691482584947 1K
NA18873 AV_HG02148#haplotype2#0002863:16304803$16712699$HG03927.verkko_filt_pat.fa:haplotype2_0000800_29002142_29504057_1	0.9832686096671907 1K
NA18873 HG01071#1#JAHBCF010000053.1_26607100_27108065_1$NA18906#1#JAHEOO010000054.1_2103477_2510435_1	0.9832681946836055 1K
NA18873 HG02559#1#JAGYVK010000012.1_51505852_51913611_0$HG00438#1#JAHBCB010000015.1_33474867_33954171_0	0.9832652333203151 1K
NA18873 AV_HG00673#haplotype1#0000019:16627360$17129375$HG00741#2#JAHALX010000013.1_51574319_51981226_0	0.9832598323030732 1K
NA18873 AV_HG00673#haplotype2#0001165:24014011$24421797$HG02622#2#JAHAON010000012.1_51551779_52031001_0	0.9832589717648663 1K
NA18873 HG00621#1#JAHBCD010000034.1_2122997_2624098_1$HG01123#1#JAGYYZ010000015.1_51528240_51935090_0	0.9832543847647242 1K
NA18873 NA20129#2#JAHEPD010000155.1_90039_569275_0$HG02486#2#JAGYVL010000029.1_94163344_94570162_0	0.9832486168422836 1K
NA18873 NA20129#2#JAHEPD010000155.1_90039_569275_0$HG01258#2#JAGYYU010000072.1_51562603_51970395_0	0.9832458082442214 1K
NA18873 HG02622#2#JAHAON010000012.1_51551779_52031001_0$HG02886#1#JAHAOU010000178.1_62411_469262_0	0.9832381081139019 1K
NA18873 HG02080#1#JAHEOW010000048.1_16689583_17097287_0$HG01978#1#JAGYVS010000002.1_51519970_52021951_0	0.9832361466681496 1K
NA18873 HG01978#1#JAGYVS010000002.1_51519970_52021951_0$HG03927.verkko_filt_mat.fa:haplotype1_0000009_134765170_135173010_1	0.9832340788932560 1K
NA18873 HG01258#1#JAGYYV010000004.1_56955948_57456952_1$HG02818#1#JAHEOS010000101.1_89626_496613_0	0.9832299789184548 1K
NA18873 HG03486#2#JAHEOP010000248.1_2105565_2584784_1$HG01099.verkko_filt_mat.fa:haplotype1_0000034_142513097_142920876_1	0.9832261729431152 1K
NA18873 chr1_hg19_103998686_104406594_0$HG02622#2#JAHAON010000012.1_51551779_52031001_0	0.9832255077471019 1K
NA18873 HG02622#2#JAHAON010000012.1_51551779_52031001_0$chr1_hg38_103456064_103863972_0	0.9832255077471019 1K
NA18873 HG01258#1#JAGYYV010000004.1_56955948_57456952_1$HG02622#1#JAHAOO010000002.1_16673678_17080663_0	0.9832237476007910 1K
NA18873 HG01071#1#JAHBCF010000053.1_26607100_27108065_1$HG02622#1#JAHAOO010000002.1_16673678_17080663_0	0.9832220680303407 1K
NA18873 HG02622#2#JAHAON010000012.1_51551779_52031001_0$HG005#2#JAHEPN010000023.1_51542210_51950070_0	0.9832180428405389 1K
NA18873 AV_HG01361#haplotype1#0000023:101593539$102001341$HG03486#2#JAHEOP010000248.1_2105565_2584784_1	0.9832137022720127 1K
NA18873 HG00438#1#JAHBCB010000015.1_33474867_33954171_0$NA19240#1#JAHEOM010000047.1_30103390_30511199_1	0.9832062413810221 1K
NA18873 HG02486#1#JAGYVM010000007.1_28868414_29370339_1$HG02071.verkko_filt_pat.fa:haplotype2_0000736_102745972_103248026_0	0.9832037629730185 1K
NA18873 NA20129#2#JAHEPD010000155.1_90039_569275_0$HG02630#2#JAHAOP010000089.1_16669255_17076135_0	0.9831963252535493 1K
NA18873 HG01123#1#JAGYYZ010000015.1_51528240_51935090_0$HG04228.verkko_filt_mat.fa:haplotype1_0000023_103429213_103930285_0	0.9831934955891443 1K
NA18873 HG01978#1#JAGYVS010000002.1_51519970_52021951_0$NA19240#2#JAHEOL010000010.1_37445323_37853017_0	0.9831851029056096 1K
NA18873 HG02717#1#JAHAOS010000015.1_16660311_17067250_0$HG01071#1#JAHBCF010000053.1_26607100_27108065_1	0.9831818573318218 1K
NA18873 HG01109#1#JAHEPA010000099.1_2104245_2511104_1$HG01109#2#JAHEOZ010000047.1_16671232_17151375_0	0.9831776061743641 1K
NA18873 HG02630#2#JAHAOP010000089.1_16669255_17076135_0$HG02293.verkko_filt_pat.fa:haplotype2_0000836_148310532_148812524_1	0.9831743496975666 1K
NA18873 HG03453#1#JAGYVW010000157.1_2105722_2585000_1$HG01109#2#JAHEOZ010000047.1_16671232_17151375_0	0.9831742976520105 1K
NA18873 HG005#1#JAHEPO010000002.1_51519219_51926067_0$HG02071.verkko_filt_pat.fa:haplotype2_0000736_102745972_103248026_0	0.9831719496083819 1K
NA18873 AV_HG00673#haplotype1#0000019:16627360$17129375$HG02630#2#JAHAOP010000089.1_16669255_17076135_0	0.9831705022803729 1K
NA18873 HG02486#1#JAGYVM010000007.1_28868414_29370339_1$HG04228.verkko_filt_mat.fa:haplotype1_0000023_103429213_103930285_0	0.9831669335054463 1K
NA18873 HG01978#1#JAGYVS010000002.1_51519970_52021951_0$HG02300.verkko_filt_mat.fa:haplotype1_0000028_144052837_144460586_1	0.9831609523400880 1K
NA18873 HG02559#2#JAGYVJ010000037.1_52167780_52574597_1$HG02071.verkko_filt_pat.fa:haplotype2_0000736_102745972_103248026_0	0.9831589662473277 1K
NA18873 NA20129#2#JAHEPD010000155.1_90039_569275_0$HG02004.verkko_filt_mat.fa:haplotype1_0000022_97828542_98235483_0	0.9831530653144014 1K
NA18873 HG02300.verkko_filt_pat.fa:haplotype2_0000620_143362344_143769323_1$HG03927.verkko_filt_pat.fa:haplotype2_0000800_29002142_29504057_1	0.9831516340891285 1K
NA18873 NA20129#2#JAHEPD010000155.1_90039_569275_0$HG01978#2#JAGYVR010000007.1_51532241_51939176_0	0.9831489252959866 1K
NA18873 HG02080#1#JAHEOW010000048.1_16689583_17097287_0$HG02293.verkko_filt_pat.fa:haplotype2_0000836_148310532_148812524_1	0.9831462734111531 1K
NA18873 chr1_hg19_103998686_104406594_0$HG01071#1#JAHBCF010000053.1_26607100_27108065_1	0.9831420817567956 1K
NA18873 HG01071#1#JAHBCF010000053.1_26607100_27108065_1$chr1_hg38_103456064_103863972_0	0.9831420817567956 1K
NA18873 HG03453#2#JAGYVV010000088.1_22597550_23005370_1$HG03927.verkko_filt_pat.fa:haplotype2_0000800_29002142_29504057_1	0.9831420430513433 1K
NA18873 HG01071#1#JAHBCF010000053.1_26607100_27108065_1$HG005#2#JAHEPN010000023.1_51542210_51950070_0	0.9831416973633482 1K
NA18873 NA20129#2#JAHEPD010000155.1_90039_569275_0$HG02300.verkko_filt_pat.fa:haplotype2_0000620_143362344_143769323_1	0.9831382043575371 1K
NA18873 HG03486#2#JAHEOP010000248.1_2105565_2584784_1$HG03927.verkko_filt_mat.fa:haplotype1_0000009_134765170_135173010_1	0.9831354899467158 1K
NA18873 HG02622#2#JAHAON010000012.1_51551779_52031001_0$HG02486#2#JAGYVL010000029.1_94163344_94570162_0	0.9831335954329770 1K
NA18873 HG02630#1#JAHAOQ010000102.1_16672145_17079089_0$HG01109#2#JAHEOZ010000047.1_16671232_17151375_0	0.9831264094665269 1K
NA18873 HG00438#1#JAHBCB010000015.1_33474867_33954171_0$HG03516#2#JAGYYS010000004.1_24452130_24859892_1	0.9831263294450037 1K
NA18873 HG01928#1#JAGYVQ010000053.1_16676493_17083407_0$HG03927.verkko_filt_pat.fa:haplotype2_0000800_29002142_29504057_1	0.9831214946890322 1K
NA18873 HG01928#1#JAGYVQ010000053.1_16676493_17083407_0$NA20129#2#JAHEPD010000155.1_90039_569275_0	0.9831193501204600 1K
NA18873 HG01258#1#JAGYYV010000004.1_56955948_57456952_1$NA18906#1#JAHEOO010000054.1_2103477_2510435_1	0.9831182575120100 1K
NA18873 HG01258#1#JAGYYV010000004.1_56955948_57456952_1$HG002.verkko_filt_mat.fa:haplotype1_0000005_138228497_138636354_1	0.9831170617279454 1K
NA18873 HG00621#1#JAHBCD010000034.1_2122997_2624098_1$HG005#1#JAHEPO010000002.1_51519219_51926067_0	0.9831164979301952 1K
NA18873 HG00621#2#JAHBCC010000031.1_16669999_17077865_0$HG01071#1#JAHBCF010000053.1_26607100_27108065_1	0.9831142252935804 1K
NA18873 HG01109#2#JAHEOZ010000047.1_16671232_17151375_0$HG00741#2#JAHALX010000013.1_51574319_51981226_0	0.9831088212228026 1K
NA18873 HG02717#1#JAHAOS010000015.1_16660311_17067250_0$HG01258#1#JAGYYV010000004.1_56955948_57456952_1	0.9831033641133596 1K
NA18873 HG00438#1#JAHBCB010000015.1_33474867_33954171_0$HG03579#1#JAGYVU010000029.1_91404_499180_0	0.9830969440242150 1K
NA18873 HG01978#1#JAGYVS010000002.1_51519970_52021951_0$HG01099.verkko_filt_mat.fa:haplotype1_0000034_142513097_142920876_1	0.9830948564435625 1K
NA18873 HG00438#1#JAHBCB010000015.1_33474867_33954171_0$HG02109#1#JAHEPG010000026.1_16673035_17080816_0	0.9830947623088141 1K
NA18873 HG03486#2#JAHEOP010000248.1_2105565_2584784_1$NA19240#2#JAHEOL010000010.1_37445323_37853017_0	0.9830867993171678 1K
NA18873 HG02622#2#JAHAON010000012.1_51551779_52031001_0$HG02109#1#JAHEPG010000026.1_16673035_17080816_0	0.9830811432647086 1K
NA18873 HG01978#1#JAGYVS010000002.1_51519970_52021951_0$HG03516#1#JAGYYT010000012.1_24170958_24578778_1	0.9830800186735021 1K
NA18873 HG02080#2#JAHEOV010000017.1_16662177_17164189_0$HG03492#1#JAHEPI010000180.1_2103395_2543326_1	0.9830734964550478 1K
NA18873 AV_HG00673#haplotype1#0000019:16627360$17129375$HG02080#1#JAHEOW010000048.1_16689583_17097287_0	0.9830719261262033 1K
NA18873 HG00621#1#JAHBCD010000034.1_2122997_2624098_1$HG02559#2#JAGYVJ010000037.1_52167780_52574597_1	0.9830715331328373 1K
NA18873 AV_HG01361#haplotype1#0000023:101593539$102001341$HG01978#1#JAGYVS010000002.1_51519970_52021951_0	0.9830709741546210 1K
NA18873 HG02109#1#JAHEPG010000026.1_16673035_17080816_0$HG01109#2#JAHEOZ010000047.1_16671232_17151375_0	0.9830700093914851 1K
NA18873 AV_HG01106#haplotype2#0000932:16673968$17175925$HG01109#1#JAHEPA010000099.1_2104245_2511104_1	0.9830671600541243 1K
NA18873 HG02630#2#JAHAOP010000089.1_16669255_17076135_0$HG02622#2#JAHAON010000012.1_51551779_52031001_0	0.9830622206819689 1K
NA18873 HG02622#2#JAHAON010000012.1_51551779_52031001_0$HG01258#2#JAGYYU010000072.1_51562603_51970395_0	0.9830618616492458 1K
NA18873 NA19240#2#JAHEOL010000010.1_37445323_37853017_0$HG02293.verkko_filt_pat.fa:haplotype2_0000836_148310532_148812524_1	0.9830585616068720 1K
NA18873 AV_HG00673#haplotype1#0000019:16627360$17129375$HG02300.verkko_filt_mat.fa:haplotype1_0000028_144052837_144460586_1	0.9830520561871938 1K
NA18873 HG02145#2#JAHKSF010000206.1_1005292_1413195_1$HG01109#2#JAHEOZ010000047.1_16671232_17151375_0	0.9830510209311412 1K
NA18873 HG01071#1#JAHBCF010000053.1_26607100_27108065_1$HG02071.verkko_filt_mat.fa:haplotype1_0000041_103610513_104018399_0	0.9830497659473089 1K
NA18873 HG005#2#JAHEPN010000023.1_51542210_51950070_0$HG03927.verkko_filt_pat.fa:haplotype2_0000800_29002142_29504057_1	0.9830461078383494 1K
NA18873 HG02630#2#JAHAOP010000089.1_16669255_17076135_0$HG02080#2#JAHEOV010000017.1_16662177_17164189_0	0.9830449616242695 1K
NA18873 HG02300.verkko_filt_mat.fa:haplotype1_0000028_144052837_144460586_1$HG02293.verkko_filt_pat.fa:haplotype2_0000836_148310532_148812524_1	0.9830438671646012 1K
NA18873 HG01978#2#JAGYVR010000007.1_51532241_51939176_0$HG03927.verkko_filt_pat.fa:haplotype2_0000800_29002142_29504057_1	0.9830320423082609 1K
NA18873 HG02622#2#JAHAON010000012.1_51551779_52031001_0$HG02004.verkko_filt_mat.fa:haplotype1_0000022_97828542_98235483_0	0.9830317843814773 1K
NA18873 HG005#1#JAHEPO010000002.1_51519219_51926067_0$HG01109#2#JAHEOZ010000047.1_16671232_17151375_0	0.9830312525726387 1K
NA18873 HG02080#1#JAHEOW010000048.1_16689583_17097287_0$HG04228.verkko_filt_mat.fa:haplotype1_0000023_103429213_103930285_0	0.9830230512456262 1K
NA18873 AV_HG00673#haplotype1#0000019:16627360$17129375$NA19240#2#JAHEOL010000010.1_37445323_37853017_0	0.9830224507153359 1K
NA18873 HG04228.verkko_filt_mat.fa:haplotype1_0000023_103429213_103930285_0$HG02300.verkko_filt_mat.fa:haplotype1_0000028_144052837_144460586_1	0.9830197002668288 1K
NA18873 AV_HG00673#haplotype1#0000019:16627360$17129375$HG03492#1#JAHEPI010000180.1_2103395_2543326_1	0.9830190519381228 1K
NA18873 HG02622#2#JAHAON010000012.1_51551779_52031001_0$HG01978#2#JAGYVR010000007.1_51532241_51939176_0	0.9830151608139558 1K
NA18873 HG03492#1#JAHEPI010000180.1_2103395_2543326_1$HG02293.verkko_filt_pat.fa:haplotype2_0000836_148310532_148812524_1	0.9830148205031415 1K
NA18873 HG03486#1#JAHEOQ010000123.1_16677696_17085575_0$HG01258#1#JAGYYV010000004.1_56955948_57456952_1	0.9830117934918202 1K
NA18873 HG02080#1#JAHEOW010000048.1_16689583_17097287_0$HG02080#2#JAHEOV010000017.1_16662177_17164189_0	0.9830073559383550 1K
NA18873 AV_HG00673#haplotype1#0000019:16627360$17129375$HG03927.verkko_filt_mat.fa:haplotype1_0000009_134765170_135173010_1	0.9830028496126416 1K
NA18873 HG01109#2#JAHEOZ010000047.1_16671232_17151375_0$HG02818#1#JAHEOS010000101.1_89626_496613_0	0.9830018553358953 1K
NA18873 HG02559#2#JAGYVJ010000037.1_52167780_52574597_1$HG04228.verkko_filt_mat.fa:haplotype1_0000023_103429213_103930285_0	0.9829989640355264 1K
NA18873 HG02559#2#JAGYVJ010000037.1_52167780_52574597_1$HG01109#2#JAHEOZ010000047.1_16671232_17151375_0	0.9829946832642397 1K
NA18873 HG02004.verkko_filt_mat.fa:haplotype1_0000022_97828542_98235483_0$HG03927.verkko_filt_pat.fa:haplotype2_0000800_29002142_29504057_1	0.9829931122376838 1K
NA18873 HG01928#1#JAGYVQ010000053.1_16676493_17083407_0$HG02622#2#JAHAON010000012.1_51551779_52031001_0	0.9829917917719582 1K
NA18873 HG03927.verkko_filt_mat.fa:haplotype1_0000009_134765170_135173010_1$HG02293.verkko_filt_pat.fa:haplotype2_0000836_148310532_148812524_1	0.9829902050026785 1K
NA18873 HG02080#2#JAHEOV010000017.1_16662177_17164189_0$HG02300.verkko_filt_mat.fa:haplotype1_0000028_144052837_144460586_1	0.9829874770020727 1K
NA18873 HG02080#1#JAHEOW010000048.1_16689583_17097287_0$HG00621#1#JAHBCD010000034.1_2122997_2624098_1	0.9829860724933412 1K
NA18873 HG02622#2#JAHAON010000012.1_51551779_52031001_0$HG02300.verkko_filt_pat.fa:haplotype2_0000620_143362344_143769323_1	0.9829856603199768 1K
NA18873 HG00621#1#JAHBCD010000034.1_2122997_2624098_1$HG03927.verkko_filt_mat.fa:haplotype1_0000009_134765170_135173010_1	0.9829823169452290 1K
NA18873 AV_HG01361#haplotype1#0000023:101593539$102001341$HG04228.verkko_filt_mat.fa:haplotype1_0000023_103429213_103930285_0	0.9829798188991553 1K
NA18873 chr1_hg38_103456064_103863972_0$HG03927.verkko_filt_pat.fa:haplotype2_0000800_29002142_29504057_1	0.9829750018244938 1K
NA18873 chr1_hg19_103998686_104406594_0$HG03927.verkko_filt_pat.fa:haplotype2_0000800_29002142_29504057_1	0.9829750018244938 1K
NA18873 HG01258#1#JAGYYV010000004.1_56955948_57456952_1$HG005#2#JAHEPN010000023.1_51542210_51950070_0	0.9829738154372287 1K
NA18873 NA18906#1#JAHEOO010000054.1_2103477_2510435_1$HG01109#2#JAHEOZ010000047.1_16671232_17151375_0	0.9829729623145802 1K
NA18873 HG00438#1#JAHBCB010000015.1_33474867_33954171_0$HG02486#2#JAGYVL010000029.1_94163344_94570162_0	0.9829722721681090 1K
NA18873 HG01099.verkko_filt_mat.fa:haplotype1_0000034_142513097_142920876_1$HG02293.verkko_filt_pat.fa:haplotype2_0000836_148310532_148812524_1	0.9829671001530957 1K
NA18873 HG02080#2#JAHEOV010000017.1_16662177_17164189_0$HG03927.verkko_filt_mat.fa:haplotype1_0000009_134765170_135173010_1	0.9829595803768800 1K
NA18873 HG005#1#JAHEPO010000002.1_51519219_51926067_0$HG04228.verkko_filt_mat.fa:haplotype1_0000023_103429213_103930285_0	0.9829573761585839 1K
NA18873 AV_HG00673#haplotype1#0000019:16627360$17129375$HG01099.verkko_filt_mat.fa:haplotype1_0000034_142513097_142920876_1	0.9829531918411193 1K
NA18873 HG02630#2#JAHAOP010000089.1_16669255_17076135_0$HG02071.verkko_filt_pat.fa:haplotype2_0000736_102745972_103248026_0	0.9829489564892431 1K
NA18873 HG01109#1#JAHEPA010000099.1_2104245_2511104_1$NA20129#2#JAHEPD010000155.1_90039_569275_0	0.9829477483389335 1K
NA18873 chr1_hg38_103456064_103863972_0$HG01258#1#JAGYYV010000004.1_56955948_57456952_1	0.9829471898178600 1K
NA18873 chr1_hg19_103998686_104406594_0$HG01258#1#JAGYYV010000004.1_56955948_57456952_1	0.9829471898178600 1K
NA18873 HG01071#1#JAHBCF010000053.1_26607100_27108065_1$HG03453#2#JAGYVV010000088.1_22597550_23005370_1	0.9829469546960466 1K
NA18873 HG04228.verkko_filt_mat.fa:haplotype1_0000023_103429213_103930285_0$HG01099.verkko_filt_mat.fa:haplotype1_0000034_142513097_142920876_1	0.9829374505883789 1K
NA18873 AV_HG01106#haplotype1#0000048:16666181$17262214$HG02559#1#JAGYVK010000012.1_51505852_51913611_0	0.9829364238371060 1K
NA18873 HG00621#1#JAHBCD010000034.1_2122997_2624098_1$NA19240#2#JAHEOL010000010.1_37445323_37853017_0	0.9829309196907854 1K
NA18873 HG01071#1#JAHBCF010000053.1_26607100_27108065_1$HG01978#2#JAGYVR010000007.1_51532241_51939176_0	0.9829299322833562 1K
NA18873 AV_HG02257#haplotype2#0001152:102843493$103251377$HG01109#2#JAHEOZ010000047.1_16671232_17151375_0	0.9829275871668386 1K
NA18873 HG02080#2#JAHEOV010000017.1_16662177_17164189_0$NA19240#2#JAHEOL010000010.1_37445323_37853017_0	0.9829246460876955 1K
NA18873 AV_HG01361#haplotype1#0000023:101593539$102001341$HG02293.verkko_filt_pat.fa:haplotype2_0000836_148310532_148812524_1	0.9829104689125371 1K
NA18873 HG00621#1#JAHBCD010000034.1_2122997_2624098_1$HG00741#2#JAHALX010000013.1_51574319_51981226_0	0.9829103016016771 1K
NA18873 HG02630#2#JAHAOP010000089.1_16669255_17076135_0$HG04228.verkko_filt_mat.fa:haplotype1_0000023_103429213_103930285_0	0.9829042429485330 1K
NA18873 HG00621#1#JAHBCD010000034.1_2122997_2624098_1$HG02300.verkko_filt_mat.fa:haplotype1_0000028_144052837_144460586_1	0.9829000812262668 1K
NA18873 HG02080#1#JAHEOW010000048.1_16689583_17097287_0$HG02071.verkko_filt_pat.fa:haplotype2_0000736_102745972_103248026_0	0.9828916788402924 1K
NA18873 HG04228.verkko_filt_mat.fa:haplotype1_0000023_103429213_103930285_0$HG03927.verkko_filt_mat.fa:haplotype1_0000009_134765170_135173010_1	0.9828896420943113 1K
NA18873 HG00621#1#JAHBCD010000034.1_2122997_2624098_1$HG03492#1#JAHEPI010000180.1_2103395_2543326_1	0.9828891569093740 1K
NA18873 HG00438#1#JAHBCB010000015.1_33474867_33954171_0$HG02809.verkko_filt_pat.fa:haplotype2_0001251_103421111_103827972_0	0.9828885824928631 1K
NA18873 HG02080#2#JAHEOV010000017.1_16662177_17164189_0$HG01099.verkko_filt_mat.fa:haplotype1_0000034_142513097_142920876_1	0.9828885475206399 1K
NA18873 HG01109#1#JAHEPA010000099.1_2104245_2511104_1$HG01978#1#JAGYVS010000002.1_51519970_52021951_0	0.9828874912741509 1K
NA18873 HG02622#1#JAHAOO010000002.1_16673678_17080663_0$HG01109#2#JAHEOZ010000047.1_16671232_17151375_0	0.9828865742603149 1K
NA18873 AV_HG01361#haplotype1#0000023:101593539$102001341$HG00621#1#JAHBCD010000034.1_2122997_2624098_1	0.9828821247959675 1K
NA18873 NA19240#2#JAHEOL010000010.1_37445323_37853017_0$HG04228.verkko_filt_mat.fa:haplotype1_0000023_103429213_103930285_0	0.9828806918085682 1K
NA18873 HG01109#2#JAHEOZ010000047.1_16671232_17151375_0$HG02809.verkko_filt_pat.fa:haplotype2_0001251_103421111_103827972_0	0.9828761428015265 1K
NA18873 NA20129#2#JAHEPD010000155.1_90039_569275_0$chr1_chm13_103304997_103901127_0	0.9828757852753462 1K
NA18873 AV_HG00673#haplotype1#0000019:16627360$17129375$AV_HG01361#haplotype1#0000023:101593539$102001341	0.9828744757021113 1K
NA18873 AV_HG01106#haplotype1#0000048:16666181$17262214$HG02818#2#JAHEOR010000010.1_31775319_32183091_1	0.9828693118653383 1K
NA18873 HG02622#2#JAHAON010000012.1_51551779_52031001_0$chr1_chm13_103304997_103901127_0	0.9828688909198517 1K
NA18873 HG02145#2#JAHKSF010000206.1_1005292_1413195_1$NA20129#2#JAHEPD010000155.1_90039_569275_0	0.9828658159787861 1K
NA18873 AV_HG01175#haplotype1#0000070:46006269$46414083$HG01071#1#JAHBCF010000053.1_26607100_27108065_1	0.9828572699631185 1K
NA18873 HG01071#1#JAHBCF010000053.1_26607100_27108065_1$HG02004.verkko_filt_mat.fa:haplotype1_0000022_97828542_98235483_0	0.9828527882481529 1K
NA18873 HG02080#1#JAHEOW010000048.1_16689583_17097287_0$HG03453#1#JAGYVW010000157.1_2105722_2585000_1	0.9828480821537794 1K
NA18873 HG00621#1#JAHBCD010000034.1_2122997_2624098_1$HG01099.verkko_filt_mat.fa:haplotype1_0000034_142513097_142920876_1	0.9828452443351283 1K
NA18873 AV_HG01175#haplotype1#0000070:46006269$46414083$HG01258#1#JAGYYV010000004.1_56955948_57456952_1	0.9828430853358174 1K
NA18873 HG03453#1#JAGYVW010000157.1_2105722_2585000_1$HG01099.verkko_filt_mat.fa:haplotype1_0000034_142513097_142920876_1	0.9828379738034063 1K
NA18873 HG00741#2#JAHALX010000013.1_51574319_51981226_0$HG02071.verkko_filt_pat.fa:haplotype2_0000736_102745972_103248026_0	0.9828352904396203 1K
NA18873 AV_HG01106#haplotype1#0000048:16666181$17262214$HG03516#2#JAGYYS010000004.1_24452130_24859892_1	0.9828297425860255 1K
NA18873 HG00438#1#JAHBCB010000015.1_33474867_33954171_0$HG02886#1#JAHAOU010000178.1_62411_469262_0	0.9828261558088023 1K
NA18873 NA20129#2#JAHEPD010000155.1_90039_569275_0$HG00741#2#JAHALX010000013.1_51574319_51981226_0	0.9828228848863383 1K
NA18873 AV_HG01106#haplotype1#0000048:16666181$17262214$HG03579#1#JAGYVU010000029.1_91404_499180_0	0.9828224399616245 1K
NA18873 AV_HG02148#haplotype2#0002863:16304803$16712699$HG01071#1#JAHBCF010000053.1_26607100_27108065_1	0.9828207153179374 1K
NA18873 HG01258#1#JAGYYV010000004.1_56955948_57456952_1$HG02071.verkko_filt_mat.fa:haplotype1_0000041_103610513_104018399_0	0.9828105866890924 1K
NA18873 HG03486#2#JAHEOP010000248.1_2105565_2584784_1$HG03516#1#JAGYYT010000012.1_24170958_24578778_1	0.9828083719268093 1K
NA18873 NA20129#2#JAHEPD010000155.1_90039_569275_0$HG01123#1#JAGYYZ010000015.1_51528240_51935090_0	0.9828064832370681 1K
NA18873 AV_HG01106#haplotype1#0000048:16666181$17262214$NA19240#1#JAHEOM010000047.1_30103390_30511199_1	0.9828031371816817 1K
NA18873 HG02717#1#JAHAOS010000015.1_16660311_17067250_0$HG01109#2#JAHEOZ010000047.1_16671232_17151375_0	0.9828016072673115 1K
NA18873 HG02080#1#JAHEOW010000048.1_16689583_17097287_0$HG03927.verkko_filt_pat.fa:haplotype2_0000800_29002142_29504057_1	0.9827945828984174 1K
NA18873 HG01258#1#JAGYYV010000004.1_56955948_57456952_1$HG01978#2#JAGYVR010000007.1_51532241_51939176_0	0.9827895308505511 1K
NA18873 NA20129#2#JAHEPD010000155.1_90039_569275_0$HG02622#2#JAHAON010000012.1_51551779_52031001_0	0.9827888466482436 1K
NA18873 NA20129#2#JAHEPD010000155.1_90039_569275_0$HG02717#2#JAHAOR010000006.1_19663827_20070693_1	0.9827866963122587 1K
NA18873 HG02300.verkko_filt_mat.fa:haplotype1_0000028_144052837_144460586_1$HG02071.verkko_filt_pat.fa:haplotype2_0000736_102745972_103248026_0	0.9827838871449347 1K
NA18873 AV_HG01361#haplotype1#0000023:101593539$102001341$HG02080#2#JAHEOV010000017.1_16662177_17164189_0	0.9827822339616720 1K
NA18873 HG01928#1#JAGYVQ010000053.1_16676493_17083407_0$HG01071#1#JAHBCF010000053.1_26607100_27108065_1	0.9827781253539108 1K
NA18873 NA19240#2#JAHEOL010000010.1_37445323_37853017_0$HG02071.verkko_filt_pat.fa:haplotype2_0000736_102745972_103248026_0	0.9827771315444368 1K
NA18873 HG03453#2#JAGYVV010000088.1_22597550_23005370_1$HG01258#1#JAGYYV010000004.1_56955948_57456952_1	0.9827729677017383 1K
NA18873 HG00741#2#JAHALX010000013.1_51574319_51981226_0$HG04228.verkko_filt_mat.fa:haplotype1_0000023_103429213_103930285_0	0.9827686919198364 1K
NA18873 HG03453#1#JAGYVW010000157.1_2105722_2585000_1$HG02300.verkko_filt_mat.fa:haplotype1_0000028_144052837_144460586_1	0.9827639646874350 1K
NA18873 HG01109#1#JAHEPA010000099.1_2104245_2511104_1$HG02622#2#JAHAON010000012.1_51551779_52031001_0	0.9827575107954539 1K
NA18873 AV_HG01361#haplotype1#0000023:101593539$102001341$HG03453#1#JAGYVW010000157.1_2105722_2585000_1	0.9827569877303139 1K
NA18873 HG00621#1#JAHBCD010000034.1_2122997_2624098_1$HG02630#2#JAHAOP010000089.1_16669255_17076135_0	0.9827553822390801 1K
NA18873 HG00621#2#JAHBCC010000031.1_16669999_17077865_0$HG01258#1#JAGYYV010000004.1_56955948_57456952_1	0.9827540552162785 1K
NA18873 HG03516#1#JAGYYT010000012.1_24170958_24578778_1$HG02293.verkko_filt_pat.fa:haplotype2_0000836_148310532_148812524_1	0.9827375017543865 1K
NA18873 HG03927.verkko_filt_mat.fa:haplotype1_0000009_134765170_135173010_1$HG02071.verkko_filt_pat.fa:haplotype2_0000736_102745972_103248026_0	0.9827373417887920 1K
NA18873 AV_HG02257#haplotype2#0001152:102843493$103251377$NA20129#2#JAHEPD010000155.1_90039_569275_0	0.9827360054297359 1K
NA18873 AV_HG00673#haplotype1#0000019:16627360$17129375$HG03516#1#JAGYYT010000012.1_24170958_24578778_1	0.9827336210075043 1K
NA18873 AV_HG01361#haplotype1#0000023:101593539$102001341$HG01109#2#JAHEOZ010000047.1_16671232_17151375_0	0.9827300823044155 1K
NA18873 HG01928#1#JAGYVQ010000053.1_16676493_17083407_0$HG01258#1#JAGYYV010000004.1_56955948_57456952_1	0.9827140219685787 1K
NA18873 NA18906#2#JAHEON010000009.1_93748295_94249275_0$HG01358#1#JAGYZB010000020.1_27445742_27855492_1	0.9827132406616714 1K
NA18873 HG01099.verkko_filt_mat.fa:haplotype1_0000034_142513097_142920876_1$HG02071.verkko_filt_pat.fa:haplotype2_0000736_102745972_103248026_0	0.9827127168965989 1K
NA18873 HG01258#1#JAGYYV010000004.1_56955948_57456952_1$HG02004.verkko_filt_mat.fa:haplotype1_0000022_97828542_98235483_0	0.9827118895281295 1K
NA18873 HG02559#2#JAGYVJ010000037.1_52167780_52574597_1$NA20129#2#JAHEPD010000155.1_90039_569275_0	0.9827027698623068 1K
NA18873 AV_HG01106#haplotype2#0000932:16673968$17175925$HG02630#1#JAHAOQ010000102.1_16672145_17079089_0	0.9827009011566291 1K
NA18873 HG01109#2#JAHEOZ010000047.1_16671232_17151375_0$HG01099.verkko_filt_mat.fa:haplotype1_0000034_142513097_142920876_1	0.9826925152405979 1K
NA18873 HG02080#2#JAHEOV010000017.1_16662177_17164189_0$HG03516#1#JAGYYT010000012.1_24170958_24578778_1	0.9826902695968167 1K
NA18873 HG02145#2#JAHKSF010000206.1_1005292_1413195_1$HG02622#2#JAHAON010000012.1_51551779_52031001_0	0.9826755454417236 1K
NA18873 HG03492#1#JAHEPI010000180.1_2103395_2543326_1$HG02071.verkko_filt_pat.fa:haplotype2_0000736_102745972_103248026_0	0.9826709003012386 1K
NA18873 AV_HG01106#haplotype2#0000932:16673968$17175925$HG02145#2#JAHKSF010000206.1_1005292_1413195_1	0.9826691698952846 1K
NA18873 HG01109#2#JAHEOZ010000047.1_16671232_17151375_0$HG02300.verkko_filt_mat.fa:haplotype1_0000028_144052837_144460586_1	0.9826684055676118 1K
NA18873 AV_HG01106#haplotype1#0000048:16666181$17262214$NA20129#2#JAHEPD010000155.1_90039_569275_0	0.9826676772400250 1K
NA18873 AV_HG00673#haplotype2#0001165:24014011$24421797$AV_HG01106#haplotype2#0000932:16673968$17175925	0.9826675114015753 1K
NA18873 HG01358#1#JAGYZB010000020.1_27445742_27855492_1$HG03927.verkko_filt_pat.fa:haplotype2_0000800_29002142_29504057_1	0.9826639976682525 1K
NA18873 AV_HG01106#haplotype1#0000048:16666181$17262214$HG02622#2#JAHAON010000012.1_51551779_52031001_0	0.9826608390015298 1K
NA18873 HG01071#1#JAHBCF010000053.1_26607100_27108065_1$HG02300.verkko_filt_pat.fa:haplotype2_0000620_143362344_143769323_1	0.9826590645606872 1K
NA18873 HG00621#1#JAHBCD010000034.1_2122997_2624098_1$HG03516#1#JAGYYT010000012.1_24170958_24578778_1	0.9826581643511426 1K
NA18873 HG005#1#JAHEPO010000002.1_51519219_51926067_0$NA20129#2#JAHEPD010000155.1_90039_569275_0	0.9826581165443042 1K
NA18873 NA20129#2#JAHEPD010000155.1_90039_569275_0$HG02622#1#JAHAOO010000002.1_16673678_17080663_0	0.9826506774118396 1K
NA18873 HG02622#2#JAHAON010000012.1_51551779_52031001_0$HG01123#1#JAGYYZ010000015.1_51528240_51935090_0	0.9826411664201032 1K
NA18873 HG01109#2#JAHEOZ010000047.1_16671232_17151375_0$HG03927.verkko_filt_mat.fa:haplotype1_0000009_134765170_135173010_1	0.9826410795745283 1K
NA18873 AV_HG01361#haplotype1#0000023:101593539$102001341$HG03927.verkko_filt_pat.fa:haplotype2_0000800_29002142_29504057_1	0.9826364339955804 1K
NA18873 HG02300.verkko_filt_mat.fa:haplotype1_0000028_144052837_144460586_1$HG03927.verkko_filt_pat.fa:haplotype2_0000800_29002142_29504057_1	0.9826321821129353 1K
NA18873 HG02630#2#JAHAOP010000089.1_16669255_17076135_0$HG00438#1#JAHBCB010000015.1_33474867_33954171_0	0.9826262136691737 1K
NA18873 HG02559#2#JAGYVJ010000037.1_52167780_52574597_1$HG00438#1#JAHBCB010000015.1_33474867_33954171_0	0.9826260464549331 1K
NA18873 HG03492#1#JAHEPI010000180.1_2103395_2543326_1$HG04228.verkko_filt_mat.fa:haplotype1_0000023_103429213_103930285_0	0.9826247109755085 1K
NA18873 AV_HG01106#haplotype2#0000932:16673968$17175925$HG02818#1#JAHEOS010000101.1_89626_496613_0	0.9826232737207975 1K
NA18873 HG02622#2#JAHAON010000012.1_51551779_52031001_0$HG00741#2#JAHALX010000013.1_51574319_51981226_0	0.9826139385688778 1K
NA18873 AV_HG01361#haplotype1#0000023:101593539$102001341$HG02071.verkko_filt_pat.fa:haplotype2_0000736_102745972_103248026_0	0.9826122549883453 1K
NA18873 HG03486#2#JAHEOP010000248.1_2105565_2584784_1$HG02486#2#JAGYVL010000029.1_94163344_94570162_0	0.9826115858481764 1K
NA18873 AV_HG01106#haplotype1#0000048:16666181$17262214$HG02109#1#JAHEPG010000026.1_16673035_17080816_0	0.9826007296241597 1K
NA18873 HG01099.verkko_filt_mat.fa:haplotype1_0000034_142513097_142920876_1$HG03927.verkko_filt_pat.fa:haplotype2_0000800_29002142_29504057_1	0.9825995742061779 1K
NA18873 HG03516#1#JAGYYT010000012.1_24170958_24578778_1$HG04228.verkko_filt_mat.fa:haplotype1_0000023_103429213_103930285_0	0.9825986495633526 1K
NA18873 AV_HG01106#haplotype2#0000932:16673968$17175925$HG03927.verkko_filt_pat.fa:haplotype2_0000800_29002142_29504057_1	0.9825965507879313 1K
NA18873 AV_HG01175#haplotype1#0000070:46006269$46414083$HG03486#2#JAHEOP010000248.1_2105565_2584784_1	0.9825920016544973 1K
NA18873 HG02886#1#JAHAOU010000178.1_62411_469262_0$HG03486#2#JAHEOP010000248.1_2105565_2584784_1	0.9825911822300383 1K
NA18873 HG03453#1#JAGYVW010000157.1_2105722_2585000_1$HG03927.verkko_filt_mat.fa:haplotype1_0000009_134765170_135173010_1	0.9825890241823517 1K
NA18873 AV_HG01106#haplotype1#0000048:16666181$17262214$HG01109#2#JAHEOZ010000047.1_16671232_17151375_0	0.9825832461952271 1K
NA18873 AV_HG00673#haplotype2#0001165:24014011$24421797$HG03486#2#JAHEOP010000248.1_2105565_2584784_1	0.9825792915286475 1K
NA18873 HG02486#1#JAGYVM010000007.1_28868414_29370339_1$HG01358#1#JAGYZB010000020.1_27445742_27855492_1	0.9825786679992854 1K
NA18873 NA20129#2#JAHEPD010000155.1_90039_569275_0$HG02818#1#JAHEOS010000101.1_89626_496613_0	0.9825786662859496 1K
NA18873 AV_HG01106#haplotype2#0000932:16673968$17175925$HG02622#1#JAHAOO010000002.1_16673678_17080663_0	0.9825721206435556 1K
NA18873 HG02622#2#JAHAON010000012.1_51551779_52031001_0$HG02717#2#JAHAOR010000006.1_19663827_20070693_1	0.9825652513029673 1K
NA18873 HG01978#1#JAGYVS010000002.1_51519970_52021951_0$HG03927.verkko_filt_pat.fa:haplotype2_0000800_29002142_29504057_1	0.9825546687928866 1K
NA18873 AV_HG02257#haplotype2#0001152:102843493$103251377$HG02622#2#JAHAON010000012.1_51551779_52031001_0	0.9825519750861197 1K
NA18873 AV_HG02148#haplotype2#0002863:16304803$16712699$HG01258#1#JAGYYV010000004.1_56955948_57456952_1	0.9825480146657989 1K
NA18873 NA20129#2#JAHEPD010000155.1_90039_569275_0$HG02809.verkko_filt_pat.fa:haplotype2_0001251_103421111_103827972_0	0.9825404037613658 1K
NA18873 HG02080#1#JAHEOW010000048.1_16689583_17097287_0$HG01109#2#JAHEOZ010000047.1_16671232_17151375_0	0.9825402451429146 1K
NA18873 HG02559#1#JAGYVK010000012.1_51505852_51913611_0$chr1_chm13_103304997_103901127_0	0.9825355783910218 1K
NA18873 HG02630#1#JAHAOQ010000102.1_16672145_17079089_0$NA20129#2#JAHEPD010000155.1_90039_569275_0	0.9825212826816099 1K
NA18873 HG02630#1#JAHAOQ010000102.1_16672145_17079089_0$HG01978#1#JAGYVS010000002.1_51519970_52021951_0	0.9825209754983997 1K
NA18873 AV_HG00673#haplotype2#0001165:24014011$24421797$HG01978#1#JAGYVS010000002.1_51519970_52021951_0	0.9825207557603456 1K
NA18873 HG01109#1#JAHEPA010000099.1_2104245_2511104_1$HG01258#1#JAGYYV010000004.1_56955948_57456952_1	0.9825198800894271 1K
NA18873 HG02145#2#JAHKSF010000206.1_1005292_1413195_1$HG01978#1#JAGYVS010000002.1_51519970_52021951_0	0.9825113754783984 1K
NA18873 NA19240#2#JAHEOL010000010.1_37445323_37853017_0$HG03927.verkko_filt_pat.fa:haplotype2_0000800_29002142_29504057_1	0.9825004560529860 1K
NA18873 AV_HG00673#haplotype2#0001165:24014011$24421797$HG03453#1#JAGYVW010000157.1_2105722_2585000_1	0.9824977613098271 1K
NA18873 HG03486#2#JAHEOP010000248.1_2105565_2584784_1$HG002.verkko_filt_mat.fa:haplotype1_0000005_138228497_138636354_1	0.9824964247159155 1K
NA18873 AV_HG00673#haplotype1#0000019:16627360$17129375$HG01109#1#JAHEPA010000099.1_2104245_2511104_1	0.9824939816258087 1K
NA18873 chr1_chm13_103304997_103901127_0$HG02486#2#JAGYVL010000029.1_94163344_94570162_0	0.9824930466563661 1K
NA18873 HG02818#2#JAHEOR010000010.1_31775319_32183091_1$chr1_chm13_103304997_103901127_0	0.9824888428390118 1K
NA18873 HG01109#1#JAHEPA010000099.1_2104245_2511104_1$HG02080#2#JAHEOV010000017.1_16662177_17164189_0	0.9824886111930985 1K
NA18873 HG01109#1#JAHEPA010000099.1_2104245_2511104_1$HG01071#1#JAHBCF010000053.1_26607100_27108065_1	0.9824885255214526 1K
NA18873 chr1_chm13_103304997_103901127_0$HG03579#1#JAGYVU010000029.1_91404_499180_0	0.9824800581412324 1K
NA18873 HG02109#1#JAHEPG010000026.1_16673035_17080816_0$chr1_chm13_103304997_103901127_0	0.9824765169320568 1K
NA18873 HG03516#2#JAGYYS010000004.1_24452130_24859892_1$chr1_chm13_103304997_103901127_0	0.9824677159393752 1K
NA18873 HG01109#1#JAHEPA010000099.1_2104245_2511104_1$HG02293.verkko_filt_pat.fa:haplotype2_0000836_148310532_148812524_1	0.9824655076623794 1K
NA18873 HG02145#2#JAHKSF010000206.1_1005292_1413195_1$HG00438#1#JAHBCB010000015.1_33474867_33954171_0	0.9824639702788066 1K
NA18873 HG03486#2#JAHEOP010000248.1_2105565_2584784_1$HG02071.verkko_filt_mat.fa:haplotype1_0000041_103610513_104018399_0	0.9824638475945396 1K
NA18873 HG03486#1#JAHEOQ010000123.1_16677696_17085575_0$HG03486#2#JAHEOP010000248.1_2105565_2584784_1	0.9824616744925178 1K
NA18873 HG03453#1#JAGYVW010000157.1_2105722_2585000_1$NA19240#2#JAHEOL010000010.1_37445323_37853017_0	0.9824570348228474 1K
NA18873 HG01978#1#JAGYVS010000002.1_51519970_52021951_0$HG02818#1#JAHEOS010000101.1_89626_496613_0	0.9824544418697179 1K
NA18873 HG02622#2#JAHAON010000012.1_51551779_52031001_0$HG02622#1#JAHAOO010000002.1_16673678_17080663_0	0.9824541338806659 1K
NA18873 AV_HG01106#haplotype1#0000048:16666181$17262214$HG03492#1#JAHEPI010000180.1_2103395_2543326_1	0.9824521981498668 1K
NA18873 HG02559#2#JAGYVJ010000037.1_52167780_52574597_1$HG02622#2#JAHAON010000012.1_51551779_52031001_0	0.9824499827876649 1K
NA18873 HG005#1#JAHEPO010000002.1_51519219_51926067_0$HG02622#2#JAHAON010000012.1_51551779_52031001_0	0.9824428920882375 1K
NA18873 AV_HG01106#haplotype2#0000932:16673968$17175925$NA18906#1#JAHEOO010000054.1_2103477_2510435_1	0.9824403672905253 1K
NA18873 HG01978#1#JAGYVS010000002.1_51519970_52021951_0$HG02622#1#JAHAOO010000002.1_16673678_17080663_0	0.9824308506391062 1K
NA18873 AV_HG01106#haplotype2#0000932:16673968$17175925$AV_HG02257#haplotype2#0001152:102843493$103251377	0.9824269526318929 1K
NA18873 HG03516#1#JAGYYT010000012.1_24170958_24578778_1$HG03927.verkko_filt_pat.fa:haplotype2_0000800_29002142_29504057_1	0.9824234052068944 1K
NA18873 HG03453#1#JAGYVW010000157.1_2105722_2585000_1$HG002.verkko_filt_mat.fa:haplotype1_0000005_138228497_138636354_1	0.9824209667124484 1K
NA18873 HG03453#1#JAGYVW010000157.1_2105722_2585000_1$chr1_hg38_103456064_103863972_0	0.9824185499290780 1K
NA18873 HG03453#1#JAGYVW010000157.1_2105722_2585000_1$chr1_hg19_103998686_104406594_0	0.9824185499290780 1K
NA18873 chr1_chm13_103304997_103901127_0$HG02809.verkko_filt_pat.fa:haplotype2_0001251_103421111_103827972_0	0.9824160122086810 1K
NA18873 AV_HG02257#haplotype2#0001152:102843493$103251377$HG00438#1#JAHBCB010000015.1_33474867_33954171_0	0.9824155616333966 1K
NA18873 NA19240#1#JAHEOM010000047.1_30103390_30511199_1$chr1_chm13_103304997_103901127_0	0.9824148220584824 1K
NA18873 HG03516#1#JAGYYT010000012.1_24170958_24578778_1$HG02071.verkko_filt_pat.fa:haplotype2_0000736_102745972_103248026_0	0.9824081392205769 1K
NA18873 NA20129#2#JAHEPD010000155.1_90039_569275_0$NA18906#1#JAHEOO010000054.1_2103477_2510435_1	0.9824053512012284 1K
NA18873 HG00621#2#JAHBCC010000031.1_16669999_17077865_0$HG03486#2#JAHEOP010000248.1_2105565_2584784_1	0.9823956895752148 1K
NA18873 HG02622#2#JAHAON010000012.1_51551779_52031001_0$HG02818#1#JAHEOS010000101.1_89626_496613_0	0.9823946030938983 1K
NA18873 AV_HG01106#haplotype2#0000932:16673968$17175925$HG02717#1#JAHAOS010000015.1_16660311_17067250_0	0.9823922085626181 1K
NA18873 HG01109#2#JAHEOZ010000047.1_16671232_17151375_0$HG03516#1#JAGYYT010000012.1_24170958_24578778_1	0.9823823931912934 1K
NA18873 HG02886#1#JAHAOU010000178.1_62411_469262_0$chr1_chm13_103304997_103901127_0	0.9823816815574327 1K
NA18873 AV_HG00673#haplotype2#0001165:24014011$24421797$HG04228.verkko_filt_mat.fa:haplotype1_0000023_103429213_103930285_0	0.9823769131348089 1K
NA18873 HG03492#1#JAHEPI010000180.1_2103395_2543326_1$chr1_chm13_103304997_103901127_0	0.9823735801090464 1K
NA18873 HG01258#2#JAGYYU010000072.1_51562603_51970395_0$chr1_chm13_103304997_103901127_0	0.9823657608621458 1K
NA18873 HG03453#1#JAGYVW010000157.1_2105722_2585000_1$HG03486#2#JAHEOP010000248.1_2105565_2584784_1	0.9823562167394139 1K
NA18873 HG01109#2#JAHEOZ010000047.1_16671232_17151375_0$NA19240#2#JAHEOL010000010.1_37445323_37853017_0	0.9823544280770177 1K
NA18873 HG03453#1#JAGYVW010000157.1_2105722_2585000_1$HG005#2#JAHEPN010000023.1_51542210_51950070_0	0.9823514380599726 1K
NA18873 HG02630#1#JAHAOQ010000102.1_16672145_17079089_0$HG02293.verkko_filt_pat.fa:haplotype2_0000836_148310532_148812524_1	0.9823489840324243 1K
NA18873 HG02717#1#JAHAOS010000015.1_16660311_17067250_0$NA20129#2#JAHEPD010000155.1_90039_569275_0	0.9823469103464604 1K
NA18873 HG01258#1#JAGYYV010000004.1_56955948_57456952_1$HG02300.verkko_filt_pat.fa:haplotype2_0000620_143362344_143769323_1	0.9823426223927849 1K
NA18873 AV_HG01106#haplotype2#0000932:16673968$17175925$HG01358#1#JAGYZB010000020.1_27445742_27855492_1	0.9823393822835425 1K
NA18873 HG02630#1#JAHAOQ010000102.1_16672145_17079089_0$HG02622#2#JAHAON010000012.1_51551779_52031001_0	0.9823309442905078 1K
NA18873 HG01109#1#JAHEPA010000099.1_2104245_2511104_1$HG00438#1#JAHBCB010000015.1_33474867_33954171_0	0.9823277391164115 1K
NA18873 HG01071#1#JAHBCF010000053.1_26607100_27108065_1$HG01358#1#JAGYZB010000020.1_27445742_27855492_1	0.9823258583225694 1K
NA18873 HG00438#1#JAHBCB010000015.1_33474867_33954171_0$HG02622#1#JAHAOO010000002.1_16673678_17080663_0	0.9823235835446649 1K
NA18873 HG01123#1#JAGYYZ010000015.1_51528240_51935090_0$chr1_chm13_103304997_103901127_0	0.9823230609248589 1K
NA18873 chr1_chm13_103304997_103901127_0$HG02717#2#JAHAOR010000006.1_19663827_20070693_1	0.9823199120378927 1K
NA18873 HG02622#2#JAHAON010000012.1_51551779_52031001_0$HG02809.verkko_filt_pat.fa:haplotype2_0001251_103421111_103827972_0	0.9823001419743499 1K
NA18873 AV_HG01106#haplotype1#0000048:16666181$17262214$HG01258#2#JAGYYU010000072.1_51562603_51970395_0	0.9822900156563114 1K
NA18873 AV_HG01106#haplotype1#0000048:16666181$17262214$HG03927.verkko_filt_mat.fa:haplotype1_0000009_134765170_135173010_1	0.9822815553806448 1K
NA18873 AV_HG02257#haplotype2#0001152:102843493$103251377$HG01978#1#JAGYVS010000002.1_51519970_52021951_0	0.9822801607409147 1K
NA18873 AV_HG00673#haplotype1#0000019:16627360$17129375$HG02630#1#JAHAOQ010000102.1_16672145_17079089_0	0.9822799734190103 1K
NA18873 chr1_hg38_103456064_103863972_0$HG03486#2#JAHEOP010000248.1_2105565_2584784_1	0.9822755276466412 1K
NA18873 chr1_hg19_103998686_104406594_0$HG03486#2#JAHEOP010000248.1_2105565_2584784_1	0.9822755276466412 1K
NA18873 AV_HG00673#haplotype2#0001165:24014011$24421797$HG02293.verkko_filt_pat.fa:haplotype2_0000836_148310532_148812524_1	0.9822746677332246 1K
NA18873 HG01109#2#JAHEOZ010000047.1_16671232_17151375_0$chr1_chm13_103304997_103901127_0	0.9822729106268780 1K
NA18873 HG04228.verkko_filt_mat.fa:haplotype1_0000023_103429213_103930285_0$HG03927.verkko_filt_pat.fa:haplotype2_0000800_29002142_29504057_1	0.9822692950075694 1K
NA18873 HG01978#1#JAGYVS010000002.1_51519970_52021951_0$NA18906#1#JAHEOO010000054.1_2103477_2510435_1	0.9822659350882278 1K
NA18873 AV_HG01106#haplotype1#0000048:16666181$17262214$HG02809.verkko_filt_pat.fa:haplotype2_0001251_103421111_103827972_0	0.9822627240811603 1K
NA18873 HG03486#2#JAHEOP010000248.1_2105565_2584784_1$HG01258#2#JAGYYU010000072.1_51562603_51970395_0	0.9822594921921624 1K
NA18873 HG02145#2#JAHKSF010000206.1_1005292_1413195_1$HG02293.verkko_filt_pat.fa:haplotype2_0000836_148310532_148812524_1	0.9822480329649693 1K
NA18873 HG02630#1#JAHAOQ010000102.1_16672145_17079089_0$HG02080#2#JAHEOV010000017.1_16662177_17164189_0	0.9822428008489037 1K
NA18873 HG005#1#JAHEPO010000002.1_51519219_51926067_0$chr1_chm13_103304997_103901127_0	0.9822416923750590 1K
NA18873 AV_HG01106#haplotype1#0000048:16666181$17262214$HG02080#1#JAHEOW010000048.1_16689583_17097287_0	0.9822357174436775 1K
NA18873 HG02717#1#JAHAOS010000015.1_16660311_17067250_0$HG01978#1#JAGYVS010000002.1_51519970_52021951_0	0.9822288336611861 1K
NA18873 AV_HG02148#haplotype2#0002863:16304803$16712699$HG03486#2#JAHEOP010000248.1_2105565_2584784_1	0.9822264409950868 1K
NA18873 HG01258#1#JAGYYV010000004.1_56955948_57456952_1$HG01358#1#JAGYZB010000020.1_27445742_27855492_1	0.9822230231200608 1K
NA18873 AV_HG01106#haplotype1#0000048:16666181$17262214$NA19240#2#JAHEOL010000010.1_37445323_37853017_0	0.9822162947227867 1K
NA18873 HG03453#2#JAGYVV010000088.1_22597550_23005370_1$HG03486#2#JAHEOP010000248.1_2105565_2584784_1	0.9822155561035298 1K
NA18873 HG02622#2#JAHAON010000012.1_51551779_52031001_0$NA18906#1#JAHEOO010000054.1_2103477_2510435_1	0.9822149896961593 1K
NA18873 HG00621#2#JAHBCC010000031.1_16669999_17077865_0$HG03453#1#JAGYVW010000157.1_2105722_2585000_1	0.9822144446240716 1K
NA18873 AV_HG00673#haplotype1#0000019:16627360$17129375$AV_HG00673#haplotype2#0001165:24014011$24421797	0.9822107684473848 1K
NA18873 HG03453#1#JAGYVW010000157.1_2105722_2585000_1$chr1_chm13_103304997_103901127_0	0.9822063083113557 1K
NA18873 HG03453#1#JAGYVW010000157.1_2105722_2585000_1$HG03516#1#JAGYYT010000012.1_24170958_24578778_1	0.9822001925495637 1K
NA18873 HG03486#1#JAHEOQ010000123.1_16677696_17085575_0$HG03453#1#JAGYVW010000157.1_2105722_2585000_1	0.9821997123323462 1K
NA18873 HG02559#2#JAGYVJ010000037.1_52167780_52574597_1$chr1_chm13_103304997_103901127_0	0.9821984060642119 1K
NA18873 AV_HG00673#haplotype1#0000019:16627360$17129375$HG02145#2#JAHKSF010000206.1_1005292_1413195_1	0.9821897091205599 1K
NA18873 AV_HG01106#haplotype1#0000048:16666181$17262214$HG02300.verkko_filt_mat.fa:haplotype1_0000028_144052837_144460586_1	0.9821887202272856 1K
NA18873 AV_HG01175#haplotype1#0000070:46006269$46414083$HG03453#1#JAGYVW010000157.1_2105722_2585000_1	0.9821861131738001 1K
NA18873 HG02145#2#JAHKSF010000206.1_1005292_1413195_1$HG02080#2#JAHEOV010000017.1_16662177_17164189_0	0.9821852024933729 1K
NA18873 HG03486#2#JAHEOP010000248.1_2105565_2584784_1$HG005#2#JAHEPN010000023.1_51542210_51950070_0	0.9821833109229874 1K
NA18873 AV_HG01106#haplotype1#0000048:16666181$17262214$HG01099.verkko_filt_mat.fa:haplotype1_0000034_142513097_142920876_1	0.9821793712423234 1K
NA18873 HG03486#2#JAHEOP010000248.1_2105565_2584784_1$chr1_chm13_103304997_103901127_0	0.9821720835882668 1K
NA18873 HG01109#1#JAHEPA010000099.1_2104245_2511104_1$HG02071.verkko_filt_pat.fa:haplotype2_0000736_102745972_103248026_0	0.9821697557328015 1K
NA18873 HG02293.verkko_filt_pat.fa:haplotype2_0000836_148310532_148812524_1$HG03927.verkko_filt_pat.fa:haplotype2_0000800_29002142_29504057_1	0.9821576927849903 1K
NA18873 HG02717#1#JAHAOS010000015.1_16660311_17067250_0$HG02622#2#JAHAON010000012.1_51551779_52031001_0	0.9821565389992324 1K
NA18873 AV_HG01106#haplotype1#0000048:16666181$17262214$HG02486#2#JAGYVL010000029.1_94163344_94570162_0	0.9821560511306872 1K
NA18873 HG00438#1#JAHBCB010000015.1_33474867_33954171_0$HG02818#1#JAHEOS010000101.1_89626_496613_0	0.9821516196920888 1K
NA18873 AV_HG00673#haplotype2#0001165:24014011$24421797$HG01109#2#JAHEOZ010000047.1_16671232_17151375_0	0.9821460595916486 1K
NA18873 AV_HG00673#haplotype1#0000019:16627360$17129375$HG03927.verkko_filt_pat.fa:haplotype2_0000800_29002142_29504057_1	0.9821456369836581 1K
NA18873 HG01109#2#JAHEOZ010000047.1_16671232_17151375_0$HG002.verkko_filt_mat.fa:haplotype1_0000005_138228497_138636354_1	0.9821379090017254 1K
NA18873 AV_HG00673#haplotype2#0001165:24014011$24421797$HG00621#1#JAHBCD010000034.1_2122997_2624098_1	0.9821354743515507 1K
NA18873 AV_HG01106#haplotype1#0000048:16666181$17262214$AV_HG01361#haplotype1#0000023:101593539$102001341	0.9821354582850843 1K
NA18873 AV_HG01106#haplotype1#0000048:16666181$17262214$HG02717#2#JAHAOR010000006.1_19663827_20070693_1	0.9821349893342890 1K
NA18873 NA18906#1#JAHEOO010000054.1_2103477_2510435_1$HG02293.verkko_filt_pat.fa:haplotype2_0000836_148310532_148812524_1	0.9821328564059666 1K
NA18873 HG02145#2#JAHKSF010000206.1_1005292_1413195_1$HG04228.verkko_filt_mat.fa:haplotype1_0000023_103429213_103930285_0	0.9821306377039173 1K
NA18873 AV_HG01106#haplotype1#0000048:16666181$17262214$HG03516#1#JAGYYT010000012.1_24170958_24578778_1	0.9821262034709672 1K
NA18873 HG02818#1#JAHEOS010000101.1_89626_496613_0$HG02293.verkko_filt_pat.fa:haplotype2_0000836_148310532_148812524_1	0.9821258556041621 1K
NA18873 HG03453#1#JAGYVW010000157.1_2105722_2585000_1$HG01978#2#JAGYVR010000007.1_51532241_51939176_0	0.9821231933949116 1K
NA18873 HG02630#1#JAHAOQ010000102.1_16672145_17079089_0$HG00438#1#JAHBCB010000015.1_33474867_33954171_0	0.9821130345274803 1K
NA18873 AV_HG01106#haplotype1#0000048:16666181$17262214$HG03486#2#JAHEOP010000248.1_2105565_2584784_1	0.9821105126160028 1K
NA18873 HG00438#1#JAHBCB010000015.1_33474867_33954171_0$HG01258#2#JAGYYU010000072.1_51562603_51970395_0	0.9821084167036225 1K
NA18873 AV_HG00673#haplotype2#0001165:24014011$24421797$HG02080#2#JAHEOV010000017.1_16662177_17164189_0	0.9821017106217473 1K
NA18873 HG03453#1#JAGYVW010000157.1_2105722_2585000_1$HG02071.verkko_filt_mat.fa:haplotype1_0000041_103610513_104018399_0	0.9820953365226017 1K
NA18873 AV_HG01106#haplotype1#0000048:16666181$17262214$HG02886#1#JAHAOU010000178.1_62411_469262_0	0.9820915741848131 1K
NA18873 AV_HG01106#haplotype1#0000048:16666181$17262214$HG03453#1#JAGYVW010000157.1_2105722_2585000_1	0.9820902346930993 1K
NA18873 HG02630#2#JAHAOP010000089.1_16669255_17076135_0$HG03486#2#JAHEOP010000248.1_2105565_2584784_1	0.9820878790439668 1K
NA18873 AV_HG01106#haplotype2#0000932:16673968$17175925$HG01071#1#JAHBCF010000053.1_26607100_27108065_1	0.9820822952290909 1K
NA18873 AV_HG00673#haplotype1#0000019:16627360$17129375$NA18906#1#JAHEOO010000054.1_2103477_2510435_1	0.9820803239001096 1K
NA18873 HG00621#1#JAHBCD010000034.1_2122997_2624098_1$HG01109#1#JAHEPA010000099.1_2104245_2511104_1	0.9820790893720709 1K
NA18873 HG02080#2#JAHEOV010000017.1_16662177_17164189_0$HG02818#1#JAHEOS010000101.1_89626_496613_0	0.9820737419067460 1K
NA18873 HG02080#2#JAHEOV010000017.1_16662177_17164189_0$HG03927.verkko_filt_pat.fa:haplotype2_0000800_29002142_29504057_1	0.9820736882474823 1K
NA18873 AV_HG00673#haplotype1#0000019:16627360$17129375$HG02818#1#JAHEOS010000101.1_89626_496613_0	0.9820674058401102 1K
NA18873 AV_HG01106#haplotype1#0000048:16666181$17262214$HG01123#1#JAGYYZ010000015.1_51528240_51935090_0	0.9820640179252147 1K
NA18873 HG01123#1#JAGYYZ010000015.1_51528240_51935090_0$HG03486#2#JAHEOP010000248.1_2105565_2584784_1	0.9820627242845763 1K
NA18873 HG02080#2#JAHEOV010000017.1_16662177_17164189_0$NA18906#1#JAHEOO010000054.1_2103477_2510435_1	0.9820486323615280 1K
NA18873 HG01109#2#JAHEOZ010000047.1_16671232_17151375_0$HG02071.verkko_filt_mat.fa:haplotype1_0000041_103610513_104018399_0	0.9820304294984056 1K
NA18873 HG03453#1#JAGYVW010000157.1_2105722_2585000_1$HG02004.verkko_filt_mat.fa:haplotype1_0000022_97828542_98235483_0	0.9820294348855632 1K
NA18873 HG01978#1#JAGYVS010000002.1_51519970_52021951_0$HG01358#1#JAGYZB010000020.1_27445742_27855492_1	0.9820291760436162 1K
NA18873 HG02717#1#JAHAOS010000015.1_16660311_17067250_0$HG00438#1#JAHBCB010000015.1_33474867_33954171_0	0.9820264050562302 1K
NA18873 HG00621#2#JAHBCC010000031.1_16669999_17077865_0$HG01109#2#JAHEOZ010000047.1_16671232_17151375_0	0.9820247973374551 1K
NA18873 HG00621#1#JAHBCD010000034.1_2122997_2624098_1$HG03927.verkko_filt_pat.fa:haplotype2_0000800_29002142_29504057_1	0.9820182169549636 1K
NA18873 AV_HG01106#haplotype1#0000048:16666181$17262214$HG02559#2#JAGYVJ010000037.1_52167780_52574597_1	0.9820176347177998 1K
NA18873 HG00621#1#JAHBCD010000034.1_2122997_2624098_1$HG02145#2#JAHKSF010000206.1_1005292_1413195_1	0.9820155012454778 1K
NA18873 HG03486#1#JAHEOQ010000123.1_16677696_17085575_0$HG01109#2#JAHEOZ010000047.1_16671232_17151375_0	0.9820098951861054 1K
NA18873 HG01071#1#JAHBCF010000053.1_26607100_27108065_1$HG01978#1#JAGYVS010000002.1_51519970_52021951_0	0.9820012410835373 1K
NA18873 HG00741#2#JAHALX010000013.1_51574319_51981226_0$chr1_chm13_103304997_103901127_0	0.9819911490321194 1K
NA18873 HG02080#2#JAHEOV010000017.1_16662177_17164189_0$HG02622#1#JAHAOO010000002.1_16673678_17080663_0	0.9819869722334267 1K
NA18873 AV_HG01106#haplotype1#0000048:16666181$17262214$HG005#1#JAHEPO010000002.1_51519219_51926067_0	0.9819864739544566 1K
NA18873 AV_HG02148#haplotype2#0002863:16304803$16712699$HG01109#2#JAHEOZ010000047.1_16671232_17151375_0	0.9819804315689001 1K
NA18873 HG03453#1#JAGYVW010000157.1_2105722_2585000_1$HG03453#2#JAGYVV010000088.1_22597550_23005370_1	0.9819730675122406 1K
NA18873 AV_HG02148#haplotype2#0002863:16304803$16712699$HG03453#1#JAGYVW010000157.1_2105722_2585000_1	0.9819709537931468 1K
NA18873 HG02622#1#JAHAOO010000002.1_16673678_17080663_0$HG02293.verkko_filt_pat.fa:haplotype2_0000836_148310532_148812524_1	0.9819689932166177 1K
NA18873 HG02630#1#JAHAOQ010000102.1_16672145_17079089_0$HG02071.verkko_filt_pat.fa:haplotype2_0000736_102745972_103248026_0	0.9819625509348305 1K
NA18873 HG02630#1#JAHAOQ010000102.1_16672145_17079089_0$HG04228.verkko_filt_mat.fa:haplotype1_0000023_103429213_103930285_0	0.9819618360687232 1K
NA18873 HG03453#1#JAGYVW010000157.1_2105722_2585000_1$HG02109#1#JAHEPG010000026.1_16673035_17080816_0	0.9819598585032193 1K
NA18873 HG02071.verkko_filt_pat.fa:haplotype2_0000736_102745972_103248026_0$HG03927.verkko_filt_pat.fa:haplotype2_0000800_29002142_29504057_1	0.9819528314763784 1K
NA18873 AV_HG01175#haplotype1#0000070:46006269$46414083$HG01109#2#JAHEOZ010000047.1_16671232_17151375_0	0.9819465169256477 1K
NA18873 HG03453#1#JAGYVW010000157.1_2105722_2585000_1$HG01928#1#JAGYVQ010000053.1_16676493_17083407_0	0.9819398461056608 1K
NA18873 HG02080#1#JAHEOW010000048.1_16689583_17097287_0$chr1_chm13_103304997_103901127_0	0.9819390839959030 1K
NA18873 HG02717#1#JAHAOS010000015.1_16660311_17067250_0$HG02293.verkko_filt_pat.fa:haplotype2_0000836_148310532_148812524_1	0.9819367443967972 1K
NA18873 HG01109#1#JAHEPA010000099.1_2104245_2511104_1$HG04228.verkko_filt_mat.fa:haplotype1_0000023_103429213_103930285_0	0.9819339500917673 1K
NA18873 HG01071#1#JAHBCF010000053.1_26607100_27108065_1$HG01258#1#JAGYYV010000004.1_56955948_57456952_1	0.9819309980780181 1K
NA18873 HG00438#1#JAHBCB010000015.1_33474867_33954171_0$HG03516#1#JAGYYT010000012.1_24170958_24578778_1	0.9819240323648963 1K
NA18873 HG03486#2#JAHEOP010000248.1_2105565_2584784_1$HG02300.verkko_filt_pat.fa:haplotype2_0000620_143362344_143769323_1	0.9819235546734465 1K
NA18873 AV_HG01106#haplotype2#0000932:16673968$17175925$HG01258#1#JAGYYV010000004.1_56955948_57456952_1	0.9819216641479593 1K
NA18873 AV_HG00673#haplotype1#0000019:16627360$17129375$HG02622#1#JAHAOO010000002.1_16673678_17080663_0	0.9819209953555955 1K
NA18873 AV_HG00673#haplotype2#0001165:24014011$24421797$HG02071.verkko_filt_pat.fa:haplotype2_0000736_102745972_103248026_0	0.9819114081009179 1K
NA18873 HG00438#1#JAHBCB010000015.1_33474867_33954171_0$NA19240#2#JAHEOL010000010.1_37445323_37853017_0	0.9819093860028121 1K
NA18873 HG01109#2#JAHEOZ010000047.1_16671232_17151375_0$HG02300.verkko_filt_pat.fa:haplotype2_0000620_143362344_143769323_1	0.9819083938967774 1K
NA18873 HG00438#1#JAHBCB010000015.1_33474867_33954171_0$NA18906#1#JAHEOO010000054.1_2103477_2510435_1	0.9818966713063738 1K
NA18873 HG03486#2#JAHEOP010000248.1_2105565_2584784_1$HG01978#2#JAGYVR010000007.1_51532241_51939176_0	0.9818926855952724 1K
NA18873 HG01928#1#JAGYVQ010000053.1_16676493_17083407_0$HG03486#2#JAHEOP010000248.1_2105565_2584784_1	0.9818898503604332 1K
NA18873 chr1_chm13_103304997_103901127_0$NA19240#2#JAHEOL010000010.1_37445323_37853017_0	0.9818853778387325 1K
NA18873 chr1_chm13_103304997_103901127_0$HG02300.verkko_filt_mat.fa:haplotype1_0000028_144052837_144460586_1	0.9818843703189002 1K
NA18873 HG01109#2#JAHEOZ010000047.1_16671232_17151375_0$HG01978#2#JAGYVR010000007.1_51532241_51939176_0	0.9818835911181929 1K
NA18873 AV_HG01106#haplotype1#0000048:16666181$17262214$HG00741#2#JAHALX010000013.1_51574319_51981226_0	0.9818720217748503 1K
NA18873 chr1_chm13_103304997_103901127_0$HG03927.verkko_filt_mat.fa:haplotype1_0000009_134765170_135173010_1	0.9818704799280454 1K
NA18873 AV_HG02257#haplotype2#0001152:102843493$103251377$HG02293.verkko_filt_pat.fa:haplotype2_0000836_148310532_148812524_1	0.9818697290114660 1K
NA18873 HG03486#2#JAHEOP010000248.1_2105565_2584784_1$HG02004.verkko_filt_mat.fa:haplotype1_0000022_97828542_98235483_0	0.9818673933296695 1K
NA18873 AV_HG01106#haplotype1#0000048:16666181$17262214$HG03098#2#JAHEPL010000003.1_93803759_94117426_0	0.9818671150875553 1K
NA18873 HG03486#2#JAHEOP010000248.1_2105565_2584784_1$HG02717#2#JAHAOR010000006.1_19663827_20070693_1	0.9818635237089357 1K
NA18873 HG02145#2#JAHKSF010000206.1_1005292_1413195_1$HG03486#2#JAHEOP010000248.1_2105565_2584784_1	0.9818606318059898 1K
NA18873 AV_HG00673#haplotype1#0000019:16627360$17129375$HG02717#1#JAHAOS010000015.1_16660311_17067250_0	0.9818455102872999 1K
NA18873 HG03453#1#JAGYVW010000157.1_2105722_2585000_1$HG02886#1#JAHAOU010000178.1_62411_469262_0	0.9818442505511155 1K
NA18873 HG02630#2#JAHAOP010000089.1_16669255_17076135_0$chr1_chm13_103304997_103901127_0	0.9818437390188683 1K
NA18873 HG01109#2#JAHEOZ010000047.1_16671232_17151375_0$HG02004.verkko_filt_mat.fa:haplotype1_0000022_97828542_98235483_0	0.9818270036933128 1K
NA18873 HG00621#1#JAHBCD010000034.1_2122997_2624098_1$HG02630#1#JAHAOQ010000102.1_16672145_17079089_0	0.9818249843039488 1K
NA18873 chr1_chm13_103304997_103901127_0$HG01099.verkko_filt_mat.fa:haplotype1_0000034_142513097_142920876_1	0.9818242823653242 1K
NA18873 chr1_hg38_103456064_103863972_0$HG01109#2#JAHEOZ010000047.1_16671232_17151375_0	0.9818234157592298 1K
NA18873 chr1_hg19_103998686_104406594_0$HG01109#2#JAHEOZ010000047.1_16671232_17151375_0	0.9818234157592298 1K
NA18873 HG01978#1#JAGYVS010000002.1_51519970_52021951_0$HG01258#1#JAGYYV010000004.1_56955948_57456952_1	0.9818133431113402 1K
NA18873 HG01928#1#JAGYVQ010000053.1_16676493_17083407_0$HG01109#2#JAHEOZ010000047.1_16671232_17151375_0	0.9818120928489323 1K
NA18873 HG02717#1#JAHAOS010000015.1_16660311_17067250_0$HG02080#2#JAHEOV010000017.1_16662177_17164189_0	0.9818080955856292 1K
NA18873 AV_HG00673#haplotype1#0000019:16627360$17129375$HG01071#1#JAHBCF010000053.1_26607100_27108065_1	0.9817964812195268 1K
NA18873 HG03453#2#JAGYVV010000088.1_22597550_23005370_1$HG01109#2#JAHEOZ010000047.1_16671232_17151375_0	0.9817953380390784 1K
NA18873 HG00438#1#JAHBCB010000015.1_33474867_33954171_0$HG02717#2#JAHAOR010000006.1_19663827_20070693_1	0.9817926818719516 1K
NA18873 HG02145#2#JAHKSF010000206.1_1005292_1413195_1$HG02071.verkko_filt_pat.fa:haplotype2_0000736_102745972_103248026_0	0.9817912859941058 1K
NA18873 AV_HG01361#haplotype1#0000023:101593539$102001341$chr1_chm13_103304997_103901127_0	0.9817883646291649 1K
NA18873 HG03453#1#JAGYVW010000157.1_2105722_2585000_1$HG02486#2#JAGYVL010000029.1_94163344_94570162_0	0.9817773325550061 1K
NA18873 HG01109#2#JAHEOZ010000047.1_16671232_17151375_0$HG005#2#JAHEPN010000023.1_51542210_51950070_0	0.9817753397673948 1K
NA18873 HG02080#2#JAHEOV010000017.1_16662177_17164189_0$HG01071#1#JAHBCF010000053.1_26607100_27108065_1	0.9817748505274356 1K
NA18873 NA18906#1#JAHEOO010000054.1_2103477_2510435_1$HG02071.verkko_filt_pat.fa:haplotype2_0000736_102745972_103248026_0	0.9817739175611259 1K
NA18873 AV_HG02257#haplotype2#0001152:102843493$103251377$HG02080#2#JAHEOV010000017.1_16662177_17164189_0	0.9817733845370469 1K
NA18873 HG02080#1#JAHEOW010000048.1_16689583_17097287_0$HG00438#1#JAHBCB010000015.1_33474867_33954171_0	0.9817709515866396 1K
NA18873 HG01071#1#JAHBCF010000053.1_26607100_27108065_1$HG02293.verkko_filt_pat.fa:haplotype2_0000836_148310532_148812524_1	0.9817700167970269 1K
NA18873 AV_HG00673#haplotype1#0000019:16627360$17129375$AV_HG02257#haplotype2#0001152:102843493$103251377	0.9817672327355350 1K
NA18873 AV_HG00673#haplotype2#0001165:24014011$24421797$HG03927.verkko_filt_pat.fa:haplotype2_0000800_29002142_29504057_1	0.9817507998534016 1K
NA18873 AV_HG00673#haplotype2#0001165:24014011$24421797$AV_HG01106#haplotype1#0000048:16666181$17262214	0.9817473624228827 1K
NA18873 HG005#1#JAHEPO010000002.1_51519219_51926067_0$HG03486#2#JAHEOP010000248.1_2105565_2584784_1	0.9817417480744740 1K
NA18873 AV_HG01106#haplotype1#0000048:16666181$17262214$HG00438#1#JAHBCB010000015.1_33474867_33954171_0	0.9817383542944845 1K
NA18873 AV_HG01106#haplotype1#0000048:16666181$17262214$HG02630#2#JAHAOP010000089.1_16669255_17076135_0	0.9817359986970993 1K
NA18873 HG00438#1#JAHBCB010000015.1_33474867_33954171_0$HG02300.verkko_filt_mat.fa:haplotype1_0000028_144052837_144460586_1	0.9817304520612848 1K
NA18873 NA18906#1#JAHEOO010000054.1_2103477_2510435_1$HG04228.verkko_filt_mat.fa:haplotype1_0000023_103429213_103930285_0	0.9817182283090602 1K
NA18873 HG02630#1#JAHAOQ010000102.1_16672145_17079089_0$HG03486#2#JAHEOP010000248.1_2105565_2584784_1	0.9817147734981885 1K
NA18873 HG005#1#JAHEPO010000002.1_51519219_51926067_0$HG00438#1#JAHBCB010000015.1_33474867_33954171_0	0.9817140490608413 1K
NA18873 HG00438#1#JAHBCB010000015.1_33474867_33954171_0$HG00741#2#JAHALX010000013.1_51574319_51981226_0	0.9817113174382279 1K
NA18873 HG03486#2#JAHEOP010000248.1_2105565_2584784_1$HG02109#1#JAHEPG010000026.1_16673035_17080816_0	0.9817106792954993 1K
NA18873 HG00438#1#JAHBCB010000015.1_33474867_33954171_0$HG01123#1#JAGYYZ010000015.1_51528240_51935090_0	0.9817001496460719 1K
NA18873 HG03516#1#JAGYYT010000012.1_24170958_24578778_1$chr1_chm13_103304997_103901127_0	0.9816917805959779 1K
NA18873 HG02818#1#JAHEOS010000101.1_89626_496613_0$HG02071.verkko_filt_pat.fa:haplotype2_0000736_102745972_103248026_0	0.9816859199685569 1K
NA18873 AV_HG00673#haplotype1#0000019:16627360$17129375$HG01258#1#JAGYYV010000004.1_56955948_57456952_1	0.9816659289271712 1K
NA18873 HG03453#1#JAGYVW010000157.1_2105722_2585000_1$HG01258#2#JAGYYU010000072.1_51562603_51970395_0	0.9816658063451644 1K
NA18873 HG03453#1#JAGYVW010000157.1_2105722_2585000_1$HG02630#2#JAHAOP010000089.1_16669255_17076135_0	0.9816623977577660 1K
NA18873 HG00438#1#JAHBCB010000015.1_33474867_33954171_0$HG002.verkko_filt_mat.fa:haplotype1_0000005_138228497_138636354_1	0.9816620718760746 1K
NA18873 HG02559#2#JAGYVJ010000037.1_52167780_52574597_1$HG03486#2#JAHEOP010000248.1_2105565_2584784_1	0.9816581153218098 1K
NA18873 AV_HG02257#haplotype2#0001152:102843493$103251377$HG03486#2#JAHEOP010000248.1_2105565_2584784_1	0.9816566844287216 1K
NA18873 HG03486#1#JAHEOQ010000123.1_16677696_17085575_0$HG00438#1#JAHBCB010000015.1_33474867_33954171_0	0.9816521396692183 1K
NA18873 HG03453#1#JAGYVW010000157.1_2105722_2585000_1$HG02300.verkko_filt_pat.fa:haplotype2_0000620_143362344_143769323_1	0.9816489638627598 1K
NA18873 chr1_chm13_103304997_103901127_0$HG02647.verkko_filt_pat.fa:haplotype2_0000857_103738150_104051769_0	0.9816415797515398 1K
NA18873 HG02818#1#JAHEOS010000101.1_89626_496613_0$HG04228.verkko_filt_mat.fa:haplotype1_0000023_103429213_103930285_0	0.9816411629249208 1K
NA18873 AV_HG02257#haplotype2#0001152:102843493$103251377$HG04228.verkko_filt_mat.fa:haplotype1_0000023_103429213_103930285_0	0.9816373663377792 1K
NA18873 HG01258#1#JAGYYV010000004.1_56955948_57456952_1$HG02293.verkko_filt_pat.fa:haplotype2_0000836_148310532_148812524_1	0.9816314252855262 1K
NA18873 HG02109#2#JAHEPF010000078.1_16678387_16991144_0$chr1_chm13_103304997_103901127_0	0.9816310485774736 1K
NA18873 HG02080#2#JAHEOV010000017.1_16662177_17164189_0$HG01258#1#JAGYYV010000004.1_56955948_57456952_1	0.9816289235244401 1K
NA18873 HG03579#2#JAGYVT010000094.1_51581892_51895531_0$chr1_chm13_103304997_103901127_0	0.9816244636418812 1K
NA18873 HG01109#1#JAHEPA010000099.1_2104245_2511104_1$HG03486#2#JAHEOP010000248.1_2105565_2584784_1	0.9816169200936354 1K
NA18873 HG01071#1#JAHBCF010000053.1_26607100_27108065_1$HG02071.verkko_filt_pat.fa:haplotype2_0000736_102745972_103248026_0	0.9816159789611234 1K
NA18873 AV_HG01175#haplotype1#0000070:46006269$46414083$HG00438#1#JAHBCB010000015.1_33474867_33954171_0	0.9816139364239141 1K
NA18873 AV_HG01361#haplotype1#0000023:101593539$102001341$HG00438#1#JAHBCB010000015.1_33474867_33954171_0	0.9815984946778801 1K
NA18873 HG03486#2#JAHEOP010000248.1_2105565_2584784_1$HG00741#2#JAHALX010000013.1_51574319_51981226_0	0.9815914699454965 1K
NA18873 HG01358#1#JAGYZB010000020.1_27445742_27855492_1$HG02293.verkko_filt_pat.fa:haplotype2_0000836_148310532_148812524_1	0.9815829083223433 1K
NA18873 HG00438#1#JAHBCB010000015.1_33474867_33954171_0$HG03453#2#JAGYVV010000088.1_22597550_23005370_1	0.9815802612970059 1K
NA18873 chr1_chm13_103304997_103901127_0$HG01891#1#JAGYVO010000014.1_22855818_23168577_1	0.9815798303948472 1K
NA18873 HG00621#1#JAHBCD010000034.1_2122997_2624098_1$HG02818#1#JAHEOS010000101.1_89626_496613_0	0.9815691583240352 1K
NA18873 HG00438#1#JAHBCB010000015.1_33474867_33954171_0$HG01099.verkko_filt_mat.fa:haplotype1_0000034_142513097_142920876_1	0.9815483986102389 1K
NA18873 HG03486#2#JAHEOP010000248.1_2105565_2584784_1$NA18906#1#JAHEOO010000054.1_2103477_2510435_1	0.9815422405345360 1K
NA18873 HG00438#1#JAHBCB010000015.1_33474867_33954171_0$chr1_chm13_103304997_103901127_0	0.9815307898130217 1K
NA18873 HG00438#1#JAHBCB010000015.1_33474867_33954171_0$HG02071.verkko_filt_mat.fa:haplotype1_0000041_103610513_104018399_0	0.9815294166512893 1K
NA18873 HG01258#1#JAGYYV010000004.1_56955948_57456952_1$HG02071.verkko_filt_pat.fa:haplotype2_0000736_102745972_103248026_0	0.9815275379699191 1K
NA18873 HG02080#2#JAHEOV010000017.1_16662177_17164189_0$HG01358#1#JAGYZB010000020.1_27445742_27855492_1	0.9815203697090935 1K
NA18873 AV_HG00673#haplotype1#0000019:16627360$17129375$HG01358#1#JAGYZB010000020.1_27445742_27855492_1	0.9815168937646775 1K
NA18873 HG00621#1#JAHBCD010000034.1_2122997_2624098_1$HG02622#1#JAHAOO010000002.1_16673678_17080663_0	0.9815112245906873 1K
NA18873 HG00621#1#JAHBCD010000034.1_2122997_2624098_1$NA18906#1#JAHEOO010000054.1_2103477_2510435_1	0.9815042046283897 1K
NA18873 HG02717#1#JAHAOS010000015.1_16660311_17067250_0$HG02071.verkko_filt_pat.fa:haplotype2_0000736_102745972_103248026_0	0.9814903857389981 1K
NA18873 AV_HG02257#haplotype2#0001152:102843493$103251377$HG00621#1#JAHBCD010000034.1_2122997_2624098_1	0.9814886101249243 1K
NA18873 HG03486#2#JAHEOP010000248.1_2105565_2584784_1$HG02818#1#JAHEOS010000101.1_89626_496613_0	0.9814696124512586 1K
NA18873 HG02622#1#JAHAOO010000002.1_16673678_17080663_0$HG02071.verkko_filt_pat.fa:haplotype2_0000736_102745972_103248026_0	0.9814487775242290 1K
NA18873 HG02717#1#JAHAOS010000015.1_16660311_17067250_0$HG03486#2#JAHEOP010000248.1_2105565_2584784_1	0.9814470784466736 1K
NA18873 AV_HG02257#haplotype2#0001152:102843493$103251377$HG02071.verkko_filt_pat.fa:haplotype2_0000736_102745972_103248026_0	0.9814464995511081 1K
NA18873 AV_HG01106#haplotype1#0000048:16666181$17262214$HG02109#2#JAHEPF010000078.1_16678387_16991144_0	0.9814438265317723 1K
NA18873 HG02622#1#JAHAOO010000002.1_16673678_17080663_0$HG04228.verkko_filt_mat.fa:haplotype1_0000023_103429213_103930285_0	0.9814367185841139 1K
NA18873 HG00621#1#JAHBCD010000034.1_2122997_2624098_1$HG01071#1#JAHBCF010000053.1_26607100_27108065_1	0.9814321454828623 1K
NA18873 AV_HG01106#haplotype1#0000048:16666181$17262214$HG01891#1#JAGYVO010000014.1_22855818_23168577_1	0.9814145625564914 1K
NA18873 HG00621#1#JAHBCD010000034.1_2122997_2624098_1$HG01258#1#JAGYYV010000004.1_56955948_57456952_1	0.9814140032719161 1K
NA18873 chr1_hg19_103998686_104406594_0$HG00438#1#JAHBCB010000015.1_33474867_33954171_0	0.9814096774514131 1K
NA18873 HG00438#1#JAHBCB010000015.1_33474867_33954171_0$chr1_hg38_103456064_103863972_0	0.9814096774514131 1K
NA18873 HG02717#1#JAHAOS010000015.1_16660311_17067250_0$HG04228.verkko_filt_mat.fa:haplotype1_0000023_103429213_103930285_0	0.9814072203566521 1K
NA18873 HG00621#2#JAHBCC010000031.1_16669999_17077865_0$HG00438#1#JAHBCB010000015.1_33474867_33954171_0	0.9814049520132180 1K
NA18873 AV_HG00673#haplotype2#0001165:24014011$24421797$HG00438#1#JAHBCB010000015.1_33474867_33954171_0	0.9814013719916920 1K
NA18873 AV_HG00673#haplotype2#0001165:24014011$24421797$chr1_chm13_103304997_103901127_0	0.9814011123209200 1K
NA18873 AV_HG01106#haplotype1#0000048:16666181$17262214$HG03710.verkko_filt_mat.fa:haplotype1_0000029_102593394_102907063_0	0.9813805666144685 1K
NA18873 HG03486#2#JAHEOP010000248.1_2105565_2584784_1$HG02622#1#JAHAOO010000002.1_16673678_17080663_0	0.9813781660667464 1K
NA18873 AV_HG01106#haplotype1#0000048:16666181$17262214$HG02886#2#JAHAOT010000031.1_87393_401061_0	0.9813698337440275 1K
NA18873 AV_HG01106#haplotype1#0000048:16666181$17262214$HG02647.verkko_filt_pat.fa:haplotype2_0000857_103738150_104051769_0	0.9813664561817873 1K
NA18873 AV_HG02148#haplotype2#0002863:16304803$16712699$HG00438#1#JAHBCB010000015.1_33474867_33954171_0	0.9813604277709402 1K
NA18873 HG01109#1#JAHEPA010000099.1_2104245_2511104_1$chr1_chm13_103304997_103901127_0	0.9813596867798999 1K
NA18873 HG01258#1#JAGYYV010000004.1_56955948_57456952_1$HG04228.verkko_filt_mat.fa:haplotype1_0000023_103429213_103930285_0	0.9813546792235163 1K
NA18873 AV_HG01106#haplotype1#0000048:16666181$17262214$HG03579#2#JAGYVT010000094.1_51581892_51895531_0	0.9813493015671475 1K
NA18873 HG00438#1#JAHBCB010000015.1_33474867_33954171_0$HG005#2#JAHEPN010000023.1_51542210_51950070_0	0.9813234631552382 1K
NA18873 HG01358#1#JAGYZB010000020.1_27445742_27855492_1$HG04228.verkko_filt_mat.fa:haplotype1_0000023_103429213_103930285_0	0.9813214907152265 1K
NA18873 HG00438#1#JAHBCB010000015.1_33474867_33954171_0$HG03927.verkko_filt_mat.fa:haplotype1_0000009_134765170_135173010_1	0.9813183781124486 1K
NA18873 HG00621#1#JAHBCD010000034.1_2122997_2624098_1$HG02717#1#JAHAOS010000015.1_16660311_17067250_0	0.9813137137321347 1K
NA18873 HG01071#1#JAHBCF010000053.1_26607100_27108065_1$HG04228.verkko_filt_mat.fa:haplotype1_0000023_103429213_103930285_0	0.9812922124388133 1K
NA18873 HG01358#1#JAGYZB010000020.1_27445742_27855492_1$HG02071.verkko_filt_pat.fa:haplotype2_0000736_102745972_103248026_0	0.9812691383389813 1K
NA18873 AV_HG01106#haplotype1#0000048:16666181$17262214$HG01109#1#JAHEPA010000099.1_2104245_2511104_1	0.9812631752706292 1K
NA18873 HG03453#1#JAGYVW010000157.1_2105722_2585000_1$HG005#1#JAHEPO010000002.1_51519219_51926067_0	0.9812353853926117 1K
NA18873 AV_HG01106#haplotype1#0000048:16666181$17262214$AV_HG01361#haplotype2#0001322:101872897$102186552	0.9812289911845687 1K
NA18873 HG03098#2#JAHEPL010000003.1_93803759_94117426_0$chr1_chm13_103304997_103901127_0	0.9812165030122593 1K
NA18873 HG01928#1#JAGYVQ010000053.1_16676493_17083407_0$HG00438#1#JAHBCB010000015.1_33474867_33954171_0	0.9811980476211574 1K
NA18873 HG02630#1#JAHAOQ010000102.1_16672145_17079089_0$chr1_chm13_103304997_103901127_0	0.9811825540090665 1K
NA18873 HG03453#1#JAGYVW010000157.1_2105722_2585000_1$HG02145#2#JAHKSF010000206.1_1005292_1413195_1	0.9811764602403020 1K
NA18873 HG01109#1#JAHEPA010000099.1_2104245_2511104_1$HG03453#1#JAGYVW010000157.1_2105722_2585000_1	0.9811612841498996 1K
NA18873 HG00438#1#JAHBCB010000015.1_33474867_33954171_0$HG01978#2#JAGYVR010000007.1_51532241_51939176_0	0.9811449306713550 1K
NA18873 HG00438#1#JAHBCB010000015.1_33474867_33954171_0$HG02004.verkko_filt_mat.fa:haplotype1_0000022_97828542_98235483_0	0.9811443507816806 1K
NA18873 HG02145#2#JAHKSF010000206.1_1005292_1413195_1$chr1_chm13_103304997_103901127_0	0.9811442110982808 1K
NA18873 HG00621#1#JAHBCD010000034.1_2122997_2624098_1$HG01358#1#JAGYZB010000020.1_27445742_27855492_1	0.9811255942153636 1K
NA18873 HG01109#2#JAHEOZ010000047.1_16671232_17151375_0$HG01358#1#JAGYZB010000020.1_27445742_27855492_1	0.9811054201536598 1K
NA18873 AV_HG02257#haplotype2#0001152:102843493$103251377$HG03453#1#JAGYVW010000157.1_2105722_2585000_1	0.9811035372027473 1K
NA18873 HG03453#1#JAGYVW010000157.1_2105722_2585000_1$HG02717#2#JAHAOR010000006.1_19663827_20070693_1	0.9810847217938311 1K
NA18873 AV_HG01106#haplotype1#0000048:16666181$17262214$HG02145#2#JAHKSF010000206.1_1005292_1413195_1	0.9810799246768570 1K
NA18873 HG02630#1#JAHAOQ010000102.1_16672145_17079089_0$HG03453#1#JAGYVW010000157.1_2105722_2585000_1	0.9810791621610140 1K
NA18873 HG03453#1#JAGYVW010000157.1_2105722_2585000_1$HG02809.verkko_filt_pat.fa:haplotype2_0001251_103421111_103827972_0	0.9810708596885516 1K
NA18873 HG03453#1#JAGYVW010000157.1_2105722_2585000_1$HG01123#1#JAGYYZ010000015.1_51528240_51935090_0	0.9810540053865939 1K
NA18873 AV_HG01106#haplotype1#0000048:16666181$17262214$HG02630#1#JAHAOQ010000102.1_16672145_17079089_0	0.9810248770179476 1K
NA18873 chr1_chm13_103304997_103901127_0$HG02818#1#JAHEOS010000101.1_89626_496613_0	0.9810018336256028 1K
NA18873 NA18906#1#JAHEOO010000054.1_2103477_2510435_1$chr1_chm13_103304997_103901127_0	0.9809892459012852 1K
NA18873 HG00438#1#JAHBCB010000015.1_33474867_33954171_0$HG02300.verkko_filt_pat.fa:haplotype2_0000620_143362344_143769323_1	0.9809511041451846 1K
NA18873 AV_HG01106#haplotype1#0000048:16666181$17262214$HG02818#1#JAHEOS010000101.1_89626_496613_0	0.9809451069579624 1K
NA18873 HG03453#1#JAGYVW010000157.1_2105722_2585000_1$HG00741#2#JAHALX010000013.1_51574319_51981226_0	0.9809196352680440 1K
NA18873 HG03453#1#JAGYVW010000157.1_2105722_2585000_1$NA18906#1#JAHEOO010000054.1_2103477_2510435_1	0.9809065084666022 1K
NA18873 NA20129#2#JAHEPD010000155.1_90039_569275_0$HG03540#2#JAGYVX010000148.1_1368955_1877115_0	0.9809039436265152 1K
NA18873 HG02622#1#JAHAOO010000002.1_16673678_17080663_0$chr1_chm13_103304997_103901127_0	0.9808966836890128 1K
NA18873 AV_HG01106#haplotype1#0000048:16666181$17262214$HG02622#1#JAHAOO010000002.1_16673678_17080663_0	0.9808897854342971 1K
NA18873 HG02717#1#JAHAOS010000015.1_16660311_17067250_0$chr1_chm13_103304997_103901127_0	0.9808888745689252 1K
NA18873 AV_HG02257#haplotype2#0001152:102843493$103251377$chr1_chm13_103304997_103901127_0	0.9808851223838069 1K
NA18873 HG03453#1#JAGYVW010000157.1_2105722_2585000_1$HG02559#2#JAGYVJ010000037.1_52167780_52574597_1	0.9808649591753043 1K
NA18873 chr1_chm13_103304997_103901127_0$HG01358#1#JAGYZB010000020.1_27445742_27855492_1	0.9808398801148425 1K
NA18873 HG03453#1#JAGYVW010000157.1_2105722_2585000_1$HG02818#1#JAHEOS010000101.1_89626_496613_0	0.9808365426788910 1K
NA18873 chr1_chm13_103304997_103901127_0$HG03710.verkko_filt_mat.fa:haplotype1_0000029_102593394_102907063_0	0.9808235053863926 1K
NA18873 HG02622#2#JAHAON010000012.1_51551779_52031001_0$HG03540#2#JAGYVX010000148.1_1368955_1877115_0	0.9808221087242147 1K
NA18873 AV_HG01106#haplotype1#0000048:16666181$17262214$NA18906#1#JAHEOO010000054.1_2103477_2510435_1	0.9808197650131041 1K
NA18873 HG02886#2#JAHAOT010000031.1_87393_401061_0$chr1_chm13_103304997_103901127_0	0.9807951072834925 1K
NA18873 AV_HG01106#haplotype1#0000048:16666181$17262214$AV_HG02257#haplotype2#0001152:102843493$103251377	0.9807932097191504 1K
NA18873 HG02717#1#JAHAOS010000015.1_16660311_17067250_0$HG03453#1#JAGYVW010000157.1_2105722_2585000_1	0.9807745737677193 1K
NA18873 HG03486#2#JAHEOP010000248.1_2105565_2584784_1$HG02809.verkko_filt_pat.fa:haplotype2_0001251_103421111_103827972_0	0.9807719322134949 1K
NA18873 AV_HG01106#haplotype1#0000048:16666181$17262214$HG01358#1#JAGYZB010000020.1_27445742_27855492_1	0.9807143767200268 1K
NA18873 HG03453#1#JAGYVW010000157.1_2105722_2585000_1$HG02622#1#JAHAOO010000002.1_16673678_17080663_0	0.9806735222089134 1K
NA18873 AV_HG01106#haplotype1#0000048:16666181$17262214$HG02717#1#JAHAOS010000015.1_16660311_17067250_0	0.9806723684967894 1K
NA18873 AV_HG01361#haplotype2#0001322:101872897$102186552$chr1_chm13_103304997_103901127_0	0.9805191342803037 1K
NA18873 NA20129#2#JAHEPD010000155.1_90039_569275_0$HG01358#1#JAGYZB010000020.1_27445742_27855492_1	0.9804673965566219 1K
NA18873 chr1_chm13_103304997_103901127_0$HG02647.verkko_filt_mat.fa:haplotype1_0000002_103892584_104321036_0	0.9804304832782395 1K
NA18873 AV_HG01106#haplotype1#0000048:16666181$17262214$HG03098#1#JAHEPM010000059.1_16676208_17105596_0	0.9804132191561559 1K
NA18873 HG02055#2#JAHEPJ010000017.1_24870122_25298560_1$chr1_chm13_103304997_103901127_0	0.9803433290746079 1K
NA18873 HG02622#2#JAHAON010000012.1_51551779_52031001_0$HG01358#1#JAGYZB010000020.1_27445742_27855492_1	0.9803197314868619 1K
NA18873 HG00741#1#JAHALY010000007.1_18781197_19307680_1$HG03540#1#JAGYVY010000208.1_95187_596142_0	0.9803173826203683 1K
NA18873 AV_HG01106#haplotype1#0000048:16666181$17262214$HG02647.verkko_filt_mat.fa:haplotype1_0000002_103892584_104321036_0	0.9802746781153333 1K
NA18873 HG00741#1#JAHALY010000007.1_18781197_19307680_1$HG01099.verkko_filt_pat.fa:haplotype2_0000583_143544270_144046196_1	0.9802433779251508 1K
NA18873 chr1_chm13_103304997_103901127_0$HG02809.verkko_filt_mat.fa:haplotype1_0000023_94161320_94589755_0	0.9802206277396741 1K
NA18873 HG03486#2#JAHEOP010000248.1_2105565_2584784_1$HG03540#2#JAGYVX010000148.1_1368955_1877115_0	0.9802078797032265 1K
NA18873 HG03098#1#JAHEPM010000059.1_16676208_17105596_0$chr1_chm13_103304997_103901127_0	0.9801592804921780 1K
NA18873 HG03453#1#JAGYVW010000157.1_2105722_2585000_1$HG03540#2#JAGYVX010000148.1_1368955_1877115_0	0.9801405134831013 1K
NA18873 HG02723#1#JAHEOU010000204.1_2102082_2414876_1$chr1_chm13_103304997_103901127_0	0.9801404988419125 1K
NA18873 chr1_chm13_103304997_103901127_0$HG04228.verkko_filt_pat.fa:haplotype2_0000600_103806749_104119491_0	0.9801088249888127 1K
NA18873 HG00438#1#JAHBCB010000015.1_33474867_33954171_0$HG01358#1#JAGYZB010000020.1_27445742_27855492_1	0.9801008527961578 1K
NA18873 AV_HG01106#haplotype1#0000048:16666181$17262214$HG02055#2#JAHEPJ010000017.1_24870122_25298560_1	0.9800845597070463 1K
NA18873 HG00741#1#JAHALY010000007.1_18781197_19307680_1$NA18906#2#JAHEON010000009.1_93748295_94249275_0	0.9800708089198684 1K
NA18873 AV_HG01106#haplotype1#0000048:16666181$17262214$HG02809.verkko_filt_mat.fa:haplotype1_0000023_94161320_94589755_0	0.9800191631359548 1K
NA18873 AV_HG01106#haplotype1#0000048:16666181$17262214$HG02723#1#JAHEOU010000204.1_2102082_2414876_1	0.9799791470202122 1K
NA18873 HG03540#2#JAGYVX010000148.1_1368955_1877115_0$HG01109#2#JAHEOZ010000047.1_16671232_17151375_0	0.9799656327256339 1K
NA18873 HG00741#1#JAHALY010000007.1_18781197_19307680_1$HG01071#1#JAHBCF010000053.1_26607100_27108065_1	0.9799248508775140 1K
NA18873 AV_HG01106#haplotype1#0000048:16666181$17262214$HG02293.verkko_filt_mat.fa:haplotype1_0000039_30204405_30517145_1	0.9798996534525437 1K
NA18873 AV_HG01106#haplotype1#0000048:16666181$17262214$HG04228.verkko_filt_pat.fa:haplotype2_0000600_103806749_104119491_0	0.9798818952703775 1K
NA18873 HG00741#1#JAHALY010000007.1_18781197_19307680_1$HG01258#1#JAGYYV010000004.1_56955948_57456952_1	0.9798112200616450 1K
NA18873 AV_HG01106#haplotype2#0000932:16673968$17175925$HG002.verkko_filt_mat.fa:haplotype1_0000005_138228497_138636354_1	0.9796100927280406 1K
NA18873 HG00741#1#JAHALY010000007.1_18781197_19307680_1$HG02486#1#JAGYVM010000007.1_28868414_29370339_1	0.9796086260971941 1K
NA18873 HG002.verkko_filt_pat.fa:haplotype2_0000649_147937390_148315979_1$HG01099.verkko_filt_pat.fa:haplotype2_0000583_143544270_144046196_1	0.9795672703570960 1K
NA18873 HG03486#2#JAHEOP010000248.1_2105565_2584784_1$HG01358#1#JAGYZB010000020.1_27445742_27855492_1	0.9795428142319872 1K
NA18873 chr1_chm13_103304997_103901127_0$HG02293.verkko_filt_mat.fa:haplotype1_0000039_30204405_30517145_1	0.9795415372018622 1K
NA18873 AV_HG01106#haplotype2#0000932:16673968$17175925$HG03486#1#JAHEOQ010000123.1_16677696_17085575_0	0.9794371046783000 1K
NA18873 HG03540#1#JAGYVY010000208.1_95187_596142_0$HG002.verkko_filt_pat.fa:haplotype2_0000649_147937390_148315979_1	0.9793996462546506 1K
NA18873 AV_HG01106#haplotype2#0000932:16673968$17175925$HG03453#2#JAGYVV010000088.1_22597550_23005370_1	0.9793873158925311 1K
NA18873 AV_HG01106#haplotype2#0000932:16673968$17175925$HG02071.verkko_filt_mat.fa:haplotype1_0000041_103610513_104018399_0	0.9793601330022428 1K
NA18873 NA20129#2#JAHEPD010000155.1_90039_569275_0$HG03492#1#JAHEPI010000180.1_2103395_2543326_1	0.9793235054774236 1K
NA18873 AV_HG01106#haplotype2#0000932:16673968$17175925$AV_HG01175#haplotype1#0000070:46006269$46414083	0.9793224914896610 1K
NA18873 AV_HG01106#haplotype2#0000932:16673968$17175925$HG01928#1#JAGYVQ010000053.1_16676493_17083407_0	0.9793158431705344 1K
NA18873 HG03453#1#JAGYVW010000157.1_2105722_2585000_1$HG01358#1#JAGYZB010000020.1_27445742_27855492_1	0.9793039642215851 1K
NA18873 HG00438#1#JAHBCB010000015.1_33474867_33954171_0$HG03540#2#JAGYVX010000148.1_1368955_1877115_0	0.9792963388009148 1K
NA18873 HG03540#2#JAGYVX010000148.1_1368955_1877115_0$NA18906#2#JAHEON010000009.1_93748295_94249275_0	0.9792647926350933 1K
NA18873 AV_HG01106#haplotype2#0000932:16673968$17175925$HG005#2#JAHEPN010000023.1_51542210_51950070_0	0.9792627999685291 1K
NA18873 AV_HG01106#haplotype2#0000932:16673968$17175925$HG01978#2#JAGYVR010000007.1_51532241_51939176_0	0.9792521359635806 1K
NA18873 AV_HG01106#haplotype2#0000932:16673968$17175925$HG00621#2#JAHBCC010000031.1_16669999_17077865_0	0.9792391843205729 1K
NA18873 HG01978#1#JAGYVS010000002.1_51519970_52021951_0$HG03453#2#JAGYVV010000088.1_22597550_23005370_1	0.9792291487993742 1K
NA18873 AV_HG01106#haplotype2#0000932:16673968$17175925$HG02004.verkko_filt_mat.fa:haplotype1_0000022_97828542_98235483_0	0.9792265029599332 1K
NA18873 HG03540#2#JAGYVX010000148.1_1368955_1877115_0$HG03540#1#JAGYVY010000208.1_95187_596142_0	0.9791943086917277 1K
NA18873 AV_HG01106#haplotype1#0000048:16666181$17262214$HG00438#2#JAHBCA010000012.1_51513023_51826723_0	0.9791706992791920 1K
NA18873 AV_HG01106#haplotype2#0000932:16673968$17175925$chr1_hg38_103456064_103863972_0	0.9791614576421195 1K
NA18873 AV_HG01106#haplotype2#0000932:16673968$17175925$chr1_hg19_103998686_104406594_0	0.9791614576421195 1K
NA18873 HG01123#2#JAGYYY010000006.1_51579630_51892388_0$chr1_chm13_103304997_103901127_0	0.9791493553204536 1K
NA18873 AV_HG01175#haplotype1#0000070:46006269$46414083$HG01978#1#JAGYVS010000002.1_51519970_52021951_0	0.9791479149598352 1K
NA18873 HG03540#2#JAGYVX010000148.1_1368955_1877115_0$HG01099.verkko_filt_pat.fa:haplotype2_0000583_143544270_144046196_1	0.9791408080187423 1K
NA18873 HG02622#2#JAHAON010000012.1_51551779_52031001_0$HG03492#1#JAHEPI010000180.1_2103395_2543326_1	0.9791053715159032 1K
NA18873 HG01978#1#JAGYVS010000002.1_51519970_52021951_0$HG002.verkko_filt_mat.fa:haplotype1_0000005_138228497_138636354_1	0.9791020974461704 1K
NA18873 AV_HG01106#haplotype1#0000048:16666181$17262214$HG00733#1#JAHEPQ010000019.1_46106835_46420495_0	0.9790751320408642 1K
NA18873 AV_HG01175#haplotype1#0000070:46006269$46414083$HG02293.verkko_filt_pat.fa:haplotype2_0000836_148310532_148812524_1	0.9790697111780443 1K
NA18873 HG01978#1#JAGYVS010000002.1_51519970_52021951_0$HG02071.verkko_filt_mat.fa:haplotype1_0000041_103610513_104018399_0	0.9790270971233241 1K
NA18873 HG01071#1#JAHBCF010000053.1_26607100_27108065_1$HG03540#2#JAGYVX010000148.1_1368955_1877115_0	0.9789915111431189 1K
NA18873 HG02080#2#JAHEOV010000017.1_16662177_17164189_0$HG03453#2#JAGYVV010000088.1_22597550_23005370_1	0.9789862532794209 1K
NA18873 AV_HG00673#haplotype1#0000019:16627360$17129375$AV_HG01175#haplotype1#0000070:46006269$46414083	0.9789819973809665 1K
NA18873 AV_HG01175#haplotype1#0000070:46006269$46414083$HG02080#2#JAHEOV010000017.1_16662177_17164189_0	0.9789803535029270 1K
NA18873 AV_HG02148#haplotype2#0002863:16304803$16712699$HG01978#1#JAGYVS010000002.1_51519970_52021951_0	0.9789757841244285 1K
NA18873 HG03486#1#JAHEOQ010000123.1_16677696_17085575_0$HG01978#1#JAGYVS010000002.1_51519970_52021951_0	0.9789732774298961 1K
NA18873 AV_HG01106#haplotype1#0000048:16666181$17262214$HG01099.verkko_filt_pat.fa:haplotype2_0000583_143544270_144046196_1	0.9789653229669538 1K
NA18873 AV_HG00673#haplotype1#0000019:16627360$17129375$HG03453#2#JAGYVV010000088.1_22597550_23005370_1	0.9789609949381867 1K
NA18873 AV_HG01106#haplotype2#0000932:16673968$17175925$AV_HG02148#haplotype2#0002863:16304803$16712699	0.9789321567773566 1K
NA18873 AV_HG01106#haplotype2#0000932:16673968$17175925$HG02300.verkko_filt_pat.fa:haplotype2_0000620_143362344_143769323_1	0.9789255311869631 1K
NA18873 HG01978#1#JAGYVS010000002.1_51519970_52021951_0$HG02300.verkko_filt_pat.fa:haplotype2_0000620_143362344_143769323_1	0.9789202976927422 1K
NA18873 HG03453#2#JAGYVV010000088.1_22597550_23005370_1$HG02293.verkko_filt_pat.fa:haplotype2_0000836_148310532_148812524_1	0.9789131523767577 1K
NA18873 HG04228.verkko_filt_mat.fa:haplotype1_0000023_103429213_103930285_0$HG002.verkko_filt_mat.fa:haplotype1_0000005_138228497_138636354_1	0.9789078515231356 1K
NA18873 HG00621#2#JAHBCC010000031.1_16669999_17077865_0$HG01978#1#JAGYVS010000002.1_51519970_52021951_0	0.9789007958642048 1K
NA18873 AV_HG01175#haplotype1#0000070:46006269$46414083$HG04228.verkko_filt_mat.fa:haplotype1_0000023_103429213_103930285_0	0.9788995217666312 1K
NA18873 AV_HG02148#haplotype2#0002863:16304803$16712699$HG02293.verkko_filt_pat.fa:haplotype2_0000836_148310532_148812524_1	0.9788823919317675 1K
NA18873 HG01258#1#JAGYYV010000004.1_56955948_57456952_1$HG03540#2#JAGYVX010000148.1_1368955_1877115_0	0.9788821242055086 1K
NA18873 AV_HG00673#haplotype1#0000019:16627360$17129375$HG002.verkko_filt_mat.fa:haplotype1_0000005_138228497_138636354_1	0.9788815925704631 1K
NA18873 HG02071.verkko_filt_mat.fa:haplotype1_0000041_103610513_104018399_0$HG02293.verkko_filt_pat.fa:haplotype2_0000836_148310532_148812524_1	0.9788782474784414 1K
NA18873 HG00621#1#JAHBCD010000034.1_2122997_2624098_1$HG03453#2#JAGYVV010000088.1_22597550_23005370_1	0.9788512157547672 1K
NA18873 AV_HG01106#haplotype1#0000048:16666181$17262214$HG01123#2#JAGYYY010000006.1_51579630_51892388_0	0.9788396784754798 1K
NA18873 HG00621#2#JAHBCC010000031.1_16669999_17077865_0$HG04228.verkko_filt_mat.fa:haplotype1_0000023_103429213_103930285_0	0.9788381823491340 1K
NA18873 HG02080#2#JAHEOV010000017.1_16662177_17164189_0$HG002.verkko_filt_mat.fa:haplotype1_0000005_138228497_138636354_1	0.9788363686430059 1K
NA18873 AV_HG01175#haplotype1#0000070:46006269$46414083$HG00621#1#JAHBCD010000034.1_2122997_2624098_1	0.9788287881208964 1K
NA18873 chr1_hg19_103998686_104406594_0$HG01978#1#JAGYVS010000002.1_51519970_52021951_0	0.9788175135678933 1K
NA18873 HG01978#1#JAGYVS010000002.1_51519970_52021951_0$chr1_hg38_103456064_103863972_0	0.9788175135678933 1K
NA18873 AV_HG01106#haplotype1#0000048:16666181$17262214$HG03540#1#JAGYVY010000208.1_95187_596142_0	0.9788094408267451 1K
NA18873 AV_HG00673#haplotype1#0000019:16627360$17129375$HG00621#2#JAHBCC010000031.1_16669999_17077865_0	0.9788063753844917 1K
NA18873 HG00621#2#JAHBCC010000031.1_16669999_17077865_0$HG00621#1#JAHBCD010000034.1_2122997_2624098_1	0.9788055073905831 1K
NA18873 HG00621#1#JAHBCD010000034.1_2122997_2624098_1$HG002.verkko_filt_mat.fa:haplotype1_0000005_138228497_138636354_1	0.9787991403875965 1K
NA18873 HG00621#2#JAHBCC010000031.1_16669999_17077865_0$HG02080#2#JAHEOV010000017.1_16662177_17164189_0	0.9787937292905523 1K
NA18873 HG00621#2#JAHBCC010000031.1_16669999_17077865_0$HG02293.verkko_filt_pat.fa:haplotype2_0000836_148310532_148812524_1	0.9787854665558774 1K
NA18873 HG002.verkko_filt_mat.fa:haplotype1_0000005_138228497_138636354_1$HG02293.verkko_filt_pat.fa:haplotype2_0000836_148310532_148812524_1	0.9787790210058035 1K
NA18873 HG03453#2#JAGYVV010000088.1_22597550_23005370_1$HG04228.verkko_filt_mat.fa:haplotype1_0000023_103429213_103930285_0	0.9787704679729363 1K
NA18873 HG01928#1#JAGYVQ010000053.1_16676493_17083407_0$HG01978#1#JAGYVS010000002.1_51519970_52021951_0	0.9787702895058059 1K
NA18873 AV_HG00673#haplotype1#0000019:16627360$17129375$HG02300.verkko_filt_pat.fa:haplotype2_0000620_143362344_143769323_1	0.9787592898212992 1K
NA18873 AV_HG00673#haplotype1#0000019:16627360$17129375$HG02071.verkko_filt_mat.fa:haplotype1_0000041_103610513_104018399_0	0.9787523899169890 1K
NA18873 HG03492#2#JAHEPH010000288.1_2098270_2432686_1$chr1_chm13_103304997_103901127_0	0.9787465016088734 1K
NA18873 AV_HG00673#haplotype1#0000019:16627360$17129375$AV_HG02148#haplotype2#0002863:16304803$16712699	0.9787455988107602 1K
NA18873 HG02080#2#JAHEOV010000017.1_16662177_17164189_0$HG02300.verkko_filt_pat.fa:haplotype2_0000620_143362344_143769323_1	0.9787359513912209 1K
NA18873 HG03492#1#JAHEPI010000180.1_2103395_2543326_1$HG01109#2#JAHEOZ010000047.1_16671232_17151375_0	0.9787343077310030 1K
NA18873 HG01978#1#JAGYVS010000002.1_51519970_52021951_0$HG02004.verkko_filt_mat.fa:haplotype1_0000022_97828542_98235483_0	0.9787301232237527 1K
NA18873 AV_HG02148#haplotype2#0002863:16304803$16712699$HG02080#2#JAHEOV010000017.1_16662177_17164189_0	0.9787219364937629 1K
NA18873 HG02300.verkko_filt_pat.fa:haplotype2_0000620_143362344_143769323_1$HG02293.verkko_filt_pat.fa:haplotype2_0000836_148310532_148812524_1	0.9787054774207733 1K
NA18873 chr1_chm13_103304997_103901127_0$HG01099.verkko_filt_pat.fa:haplotype2_0000583_143544270_144046196_1	0.9786992622871836 1K
NA18873 HG04228.verkko_filt_mat.fa:haplotype1_0000023_103429213_103930285_0$HG02071.verkko_filt_mat.fa:haplotype1_0000041_103610513_104018399_0	0.9786972260859660 1K
NA18873 HG00741#1#JAHALY010000007.1_18781197_19307680_1$HG03927.verkko_filt_pat.fa:haplotype2_0000800_29002142_29504057_1	0.9786823229173797 1K
NA18873 HG00621#1#JAHBCD010000034.1_2122997_2624098_1$HG02071.verkko_filt_mat.fa:haplotype1_0000041_103610513_104018399_0	0.9786807659663131 1K
NA18873 HG01243#1#JAHEOY010000013.1_90081_424495_0$chr1_chm13_103304997_103901127_0	0.9786797823721717 1K
NA18873 AV_HG01106#haplotype2#0000932:16673968$17175925$HG01978#1#JAGYVS010000002.1_51519970_52021951_0	0.9786662432078543 1K
NA18873 HG02080#2#JAHEOV010000017.1_16662177_17164189_0$HG02071.verkko_filt_mat.fa:haplotype1_0000041_103610513_104018399_0	0.9786635437672366 1K
NA18873 HG01978#1#JAGYVS010000002.1_51519970_52021951_0$HG01978#2#JAGYVR010000007.1_51532241_51939176_0	0.9786626529403901 1K
NA18873 AV_HG01175#haplotype1#0000070:46006269$46414083$HG02071.verkko_filt_pat.fa:haplotype2_0000736_102745972_103248026_0	0.9786621441422142 1K
NA18873 HG03453#2#JAGYVV010000088.1_22597550_23005370_1$HG02071.verkko_filt_pat.fa:haplotype2_0000736_102745972_103248026_0	0.9786528965601291 1K
NA18873 HG03540#1#JAGYVY010000208.1_95187_596142_0$chr1_chm13_103304997_103901127_0	0.9786500393193542 1K
NA18873 AV_HG01106#haplotype1#0000048:16666181$17262214$HG03453#2#JAGYVV010000088.1_22597550_23005370_1	0.9786463108624601 1K
NA18873 HG03486#1#JAHEOQ010000123.1_16677696_17085575_0$HG04228.verkko_filt_mat.fa:haplotype1_0000023_103429213_103930285_0	0.9786180247405670 1K
NA18873 AV_HG00673#haplotype1#0000019:16627360$17129375$HG03486#1#JAHEOQ010000123.1_16677696_17085575_0	0.9786130183905521 1K
NA18873 HG01978#1#JAGYVS010000002.1_51519970_52021951_0$HG005#2#JAHEPN010000023.1_51542210_51950070_0	0.9786083013043616 1K
NA18873 AV_HG01106#haplotype1#0000048:16666181$17262214$HG002.verkko_filt_mat.fa:haplotype1_0000005_138228497_138636354_1	0.9786053269438173 1K
NA18873 HG002.verkko_filt_mat.fa:haplotype1_0000005_138228497_138636354_1$HG02071.verkko_filt_pat.fa:haplotype2_0000736_102745972_103248026_0	0.9785997559680455 1K
NA18873 HG03486#1#JAHEOQ010000123.1_16677696_17085575_0$HG02080#2#JAHEOV010000017.1_16662177_17164189_0	0.9785892049047549 1K
NA18873 HG00621#1#JAHBCD010000034.1_2122997_2624098_1$HG03486#1#JAHEOQ010000123.1_16677696_17085575_0	0.9785846725233281 1K
NA18873 AV_HG01106#haplotype1#0000048:16666181$17262214$AV_HG01175#haplotype1#0000070:46006269$46414083	0.9785831433641139 1K
NA18873 AV_HG01106#haplotype1#0000048:16666181$17262214$HG02071.verkko_filt_mat.fa:haplotype1_0000041_103610513_104018399_0	0.9785775046758448 1K
NA18873 chr1_hg38_103456064_103863972_0$HG02293.verkko_filt_pat.fa:haplotype2_0000836_148310532_148812524_1	0.9785659142563827 1K
NA18873 chr1_hg19_103998686_104406594_0$HG02293.verkko_filt_pat.fa:haplotype2_0000836_148310532_148812524_1	0.9785659142563827 1K
NA18873 AV_HG02148#haplotype2#0002863:16304803$16712699$HG04228.verkko_filt_mat.fa:haplotype1_0000023_103429213_103930285_0	0.9785658140835273 1K
NA18873 AV_HG01106#haplotype1#0000048:16666181$17262214$chr1_hg38_103456064_103863972_0	0.9785634689764291 1K
NA18873 AV_HG01106#haplotype1#0000048:16666181$17262214$chr1_hg19_103998686_104406594_0	0.9785634689764291 1K
NA18873 chr1_chm13_103304997_103901127_0$HG00733#1#JAHEPQ010000019.1_46106835_46420495_0	0.9785606014240716 1K
NA18873 AV_HG02148#haplotype2#0002863:16304803$16712699$HG00621#1#JAHBCD010000034.1_2122997_2624098_1	0.9785596810904772 1K
NA18873 chr1_hg38_103456064_103863972_0$HG04228.verkko_filt_mat.fa:haplotype1_0000023_103429213_103930285_0	0.9785588600853659 1K
NA18873 chr1_hg19_103998686_104406594_0$HG04228.verkko_filt_mat.fa:haplotype1_0000023_103429213_103930285_0	0.9785588600853659 1K
NA18873 chr1_chm13_103304997_103901127_0$HG002.verkko_filt_pat.fa:haplotype2_0000649_147937390_148315979_1	0.9785563933288107 1K
NA18873 NA18906#2#JAHEON010000009.1_93748295_94249275_0$chr1_chm13_103304997_103901127_0	0.9785476172950682 1K
NA18873 HG03540#2#JAGYVX010000148.1_1368955_1877115_0$HG02486#1#JAGYVM010000007.1_28868414_29370339_1	0.9785274043935065 1K
NA18873 HG00438#2#JAHBCA010000012.1_51513023_51826723_0$chr1_chm13_103304997_103901127_0	0.9785271157266817 1K
NA18873 AV_HG01106#haplotype2#0000932:16673968$17175925$HG02293.verkko_filt_pat.fa:haplotype2_0000836_148310532_148812524_1	0.9785205354808811 1K
NA18873 AV_HG00673#haplotype1#0000019:16627360$17129375$AV_HG01106#haplotype2#0000932:16673968$17175925	0.9785106578737280 1K
NA18873 HG02300.verkko_filt_pat.fa:haplotype2_0000620_143362344_143769323_1$HG02071.verkko_filt_pat.fa:haplotype2_0000736_102745972_103248026_0	0.9784988052758598 1K
NA18873 HG02071.verkko_filt_mat.fa:haplotype1_0000041_103610513_104018399_0$HG02071.verkko_filt_pat.fa:haplotype2_0000736_102745972_103248026_0	0.9784979199769644 1K
NA18873 AV_HG01106#haplotype2#0000932:16673968$17175925$HG04228.verkko_filt_mat.fa:haplotype1_0000023_103429213_103930285_0	0.9784849857189636 1K
NA18873 HG00621#2#JAHBCC010000031.1_16669999_17077865_0$HG02071.verkko_filt_pat.fa:haplotype2_0000736_102745972_103248026_0	0.9784705445687532 1K
NA18873 AV_HG01106#haplotype1#0000048:16666181$17262214$HG03492#2#JAHEPH010000288.1_2098270_2432686_1	0.9784686889705699 1K
NA18873 AV_HG01106#haplotype2#0000932:16673968$17175925$HG02080#2#JAHEOV010000017.1_16662177_17164189_0	0.9784684201622627 1K
NA18873 HG04228.verkko_filt_mat.fa:haplotype1_0000023_103429213_103930285_0$HG02300.verkko_filt_pat.fa:haplotype2_0000620_143362344_143769323_1	0.9784645610397057 1K
NA18873 HG00621#1#JAHBCD010000034.1_2122997_2624098_1$HG02300.verkko_filt_pat.fa:haplotype2_0000620_143362344_143769323_1	0.9784372335989782 1K
NA18873 HG03492#2#JAHEPH010000288.1_2098270_2432686_1$HG01099.verkko_filt_pat.fa:haplotype2_0000583_143544270_144046196_1	0.9784286993668717 1K
NA18873 AV_HG01106#haplotype1#0000048:16666181$17262214$HG03486#1#JAHEOQ010000123.1_16677696_17085575_0	0.9784281830896729 1K
NA18873 HG03486#1#JAHEOQ010000123.1_16677696_17085575_0$HG02293.verkko_filt_pat.fa:haplotype2_0000836_148310532_148812524_1	0.9784242731804691 1K
NA18873 AV_HG01106#haplotype1#0000048:16666181$17262214$NA18906#2#JAHEON010000009.1_93748295_94249275_0	0.9784165793198153 1K
NA18873 AV_HG01106#haplotype1#0000048:16666181$17262214$HG01243#1#JAHEOY010000013.1_90081_424495_0	0.9784163517464808 1K
NA18873 AV_HG01106#haplotype1#0000048:16666181$17262214$HG02486#1#JAGYVM010000007.1_28868414_29370339_1	0.9784155726480136 1K
NA18873 AV_HG01106#haplotype1#0000048:16666181$17262214$HG002.verkko_filt_pat.fa:haplotype2_0000649_147937390_148315979_1	0.9784141359589320 1K
NA18873 AV_HG01106#haplotype1#0000048:16666181$17262214$HG005#2#JAHEPN010000023.1_51542210_51950070_0	0.9784136112284697 1K
NA18873 AV_HG02148#haplotype2#0002863:16304803$16712699$HG02071.verkko_filt_pat.fa:haplotype2_0000736_102745972_103248026_0	0.9784047893139430 1K
NA18873 AV_HG00673#haplotype1#0000019:16627360$17129375$chr1_hg38_103456064_103863972_0	0.9783964466559917 1K
NA18873 AV_HG00673#haplotype1#0000019:16627360$17129375$chr1_hg19_103998686_104406594_0	0.9783964466559917 1K
NA18873 AV_HG01106#haplotype1#0000048:16666181$17262214$AV_HG02148#haplotype2#0002863:16304803$16712699	0.9783906056120913 1K
NA18873 chr1_hg19_103998686_104406594_0$HG02080#2#JAHEOV010000017.1_16662177_17164189_0	0.9783890495676626 1K
NA18873 HG02080#2#JAHEOV010000017.1_16662177_17164189_0$chr1_hg38_103456064_103863972_0	0.9783890495676626 1K
NA18873 HG01243#1#JAHEOY010000013.1_90081_424495_0$HG01099.verkko_filt_pat.fa:haplotype2_0000583_143544270_144046196_1	0.9783873024587354 1K
NA18873 HG00438#1#JAHBCB010000015.1_33474867_33954171_0$HG03492#1#JAHEPI010000180.1_2103395_2543326_1	0.9783746449224053 1K
NA18873 HG01978#2#JAGYVR010000007.1_51532241_51939176_0$HG02293.verkko_filt_pat.fa:haplotype2_0000836_148310532_148812524_1	0.9783581421187650 1K
NA18873 AV_HG01106#haplotype1#0000048:16666181$17262214$HG00621#2#JAHBCC010000031.1_16669999_17077865_0	0.9783524563734078 1K
NA18873 AV_HG01106#haplotype2#0000932:16673968$17175925$HG00621#1#JAHBCD010000034.1_2122997_2624098_1	0.9783399386467735 1K
NA18873 HG005#2#JAHEPN010000023.1_51542210_51950070_0$HG04228.verkko_filt_mat.fa:haplotype1_0000023_103429213_103930285_0	0.9783253878236929 1K
NA18873 HG005#2#JAHEPN010000023.1_51542210_51950070_0$HG02293.verkko_filt_pat.fa:haplotype2_0000836_148310532_148812524_1	0.9783215093550364 1K
NA18873 HG03492#2#JAHEPH010000288.1_2098270_2432686_1$HG03540#1#JAGYVY010000208.1_95187_596142_0	0.9783202823957468 1K
NA18873 AV_HG01106#haplotype1#0000048:16666181$17262214$HG02004.verkko_filt_mat.fa:haplotype1_0000022_97828542_98235483_0	0.9783072199693742 1K
NA18873 HG01243#1#JAHEOY010000013.1_90081_424495_0$HG03540#1#JAGYVY010000208.1_95187_596142_0	0.9782998961475413 1K
NA18873 AV_HG01106#haplotype1#0000048:16666181$17262214$HG01928#1#JAGYVQ010000053.1_16676493_17083407_0	0.9782982679325568 1K
NA18873 HG01928#1#JAGYVQ010000053.1_16676493_17083407_0$HG02080#2#JAHEOV010000017.1_16662177_17164189_0	0.9782945162740838 1K
NA18873 HG03486#1#JAHEOQ010000123.1_16677696_17085575_0$HG02071.verkko_filt_pat.fa:haplotype2_0000736_102745972_103248026_0	0.9782943878299852 1K
NA18873 AV_HG01106#haplotype1#0000048:16666181$17262214$HG01978#2#JAGYVR010000007.1_51532241_51939176_0	0.9782925311217225 1K
NA18873 HG02004.verkko_filt_mat.fa:haplotype1_0000022_97828542_98235483_0$HG02293.verkko_filt_pat.fa:haplotype2_0000836_148310532_148812524_1	0.9782908817051514 1K
NA18873 HG01928#1#JAGYVQ010000053.1_16676493_17083407_0$HG02293.verkko_filt_pat.fa:haplotype2_0000836_148310532_148812524_1	0.9782819678912120 1K
NA18873 AV_HG01106#haplotype2#0000932:16673968$17175925$HG02071.verkko_filt_pat.fa:haplotype2_0000736_102745972_103248026_0	0.9782753153783501 1K
NA18873 HG00621#1#JAHBCD010000034.1_2122997_2624098_1$chr1_hg38_103456064_103863972_0	0.9782648410730570 1K
NA18873 HG00621#1#JAHBCD010000034.1_2122997_2624098_1$chr1_hg19_103998686_104406594_0	0.9782648410730570 1K
NA18873 AV_HG00673#haplotype1#0000019:16627360$17129375$HG01928#1#JAGYVQ010000053.1_16676493_17083407_0	0.9782642611944982 1K
NA18873 HG02486#1#JAGYVM010000007.1_28868414_29370339_1$chr1_chm13_103304997_103901127_0	0.9782612944990151 1K
NA18873 HG02080#2#JAHEOV010000017.1_16662177_17164189_0$HG02004.verkko_filt_mat.fa:haplotype1_0000022_97828542_98235483_0	0.9782491176424359 1K
NA18873 AV_HG00673#haplotype1#0000019:16627360$17129375$HG01978#2#JAGYVR010000007.1_51532241_51939176_0	0.9782483217114603 1K
NA18873 HG03453#2#JAGYVV010000088.1_22597550_23005370_1$chr1_chm13_103304997_103901127_0	0.9782465306199890 1K
NA18873 HG02080#2#JAHEOV010000017.1_16662177_17164189_0$HG01978#2#JAGYVR010000007.1_51532241_51939176_0	0.9782461476868072 1K
NA18873 chr1_chm13_103304997_103901127_0$HG002.verkko_filt_mat.fa:haplotype1_0000005_138228497_138636354_1	0.9782354804868264 1K
NA18873 AV_HG01106#haplotype1#0000048:16666181$17262214$HG02300.verkko_filt_pat.fa:haplotype2_0000620_143362344_143769323_1	0.9782184786350779 1K
NA18873 AV_HG01175#haplotype1#0000070:46006269$46414083$chr1_chm13_103304997_103901127_0	0.9782135663067539 1K
NA18873 chr1_hg38_103456064_103863972_0$chr1_chm13_103304997_103901127_0	0.9781741170934716 1K
NA18873 chr1_hg19_103998686_104406594_0$chr1_chm13_103304997_103901127_0	0.9781741170934716 1K
NA18873 AV_HG00673#haplotype1#0000019:16627360$17129375$HG02004.verkko_filt_mat.fa:haplotype1_0000022_97828542_98235483_0	0.9781646600567613 1K
NA18873 chr1_chm13_103304997_103901127_0$HG02071.verkko_filt_mat.fa:haplotype1_0000041_103610513_104018399_0	0.9781419623344910 1K
NA18873 AV_HG01106#haplotype2#0000932:16673968$17175925$HG00741#1#JAHALY010000007.1_18781197_19307680_1	0.9781372555336195 1K
NA18873 HG01978#1#JAGYVS010000002.1_51519970_52021951_0$HG02293.verkko_filt_pat.fa:haplotype2_0000836_148310532_148812524_1	0.9781067181287436 1K
NA18873 NA20129#2#JAHEPD010000155.1_90039_569275_0$HG02004.verkko_filt_pat.fa:haplotype2_0000813_139386576_140076845_1	0.9781023414556491 1K
NA18873 chr1_hg38_103456064_103863972_0$HG02071.verkko_filt_pat.fa:haplotype2_0000736_102745972_103248026_0	0.9780990874939876 1K
NA18873 chr1_hg19_103998686_104406594_0$HG02071.verkko_filt_pat.fa:haplotype2_0000736_102745972_103248026_0	0.9780990874939876 1K
NA18873 HG02622#2#JAHAON010000012.1_51551779_52031001_0$HG02004.verkko_filt_pat.fa:haplotype2_0000813_139386576_140076845_1	0.9780955898872508 1K
NA18873 HG01978#1#JAGYVS010000002.1_51519970_52021951_0$HG04228.verkko_filt_mat.fa:haplotype1_0000023_103429213_103930285_0	0.9780943685186423 1K
NA18873 AV_HG01106#haplotype1#0000048:16666181$17262214$HG00741#1#JAHALY010000007.1_18781197_19307680_1	0.9780728205772862 1K
NA18873 AV_HG02148#haplotype2#0002863:16304803$16712699$chr1_chm13_103304997_103901127_0	0.9780719315294784 1K
NA18873 AV_HG00673#haplotype1#0000019:16627360$17129375$HG01978#1#JAGYVS010000002.1_51519970_52021951_0	0.9780657562333800 1K
NA18873 AV_HG00673#haplotype1#0000019:16627360$17129375$HG005#2#JAHEPN010000023.1_51542210_51950070_0	0.9780434277336294 1K
NA18873 HG02080#2#JAHEOV010000017.1_16662177_17164189_0$HG005#2#JAHEPN010000023.1_51542210_51950070_0	0.9780354845106372 1K
NA18873 HG03486#1#JAHEOQ010000123.1_16677696_17085575_0$chr1_chm13_103304997_103901127_0	0.9780246546504335 1K
NA18873 HG00621#1#JAHBCD010000034.1_2122997_2624098_1$HG005#2#JAHEPN010000023.1_51542210_51950070_0	0.9780092719849712 1K
NA18873 HG01978#2#JAGYVR010000007.1_51532241_51939176_0$HG04228.verkko_filt_mat.fa:haplotype1_0000023_103429213_103930285_0	0.9779931144224853 1K
NA18873 HG01928#1#JAGYVQ010000053.1_16676493_17083407_0$chr1_chm13_103304997_103901127_0	0.9779799439903616 1K
NA18873 HG00621#2#JAHBCC010000031.1_16669999_17077865_0$chr1_chm13_103304997_103901127_0	0.9779795257984896 1K
NA18873 chr1_chm13_103304997_103901127_0$HG02300.verkko_filt_pat.fa:haplotype2_0000620_143362344_143769323_1	0.9779726606091288 1K
NA18873 HG01928#1#JAGYVQ010000053.1_16676493_17083407_0$HG04228.verkko_filt_mat.fa:haplotype1_0000023_103429213_103930285_0	0.9779607084403660 1K
NA18873 HG02080#2#JAHEOV010000017.1_16662177_17164189_0$HG01978#1#JAGYVS010000002.1_51519970_52021951_0	0.9779461000112205 1K
NA18873 HG005#2#JAHEPN010000023.1_51542210_51950070_0$chr1_chm13_103304997_103901127_0	0.9779328944247467 1K
NA18873 HG01978#2#JAGYVR010000007.1_51532241_51939176_0$chr1_chm13_103304997_103901127_0	0.9779312386823491 1K
NA18873 HG04228.verkko_filt_mat.fa:haplotype1_0000023_103429213_103930285_0$HG02004.verkko_filt_mat.fa:haplotype1_0000022_97828542_98235483_0	0.9779262994138483 1K
NA18873 HG005#2#JAHEPN010000023.1_51542210_51950070_0$HG02071.verkko_filt_pat.fa:haplotype2_0000736_102745972_103248026_0	0.9779262901701877 1K
NA18873 HG00741#1#JAHALY010000007.1_18781197_19307680_1$HG01978#1#JAGYVS010000002.1_51519970_52021951_0	0.9779238988275760 1K
NA18873 AV_HG01106#haplotype1#0000048:16666181$17262214$HG03927.verkko_filt_pat.fa:haplotype2_0000800_29002142_29504057_1	0.9779132934517946 1K
NA18873 HG03453#1#JAGYVW010000157.1_2105722_2585000_1$HG02004.verkko_filt_pat.fa:haplotype2_0000813_139386576_140076845_1	0.9779128491108572 1K
NA18873 chr1_chm13_103304997_103901127_0$HG02004.verkko_filt_mat.fa:haplotype1_0000022_97828542_98235483_0	0.9779078479829565 1K
NA18873 HG01978#2#JAGYVR010000007.1_51532241_51939176_0$HG02071.verkko_filt_pat.fa:haplotype2_0000736_102745972_103248026_0	0.9778811361185925 1K
NA18873 HG00621#1#JAHBCD010000034.1_2122997_2624098_1$HG01978#1#JAGYVS010000002.1_51519970_52021951_0	0.9778795317666955 1K
NA18873 HG01978#1#JAGYVS010000002.1_51519970_52021951_0$HG02071.verkko_filt_pat.fa:haplotype2_0000736_102745972_103248026_0	0.9778733395654430 1K
NA18873 HG03540#2#JAGYVX010000148.1_1368955_1877115_0$HG03927.verkko_filt_pat.fa:haplotype2_0000800_29002142_29504057_1	0.9778703400784677 1K
NA18873 HG02109#1#JAHEPG010000026.1_16673035_17080816_0$HG03540#2#JAGYVX010000148.1_1368955_1877115_0	0.9778444865696339 1K
NA18873 HG01928#1#JAGYVQ010000053.1_16676493_17083407_0$HG02071.verkko_filt_pat.fa:haplotype2_0000736_102745972_103248026_0	0.9777731288089927 1K
NA18873 HG002.verkko_filt_pat.fa:haplotype2_0000649_147937390_148315979_1$HG03927.verkko_filt_pat.fa:haplotype2_0000800_29002142_29504057_1	0.9777644242625143 1K
NA18873 HG00741#1#JAHALY010000007.1_18781197_19307680_1$chr1_chm13_103304997_103901127_0	0.9777611466869808 1K
NA18873 HG02486#1#JAGYVM010000007.1_28868414_29370339_1$HG002.verkko_filt_pat.fa:haplotype2_0000649_147937390_148315979_1	0.9777483552973265 1K
NA18873 HG00621#1#JAHBCD010000034.1_2122997_2624098_1$HG01928#1#JAGYVQ010000053.1_16676493_17083407_0	0.9777364724294333 1K
NA18873 HG02004.verkko_filt_mat.fa:haplotype1_0000022_97828542_98235483_0$HG02071.verkko_filt_pat.fa:haplotype2_0000736_102745972_103248026_0	0.9777333476180801 1K
NA18873 HG03540#2#JAGYVX010000148.1_1368955_1877115_0$HG02809.verkko_filt_pat.fa:haplotype2_0001251_103421111_103827972_0	0.9777215932775724 1K
NA18873 HG00621#1#JAHBCD010000034.1_2122997_2624098_1$HG01978#2#JAGYVR010000007.1_51532241_51939176_0	0.9776551372166662 1K
NA18873 HG01109#2#JAHEOZ010000047.1_16671232_17151375_0$HG02004.verkko_filt_pat.fa:haplotype2_0000813_139386576_140076845_1	0.9776457438577170 1K
NA18873 HG03540#2#JAGYVX010000148.1_1368955_1877115_0$HG02717#2#JAHAOR010000006.1_19663827_20070693_1	0.9776231721603140 1K
NA18873 HG02080#2#JAHEOV010000017.1_16662177_17164189_0$HG04228.verkko_filt_mat.fa:haplotype1_0000023_103429213_103930285_0	0.9776040615332148 1K
NA18873 HG02559#1#JAGYVK010000012.1_51505852_51913611_0$HG03540#2#JAGYVX010000148.1_1368955_1877115_0	0.9776032963074277 1K
NA18873 chr1_chm13_103304997_103901127_0$HG03927.verkko_filt_pat.fa:haplotype2_0000800_29002142_29504057_1	0.9775963828962945 1K
NA18873 HG03540#2#JAGYVX010000148.1_1368955_1877115_0$HG01258#2#JAGYYU010000072.1_51562603_51970395_0	0.9775933651373969 1K
NA18873 HG02818#2#JAHEOR010000010.1_31775319_32183091_1$HG03540#2#JAGYVX010000148.1_1368955_1877115_0	0.9775926215251614 1K
NA18873 AV_HG00673#haplotype1#0000019:16627360$17129375$HG04228.verkko_filt_mat.fa:haplotype1_0000023_103429213_103930285_0	0.9775818531827569 1K
NA18873 HG03540#2#JAGYVX010000148.1_1368955_1877115_0$HG03516#2#JAGYYS010000004.1_24452130_24859892_1	0.9775783852755546 1K
NA18873 HG04228.verkko_filt_mat.fa:haplotype1_0000023_103429213_103930285_0$HG02293.verkko_filt_pat.fa:haplotype2_0000836_148310532_148812524_1	0.9775736856490737 1K
NA18873 HG00621#1#JAHBCD010000034.1_2122997_2624098_1$HG02004.verkko_filt_mat.fa:haplotype1_0000022_97828542_98235483_0	0.9775719327272679 1K
NA18873 HG03492#1#JAHEPI010000180.1_2103395_2543326_1$HG03486#2#JAHEOP010000248.1_2105565_2584784_1	0.9775690363412662 1K
NA18873 HG03540#2#JAGYVX010000148.1_1368955_1877115_0$HG02486#2#JAGYVL010000029.1_94163344_94570162_0	0.9775574660985377 1K
NA18873 HG02080#2#JAHEOV010000017.1_16662177_17164189_0$HG02293.verkko_filt_pat.fa:haplotype2_0000836_148310532_148812524_1	0.9775547631784716 1K
NA18873 HG03486#2#JAHEOP010000248.1_2105565_2584784_1$HG02004.verkko_filt_pat.fa:haplotype2_0000813_139386576_140076845_1	0.9775490604136882 1K
NA18873 AV_HG00673#haplotype1#0000019:16627360$17129375$HG02293.verkko_filt_pat.fa:haplotype2_0000836_148310532_148812524_1	0.9775479346469372 1K
NA18873 HG02559#2#JAGYVJ010000037.1_52167780_52574597_1$HG03540#2#JAGYVX010000148.1_1368955_1877115_0	0.9775241898645847 1K
NA18873 HG01123#1#JAGYYZ010000015.1_51528240_51935090_0$HG03540#2#JAGYVX010000148.1_1368955_1877115_0	0.9774946590802190 1K
NA18873 HG00741#1#JAHALY010000007.1_18781197_19307680_1$HG04228.verkko_filt_mat.fa:haplotype1_0000023_103429213_103930285_0	0.9774919006655753 1K
NA18873 HG02886#1#JAHAOU010000178.1_62411_469262_0$HG03540#2#JAGYVX010000148.1_1368955_1877115_0	0.9774689601445736 1K
NA18873 NA18906#2#JAHEON010000009.1_93748295_94249275_0$HG002.verkko_filt_pat.fa:haplotype2_0000649_147937390_148315979_1	0.9774427694065247 1K
NA18873 HG00741#1#JAHALY010000007.1_18781197_19307680_1$HG02293.verkko_filt_pat.fa:haplotype2_0000836_148310532_148812524_1	0.9774133221064099 1K
NA18873 HG005#1#JAHEPO010000002.1_51519219_51926067_0$HG03540#2#JAGYVX010000148.1_1368955_1877115_0	0.9773916290659777 1K
NA18873 HG00741#1#JAHALY010000007.1_18781197_19307680_1$HG02080#2#JAHEOV010000017.1_16662177_17164189_0	0.9773894678024480 1K
NA18873 AV_HG00673#haplotype1#0000019:16627360$17129375$HG00741#1#JAHALY010000007.1_18781197_19307680_1	0.9773741583050367 1K
NA18873 HG03540#2#JAGYVX010000148.1_1368955_1877115_0$HG03579#1#JAGYVU010000029.1_91404_499180_0	0.9773666768117005 1K
NA18873 HG01109#1#JAHEPA010000099.1_2104245_2511104_1$HG03540#2#JAGYVX010000148.1_1368955_1877115_0	0.9773553162768338 1K
NA18873 HG03492#1#JAHEPI010000180.1_2103395_2543326_1$HG02004.verkko_filt_pat.fa:haplotype2_0000813_139386576_140076845_1	0.9773531524276278 1K
NA18873 HG02080#2#JAHEOV010000017.1_16662177_17164189_0$HG02071.verkko_filt_pat.fa:haplotype2_0000736_102745972_103248026_0	0.9773494675893214 1K
NA18873 HG00621#1#JAHBCD010000034.1_2122997_2624098_1$HG02293.verkko_filt_pat.fa:haplotype2_0000836_148310532_148812524_1	0.9773425550718547 1K
NA18873 HG00621#1#JAHBCD010000034.1_2122997_2624098_1$HG02080#2#JAHEOV010000017.1_16662177_17164189_0	0.9773423661742713 1K
NA18873 HG00621#1#JAHBCD010000034.1_2122997_2624098_1$HG00741#1#JAHALY010000007.1_18781197_19307680_1	0.9773398213359947 1K
NA18873 HG03540#2#JAGYVX010000148.1_1368955_1877115_0$NA19240#1#JAHEOM010000047.1_30103390_30511199_1	0.9773207116644208 1K
NA18873 AV_HG00673#haplotype1#0000019:16627360$17129375$HG00621#1#JAHBCD010000034.1_2122997_2624098_1	0.9773008586169928 1K
NA18873 HG02647.verkko_filt_mat.fa:haplotype1_0000002_103892584_104321036_0$HG01099.verkko_filt_pat.fa:haplotype2_0000583_143544270_144046196_1	0.9772866002721404 1K
NA18873 AV_HG00673#haplotype1#0000019:16627360$17129375$HG02080#2#JAHEOV010000017.1_16662177_17164189_0	0.9772671626647111 1K
NA18873 HG02071.verkko_filt_pat.fa:haplotype2_0000736_102745972_103248026_0$HG02293.verkko_filt_pat.fa:haplotype2_0000836_148310532_148812524_1	0.9772505477837586 1K
NA18873 AV_HG01106#haplotype2#0000932:16673968$17175925$HG03540#2#JAGYVX010000148.1_1368955_1877115_0	0.9772332070924051 1K
NA18873 AV_HG00673#haplotype1#0000019:16627360$17129375$HG02071.verkko_filt_pat.fa:haplotype2_0000736_102745972_103248026_0	0.9772277465463368 1K
NA18873 HG04228.verkko_filt_mat.fa:haplotype1_0000023_103429213_103930285_0$HG02071.verkko_filt_pat.fa:haplotype2_0000736_102745972_103248026_0	0.9772154668081505 1K
NA18873 HG02630#2#JAHAOP010000089.1_16669255_17076135_0$HG03540#2#JAGYVX010000148.1_1368955_1877115_0	0.9771995134943019 1K
NA18873 HG02055#2#JAHEPJ010000017.1_24870122_25298560_1$HG01099.verkko_filt_pat.fa:haplotype2_0000583_143544270_144046196_1	0.9771989611809262 1K
NA18873 HG03540#1#JAGYVY010000208.1_95187_596142_0$HG02647.verkko_filt_mat.fa:haplotype1_0000002_103892584_104321036_0	0.9771973149216376 1K
NA18873 HG00741#1#JAHALY010000007.1_18781197_19307680_1$HG02071.verkko_filt_pat.fa:haplotype2_0000736_102745972_103248026_0	0.9771745134128997 1K
NA18873 HG02809.verkko_filt_mat.fa:haplotype1_0000023_94161320_94589755_0$HG01099.verkko_filt_pat.fa:haplotype2_0000583_143544270_144046196_1	0.9771692411717682 1K
NA18873 HG03098#1#JAHEPM010000059.1_16676208_17105596_0$HG03540#1#JAGYVY010000208.1_95187_596142_0	0.9771488744478425 1K
NA18873 HG01978#1#JAGYVS010000002.1_51519970_52021951_0$HG03540#2#JAGYVX010000148.1_1368955_1877115_0	0.9771238534535213 1K
NA18873 HG03540#2#JAGYVX010000148.1_1368955_1877115_0$HG00741#2#JAHALX010000013.1_51574319_51981226_0	0.9771200244778014 1K
NA18873 HG02559#1#JAGYVK010000012.1_51505852_51913611_0$HG02004.verkko_filt_pat.fa:haplotype2_0000813_139386576_140076845_1	0.9770964105110410 1K
NA18873 HG02630#1#JAHAOQ010000102.1_16672145_17079089_0$HG03540#2#JAGYVX010000148.1_1368955_1877115_0	0.9770923858894019 1K
NA18873 HG00621#1#JAHBCD010000034.1_2122997_2624098_1$HG04228.verkko_filt_mat.fa:haplotype1_0000023_103429213_103930285_0	0.9770847066522972 1K
NA18873 HG03453#1#JAGYVW010000157.1_2105722_2585000_1$HG03492#1#JAHEPI010000180.1_2103395_2543326_1	0.9770328333450866 1K
NA18873 HG03098#1#JAHEPM010000059.1_16676208_17105596_0$HG01099.verkko_filt_pat.fa:haplotype2_0000583_143544270_144046196_1	0.9770317789026524 1K
NA18873 HG02818#2#JAHEOR010000010.1_31775319_32183091_1$HG02004.verkko_filt_pat.fa:haplotype2_0000813_139386576_140076845_1	0.9770226563697035 1K
NA18873 HG02486#2#JAGYVL010000029.1_94163344_94570162_0$HG02004.verkko_filt_pat.fa:haplotype2_0000813_139386576_140076845_1	0.9770201576042519 1K
NA18873 HG03540#2#JAGYVX010000148.1_1368955_1877115_0$NA18906#1#JAHEOO010000054.1_2103477_2510435_1	0.9770047976007279 1K
NA18873 HG02055#2#JAHEPJ010000017.1_24870122_25298560_1$HG03540#1#JAGYVY010000208.1_95187_596142_0	0.9770010236625841 1K
NA18873 HG03540#2#JAGYVX010000148.1_1368955_1877115_0$HG02818#1#JAHEOS010000101.1_89626_496613_0	0.9769967853982356 1K
NA18873 HG03516#2#JAGYYS010000004.1_24452130_24859892_1$HG02004.verkko_filt_pat.fa:haplotype2_0000813_139386576_140076845_1	0.9769840216374670 1K
NA18873 HG03579#1#JAGYVU010000029.1_91404_499180_0$HG02004.verkko_filt_pat.fa:haplotype2_0000813_139386576_140076845_1	0.9769744056775772 1K
NA18873 HG02145#2#JAHKSF010000206.1_1005292_1413195_1$HG03540#2#JAGYVX010000148.1_1368955_1877115_0	0.9769688845500251 1K
NA18873 HG03540#2#JAGYVX010000148.1_1368955_1877115_0$NA19240#2#JAHEOL010000010.1_37445323_37853017_0	0.9769565418301333 1K
NA18873 HG03540#1#JAGYVY010000208.1_95187_596142_0$HG02809.verkko_filt_mat.fa:haplotype1_0000023_94161320_94589755_0	0.9769372040213596 1K
NA18873 HG02080#1#JAHEOW010000048.1_16689583_17097287_0$HG03540#2#JAGYVX010000148.1_1368955_1877115_0	0.9769358006790280 1K
NA18873 HG03540#2#JAGYVX010000148.1_1368955_1877115_0$HG02300.verkko_filt_mat.fa:haplotype1_0000028_144052837_144460586_1	0.9769164277460843 1K
NA18873 NA19240#1#JAHEOM010000047.1_30103390_30511199_1$HG02004.verkko_filt_pat.fa:haplotype2_0000813_139386576_140076845_1	0.9769138526707253 1K
NA18873 HG02886#1#JAHAOU010000178.1_62411_469262_0$HG02004.verkko_filt_pat.fa:haplotype2_0000813_139386576_140076845_1	0.9768932103502883 1K
NA18873 HG02109#1#JAHEPG010000026.1_16673035_17080816_0$HG02004.verkko_filt_pat.fa:haplotype2_0000813_139386576_140076845_1	0.9768739937567519 1K
NA18873 HG02004.verkko_filt_pat.fa:haplotype2_0000813_139386576_140076845_1$HG02809.verkko_filt_pat.fa:haplotype2_0001251_103421111_103827972_0	0.9768628918625905 1K
NA18873 HG01258#2#JAGYYU010000072.1_51562603_51970395_0$HG02004.verkko_filt_pat.fa:haplotype2_0000813_139386576_140076845_1	0.9768170572987059 1K
NA18873 HG02622#1#JAHAOO010000002.1_16673678_17080663_0$HG03540#2#JAGYVX010000148.1_1368955_1877115_0	0.9767959401849602 1K
NA18873 HG03540#2#JAGYVX010000148.1_1368955_1877115_0$HG03927.verkko_filt_mat.fa:haplotype1_0000009_134765170_135173010_1	0.9767850714849468 1K
NA18873 HG00438#1#JAHBCB010000015.1_33474867_33954171_0$HG02004.verkko_filt_pat.fa:haplotype2_0000813_139386576_140076845_1	0.9767846109292599 1K
NA18873 AV_HG02257#haplotype2#0001152:102843493$103251377$HG03540#2#JAGYVX010000148.1_1368955_1877115_0	0.9767781561902664 1K
NA18873 HG02559#2#JAGYVJ010000037.1_52167780_52574597_1$HG02004.verkko_filt_pat.fa:haplotype2_0000813_139386576_140076845_1	0.9767499810083091 1K
NA18873 AV_HG01106#haplotype2#0000932:16673968$17175925$HG002.verkko_filt_pat.fa:haplotype2_0000649_147937390_148315979_1	0.9767497525073887 1K
NA18873 HG03540#2#JAGYVX010000148.1_1368955_1877115_0$HG01099.verkko_filt_mat.fa:haplotype1_0000034_142513097_142920876_1	0.9767422009187007 1K
NA18873 HG02717#2#JAHAOR010000006.1_19663827_20070693_1$HG02004.verkko_filt_pat.fa:haplotype2_0000813_139386576_140076845_1	0.9767411924914837 1K
NA18873 HG00621#1#JAHBCD010000034.1_2122997_2624098_1$HG02071.verkko_filt_pat.fa:haplotype2_0000736_102745972_103248026_0	0.9767309828248668 1K
NA18873 HG02717#1#JAHAOS010000015.1_16660311_17067250_0$HG03540#2#JAGYVX010000148.1_1368955_1877115_0	0.9767278552105796 1K
NA18873 HG03492#2#JAHEPH010000288.1_2098270_2432686_1$HG03927.verkko_filt_pat.fa:haplotype2_0000800_29002142_29504057_1	0.9767130348933653 1K
NA18873 AV_HG01361#haplotype1#0000023:101593539$102001341$HG03540#2#JAGYVX010000148.1_1368955_1877115_0	0.9766995903839302 1K
NA18873 HG01243#1#JAHEOY010000013.1_90081_424495_0$HG03927.verkko_filt_pat.fa:haplotype2_0000800_29002142_29504057_1	0.9766717619423662 1K
NA18873 HG03540#2#JAGYVX010000148.1_1368955_1877115_0$HG03516#1#JAGYYT010000012.1_24170958_24578778_1	0.9766562618104487 1K
NA18873 HG01123#1#JAGYYZ010000015.1_51528240_51935090_0$HG02004.verkko_filt_pat.fa:haplotype2_0000813_139386576_140076845_1	0.9766546428099814 1K
NA18873 HG01071#1#JAHBCF010000053.1_26607100_27108065_1$chr1_chm13_103304997_103901127_0	0.9766195628231717 1K
NA18873 HG005#1#JAHEPO010000002.1_51519219_51926067_0$HG02004.verkko_filt_pat.fa:haplotype2_0000813_139386576_140076845_1	0.9766187664030073 1K
NA18873 HG02080#2#JAHEOV010000017.1_16662177_17164189_0$HG03540#2#JAGYVX010000148.1_1368955_1877115_0	0.9766032616768917 1K
NA18873 HG03540#2#JAGYVX010000148.1_1368955_1877115_0$HG04228.verkko_filt_mat.fa:haplotype1_0000023_103429213_103930285_0	0.9765725154908665 1K
NA18873 AV_HG00673#haplotype1#0000019:16627360$17129375$HG03540#2#JAGYVX010000148.1_1368955_1877115_0	0.9765658838991107 1K
NA18873 HG01071#1#JAHBCF010000053.1_26607100_27108065_1$HG002.verkko_filt_pat.fa:haplotype2_0000649_147937390_148315979_1	0.9765591841603908 1K
NA18873 HG03540#2#JAGYVX010000148.1_1368955_1877115_0$HG02293.verkko_filt_pat.fa:haplotype2_0000836_148310532_148812524_1	0.9765312035478918 1K
NA18873 HG00621#1#JAHBCD010000034.1_2122997_2624098_1$HG03540#2#JAGYVX010000148.1_1368955_1877115_0	0.9765270987171858 1K
NA18873 HG01258#1#JAGYYV010000004.1_56955948_57456952_1$chr1_chm13_103304997_103901127_0	0.9765233255547959 1K
NA18873 HG01258#1#JAGYYV010000004.1_56955948_57456952_1$HG002.verkko_filt_pat.fa:haplotype2_0000649_147937390_148315979_1	0.9765227011108860 1K
NA18873 HG01978#1#JAGYVS010000002.1_51519970_52021951_0$HG002.verkko_filt_pat.fa:haplotype2_0000649_147937390_148315979_1	0.9764980275018297 1K
NA18873 AV_HG01106#haplotype1#0000048:16666181$17262214$HG01071#1#JAHBCF010000053.1_26607100_27108065_1	0.9764643314309805 1K
NA18873 HG02818#2#JAHEOR010000010.1_31775319_32183091_1$HG02809.verkko_filt_pat.fa:haplotype2_0001251_103421111_103827972_0	0.9764333854852435 1K
NA18873 HG00741#2#JAHALX010000013.1_51574319_51981226_0$HG02004.verkko_filt_pat.fa:haplotype2_0000813_139386576_140076845_1	0.9764292600861172 1K
NA18873 HG02559#1#JAGYVK010000012.1_51505852_51913611_0$HG02809.verkko_filt_pat.fa:haplotype2_0001251_103421111_103827972_0	0.9764271328787908 1K
NA18873 HG03492#1#JAHEPI010000180.1_2103395_2543326_1$HG03540#2#JAGYVX010000148.1_1368955_1877115_0	0.9764235666023211 1K
NA18873 HG03492#2#JAHEPH010000288.1_2098270_2432686_1$HG02486#1#JAGYVM010000007.1_28868414_29370339_1	0.9764024628646449 1K
NA18873 HG03540#2#JAGYVX010000148.1_1368955_1877115_0$HG02071.verkko_filt_pat.fa:haplotype2_0000736_102745972_103248026_0	0.9763843945108163 1K
NA18873 HG01243#1#JAHEOY010000013.1_90081_424495_0$HG02486#1#JAGYVM010000007.1_28868414_29370339_1	0.9763821672179943 1K
NA18873 HG02080#1#JAHEOW010000048.1_16689583_17097287_0$HG02004.verkko_filt_pat.fa:haplotype2_0000813_139386576_140076845_1	0.9763592858664238 1K
NA18873 AV_HG01106#haplotype1#0000048:16666181$17262214$HG01258#1#JAGYYV010000004.1_56955948_57456952_1	0.9763481891838346 1K
NA18873 NA19240#2#JAHEOL010000010.1_37445323_37853017_0$HG02004.verkko_filt_pat.fa:haplotype2_0000813_139386576_140076845_1	0.9763453559107066 1K
NA18873 HG03516#2#JAGYYS010000004.1_24452130_24859892_1$HG02809.verkko_filt_pat.fa:haplotype2_0001251_103421111_103827972_0	0.9763378269092113 1K
NA18873 HG02818#2#JAHEOR010000010.1_31775319_32183091_1$HG02109#1#JAHEPG010000026.1_16673035_17080816_0	0.9763241805621614 1K
NA18873 HG02004.verkko_filt_pat.fa:haplotype2_0000813_139386576_140076845_1$HG02300.verkko_filt_mat.fa:haplotype1_0000028_144052837_144460586_1	0.9762979702015778 1K
NA18873 HG02004.verkko_filt_pat.fa:haplotype2_0000813_139386576_140076845_1$HG01099.verkko_filt_mat.fa:haplotype1_0000034_142513097_142920876_1	0.9762699418126218 1K
NA18873 HG02004.verkko_filt_pat.fa:haplotype2_0000813_139386576_140076845_1$HG03927.verkko_filt_mat.fa:haplotype1_0000009_134765170_135173010_1	0.9762675830573362 1K
NA18873 AV_HG00673#haplotype2#0001165:24014011$24421797$HG03540#2#JAGYVX010000148.1_1368955_1877115_0	0.9762437911422985 1K
NA18873 NA19240#1#JAHEOM010000047.1_30103390_30511199_1$HG02809.verkko_filt_pat.fa:haplotype2_0001251_103421111_103827972_0	0.9762393101541498 1K
NA18873 HG03579#1#JAGYVU010000029.1_91404_499180_0$HG02809.verkko_filt_pat.fa:haplotype2_0001251_103421111_103827972_0	0.9762335485147988 1K
NA18873 HG02559#1#JAGYVK010000012.1_51505852_51913611_0$HG02109#1#JAHEPG010000026.1_16673035_17080816_0	0.9762122978544447 1K
NA18873 HG02630#2#JAHAOP010000089.1_16669255_17076135_0$HG02004.verkko_filt_pat.fa:haplotype2_0000813_139386576_140076845_1	0.9761974756970080 1K
NA18873 HG02818#2#JAHEOR010000010.1_31775319_32183091_1$HG01258#2#JAGYYU010000072.1_51562603_51970395_0	0.9761897344178431 1K
NA18873 HG03492#2#JAHEPH010000288.1_2098270_2432686_1$NA18906#2#JAHEON010000009.1_93748295_94249275_0	0.9761869535155007 1K
NA18873 HG00741#1#JAHALY010000007.1_18781197_19307680_1$NA20129#2#JAHEPD010000155.1_90039_569275_0	0.9761793236430415 1K
NA18873 HG03516#1#JAGYYT010000012.1_24170958_24578778_1$HG02004.verkko_filt_pat.fa:haplotype2_0000813_139386576_140076845_1	0.9761691012945560 1K
NA18873 HG01243#1#JAHEOY010000013.1_90081_424495_0$NA18906#2#JAHEON010000009.1_93748295_94249275_0	0.9761598762962095 1K
NA18873 AV_HG00673#haplotype1#0000019:16627360$17129375$HG002.verkko_filt_pat.fa:haplotype2_0000649_147937390_148315979_1	0.9761435640323307 1K
NA18873 HG02080#2#JAHEOV010000017.1_16662177_17164189_0$HG002.verkko_filt_pat.fa:haplotype2_0000649_147937390_148315979_1	0.9761299639390283 1K
NA18873 AV_HG01361#haplotype1#0000023:101593539$102001341$HG02004.verkko_filt_pat.fa:haplotype2_0000813_139386576_140076845_1	0.9761132301940337 1K
NA18873 HG02818#2#JAHEOR010000010.1_31775319_32183091_1$HG02717#2#JAHAOR010000006.1_19663827_20070693_1	0.9761087076499083 1K
NA18873 HG02818#2#JAHEOR010000010.1_31775319_32183091_1$HG005#1#JAHEPO010000002.1_51519219_51926067_0	0.9760971203550558 1K
NA18873 HG02559#1#JAGYVK010000012.1_51505852_51913611_0$HG005#1#JAHEPO010000002.1_51519219_51926067_0	0.9760815564682452 1K
NA18873 HG02293.verkko_filt_pat.fa:haplotype2_0000836_148310532_148812524_1$HG002.verkko_filt_pat.fa:haplotype2_0000649_147937390_148315979_1	0.9760750682784445 1K
NA18873 HG02109#1#JAHEPG010000026.1_16673035_17080816_0$HG03516#2#JAGYYS010000004.1_24452130_24859892_1	0.9760741940466652 1K
NA18873 HG01109#1#JAHEPA010000099.1_2104245_2511104_1$HG02559#1#JAGYVK010000012.1_51505852_51913611_0	0.9760710179245041 1K
NA18873 HG005#1#JAHEPO010000002.1_51519219_51926067_0$HG03516#2#JAGYYS010000004.1_24452130_24859892_1	0.9760482730454508 1K
NA18873 HG02559#1#JAGYVK010000012.1_51505852_51913611_0$HG02717#2#JAHAOR010000006.1_19663827_20070693_1	0.9760447384424662 1K
NA18873 HG00741#1#JAHALY010000007.1_18781197_19307680_1$HG02622#2#JAHAON010000012.1_51551779_52031001_0	0.9760425083316050 1K
NA18873 HG02559#1#JAGYVK010000012.1_51505852_51913611_0$HG01258#2#JAGYYU010000072.1_51562603_51970395_0	0.9760127413437085 1K
NA18873 HG01109#1#JAHEPA010000099.1_2104245_2511104_1$HG03516#2#JAGYYS010000004.1_24452130_24859892_1	0.9760051877001573 1K
NA18873 HG03540#1#JAGYVY010000208.1_95187_596142_0$HG02647.verkko_filt_pat.fa:haplotype2_0000857_103738150_104051769_0	0.9759913051760587 1K
NA18873 HG02109#1#JAHEPG010000026.1_16673035_17080816_0$NA19240#1#JAHEOM010000047.1_30103390_30511199_1	0.9759768906792617 1K
NA18873 HG02109#1#JAHEPG010000026.1_16673035_17080816_0$HG03579#1#JAGYVU010000029.1_91404_499180_0	0.9759702709791965 1K
NA18873 HG03516#2#JAGYYS010000004.1_24452130_24859892_1$HG02717#2#JAHAOR010000006.1_19663827_20070693_1	0.9759629776631585 1K
NA18873 HG01258#2#JAGYYU010000072.1_51562603_51970395_0$HG03516#2#JAGYYS010000004.1_24452130_24859892_1	0.9759550293113506 1K
NA18873 HG03579#2#JAGYVT010000094.1_51581892_51895531_0$HG03540#1#JAGYVY010000208.1_95187_596142_0	0.9759535305758461 1K
NA18873 HG02818#2#JAHEOR010000010.1_31775319_32183091_1$HG01109#1#JAHEPA010000099.1_2104245_2511104_1	0.9759423294935522 1K
NA18873 HG01109#1#JAHEPA010000099.1_2104245_2511104_1$HG03579#1#JAGYVU010000029.1_91404_499180_0	0.9759420471300219 1K
NA18873 HG01258#2#JAGYYU010000072.1_51562603_51970395_0$NA19240#1#JAHEOM010000047.1_30103390_30511199_1	0.9759396053468006 1K
NA18873 HG03540#1#JAGYVY010000208.1_95187_596142_0$HG01891#1#JAGYVO010000014.1_22855818_23168577_1	0.9759297302847494 1K
NA18873 HG02818#2#JAHEOR010000010.1_31775319_32183091_1$HG01123#1#JAGYYZ010000015.1_51528240_51935090_0	0.9759188410822237 1K
NA18873 HG01109#1#JAHEPA010000099.1_2104245_2511104_1$HG02004.verkko_filt_pat.fa:haplotype2_0000813_139386576_140076845_1	0.9759074815358626 1K
NA18873 HG005#1#JAHEPO010000002.1_51519219_51926067_0$HG03579#1#JAGYVU010000029.1_91404_499180_0	0.9759041995880039 1K
NA18873 HG02559#1#JAGYVK010000012.1_51505852_51913611_0$HG01123#1#JAGYYZ010000015.1_51528240_51935090_0	0.9758870239066954 1K
NA18873 HG02071.verkko_filt_pat.fa:haplotype2_0000736_102745972_103248026_0$HG002.verkko_filt_pat.fa:haplotype2_0000649_147937390_148315979_1	0.9758859084448955 1K
NA18873 NA19240#1#JAHEOM010000047.1_30103390_30511199_1$HG02717#2#JAHAOR010000006.1_19663827_20070693_1	0.9758745852668822 1K
NA18873 HG01891#1#JAGYVO010000014.1_22855818_23168577_1$HG01099.verkko_filt_pat.fa:haplotype2_0000583_143544270_144046196_1	0.9758551318252804 1K
NA18873 HG03579#1#JAGYVU010000029.1_91404_499180_0$HG02717#2#JAHAOR010000006.1_19663827_20070693_1	0.9758431736760416 1K
NA18873 HG02559#2#JAGYVJ010000037.1_52167780_52574597_1$HG03579#1#JAGYVU010000029.1_91404_499180_0	0.9758425335845621 1K
NA18873 HG02559#1#JAGYVK010000012.1_51505852_51913611_0$HG02559#2#JAGYVJ010000037.1_52167780_52574597_1	0.9758419971386938 1K
NA18873 HG005#1#JAHEPO010000002.1_51519219_51926067_0$NA19240#1#JAHEOM010000047.1_30103390_30511199_1	0.9758388302291873 1K
NA18873 HG01258#2#JAGYYU010000072.1_51562603_51970395_0$HG03579#1#JAGYVU010000029.1_91404_499180_0	0.9758112240520597 1K
NA18873 HG02559#2#JAGYVJ010000037.1_52167780_52574597_1$HG03516#2#JAGYYS010000004.1_24452130_24859892_1	0.9758009805486093 1K
NA18873 HG01123#1#JAGYYZ010000015.1_51528240_51935090_0$HG03516#2#JAGYYS010000004.1_24452130_24859892_1	0.9757890723621457 1K
NA18873 HG01109#1#JAHEPA010000099.1_2104245_2511104_1$NA19240#1#JAHEOM010000047.1_30103390_30511199_1	0.9757727666912104 1K
NA18873 HG02818#2#JAHEOR010000010.1_31775319_32183091_1$HG00741#2#JAHALX010000013.1_51574319_51981226_0	0.9757649664870678 1K
NA18873 HG02647.verkko_filt_pat.fa:haplotype2_0000857_103738150_104051769_0$HG01099.verkko_filt_pat.fa:haplotype2_0000583_143544270_144046196_1	0.9757634928338408 1K
NA18873 HG03540#1#JAGYVY010000208.1_95187_596142_0$HG04228.verkko_filt_pat.fa:haplotype2_0000600_103806749_104119491_0	0.9757485546380946 1K
NA18873 AV_HG01175#haplotype1#0000070:46006269$46414083$HG03540#2#JAGYVX010000148.1_1368955_1877115_0	0.9757452866587961 1K
NA18873 HG03579#2#JAGYVT010000094.1_51581892_51895531_0$HG01099.verkko_filt_pat.fa:haplotype2_0000583_143544270_144046196_1	0.9757418856871101 1K
NA18873 HG03540#2#JAGYVX010000148.1_1368955_1877115_0$HG002.verkko_filt_mat.fa:haplotype1_0000005_138228497_138636354_1	0.9757401647551394 1K
NA18873 HG01123#2#JAGYYY010000006.1_51579630_51892388_0$HG01099.verkko_filt_pat.fa:haplotype2_0000583_143544270_144046196_1	0.9757368585116490 1K
NA18873 HG02559#1#JAGYVK010000012.1_51505852_51913611_0$HG00741#2#JAHALX010000013.1_51574319_51981226_0	0.9757243620466663 1K
NA18873 HG00621#1#JAHBCD010000034.1_2122997_2624098_1$HG002.verkko_filt_pat.fa:haplotype2_0000649_147937390_148315979_1	0.9757194172407412 1K
NA18873 HG01123#1#JAGYYZ010000015.1_51528240_51935090_0$NA19240#1#JAHEOM010000047.1_30103390_30511199_1	0.9757169403042415 1K
NA18873 HG00741#2#JAHALX010000013.1_51574319_51981226_0$HG03516#2#JAGYYS010000004.1_24452130_24859892_1	0.9756905549041474 1K
NA18873 HG02818#2#JAHEOR010000010.1_31775319_32183091_1$HG02559#2#JAGYVJ010000037.1_52167780_52574597_1	0.9756873404892423 1K
NA18873 HG03098#1#JAHEPM010000059.1_16676208_17105596_0$NA18906#2#JAHEON010000009.1_93748295_94249275_0	0.9756847366439042 1K
NA18873 HG01123#2#JAGYYY010000006.1_51579630_51892388_0$HG03540#1#JAGYVY010000208.1_95187_596142_0	0.9756820782736766 1K
NA18873 HG04228.verkko_filt_pat.fa:haplotype2_0000600_103806749_104119491_0$HG01099.verkko_filt_pat.fa:haplotype2_0000583_143544270_144046196_1	0.9756820113311226 1K
NA18873 AV_HG01106#haplotype2#0000932:16673968$17175925$HG03492#2#JAHEPH010000288.1_2098270_2432686_1	0.9756661561725712 1K
NA18873 HG03098#2#JAHEPL010000003.1_93803759_94117426_0$NA18906#2#JAHEON010000009.1_93748295_94249275_0	0.9756566680963009 1K
NA18873 HG02559#1#JAGYVK010000012.1_51505852_51913611_0$HG02486#2#JAGYVL010000029.1_94163344_94570162_0	0.9756438678889965 1K
NA18873 HG03540#2#JAGYVX010000148.1_1368955_1877115_0$HG02071.verkko_filt_mat.fa:haplotype1_0000041_103610513_104018399_0	0.9756404406979956 1K
NA18873 HG01123#1#JAGYYZ010000015.1_51528240_51935090_0$HG03579#1#JAGYVU010000029.1_91404_499180_0	0.9756370363794884 1K
NA18873 HG03492#1#JAHEPI010000180.1_2103395_2543326_1$HG03516#2#JAGYYS010000004.1_24452130_24859892_1	0.9756294408864520 1K
NA18873 AV_HG01106#haplotype2#0000932:16673968$17175925$HG01243#1#JAHEOY010000013.1_90081_424495_0	0.9756176961964986 1K
NA18873 AV_HG00673#haplotype2#0001165:24014011$24421797$HG02004.verkko_filt_pat.fa:haplotype2_0000813_139386576_140076845_1	0.9756149400053779 1K
NA18873 HG02630#1#JAHAOQ010000102.1_16672145_17079089_0$HG02004.verkko_filt_pat.fa:haplotype2_0000813_139386576_140076845_1	0.9756130340697823 1K
NA18873 HG04228.verkko_filt_mat.fa:haplotype1_0000023_103429213_103930285_0$HG002.verkko_filt_pat.fa:haplotype2_0000649_147937390_148315979_1	0.9756108951754598 1K
NA18873 HG02818#2#JAHEOR010000010.1_31775319_32183091_1$HG02630#2#JAHAOP010000089.1_16669255_17076135_0	0.9755989507386088 1K
NA18873 HG03540#1#JAGYVY010000208.1_95187_596142_0$HG02109#2#JAHEPF010000078.1_16678387_16991144_0	0.9755956908987461 1K
NA18873 HG02818#2#JAHEOR010000010.1_31775319_32183091_1$HG02486#2#JAGYVL010000029.1_94163344_94570162_0	0.9755861454509411 1K
NA18873 HG02109#2#JAHEPF010000078.1_16678387_16991144_0$HG01099.verkko_filt_pat.fa:haplotype2_0000583_143544270_144046196_1	0.9755855190848407 1K
NA18873 HG03453#2#JAGYVV010000088.1_22597550_23005370_1$HG03540#2#JAGYVX010000148.1_1368955_1877115_0	0.9755828958670671 1K
NA18873 HG02145#2#JAHKSF010000206.1_1005292_1413195_1$HG02004.verkko_filt_pat.fa:haplotype2_0000813_139386576_140076845_1	0.9755506779511373 1K
NA18873 HG02559#2#JAGYVJ010000037.1_52167780_52574597_1$NA19240#1#JAHEOM010000047.1_30103390_30511199_1	0.9755498154638125 1K
NA18873 AV_HG02148#haplotype2#0002863:16304803$16712699$HG03540#2#JAGYVX010000148.1_1368955_1877115_0	0.9755448886368928 1K
NA18873 HG02723#1#JAHEOU010000204.1_2102082_2414876_1$HG03540#1#JAGYVY010000208.1_95187_596142_0	0.9755366658818470 1K
NA18873 HG02559#1#JAGYVK010000012.1_51505852_51913611_0$HG03492#1#JAHEPI010000180.1_2103395_2543326_1	0.9755295298576347 1K
NA18873 HG02559#1#JAGYVK010000012.1_51505852_51913611_0$HG02886#1#JAHAOU010000178.1_62411_469262_0	0.9755190829563978 1K
NA18873 HG02723#1#JAHEOU010000204.1_2102082_2414876_1$HG01099.verkko_filt_pat.fa:haplotype2_0000583_143544270_144046196_1	0.9755184716196768 1K
NA18873 HG02559#1#JAGYVK010000012.1_51505852_51913611_0$HG02630#2#JAHAOP010000089.1_16669255_17076135_0	0.9755176887505558 1K
NA18873 HG03492#1#JAHEPI010000180.1_2103395_2543326_1$HG03579#1#JAGYVU010000029.1_91404_499180_0	0.9755142603360876 1K
NA18873 HG01071#1#JAHBCF010000053.1_26607100_27108065_1$HG01243#1#JAHEOY010000013.1_90081_424495_0	0.9755055151110857 1K
NA18873 NA19240#1#JAHEOM010000047.1_30103390_30511199_1$HG02486#2#JAGYVL010000029.1_94163344_94570162_0	0.9755051323707112 1K
NA18873 HG03492#2#JAHEPH010000288.1_2098270_2432686_1$HG01071#1#JAHBCF010000053.1_26607100_27108065_1	0.9754978325189441 1K
NA18873 HG03540#2#JAGYVX010000148.1_1368955_1877115_0$HG01978#2#JAGYVR010000007.1_51532241_51939176_0	0.9754949504633076 1K
NA18873 HG02630#2#JAHAOP010000089.1_16669255_17076135_0$HG03516#2#JAGYYS010000004.1_24452130_24859892_1	0.9754835687522689 1K
NA18873 chr1_hg38_103456064_103863972_0$HG03540#2#JAGYVX010000148.1_1368955_1877115_0	0.9754819932983458 1K
NA18873 chr1_hg19_103998686_104406594_0$HG03540#2#JAGYVX010000148.1_1368955_1877115_0	0.9754819932983458 1K
NA18873 HG00741#2#JAHALX010000013.1_51574319_51981226_0$HG03579#1#JAGYVU010000029.1_91404_499180_0	0.9754745680678928 1K
NA18873 HG02818#1#JAHEOS010000101.1_89626_496613_0$HG02004.verkko_filt_pat.fa:haplotype2_0000813_139386576_140076845_1	0.9754739735631058 1K
NA18873 HG02818#2#JAHEOR010000010.1_31775319_32183091_1$HG02886#1#JAHAOU010000178.1_62411_469262_0	0.9754616659506399 1K
NA18873 NA18906#1#JAHEOO010000054.1_2103477_2510435_1$HG02004.verkko_filt_pat.fa:haplotype2_0000813_139386576_140076845_1	0.9754545362204134 1K
NA18873 HG03486#1#JAHEOQ010000123.1_16677696_17085575_0$HG03540#2#JAGYVX010000148.1_1368955_1877115_0	0.9754291145791849 1K
NA18873 HG00741#1#JAHALY010000007.1_18781197_19307680_1$HG03453#1#JAGYVW010000157.1_2105722_2585000_1	0.9754149589152414 1K
NA18873 HG02647.verkko_filt_mat.fa:haplotype1_0000002_103892584_104321036_0$HG03927.verkko_filt_pat.fa:haplotype2_0000800_29002142_29504057_1	0.9753918787758225 1K
NA18873 HG02818#2#JAHEOR010000010.1_31775319_32183091_1$HG03492#1#JAHEPI010000180.1_2103395_2543326_1	0.9753910993784503 1K
NA18873 HG03516#2#JAGYYS010000004.1_24452130_24859892_1$HG02486#2#JAGYVL010000029.1_94163344_94570162_0	0.9753843469544846 1K
NA18873 HG00621#2#JAHBCC010000031.1_16669999_17077865_0$HG03540#2#JAGYVX010000148.1_1368955_1877115_0	0.9753625439045105 1K
NA18873 HG03540#2#JAGYVX010000148.1_1368955_1877115_0$HG02004.verkko_filt_mat.fa:haplotype1_0000022_97828542_98235483_0	0.9753623867610374 1K
NA18873 HG01071#1#JAHBCF010000053.1_26607100_27108065_1$HG03098#1#JAHEPM010000059.1_16676208_17105596_0	0.9753573644854336 1K
NA18873 HG02055#2#JAHEPJ010000017.1_24870122_25298560_1$HG03927.verkko_filt_pat.fa:haplotype2_0000800_29002142_29504057_1	0.9753569076277834 1K
NA18873 HG02886#1#JAHAOU010000178.1_62411_469262_0$NA19240#1#JAHEOM010000047.1_30103390_30511199_1	0.9753564054230753 1K
NA18873 HG01243#1#JAHEOY010000013.1_90081_424495_0$HG01109#2#JAHEOZ010000047.1_16671232_17151375_0	0.9753562816673894 1K
NA18873 HG02622#1#JAHAOO010000002.1_16673678_17080663_0$HG02004.verkko_filt_pat.fa:haplotype2_0000813_139386576_140076845_1	0.9753512422163615 1K
NA18873 AV_HG02257#haplotype2#0001152:102843493$103251377$HG02004.verkko_filt_pat.fa:haplotype2_0000813_139386576_140076845_1	0.9753503771983473 1K
NA18873 HG03492#2#JAHEPH010000288.1_2098270_2432686_1$HG01109#2#JAHEOZ010000047.1_16671232_17151375_0	0.9753503210696264 1K
NA18873 HG03492#2#JAHEPH010000288.1_2098270_2432686_1$HG01978#1#JAGYVS010000002.1_51519970_52021951_0	0.9753456779509286 1K
NA18873 HG02080#1#JAHEOW010000048.1_16689583_17097287_0$HG02630#2#JAHAOP010000089.1_16669255_17076135_0	0.9753396865639660 1K
NA18873 HG01928#1#JAGYVQ010000053.1_16676493_17083407_0$HG03540#2#JAGYVX010000148.1_1368955_1877115_0	0.9753375986061315 1K
NA18873 HG02486#2#JAGYVL010000029.1_94163344_94570162_0$HG03927.verkko_filt_mat.fa:haplotype1_0000009_134765170_135173010_1	0.9753369366681262 1K
NA18873 HG03540#2#JAGYVX010000148.1_1368955_1877115_0$HG005#2#JAHEPN010000023.1_51542210_51950070_0	0.9753288216755738 1K
NA18873 HG02486#1#JAGYVM010000007.1_28868414_29370339_1$HG02647.verkko_filt_mat.fa:haplotype1_0000002_103892584_104321036_0	0.9753181128753279 1K
NA18873 HG02630#2#JAHAOP010000089.1_16669255_17076135_0$NA19240#1#JAHEOM010000047.1_30103390_30511199_1	0.9753090448074178 1K
NA18873 HG02630#2#JAHAOP010000089.1_16669255_17076135_0$HG03579#1#JAGYVU010000029.1_91404_499180_0	0.9753001562996958 1K
NA18873 HG02630#2#JAHAOP010000089.1_16669255_17076135_0$HG02300.verkko_filt_mat.fa:haplotype1_0000028_144052837_144460586_1	0.9752972814217150 1K
NA18873 HG01978#1#JAGYVS010000002.1_51519970_52021951_0$HG01243#1#JAHEOY010000013.1_90081_424495_0	0.9752972436947517 1K
NA18873 HG01258#1#JAGYYV010000004.1_56955948_57456952_1$HG01243#1#JAHEOY010000013.1_90081_424495_0	0.9752866007824952 1K
NA18873 HG03492#2#JAHEPH010000288.1_2098270_2432686_1$HG01258#1#JAGYYV010000004.1_56955948_57456952_1	0.9752859024039843 1K
NA18873 HG03540#2#JAGYVX010000148.1_1368955_1877115_0$HG02300.verkko_filt_pat.fa:haplotype2_0000620_143362344_143769323_1	0.9752798125385741 1K
NA18873 NA18906#2#JAHEON010000009.1_93748295_94249275_0$HG02647.verkko_filt_mat.fa:haplotype1_0000002_103892584_104321036_0	0.9752787405253934 1K
NA18873 HG02717#1#JAHAOS010000015.1_16660311_17067250_0$HG02004.verkko_filt_pat.fa:haplotype2_0000813_139386576_140076845_1	0.9752777286142298 1K
NA18873 HG02886#1#JAHAOU010000178.1_62411_469262_0$HG03516#2#JAGYYS010000004.1_24452130_24859892_1	0.9752757294465181 1K
NA18873 HG02886#1#JAHAOU010000178.1_62411_469262_0$HG03927.verkko_filt_mat.fa:haplotype1_0000009_134765170_135173010_1	0.9752688068084321 1K
NA18873 HG01258#1#JAGYYV010000004.1_56955948_57456952_1$HG03098#1#JAHEPM010000059.1_16676208_17105596_0	0.9752572389465405 1K
NA18873 HG02055#2#JAHEPJ010000017.1_24870122_25298560_1$HG02486#1#JAGYVM010000007.1_28868414_29370339_1	0.9752545104272832 1K
NA18873 HG02809.verkko_filt_mat.fa:haplotype1_0000023_94161320_94589755_0$HG03927.verkko_filt_pat.fa:haplotype2_0000800_29002142_29504057_1	0.9752480950391414 1K
NA18873 AV_HG01361#haplotype2#0001322:101872897$102186552$HG03540#1#JAGYVY010000208.1_95187_596142_0	0.9752412812860990 1K
NA18873 HG00741#2#JAHALX010000013.1_51574319_51981226_0$NA19240#1#JAHEOM010000047.1_30103390_30511199_1	0.9752258207055053 1K
NA18873 HG02486#2#JAGYVL010000029.1_94163344_94570162_0$HG03579#1#JAGYVU010000029.1_91404_499180_0	0.9752238162456263 1K
NA18873 HG03492#1#JAHEPI010000180.1_2103395_2543326_1$NA19240#1#JAHEOM010000047.1_30103390_30511199_1	0.9752062051733600 1K
NA18873 HG03098#1#JAHEPM010000059.1_16676208_17105596_0$HG03927.verkko_filt_pat.fa:haplotype2_0000800_29002142_29504057_1	0.9752030817638000 1K
NA18873 HG02886#1#JAHAOU010000178.1_62411_469262_0$HG03579#1#JAGYVU010000029.1_91404_499180_0	0.9751961285168561 1K
NA18873 HG02818#2#JAHEOR010000010.1_31775319_32183091_1$HG03927.verkko_filt_mat.fa:haplotype1_0000009_134765170_135173010_1	0.9751608529275116 1K
NA18873 AV_HG00673#haplotype1#0000019:16627360$17129375$HG03492#2#JAHEPH010000288.1_2098270_2432686_1	0.9751582541958114 1K
NA18873 HG02630#2#JAHAOP010000089.1_16669255_17076135_0$HG01099.verkko_filt_mat.fa:haplotype1_0000034_142513097_142920876_1	0.9751399286828455 1K
NA18873 HG03492#2#JAHEPH010000288.1_2098270_2432686_1$HG02293.verkko_filt_pat.fa:haplotype2_0000836_148310532_148812524_1	0.9751321324600353 1K
NA18873 HG02818#2#JAHEOR010000010.1_31775319_32183091_1$NA19240#2#JAHEOL010000010.1_37445323_37853017_0	0.9751259316502845 1K
NA18873 HG03516#1#JAGYYT010000012.1_24170958_24578778_1$HG02486#2#JAGYVL010000029.1_94163344_94570162_0	0.9751256987189394 1K
NA18873 AV_HG00673#haplotype1#0000019:16627360$17129375$HG01243#1#JAHEOY010000013.1_90081_424495_0	0.9751240557988567 1K
NA18873 HG02630#2#JAHAOP010000089.1_16669255_17076135_0$NA19240#2#JAHEOL010000010.1_37445323_37853017_0	0.9751212772125497 1K
NA18873 HG01358#1#JAGYZB010000020.1_27445742_27855492_1$HG02004.verkko_filt_pat.fa:haplotype2_0000813_139386576_140076845_1	0.9751205077849541 1K
NA18873 HG03927.verkko_filt_mat.fa:haplotype1_0000009_134765170_135173010_1$HG02809.verkko_filt_pat.fa:haplotype2_0001251_103421111_103827972_0	0.9751180975357374 1K
NA18873 HG02486#1#JAGYVM010000007.1_28868414_29370339_1$HG02809.verkko_filt_mat.fa:haplotype1_0000023_94161320_94589755_0	0.9751114109435627 1K
NA18873 AV_HG01361#haplotype1#0000023:101593539$102001341$HG02486#2#JAGYVL010000029.1_94163344_94570162_0	0.9751086189380446 1K
NA18873 HG02559#1#JAGYVK010000012.1_51505852_51913611_0$HG02630#1#JAHAOQ010000102.1_16672145_17079089_0	0.9751068916766058 1K
NA18873 HG03540#1#JAGYVY010000208.1_95187_596142_0$HG03710.verkko_filt_mat.fa:haplotype1_0000029_102593394_102907063_0	0.9751034827247999 1K
NA18873 HG02630#2#JAHAOP010000089.1_16669255_17076135_0$HG03927.verkko_filt_mat.fa:haplotype1_0000009_134765170_135173010_1	0.9750993188089427 1K
NA18873 HG01243#1#JAHEOY010000013.1_90081_424495_0$HG02293.verkko_filt_pat.fa:haplotype2_0000836_148310532_148812524_1	0.9750979894218362 1K
NA18873 HG02818#2#JAHEOR010000010.1_31775319_32183091_1$HG02300.verkko_filt_mat.fa:haplotype1_0000028_144052837_144460586_1	0.9750915831421143 1K
NA18873 HG03492#2#JAHEPH010000288.1_2098270_2432686_1$HG02080#2#JAHEOV010000017.1_16662177_17164189_0	0.9750889958164861 1K
NA18873 HG02080#1#JAHEOW010000048.1_16689583_17097287_0$HG01109#1#JAHEPA010000099.1_2104245_2511104_1	0.9750877458493342 1K
NA18873 HG02886#1#JAHAOU010000178.1_62411_469262_0$NA19240#2#JAHEOL010000010.1_37445323_37853017_0	0.9750776246794505 1K
NA18873 HG02080#1#JAHEOW010000048.1_16689583_17097287_0$HG02818#2#JAHEOR010000010.1_31775319_32183091_1	0.9750774488220179 1K
NA18873 HG02886#1#JAHAOU010000178.1_62411_469262_0$HG03516#1#JAGYYT010000012.1_24170958_24578778_1	0.9750737290687360 1K
NA18873 HG02080#1#JAHEOW010000048.1_16689583_17097287_0$HG02886#1#JAHAOU010000178.1_62411_469262_0	0.9750720997391159 1K
NA18873 HG03098#2#JAHEPL010000003.1_93803759_94117426_0$HG01071#1#JAHBCF010000053.1_26607100_27108065_1	0.9750628955010090 1K
NA18873 HG02559#1#JAGYVK010000012.1_51505852_51913611_0$HG02300.verkko_filt_mat.fa:haplotype1_0000028_144052837_144460586_1	0.9750518991415279 1K
NA18873 HG02559#1#JAGYVK010000012.1_51505852_51913611_0$HG02717#1#JAHAOS010000015.1_16660311_17067250_0	0.9750490052533759 1K
NA18873 HG02559#1#JAGYVK010000012.1_51505852_51913611_0$HG03927.verkko_filt_mat.fa:haplotype1_0000009_134765170_135173010_1	0.9750472526473258 1K
NA18873 HG02109#1#JAHEPG010000026.1_16673035_17080816_0$HG03927.verkko_filt_mat.fa:haplotype1_0000009_134765170_135173010_1	0.9750423295300923 1K
NA18873 AV_HG01361#haplotype1#0000023:101593539$102001341$HG02630#2#JAHAOP010000089.1_16669255_17076135_0	0.9750412742243088 1K
NA18873 HG02080#2#JAHEOV010000017.1_16662177_17164189_0$HG01243#1#JAHEOY010000013.1_90081_424495_0	0.9750408003431229 1K
NA18873 AV_HG01361#haplotype1#0000023:101593539$102001341$HG02818#2#JAHEOR010000010.1_31775319_32183091_1	0.9750376281925340 1K
NA18873 HG02559#1#JAGYVK010000012.1_51505852_51913611_0$HG02622#1#JAHAOO010000002.1_16673678_17080663_0	0.9750325357095738 1K
NA18873 NA18906#2#JAHEON010000009.1_93748295_94249275_0$HG03710.verkko_filt_mat.fa:haplotype1_0000029_102593394_102907063_0	0.9750269915494529 1K
NA18873 AV_HG02257#haplotype2#0001152:102843493$103251377$HG02818#2#JAHEOR010000010.1_31775319_32183091_1	0.9750244569596881 1K
NA18873 HG02818#2#JAHEOR010000010.1_31775319_32183091_1$HG02630#1#JAHAOQ010000102.1_16672145_17079089_0	0.9750241933007858 1K
NA18873 HG02622#1#JAHAOO010000002.1_16673678_17080663_0$HG03516#2#JAGYYS010000004.1_24452130_24859892_1	0.9750229682960154 1K
NA18873 HG02818#2#JAHEOR010000010.1_31775319_32183091_1$HG02818#1#JAHEOS010000101.1_89626_496613_0	0.9750229034870043 1K
NA18873 HG02886#1#JAHAOU010000178.1_62411_469262_0$HG02300.verkko_filt_mat.fa:haplotype1_0000028_144052837_144460586_1	0.9750214052817178 1K
NA18873 HG01109#1#JAHEPA010000099.1_2104245_2511104_1$HG02300.verkko_filt_mat.fa:haplotype1_0000028_144052837_144460586_1	0.9750211069909559 1K
NA18873 HG02080#1#JAHEOW010000048.1_16689583_17097287_0$HG02809.verkko_filt_pat.fa:haplotype2_0001251_103421111_103827972_0	0.9750167158446559 1K
NA18873 HG00741#1#JAHALY010000007.1_18781197_19307680_1$HG03486#2#JAHEOP010000248.1_2105565_2584784_1	0.9750138693698995 1K
NA18873 HG02630#1#JAHAOQ010000102.1_16672145_17079089_0$HG03516#2#JAGYYS010000004.1_24452130_24859892_1	0.9750093287819022 1K
NA18873 AV_HG02257#haplotype2#0001152:102843493$103251377$HG02559#1#JAGYVK010000012.1_51505852_51913611_0	0.9750092230184981 1K
NA18873 HG02886#2#JAHAOT010000031.1_87393_401061_0$HG03540#1#JAGYVY010000208.1_95187_596142_0	0.9750070342246877 1K
NA18873 HG02055#2#JAHEPJ010000017.1_24870122_25298560_1$NA18906#2#JAHEON010000009.1_93748295_94249275_0	0.9750053275007460 1K
NA18873 HG01071#1#JAHBCF010000053.1_26607100_27108065_1$HG02647.verkko_filt_mat.fa:haplotype1_0000002_103892584_104321036_0	0.9750029183203587 1K
NA18873 HG02559#1#JAGYVK010000012.1_51505852_51913611_0$HG02818#1#JAHEOS010000101.1_89626_496613_0	0.9749994564909280 1K
NA18873 AV_HG01361#haplotype1#0000023:101593539$102001341$HG01109#1#JAHEPA010000099.1_2104245_2511104_1	0.9749912698309489 1K
NA18873 HG02300.verkko_filt_mat.fa:haplotype1_0000028_144052837_144460586_1$HG02809.verkko_filt_pat.fa:haplotype2_0001251_103421111_103827972_0	0.9749904049076700 1K
NA18873 HG02818#2#JAHEOR010000010.1_31775319_32183091_1$HG02717#1#JAHAOS010000015.1_16660311_17067250_0	0.9749823965428175 1K
NA18873 AV_HG01361#haplotype1#0000023:101593539$102001341$HG02886#1#JAHAOU010000178.1_62411_469262_0	0.9749749471317376 1K
NA18873 HG02080#1#JAHEOW010000048.1_16689583_17097287_0$HG02486#2#JAGYVL010000029.1_94163344_94570162_0	0.9749702990315559 1K
NA18873 HG02559#1#JAGYVK010000012.1_51505852_51913611_0$NA18906#1#JAHEOO010000054.1_2103477_2510435_1	0.9749696609509796 1K
NA18873 HG02109#1#JAHEPG010000026.1_16673035_17080816_0$HG02300.verkko_filt_mat.fa:haplotype1_0000028_144052837_144460586_1	0.9749694974481359 1K
NA18873 NA18906#2#JAHEON010000009.1_93748295_94249275_0$HG02809.verkko_filt_mat.fa:haplotype1_0000023_94161320_94589755_0	0.9749660811797253 1K
NA18873 AV_HG02257#haplotype2#0001152:102843493$103251377$HG03516#2#JAGYYS010000004.1_24452130_24859892_1	0.9749599110800319 1K
NA18873 HG02717#1#JAHAOS010000015.1_16660311_17067250_0$HG03516#2#JAGYYS010000004.1_24452130_24859892_1	0.9749595761300129 1K
NA18873 HG02630#1#JAHAOQ010000102.1_16672145_17079089_0$HG03579#1#JAGYVU010000029.1_91404_499180_0	0.9749535862685983 1K
NA18873 HG02080#1#JAHEOW010000048.1_16689583_17097287_0$HG02559#1#JAGYVK010000012.1_51505852_51913611_0	0.9749488705953577 1K
NA18873 HG02486#2#JAGYVL010000029.1_94163344_94570162_0$HG01099.verkko_filt_mat.fa:haplotype1_0000034_142513097_142920876_1	0.9749481703411340 1K
NA18873 HG02080#1#JAHEOW010000048.1_16689583_17097287_0$NA19240#1#JAHEOM010000047.1_30103390_30511199_1	0.9749479334483245 1K
NA18873 HG02080#1#JAHEOW010000048.1_16689583_17097287_0$HG02109#1#JAHEPG010000026.1_16673035_17080816_0	0.9749471869504139 1K
NA18873 HG02818#2#JAHEOR010000010.1_31775319_32183091_1$HG02145#2#JAHKSF010000206.1_1005292_1413195_1	0.9749470087171342 1K
NA18873 HG02818#2#JAHEOR010000010.1_31775319_32183091_1$HG02622#1#JAHAOO010000002.1_16673678_17080663_0	0.9749443111120779 1K
NA18873 HG03516#2#JAGYYS010000004.1_24452130_24859892_1$HG03927.verkko_filt_mat.fa:haplotype1_0000009_134765170_135173010_1	0.9749406111365055 1K
NA18873 HG02559#1#JAGYVK010000012.1_51505852_51913611_0$HG02145#2#JAHKSF010000206.1_1005292_1413195_1	0.9749397402099576 1K
NA18873 HG02818#2#JAHEOR010000010.1_31775319_32183091_1$NA18906#1#JAHEOO010000054.1_2103477_2510435_1	0.9749354170211356 1K
NA18873 HG03540#1#JAGYVY010000208.1_95187_596142_0$HG00733#1#JAHEPQ010000019.1_46106835_46420495_0	0.9749353659919507 1K
NA18873 HG02559#1#JAGYVK010000012.1_51505852_51913611_0$NA19240#2#JAHEOL010000010.1_37445323_37853017_0	0.9749325096867615 1K
NA18873 NA19240#1#JAHEOM010000047.1_30103390_30511199_1$NA19240#2#JAHEOL010000010.1_37445323_37853017_0	0.9749320028744601 1K
NA18873 HG01258#2#JAGYYU010000072.1_51562603_51970395_0$HG02300.verkko_filt_mat.fa:haplotype1_0000028_144052837_144460586_1	0.9749305999955054 1K
NA18873 HG02486#2#JAGYVL010000029.1_94163344_94570162_0$HG02300.verkko_filt_mat.fa:haplotype1_0000028_144052837_144460586_1	0.9749277251358832 1K
NA18873 NA19240#1#JAHEOM010000047.1_30103390_30511199_1$HG02300.verkko_filt_mat.fa:haplotype1_0000028_144052837_144460586_1	0.9749217178353994 1K
NA18873 AV_HG01361#haplotype1#0000023:101593539$102001341$HG02809.verkko_filt_pat.fa:haplotype2_0001251_103421111_103827972_0	0.9749197396131951 1K
NA18873 HG03516#2#JAGYYS010000004.1_24452130_24859892_1$HG02818#1#JAHEOS010000101.1_89626_496613_0	0.9749177166669251 1K
NA18873 HG03710.verkko_filt_mat.fa:haplotype1_0000029_102593394_102907063_0$HG01099.verkko_filt_pat.fa:haplotype2_0000583_143544270_144046196_1	0.9749164569836412 1K
NA18873 AV_HG01361#haplotype2#0001322:101872897$102186552$HG01099.verkko_filt_pat.fa:haplotype2_0000583_143544270_144046196_1	0.9749096299294316 1K
NA18873 HG02818#2#JAHEOR010000010.1_31775319_32183091_1$HG03516#1#JAGYYT010000012.1_24170958_24578778_1	0.9749095747463946 1K
NA18873 HG03492#2#JAHEPH010000288.1_2098270_2432686_1$HG02071.verkko_filt_pat.fa:haplotype2_0000736_102745972_103248026_0	0.9749094340494429 1K
NA18873 HG02080#1#JAHEOW010000048.1_16689583_17097287_0$HG01258#2#JAGYYU010000072.1_51562603_51970395_0	0.9749083542587037 1K
NA18873 HG02818#2#JAHEOR010000010.1_31775319_32183091_1$HG01099.verkko_filt_mat.fa:haplotype1_0000034_142513097_142920876_1	0.9749022057012686 1K
NA18873 AV_HG02257#haplotype2#0001152:102843493$103251377$HG03579#1#JAGYVU010000029.1_91404_499180_0	0.9748882602125660 1K
NA18873 HG02486#2#JAGYVL010000029.1_94163344_94570162_0$NA19240#2#JAHEOL010000010.1_37445323_37853017_0	0.9748867356002264 1K
NA18873 HG02630#1#JAHAOQ010000102.1_16672145_17079089_0$NA19240#1#JAHEOM010000047.1_30103390_30511199_1	0.9748865275377875 1K
NA18873 HG02886#2#JAHAOT010000031.1_87393_401061_0$NA18906#2#JAHEON010000009.1_93748295_94249275_0	0.9748824165664359 1K
NA18873 HG02622#1#JAHAOO010000002.1_16673678_17080663_0$HG03579#1#JAGYVU010000029.1_91404_499180_0	0.9748792298038212 1K
NA18873 HG02818#1#JAHEOS010000101.1_89626_496613_0$HG03579#1#JAGYVU010000029.1_91404_499180_0	0.9748703941262317 1K
NA18873 HG02559#1#JAGYVK010000012.1_51505852_51913611_0$HG01099.verkko_filt_mat.fa:haplotype1_0000034_142513097_142920876_1	0.9748703396247652 1K
NA18873 HG03516#2#JAGYYS010000004.1_24452130_24859892_1$NA19240#2#JAHEOL010000010.1_37445323_37853017_0	0.9748665510137533 1K
NA18873 HG03516#2#JAGYYS010000004.1_24452130_24859892_1$HG02300.verkko_filt_mat.fa:haplotype1_0000028_144052837_144460586_1	0.9748650255548980 1K
NA18873 HG01109#1#JAHEPA010000099.1_2104245_2511104_1$HG01099.verkko_filt_mat.fa:haplotype1_0000034_142513097_142920876_1	0.9748638018082338 1K
NA18873 HG02109#1#JAHEPG010000026.1_16673035_17080816_0$HG02486#2#JAGYVL010000029.1_94163344_94570162_0	0.9748578055834430 1K
NA18873 NA19240#2#JAHEOL010000010.1_37445323_37853017_0$HG02809.verkko_filt_pat.fa:haplotype2_0001251_103421111_103827972_0	0.9748447383752972 1K
NA18873 HG03579#1#JAGYVU010000029.1_91404_499180_0$HG02300.verkko_filt_mat.fa:haplotype1_0000028_144052837_144460586_1	0.9748420236164396 1K
NA18873 HG02109#1#JAHEPG010000026.1_16673035_17080816_0$NA19240#2#JAHEOL010000010.1_37445323_37853017_0	0.9748407346581339 1K
NA18873 HG01099.verkko_filt_mat.fa:haplotype1_0000034_142513097_142920876_1$HG02809.verkko_filt_pat.fa:haplotype2_0001251_103421111_103827972_0	0.9748405703160602 1K
NA18873 HG02717#1#JAHAOS010000015.1_16660311_17067250_0$HG03579#1#JAGYVU010000029.1_91404_499180_0	0.9748389300125628 1K
NA18873 HG02293.verkko_filt_mat.fa:haplotype1_0000039_30204405_30517145_1$HG01099.verkko_filt_pat.fa:haplotype2_0000583_143544270_144046196_1	0.9748240607849078 1K
NA18873 HG02886#1#JAHAOU010000178.1_62411_469262_0$HG01099.verkko_filt_mat.fa:haplotype1_0000034_142513097_142920876_1	0.9748226908528322 1K
NA18873 HG01109#1#JAHEPA010000099.1_2104245_2511104_1$NA19240#2#JAHEOL010000010.1_37445323_37853017_0	0.9748212105582148 1K
NA18873 HG02630#2#JAHAOP010000089.1_16669255_17076135_0$HG03516#1#JAGYYT010000012.1_24170958_24578778_1	0.9748158664947753 1K
NA18873 HG00741#1#JAHALY010000007.1_18781197_19307680_1$HG01109#2#JAHEOZ010000047.1_16671232_17151375_0	0.9748134813089097 1K
NA18873 AV_HG01361#haplotype1#0000023:101593539$102001341$HG02559#1#JAGYVK010000012.1_51505852_51913611_0	0.9748120831486399 1K
NA18873 HG02080#1#JAHEOW010000048.1_16689583_17097287_0$HG03516#2#JAGYYS010000004.1_24452130_24859892_1	0.9748104489684658 1K
NA18873 NA18906#1#JAHEOO010000054.1_2103477_2510435_1$HG03516#2#JAGYYS010000004.1_24452130_24859892_1	0.9748072109041940 1K
NA18873 AV_HG02257#haplotype2#0001152:102843493$103251377$NA19240#1#JAHEOM010000047.1_30103390_30511199_1	0.9748060952311109 1K
NA18873 HG02559#1#JAGYVK010000012.1_51505852_51913611_0$HG03516#1#JAGYYT010000012.1_24170958_24578778_1	0.9748039253197419 1K
NA18873 HG02145#2#JAHKSF010000206.1_1005292_1413195_1$HG03516#2#JAGYYS010000004.1_24452130_24859892_1	0.9748013846667585 1K
NA18873 HG00733#1#JAHEPQ010000019.1_46106835_46420495_0$HG01099.verkko_filt_pat.fa:haplotype2_0000583_143544270_144046196_1	0.9747962248021744 1K
NA18873 HG03098#2#JAHEPL010000003.1_93803759_94117426_0$HG01258#1#JAGYYV010000004.1_56955948_57456952_1	0.9747950162256681 1K
NA18873 HG01243#1#JAHEOY010000013.1_90081_424495_0$HG02071.verkko_filt_pat.fa:haplotype2_0000736_102745972_103248026_0	0.9747918348593098 1K
NA18873 HG02717#1#JAHAOS010000015.1_16660311_17067250_0$NA19240#1#JAHEOM010000047.1_30103390_30511199_1	0.9747880555705561 1K
NA18873 NA19240#1#JAHEOM010000047.1_30103390_30511199_1$HG02818#1#JAHEOS010000101.1_89626_496613_0	0.9747803718272608 1K
NA18873 HG02109#1#JAHEPG010000026.1_16673035_17080816_0$HG01099.verkko_filt_mat.fa:haplotype1_0000034_142513097_142920876_1	0.9747793872390539 1K
NA18873 HG01258#1#JAGYYV010000004.1_56955948_57456952_1$HG02647.verkko_filt_mat.fa:haplotype1_0000002_103892584_104321036_0	0.9747772265979997 1K
NA18873 NA18906#1#JAHEOO010000054.1_2103477_2510435_1$NA19240#1#JAHEOM010000047.1_30103390_30511199_1	0.9747734365866922 1K
NA18873 AV_HG00673#haplotype2#0001165:24014011$24421797$HG02486#2#JAGYVL010000029.1_94163344_94570162_0	0.9747720213452404 1K
NA18873 HG01071#1#JAHBCF010000053.1_26607100_27108065_1$HG02055#2#JAHEPJ010000017.1_24870122_25298560_1	0.9747686232117266 1K
NA18873 HG02080#1#JAHEOW010000048.1_16689583_17097287_0$HG03579#1#JAGYVU010000029.1_91404_499180_0	0.9747632327808216 1K
NA18873 NA18906#1#JAHEOO010000054.1_2103477_2510435_1$HG03579#1#JAGYVU010000029.1_91404_499180_0	0.9747595664589938 1K
NA18873 HG01258#2#JAGYYU010000072.1_51562603_51970395_0$NA19240#2#JAHEOL010000010.1_37445323_37853017_0	0.9747547170818051 1K
NA18873 HG03516#1#JAGYYT010000012.1_24170958_24578778_1$HG03516#2#JAGYYS010000004.1_24452130_24859892_1	0.9747535250388972 1K
NA18873 HG03098#1#JAHEPM010000059.1_16676208_17105596_0$HG02486#1#JAGYVM010000007.1_28868414_29370339_1	0.9747526713547811 1K
NA18873 HG03492#2#JAHEPH010000288.1_2098270_2432686_1$HG04228.verkko_filt_mat.fa:haplotype1_0000023_103429213_103930285_0	0.9747519190521557 1K
NA18873 NA19240#1#JAHEOM010000047.1_30103390_30511199_1$HG03927.verkko_filt_mat.fa:haplotype1_0000009_134765170_135173010_1	0.9747505850216590 1K
NA18873 HG03579#1#JAGYVU010000029.1_91404_499180_0$HG03927.verkko_filt_mat.fa:haplotype1_0000009_134765170_135173010_1	0.9747493169343573 1K
NA18873 HG01258#2#JAGYYU010000072.1_51562603_51970395_0$HG01099.verkko_filt_mat.fa:haplotype1_0000034_142513097_142920876_1	0.9747328529373758 1K
NA18873 NA19240#1#JAHEOM010000047.1_30103390_30511199_1$HG01099.verkko_filt_mat.fa:haplotype1_0000034_142513097_142920876_1	0.9747323554716167 1K
NA18873 HG02559#2#JAGYVJ010000037.1_52167780_52574597_1$HG03927.verkko_filt_mat.fa:haplotype1_0000009_134765170_135173010_1	0.9747276528504417 1K
NA18873 HG03516#1#JAGYYT010000012.1_24170958_24578778_1$HG02809.verkko_filt_pat.fa:haplotype2_0001251_103421111_103827972_0	0.9747213062821517 1K
NA18873 AV_HG00673#haplotype2#0001165:24014011$24421797$HG02818#2#JAHEOR010000010.1_31775319_32183091_1	0.9747190080083598 1K
NA18873 HG02080#1#JAHEOW010000048.1_16689583_17097287_0$HG00741#2#JAHALX010000013.1_51574319_51981226_0	0.9747159452720103 1K
NA18873 HG02886#1#JAHAOU010000178.1_62411_469262_0$HG02109#1#JAHEPG010000026.1_16673035_17080816_0	0.9747087800213753 1K
NA18873 HG03492#1#JAHEPI010000180.1_2103395_2543326_1$HG02300.verkko_filt_mat.fa:haplotype1_0000028_144052837_144460586_1	0.9746994406117081 1K
NA18873 AV_HG01361#haplotype1#0000023:101593539$102001341$HG03516#2#JAGYYS010000004.1_24452130_24859892_1	0.9746978162049156 1K
NA18873 HG02145#2#JAHKSF010000206.1_1005292_1413195_1$HG03579#1#JAGYVU010000029.1_91404_499180_0	0.9746893964288204 1K
NA18873 AV_HG00673#haplotype2#0001165:24014011$24421797$HG02886#1#JAHAOU010000178.1_62411_469262_0	0.9746871932403074 1K
NA18873 HG01258#1#JAGYYV010000004.1_56955948_57456952_1$HG02055#2#JAHEPJ010000017.1_24870122_25298560_1	0.9746851912639339 1K
NA18873 HG03516#2#JAGYYS010000004.1_24452130_24859892_1$HG01099.verkko_filt_mat.fa:haplotype1_0000034_142513097_142920876_1	0.9746834078058237 1K
NA18873 HG02886#2#JAHAOT010000031.1_87393_401061_0$HG01099.verkko_filt_pat.fa:haplotype2_0000583_143544270_144046196_1	0.9746832487370219 1K
NA18873 HG01243#1#JAHEOY010000013.1_90081_424495_0$HG04228.verkko_filt_mat.fa:haplotype1_0000023_103429213_103930285_0	0.9746830556575471 1K
NA18873 AV_HG01361#haplotype1#0000023:101593539$102001341$HG01258#2#JAGYYU010000072.1_51562603_51970395_0	0.9746826632258242 1K
NA18873 HG02080#1#JAHEOW010000048.1_16689583_17097287_0$HG02717#2#JAHAOR010000006.1_19663827_20070693_1	0.9746820183748638 1K
NA18873 HG02080#1#JAHEOW010000048.1_16689583_17097287_0$HG01123#1#JAGYYZ010000015.1_51528240_51935090_0	0.9746695757138101 1K
NA18873 HG00741#1#JAHALY010000007.1_18781197_19307680_1$HG00438#1#JAHBCB010000015.1_33474867_33954171_0	0.9746675545408304 1K
NA18873 AV_HG01361#haplotype2#0001322:101872897$102186552$NA18906#2#JAHEON010000009.1_93748295_94249275_0	0.9746588297555731 1K
NA18873 AV_HG01361#haplotype1#0000023:101593539$102001341$NA19240#1#JAHEOM010000047.1_30103390_30511199_1	0.9746581133646794 1K
NA18873 AV_HG01361#haplotype1#0000023:101593539$102001341$HG03492#1#JAHEPI010000180.1_2103395_2543326_1	0.9746557221120150 1K
NA18873 HG03579#1#JAGYVU010000029.1_91404_499180_0$HG01099.verkko_filt_mat.fa:haplotype1_0000034_142513097_142920876_1	0.9746523956639596 1K
NA18873 HG02630#2#JAHAOP010000089.1_16669255_17076135_0$HG02109#1#JAHEPG010000026.1_16673035_17080816_0	0.9746520547427168 1K
NA18873 HG03579#1#JAGYVU010000029.1_91404_499180_0$NA19240#2#JAHEOL010000010.1_37445323_37853017_0	0.9746501851270896 1K
NA18873 HG02109#1#JAHEPG010000026.1_16673035_17080816_0$HG03516#1#JAGYYT010000012.1_24170958_24578778_1	0.9746458129789956 1K
NA18873 HG00438#2#JAHBCA010000012.1_51513023_51826723_0$HG03540#1#JAGYVY010000208.1_95187_596142_0	0.9746350550435473 1K
NA18873 HG03540#1#JAGYVY010000208.1_95187_596142_0$HG02293.verkko_filt_mat.fa:haplotype1_0000039_30204405_30517145_1	0.9746331494416729 1K
NA18873 HG03540#1#JAGYVY010000208.1_95187_596142_0$HG02004.verkko_filt_pat.fa:haplotype2_0000813_139386576_140076845_1	0.9746272708336062 1K
NA18873 HG00621#1#JAHBCD010000034.1_2122997_2624098_1$HG03492#2#JAHEPH010000288.1_2098270_2432686_1	0.9746271172378751 1K
NA18873 AV_HG01361#haplotype1#0000023:101593539$102001341$HG02109#1#JAHEPG010000026.1_16673035_17080816_0	0.9746238192779942 1K
NA18873 HG02004.verkko_filt_pat.fa:haplotype2_0000813_139386576_140076845_1$HG01099.verkko_filt_pat.fa:haplotype2_0000583_143544270_144046196_1	0.9746211626021570 1K
NA18873 HG02717#2#JAHAOR010000006.1_19663827_20070693_1$HG02300.verkko_filt_mat.fa:haplotype1_0000028_144052837_144460586_1	0.9746153579091952 1K
NA18873 HG00438#2#JAHBCA010000012.1_51513023_51826723_0$NA18906#2#JAHEON010000009.1_93748295_94249275_0	0.9746147941420729 1K
NA18873 HG02080#1#JAHEOW010000048.1_16689583_17097287_0$HG03492#1#JAHEPI010000180.1_2103395_2543326_1	0.9746004890239525 1K
NA18873 HG02622#1#JAHAOO010000002.1_16673678_17080663_0$NA19240#1#JAHEOM010000047.1_30103390_30511199_1	0.9745896430614845 1K
NA18873 HG02145#2#JAHKSF010000206.1_1005292_1413195_1$NA19240#1#JAHEOM010000047.1_30103390_30511199_1	0.9745834089022084 1K
NA18873 AV_HG01361#haplotype1#0000023:101593539$102001341$HG02717#2#JAHAOR010000006.1_19663827_20070693_1	0.9745774369590646 1K
NA18873 HG01258#1#JAGYYV010000004.1_56955948_57456952_1$HG02809.verkko_filt_mat.fa:haplotype1_0000023_94161320_94589755_0	0.9745708331427314 1K
NA18873 HG00621#1#JAHBCD010000034.1_2122997_2624098_1$HG01243#1#JAHEOY010000013.1_90081_424495_0	0.9745650860534272 1K
NA18873 HG00741#2#JAHALX010000013.1_51574319_51981226_0$HG02300.verkko_filt_mat.fa:haplotype1_0000028_144052837_144460586_1	0.9745605768102318 1K
NA18873 HG01258#1#JAGYYV010000004.1_56955948_57456952_1$HG03710.verkko_filt_mat.fa:haplotype1_0000029_102593394_102907063_0	0.9745592327094580 1K
NA18873 HG01071#1#JAHBCF010000053.1_26607100_27108065_1$HG02809.verkko_filt_mat.fa:haplotype1_0000023_94161320_94589755_0	0.9745579771629799 1K
NA18873 HG01123#1#JAGYYZ010000015.1_51528240_51935090_0$HG02300.verkko_filt_mat.fa:haplotype1_0000028_144052837_144460586_1	0.9745463047131903 1K
NA18873 AV_HG00673#haplotype2#0001165:24014011$24421797$HG02559#1#JAGYVK010000012.1_51505852_51913611_0	0.9745416703713131 1K
NA18873 HG03492#1#JAHEPI010000180.1_2103395_2543326_1$HG01099.verkko_filt_mat.fa:haplotype1_0000034_142513097_142920876_1	0.9745376062494953 1K
NA18873 HG01123#1#JAGYYZ010000015.1_51528240_51935090_0$HG01099.verkko_filt_mat.fa:haplotype1_0000034_142513097_142920876_1	0.9745343759819735 1K
NA18873 HG03516#1#JAGYYT010000012.1_24170958_24578778_1$HG03579#1#JAGYVU010000029.1_91404_499180_0	0.9745300490427100 1K
NA18873 HG03516#1#JAGYYT010000012.1_24170958_24578778_1$HG01258#2#JAGYYU010000072.1_51562603_51970395_0	0.9745298330179041 1K
NA18873 AV_HG01361#haplotype1#0000023:101593539$102001341$HG03579#1#JAGYVU010000029.1_91404_499180_0	0.9745295781233290 1K
NA18873 HG02717#2#JAHAOR010000006.1_19663827_20070693_1$HG01099.verkko_filt_mat.fa:haplotype1_0000034_142513097_142920876_1	0.9745226312610732 1K
NA18873 HG01071#1#JAHBCF010000053.1_26607100_27108065_1$HG03710.verkko_filt_mat.fa:haplotype1_0000029_102593394_102907063_0	0.9745211254149508 1K
NA18873 HG02080#1#JAHEOW010000048.1_16689583_17097287_0$HG005#1#JAHEPO010000002.1_51519219_51926067_0	0.9745087826851110 1K
NA18873 HG01123#1#JAGYYZ010000015.1_51528240_51935090_0$NA19240#2#JAHEOL010000010.1_37445323_37853017_0	0.9745076154471857 1K
NA18873 AV_HG00673#haplotype2#0001165:24014011$24421797$HG02630#2#JAHAOP010000089.1_16669255_17076135_0	0.9745047011687089 1K
NA18873 HG01071#1#JAHBCF010000053.1_26607100_27108065_1$HG02886#2#JAHAOT010000031.1_87393_401061_0	0.9744895290604213 1K
NA18873 HG03516#1#JAGYYT010000012.1_24170958_24578778_1$NA19240#1#JAHEOM010000047.1_30103390_30511199_1	0.9744832321818268 1K
NA18873 HG01109#1#JAHEPA010000099.1_2104245_2511104_1$HG03516#1#JAGYYT010000012.1_24170958_24578778_1	0.9744762227100288 1K
NA18873 HG01123#1#JAGYYZ010000015.1_51528240_51935090_0$HG03516#1#JAGYYT010000012.1_24170958_24578778_1	0.9744753483574125 1K
NA18873 HG005#1#JAHEPO010000002.1_51519219_51926067_0$HG02300.verkko_filt_mat.fa:haplotype1_0000028_144052837_144460586_1	0.9744744636204130 1K
NA18873 HG01109#1#JAHEPA010000099.1_2104245_2511104_1$HG03927.verkko_filt_mat.fa:haplotype1_0000009_134765170_135173010_1	0.9744708032780477 1K
NA18873 AV_HG01361#haplotype1#0000023:101593539$102001341$HG01123#1#JAGYYZ010000015.1_51528240_51935090_0	0.9744679688232243 1K
NA18873 HG01123#1#JAGYYZ010000015.1_51528240_51935090_0$HG02109#1#JAHEPG010000026.1_16673035_17080816_0	0.9744646302870558 1K
NA18873 HG02818#2#JAHEOR010000010.1_31775319_32183091_1$HG03579#1#JAGYVU010000029.1_91404_499180_0	0.9744631186247886 1K
NA18873 HG00741#2#JAHALX010000013.1_51574319_51981226_0$NA19240#2#JAHEOL010000010.1_37445323_37853017_0	0.9744582509415161 1K
NA18873 HG03098#2#JAHEPL010000003.1_93803759_94117426_0$HG03540#1#JAGYVY010000208.1_95187_596142_0	0.9744501759397918 1K
NA18873 HG01109#1#JAHEPA010000099.1_2104245_2511104_1$HG02109#1#JAHEPG010000026.1_16673035_17080816_0	0.9744488406779651 1K
NA18873 HG02818#2#JAHEOR010000010.1_31775319_32183091_1$HG02559#1#JAGYVK010000012.1_51505852_51913611_0	0.9744403112125050 1K
NA18873 HG02109#1#JAHEPG010000026.1_16673035_17080816_0$HG02717#2#JAHAOR010000006.1_19663827_20070693_1	0.9744371928647299 1K
NA18873 HG005#1#JAHEPO010000002.1_51519219_51926067_0$NA19240#2#JAHEOL010000010.1_37445323_37853017_0	0.9744360948850090 1K
NA18873 HG02109#1#JAHEPG010000026.1_16673035_17080816_0$HG01258#2#JAGYYU010000072.1_51562603_51970395_0	0.9744222632217711 1K
NA18873 AV_HG01361#haplotype2#0001322:101872897$102186552$HG01071#1#JAHBCF010000053.1_26607100_27108065_1	0.9744178660120699 1K
NA18873 HG02717#2#JAHAOR010000006.1_19663827_20070693_1$NA19240#2#JAHEOL010000010.1_37445323_37853017_0	0.9744154446273771 1K
NA18873 AV_HG01361#haplotype1#0000023:101593539$102001341$HG005#1#JAHEPO010000002.1_51519219_51926067_0	0.9744042824366389 1K
NA18873 AV_HG00673#haplotype2#0001165:24014011$24421797$HG01109#1#JAHEPA010000099.1_2104245_2511104_1	0.9743819073193815 1K
NA18873 AV_HG01106#haplotype2#0000932:16673968$17175925$HG02647.verkko_filt_mat.fa:haplotype1_0000002_103892584_104321036_0	0.9743713675741421 1K
NA18873 HG00741#2#JAHALX010000013.1_51574319_51981226_0$HG01099.verkko_filt_mat.fa:haplotype1_0000034_142513097_142920876_1	0.9743712112308932 1K
NA18873 AV_HG00673#haplotype2#0001165:24014011$24421797$HG03516#2#JAGYYS010000004.1_24452130_24859892_1	0.9743707806906687 1K
NA18873 NA18906#2#JAHEON010000009.1_93748295_94249275_0$HG00733#1#JAHEPQ010000019.1_46106835_46420495_0	0.9743677474905512 1K
NA18873 NA18906#2#JAHEON010000009.1_93748295_94249275_0$HG02004.verkko_filt_pat.fa:haplotype2_0000813_139386576_140076845_1	0.9743575010111818 1K
NA18873 HG00438#2#JAHBCA010000012.1_51513023_51826723_0$HG01099.verkko_filt_pat.fa:haplotype2_0000583_143544270_144046196_1	0.9743435589382002 1K
NA18873 HG005#1#JAHEPO010000002.1_51519219_51926067_0$HG02109#1#JAHEPG010000026.1_16673035_17080816_0	0.9743370694659769 1K
NA18873 HG03516#1#JAGYYT010000012.1_24170958_24578778_1$HG02717#2#JAHAOR010000006.1_19663827_20070693_1	0.9743114225069978 1K
NA18873 HG02818#2#JAHEOR010000010.1_31775319_32183091_1$HG03516#2#JAGYYS010000004.1_24452130_24859892_1	0.9743010791994863 1K
NA18873 HG03098#2#JAHEPL010000003.1_93803759_94117426_0$HG01099.verkko_filt_pat.fa:haplotype2_0000583_143544270_144046196_1	0.9742955010462416 1K
NA18873 HG02630#1#JAHAOQ010000102.1_16672145_17079089_0$HG03927.verkko_filt_mat.fa:haplotype1_0000009_134765170_135173010_1	0.9742894387554564 1K
NA18873 HG005#1#JAHEPO010000002.1_51519219_51926067_0$HG01099.verkko_filt_mat.fa:haplotype1_0000034_142513097_142920876_1	0.9742848850583782 1K
NA18873 AV_HG01175#haplotype1#0000070:46006269$46414083$HG02809.verkko_filt_pat.fa:haplotype2_0001251_103421111_103827972_0	0.9742630291460120 1K
NA18873 AV_HG01361#haplotype1#0000023:101593539$102001341$HG00741#2#JAHALX010000013.1_51574319_51981226_0	0.9742566731080927 1K
NA18873 AV_HG01106#haplotype2#0000932:16673968$17175925$HG02055#2#JAHEPJ010000017.1_24870122_25298560_1	0.9742556209102323 1K
NA18873 AV_HG01175#haplotype1#0000070:46006269$46414083$HG01258#2#JAGYYU010000072.1_51562603_51970395_0	0.9742374899682236 1K
NA18873 HG005#1#JAHEPO010000002.1_51519219_51926067_0$HG03516#1#JAGYYT010000012.1_24170958_24578778_1	0.9742355579249226 1K
NA18873 HG02080#1#JAHEOW010000048.1_16689583_17097287_0$HG02622#1#JAHAOO010000002.1_16673678_17080663_0	0.9742337833104981 1K
NA18873 HG02486#1#JAGYVM010000007.1_28868414_29370339_1$HG02004.verkko_filt_pat.fa:haplotype2_0000813_139386576_140076845_1	0.9742279664148489 1K
NA18873 AV_HG00673#haplotype2#0001165:24014011$24421797$HG02809.verkko_filt_pat.fa:haplotype2_0001251_103421111_103827972_0	0.9742274445527500 1K
NA18873 HG02559#1#JAGYVK010000012.1_51505852_51913611_0$HG03516#2#JAGYYS010000004.1_24452130_24859892_1	0.9742267311784548 1K
NA18873 HG02559#1#JAGYVK010000012.1_51505852_51913611_0$HG03579#1#JAGYVU010000029.1_91404_499180_0	0.9742205086209227 1K
NA18873 AV_HG00673#haplotype2#0001165:24014011$24421797$HG01258#2#JAGYYU010000072.1_51562603_51970395_0	0.9742185968279558 1K
NA18873 HG02818#2#JAHEOR010000010.1_31775319_32183091_1$NA19240#1#JAHEOM010000047.1_30103390_30511199_1	0.9742177368612283 1K
NA18873 HG002.verkko_filt_mat.fa:haplotype1_0000005_138228497_138636354_1$HG02809.verkko_filt_pat.fa:haplotype2_0001251_103421111_103827972_0	0.9742157053123034 1K
NA18873 HG02559#1#JAGYVK010000012.1_51505852_51913611_0$HG01978#2#JAGYVR010000007.1_51532241_51939176_0	0.9742129844323707 1K
NA18873 AV_HG01175#haplotype1#0000070:46006269$46414083$HG02109#1#JAHEPG010000026.1_16673035_17080816_0	0.9742104996671374 1K
NA18873 NA19240#1#JAHEOM010000047.1_30103390_30511199_1$HG03516#2#JAGYYS010000004.1_24452130_24859892_1	0.9742036540396928 1K
NA18873 AV_HG00673#haplotype2#0001165:24014011$24421797$NA19240#1#JAHEOM010000047.1_30103390_30511199_1	0.9742027349195339 1K
NA18873 HG02559#2#JAGYVJ010000037.1_52167780_52574597_1$HG02109#1#JAHEPG010000026.1_16673035_17080816_0	0.9741997317522046 1K
NA18873 HG02717#2#JAHAOR010000006.1_19663827_20070693_1$HG002.verkko_filt_mat.fa:haplotype1_0000005_138228497_138636354_1	0.9741976897877340 1K
NA18873 HG02717#2#JAHAOR010000006.1_19663827_20070693_1$HG03927.verkko_filt_mat.fa:haplotype1_0000009_134765170_135173010_1	0.9741934311262329 1K
NA18873 HG01258#1#JAGYYV010000004.1_56955948_57456952_1$HG02886#2#JAHAOT010000031.1_87393_401061_0	0.9741894454138207 1K
NA18873 chr1_hg38_103456064_103863972_0$HG02486#2#JAGYVL010000029.1_94163344_94570162_0	0.9741863738704944 1K
NA18873 chr1_hg19_103998686_104406594_0$HG02486#2#JAGYVL010000029.1_94163344_94570162_0	0.9741863738704944 1K
NA18873 HG03486#1#JAHEOQ010000123.1_16677696_17085575_0$HG02486#2#JAGYVL010000029.1_94163344_94570162_0	0.9741805704601333 1K
NA18873 HG005#2#JAHEPN010000023.1_51542210_51950070_0$HG02486#2#JAGYVL010000029.1_94163344_94570162_0	0.9741793764858176 1K
NA18873 HG03492#2#JAHEPH010000288.1_2098270_2432686_1$NA20129#2#JAHEPD010000155.1_90039_569275_0	0.9741755139120315 1K
NA18873 HG01258#2#JAGYYU010000072.1_51562603_51970395_0$HG002.verkko_filt_mat.fa:haplotype1_0000005_138228497_138636354_1	0.9741738288370124 1K
NA18873 AV_HG01175#haplotype1#0000070:46006269$46414083$HG02559#1#JAGYVK010000012.1_51505852_51913611_0	0.9741733922489857 1K
NA18873 AV_HG01175#haplotype1#0000070:46006269$46414083$HG02717#2#JAHAOR010000006.1_19663827_20070693_1	0.9741724625439586 1K
NA18873 AV_HG01175#haplotype1#0000070:46006269$46414083$HG02886#1#JAHAOU010000178.1_62411_469262_0	0.9741717729390047 1K
NA18873 AV_HG01106#haplotype2#0000932:16673968$17175925$HG02809.verkko_filt_mat.fa:haplotype1_0000023_94161320_94589755_0	0.9741691548104935 1K
NA18873 AV_HG02257#haplotype2#0001152:102843493$103251377$HG03927.verkko_filt_mat.fa:haplotype1_0000009_134765170_135173010_1	0.9741691393912009 1K
NA18873 HG01258#2#JAGYYU010000072.1_51562603_51970395_0$HG03927.verkko_filt_mat.fa:haplotype1_0000009_134765170_135173010_1	0.9741632086756961 1K
NA18873 HG02818#1#JAHEOS010000101.1_89626_496613_0$HG03927.verkko_filt_mat.fa:haplotype1_0000009_134765170_135173010_1	0.9741515967832135 1K
NA18873 HG02818#2#JAHEOR010000010.1_31775319_32183091_1$HG01978#2#JAGYVR010000007.1_51532241_51939176_0	0.9741487283470474 1K
NA18873 HG03486#1#JAHEOQ010000123.1_16677696_17085575_0$HG02809.verkko_filt_pat.fa:haplotype2_0001251_103421111_103827972_0	0.9741471117487719 1K
NA18873 HG02486#2#JAGYVL010000029.1_94163344_94570162_0$HG002.verkko_filt_mat.fa:haplotype1_0000005_138228497_138636354_1	0.9741442903196352 1K
NA18873 HG02559#1#JAGYVK010000012.1_51505852_51913611_0$NA19240#1#JAHEOM010000047.1_30103390_30511199_1	0.9741427949634580 1K
NA18873 HG02486#2#JAGYVL010000029.1_94163344_94570162_0$HG02071.verkko_filt_mat.fa:haplotype1_0000041_103610513_104018399_0	0.9741413706190585 1K
NA18873 HG02559#1#JAGYVK010000012.1_51505852_51913611_0$HG01928#1#JAGYVQ010000053.1_16676493_17083407_0	0.9741396967762119 1K
NA18873 HG02004.verkko_filt_pat.fa:haplotype2_0000813_139386576_140076845_1$HG02647.verkko_filt_mat.fa:haplotype1_0000002_103892584_104321036_0	0.9741394285828865 1K
NA18873 AV_HG00673#haplotype2#0001165:24014011$24421797$HG03579#1#JAGYVU010000029.1_91404_499180_0	0.9741382264568023 1K
NA18873 HG03486#1#JAHEOQ010000123.1_16677696_17085575_0$HG02717#2#JAHAOR010000006.1_19663827_20070693_1	0.9741380425851183 1K
NA18873 HG02622#1#JAHAOO010000002.1_16673678_17080663_0$HG02300.verkko_filt_mat.fa:haplotype1_0000028_144052837_144460586_1	0.9741347455642254 1K
NA18873 HG02717#1#JAHAOS010000015.1_16660311_17067250_0$HG03927.verkko_filt_mat.fa:haplotype1_0000009_134765170_135173010_1	0.9741342598936175 1K
NA18873 HG03453#2#JAGYVV010000088.1_22597550_23005370_1$HG02486#2#JAGYVL010000029.1_94163344_94570162_0	0.9741332110774442 1K
NA18873 HG03492#1#JAHEPI010000180.1_2103395_2543326_1$HG02109#1#JAHEPG010000026.1_16673035_17080816_0	0.9741327012930882 1K
NA18873 HG02559#1#JAGYVK010000012.1_51505852_51913611_0$HG02004.verkko_filt_mat.fa:haplotype1_0000022_97828542_98235483_0	0.9741316056367820 1K
NA18873 HG02486#1#JAGYVM010000007.1_28868414_29370339_1$HG03710.verkko_filt_mat.fa:haplotype1_0000029_102593394_102907063_0	0.9741312775950950 1K
NA18873 HG01258#2#JAGYYU010000072.1_51562603_51970395_0$HG02004.verkko_filt_mat.fa:haplotype1_0000022_97828542_98235483_0	0.9741310285213389 1K
NA18873 AV_HG01106#haplotype1#0000048:16666181$17262214$AV_HG01106#haplotype2#0000932:16673968$17175925	0.9741258191340246 1K
NA18873 HG03492#1#JAHEPI010000180.1_2103395_2543326_1$NA19240#2#JAHEOL010000010.1_37445323_37853017_0	0.9741231708660468 1K
NA18873 HG02080#1#JAHEOW010000048.1_16689583_17097287_0$HG02818#1#JAHEOS010000101.1_89626_496613_0	0.9741216332279187 1K
NA18873 HG01123#1#JAGYYZ010000015.1_51528240_51935090_0$HG002.verkko_filt_mat.fa:haplotype1_0000005_138228497_138636354_1	0.9741205052020092 1K
NA18873 HG01978#2#JAGYVR010000007.1_51532241_51939176_0$HG01258#2#JAGYYU010000072.1_51562603_51970395_0	0.9741157541898248 1K
NA18873 NA18906#1#JAHEOO010000054.1_2103477_2510435_1$HG03927.verkko_filt_mat.fa:haplotype1_0000009_134765170_135173010_1	0.9741114534094194 1K
NA18873 AV_HG01361#haplotype2#0001322:101872897$102186552$HG01258#1#JAGYYV010000004.1_56955948_57456952_1	0.9741091396320517 1K
NA18873 HG03453#2#JAGYVV010000088.1_22597550_23005370_1$HG02109#1#JAHEPG010000026.1_16673035_17080816_0	0.9741049048010271 1K
NA18873 HG02559#1#JAGYVK010000012.1_51505852_51913611_0$chr1_hg38_103456064_103863972_0	0.9741024049071779 1K
NA18873 HG02559#1#JAGYVK010000012.1_51505852_51913611_0$chr1_hg19_103998686_104406594_0	0.9741024049071779 1K
NA18873 HG02004.verkko_filt_pat.fa:haplotype2_0000813_139386576_140076845_1$HG02647.verkko_filt_pat.fa:haplotype2_0000857_103738150_104051769_0	0.9741003984926347 1K
NA18873 AV_HG01175#haplotype1#0000070:46006269$46414083$HG02486#2#JAGYVL010000029.1_94163344_94570162_0	0.9740943001141618 1K
NA18873 HG03579#2#JAGYVT010000094.1_51581892_51895531_0$HG02004.verkko_filt_pat.fa:haplotype2_0000813_139386576_140076845_1	0.9740905559183888 1K
NA18873 HG02622#1#JAHAOO010000002.1_16673678_17080663_0$HG03927.verkko_filt_mat.fa:haplotype1_0000009_134765170_135173010_1	0.9740903783491214 1K
NA18873 HG02109#1#JAHEPG010000026.1_16673035_17080816_0$HG002.verkko_filt_mat.fa:haplotype1_0000005_138228497_138636354_1	0.9740903087898893 1K
NA18873 HG01258#2#JAGYYU010000072.1_51562603_51970395_0$HG02486#2#JAGYVL010000029.1_94163344_94570162_0	0.9740859226002149 1K
NA18873 NA19240#1#JAHEOM010000047.1_30103390_30511199_1$HG03579#1#JAGYVU010000029.1_91404_499180_0	0.9740854153150634 1K
NA18873 HG01978#2#JAGYVR010000007.1_51532241_51939176_0$HG03516#2#JAGYYS010000004.1_24452130_24859892_1	0.9740823721278994 1K
NA18873 NA18906#2#JAHEON010000009.1_93748295_94249275_0$HG02293.verkko_filt_mat.fa:haplotype1_0000039_30204405_30517145_1	0.9740822512622844 1K
NA18873 HG02886#1#JAHAOU010000178.1_62411_469262_0$HG03453#2#JAGYVV010000088.1_22597550_23005370_1	0.9740812413593124 1K
NA18873 HG02109#1#JAHEPG010000026.1_16673035_17080816_0$HG00741#2#JAHALX010000013.1_51574319_51981226_0	0.9740786683288635 1K
NA18873 HG02559#1#JAGYVK010000012.1_51505852_51913611_0$HG002.verkko_filt_mat.fa:haplotype1_0000005_138228497_138636354_1	0.9740774334434130 1K
NA18873 NA20129#2#JAHEPD010000155.1_90039_569275_0$HG01243#1#JAHEOY010000013.1_90081_424495_0	0.9740767593783741 1K
NA18873 HG02071.verkko_filt_mat.fa:haplotype1_0000041_103610513_104018399_0$HG02809.verkko_filt_pat.fa:haplotype2_0001251_103421111_103827972_0	0.9740750949871217 1K
NA18873 AV_HG01175#haplotype1#0000070:46006269$46414083$HG03516#2#JAGYYS010000004.1_24452130_24859892_1	0.9740749999956199 1K
NA18873 HG03098#2#JAHEPL010000003.1_93803759_94117426_0$HG02486#1#JAGYVM010000007.1_28868414_29370339_1	0.9740702658141587 1K
NA18873 AV_HG00673#haplotype2#0001165:24014011$24421797$HG02109#1#JAHEPG010000026.1_16673035_17080816_0	0.9740701186447193 1K
NA18873 HG01978#1#JAGYVS010000002.1_51519970_52021951_0$HG02647.verkko_filt_mat.fa:haplotype1_0000002_103892584_104321036_0	0.9740684452032884 1K
NA18873 AV_HG00673#haplotype2#0001165:24014011$24421797$HG01123#1#JAGYYZ010000015.1_51528240_51935090_0	0.9740681804631860 1K
NA18873 AV_HG02257#haplotype2#0001152:102843493$103251377$HG02080#1#JAHEOW010000048.1_16689583_17097287_0	0.9740667588961486 1K
NA18873 HG00621#2#JAHBCC010000031.1_16669999_17077865_0$HG02809.verkko_filt_pat.fa:haplotype2_0001251_103421111_103827972_0	0.9740599180088382 1K
NA18873 HG03486#1#JAHEOQ010000123.1_16677696_17085575_0$HG01258#2#JAGYYU010000072.1_51562603_51970395_0	0.9740581380970559 1K
NA18873 HG01928#1#JAGYVQ010000053.1_16676493_17083407_0$HG03516#2#JAGYYS010000004.1_24452130_24859892_1	0.9740573260128211 1K
NA18873 HG005#1#JAHEPO010000002.1_51519219_51926067_0$HG002.verkko_filt_mat.fa:haplotype1_0000005_138228497_138636354_1	0.9740568273889886 1K
NA18873 HG02109#1#JAHEPG010000026.1_16673035_17080816_0$HG02004.verkko_filt_mat.fa:haplotype1_0000022_97828542_98235483_0	0.9740550075642197 1K
NA18873 HG02886#1#JAHAOU010000178.1_62411_469262_0$HG005#2#JAHEPN010000023.1_51542210_51950070_0	0.9740544165882996 1K
NA18873 HG00621#2#JAHBCC010000031.1_16669999_17077865_0$HG02486#2#JAGYVL010000029.1_94163344_94570162_0	0.9740530810460374 1K
NA18873 chr1_hg19_103998686_104406594_0$HG02886#1#JAHAOU010000178.1_62411_469262_0	0.9740529714612504 1K
NA18873 HG02886#1#JAHAOU010000178.1_62411_469262_0$chr1_hg38_103456064_103863972_0	0.9740529714612504 1K
NA18873 HG01978#2#JAGYVR010000007.1_51532241_51939176_0$HG03579#1#JAGYVU010000029.1_91404_499180_0	0.9740514803032438 1K
NA18873 HG01928#1#JAGYVQ010000053.1_16676493_17083407_0$HG01258#2#JAGYYU010000072.1_51562603_51970395_0	0.9740504660993717 1K
NA18873 HG02818#2#JAHEOR010000010.1_31775319_32183091_1$HG002.verkko_filt_mat.fa:haplotype1_0000005_138228497_138636354_1	0.9740455815865672 1K
NA18873 AV_HG01175#haplotype1#0000070:46006269$46414083$HG03579#1#JAGYVU010000029.1_91404_499180_0	0.9740441468099814 1K
NA18873 HG02818#1#JAHEOS010000101.1_89626_496613_0$HG02300.verkko_filt_mat.fa:haplotype1_0000028_144052837_144460586_1	0.9740385490410500 1K
NA18873 HG02818#2#JAHEOR010000010.1_31775319_32183091_1$chr1_hg38_103456064_103863972_0	0.9740380753049396 1K
NA18873 HG02818#2#JAHEOR010000010.1_31775319_32183091_1$chr1_hg19_103998686_104406594_0	0.9740380753049396 1K
NA18873 AV_HG01175#haplotype1#0000070:46006269$46414083$HG02818#2#JAHEOR010000010.1_31775319_32183091_1	0.9740369057955477 1K
NA18873 HG01123#1#JAGYYZ010000015.1_51528240_51935090_0$HG03927.verkko_filt_mat.fa:haplotype1_0000009_134765170_135173010_1	0.9740358301417609 1K
NA18873 HG01928#1#JAGYVQ010000053.1_16676493_17083407_0$HG02109#1#JAHEPG010000026.1_16673035_17080816_0	0.9740308421372833 1K
NA18873 HG01891#1#JAGYVO010000014.1_22855818_23168577_1$HG02004.verkko_filt_pat.fa:haplotype2_0000813_139386576_140076845_1	0.9740299415684660 1K
NA18873 HG02818#2#JAHEOR010000010.1_31775319_32183091_1$HG01928#1#JAGYVQ010000053.1_16676493_17083407_0	0.9740277362222777 1K
NA18873 AV_HG01106#haplotype2#0000932:16673968$17175925$HG03098#1#JAHEPM010000059.1_16676208_17105596_0	0.9740264877389097 1K
NA18873 HG02886#1#JAHAOU010000178.1_62411_469262_0$HG01258#2#JAGYYU010000072.1_51562603_51970395_0	0.9740264381026187 1K
NA18873 HG02622#1#JAHAOO010000002.1_16673678_17080663_0$HG01099.verkko_filt_mat.fa:haplotype1_0000034_142513097_142920876_1	0.9740258151481621 1K
NA18873 HG02055#2#JAHEPJ010000017.1_24870122_25298560_1$HG02004.verkko_filt_pat.fa:haplotype2_0000813_139386576_140076845_1	0.9740239618139842 1K
NA18873 HG03486#1#JAHEOQ010000123.1_16677696_17085575_0$HG02886#1#JAHAOU010000178.1_62411_469262_0	0.9740232474761433 1K
NA18873 HG03492#1#JAHEPI010000180.1_2103395_2543326_1$HG02486#2#JAGYVL010000029.1_94163344_94570162_0	0.9740215791875572 1K
NA18873 HG02109#1#JAHEPG010000026.1_16673035_17080816_0$HG01978#2#JAGYVR010000007.1_51532241_51939176_0	0.9740159368362536 1K
NA18873 AV_HG02148#haplotype2#0002863:16304803$16712699$HG02486#2#JAGYVL010000029.1_94163344_94570162_0	0.9740132326790877 1K
NA18873 HG03579#1#JAGYVU010000029.1_91404_499180_0$HG02004.verkko_filt_mat.fa:haplotype1_0000022_97828542_98235483_0	0.9740103927153632 1K
NA18873 HG02559#1#JAGYVK010000012.1_51505852_51913611_0$HG005#2#JAHEPN010000023.1_51542210_51950070_0	0.9740091664778654 1K
NA18873 HG03516#2#JAGYYS010000004.1_24452130_24859892_1$HG02004.verkko_filt_mat.fa:haplotype1_0000022_97828542_98235483_0	0.9740089176536020 1K
NA18873 HG01258#2#JAGYYU010000072.1_51562603_51970395_0$HG02809.verkko_filt_pat.fa:haplotype2_0001251_103421111_103827972_0	0.9740062861041576 1K
NA18873 AV_HG01175#haplotype1#0000070:46006269$46414083$HG02630#2#JAHAOP010000089.1_16669255_17076135_0	0.9739996496662124 1K
NA18873 HG005#1#JAHEPO010000002.1_51519219_51926067_0$HG03927.verkko_filt_mat.fa:haplotype1_0000009_134765170_135173010_1	0.9739972894574860 1K
NA18873 HG02486#2#JAGYVL010000029.1_94163344_94570162_0$HG02809.verkko_filt_pat.fa:haplotype2_0001251_103421111_103827972_0	0.9739966109437335 1K
NA18873 HG02145#2#JAHKSF010000206.1_1005292_1413195_1$HG03927.verkko_filt_mat.fa:haplotype1_0000009_134765170_135173010_1	0.9739949525202464 1K
NA18873 HG01928#1#JAGYVQ010000053.1_16676493_17083407_0$HG03579#1#JAGYVU010000029.1_91404_499180_0	0.9739943110571955 1K
NA18873 HG03516#1#JAGYYT010000012.1_24170958_24578778_1$HG00741#2#JAHALX010000013.1_51574319_51981226_0	0.9739941512220816 1K
NA18873 HG03516#2#JAGYYS010000004.1_24452130_24859892_1$HG03579#1#JAGYVU010000029.1_91404_499180_0	0.9739931261373231 1K
NA18873 HG02004.verkko_filt_pat.fa:haplotype2_0000813_139386576_140076845_1$HG02809.verkko_filt_mat.fa:haplotype1_0000023_94161320_94589755_0	0.9739892385582206 1K
NA18873 HG02886#1#JAHAOU010000178.1_62411_469262_0$HG002.verkko_filt_mat.fa:haplotype1_0000005_138228497_138636354_1	0.9739867208744847 1K
NA18873 AV_HG00673#haplotype2#0001165:24014011$24421797$HG02717#2#JAHAOR010000006.1_19663827_20070693_1	0.9739840233767930 1K
NA18873 HG02886#1#JAHAOU010000178.1_62411_469262_0$HG02071.verkko_filt_mat.fa:haplotype1_0000041_103610513_104018399_0	0.9739837798051743 1K
NA18873 chr1_hg38_103456064_103863972_0$HG01258#2#JAGYYU010000072.1_51562603_51970395_0	0.9739809551879586 1K
NA18873 chr1_hg19_103998686_104406594_0$HG01258#2#JAGYYU010000072.1_51562603_51970395_0	0.9739809551879586 1K
NA18873 HG02080#1#JAHEOW010000048.1_16689583_17097287_0$HG02145#2#JAHKSF010000206.1_1005292_1413195_1	0.9739808150293557 1K
NA18873 HG02486#1#JAGYVM010000007.1_28868414_29370339_1$HG02293.verkko_filt_mat.fa:haplotype1_0000039_30204405_30517145_1	0.9739751962127452 1K
NA18873 HG02622#1#JAHAOO010000002.1_16673678_17080663_0$NA19240#2#JAHEOL010000010.1_37445323_37853017_0	0.9739751073987420 1K
NA18873 HG02109#2#JAHEPF010000078.1_16678387_16991144_0$HG02004.verkko_filt_pat.fa:haplotype2_0000813_139386576_140076845_1	0.9739740391005040 1K
NA18873 chr1_hg38_103456064_103863972_0$HG03516#2#JAGYYS010000004.1_24452130_24859892_1	0.9739717917418060 1K
NA18873 chr1_hg19_103998686_104406594_0$HG03516#2#JAGYYS010000004.1_24452130_24859892_1	0.9739717917418060 1K
NA18873 HG02818#2#JAHEOR010000010.1_31775319_32183091_1$HG02004.verkko_filt_mat.fa:haplotype1_0000022_97828542_98235483_0	0.9739714316502188 1K
NA18873 HG02080#1#JAHEOW010000048.1_16689583_17097287_0$HG02630#1#JAHAOQ010000102.1_16672145_17079089_0	0.9739707379345579 1K
NA18873 HG02717#2#JAHAOR010000006.1_19663827_20070693_1$HG02071.verkko_filt_mat.fa:haplotype1_0000041_103610513_104018399_0	0.9739685157082920 1K
NA18873 AV_HG01175#haplotype1#0000070:46006269$46414083$HG01123#1#JAGYYZ010000015.1_51528240_51935090_0	0.9739660578225349 1K
NA18873 AV_HG00673#haplotype2#0001165:24014011$24421797$HG03492#1#JAHEPI010000180.1_2103395_2543326_1	0.9739653107453455 1K
NA18873 HG03453#2#JAGYVV010000088.1_22597550_23005370_1$HG01258#2#JAGYYU010000072.1_51562603_51970395_0	0.9739638459584815 1K
NA18873 AV_HG01175#haplotype1#0000070:46006269$46414083$NA19240#1#JAHEOM010000047.1_30103390_30511199_1	0.9739636686308244 1K
NA18873 HG00621#2#JAHBCC010000031.1_16669999_17077865_0$HG02717#2#JAHAOR010000006.1_19663827_20070693_1	0.9739616970380851 1K
NA18873 HG02109#1#JAHEPG010000026.1_16673035_17080816_0$HG02071.verkko_filt_mat.fa:haplotype1_0000041_103610513_104018399_0	0.9739579594639424 1K
NA18873 HG03098#1#JAHEPM010000059.1_16676208_17105596_0$HG02004.verkko_filt_pat.fa:haplotype2_0000813_139386576_140076845_1	0.9739577702403355 1K
NA18873 HG03486#1#JAHEOQ010000123.1_16677696_17085575_0$HG01123#1#JAGYYZ010000015.1_51528240_51935090_0	0.9739559317976542 1K
NA18873 AV_HG02148#haplotype2#0002863:16304803$16712699$HG02809.verkko_filt_pat.fa:haplotype2_0001251_103421111_103827972_0	0.9739556237495652 1K
NA18873 HG02886#1#JAHAOU010000178.1_62411_469262_0$HG03492#1#JAHEPI010000180.1_2103395_2543326_1	0.9739530134236388 1K
NA18873 HG02630#1#JAHAOQ010000102.1_16672145_17079089_0$NA19240#2#JAHEOL010000010.1_37445323_37853017_0	0.9739520981304081 1K
NA18873 AV_HG02257#haplotype2#0001152:102843493$103251377$HG02300.verkko_filt_mat.fa:haplotype1_0000028_144052837_144460586_1	0.9739512172661910 1K
NA18873 HG01109#2#JAHEOZ010000047.1_16671232_17151375_0$HG03710.verkko_filt_pat.fa:haplotype2_0000488_101614437_102218208_0	0.9739489056605162 1K
NA18873 HG02818#1#JAHEOS010000101.1_89626_496613_0$HG01099.verkko_filt_mat.fa:haplotype1_0000034_142513097_142920876_1	0.9739454852051723 1K
NA18873 HG01978#2#JAGYVR010000007.1_51532241_51939176_0$NA19240#1#JAHEOM010000047.1_30103390_30511199_1	0.9739386011723989 1K
NA18873 HG02886#1#JAHAOU010000178.1_62411_469262_0$HG02809.verkko_filt_pat.fa:haplotype2_0001251_103421111_103827972_0	0.9739367601541313 1K
NA18873 HG01978#1#JAGYVS010000002.1_51519970_52021951_0$HG02055#2#JAHEPJ010000017.1_24870122_25298560_1	0.9739356796502169 1K
NA18873 AV_HG02148#haplotype2#0002863:16304803$16712699$HG01258#2#JAGYYU010000072.1_51562603_51970395_0	0.9739314570260224 1K
NA18873 HG01258#2#JAGYYU010000072.1_51562603_51970395_0$HG02071.verkko_filt_mat.fa:haplotype1_0000041_103610513_104018399_0	0.9739287283982148 1K
NA18873 HG005#2#JAHEPN010000023.1_51542210_51950070_0$HG03516#2#JAGYYS010000004.1_24452130_24859892_1	0.9739267076943979 1K
NA18873 HG02818#1#JAHEOS010000101.1_89626_496613_0$NA19240#2#JAHEOL010000010.1_37445323_37853017_0	0.9739257604327979 1K
NA18873 chr1_hg38_103456064_103863972_0$HG02809.verkko_filt_pat.fa:haplotype2_0001251_103421111_103827972_0	0.9739254772907433 1K
NA18873 chr1_hg19_103998686_104406594_0$HG02809.verkko_filt_pat.fa:haplotype2_0001251_103421111_103827972_0	0.9739254772907433 1K
NA18873 HG03453#2#JAGYVV010000088.1_22597550_23005370_1$HG02809.verkko_filt_pat.fa:haplotype2_0001251_103421111_103827972_0	0.9739224674675342 1K
NA18873 HG03492#2#JAHEPH010000288.1_2098270_2432686_1$HG02622#2#JAHAON010000012.1_51551779_52031001_0	0.9739214577230436 1K
NA18873 AV_HG01361#haplotype1#0000023:101593539$102001341$HG02818#1#JAHEOS010000101.1_89626_496613_0	0.9739193188677343 1K
NA18873 HG01978#2#JAGYVR010000007.1_51532241_51939176_0$HG02486#2#JAGYVL010000029.1_94163344_94570162_0	0.9739157035627516 1K
NA18873 AV_HG01361#haplotype2#0001322:101872897$102186552$HG02486#1#JAGYVM010000007.1_28868414_29370339_1	0.9739154171878138 1K
NA18873 HG02886#2#JAHAOT010000031.1_87393_401061_0$HG02486#1#JAGYVM010000007.1_28868414_29370339_1	0.9739141795716573 1K
NA18873 HG02818#2#JAHEOR010000010.1_31775319_32183091_1$HG005#2#JAHEPN010000023.1_51542210_51950070_0	0.9739135317879059 1K
NA18873 AV_HG01361#haplotype1#0000023:101593539$102001341$HG02622#1#JAHAOO010000002.1_16673678_17080663_0	0.9739109622336085 1K
NA18873 HG02486#1#JAGYVM010000007.1_28868414_29370339_1$HG00733#1#JAHEPQ010000019.1_46106835_46420495_0	0.9739071772189474 1K
NA18873 chr1_hg38_103456064_103863972_0$HG02109#1#JAHEPG010000026.1_16673035_17080816_0	0.9739054073055302 1K
NA18873 chr1_hg19_103998686_104406594_0$HG02109#1#JAHEPG010000026.1_16673035_17080816_0	0.9739054073055302 1K
NA18873 HG005#2#JAHEPN010000023.1_51542210_51950070_0$HG02717#2#JAHAOR010000006.1_19663827_20070693_1	0.9739028857787753 1K
NA18873 HG03486#1#JAHEOQ010000123.1_16677696_17085575_0$HG02109#1#JAHEPG010000026.1_16673035_17080816_0	0.9739012357151564 1K
NA18873 chr1_hg38_103456064_103863972_0$HG03579#1#JAGYVU010000029.1_91404_499180_0	0.9739005294218713 1K
NA18873 chr1_hg19_103998686_104406594_0$HG03579#1#JAGYVU010000029.1_91404_499180_0	0.9739005294218713 1K
NA18873 chr1_hg38_103456064_103863972_0$NA19240#1#JAHEOM010000047.1_30103390_30511199_1	0.9739004133516413 1K
NA18873 chr1_hg19_103998686_104406594_0$NA19240#1#JAHEOM010000047.1_30103390_30511199_1	0.9739004133516413 1K
NA18873 chr1_hg38_103456064_103863972_0$HG02717#2#JAHAOR010000006.1_19663827_20070693_1	0.9738997461630977 1K
NA18873 chr1_hg19_103998686_104406594_0$HG02717#2#JAHAOR010000006.1_19663827_20070693_1	0.9738997461630977 1K
NA18873 HG02080#1#JAHEOW010000048.1_16689583_17097287_0$NA18906#1#JAHEOO010000054.1_2103477_2510435_1	0.9738984815836788 1K
NA18873 HG02630#1#JAHAOQ010000102.1_16672145_17079089_0$HG02300.verkko_filt_mat.fa:haplotype1_0000028_144052837_144460586_1	0.9738956270222725 1K
NA18873 HG01928#1#JAGYVQ010000053.1_16676493_17083407_0$HG02486#2#JAGYVL010000029.1_94163344_94570162_0	0.9738896159195335 1K
NA18873 HG005#2#JAHEPN010000023.1_51542210_51950070_0$HG03579#1#JAGYVU010000029.1_91404_499180_0	0.9738879235685939 1K
NA18873 chr1_hg19_103998686_104406594_0$HG01123#1#JAGYYZ010000015.1_51528240_51935090_0	0.9738871556831501 1K
NA18873 HG01123#1#JAGYYZ010000015.1_51528240_51935090_0$chr1_hg38_103456064_103863972_0	0.9738871556831501 1K
NA18873 AV_HG02257#haplotype2#0001152:102843493$103251377$NA19240#2#JAHEOL010000010.1_37445323_37853017_0	0.9738869599305398 1K
NA18873 HG02109#1#JAHEPG010000026.1_16673035_17080816_0$HG005#2#JAHEPN010000023.1_51542210_51950070_0	0.9738838476792970 1K
NA18873 HG03486#2#JAHEOP010000248.1_2105565_2584784_1$HG01243#1#JAHEOY010000013.1_90081_424495_0	0.9738836179411786 1K
NA18873 HG01258#2#JAGYYU010000072.1_51562603_51970395_0$HG02300.verkko_filt_pat.fa:haplotype2_0000620_143362344_143769323_1	0.9738834555223990 1K
NA18873 HG00621#2#JAHBCC010000031.1_16669999_17077865_0$HG01258#2#JAGYYU010000072.1_51562603_51970395_0	0.9738817029264407 1K
NA18873 HG03486#1#JAHEOQ010000123.1_16677696_17085575_0$HG02559#1#JAGYVK010000012.1_51505852_51913611_0	0.9738816166238375 1K
NA18873 HG02080#1#JAHEOW010000048.1_16689583_17097287_0$HG02717#1#JAHAOS010000015.1_16660311_17067250_0	0.9738803458345711 1K
NA18873 HG005#2#JAHEPN010000023.1_51542210_51950070_0$HG01258#2#JAGYYU010000072.1_51562603_51970395_0	0.9738796210124819 1K
NA18873 AV_HG01175#haplotype1#0000070:46006269$46414083$HG005#1#JAHEPO010000002.1_51519219_51926067_0	0.9738783303423784 1K
NA18873 AV_HG02148#haplotype2#0002863:16304803$16712699$HG02559#1#JAGYVK010000012.1_51505852_51913611_0	0.9738757264158493 1K
NA18873 HG03579#1#JAGYVU010000029.1_91404_499180_0$HG002.verkko_filt_mat.fa:haplotype1_0000005_138228497_138636354_1	0.9738755863329571 1K
NA18873 HG02818#2#JAHEOR010000010.1_31775319_32183091_1$HG03486#1#JAHEOQ010000123.1_16677696_17085575_0	0.9738746357743329 1K
NA18873 AV_HG02148#haplotype2#0002863:16304803$16712699$HG02886#1#JAHAOU010000178.1_62411_469262_0	0.9738721359389535 1K
NA18873 HG02630#2#JAHAOP010000089.1_16669255_17076135_0$HG002.verkko_filt_mat.fa:haplotype1_0000005_138228497_138636354_1	0.9738714434337886 1K
NA18873 HG00621#2#JAHBCC010000031.1_16669999_17077865_0$HG02886#1#JAHAOU010000178.1_62411_469262_0	0.9738713462813845 1K
NA18873 HG02622#2#JAHAON010000012.1_51551779_52031001_0$HG01243#1#JAHEOY010000013.1_90081_424495_0	0.9738710492501160 1K
NA18873 HG02647.verkko_filt_pat.fa:haplotype2_0000857_103738150_104051769_0$HG03927.verkko_filt_pat.fa:haplotype2_0000800_29002142_29504057_1	0.9738699589775983 1K
NA18873 AV_HG00673#haplotype2#0001165:24014011$24421797$HG005#1#JAHEPO010000002.1_51519219_51926067_0	0.9738675701624313 1K
NA18873 HG01978#1#JAGYVS010000002.1_51519970_52021951_0$HG02809.verkko_filt_mat.fa:haplotype1_0000023_94161320_94589755_0	0.9738665567429516 1K
NA18873 AV_HG01106#haplotype2#0000932:16673968$17175925$chr1_chm13_103304997_103901127_0	0.9738659404743335 1K
NA18873 HG02145#2#JAHKSF010000206.1_1005292_1413195_1$HG02300.verkko_filt_mat.fa:haplotype1_0000028_144052837_144460586_1	0.9738653058211203 1K
NA18873 HG005#2#JAHEPN010000023.1_51542210_51950070_0$HG02809.verkko_filt_pat.fa:haplotype2_0001251_103421111_103827972_0	0.9738629493008273 1K
NA18873 HG03492#2#JAHEPH010000288.1_2098270_2432686_1$HG03486#2#JAHEOP010000248.1_2105565_2584784_1	0.9738614938889802 1K
NA18873 AV_HG02148#haplotype2#0002863:16304803$16712699$HG02818#2#JAHEOR010000010.1_31775319_32183091_1	0.9738605809617007 1K
NA18873 HG02080#1#JAHEOW010000048.1_16689583_17097287_0$HG03927.verkko_filt_mat.fa:haplotype1_0000009_134765170_135173010_1	0.9738597588078347 1K
NA18873 HG01123#1#JAGYYZ010000015.1_51528240_51935090_0$HG02071.verkko_filt_mat.fa:haplotype1_0000041_103610513_104018399_0	0.9738589911789974 1K
NA18873 AV_HG02257#haplotype2#0001152:102843493$103251377$HG01099.verkko_filt_mat.fa:haplotype1_0000034_142513097_142920876_1	0.9738581421125804 1K
NA18873 HG02818#2#JAHEOR010000010.1_31775319_32183091_1$HG02071.verkko_filt_mat.fa:haplotype1_0000041_103610513_104018399_0	0.9738573315021412 1K
NA18873 HG02559#1#JAGYVK010000012.1_51505852_51913611_0$HG03453#2#JAGYVV010000088.1_22597550_23005370_1	0.9738520385371674 1K
NA18873 HG03516#2#JAGYYS010000004.1_24452130_24859892_1$HG002.verkko_filt_mat.fa:haplotype1_0000005_138228497_138636354_1	0.9738499516245727 1K
NA18873 HG02486#2#JAGYVL010000029.1_94163344_94570162_0$HG02004.verkko_filt_mat.fa:haplotype1_0000022_97828542_98235483_0	0.9738490720264049 1K
NA18873 HG01928#1#JAGYVQ010000053.1_16676493_17083407_0$HG02886#1#JAHAOU010000178.1_62411_469262_0	0.9738457217737733 1K
NA18873 HG03486#1#JAHEOQ010000123.1_16677696_17085575_0$HG005#1#JAHEPO010000002.1_51519219_51926067_0	0.9738441709978937 1K
NA18873 AV_HG02148#haplotype2#0002863:16304803$16712699$HG02717#2#JAHAOR010000006.1_19663827_20070693_1	0.9738419388110586 1K
NA18873 HG01928#1#JAGYVQ010000053.1_16676493_17083407_0$NA19240#1#JAHEOM010000047.1_30103390_30511199_1	0.9738418634285960 1K
NA18873 HG02559#1#JAGYVK010000012.1_51505852_51913611_0$HG02071.verkko_filt_mat.fa:haplotype1_0000041_103610513_104018399_0	0.9738405768807390 1K
NA18873 HG02630#2#JAHAOP010000089.1_16669255_17076135_0$HG01258#2#JAGYYU010000072.1_51562603_51970395_0	0.9738404551281968 1K
NA18873 NA19240#1#JAHEOM010000047.1_30103390_30511199_1$HG002.verkko_filt_mat.fa:haplotype1_0000005_138228497_138636354_1	0.9738354686876621 1K
NA18873 HG00621#2#JAHBCC010000031.1_16669999_17077865_0$HG02818#2#JAHEOR010000010.1_31775319_32183091_1	0.9738347453508013 1K
NA18873 AV_HG01361#haplotype1#0000023:101593539$102001341$HG02630#1#JAHAOQ010000102.1_16672145_17079089_0	0.9738329168855568 1K
NA18873 HG00621#2#JAHBCC010000031.1_16669999_17077865_0$HG02559#1#JAGYVK010000012.1_51505852_51913611_0	0.9738258957426831 1K
NA18873 HG01123#1#JAGYYZ010000015.1_51528240_51935090_0$HG005#2#JAHEPN010000023.1_51542210_51950070_0	0.9738256256495804 1K
NA18873 AV_HG02148#haplotype2#0002863:16304803$16712699$HG02109#1#JAHEPG010000026.1_16673035_17080816_0	0.9738229163080760 1K
NA18873 NA19240#1#JAHEOM010000047.1_30103390_30511199_1$HG02004.verkko_filt_mat.fa:haplotype1_0000022_97828542_98235483_0	0.9738177314096286 1K
NA18873 HG02145#2#JAHKSF010000206.1_1005292_1413195_1$NA19240#2#JAHEOL010000010.1_37445323_37853017_0	0.9738174230366563 1K
NA18873 HG03579#2#JAGYVT010000094.1_51581892_51895531_0$HG03927.verkko_filt_pat.fa:haplotype2_0000800_29002142_29504057_1	0.9738164004422921 1K
NA18873 HG02559#1#JAGYVK010000012.1_51505852_51913611_0$HG02300.verkko_filt_pat.fa:haplotype2_0000620_143362344_143769323_1	0.9738112006273667 1K
NA18873 HG02630#1#JAHAOQ010000102.1_16672145_17079089_0$HG03516#1#JAGYYT010000012.1_24170958_24578778_1	0.9738110835129773 1K
NA18873 HG03453#2#JAGYVV010000088.1_22597550_23005370_1$HG02717#2#JAHAOR010000006.1_19663827_20070693_1	0.9738097398062446 1K
NA18873 NA18906#1#JAHEOO010000054.1_2103477_2510435_1$NA19240#2#JAHEOL010000010.1_37445323_37853017_0	0.9738065609759696 1K
NA18873 AV_HG01175#haplotype1#0000070:46006269$46414083$HG00741#2#JAHALX010000013.1_51574319_51981226_0	0.9738037798839499 1K
NA18873 HG01891#1#JAGYVO010000014.1_22855818_23168577_1$HG03927.verkko_filt_pat.fa:haplotype2_0000800_29002142_29504057_1	0.9738005108579482 1K
NA18873 HG00741#2#JAHALX010000013.1_51574319_51981226_0$HG002.verkko_filt_mat.fa:haplotype1_0000005_138228497_138636354_1	0.9737964120978998 1K
NA18873 HG02630#1#JAHAOQ010000102.1_16672145_17079089_0$HG01099.verkko_filt_mat.fa:haplotype1_0000034_142513097_142920876_1	0.9737861133386045 1K
NA18873 HG02559#2#JAGYVJ010000037.1_52167780_52574597_1$HG002.verkko_filt_mat.fa:haplotype1_0000005_138228497_138636354_1	0.9737838022386831 1K
NA18873 HG01109#2#JAHEOZ010000047.1_16671232_17151375_0$HG002.verkko_filt_pat.fa:haplotype2_0000649_147937390_148315979_1	0.9737826002499549 1K
NA18873 AV_HG01106#haplotype1#0000048:16666181$17262214$HG03540#2#JAGYVX010000148.1_1368955_1877115_0	0.9737814640823871 1K
NA18873 HG005#1#JAHEPO010000002.1_51519219_51926067_0$HG02071.verkko_filt_mat.fa:haplotype1_0000041_103610513_104018399_0	0.9737793071096870 1K
NA18873 HG02818#2#JAHEOR010000010.1_31775319_32183091_1$HG02300.verkko_filt_pat.fa:haplotype2_0000620_143362344_143769323_1	0.9737792436257680 1K
NA18873 HG03453#2#JAGYVV010000088.1_22597550_23005370_1$HG03516#2#JAGYYS010000004.1_24452130_24859892_1	0.9737773977184175 1K
NA18873 HG03486#1#JAHEOQ010000123.1_16677696_17085575_0$HG03516#2#JAGYYS010000004.1_24452130_24859892_1	0.9737749046938737 1K
NA18873 HG02886#1#JAHAOU010000178.1_62411_469262_0$HG01978#2#JAGYVR010000007.1_51532241_51939176_0	0.9737745105636679 1K
NA18873 HG00621#2#JAHBCC010000031.1_16669999_17077865_0$HG02109#1#JAHEPG010000026.1_16673035_17080816_0	0.9737733104159239 1K
NA18873 HG02145#2#JAHKSF010000206.1_1005292_1413195_1$HG01099.verkko_filt_mat.fa:haplotype1_0000034_142513097_142920876_1	0.9737722630323934 1K
NA18873 HG005#2#JAHEPN010000023.1_51542210_51950070_0$NA19240#1#JAHEOM010000047.1_30103390_30511199_1	0.9737678717930511 1K
NA18873 HG02630#2#JAHAOP010000089.1_16669255_17076135_0$chr1_hg38_103456064_103863972_0	0.9737672536142690 1K
NA18873 HG02630#2#JAHAOP010000089.1_16669255_17076135_0$chr1_hg19_103998686_104406594_0	0.9737672536142690 1K
NA18873 HG02818#2#JAHEOR010000010.1_31775319_32183091_1$HG03453#2#JAGYVV010000088.1_22597550_23005370_1	0.9737651245467487 1K
NA18873 HG00621#2#JAHBCC010000031.1_16669999_17077865_0$HG01123#1#JAGYYZ010000015.1_51528240_51935090_0	0.9737633925121577 1K
NA18873 HG02630#2#JAHAOP010000089.1_16669255_17076135_0$HG03453#2#JAGYVV010000088.1_22597550_23005370_1	0.9737595704005260 1K
NA18873 AV_HG01361#haplotype1#0000023:101593539$102001341$AV_HG02257#haplotype2#0001152:102843493$103251377	0.9737590335788450 1K
NA18873 HG03516#2#JAGYYS010000004.1_24452130_24859892_1$HG02071.verkko_filt_mat.fa:haplotype1_0000041_103610513_104018399_0	0.9737581816827878 1K
NA18873 HG03492#1#JAHEPI010000180.1_2103395_2543326_1$HG002.verkko_filt_mat.fa:haplotype1_0000005_138228497_138636354_1	0.9737566592851511 1K
NA18873 HG02630#1#JAHAOQ010000102.1_16672145_17079089_0$HG02109#1#JAHEPG010000026.1_16673035_17080816_0	0.9737531221964203 1K
NA18873 NA18906#1#JAHEOO010000054.1_2103477_2510435_1$HG02300.verkko_filt_mat.fa:haplotype1_0000028_144052837_144460586_1	0.9737501683751417 1K
NA18873 AV_HG00673#haplotype1#0000019:16627360$17129375$AV_HG01106#haplotype1#0000048:16666181$17262214	0.9737484365874556 1K
NA18873 AV_HG01361#haplotype1#0000023:101593539$102001341$NA18906#1#JAHEOO010000054.1_2103477_2510435_1	0.9737443030292678 1K
NA18873 HG02717#1#JAHAOS010000015.1_16660311_17067250_0$HG02300.verkko_filt_mat.fa:haplotype1_0000028_144052837_144460586_1	0.9737402164486685 1K
NA18873 HG03486#1#JAHEOQ010000123.1_16677696_17085575_0$HG02630#2#JAHAOP010000089.1_16669255_17076135_0	0.9737326034043503 1K
NA18873 HG01123#1#JAGYYZ010000015.1_51528240_51935090_0$HG03453#2#JAGYVV010000088.1_22597550_23005370_1	0.9737324428562192 1K
NA18873 HG02717#1#JAHAOS010000015.1_16660311_17067250_0$NA19240#2#JAHEOL010000010.1_37445323_37853017_0	0.9737318783790659 1K
NA18873 HG02630#2#JAHAOP010000089.1_16669255_17076135_0$HG02809.verkko_filt_pat.fa:haplotype2_0001251_103421111_103827972_0	0.9737302761990791 1K
NA18873 AV_HG02148#haplotype2#0002863:16304803$16712699$HG03516#2#JAGYYS010000004.1_24452130_24859892_1	0.9737287686163513 1K
NA18873 HG02717#1#JAHAOS010000015.1_16660311_17067250_0$HG01099.verkko_filt_mat.fa:haplotype1_0000034_142513097_142920876_1	0.9737281825071648 1K
NA18873 HG03492#1#JAHEPI010000180.1_2103395_2543326_1$HG03516#1#JAGYYT010000012.1_24170958_24578778_1	0.9737276585742402 1K
NA18873 HG00741#2#JAHALX010000013.1_51574319_51981226_0$HG03927.verkko_filt_mat.fa:haplotype1_0000009_134765170_135173010_1	0.9737248007546647 1K
NA18873 HG02109#1#JAHEPG010000026.1_16673035_17080816_0$HG02818#1#JAHEOS010000101.1_89626_496613_0	0.9737202305507145 1K
NA18873 HG00621#2#JAHBCC010000031.1_16669999_17077865_0$HG03516#2#JAGYYS010000004.1_24452130_24859892_1	0.9737111980053623 1K
NA18873 HG02886#1#JAHAOU010000178.1_62411_469262_0$HG02004.verkko_filt_mat.fa:haplotype1_0000022_97828542_98235483_0	0.9737081579143096 1K
NA18873 HG00621#2#JAHBCC010000031.1_16669999_17077865_0$HG005#1#JAHEPO010000002.1_51519219_51926067_0	0.9737080280623692 1K
NA18873 NA18906#1#JAHEOO010000054.1_2103477_2510435_1$HG03516#1#JAGYYT010000012.1_24170958_24578778_1	0.9737057733099522 1K
NA18873 HG03579#1#JAGYVU010000029.1_91404_499180_0$HG02071.verkko_filt_mat.fa:haplotype1_0000041_103610513_104018399_0	0.9737032076271210 1K
NA18873 NA19240#2#JAHEOL010000010.1_37445323_37853017_0$HG03927.verkko_filt_mat.fa:haplotype1_0000009_134765170_135173010_1	0.9736843535999835 1K
NA18873 HG01978#1#JAGYVS010000002.1_51519970_52021951_0$HG03098#1#JAHEPM010000059.1_16676208_17105596_0	0.9736782956738134 1K
NA18873 HG01109#1#JAHEPA010000099.1_2104245_2511104_1$HG02486#2#JAGYVL010000029.1_94163344_94570162_0	0.9736779863920839 1K
NA18873 HG03492#1#JAHEPI010000180.1_2103395_2543326_1$HG03927.verkko_filt_mat.fa:haplotype1_0000009_134765170_135173010_1	0.9736776156691841 1K
NA18873 HG03453#2#JAGYVV010000088.1_22597550_23005370_1$HG03579#1#JAGYVU010000029.1_91404_499180_0	0.9736744258586415 1K
NA18873 AV_HG01106#haplotype1#0000048:16666181$17262214$HG02293.verkko_filt_pat.fa:haplotype2_0000836_148310532_148812524_1	0.9736742914804356 1K
NA18873 AV_HG02257#haplotype2#0001152:102843493$103251377$HG02109#1#JAHEPG010000026.1_16673035_17080816_0	0.9736732091632239 1K
NA18873 AV_HG01361#haplotype1#0000023:101593539$102001341$HG02145#2#JAHKSF010000206.1_1005292_1413195_1	0.9736731994313356 1K
NA18873 HG02647.verkko_filt_mat.fa:haplotype1_0000002_103892584_104321036_0$HG02293.verkko_filt_pat.fa:haplotype2_0000836_148310532_148812524_1	0.9736721455798050 1K
NA18873 HG02717#2#JAHAOR010000006.1_19663827_20070693_1$HG02004.verkko_filt_mat.fa:haplotype1_0000022_97828542_98235483_0	0.9736707586758810 1K
NA18873 HG02486#2#JAGYVL010000029.1_94163344_94570162_0$HG02300.verkko_filt_pat.fa:haplotype2_0000620_143362344_143769323_1	0.9736675628809346 1K
NA18873 HG02109#1#JAHEPG010000026.1_16673035_17080816_0$HG02622#1#JAHAOO010000002.1_16673678_17080663_0	0.9736667818686129 1K
NA18873 NA18906#1#JAHEOO010000054.1_2103477_2510435_1$HG01099.verkko_filt_mat.fa:haplotype1_0000034_142513097_142920876_1	0.9736649870083116 1K
NA18873 AV_HG00673#haplotype2#0001165:24014011$24421797$HG00741#2#JAHALX010000013.1_51574319_51981226_0	0.9736644579118857 1K
NA18873 AV_HG01361#haplotype1#0000023:101593539$102001341$HG02717#1#JAHAOS010000015.1_16660311_17067250_0	0.9736612729300280 1K
NA18873 HG00621#2#JAHBCC010000031.1_16669999_17077865_0$HG02630#2#JAHAOP010000089.1_16669255_17076135_0	0.9736605542236263 1K
NA18873 HG02109#2#JAHEPF010000078.1_16678387_16991144_0$HG03927.verkko_filt_pat.fa:haplotype2_0000800_29002142_29504057_1	0.9736603072180189 1K
NA18873 HG03486#1#JAHEOQ010000123.1_16677696_17085575_0$HG02559#2#JAGYVJ010000037.1_52167780_52574597_1	0.9736590010546361 1K
NA18873 HG02109#1#JAHEPG010000026.1_16673035_17080816_0$NA18906#1#JAHEOO010000054.1_2103477_2510435_1	0.9736560025462216 1K
NA18873 HG01978#2#JAGYVR010000007.1_51532241_51939176_0$HG02717#2#JAHAOR010000006.1_19663827_20070693_1	0.9736552327620329 1K
NA18873 HG03927.verkko_filt_mat.fa:haplotype1_0000009_134765170_135173010_1$HG02300.verkko_filt_mat.fa:haplotype1_0000028_144052837_144460586_1	0.9736483627373640 1K
NA18873 HG01928#1#JAGYVQ010000053.1_16676493_17083407_0$HG02809.verkko_filt_pat.fa:haplotype2_0001251_103421111_103827972_0	0.9736465121997276 1K
NA18873 HG02109#1#JAHEPG010000026.1_16673035_17080816_0$HG02300.verkko_filt_pat.fa:haplotype2_0000620_143362344_143769323_1	0.9736463056091959 1K
NA18873 AV_HG01106#haplotype1#0000048:16666181$17262214$HG02080#2#JAHEOV010000017.1_16662177_17164189_0	0.9736446741228296 1K
NA18873 HG01123#1#JAGYYZ010000015.1_51528240_51935090_0$HG01978#2#JAGYVR010000007.1_51532241_51939176_0	0.9736424988290444 1K
NA18873 HG03486#1#JAHEOQ010000123.1_16677696_17085575_0$HG03579#1#JAGYVU010000029.1_91404_499180_0	0.9736395848107942 1K
NA18873 HG005#1#JAHEPO010000002.1_51519219_51926067_0$chr1_hg38_103456064_103863972_0	0.9736378493488480 1K
NA18873 HG005#1#JAHEPO010000002.1_51519219_51926067_0$chr1_hg19_103998686_104406594_0	0.9736378493488480 1K
NA18873 AV_HG02148#haplotype2#0002863:16304803$16712699$HG01123#1#JAGYYZ010000015.1_51528240_51935090_0	0.9736356549605764 1K
NA18873 HG02630#2#JAHAOP010000089.1_16669255_17076135_0$HG02071.verkko_filt_mat.fa:haplotype1_0000041_103610513_104018399_0	0.9736348512506221 1K
NA18873 HG03516#1#JAGYYT010000012.1_24170958_24578778_1$HG02818#1#JAHEOS010000101.1_89626_496613_0	0.9736337262789967 1K
NA18873 AV_HG01106#haplotype1#0000048:16666181$17262214$HG02071.verkko_filt_pat.fa:haplotype2_0000736_102745972_103248026_0	0.9736325566389967 1K
NA18873 HG03516#2#JAGYYS010000004.1_24452130_24859892_1$HG02300.verkko_filt_pat.fa:haplotype2_0000620_143362344_143769323_1	0.9736240084321779 1K
NA18873 HG03098#2#JAHEPL010000003.1_93803759_94117426_0$HG02004.verkko_filt_pat.fa:haplotype2_0000813_139386576_140076845_1	0.9736198304500626 1K
NA18873 HG01109#1#JAHEPA010000099.1_2104245_2511104_1$HG02886#1#JAHAOU010000178.1_62411_469262_0	0.9736187616222054 1K
NA18873 AV_HG02148#haplotype2#0002863:16304803$16712699$HG03579#1#JAGYVU010000029.1_91404_499180_0	0.9736175580932120 1K
NA18873 HG02717#1#JAHAOS010000015.1_16660311_17067250_0$HG03516#1#JAGYYT010000012.1_24170958_24578778_1	0.9736154598685797 1K
NA18873 HG005#1#JAHEPO010000002.1_51519219_51926067_0$HG03453#2#JAGYVV010000088.1_22597550_23005370_1	0.9736129818425385 1K
NA18873 NA19240#1#JAHEOM010000047.1_30103390_30511199_1$HG02071.verkko_filt_mat.fa:haplotype1_0000041_103610513_104018399_0	0.9736070112375572 1K
NA18873 HG01928#1#JAGYVQ010000053.1_16676493_17083407_0$HG02717#2#JAHAOR010000006.1_19663827_20070693_1	0.9736063343538849 1K
NA18873 HG02717#1#JAHAOS010000015.1_16660311_17067250_0$HG02109#1#JAHEPG010000026.1_16673035_17080816_0	0.9736059568311733 1K
NA18873 HG005#1#JAHEPO010000002.1_51519219_51926067_0$HG02886#1#JAHAOU010000178.1_62411_469262_0	0.9736031391176418 1K
NA18873 AV_HG01175#haplotype1#0000070:46006269$46414083$HG03492#1#JAHEPI010000180.1_2103395_2543326_1	0.9736001644045789 1K
NA18873 HG03453#2#JAGYVV010000088.1_22597550_23005370_1$NA19240#1#JAHEOM010000047.1_30103390_30511199_1	0.9735954126685488 1K
NA18873 AV_HG02257#haplotype2#0001152:102843493$103251377$HG03516#1#JAGYYT010000012.1_24170958_24578778_1	0.9735946861742925 1K
NA18873 HG02004.verkko_filt_mat.fa:haplotype1_0000022_97828542_98235483_0$HG02809.verkko_filt_pat.fa:haplotype2_0001251_103421111_103827972_0	0.9735899341691009 1K
NA18873 HG01123#1#JAGYYZ010000015.1_51528240_51935090_0$HG02809.verkko_filt_pat.fa:haplotype2_0001251_103421111_103827972_0	0.9735817510972425 1K
NA18873 AV_HG02148#haplotype2#0002863:16304803$16712699$HG005#1#JAHEPO010000002.1_51519219_51926067_0	0.9735723913849668 1K
NA18873 HG005#1#JAHEPO010000002.1_51519219_51926067_0$HG02486#2#JAGYVL010000029.1_94163344_94570162_0	0.9735659554076099 1K
NA18873 chr1_hg38_103456064_103863972_0$HG00741#2#JAHALX010000013.1_51574319_51981226_0	0.9735632793203575 1K
NA18873 chr1_hg19_103998686_104406594_0$HG00741#2#JAHALX010000013.1_51574319_51981226_0	0.9735632793203575 1K
NA18873 HG01123#1#JAGYYZ010000015.1_51528240_51935090_0$HG02004.verkko_filt_mat.fa:haplotype1_0000022_97828542_98235483_0	0.9735612267421626 1K
NA18873 HG03486#1#JAHEOQ010000123.1_16677696_17085575_0$HG03492#1#JAHEPI010000180.1_2103395_2543326_1	0.9735604428386961 1K
NA18873 HG02300.verkko_filt_pat.fa:haplotype2_0000620_143362344_143769323_1$HG02809.verkko_filt_pat.fa:haplotype2_0001251_103421111_103827972_0	0.9735529688108048 1K
NA18873 HG01978#2#JAGYVR010000007.1_51532241_51939176_0$HG02809.verkko_filt_pat.fa:haplotype2_0001251_103421111_103827972_0	0.9735506748823520 1K
NA18873 HG00621#2#JAHBCC010000031.1_16669999_17077865_0$HG02559#2#JAGYVJ010000037.1_52167780_52574597_1	0.9735473118446675 1K
NA18873 HG02486#2#JAGYVL010000029.1_94163344_94570162_0$HG02717#2#JAHAOR010000006.1_19663827_20070693_1	0.9735453573184640 1K
NA18873 HG02080#2#JAHEOV010000017.1_16662177_17164189_0$HG02647.verkko_filt_mat.fa:haplotype1_0000002_103892584_104321036_0	0.9735450716915400 1K
NA18873 HG02145#2#JAHKSF010000206.1_1005292_1413195_1$HG02109#1#JAHEPG010000026.1_16673035_17080816_0	0.9735392807827351 1K
NA18873 AV_HG02148#haplotype2#0002863:16304803$16712699$NA19240#1#JAHEOM010000047.1_30103390_30511199_1	0.9735380547496664 1K
NA18873 AV_HG00673#haplotype1#0000019:16627360$17129375$HG02647.verkko_filt_mat.fa:haplotype1_0000002_103892584_104321036_0	0.9735380166221368 1K
NA18873 HG02486#1#JAGYVM010000007.1_28868414_29370339_1$HG02647.verkko_filt_pat.fa:haplotype2_0000857_103738150_104051769_0	0.9735377156653078 1K
NA18873 HG00621#2#JAHBCC010000031.1_16669999_17077865_0$HG03492#1#JAHEPI010000180.1_2103395_2543326_1	0.9735374069990367 1K
NA18873 AV_HG01106#haplotype1#0000048:16666181$17262214$HG04228.verkko_filt_mat.fa:haplotype1_0000023_103429213_103930285_0	0.9735350575536027 1K
NA18873 AV_HG02148#haplotype2#0002863:16304803$16712699$HG02630#2#JAHAOP010000089.1_16669255_17076135_0	0.9735336093093658 1K
NA18873 HG02630#2#JAHAOP010000089.1_16669255_17076135_0$HG005#2#JAHEPN010000023.1_51542210_51950070_0	0.9735303313354149 1K
NA18873 HG03486#1#JAHEOQ010000123.1_16677696_17085575_0$NA19240#1#JAHEOM010000047.1_30103390_30511199_1	0.9735280803189634 1K
NA18873 HG00741#2#JAHALX010000013.1_51574319_51981226_0$HG02071.verkko_filt_mat.fa:haplotype1_0000041_103610513_104018399_0	0.9735274761767896 1K
NA18873 AV_HG01106#haplotype1#0000048:16666181$17262214$HG00621#1#JAHBCD010000034.1_2122997_2624098_1	0.9735233795832474 1K
NA18873 HG005#1#JAHEPO010000002.1_51519219_51926067_0$HG005#2#JAHEPN010000023.1_51542210_51950070_0	0.9735206013239112 1K
NA18873 HG02559#2#JAGYVJ010000037.1_52167780_52574597_1$HG01258#2#JAGYYU010000072.1_51562603_51970395_0	0.9735199705410518 1K
NA18873 HG02055#2#JAHEPJ010000017.1_24870122_25298560_1$HG02293.verkko_filt_pat.fa:haplotype2_0000836_148310532_148812524_1	0.9735129059009398 1K
NA18873 HG00621#2#JAHBCC010000031.1_16669999_17077865_0$HG03579#1#JAGYVU010000029.1_91404_499180_0	0.9735112937856734 1K
NA18873 HG02622#1#JAHAOO010000002.1_16673678_17080663_0$HG03516#1#JAGYYT010000012.1_24170958_24578778_1	0.9735093340229919 1K
NA18873 chr1_hg19_103998686_104406594_0$HG03492#1#JAHEPI010000180.1_2103395_2543326_1	0.9735048405147347 1K
NA18873 HG03492#1#JAHEPI010000180.1_2103395_2543326_1$chr1_hg38_103456064_103863972_0	0.9735048405147347 1K
NA18873 HG03579#2#JAGYVT010000094.1_51581892_51895531_0$HG02486#1#JAGYVM010000007.1_28868414_29370339_1	0.9735003087072293 1K
NA18873 HG03579#1#JAGYVU010000029.1_91404_499180_0$HG02300.verkko_filt_pat.fa:haplotype2_0000620_143362344_143769323_1	0.9734963404461753 1K
NA18873 HG005#2#JAHEPN010000023.1_51542210_51950070_0$HG00741#2#JAHALX010000013.1_51574319_51981226_0	0.9734951553653448 1K
NA18873 HG02886#1#JAHAOU010000178.1_62411_469262_0$HG02717#2#JAHAOR010000006.1_19663827_20070693_1	0.9734940427983370 1K
NA18873 HG02886#1#JAHAOU010000178.1_62411_469262_0$HG02300.verkko_filt_pat.fa:haplotype2_0000620_143362344_143769323_1	0.9734857482849736 1K
NA18873 NA20129#2#JAHEPD010000155.1_90039_569275_0$HG03710.verkko_filt_pat.fa:haplotype2_0000488_101614437_102218208_0	0.9734835286657788 1K
NA18873 HG03486#1#JAHEOQ010000123.1_16677696_17085575_0$HG00741#2#JAHALX010000013.1_51574319_51981226_0	0.9734803722834124 1K
NA18873 HG02080#2#JAHEOV010000017.1_16662177_17164189_0$HG02055#2#JAHEPJ010000017.1_24870122_25298560_1	0.9734766826290202 1K
NA18873 HG00741#2#JAHALX010000013.1_51574319_51981226_0$HG02486#2#JAGYVL010000029.1_94163344_94570162_0	0.9734764206336914 1K
NA18873 HG02630#2#JAHAOP010000089.1_16669255_17076135_0$HG02717#2#JAHAOR010000006.1_19663827_20070693_1	0.9734698115079803 1K
NA18873 HG03540#2#JAGYVX010000148.1_1368955_1877115_0$chr1_chm13_103304997_103901127_0	0.9734697153018104 1K
NA18873 HG04228.verkko_filt_mat.fa:haplotype1_0000023_103429213_103930285_0$HG02647.verkko_filt_mat.fa:haplotype1_0000002_103892584_104321036_0	0.9734693642739390 1K
NA18873 HG02145#2#JAHKSF010000206.1_1005292_1413195_1$HG03516#1#JAGYYT010000012.1_24170958_24578778_1	0.9734690361124779 1K
NA18873 HG02622#2#JAHAON010000012.1_51551779_52031001_0$HG03710.verkko_filt_pat.fa:haplotype2_0000488_101614437_102218208_0	0.9734687548298548 1K
NA18873 HG02559#2#JAGYVJ010000037.1_52167780_52574597_1$HG02071.verkko_filt_mat.fa:haplotype1_0000041_103610513_104018399_0	0.9734652939031330 1K
NA18873 HG02630#2#JAHAOP010000089.1_16669255_17076135_0$HG02486#2#JAGYVL010000029.1_94163344_94570162_0	0.9734635618128322 1K
NA18873 HG02559#2#JAGYVJ010000037.1_52167780_52574597_1$chr1_hg38_103456064_103863972_0	0.9734612461979695 1K
NA18873 HG02559#2#JAGYVJ010000037.1_52167780_52574597_1$chr1_hg19_103998686_104406594_0	0.9734612461979695 1K
NA18873 HG03927.verkko_filt_mat.fa:haplotype1_0000009_134765170_135173010_1$HG01099.verkko_filt_mat.fa:haplotype1_0000034_142513097_142920876_1	0.9734594917345056 1K
NA18873 HG00438#2#JAHBCA010000012.1_51513023_51826723_0$HG02486#1#JAGYVM010000007.1_28868414_29370339_1	0.9734532281392999 1K
NA18873 HG01109#1#JAHEPA010000099.1_2104245_2511104_1$HG02809.verkko_filt_pat.fa:haplotype2_0001251_103421111_103827972_0	0.9734467990394571 1K
NA18873 HG02486#1#JAGYVM010000007.1_28868414_29370339_1$HG01891#1#JAGYVO010000014.1_22855818_23168577_1	0.9734441878310696 1K
NA18873 AV_HG01361#haplotype1#0000023:101593539$102001341$HG02559#2#JAGYVJ010000037.1_52167780_52574597_1	0.9734362264730283 1K
NA18873 HG01123#1#JAGYYZ010000015.1_51528240_51935090_0$HG02886#1#JAHAOU010000178.1_62411_469262_0	0.9734327834515728 1K
NA18873 NA18906#2#JAHEON010000009.1_93748295_94249275_0$HG02109#2#JAHEPF010000078.1_16678387_16991144_0	0.9734311014219492 1K
NA18873 HG02717#2#JAHAOR010000006.1_19663827_20070693_1$HG02300.verkko_filt_pat.fa:haplotype2_0000620_143362344_143769323_1	0.9734307917720273 1K
NA18873 HG03492#1#JAHEPI010000180.1_2103395_2543326_1$HG02300.verkko_filt_pat.fa:haplotype2_0000620_143362344_143769323_1	0.9734269109992519 1K
NA18873 HG03492#1#JAHEPI010000180.1_2103395_2543326_1$HG02071.verkko_filt_mat.fa:haplotype1_0000041_103610513_104018399_0	0.9734259465603853 1K
NA18873 HG02630#2#JAHAOP010000089.1_16669255_17076135_0$HG01123#1#JAGYYZ010000015.1_51528240_51935090_0	0.9734243416041020 1K
NA18873 HG03492#1#JAHEPI010000180.1_2103395_2543326_1$HG01978#2#JAGYVR010000007.1_51532241_51939176_0	0.9734240123986293 1K
NA18873 HG02109#1#JAHEPG010000026.1_16673035_17080816_0$HG02809.verkko_filt_pat.fa:haplotype2_0001251_103421111_103827972_0	0.9734139764815859 1K
NA18873 HG03492#1#JAHEPI010000180.1_2103395_2543326_1$HG02809.verkko_filt_pat.fa:haplotype2_0001251_103421111_103827972_0	0.9734134914294003 1K
NA18873 AV_HG01106#haplotype1#0000048:16666181$17262214$HG01978#1#JAGYVS010000002.1_51519970_52021951_0	0.9734130445390669 1K
NA18873 HG00621#2#JAHBCC010000031.1_16669999_17077865_0$NA19240#1#JAHEOM010000047.1_30103390_30511199_1	0.9734075950795861 1K
NA18873 NA20129#2#JAHEPD010000155.1_90039_569275_0$HG002.verkko_filt_pat.fa:haplotype2_0000649_147937390_148315979_1	0.9734075182174939 1K
NA18873 AV_HG00673#haplotype1#0000019:16627360$17129375$HG02055#2#JAHEPJ010000017.1_24870122_25298560_1	0.9734071408000733 1K
NA18873 HG02886#1#JAHAOU010000178.1_62411_469262_0$HG00741#2#JAHALX010000013.1_51574319_51981226_0	0.9734011916393864 1K
NA18873 HG02809.verkko_filt_mat.fa:haplotype1_0000023_94161320_94589755_0$HG02293.verkko_filt_pat.fa:haplotype2_0000836_148310532_148812524_1	0.9733997749181326 1K
NA18873 HG01123#1#JAGYYZ010000015.1_51528240_51935090_0$HG02486#2#JAGYVL010000029.1_94163344_94570162_0	0.9733955844610881 1K
NA18873 AV_HG01361#haplotype1#0000023:101593539$102001341$HG03927.verkko_filt_mat.fa:haplotype1_0000009_134765170_135173010_1	0.9733855660161883 1K
NA18873 HG005#1#JAHEPO010000002.1_51519219_51926067_0$HG02809.verkko_filt_pat.fa:haplotype2_0001251_103421111_103827972_0	0.9733823062139561 1K
NA18873 HG02717#2#JAHAOR010000006.1_19663827_20070693_1$HG02809.verkko_filt_pat.fa:haplotype2_0001251_103421111_103827972_0	0.9733778253158658 1K
NA18873 AV_HG00673#haplotype2#0001165:24014011$24421797$HG02818#1#JAHEOS010000101.1_89626_496613_0	0.9733727799452840 1K
NA18873 AV_HG02148#haplotype2#0002863:16304803$16712699$HG03492#1#JAHEPI010000180.1_2103395_2543326_1	0.9733726460907561 1K
NA18873 HG03453#2#JAGYVV010000088.1_22597550_23005370_1$HG00741#2#JAHALX010000013.1_51574319_51981226_0	0.9733708225345943 1K
NA18873 HG02559#2#JAGYVJ010000037.1_52167780_52574597_1$HG02886#1#JAHAOU010000178.1_62411_469262_0	0.9733684570227531 1K
NA18873 AV_HG00673#haplotype1#0000019:16627360$17129375$chr1_chm13_103304997_103901127_0	0.9733682822808734 1K
NA18873 HG005#1#JAHEPO010000002.1_51519219_51926067_0$HG01978#2#JAGYVR010000007.1_51532241_51939176_0	0.9733614486230930 1K
NA18873 HG03098#2#JAHEPL010000003.1_93803759_94117426_0$HG03927.verkko_filt_pat.fa:haplotype2_0000800_29002142_29504057_1	0.9733592835574534 1K
NA18873 AV_HG00673#haplotype2#0001165:24014011$24421797$HG02622#1#JAHAOO010000002.1_16673678_17080663_0	0.9733579126287408 1K
NA18873 HG02486#1#JAGYVM010000007.1_28868414_29370339_1$HG04228.verkko_filt_pat.fa:haplotype2_0000600_103806749_104119491_0	0.9733577697418025 1K
NA18873 HG03516#1#JAGYYT010000012.1_24170958_24578778_1$HG03927.verkko_filt_mat.fa:haplotype1_0000009_134765170_135173010_1	0.9733512223421844 1K
NA18873 HG02559#2#JAGYVJ010000037.1_52167780_52574597_1$HG005#2#JAHEPN010000023.1_51542210_51950070_0	0.9733427512338473 1K
NA18873 HG01109#1#JAHEPA010000099.1_2104245_2511104_1$HG02630#2#JAHAOP010000089.1_16669255_17076135_0	0.9733403825811604 1K
NA18873 HG02630#2#JAHAOP010000089.1_16669255_17076135_0$HG03492#1#JAHEPI010000180.1_2103395_2543326_1	0.9733390211165219 1K
NA18873 AV_HG00673#haplotype2#0001165:24014011$24421797$HG02630#1#JAHAOQ010000102.1_16672145_17079089_0	0.9733339837173063 1K
NA18873 HG01928#1#JAGYVQ010000053.1_16676493_17083407_0$HG01123#1#JAGYYZ010000015.1_51528240_51935090_0	0.9733276554164763 1K
NA18873 chr1_chm13_103304997_103901127_0$HG02293.verkko_filt_pat.fa:haplotype2_0000836_148310532_148812524_1	0.9733259486448741 1K
NA18873 HG02630#2#JAHAOP010000089.1_16669255_17076135_0$HG02886#1#JAHAOU010000178.1_62411_469262_0	0.9733242643204302 1K
NA18873 HG005#1#JAHEPO010000002.1_51519219_51926067_0$HG02630#2#JAHAOP010000089.1_16669255_17076135_0	0.9733222904463992 1K
NA18873 AV_HG01175#haplotype1#0000070:46006269$46414083$HG02559#2#JAGYVJ010000037.1_52167780_52574597_1	0.9733218379477711 1K
NA18873 HG03492#1#JAHEPI010000180.1_2103395_2543326_1$HG005#2#JAHEPN010000023.1_51542210_51950070_0	0.9733195872966005 1K
NA18873 HG01928#1#JAGYVQ010000053.1_16676493_17083407_0$HG02630#2#JAHAOP010000089.1_16669255_17076135_0	0.9733150249895212 1K
NA18873 HG01123#2#JAGYYY010000006.1_51579630_51892388_0$HG02486#1#JAGYVM010000007.1_28868414_29370339_1	0.9733135416885447 1K
NA18873 HG02080#2#JAHEOV010000017.1_16662177_17164189_0$HG02809.verkko_filt_mat.fa:haplotype1_0000023_94161320_94589755_0	0.9733117443640005 1K
NA18873 HG02080#2#JAHEOV010000017.1_16662177_17164189_0$chr1_chm13_103304997_103901127_0	0.9733069723129515 1K
NA18873 NA19240#1#JAHEOM010000047.1_30103390_30511199_1$HG02300.verkko_filt_pat.fa:haplotype2_0000620_143362344_143769323_1	0.9733033369894166 1K
NA18873 HG00741#2#JAHALX010000013.1_51574319_51981226_0$HG02809.verkko_filt_pat.fa:haplotype2_0001251_103421111_103827972_0	0.9733016487724748 1K
NA18873 HG02559#2#JAGYVJ010000037.1_52167780_52574597_1$HG02486#2#JAGYVL010000029.1_94163344_94570162_0	0.9732909883309587 1K
NA18873 HG005#1#JAHEPO010000002.1_51519219_51926067_0$HG02004.verkko_filt_mat.fa:haplotype1_0000022_97828542_98235483_0	0.9732887462338450 1K
NA18873 HG02559#2#JAGYVJ010000037.1_52167780_52574597_1$HG02809.verkko_filt_pat.fa:haplotype2_0001251_103421111_103827972_0	0.9732834852443895 1K
NA18873 HG02004.verkko_filt_pat.fa:haplotype2_0000813_139386576_140076845_1$HG03927.verkko_filt_pat.fa:haplotype2_0000800_29002142_29504057_1	0.9732818280250458 1K
NA18873 HG02647.verkko_filt_mat.fa:haplotype1_0000002_103892584_104321036_0$HG02071.verkko_filt_pat.fa:haplotype2_0000736_102745972_103248026_0	0.9732801439062343 1K
NA18873 HG03098#1#JAHEPM010000059.1_16676208_17105596_0$HG02293.verkko_filt_pat.fa:haplotype2_0000836_148310532_148812524_1	0.9732705130284958 1K
NA18873 HG02886#2#JAHAOT010000031.1_87393_401061_0$HG02004.verkko_filt_pat.fa:haplotype2_0000813_139386576_140076845_1	0.9732687640227660 1K
NA18873 HG00621#1#JAHBCD010000034.1_2122997_2624098_1$HG02647.verkko_filt_mat.fa:haplotype1_0000002_103892584_104321036_0	0.9732656917072592 1K
NA18873 HG01123#1#JAGYYZ010000015.1_51528240_51935090_0$HG02300.verkko_filt_pat.fa:haplotype2_0000620_143362344_143769323_1	0.9732647167457155 1K
NA18873 HG02559#2#JAGYVJ010000037.1_52167780_52574597_1$HG01099.verkko_filt_mat.fa:haplotype1_0000034_142513097_142920876_1	0.9732602803457314 1K
NA18873 HG03492#1#JAHEPI010000180.1_2103395_2543326_1$HG02004.verkko_filt_mat.fa:haplotype1_0000022_97828542_98235483_0	0.9732563808692045 1K
NA18873 AV_HG00673#haplotype2#0001165:24014011$24421797$NA18906#1#JAHEOO010000054.1_2103477_2510435_1	0.9732532397816531 1K
NA18873 AV_HG00673#haplotype1#0000019:16627360$17129375$HG02809.verkko_filt_mat.fa:haplotype1_0000023_94161320_94589755_0	0.9732482902870858 1K
NA18873 HG00621#2#JAHBCC010000031.1_16669999_17077865_0$HG00741#2#JAHALX010000013.1_51574319_51981226_0	0.9732393192346065 1K
NA18873 chr1_chm13_103304997_103901127_0$HG04228.verkko_filt_mat.fa:haplotype1_0000023_103429213_103930285_0	0.9732353061781652 1K
NA18873 HG005#1#JAHEPO010000002.1_51519219_51926067_0$HG02300.verkko_filt_pat.fa:haplotype2_0000620_143362344_143769323_1	0.9732335884394512 1K
NA18873 HG01928#1#JAGYVQ010000053.1_16676493_17083407_0$HG03492#1#JAHEPI010000180.1_2103395_2543326_1	0.9732335304697451 1K
NA18873 HG02486#1#JAGYVM010000007.1_28868414_29370339_1$HG02109#2#JAHEPF010000078.1_16678387_16991144_0	0.9732317857393259 1K
NA18873 HG01978#2#JAGYVR010000007.1_51532241_51939176_0$HG00741#2#JAHALX010000013.1_51574319_51981226_0	0.9732312396959307 1K
NA18873 HG02559#2#JAGYVJ010000037.1_52167780_52574597_1$HG02630#2#JAHAOP010000089.1_16669255_17076135_0	0.9732285223088980 1K
NA18873 HG01071#1#JAHBCF010000053.1_26607100_27108065_1$HG02647.verkko_filt_pat.fa:haplotype2_0000857_103738150_104051769_0	0.9732204122156498 1K
NA18873 AV_HG02148#haplotype2#0002863:16304803$16712699$HG02559#2#JAGYVJ010000037.1_52167780_52574597_1	0.9732171912730544 1K
NA18873 HG02630#1#JAHAOQ010000102.1_16672145_17079089_0$HG01258#2#JAGYYU010000072.1_51562603_51970395_0	0.9732149780675845 1K
NA18873 AV_HG02148#haplotype2#0002863:16304803$16712699$HG00741#2#JAHALX010000013.1_51574319_51981226_0	0.9732090009176091 1K
NA18873 HG03579#2#JAGYVT010000094.1_51581892_51895531_0$HG01071#1#JAHBCF010000053.1_26607100_27108065_1	0.9732072583428311 1K
NA18873 HG03486#2#JAHEOP010000248.1_2105565_2584784_1$HG03710.verkko_filt_pat.fa:haplotype2_0000488_101614437_102218208_0	0.9732063775214428 1K
NA18873 chr1_chm13_103304997_103901127_0$HG02071.verkko_filt_pat.fa:haplotype2_0000736_102745972_103248026_0	0.9732022563502124 1K
NA18873 HG02630#2#JAHAOP010000089.1_16669255_17076135_0$HG01978#2#JAGYVR010000007.1_51532241_51939176_0	0.9732021159517665 1K
NA18873 HG00621#1#JAHBCD010000034.1_2122997_2624098_1$chr1_chm13_103304997_103901127_0	0.9732001675113289 1K
NA18873 HG02559#2#JAGYVJ010000037.1_52167780_52574597_1$HG02300.verkko_filt_mat.fa:haplotype1_0000028_144052837_144460586_1	0.9731995197961066 1K
NA18873 HG03098#1#JAHEPM010000059.1_16676208_17105596_0$HG04228.verkko_filt_mat.fa:haplotype1_0000023_103429213_103930285_0	0.9731993314053329 1K
NA18873 AV_HG00673#haplotype2#0001165:24014011$24421797$AV_HG02257#haplotype2#0001152:102843493$103251377	0.9731882614245829 1K
NA18873 HG02723#1#JAHEOU010000204.1_2102082_2414876_1$HG03927.verkko_filt_pat.fa:haplotype2_0000800_29002142_29504057_1	0.9731743616446179 1K
NA18873 HG02080#2#JAHEOV010000017.1_16662177_17164189_0$HG03098#1#JAHEPM010000059.1_16676208_17105596_0	0.9731649714075338 1K
NA18873 HG02559#2#JAGYVJ010000037.1_52167780_52574597_1$HG03453#2#JAGYVV010000088.1_22597550_23005370_1	0.9731525692821614 1K
NA18873 HG03492#1#JAHEPI010000180.1_2103395_2543326_1$HG03453#2#JAGYVV010000088.1_22597550_23005370_1	0.9731522587180556 1K
NA18873 HG02559#2#JAGYVJ010000037.1_52167780_52574597_1$NA19240#2#JAHEOL010000010.1_37445323_37853017_0	0.9731460570247473 1K
NA18873 HG02622#2#JAHAON010000012.1_51551779_52031001_0$HG002.verkko_filt_pat.fa:haplotype2_0000649_147937390_148315979_1	0.9731458843408463 1K
NA18873 HG02055#2#JAHEPJ010000017.1_24870122_25298560_1$HG04228.verkko_filt_mat.fa:haplotype1_0000023_103429213_103930285_0	0.9731453311156829 1K
NA18873 HG02080#1#JAHEOW010000048.1_16689583_17097287_0$HG02559#2#JAGYVJ010000037.1_52167780_52574597_1	0.9731450473138078 1K
NA18873 HG02622#1#JAHAOO010000002.1_16673678_17080663_0$HG01258#2#JAGYYU010000072.1_51562603_51970395_0	0.9731348067615733 1K
NA18873 HG00741#2#JAHALX010000013.1_51574319_51981226_0$HG02004.verkko_filt_mat.fa:haplotype1_0000022_97828542_98235483_0	0.9731270409836680 1K
NA18873 AV_HG01175#haplotype1#0000070:46006269$46414083$HG03927.verkko_filt_mat.fa:haplotype1_0000009_134765170_135173010_1	0.9731260488400907 1K
NA18873 HG01978#1#JAGYVS010000002.1_51519970_52021951_0$chr1_chm13_103304997_103901127_0	0.9731230882943265 1K
NA18873 HG01258#1#JAGYYV010000004.1_56955948_57456952_1$HG02647.verkko_filt_pat.fa:haplotype2_0000857_103738150_104051769_0	0.9731193114492798 1K
NA18873 AV_HG00673#haplotype1#0000019:16627360$17129375$HG03098#1#JAHEPM010000059.1_16676208_17105596_0	0.9731189284248131 1K
NA18873 HG02145#2#JAHKSF010000206.1_1005292_1413195_1$HG02809.verkko_filt_pat.fa:haplotype2_0001251_103421111_103827972_0	0.9731145033770636 1K
NA18873 HG02630#2#JAHAOP010000089.1_16669255_17076135_0$HG02004.verkko_filt_mat.fa:haplotype1_0000022_97828542_98235483_0	0.9731143249359105 1K
NA18873 HG02630#2#JAHAOP010000089.1_16669255_17076135_0$HG02300.verkko_filt_pat.fa:haplotype2_0000620_143362344_143769323_1	0.9731058137981746 1K
NA18873 NA18906#2#JAHEON010000009.1_93748295_94249275_0$HG02647.verkko_filt_pat.fa:haplotype2_0000857_103738150_104051769_0	0.9731032188721225 1K
NA18873 HG02559#2#JAGYVJ010000037.1_52167780_52574597_1$HG01978#2#JAGYVR010000007.1_51532241_51939176_0	0.9731030489668683 1K
NA18873 HG02717#1#JAHAOS010000015.1_16660311_17067250_0$HG01258#2#JAGYYU010000072.1_51562603_51970395_0	0.9731001371325387 1K
NA18873 HG03492#2#JAHEPH010000288.1_2098270_2432686_1$HG00438#1#JAHBCB010000015.1_33474867_33954171_0	0.9731000957112715 1K
NA18873 HG02630#2#JAHAOP010000089.1_16669255_17076135_0$HG00741#2#JAHALX010000013.1_51574319_51981226_0	0.9730918768085622 1K
NA18873 HG03579#2#JAGYVT010000094.1_51581892_51895531_0$NA18906#2#JAHEON010000009.1_93748295_94249275_0	0.9730902898949342 1K
NA18873 AV_HG00673#haplotype2#0001165:24014011$24421797$HG02717#1#JAHAOS010000015.1_16660311_17067250_0	0.9730812594248224 1K
NA18873 HG02055#2#JAHEPJ010000017.1_24870122_25298560_1$HG02071.verkko_filt_pat.fa:haplotype2_0000736_102745972_103248026_0	0.9730760856403722 1K
NA18873 HG03579#2#JAGYVT010000094.1_51581892_51895531_0$HG01258#1#JAGYYV010000004.1_56955948_57456952_1	0.9730738335269699 1K
NA18873 HG01928#1#JAGYVQ010000053.1_16676493_17083407_0$HG00741#2#JAHALX010000013.1_51574319_51981226_0	0.9730707981544491 1K
NA18873 HG00621#1#JAHBCD010000034.1_2122997_2624098_1$HG03098#1#JAHEPM010000059.1_16676208_17105596_0	0.9730687583643800 1K
NA18873 HG01258#2#JAGYYU010000072.1_51562603_51970395_0$HG02818#1#JAHEOS010000101.1_89626_496613_0	0.9730641267863563 1K
NA18873 HG01071#1#JAHBCF010000053.1_26607100_27108065_1$HG01891#1#JAGYVO010000014.1_22855818_23168577_1	0.9730628695321115 1K
NA18873 AV_HG00673#haplotype2#0001165:24014011$24421797$HG02145#2#JAHKSF010000206.1_1005292_1413195_1	0.9730621353919392 1K
NA18873 HG02818#2#JAHEOR010000010.1_31775319_32183091_1$HG01358#1#JAGYZB010000020.1_27445742_27855492_1	0.9730611213388507 1K
NA18873 HG02559#2#JAGYVJ010000037.1_52167780_52574597_1$HG03516#1#JAGYYT010000012.1_24170958_24578778_1	0.9730597434897027 1K
NA18873 HG01123#2#JAGYYY010000006.1_51579630_51892388_0$HG03927.verkko_filt_pat.fa:haplotype2_0000800_29002142_29504057_1	0.9730578294914707 1K
NA18873 AV_HG02257#haplotype2#0001152:102843493$103251377$HG01258#2#JAGYYU010000072.1_51562603_51970395_0	0.9730570609795520 1K
NA18873 HG01928#1#JAGYVQ010000053.1_16676493_17083407_0$HG005#1#JAHEPO010000002.1_51519219_51926067_0	0.9730554421975246 1K
NA18873 HG00621#1#JAHBCD010000034.1_2122997_2624098_1$HG02055#2#JAHEPJ010000017.1_24870122_25298560_1	0.9730493620577811 1K
NA18873 HG01109#1#JAHEPA010000099.1_2104245_2511104_1$HG01258#2#JAGYYU010000072.1_51562603_51970395_0	0.9730458915398393 1K
NA18873 NA18906#1#JAHEOO010000054.1_2103477_2510435_1$HG01258#2#JAGYYU010000072.1_51562603_51970395_0	0.9730447643391019 1K
NA18873 HG02559#1#JAGYVK010000012.1_51505852_51913611_0$HG01358#1#JAGYZB010000020.1_27445742_27855492_1	0.9730304759910389 1K
NA18873 AV_HG00673#haplotype2#0001165:24014011$24421797$HG03927.verkko_filt_mat.fa:haplotype1_0000009_134765170_135173010_1	0.9730274560114084 1K
NA18873 NA18906#2#JAHEON010000009.1_93748295_94249275_0$HG04228.verkko_filt_pat.fa:haplotype2_0000600_103806749_104119491_0	0.9730258942456524 1K
NA18873 HG00438#1#JAHBCB010000015.1_33474867_33954171_0$HG01243#1#JAHEOY010000013.1_90081_424495_0	0.9730256572441957 1K
NA18873 HG00438#1#JAHBCB010000015.1_33474867_33954171_0$HG03710.verkko_filt_pat.fa:haplotype2_0000488_101614437_102218208_0	0.9730250779677253 1K
NA18873 HG03927.verkko_filt_mat.fa:haplotype1_0000009_134765170_135173010_1$HG002.verkko_filt_mat.fa:haplotype1_0000005_138228497_138636354_1	0.9730219123969563 1K
NA18873 HG01978#2#JAGYVR010000007.1_51532241_51939176_0$HG03927.verkko_filt_mat.fa:haplotype1_0000009_134765170_135173010_1	0.9730203984264741 1K
NA18873 HG01071#1#JAHBCF010000053.1_26607100_27108065_1$HG02109#2#JAHEPF010000078.1_16678387_16991144_0	0.9730193991381267 1K
NA18873 AV_HG02257#haplotype2#0001152:102843493$103251377$HG02486#2#JAGYVL010000029.1_94163344_94570162_0	0.9730142397652667 1K
NA18873 HG02145#2#JAHKSF010000206.1_1005292_1413195_1$HG01258#2#JAGYYU010000072.1_51562603_51970395_0	0.9730121517682873 1K
NA18873 HG02080#1#JAHEOW010000048.1_16689583_17097287_0$HG002.verkko_filt_mat.fa:haplotype1_0000005_138228497_138636354_1	0.9730107674964876 1K
NA18873 HG02145#2#JAHKSF010000206.1_1005292_1413195_1$HG02486#2#JAGYVL010000029.1_94163344_94570162_0	0.9730013967740931 1K
NA18873 HG02004.verkko_filt_mat.fa:haplotype1_0000022_97828542_98235483_0$HG03927.verkko_filt_mat.fa:haplotype1_0000009_134765170_135173010_1	0.9729966812519679 1K
NA18873 HG02723#1#JAHEOU010000204.1_2102082_2414876_1$HG02486#1#JAGYVM010000007.1_28868414_29370339_1	0.9729949663643724 1K
NA18873 AV_HG01175#haplotype1#0000070:46006269$46414083$HG02004.verkko_filt_pat.fa:haplotype2_0000813_139386576_140076845_1	0.9729944359164009 1K
NA18873 AV_HG01106#haplotype1#0000048:16666181$17262214$HG02723#2#JAHEOT010000034.1_19776337_20321518_1	0.9729875698324542 1K
NA18873 HG02080#1#JAHEOW010000048.1_16689583_17097287_0$HG03486#1#JAHEOQ010000123.1_16677696_17085575_0	0.9729834672179521 1K
NA18873 HG03486#1#JAHEOQ010000123.1_16677696_17085575_0$HG02300.verkko_filt_mat.fa:haplotype1_0000028_144052837_144460586_1	0.9729733744508908 1K
NA18873 NA19240#2#JAHEOL010000010.1_37445323_37853017_0$HG002.verkko_filt_mat.fa:haplotype1_0000005_138228497_138636354_1	0.9729705375289045 1K
NA18873 HG01109#1#JAHEPA010000099.1_2104245_2511104_1$HG002.verkko_filt_mat.fa:haplotype1_0000005_138228497_138636354_1	0.9729680493250704 1K
NA18873 HG02004.verkko_filt_pat.fa:haplotype2_0000813_139386576_140076845_1$HG03710.verkko_filt_mat.fa:haplotype1_0000029_102593394_102907063_0	0.9729518404619768 1K
NA18873 AV_HG02257#haplotype2#0001152:102843493$103251377$HG02809.verkko_filt_pat.fa:haplotype2_0001251_103421111_103827972_0	0.9729498144052673 1K
NA18873 HG01928#1#JAGYVQ010000053.1_16676493_17083407_0$HG02559#2#JAGYVJ010000037.1_52167780_52574597_1	0.9729490397427344 1K
NA18873 HG02630#1#JAHAOQ010000102.1_16672145_17079089_0$HG03492#1#JAHEPI010000180.1_2103395_2543326_1	0.9729437026983868 1K
NA18873 HG02559#2#JAGYVJ010000037.1_52167780_52574597_1$HG02300.verkko_filt_pat.fa:haplotype2_0000620_143362344_143769323_1	0.9729432344022244 1K
NA18873 HG00621#1#JAHBCD010000034.1_2122997_2624098_1$HG02809.verkko_filt_mat.fa:haplotype1_0000023_94161320_94589755_0	0.9729305506928937 1K
NA18873 HG03453#2#JAGYVV010000088.1_22597550_23005370_1$HG02004.verkko_filt_pat.fa:haplotype2_0000813_139386576_140076845_1	0.9729244349821339 1K
NA18873 HG03516#2#JAGYYS010000004.1_24452130_24859892_1$HG01358#1#JAGYZB010000020.1_27445742_27855492_1	0.9729218028710268 1K
NA18873 HG03486#1#JAHEOQ010000123.1_16677696_17085575_0$NA19240#2#JAHEOL010000010.1_37445323_37853017_0	0.9729196873273178 1K
NA18873 HG04228.verkko_filt_mat.fa:haplotype1_0000023_103429213_103930285_0$HG02809.verkko_filt_mat.fa:haplotype1_0000023_94161320_94589755_0	0.9729189607249629 1K
NA18873 HG02723#2#JAHEOT010000034.1_19776337_20321518_1$chr1_chm13_103304997_103901127_0	0.9729100563830910 1K
NA18873 HG02559#2#JAGYVJ010000037.1_52167780_52574597_1$HG02004.verkko_filt_mat.fa:haplotype1_0000022_97828542_98235483_0	0.9729086942965621 1K
NA18873 HG01123#2#JAGYYY010000006.1_51579630_51892388_0$NA18906#2#JAHEON010000009.1_93748295_94249275_0	0.9729074213228596 1K
NA18873 HG01358#1#JAGYZB010000020.1_27445742_27855492_1$HG03579#1#JAGYVU010000029.1_91404_499180_0	0.9728927499516740 1K
NA18873 HG02809.verkko_filt_mat.fa:haplotype1_0000023_94161320_94589755_0$HG02071.verkko_filt_pat.fa:haplotype2_0000736_102745972_103248026_0	0.9728897036582665 1K
NA18873 HG03492#1#JAHEPI010000180.1_2103395_2543326_1$NA18906#1#JAHEOO010000054.1_2103477_2510435_1	0.9728866321270857 1K
NA18873 HG02559#1#JAGYVK010000012.1_51505852_51913611_0$HG03710.verkko_filt_pat.fa:haplotype2_0000488_101614437_102218208_0	0.9728817665902455 1K
NA18873 AV_HG02257#haplotype2#0001152:102843493$103251377$HG02886#1#JAHAOU010000178.1_62411_469262_0	0.9728817662619398 1K
NA18873 HG01928#1#JAGYVQ010000053.1_16676493_17083407_0$HG03927.verkko_filt_mat.fa:haplotype1_0000009_134765170_135173010_1	0.9728681592204225 1K
NA18873 HG03453#1#JAGYVW010000157.1_2105722_2585000_1$HG03710.verkko_filt_pat.fa:haplotype2_0000488_101614437_102218208_0	0.9728642211216494 1K
NA18873 HG02300.verkko_filt_mat.fa:haplotype1_0000028_144052837_144460586_1$HG002.verkko_filt_mat.fa:haplotype1_0000005_138228497_138636354_1	0.9728632214871195 1K
NA18873 chr1_hg38_103456064_103863972_0$HG03927.verkko_filt_mat.fa:haplotype1_0000009_134765170_135173010_1	0.9728612482401953 1K
NA18873 chr1_hg19_103998686_104406594_0$HG03927.verkko_filt_mat.fa:haplotype1_0000009_134765170_135173010_1	0.9728612482401953 1K
NA18873 AV_HG01106#haplotype1#0000048:16666181$17262214$HG02145#1#JAHKSG010000134.1_2102465_2647653_1	0.9728584040178038 1K
NA18873 HG03516#2#JAGYYS010000004.1_24452130_24859892_1$HG03710.verkko_filt_pat.fa:haplotype2_0000488_101614437_102218208_0	0.9728558497278208 1K
NA18873 HG03486#1#JAHEOQ010000123.1_16677696_17085575_0$HG03927.verkko_filt_mat.fa:haplotype1_0000009_134765170_135173010_1	0.9728518318736380 1K
NA18873 HG02717#1#JAHAOS010000015.1_16660311_17067250_0$HG03492#1#JAHEPI010000180.1_2103395_2543326_1	0.9728511474940356 1K
NA18873 HG01071#1#JAHBCF010000053.1_26607100_27108065_1$HG00438#2#JAHBCA010000012.1_51513023_51826723_0	0.9728471697641927 1K
NA18873 HG02622#1#JAHAOO010000002.1_16673678_17080663_0$HG02486#2#JAGYVL010000029.1_94163344_94570162_0	0.9728469901572550 1K
NA18873 HG02080#1#JAHEOW010000048.1_16689583_17097287_0$HG02004.verkko_filt_mat.fa:haplotype1_0000022_97828542_98235483_0	0.9728465550951897 1K
NA18873 HG02145#2#JAHKSF010000206.1_1005292_1413195_1$HG02886#1#JAHAOU010000178.1_62411_469262_0	0.9728447219566156 1K
NA18873 HG01258#2#JAGYYU010000072.1_51562603_51970395_0$HG02717#2#JAHAOR010000006.1_19663827_20070693_1	0.9728394522169433 1K
NA18873 HG03453#2#JAGYVV010000088.1_22597550_23005370_1$HG03927.verkko_filt_mat.fa:haplotype1_0000009_134765170_135173010_1	0.9728391804819568 1K
NA18873 AV_HG02148#haplotype2#0002863:16304803$16712699$HG02004.verkko_filt_pat.fa:haplotype2_0000813_139386576_140076845_1	0.9728310447891639 1K
NA18873 HG02630#1#JAHAOQ010000102.1_16672145_17079089_0$HG02809.verkko_filt_pat.fa:haplotype2_0001251_103421111_103827972_0	0.9728266903536917 1K
NA18873 HG02723#1#JAHEOU010000204.1_2102082_2414876_1$NA18906#2#JAHEON010000009.1_93748295_94249275_0	0.9728261771998105 1K
NA18873 HG02080#1#JAHEOW010000048.1_16689583_17097287_0$HG01978#2#JAGYVR010000007.1_51532241_51939176_0	0.9728232360028047 1K
NA18873 HG02004.verkko_filt_pat.fa:haplotype2_0000813_139386576_140076845_1$HG02071.verkko_filt_mat.fa:haplotype1_0000041_103610513_104018399_0	0.9728197818469161 1K
NA18873 AV_HG01175#haplotype1#0000070:46006269$46414083$AV_HG01361#haplotype1#0000023:101593539$102001341	0.9728164215902041 1K
NA18873 HG02622#1#JAHAOO010000002.1_16673678_17080663_0$HG02809.verkko_filt_pat.fa:haplotype2_0001251_103421111_103827972_0	0.9728163721298400 1K
NA18873 HG03453#1#JAGYVW010000157.1_2105722_2585000_1$HG03492#2#JAHEPH010000288.1_2098270_2432686_1	0.9728147551591504 1K
NA18873 HG03453#1#JAGYVW010000157.1_2105722_2585000_1$HG01243#1#JAHEOY010000013.1_90081_424495_0	0.9728128924585625 1K
NA18873 HG01928#1#JAGYVQ010000053.1_16676493_17083407_0$HG02300.verkko_filt_mat.fa:haplotype1_0000028_144052837_144460586_1	0.9728122856083783 1K
NA18873 NA19240#2#JAHEOL010000010.1_37445323_37853017_0$HG02004.verkko_filt_mat.fa:haplotype1_0000022_97828542_98235483_0	0.9728071939470323 1K
NA18873 HG02080#1#JAHEOW010000048.1_16689583_17097287_0$HG01928#1#JAGYVQ010000053.1_16676493_17083407_0	0.9728062324467711 1K
NA18873 HG02080#1#JAHEOW010000048.1_16689583_17097287_0$HG02071.verkko_filt_mat.fa:haplotype1_0000041_103610513_104018399_0	0.9727975440336312 1K
NA18873 HG02071.verkko_filt_mat.fa:haplotype1_0000041_103610513_104018399_0$HG03927.verkko_filt_mat.fa:haplotype1_0000009_134765170_135173010_1	0.9727936330130766 1K
NA18873 HG01978#2#JAGYVR010000007.1_51532241_51939176_0$NA19240#2#JAHEOL010000010.1_37445323_37853017_0	0.9727914546722123 1K
NA18873 HG005#1#JAHEPO010000002.1_51519219_51926067_0$HG02145#2#JAHKSF010000206.1_1005292_1413195_1	0.9727898404645965 1K
NA18873 HG02145#2#JAHKSF010000206.1_1005292_1413195_1$HG01123#1#JAGYYZ010000015.1_51528240_51935090_0	0.9727883797422251 1K
NA18873 HG02071.verkko_filt_mat.fa:haplotype1_0000041_103610513_104018399_0$HG02300.verkko_filt_mat.fa:haplotype1_0000028_144052837_144460586_1	0.9727874476032545 1K
NA18873 HG03098#1#JAHEPM010000059.1_16676208_17105596_0$HG02071.verkko_filt_pat.fa:haplotype2_0000736_102745972_103248026_0	0.9727838365952902 1K
NA18873 HG005#1#JAHEPO010000002.1_51519219_51926067_0$HG01258#2#JAGYYU010000072.1_51562603_51970395_0	0.9727799355635841 1K
NA18873 HG03486#1#JAHEOQ010000123.1_16677696_17085575_0$HG01099.verkko_filt_mat.fa:haplotype1_0000034_142513097_142920876_1	0.9727757932615481 1K
NA18873 HG03579#1#JAGYVU010000029.1_91404_499180_0$HG03710.verkko_filt_pat.fa:haplotype2_0000488_101614437_102218208_0	0.9727747193306295 1K
NA18873 AV_HG02257#haplotype2#0001152:102843493$103251377$HG03492#1#JAHEPI010000180.1_2103395_2543326_1	0.9727730059254748 1K
NA18873 HG01258#1#JAGYYV010000004.1_56955948_57456952_1$HG01891#1#JAGYVO010000014.1_22855818_23168577_1	0.9727683962251460 1K
NA18873 AV_HG02148#haplotype2#0002863:16304803$16712699$HG02080#1#JAHEOW010000048.1_16689583_17097287_0	0.9727677816065626 1K
NA18873 HG02109#1#JAHEPG010000026.1_16673035_17080816_0$HG03710.verkko_filt_pat.fa:haplotype2_0000488_101614437_102218208_0	0.9727677378718756 1K
NA18873 HG01109#1#JAHEPA010000099.1_2104245_2511104_1$HG03486#1#JAHEOQ010000123.1_16677696_17085575_0	0.9727662667768049 1K
NA18873 HG00741#2#JAHALX010000013.1_51574319_51981226_0$HG02300.verkko_filt_pat.fa:haplotype2_0000620_143362344_143769323_1	0.9727649192837549 1K
NA18873 HG00741#1#JAHALY010000007.1_18781197_19307680_1$HG02004.verkko_filt_pat.fa:haplotype2_0000813_139386576_140076845_1	0.9727628783613455 1K
NA18873 HG02145#2#JAHKSF010000206.1_1005292_1413195_1$HG03492#1#JAHEPI010000180.1_2103395_2543326_1	0.9727625604148616 1K
NA18873 AV_HG02257#haplotype2#0001152:102843493$103251377$HG01123#1#JAGYYZ010000015.1_51528240_51935090_0	0.9727608979032046 1K
NA18873 NA19240#1#JAHEOM010000047.1_30103390_30511199_1$HG03710.verkko_filt_pat.fa:haplotype2_0000488_101614437_102218208_0	0.9727598533994097 1K
NA18873 HG01928#1#JAGYVQ010000053.1_16676493_17083407_0$NA19240#2#JAHEOL010000010.1_37445323_37853017_0	0.9727588670054725 1K
NA18873 AV_HG02257#haplotype2#0001152:102843493$103251377$HG02717#2#JAHAOR010000006.1_19663827_20070693_1	0.9727578752666920 1K
NA18873 NA19240#1#JAHEOM010000047.1_30103390_30511199_1$HG01358#1#JAGYZB010000020.1_27445742_27855492_1	0.9727578090424385 1K
NA18873 HG01978#2#JAGYVR010000007.1_51532241_51939176_0$HG02300.verkko_filt_mat.fa:haplotype1_0000028_144052837_144460586_1	0.9727565719408409 1K
NA18873 HG02004.verkko_filt_mat.fa:haplotype1_0000022_97828542_98235483_0$HG02300.verkko_filt_mat.fa:haplotype1_0000028_144052837_144460586_1	0.9727557391955748 1K
NA18873 HG02818#1#JAHEOS010000101.1_89626_496613_0$HG02809.verkko_filt_pat.fa:haplotype2_0001251_103421111_103827972_0	0.9727551102597394 1K
NA18873 HG005#2#JAHEPN010000023.1_51542210_51950070_0$HG03927.verkko_filt_mat.fa:haplotype1_0000009_134765170_135173010_1	0.9727541625939496 1K
NA18873 HG02818#2#JAHEOR010000010.1_31775319_32183091_1$HG03710.verkko_filt_pat.fa:haplotype2_0000488_101614437_102218208_0	0.9727501795498108 1K
NA18873 HG01928#1#JAGYVQ010000053.1_16676493_17083407_0$HG01099.verkko_filt_mat.fa:haplotype1_0000034_142513097_142920876_1	0.9727439004962486 1K
NA18873 AV_HG00673#haplotype2#0001165:24014011$24421797$HG02559#2#JAGYVJ010000037.1_52167780_52574597_1	0.9727382037266844 1K
NA18873 HG02145#2#JAHKSF010000206.1_1005292_1413195_1$HG02717#2#JAHAOR010000006.1_19663827_20070693_1	0.9727370933031610 1K
NA18873 AV_HG01361#haplotype1#0000023:101593539$102001341$HG02004.verkko_filt_mat.fa:haplotype1_0000022_97828542_98235483_0	0.9727341582208175 1K
NA18873 AV_HG01361#haplotype2#0001322:101872897$102186552$HG02004.verkko_filt_pat.fa:haplotype2_0000813_139386576_140076845_1	0.9727337195081663 1K
NA18873 HG01258#1#JAGYYV010000004.1_56955948_57456952_1$HG02109#2#JAHEPF010000078.1_16678387_16991144_0	0.9727328347361061 1K
NA18873 HG03516#1#JAGYYT010000012.1_24170958_24578778_1$HG002.verkko_filt_mat.fa:haplotype1_0000005_138228497_138636354_1	0.9727298852408796 1K
NA18873 AV_HG01361#haplotype1#0000023:101593539$102001341$HG002.verkko_filt_mat.fa:haplotype1_0000005_138228497_138636354_1	0.9727284100775069 1K
NA18873 HG00621#2#JAHBCC010000031.1_16669999_17077865_0$HG02004.verkko_filt_pat.fa:haplotype2_0000813_139386576_140076845_1	0.9727228475491848 1K
NA18873 AV_HG02257#haplotype2#0001152:102843493$103251377$HG005#1#JAHEPO010000002.1_51519219_51926067_0	0.9727221514626829 1K
NA18873 AV_HG01175#haplotype1#0000070:46006269$46414083$HG01099.verkko_filt_mat.fa:haplotype1_0000034_142513097_142920876_1	0.9727211687141674 1K
NA18873 HG01071#1#JAHBCF010000053.1_26607100_27108065_1$HG02004.verkko_filt_pat.fa:haplotype2_0000813_139386576_140076845_1	0.9727194851729828 1K
NA18873 AV_HG01175#haplotype1#0000070:46006269$46414083$HG02080#1#JAHEOW010000048.1_16689583_17097287_0	0.9727189256223839 1K
NA18873 AV_HG01175#haplotype1#0000070:46006269$46414083$HG01109#1#JAHEPA010000099.1_2104245_2511104_1	0.9727188116039149 1K
NA18873 HG02080#1#JAHEOW010000048.1_16689583_17097287_0$HG00621#2#JAHBCC010000031.1_16669999_17077865_0	0.9727180355486590 1K
NA18873 HG02559#2#JAGYVJ010000037.1_52167780_52574597_1$HG01123#1#JAGYYZ010000015.1_51528240_51935090_0	0.9727179313478470 1K
NA18873 NA19240#2#JAHEOL010000010.1_37445323_37853017_0$HG02071.verkko_filt_mat.fa:haplotype1_0000041_103610513_104018399_0	0.9727173355939900 1K
NA18873 AV_HG02148#haplotype2#0002863:16304803$16712699$HG02300.verkko_filt_mat.fa:haplotype1_0000028_144052837_144460586_1	0.9727173205683416 1K
NA18873 AV_HG01175#haplotype1#0000070:46006269$46414083$HG03516#1#JAGYYT010000012.1_24170958_24578778_1	0.9727134572499849 1K
NA18873 AV_HG02148#haplotype2#0002863:16304803$16712699$NA19240#2#JAHEOL010000010.1_37445323_37853017_0	0.9727122983949057 1K
NA18873 HG02080#1#JAHEOW010000048.1_16689583_17097287_0$HG03453#2#JAGYVV010000088.1_22597550_23005370_1	0.9727113120444671 1K
NA18873 HG02004.verkko_filt_pat.fa:haplotype2_0000813_139386576_140076845_1$HG002.verkko_filt_mat.fa:haplotype1_0000005_138228497_138636354_1	0.9727074571978844 1K
NA18873 HG01071#1#JAHBCF010000053.1_26607100_27108065_1$HG00733#1#JAHEPQ010000019.1_46106835_46420495_0	0.9727027191275713 1K
NA18873 HG00621#2#JAHBCC010000031.1_16669999_17077865_0$NA19240#2#JAHEOL010000010.1_37445323_37853017_0	0.9727026725844170 1K
NA18873 AV_HG01361#haplotype1#0000023:101593539$102001341$HG01978#2#JAGYVR010000007.1_51532241_51939176_0	0.9727026008998911 1K
NA18873 HG02886#1#JAHAOU010000178.1_62411_469262_0$HG02622#1#JAHAOO010000002.1_16673678_17080663_0	0.9726992544545988 1K
NA18873 HG02486#2#JAGYVL010000029.1_94163344_94570162_0$HG02818#1#JAHEOS010000101.1_89626_496613_0	0.9726980356816798 1K
NA18873 HG005#2#JAHEPN010000023.1_51542210_51950070_0$HG02300.verkko_filt_mat.fa:haplotype1_0000028_144052837_144460586_1	0.9726976288871838 1K
NA18873 AV_HG01175#haplotype1#0000070:46006269$46414083$NA19240#2#JAHEOL010000010.1_37445323_37853017_0	0.9726955746359541 1K
NA18873 AV_HG01361#haplotype1#0000023:101593539$102001341$HG01928#1#JAGYVQ010000053.1_16676493_17083407_0	0.9726938486796172 1K
NA18873 HG02559#2#JAGYVJ010000037.1_52167780_52574597_1$HG02717#2#JAHAOR010000006.1_19663827_20070693_1	0.9726911120549550 1K
NA18873 HG01258#1#JAGYYV010000004.1_56955948_57456952_1$HG00733#1#JAHEPQ010000019.1_46106835_46420495_0	0.9726904014793987 1K
NA18873 AV_HG02148#haplotype2#0002863:16304803$16712699$HG03927.verkko_filt_mat.fa:haplotype1_0000009_134765170_135173010_1	0.9726850266091878 1K
NA18873 HG02080#1#JAHEOW010000048.1_16689583_17097287_0$HG005#2#JAHEPN010000023.1_51542210_51950070_0	0.9726835122106825 1K
NA18873 HG01099.verkko_filt_mat.fa:haplotype1_0000034_142513097_142920876_1$HG002.verkko_filt_mat.fa:haplotype1_0000005_138228497_138636354_1	0.9726816131281515 1K
NA18873 HG01123#1#JAGYYZ010000015.1_51528240_51935090_0$HG01258#2#JAGYYU010000072.1_51562603_51970395_0	0.9726739666532463 1K
NA18873 HG02145#1#JAHKSG010000134.1_2102465_2647653_1$chr1_chm13_103304997_103901127_0	0.9726731343410687 1K
NA18873 AV_HG01361#haplotype1#0000023:101593539$102001341$HG03710.verkko_filt_pat.fa:haplotype2_0000488_101614437_102218208_0	0.9726728231443460 1K
NA18873 HG02080#1#JAHEOW010000048.1_16689583_17097287_0$HG02300.verkko_filt_pat.fa:haplotype2_0000620_143362344_143769323_1	0.9726715343672966 1K
NA18873 AV_HG01361#haplotype1#0000023:101593539$102001341$HG03486#1#JAHEOQ010000123.1_16677696_17085575_0	0.9726692649957940 1K
NA18873 HG005#2#JAHEPN010000023.1_51542210_51950070_0$NA19240#2#JAHEOL010000010.1_37445323_37853017_0	0.9726605632109925 1K
NA18873 AV_HG01175#haplotype1#0000070:46006269$46414083$HG02300.verkko_filt_mat.fa:haplotype1_0000028_144052837_144460586_1	0.9726603772379810 1K
NA18873 NA19240#2#JAHEOL010000010.1_37445323_37853017_0$HG03710.verkko_filt_pat.fa:haplotype2_0000488_101614437_102218208_0	0.9726598346674744 1K
NA18873 HG00621#2#JAHBCC010000031.1_16669999_17077865_0$HG02300.verkko_filt_mat.fa:haplotype1_0000028_144052837_144460586_1	0.9726514024023551 1K
NA18873 HG00621#2#JAHBCC010000031.1_16669999_17077865_0$HG03927.verkko_filt_mat.fa:haplotype1_0000009_134765170_135173010_1	0.9726507922540683 1K
NA18873 NA18906#2#JAHEON010000009.1_93748295_94249275_0$HG01891#1#JAGYVO010000014.1_22855818_23168577_1	0.9726505235404715 1K
NA18873 NA18906#1#JAHEOO010000054.1_2103477_2510435_1$HG02809.verkko_filt_pat.fa:haplotype2_0001251_103421111_103827972_0	0.9726483765304121 1K
NA18873 NA19240#2#JAHEOL010000010.1_37445323_37853017_0$HG02300.verkko_filt_pat.fa:haplotype2_0000620_143362344_143769323_1	0.9726474584713845 1K
NA18873 HG02004.verkko_filt_pat.fa:haplotype2_0000813_139386576_140076845_1$HG02300.verkko_filt_pat.fa:haplotype2_0000620_143362344_143769323_1	0.9726447531500299 1K
NA18873 HG00438#2#JAHBCA010000012.1_51513023_51826723_0$HG01258#1#JAGYYV010000004.1_56955948_57456952_1	0.9726407533559626 1K
NA18873 HG01109#1#JAHEPA010000099.1_2104245_2511104_1$HG02559#2#JAGYVJ010000037.1_52167780_52574597_1	0.9726406534451600 1K
NA18873 HG03453#2#JAGYVV010000088.1_22597550_23005370_1$HG02300.verkko_filt_mat.fa:haplotype1_0000028_144052837_144460586_1	0.9726367310870407 1K
NA18873 HG03710.verkko_filt_pat.fa:haplotype2_0000488_101614437_102218208_0$HG03927.verkko_filt_mat.fa:haplotype1_0000009_134765170_135173010_1	0.9726337425160391 1K
NA18873 HG02080#1#JAHEOW010000048.1_16689583_17097287_0$HG03710.verkko_filt_pat.fa:haplotype2_0000488_101614437_102218208_0	0.9726252068991452 1K
NA18873 AV_HG01106#haplotype2#0000932:16673968$17175925$HG01891#1#JAGYVO010000014.1_22855818_23168577_1	0.9726240051415882 1K
NA18873 HG02717#1#JAHAOS010000015.1_16660311_17067250_0$HG02809.verkko_filt_pat.fa:haplotype2_0001251_103421111_103827972_0	0.9726229218722002 1K
NA18873 HG02071.verkko_filt_mat.fa:haplotype1_0000041_103610513_104018399_0$HG01099.verkko_filt_mat.fa:haplotype1_0000034_142513097_142920876_1	0.9726220202451225 1K
NA18873 HG04228.verkko_filt_pat.fa:haplotype2_0000600_103806749_104119491_0$HG03927.verkko_filt_pat.fa:haplotype2_0000800_29002142_29504057_1	0.9726204575694650 1K
NA18873 AV_HG01106#haplotype2#0000932:16673968$17175925$HG02109#2#JAHEPF010000078.1_16678387_16991144_0	0.9726123609196879 1K
NA18873 HG03492#1#JAHEPI010000180.1_2103395_2543326_1$HG02818#1#JAHEOS010000101.1_89626_496613_0	0.9726086413977064 1K
NA18873 HG03453#2#JAGYVV010000088.1_22597550_23005370_1$NA19240#2#JAHEOL010000010.1_37445323_37853017_0	0.9726082878310043 1K
NA18873 HG03710.verkko_filt_mat.fa:haplotype1_0000029_102593394_102907063_0$HG03927.verkko_filt_pat.fa:haplotype2_0000800_29002142_29504057_1	0.9726018213753390 1K
NA18873 AV_HG02257#haplotype2#0001152:102843493$103251377$HG00741#2#JAHALX010000013.1_51574319_51981226_0	0.9726011112230446 1K
NA18873 HG03516#1#JAGYYT010000012.1_24170958_24578778_1$HG03710.verkko_filt_pat.fa:haplotype2_0000488_101614437_102218208_0	0.9725999097657754 1K
NA18873 HG01978#2#JAGYVR010000007.1_51532241_51939176_0$HG03516#1#JAGYYT010000012.1_24170958_24578778_1	0.9725997367754688 1K
NA18873 HG03710.verkko_filt_pat.fa:haplotype2_0000488_101614437_102218208_0$HG02300.verkko_filt_mat.fa:haplotype1_0000028_144052837_144460586_1	0.9725953447250408 1K
NA18873 HG03710.verkko_filt_pat.fa:haplotype2_0000488_101614437_102218208_0$HG01099.verkko_filt_mat.fa:haplotype1_0000034_142513097_142920876_1	0.9725943803147002 1K
NA18873 chr1_hg38_103456064_103863972_0$NA19240#2#JAHEOL010000010.1_37445323_37853017_0	0.9725919054835753 1K
NA18873 chr1_hg19_103998686_104406594_0$NA19240#2#JAHEOL010000010.1_37445323_37853017_0	0.9725919054835753 1K
NA18873 HG02080#1#JAHEOW010000048.1_16689583_17097287_0$chr1_hg38_103456064_103863972_0	0.9725912732347913 1K
NA18873 HG02080#1#JAHEOW010000048.1_16689583_17097287_0$chr1_hg19_103998686_104406594_0	0.9725912732347913 1K
NA18873 HG02300.verkko_filt_mat.fa:haplotype1_0000028_144052837_144460586_1$HG02300.verkko_filt_pat.fa:haplotype2_0000620_143362344_143769323_1	0.9725886373810188 1K
NA18873 HG02145#2#JAHKSF010000206.1_1005292_1413195_1$HG00741#2#JAHALX010000013.1_51574319_51981226_0	0.9725884133687195 1K
NA18873 AV_HG00673#haplotype2#0001165:24014011$24421797$HG03710.verkko_filt_pat.fa:haplotype2_0000488_101614437_102218208_0	0.9725880926793209 1K
NA18873 AV_HG01361#haplotype1#0000023:101593539$102001341$HG02071.verkko_filt_mat.fa:haplotype1_0000041_103610513_104018399_0	0.9725880490971145 1K
NA18873 HG02630#1#JAHAOQ010000102.1_16672145_17079089_0$HG02486#2#JAGYVL010000029.1_94163344_94570162_0	0.9725843645652338 1K
NA18873 HG01978#2#JAGYVR010000007.1_51532241_51939176_0$HG01099.verkko_filt_mat.fa:haplotype1_0000034_142513097_142920876_1	0.9725831139737861 1K
NA18873 AV_HG01361#haplotype1#0000023:101593539$102001341$HG03453#2#JAGYVV010000088.1_22597550_23005370_1	0.9725830151688035 1K
NA18873 HG02004.verkko_filt_mat.fa:haplotype1_0000022_97828542_98235483_0$HG01099.verkko_filt_mat.fa:haplotype1_0000034_142513097_142920876_1	0.9725824885862830 1K
NA18873 HG01109#1#JAHEPA010000099.1_2104245_2511104_1$HG02071.verkko_filt_mat.fa:haplotype1_0000041_103610513_104018399_0	0.9725793322970403 1K
NA18873 HG02630#1#JAHAOQ010000102.1_16672145_17079089_0$HG005#1#JAHEPO010000002.1_51519219_51926067_0	0.9725736168088939 1K
NA18873 AV_HG01361#haplotype1#0000023:101593539$102001341$HG005#2#JAHEPN010000023.1_51542210_51950070_0	0.9725711972928912 1K
NA18873 HG03486#1#JAHEOQ010000123.1_16677696_17085575_0$HG03516#1#JAGYYT010000012.1_24170958_24578778_1	0.9725679740803623 1K
NA18873 HG01258#1#JAGYYV010000004.1_56955948_57456952_1$HG02004.verkko_filt_pat.fa:haplotype2_0000813_139386576_140076845_1	0.9725663589221824 1K
NA18873 chr1_hg38_103456064_103863972_0$HG02300.verkko_filt_mat.fa:haplotype1_0000028_144052837_144460586_1	0.9725650141070836 1K
NA18873 chr1_hg19_103998686_104406594_0$HG02300.verkko_filt_mat.fa:haplotype1_0000028_144052837_144460586_1	0.9725650141070836 1K
NA18873 HG02630#1#JAHAOQ010000102.1_16672145_17079089_0$HG01123#1#JAGYYZ010000015.1_51528240_51935090_0	0.9725561503452483 1K
NA18873 HG01109#1#JAHEPA010000099.1_2104245_2511104_1$chr1_hg38_103456064_103863972_0	0.9725503100901275 1K
NA18873 HG01109#1#JAHEPA010000099.1_2104245_2511104_1$chr1_hg19_103998686_104406594_0	0.9725503100901275 1K
NA18873 HG02886#1#JAHAOU010000178.1_62411_469262_0$HG02818#1#JAHEOS010000101.1_89626_496613_0	0.9725497272532452 1K
NA18873 HG02004.verkko_filt_pat.fa:haplotype2_0000813_139386576_140076845_1$HG002.verkko_filt_pat.fa:haplotype2_0000649_147937390_148315979_1	0.9725493829696900 1K
NA18873 HG01071#1#JAHBCF010000053.1_26607100_27108065_1$HG02293.verkko_filt_mat.fa:haplotype1_0000039_30204405_30517145_1	0.9725470178035004 1K
NA18873 HG02145#2#JAHKSF010000206.1_1005292_1413195_1$HG02630#2#JAHAOP010000089.1_16669255_17076135_0	0.9725438658105019 1K
NA18873 HG00621#2#JAHBCC010000031.1_16669999_17077865_0$HG01109#1#JAHEPA010000099.1_2104245_2511104_1	0.9725411036497198 1K
NA18873 HG03516#1#JAGYYT010000012.1_24170958_24578778_1$HG02004.verkko_filt_mat.fa:haplotype1_0000022_97828542_98235483_0	0.9725361468204146 1K
NA18873 AV_HG02148#haplotype2#0002863:16304803$16712699$HG01099.verkko_filt_mat.fa:haplotype1_0000034_142513097_142920876_1	0.9725359636858768 1K
NA18873 HG02723#1#JAHEOU010000204.1_2102082_2414876_1$HG02004.verkko_filt_pat.fa:haplotype2_0000813_139386576_140076845_1	0.9725352823459230 1K
NA18873 HG01109#1#JAHEPA010000099.1_2104245_2511104_1$HG02145#2#JAHKSF010000206.1_1005292_1413195_1	0.9725330109425959 1K
NA18873 HG01109#1#JAHEPA010000099.1_2104245_2511104_1$HG02717#2#JAHAOR010000006.1_19663827_20070693_1	0.9725316350464038 1K
NA18873 HG03927.verkko_filt_mat.fa:haplotype1_0000009_134765170_135173010_1$HG02300.verkko_filt_pat.fa:haplotype2_0000620_143362344_143769323_1	0.9725299123844728 1K
NA18873 HG01928#1#JAGYVQ010000053.1_16676493_17083407_0$HG03516#1#JAGYYT010000012.1_24170958_24578778_1	0.9725280901161109 1K
NA18873 HG005#1#JAHEPO010000002.1_51519219_51926067_0$HG02559#2#JAGYVJ010000037.1_52167780_52574597_1	0.9725191419948731 1K
NA18873 HG01123#1#JAGYYZ010000015.1_51528240_51935090_0$HG02622#1#JAHAOO010000002.1_16673678_17080663_0	0.9725179393788773 1K
NA18873 HG02559#2#JAGYVJ010000037.1_52167780_52574597_1$HG03492#1#JAHEPI010000180.1_2103395_2543326_1	0.9725143847138769 1K
NA18873 HG01109#1#JAHEPA010000099.1_2104245_2511104_1$HG01123#1#JAGYYZ010000015.1_51528240_51935090_0	0.9725098973620084 1K
NA18873 HG02717#1#JAHAOS010000015.1_16660311_17067250_0$HG02486#2#JAGYVL010000029.1_94163344_94570162_0	0.9725098746176151 1K
NA18873 HG005#2#JAHEPN010000023.1_51542210_51950070_0$HG01099.verkko_filt_mat.fa:haplotype1_0000034_142513097_142920876_1	0.9725082793857267 1K
NA18873 HG02630#1#JAHAOQ010000102.1_16672145_17079089_0$HG00741#2#JAHALX010000013.1_51574319_51981226_0	0.9725082094852927 1K
NA18873 NA18906#1#JAHEOO010000054.1_2103477_2510435_1$HG02486#2#JAGYVL010000029.1_94163344_94570162_0	0.9725030745851203 1K
NA18873 HG03492#1#JAHEPI010000180.1_2103395_2543326_1$HG01258#2#JAGYYU010000072.1_51562603_51970395_0	0.9725009427283023 1K
NA18873 AV_HG01106#haplotype2#0000932:16673968$17175925$HG02647.verkko_filt_pat.fa:haplotype2_0000857_103738150_104051769_0	0.9724999635096034 1K
NA18873 chr1_hg38_103456064_103863972_0$HG03516#1#JAGYYT010000012.1_24170958_24578778_1	0.9724968072623292 1K
NA18873 chr1_hg19_103998686_104406594_0$HG03516#1#JAGYYT010000012.1_24170958_24578778_1	0.9724968072623292 1K
NA18873 chr1_hg38_103456064_103863972_0$HG02004.verkko_filt_pat.fa:haplotype2_0000813_139386576_140076845_1	0.9724897573055235 1K
NA18873 chr1_hg19_103998686_104406594_0$HG02004.verkko_filt_pat.fa:haplotype2_0000813_139386576_140076845_1	0.9724897573055235 1K
NA18873 HG01109#1#JAHEPA010000099.1_2104245_2511104_1$HG005#1#JAHEPO010000002.1_51519219_51926067_0	0.9724881604033296 1K
NA18873 HG02559#2#JAGYVJ010000037.1_52167780_52574597_1$HG00741#2#JAHALX010000013.1_51574319_51981226_0	0.9724875978128859 1K
NA18873 HG01258#2#JAGYYU010000072.1_51562603_51970395_0$HG00741#2#JAHALX010000013.1_51574319_51981226_0	0.9724861649507097 1K
NA18873 HG02622#1#JAHAOO010000002.1_16673678_17080663_0$HG02717#2#JAHAOR010000006.1_19663827_20070693_1	0.9724833501359721 1K
NA18873 AV_HG01361#haplotype1#0000023:101593539$102001341$chr1_hg38_103456064_103863972_0	0.9724787403527958 1K
NA18873 AV_HG01361#haplotype1#0000023:101593539$102001341$chr1_hg19_103998686_104406594_0	0.9724787403527958 1K
NA18873 HG01123#1#JAGYYZ010000015.1_51528240_51935090_0$HG02818#1#JAHEOS010000101.1_89626_496613_0	0.9724785211795185 1K
NA18873 HG00438#2#JAHBCA010000012.1_51513023_51826723_0$HG03927.verkko_filt_pat.fa:haplotype2_0000800_29002142_29504057_1	0.9724765816757072 1K
NA18873 AV_HG01106#haplotype2#0000932:16673968$17175925$HG03579#2#JAGYVT010000094.1_51581892_51895531_0	0.9724703819867945 1K
NA18873 HG02717#1#JAHAOS010000015.1_16660311_17067250_0$HG02886#1#JAHAOU010000178.1_62411_469262_0	0.9724661519112281 1K
NA18873 AV_HG01361#haplotype1#0000023:101593539$102001341$AV_HG02148#haplotype2#0002863:16304803$16712699	0.9724617555674857 1K
NA18873 HG03486#1#JAHEOQ010000123.1_16677696_17085575_0$HG02004.verkko_filt_pat.fa:haplotype2_0000813_139386576_140076845_1	0.9724613595590693 1K
NA18873 HG02630#1#JAHAOQ010000102.1_16672145_17079089_0$HG02717#2#JAHAOR010000006.1_19663827_20070693_1	0.9724563650701520 1K
NA18873 HG005#1#JAHEPO010000002.1_51519219_51926067_0$HG02818#1#JAHEOS010000101.1_89626_496613_0	0.9724560323626443 1K
NA18873 HG03453#2#JAGYVV010000088.1_22597550_23005370_1$HG01099.verkko_filt_mat.fa:haplotype1_0000034_142513097_142920876_1	0.9724476129265153 1K
NA18873 HG03516#1#JAGYYT010000012.1_24170958_24578778_1$HG02071.verkko_filt_mat.fa:haplotype1_0000041_103610513_104018399_0	0.9724453644388938 1K
NA18873 HG01109#1#JAHEPA010000099.1_2104245_2511104_1$HG005#2#JAHEPN010000023.1_51542210_51950070_0	0.9724441924221999 1K
NA18873 HG005#1#JAHEPO010000002.1_51519219_51926067_0$HG02622#1#JAHAOO010000002.1_16673678_17080663_0	0.9724397501478703 1K
NA18873 HG02717#1#JAHAOS010000015.1_16660311_17067250_0$HG02717#2#JAHAOR010000006.1_19663827_20070693_1	0.9724380897806592 1K
NA18873 HG02630#1#JAHAOQ010000102.1_16672145_17079089_0$HG02886#1#JAHAOU010000178.1_62411_469262_0	0.9724356172448226 1K
NA18873 HG02559#2#JAGYVJ010000037.1_52167780_52574597_1$HG02145#2#JAHKSF010000206.1_1005292_1413195_1	0.9724334078784115 1K
NA18873 HG02818#1#JAHEOS010000101.1_89626_496613_0$HG02717#2#JAHAOR010000006.1_19663827_20070693_1	0.9724274618387841 1K
NA18873 HG005#1#JAHEPO010000002.1_51519219_51926067_0$NA18906#1#JAHEOO010000054.1_2103477_2510435_1	0.9724274146700821 1K
NA18873 HG04228.verkko_filt_pat.fa:haplotype2_0000600_103806749_104119491_0$HG02004.verkko_filt_pat.fa:haplotype2_0000813_139386576_140076845_1	0.9724227178009307 1K
NA18873 HG03516#1#JAGYYT010000012.1_24170958_24578778_1$HG005#2#JAHEPN010000023.1_51542210_51950070_0	0.9724221535847448 1K
NA18873 NA18906#1#JAHEOO010000054.1_2103477_2510435_1$HG00741#2#JAHALX010000013.1_51574319_51981226_0	0.9724182359211638 1K
NA18873 HG00621#2#JAHBCC010000031.1_16669999_17077865_0$HG01099.verkko_filt_mat.fa:haplotype1_0000034_142513097_142920876_1	0.9724134776027737 1K
NA18873 HG00438#1#JAHBCB010000015.1_33474867_33954171_0$HG002.verkko_filt_pat.fa:haplotype2_0000649_147937390_148315979_1	0.9724134667852098 1K
NA18873 HG01123#1#JAGYYZ010000015.1_51528240_51935090_0$NA18906#1#JAHEOO010000054.1_2103477_2510435_1	0.9724019017161230 1K
NA18873 chr1_hg38_103456064_103863972_0$HG01099.verkko_filt_mat.fa:haplotype1_0000034_142513097_142920876_1	0.9723915531363677 1K
NA18873 chr1_hg19_103998686_104406594_0$HG01099.verkko_filt_mat.fa:haplotype1_0000034_142513097_142920876_1	0.9723915531363677 1K
NA18873 HG02630#1#JAHAOQ010000102.1_16672145_17079089_0$HG02630#2#JAHAOP010000089.1_16669255_17076135_0	0.9723909173606190 1K
NA18873 HG01258#1#JAGYYV010000004.1_56955948_57456952_1$HG02293.verkko_filt_mat.fa:haplotype1_0000039_30204405_30517145_1	0.9723808442483028 1K
NA18873 AV_HG02148#haplotype2#0002863:16304803$16712699$HG03516#1#JAGYYT010000012.1_24170958_24578778_1	0.9723690418232599 1K
NA18873 HG03710.verkko_filt_pat.fa:haplotype2_0000488_101614437_102218208_0$HG002.verkko_filt_mat.fa:haplotype1_0000005_138228497_138636354_1	0.9723679484497637 1K
NA18873 AV_HG02148#haplotype2#0002863:16304803$16712699$HG01109#1#JAHEPA010000099.1_2104245_2511104_1	0.9723670050941360 1K
NA18873 HG01099.verkko_filt_mat.fa:haplotype1_0000034_142513097_142920876_1$HG02300.verkko_filt_pat.fa:haplotype2_0000620_143362344_143769323_1	0.9723665232195013 1K
NA18873 HG03453#2#JAGYVV010000088.1_22597550_23005370_1$HG03516#1#JAGYYT010000012.1_24170958_24578778_1	0.9723629693561450 1K
NA18873 HG03516#1#JAGYYT010000012.1_24170958_24578778_1$HG02300.verkko_filt_mat.fa:haplotype1_0000028_144052837_144460586_1	0.9723597861334516 1K
NA18873 HG01123#1#JAGYYZ010000015.1_51528240_51935090_0$HG03492#1#JAHEPI010000180.1_2103395_2543326_1	0.9723596892519039 1K
NA18873 HG02886#1#JAHAOU010000178.1_62411_469262_0$NA18906#1#JAHEOO010000054.1_2103477_2510435_1	0.9723542101470685 1K
NA18873 HG01109#1#JAHEPA010000099.1_2104245_2511104_1$HG03453#2#JAGYVV010000088.1_22597550_23005370_1	0.9723533796062267 1K
NA18873 HG005#2#JAHEPN010000023.1_51542210_51950070_0$HG02004.verkko_filt_pat.fa:haplotype2_0000813_139386576_140076845_1	0.9723524159674526 1K
NA18873 HG005#1#JAHEPO010000002.1_51519219_51926067_0$HG02717#2#JAHAOR010000006.1_19663827_20070693_1	0.9723372909030170 1K
NA18873 HG02717#1#JAHAOS010000015.1_16660311_17067250_0$HG00741#2#JAHALX010000013.1_51574319_51981226_0	0.9723369951757547 1K
NA18873 NA18906#1#JAHEOO010000054.1_2103477_2510435_1$HG02717#2#JAHAOR010000006.1_19663827_20070693_1	0.9723342839621478 1K
NA18873 HG00621#2#JAHBCC010000031.1_16669999_17077865_0$HG03516#1#JAGYYT010000012.1_24170958_24578778_1	0.9723267105435598 1K
NA18873 HG02080#1#JAHEOW010000048.1_16689583_17097287_0$HG03516#1#JAGYYT010000012.1_24170958_24578778_1	0.9723217196128141 1K
NA18873 AV_HG01361#haplotype1#0000023:101593539$102001341$HG02300.verkko_filt_pat.fa:haplotype2_0000620_143362344_143769323_1	0.9723082909094847 1K
NA18873 AV_HG01361#haplotype1#0000023:101593539$102001341$HG00621#2#JAHBCC010000031.1_16669999_17077865_0	0.9722989188122754 1K
NA18873 HG00741#2#JAHALX010000013.1_51574319_51981226_0$HG02818#1#JAHEOS010000101.1_89626_496613_0	0.9722955269779554 1K
NA18873 HG01358#1#JAGYZB010000020.1_27445742_27855492_1$HG02300.verkko_filt_mat.fa:haplotype1_0000028_144052837_144460586_1	0.9722944699751087 1K
NA18873 HG03516#1#JAGYYT010000012.1_24170958_24578778_1$HG02300.verkko_filt_pat.fa:haplotype2_0000620_143362344_143769323_1	0.9722860526338496 1K
NA18873 AV_HG02257#haplotype2#0001152:102843493$103251377$HG02630#2#JAHAOP010000089.1_16669255_17076135_0	0.9722839505089508 1K
NA18873 HG03492#1#JAHEPI010000180.1_2103395_2543326_1$HG02622#1#JAHAOO010000002.1_16673678_17080663_0	0.9722837608211155 1K
NA18873 chr1_hg38_103456064_103863972_0$HG03710.verkko_filt_pat.fa:haplotype2_0000488_101614437_102218208_0	0.9722824312792557 1K
NA18873 chr1_hg19_103998686_104406594_0$HG03710.verkko_filt_pat.fa:haplotype2_0000488_101614437_102218208_0	0.9722824312792557 1K
NA18873 HG02717#1#JAHAOS010000015.1_16660311_17067250_0$HG005#1#JAHEPO010000002.1_51519219_51926067_0	0.9722815225826362 1K
NA18873 HG01358#1#JAGYZB010000020.1_27445742_27855492_1$NA19240#2#JAHEOL010000010.1_37445323_37853017_0	0.9722805749414087 1K
NA18873 HG02071.verkko_filt_mat.fa:haplotype1_0000041_103610513_104018399_0$HG03710.verkko_filt_pat.fa:haplotype2_0000488_101614437_102218208_0	0.9722777468027406 1K
NA18873 HG02717#1#JAHAOS010000015.1_16660311_17067250_0$HG01123#1#JAGYYZ010000015.1_51528240_51935090_0	0.9722720489383581 1K
NA18873 AV_HG02257#haplotype2#0001152:102843493$103251377$HG02559#2#JAGYVJ010000037.1_52167780_52574597_1	0.9722689283360180 1K
NA18873 HG01358#1#JAGYZB010000020.1_27445742_27855492_1$HG03927.verkko_filt_mat.fa:haplotype1_0000009_134765170_135173010_1	0.9722679561477685 1K
NA18873 HG02080#1#JAHEOW010000048.1_16689583_17097287_0$HG01358#1#JAGYZB010000020.1_27445742_27855492_1	0.9722568308456572 1K
NA18873 HG03486#2#JAHEOP010000248.1_2105565_2584784_1$HG002.verkko_filt_pat.fa:haplotype2_0000649_147937390_148315979_1	0.9722560035560526 1K
NA18873 HG01978#2#JAGYVR010000007.1_51532241_51939176_0$HG02004.verkko_filt_pat.fa:haplotype2_0000813_139386576_140076845_1	0.9722474838136781 1K
NA18873 AV_HG02148#haplotype2#0002863:16304803$16712699$HG03710.verkko_filt_pat.fa:haplotype2_0000488_101614437_102218208_0	0.9722374231036460 1K
NA18873 HG02004.verkko_filt_pat.fa:haplotype2_0000813_139386576_140076845_1$HG02004.verkko_filt_mat.fa:haplotype1_0000022_97828542_98235483_0	0.9722373551162004 1K
NA18873 HG00621#2#JAHBCC010000031.1_16669999_17077865_0$HG03710.verkko_filt_pat.fa:haplotype2_0000488_101614437_102218208_0	0.9722364070541459 1K
NA18873 AV_HG01175#haplotype1#0000070:46006269$46414083$HG03710.verkko_filt_pat.fa:haplotype2_0000488_101614437_102218208_0	0.9722362688198775 1K
NA18873 HG01109#1#JAHEPA010000099.1_2104245_2511104_1$HG02630#1#JAHAOQ010000102.1_16672145_17079089_0	0.9722275752315606 1K
NA18873 AV_HG00673#haplotype2#0001165:24014011$24421797$AV_HG01175#haplotype1#0000070:46006269$46414083	0.9722230230939565 1K
NA18873 HG02630#2#JAHAOP010000089.1_16669255_17076135_0$HG02622#1#JAHAOO010000002.1_16673678_17080663_0	0.9722214698468902 1K
NA18873 HG01109#1#JAHEPA010000099.1_2104245_2511104_1$HG01978#2#JAGYVR010000007.1_51532241_51939176_0	0.9722200476104088 1K
NA18873 HG03486#1#JAHEOQ010000123.1_16677696_17085575_0$HG03710.verkko_filt_pat.fa:haplotype2_0000488_101614437_102218208_0	0.9722175711478098 1K
NA18873 HG03492#1#JAHEPI010000180.1_2103395_2543326_1$HG02717#2#JAHAOR010000006.1_19663827_20070693_1	0.9722171052961918 1K
NA18873 HG005#1#JAHEPO010000002.1_51519219_51926067_0$HG03492#1#JAHEPI010000180.1_2103395_2543326_1	0.9722061599068869 1K
NA18873 NA19240#2#JAHEOL010000010.1_37445323_37853017_0$HG01099.verkko_filt_mat.fa:haplotype1_0000034_142513097_142920876_1	0.9721999355388528 1K
NA18873 HG01109#1#JAHEPA010000099.1_2104245_2511104_1$HG03492#1#JAHEPI010000180.1_2103395_2543326_1	0.9721974057987340 1K
NA18873 HG03516#1#JAGYYT010000012.1_24170958_24578778_1$HG01099.verkko_filt_mat.fa:haplotype1_0000034_142513097_142920876_1	0.9721956208058442 1K
NA18873 HG02630#1#JAHAOQ010000102.1_16672145_17079089_0$HG002.verkko_filt_mat.fa:haplotype1_0000005_138228497_138636354_1	0.9721879025540743 1K
NA18873 HG01123#1#JAGYYZ010000015.1_51528240_51935090_0$HG02717#2#JAHAOR010000006.1_19663827_20070693_1	0.9721833530655987 1K
NA18873 HG01978#1#JAGYVS010000002.1_51519970_52021951_0$HG02109#2#JAHEPF010000078.1_16678387_16991144_0	0.9721802292113899 1K
NA18873 HG005#2#JAHEPN010000023.1_51542210_51950070_0$HG03710.verkko_filt_pat.fa:haplotype2_0000488_101614437_102218208_0	0.9721699674517649 1K
NA18873 HG01978#1#JAGYVS010000002.1_51519970_52021951_0$HG01891#1#JAGYVO010000014.1_22855818_23168577_1	0.9721595584764388 1K
NA18873 AV_HG00673#haplotype2#0001165:24014011$24421797$HG002.verkko_filt_mat.fa:haplotype1_0000005_138228497_138636354_1	0.9721510540101308 1K
NA18873 AV_HG01361#haplotype1#0000023:101593539$102001341$NA19240#2#JAHEOL010000010.1_37445323_37853017_0	0.9721502004070259 1K
NA18873 AV_HG02257#haplotype2#0001152:102843493$103251377$HG01109#1#JAHEPA010000099.1_2104245_2511104_1	0.9721446887317451 1K
NA18873 HG01109#1#JAHEPA010000099.1_2104245_2511104_1$HG02004.verkko_filt_mat.fa:haplotype1_0000022_97828542_98235483_0	0.9721414199559700 1K
NA18873 HG02630#1#JAHAOQ010000102.1_16672145_17079089_0$HG02559#2#JAGYVJ010000037.1_52167780_52574597_1	0.9721368605861922 1K
NA18873 HG01928#1#JAGYVQ010000053.1_16676493_17083407_0$HG02004.verkko_filt_pat.fa:haplotype2_0000813_139386576_140076845_1	0.9721264643676409 1K
NA18873 NA19240#2#JAHEOL010000010.1_37445323_37853017_0$HG02300.verkko_filt_mat.fa:haplotype1_0000028_144052837_144460586_1	0.9721152143722868 1K
NA18873 HG03486#1#JAHEOQ010000123.1_16677696_17085575_0$HG02630#1#JAHAOQ010000102.1_16672145_17079089_0	0.9721122290150701 1K
NA18873 HG01109#1#JAHEPA010000099.1_2104245_2511104_1$HG01928#1#JAGYVQ010000053.1_16676493_17083407_0	0.9721093280701361 1K
NA18873 HG02723#1#JAHEOU010000204.1_2102082_2414876_1$HG01071#1#JAHBCF010000053.1_26607100_27108065_1	0.9721092595085593 1K
NA18873 AV_HG01361#haplotype1#0000023:101593539$102001341$HG03516#1#JAGYYT010000012.1_24170958_24578778_1	0.9721060551119906 1K
NA18873 HG01109#1#JAHEPA010000099.1_2104245_2511104_1$HG02818#1#JAHEOS010000101.1_89626_496613_0	0.9721040695772630 1K
NA18873 HG005#1#JAHEPO010000002.1_51519219_51926067_0$HG01123#1#JAGYYZ010000015.1_51528240_51935090_0	0.9720999091791995 1K
NA18873 HG02622#1#JAHAOO010000002.1_16673678_17080663_0$HG00741#2#JAHALX010000013.1_51574319_51981226_0	0.9720970550273925 1K
NA18873 AV_HG01361#haplotype1#0000023:101593539$102001341$HG01358#1#JAGYZB010000020.1_27445742_27855492_1	0.9720912415932575 1K
NA18873 HG03453#2#JAGYVV010000088.1_22597550_23005370_1$HG03710.verkko_filt_pat.fa:haplotype2_0000488_101614437_102218208_0	0.9720870354519481 1K
NA18873 HG02559#2#JAGYVJ010000037.1_52167780_52574597_1$HG02818#1#JAHEOS010000101.1_89626_496613_0	0.9720827402074869 1K
NA18873 HG03710.verkko_filt_pat.fa:haplotype2_0000488_101614437_102218208_0$HG02809.verkko_filt_pat.fa:haplotype2_0001251_103421111_103827972_0	0.9720824012462081 1K
NA18873 HG02559#2#JAGYVJ010000037.1_52167780_52574597_1$NA18906#1#JAHEOO010000054.1_2103477_2510435_1	0.9720794562197477 1K
NA18873 HG01109#1#JAHEPA010000099.1_2104245_2511104_1$HG00741#2#JAHALX010000013.1_51574319_51981226_0	0.9720760087922690 1K
NA18873 HG02630#2#JAHAOP010000089.1_16669255_17076135_0$NA18906#1#JAHEOO010000054.1_2103477_2510435_1	0.9720758174148866 1K
NA18873 HG01109#1#JAHEPA010000099.1_2104245_2511104_1$HG02300.verkko_filt_pat.fa:haplotype2_0000620_143362344_143769323_1	0.9720746459856185 1K
NA18873 HG02630#2#JAHAOP010000089.1_16669255_17076135_0$HG02818#1#JAHEOS010000101.1_89626_496613_0	0.9720671683358232 1K
NA18873 HG02818#1#JAHEOS010000101.1_89626_496613_0$HG002.verkko_filt_mat.fa:haplotype1_0000005_138228497_138636354_1	0.9720593498951757 1K
NA18873 HG01258#2#JAGYYU010000072.1_51562603_51970395_0$HG03710.verkko_filt_pat.fa:haplotype2_0000488_101614437_102218208_0	0.9720537563335209 1K
NA18873 HG01358#1#JAGYZB010000020.1_27445742_27855492_1$HG01099.verkko_filt_mat.fa:haplotype1_0000034_142513097_142920876_1	0.9720525217074294 1K
NA18873 HG02717#1#JAHAOS010000015.1_16660311_17067250_0$HG02630#2#JAHAOP010000089.1_16669255_17076135_0	0.9720511209825985 1K
NA18873 HG00741#2#JAHALX010000013.1_51574319_51981226_0$HG02717#2#JAHAOR010000006.1_19663827_20070693_1	0.9720439285343507 1K
NA18873 HG01978#1#JAGYVS010000002.1_51519970_52021951_0$HG02647.verkko_filt_pat.fa:haplotype2_0000857_103738150_104051769_0	0.9720436589143393 1K
NA18873 HG02622#1#JAHAOO010000002.1_16673678_17080663_0$HG002.verkko_filt_mat.fa:haplotype1_0000005_138228497_138636354_1	0.9720399214885241 1K
NA18873 AV_HG00673#haplotype2#0001165:24014011$24421797$HG03486#1#JAHEOQ010000123.1_16677696_17085575_0	0.9720362521794993 1K
NA18873 HG01978#2#JAGYVR010000007.1_51532241_51939176_0$HG03710.verkko_filt_pat.fa:haplotype2_0000488_101614437_102218208_0	0.9720299230813053 1K
NA18873 HG01891#1#JAGYVO010000014.1_22855818_23168577_1$HG02293.verkko_filt_pat.fa:haplotype2_0000836_148310532_148812524_1	0.9720296882043782 1K
NA18873 AV_HG01361#haplotype1#0000023:101593539$102001341$HG02080#1#JAHEOW010000048.1_16689583_17097287_0	0.9720110959752093 1K
NA18873 HG02630#1#JAHAOQ010000102.1_16672145_17079089_0$HG03453#2#JAGYVV010000088.1_22597550_23005370_1	0.9720095238224901 1K
NA18873 HG02647.verkko_filt_pat.fa:haplotype2_0000857_103738150_104051769_0$HG02293.verkko_filt_pat.fa:haplotype2_0000836_148310532_148812524_1	0.9720026210020833 1K
NA18873 AV_HG01175#haplotype1#0000070:46006269$46414083$HG02630#1#JAHAOQ010000102.1_16672145_17079089_0	0.9720010235827943 1K
NA18873 HG02080#1#JAHEOW010000048.1_16689583_17097287_0$HG02300.verkko_filt_mat.fa:haplotype1_0000028_144052837_144460586_1	0.9720002797874076 1K
NA18873 HG02293.verkko_filt_mat.fa:haplotype1_0000039_30204405_30517145_1$HG03927.verkko_filt_pat.fa:haplotype2_0000800_29002142_29504057_1	0.9719999040998513 1K
NA18873 HG00733#1#JAHEPQ010000019.1_46106835_46420495_0$HG03927.verkko_filt_pat.fa:haplotype2_0000800_29002142_29504057_1	0.9719944879167142 1K
NA18873 HG03516#1#JAGYYT010000012.1_24170958_24578778_1$HG01358#1#JAGYZB010000020.1_27445742_27855492_1	0.9719933204627732 1K
NA18873 AV_HG00673#haplotype2#0001165:24014011$24421797$HG02071.verkko_filt_mat.fa:haplotype1_0000041_103610513_104018399_0	0.9719866621075852 1K
NA18873 AV_HG01175#haplotype1#0000070:46006269$46414083$HG02818#1#JAHEOS010000101.1_89626_496613_0	0.9719861661775583 1K
NA18873 HG01109#1#JAHEPA010000099.1_2104245_2511104_1$NA18906#1#JAHEOO010000054.1_2103477_2510435_1	0.9719847333756073 1K
NA18873 HG03579#2#JAGYVT010000094.1_51581892_51895531_0$HG01978#1#JAGYVS010000002.1_51519970_52021951_0	0.9719819048485977 1K
NA18873 HG02080#1#JAHEOW010000048.1_16689583_17097287_0$HG01099.verkko_filt_mat.fa:haplotype1_0000034_142513097_142920876_1	0.9719804066867396 1K
NA18873 HG02145#2#JAHKSF010000206.1_1005292_1413195_1$HG002.verkko_filt_mat.fa:haplotype1_0000005_138228497_138636354_1	0.9719751245384154 1K
NA18873 HG03579#2#JAGYVT010000094.1_51581892_51895531_0$HG02293.verkko_filt_pat.fa:haplotype2_0000836_148310532_148812524_1	0.9719735239036055 1K
NA18873 AV_HG01106#haplotype2#0000932:16673968$17175925$HG03098#2#JAHEPL010000003.1_93803759_94117426_0	0.9719706321927184 1K
NA18873 HG03486#1#JAHEOQ010000123.1_16677696_17085575_0$HG02818#1#JAHEOS010000101.1_89626_496613_0	0.9719686678652956 1K
NA18873 HG03710.verkko_filt_pat.fa:haplotype2_0000488_101614437_102218208_0$HG02300.verkko_filt_pat.fa:haplotype2_0000620_143362344_143769323_1	0.9719615517701543 1K
NA18873 HG02559#2#JAGYVJ010000037.1_52167780_52574597_1$HG02622#1#JAHAOO010000002.1_16673678_17080663_0	0.9719449959354529 1K
NA18873 HG02717#1#JAHAOS010000015.1_16660311_17067250_0$HG02559#2#JAGYVJ010000037.1_52167780_52574597_1	0.9719412105287450 1K
NA18873 HG02630#1#JAHAOQ010000102.1_16672145_17079089_0$chr1_hg38_103456064_103863972_0	0.9719379877693398 1K
NA18873 HG02630#1#JAHAOQ010000102.1_16672145_17079089_0$chr1_hg19_103998686_104406594_0	0.9719379877693398 1K
NA18873 AV_HG00673#haplotype1#0000019:16627360$17129375$HG01891#1#JAGYVO010000014.1_22855818_23168577_1	0.9719356062425488 1K
NA18873 AV_HG01175#haplotype1#0000070:46006269$46414083$HG02145#2#JAHKSF010000206.1_1005292_1413195_1	0.9719341885856655 1K
NA18873 HG00621#2#JAHBCC010000031.1_16669999_17077865_0$HG02630#1#JAHAOQ010000102.1_16672145_17079089_0	0.9719273876745722 1K
NA18873 HG02080#1#JAHEOW010000048.1_16689583_17097287_0$NA19240#2#JAHEOL010000010.1_37445323_37853017_0	0.9719243111009169 1K
NA18873 HG02109#1#JAHEPG010000026.1_16673035_17080816_0$HG01358#1#JAGYZB010000020.1_27445742_27855492_1	0.9719212320674605 1K
NA18873 HG02145#2#JAHKSF010000206.1_1005292_1413195_1$HG01978#2#JAGYVR010000007.1_51532241_51939176_0	0.9719171069572059 1K
NA18873 HG02145#2#JAHKSF010000206.1_1005292_1413195_1$HG02004.verkko_filt_mat.fa:haplotype1_0000022_97828542_98235483_0	0.9719169824209934 1K
NA18873 HG01109#1#JAHEPA010000099.1_2104245_2511104_1$HG02622#1#JAHAOO010000002.1_16673678_17080663_0	0.9719145463387249 1K
NA18873 HG02004.verkko_filt_mat.fa:haplotype1_0000022_97828542_98235483_0$HG03710.verkko_filt_pat.fa:haplotype2_0000488_101614437_102218208_0	0.9719139782803150 1K
NA18873 HG01109#1#JAHEPA010000099.1_2104245_2511104_1$HG02717#1#JAHAOS010000015.1_16660311_17067250_0	0.9719118298121868 1K
NA18873 chr1_hg38_103456064_103863972_0$HG02818#1#JAHEOS010000101.1_89626_496613_0	0.9719065448931906 1K
NA18873 chr1_hg19_103998686_104406594_0$HG02818#1#JAHEOS010000101.1_89626_496613_0	0.9719065448931906 1K
NA18873 HG02630#1#JAHAOQ010000102.1_16672145_17079089_0$HG005#2#JAHEPN010000023.1_51542210_51950070_0	0.9719009756222674 1K
NA18873 AV_HG00673#haplotype1#0000019:16627360$17129375$HG02647.verkko_filt_pat.fa:haplotype2_0000857_103738150_104051769_0	0.9719004937275706 1K
NA18873 AV_HG00673#haplotype2#0001165:24014011$24421797$HG01928#1#JAGYVQ010000053.1_16676493_17083407_0	0.9718916285624744 1K
NA18873 HG02145#2#JAHKSF010000206.1_1005292_1413195_1$HG03453#2#JAGYVV010000088.1_22597550_23005370_1	0.9718873053143539 1K
NA18873 HG03453#2#JAGYVV010000088.1_22597550_23005370_1$HG02818#1#JAHEOS010000101.1_89626_496613_0	0.9718830193278402 1K
NA18873 chr1_hg38_103456064_103863972_0$HG02622#1#JAHAOO010000002.1_16673678_17080663_0	0.9718791237193718 1K
NA18873 chr1_hg19_103998686_104406594_0$HG02622#1#JAHAOO010000002.1_16673678_17080663_0	0.9718791237193718 1K
NA18873 AV_HG01175#haplotype1#0000070:46006269$46414083$HG02622#1#JAHAOO010000002.1_16673678_17080663_0	0.9718789311748198 1K
NA18873 HG01928#1#JAGYVQ010000053.1_16676493_17083407_0$HG02145#2#JAHKSF010000206.1_1005292_1413195_1	0.9718767037441212 1K
NA18873 HG03492#2#JAHEPH010000288.1_2098270_2432686_1$HG02004.verkko_filt_pat.fa:haplotype2_0000813_139386576_140076845_1	0.9718725452010080 1K
NA18873 AV_HG00673#haplotype1#0000019:16627360$17129375$HG03579#2#JAGYVT010000094.1_51581892_51895531_0	0.9718713437865607 1K
NA18873 HG02723#1#JAHEOU010000204.1_2102082_2414876_1$HG01258#1#JAGYYV010000004.1_56955948_57456952_1	0.9718695313873863 1K
NA18873 HG02109#2#JAHEPF010000078.1_16678387_16991144_0$HG02293.verkko_filt_pat.fa:haplotype2_0000836_148310532_148812524_1	0.9718659510665496 1K
NA18873 NA18906#1#JAHEOO010000054.1_2103477_2510435_1$HG002.verkko_filt_mat.fa:haplotype1_0000005_138228497_138636354_1	0.9718638463685338 1K
NA18873 HG01928#1#JAGYVQ010000053.1_16676493_17083407_0$HG03710.verkko_filt_pat.fa:haplotype2_0000488_101614437_102218208_0	0.9718571210604187 1K
NA18873 HG03486#1#JAHEOQ010000123.1_16677696_17085575_0$HG02145#2#JAHKSF010000206.1_1005292_1413195_1	0.9718522108278030 1K
NA18873 HG005#1#JAHEPO010000002.1_51519219_51926067_0$HG00741#2#JAHALX010000013.1_51574319_51981226_0	0.9718491019650588 1K
NA18873 AV_HG00673#haplotype2#0001165:24014011$24421797$HG03453#2#JAGYVV010000088.1_22597550_23005370_1	0.9718461097152363 1K
NA18873 HG02080#2#JAHEOV010000017.1_16662177_17164189_0$HG01891#1#JAGYVO010000014.1_22855818_23168577_1	0.9718420178023004 1K
NA18873 HG00621#2#JAHBCC010000031.1_16669999_17077865_0$HG02818#1#JAHEOS010000101.1_89626_496613_0	0.9718400614876852 1K
NA18873 HG03486#1#JAHEOQ010000123.1_16677696_17085575_0$NA18906#1#JAHEOO010000054.1_2103477_2510435_1	0.9718368067595340 1K
NA18873 AV_HG00673#haplotype2#0001165:24014011$24421797$HG02004.verkko_filt_mat.fa:haplotype1_0000022_97828542_98235483_0	0.9718352840243045 1K
NA18873 HG02145#2#JAHKSF010000206.1_1005292_1413195_1$HG03710.verkko_filt_pat.fa:haplotype2_0000488_101614437_102218208_0	0.9718312719903820 1K
NA18873 HG02080#2#JAHEOV010000017.1_16662177_17164189_0$HG02647.verkko_filt_pat.fa:haplotype2_0000857_103738150_104051769_0	0.9718309917300784 1K
NA18873 HG005#2#JAHEPN010000023.1_51542210_51950070_0$HG02818#1#JAHEOS010000101.1_89626_496613_0	0.9718304439796075 1K
NA18873 HG02145#2#JAHKSF010000206.1_1005292_1413195_1$chr1_hg38_103456064_103863972_0	0.9718303755789055 1K
NA18873 HG02145#2#JAHKSF010000206.1_1005292_1413195_1$chr1_hg19_103998686_104406594_0	0.9718303755789055 1K
NA18873 HG02717#1#JAHAOS010000015.1_16660311_17067250_0$HG002.verkko_filt_mat.fa:haplotype1_0000005_138228497_138636354_1	0.9718302771226340 1K
NA18873 HG00621#1#JAHBCD010000034.1_2122997_2624098_1$HG02647.verkko_filt_pat.fa:haplotype2_0000857_103738150_104051769_0	0.9718278835324243 1K
NA18873 HG02630#1#JAHAOQ010000102.1_16672145_17079089_0$HG02071.verkko_filt_mat.fa:haplotype1_0000041_103610513_104018399_0	0.9718209689483401 1K
NA18873 HG01243#1#JAHEOY010000013.1_90081_424495_0$HG02004.verkko_filt_pat.fa:haplotype2_0000813_139386576_140076845_1	0.9718127248272230 1K
NA18873 AV_HG00673#haplotype1#0000019:16627360$17129375$HG02109#2#JAHEPF010000078.1_16678387_16991144_0	0.9718118489077960 1K
NA18873 HG02145#2#JAHKSF010000206.1_1005292_1413195_1$HG005#2#JAHEPN010000023.1_51542210_51950070_0	0.9718106313537808 1K
NA18873 HG02004.verkko_filt_pat.fa:haplotype2_0000813_139386576_140076845_1$HG02293.verkko_filt_mat.fa:haplotype1_0000039_30204405_30517145_1	0.9718095324636440 1K
NA18873 HG03486#1#JAHEOQ010000123.1_16677696_17085575_0$HG02622#1#JAHAOO010000002.1_16673678_17080663_0	0.9717979898726250 1K
NA18873 AV_HG00673#haplotype2#0001165:24014011$24421797$AV_HG02148#haplotype2#0002863:16304803$16712699	0.9717966754252485 1K
NA18873 AV_HG02257#haplotype2#0001152:102843493$103251377$HG002.verkko_filt_mat.fa:haplotype1_0000005_138228497_138636354_1	0.9717943289163016 1K
NA18873 AV_HG02148#haplotype2#0002863:16304803$16712699$HG02630#1#JAHAOQ010000102.1_16672145_17079089_0	0.9717914452055655 1K
NA18873 HG00621#1#JAHBCD010000034.1_2122997_2624098_1$HG03579#2#JAGYVT010000094.1_51581892_51895531_0	0.9717906470440159 1K
NA18873 AV_HG00673#haplotype2#0001165:24014011$24421797$HG01978#2#JAGYVR010000007.1_51532241_51939176_0	0.9717867500093924 1K
NA18873 HG03579#2#JAGYVT010000094.1_51581892_51895531_0$HG02080#2#JAHEOV010000017.1_16662177_17164189_0	0.9717857173149383 1K
NA18873 AV_HG01361#haplotype1#0000023:101593539$102001341$HG02300.verkko_filt_mat.fa:haplotype1_0000028_144052837_144460586_1	0.9717836696886675 1K
NA18873 HG02622#1#JAHAOO010000002.1_16673678_17080663_0$HG005#2#JAHEPN010000023.1_51542210_51950070_0	0.9717565090584993 1K
NA18873 HG02717#2#JAHAOR010000006.1_19663827_20070693_1$HG03710.verkko_filt_pat.fa:haplotype2_0000488_101614437_102218208_0	0.9717537886314336 1K
NA18873 HG02080#2#JAHEOV010000017.1_16662177_17164189_0$HG02109#2#JAHEPF010000078.1_16678387_16991144_0	0.9717422480372028 1K
NA18873 HG03516#1#JAGYYT010000012.1_24170958_24578778_1$NA19240#2#JAHEOL010000010.1_37445323_37853017_0	0.9717413856352797 1K
NA18873 HG03492#1#JAHEPI010000180.1_2103395_2543326_1$HG00741#2#JAHALX010000013.1_51574319_51981226_0	0.9717328550070040 1K
NA18873 AV_HG01175#haplotype1#0000070:46006269$46414083$NA18906#1#JAHEOO010000054.1_2103477_2510435_1	0.9717174616540197 1K
NA18873 HG02559#2#JAGYVJ010000037.1_52167780_52574597_1$HG03710.verkko_filt_pat.fa:haplotype2_0000488_101614437_102218208_0	0.9717112297475050 1K
NA18873 HG03486#1#JAHEOQ010000123.1_16677696_17085575_0$HG02717#1#JAHAOS010000015.1_16660311_17067250_0	0.9716984439621835 1K
NA18873 AV_HG00673#haplotype2#0001165:24014011$24421797$HG005#2#JAHEPN010000023.1_51542210_51950070_0	0.9716968586571214 1K
NA18873 HG03453#2#JAGYVV010000088.1_22597550_23005370_1$NA18906#1#JAHEOO010000054.1_2103477_2510435_1	0.9716938314178712 1K
NA18873 HG03453#2#JAGYVV010000088.1_22597550_23005370_1$HG02622#1#JAHAOO010000002.1_16673678_17080663_0	0.9716894700251572 1K
NA18873 AV_HG02257#haplotype2#0001152:102843493$103251377$HG03710.verkko_filt_pat.fa:haplotype2_0000488_101614437_102218208_0	0.9716707333446691 1K
NA18873 HG02818#1#JAHEOS010000101.1_89626_496613_0$HG02071.verkko_filt_mat.fa:haplotype1_0000041_103610513_104018399_0	0.9716692029451628 1K
NA18873 HG01123#1#JAGYYZ010000015.1_51528240_51935090_0$HG03710.verkko_filt_pat.fa:haplotype2_0000488_101614437_102218208_0	0.9716639525178532 1K
NA18873 AV_HG02148#haplotype2#0002863:16304803$16712699$HG02145#2#JAHKSF010000206.1_1005292_1413195_1	0.9716608998846806 1K
NA18873 HG00621#2#JAHBCC010000031.1_16669999_17077865_0$HG02145#2#JAHKSF010000206.1_1005292_1413195_1	0.9716591006878709 1K
NA18873 AV_HG01175#haplotype1#0000070:46006269$46414083$AV_HG02257#haplotype2#0001152:102843493$103251377	0.9716567846125218 1K
NA18873 HG02886#2#JAHAOT010000031.1_87393_401061_0$HG03927.verkko_filt_pat.fa:haplotype2_0000800_29002142_29504057_1	0.9716552406264800 1K
NA18873 HG02145#2#JAHKSF010000206.1_1005292_1413195_1$HG02071.verkko_filt_mat.fa:haplotype1_0000041_103610513_104018399_0	0.9716494266772246 1K
NA18873 HG01123#2#JAGYYY010000006.1_51579630_51892388_0$HG02004.verkko_filt_pat.fa:haplotype2_0000813_139386576_140076845_1	0.9716481464922526 1K
NA18873 HG00621#2#JAHBCC010000031.1_16669999_17077865_0$NA18906#1#JAHEOO010000054.1_2103477_2510435_1	0.9716438154818632 1K
NA18873 AV_HG00673#haplotype2#0001165:24014011$24421797$chr1_hg38_103456064_103863972_0	0.9716435091042083 1K
NA18873 AV_HG00673#haplotype2#0001165:24014011$24421797$chr1_hg19_103998686_104406594_0	0.9716435091042083 1K
NA18873 AV_HG02257#haplotype2#0001152:102843493$103251377$HG03486#1#JAHEOQ010000123.1_16677696_17085575_0	0.9716394857044044 1K
NA18873 HG01891#1#JAGYVO010000014.1_22855818_23168577_1$HG02071.verkko_filt_pat.fa:haplotype2_0000736_102745972_103248026_0	0.9716368754190772 1K
NA18873 HG02717#1#JAHAOS010000015.1_16660311_17067250_0$HG03453#2#JAGYVV010000088.1_22597550_23005370_1	0.9716364112881184 1K
NA18873 chr1_hg38_103456064_103863972_0$NA18906#1#JAHEOO010000054.1_2103477_2510435_1	0.9716219933669575 1K
NA18873 chr1_hg19_103998686_104406594_0$NA18906#1#JAHEOO010000054.1_2103477_2510435_1	0.9716219933669575 1K
NA18873 HG01109#1#JAHEPA010000099.1_2104245_2511104_1$HG03710.verkko_filt_pat.fa:haplotype2_0000488_101614437_102218208_0	0.9716219379838406 1K
NA18873 HG02630#1#JAHAOQ010000102.1_16672145_17079089_0$HG01978#2#JAGYVR010000007.1_51532241_51939176_0	0.9716204903959085 1K
NA18873 HG02630#1#JAHAOQ010000102.1_16672145_17079089_0$HG01928#1#JAGYVQ010000053.1_16676493_17083407_0	0.9716201444259324 1K
NA18873 HG02622#1#JAHAOO010000002.1_16673678_17080663_0$HG02071.verkko_filt_mat.fa:haplotype1_0000041_103610513_104018399_0	0.9716188302721193 1K
NA18873 AV_HG02257#haplotype2#0001152:102843493$103251377$HG03453#2#JAGYVV010000088.1_22597550_23005370_1	0.9716184394117037 1K
NA18873 NA18906#1#JAHEOO010000054.1_2103477_2510435_1$HG005#2#JAHEPN010000023.1_51542210_51950070_0	0.9716174804786432 1K
NA18873 AV_HG01361#haplotype1#0000023:101593539$102001341$HG01099.verkko_filt_mat.fa:haplotype1_0000034_142513097_142920876_1	0.9716109872882430 1K
NA18873 AV_HG00673#haplotype2#0001165:24014011$24421797$HG02300.verkko_filt_mat.fa:haplotype1_0000028_144052837_144460586_1	0.9716102574110070 1K
NA18873 HG00741#1#JAHALY010000007.1_18781197_19307680_1$HG02486#2#JAGYVL010000029.1_94163344_94570162_0	0.9716090465720215 1K
NA18873 HG005#1#JAHEPO010000002.1_51519219_51926067_0$HG03710.verkko_filt_pat.fa:haplotype2_0000488_101614437_102218208_0	0.9716064868423778 1K
NA18873 HG00621#2#JAHBCC010000031.1_16669999_17077865_0$HG02622#1#JAHAOO010000002.1_16673678_17080663_0	0.9716047101252799 1K
NA18873 HG02630#1#JAHAOQ010000102.1_16672145_17079089_0$HG02004.verkko_filt_mat.fa:haplotype1_0000022_97828542_98235483_0	0.9716039920682608 1K
NA18873 HG04228.verkko_filt_mat.fa:haplotype1_0000023_103429213_103930285_0$HG02647.verkko_filt_pat.fa:haplotype2_0000857_103738150_104051769_0	0.9715997450788986 1K
NA18873 HG00741#1#JAHALY010000007.1_18781197_19307680_1$HG02559#1#JAGYVK010000012.1_51505852_51913611_0	0.9715918451456683 1K
NA18873 HG02145#2#JAHKSF010000206.1_1005292_1413195_1$HG02300.verkko_filt_pat.fa:haplotype2_0000620_143362344_143769323_1	0.9715790723099472 1K
NA18873 AV_HG01175#haplotype1#0000070:46006269$46414083$HG02717#1#JAHAOS010000015.1_16660311_17067250_0	0.9715709356364118 1K
NA18873 HG03579#2#JAGYVT010000094.1_51581892_51895531_0$HG04228.verkko_filt_mat.fa:haplotype1_0000023_103429213_103930285_0	0.9715707783613184 1K
NA18873 AV_HG00673#haplotype2#0001165:24014011$24421797$HG00621#2#JAHBCC010000031.1_16669999_17077865_0	0.9715693701075050 1K
NA18873 AV_HG00673#haplotype2#0001165:24014011$24421797$HG01358#1#JAGYZB010000020.1_27445742_27855492_1	0.9715621929619656 1K
NA18873 HG00741#1#JAHALY010000007.1_18781197_19307680_1$HG02109#1#JAHEPG010000026.1_16673035_17080816_0	0.9715607628710156 1K
NA18873 HG00621#1#JAHBCD010000034.1_2122997_2624098_1$HG01891#1#JAGYVO010000014.1_22855818_23168577_1	0.9715577908778937 1K
NA18873 HG03098#2#JAHEPL010000003.1_93803759_94117426_0$HG01978#1#JAGYVS010000002.1_51519970_52021951_0	0.9715557034786190 1K
NA18873 HG02630#1#JAHAOQ010000102.1_16672145_17079089_0$HG03710.verkko_filt_pat.fa:haplotype2_0000488_101614437_102218208_0	0.9715536211435697 1K
NA18873 AV_HG02257#haplotype2#0001152:102843493$103251377$HG00621#2#JAHBCC010000031.1_16669999_17077865_0	0.9715510103860665 1K
NA18873 HG00741#1#JAHALY010000007.1_18781197_19307680_1$HG01258#2#JAGYYU010000072.1_51562603_51970395_0	0.9715479729076522 1K
NA18873 HG00741#2#JAHALX010000013.1_51574319_51981226_0$HG03710.verkko_filt_pat.fa:haplotype2_0000488_101614437_102218208_0	0.9715436749089250 1K
NA18873 HG00741#1#JAHALY010000007.1_18781197_19307680_1$HG02809.verkko_filt_pat.fa:haplotype2_0001251_103421111_103827972_0	0.9715383284850149 1K
NA18873 NA18906#1#JAHEOO010000054.1_2103477_2510435_1$HG02071.verkko_filt_mat.fa:haplotype1_0000041_103610513_104018399_0	0.9715373714647451 1K
NA18873 AV_HG00673#haplotype2#0001165:24014011$24421797$HG02300.verkko_filt_pat.fa:haplotype2_0000620_143362344_143769323_1	0.9715373334619156 1K
NA18873 HG02818#1#JAHEOS010000101.1_89626_496613_0$HG03710.verkko_filt_pat.fa:haplotype2_0000488_101614437_102218208_0	0.9715310751089756 1K
NA18873 HG01123#1#JAGYYZ010000015.1_51528240_51935090_0$HG00741#2#JAHALX010000013.1_51574319_51981226_0	0.9715280542017266 1K
NA18873 NA18906#1#JAHEOO010000054.1_2103477_2510435_1$HG03710.verkko_filt_pat.fa:haplotype2_0000488_101614437_102218208_0	0.9715207484522238 1K
NA18873 AV_HG02148#haplotype2#0002863:16304803$16712699$HG02818#1#JAHEOS010000101.1_89626_496613_0	0.9715197460235128 1K
NA18873 HG02630#1#JAHAOQ010000102.1_16672145_17079089_0$HG02300.verkko_filt_pat.fa:haplotype2_0000620_143362344_143769323_1	0.9715167344196949 1K
NA18873 HG01891#1#JAGYVO010000014.1_22855818_23168577_1$HG04228.verkko_filt_mat.fa:haplotype1_0000023_103429213_103930285_0	0.9715146270988365 1K
NA18873 HG00741#1#JAHALY010000007.1_18781197_19307680_1$HG02717#2#JAHAOR010000006.1_19663827_20070693_1	0.9715109983266678 1K
NA18873 HG02647.verkko_filt_pat.fa:haplotype2_0000857_103738150_104051769_0$HG02071.verkko_filt_pat.fa:haplotype2_0000736_102745972_103248026_0	0.9715057225627159 1K
NA18873 HG02818#2#JAHEOR010000010.1_31775319_32183091_1$HG00741#1#JAHALY010000007.1_18781197_19307680_1	0.9715042677696676 1K
NA18873 HG00621#2#JAHBCC010000031.1_16669999_17077865_0$HG02717#1#JAHAOS010000015.1_16660311_17067250_0	0.9714973100495661 1K
NA18873 HG00741#1#JAHALY010000007.1_18781197_19307680_1$HG02886#1#JAHAOU010000178.1_62411_469262_0	0.9714956383399626 1K
NA18873 AV_HG02148#haplotype2#0002863:16304803$16712699$HG02622#1#JAHAOO010000002.1_16673678_17080663_0	0.9714947283079063 1K
NA18873 HG01928#1#JAGYVQ010000053.1_16676493_17083407_0$HG02818#1#JAHEOS010000101.1_89626_496613_0	0.9714940167015433 1K
NA18873 HG02717#1#JAHAOS010000015.1_16660311_17067250_0$HG02071.verkko_filt_mat.fa:haplotype1_0000041_103610513_104018399_0	0.9714877856925555 1K
NA18873 HG00741#1#JAHALY010000007.1_18781197_19307680_1$HG01123#1#JAGYYZ010000015.1_51528240_51935090_0	0.9714856304485798 1K
NA18873 AV_HG01175#haplotype1#0000070:46006269$46414083$HG01358#1#JAGYZB010000020.1_27445742_27855492_1	0.9714830257949666 1K
NA18873 HG02109#2#JAHEPF010000078.1_16678387_16991144_0$HG02071.verkko_filt_pat.fa:haplotype2_0000736_102745972_103248026_0	0.9714814908285229 1K
NA18873 AV_HG02257#haplotype2#0001152:102843493$103251377$chr1_hg38_103456064_103863972_0	0.9714802331573372 1K
NA18873 AV_HG02257#haplotype2#0001152:102843493$103251377$chr1_hg19_103998686_104406594_0	0.9714802331573372 1K
NA18873 HG00741#1#JAHALY010000007.1_18781197_19307680_1$HG03516#2#JAGYYS010000004.1_24452130_24859892_1	0.9714796224578136 1K
NA18873 HG03453#1#JAGYVW010000157.1_2105722_2585000_1$HG002.verkko_filt_pat.fa:haplotype2_0000649_147937390_148315979_1	0.9714781670341268 1K
NA18873 HG02717#1#JAHAOS010000015.1_16660311_17067250_0$chr1_hg38_103456064_103863972_0	0.9714753115377621 1K
NA18873 HG02717#1#JAHAOS010000015.1_16660311_17067250_0$chr1_hg19_103998686_104406594_0	0.9714753115377621 1K
NA18873 HG03579#2#JAGYVT010000094.1_51581892_51895531_0$HG02071.verkko_filt_pat.fa:haplotype2_0000736_102745972_103248026_0	0.9714688032363041 1K
NA18873 HG02717#1#JAHAOS010000015.1_16660311_17067250_0$HG005#2#JAHEPN010000023.1_51542210_51950070_0	0.9714470096412716 1K
NA18873 AV_HG02257#haplotype2#0001152:102843493$103251377$HG01928#1#JAGYVQ010000053.1_16676493_17083407_0	0.9714466148982335 1K
NA18873 AV_HG02257#haplotype2#0001152:102843493$103251377$HG005#2#JAHEPN010000023.1_51542210_51950070_0	0.9714450064201229 1K
NA18873 HG02622#1#JAHAOO010000002.1_16673678_17080663_0$HG03710.verkko_filt_pat.fa:haplotype2_0000488_101614437_102218208_0	0.9714368775780995 1K
NA18873 HG02622#1#JAHAOO010000002.1_16673678_17080663_0$HG01978#2#JAGYVR010000007.1_51532241_51939176_0	0.9714359080166711 1K
NA18873 HG00621#1#JAHBCD010000034.1_2122997_2624098_1$HG02109#2#JAHEPF010000078.1_16678387_16991144_0	0.9714340810029030 1K
NA18873 HG02109#2#JAHEPF010000078.1_16678387_16991144_0$HG04228.verkko_filt_mat.fa:haplotype1_0000023_103429213_103930285_0	0.9714313124493607 1K
NA18873 AV_HG00673#haplotype2#0001165:24014011$24421797$NA19240#2#JAHEOL010000010.1_37445323_37853017_0	0.9714306875145167 1K
NA18873 AV_HG00673#haplotype2#0001165:24014011$24421797$HG01099.verkko_filt_mat.fa:haplotype1_0000034_142513097_142920876_1	0.9714295878177411 1K
NA18873 HG03492#1#JAHEPI010000180.1_2103395_2543326_1$HG03710.verkko_filt_pat.fa:haplotype2_0000488_101614437_102218208_0	0.9714155058966172 1K
NA18873 HG01978#2#JAGYVR010000007.1_51532241_51939176_0$HG02818#1#JAHEOS010000101.1_89626_496613_0	0.9714130637020658 1K
NA18873 HG01123#2#JAGYYY010000006.1_51579630_51892388_0$HG01071#1#JAHBCF010000053.1_26607100_27108065_1	0.9714046117036693 1K
NA18873 HG02717#1#JAHAOS010000015.1_16660311_17067250_0$HG03710.verkko_filt_pat.fa:haplotype2_0000488_101614437_102218208_0	0.9714003794953439 1K
NA18873 HG00741#1#JAHALY010000007.1_18781197_19307680_1$HG03579#1#JAGYVU010000029.1_91404_499180_0	0.9713981813035142 1K
NA18873 HG02818#1#JAHEOS010000101.1_89626_496613_0$HG02004.verkko_filt_mat.fa:haplotype1_0000022_97828542_98235483_0	0.9713975180983865 1K
NA18873 HG01099.verkko_filt_mat.fa:haplotype1_0000034_142513097_142920876_1$HG02300.verkko_filt_mat.fa:haplotype1_0000028_144052837_144460586_1	0.9713910433854690 1K
NA18873 AV_HG02148#haplotype2#0002863:16304803$16712699$NA18906#1#JAHEOO010000054.1_2103477_2510435_1	0.9713868494659122 1K
NA18873 AV_HG02257#haplotype2#0001152:102843493$103251377$HG01978#2#JAGYVR010000007.1_51532241_51939176_0	0.9713737460307169 1K
NA18873 HG00741#1#JAHALY010000007.1_18781197_19307680_1$NA19240#1#JAHEOM010000047.1_30103390_30511199_1	0.9713720208975453 1K
NA18873 HG01928#1#JAGYVQ010000053.1_16676493_17083407_0$NA18906#1#JAHEOO010000054.1_2103477_2510435_1	0.9713689299146827 1K
NA18873 HG02622#1#JAHAOO010000002.1_16673678_17080663_0$HG02004.verkko_filt_mat.fa:haplotype1_0000022_97828542_98235483_0	0.9713651468316900 1K
NA18873 HG02886#1#JAHAOU010000178.1_62411_469262_0$HG03710.verkko_filt_pat.fa:haplotype2_0000488_101614437_102218208_0	0.9713644165090645 1K
NA18873 AV_HG02257#haplotype2#0001152:102843493$103251377$HG02071.verkko_filt_mat.fa:haplotype1_0000041_103610513_104018399_0	0.9713640570646138 1K
NA18873 HG01071#1#JAHBCF010000053.1_26607100_27108065_1$HG04228.verkko_filt_pat.fa:haplotype2_0000600_103806749_104119491_0	0.9713562116055658 1K
NA18873 AV_HG00673#haplotype2#0001165:24014011$24421797$HG03516#1#JAGYYT010000012.1_24170958_24578778_1	0.9713485420897306 1K
NA18873 HG00438#2#JAHBCA010000012.1_51513023_51826723_0$HG02004.verkko_filt_pat.fa:haplotype2_0000813_139386576_140076845_1	0.9713425027102406 1K
NA18873 HG02486#2#JAGYVL010000029.1_94163344_94570162_0$HG03710.verkko_filt_pat.fa:haplotype2_0000488_101614437_102218208_0	0.9713409606224729 1K
NA18873 HG01358#1#JAGYZB010000020.1_27445742_27855492_1$HG002.verkko_filt_mat.fa:haplotype1_0000005_138228497_138636354_1	0.9713311135034317 1K
NA18873 HG01928#1#JAGYVQ010000053.1_16676493_17083407_0$HG02622#1#JAHAOO010000002.1_16673678_17080663_0	0.9713169944166911 1K
NA18873 HG02818#1#JAHEOS010000101.1_89626_496613_0$HG02300.verkko_filt_pat.fa:haplotype2_0000620_143362344_143769323_1	0.9713004386036758 1K
NA18873 HG02630#2#JAHAOP010000089.1_16669255_17076135_0$HG03710.verkko_filt_pat.fa:haplotype2_0000488_101614437_102218208_0	0.9712935472406764 1K
NA18873 AV_HG02148#haplotype2#0002863:16304803$16712699$HG02717#1#JAHAOS010000015.1_16660311_17067250_0	0.9712890796401271 1K
NA18873 AV_HG02257#haplotype2#0001152:102843493$103251377$HG02300.verkko_filt_pat.fa:haplotype2_0000620_143362344_143769323_1	0.9712772925512251 1K
NA18873 HG03098#2#JAHEPL010000003.1_93803759_94117426_0$HG02293.verkko_filt_pat.fa:haplotype2_0000836_148310532_148812524_1	0.9712737221801306 1K
NA18873 AV_HG02257#haplotype2#0001152:102843493$103251377$HG02004.verkko_filt_mat.fa:haplotype1_0000022_97828542_98235483_0	0.9712696636267862 1K
NA18873 HG03486#1#JAHEOQ010000123.1_16677696_17085575_0$HG01358#1#JAGYZB010000020.1_27445742_27855492_1	0.9712629743477250 1K
NA18873 HG00741#1#JAHALY010000007.1_18781197_19307680_1$HG01109#1#JAHEPA010000099.1_2104245_2511104_1	0.9712504066972388 1K
NA18873 HG02622#1#JAHAOO010000002.1_16673678_17080663_0$HG02300.verkko_filt_pat.fa:haplotype2_0000620_143362344_143769323_1	0.9712502706118591 1K
NA18873 AV_HG01106#haplotype2#0000932:16673968$17175925$HG03710.verkko_filt_mat.fa:haplotype1_0000029_102593394_102907063_0	0.9712355839177085 1K
NA18873 HG00621#1#JAHBCD010000034.1_2122997_2624098_1$HG03098#2#JAHEPL010000003.1_93803759_94117426_0	0.9712168146613600 1K
NA18873 NA18906#1#JAHEOO010000054.1_2103477_2510435_1$HG02004.verkko_filt_mat.fa:haplotype1_0000022_97828542_98235483_0	0.9712156697345642 1K
NA18873 HG03453#2#JAGYVV010000088.1_22597550_23005370_1$HG01358#1#JAGYZB010000020.1_27445742_27855492_1	0.9712062931832736 1K
NA18873 HG00621#2#JAHBCC010000031.1_16669999_17077865_0$HG01358#1#JAGYZB010000020.1_27445742_27855492_1	0.9712037825912606 1K
NA18873 NA18906#1#JAHEOO010000054.1_2103477_2510435_1$HG01978#2#JAGYVR010000007.1_51532241_51939176_0	0.9711996587174293 1K
NA18873 AV_HG02148#haplotype2#0002863:16304803$16712699$AV_HG02257#haplotype2#0001152:102843493$103251377	0.9711987998958413 1K
NA18873 HG00741#1#JAHALY010000007.1_18781197_19307680_1$HG02630#1#JAHAOQ010000102.1_16672145_17079089_0	0.9711967622605204 1K
NA18873 AV_HG01361#haplotype2#0001322:101872897$102186552$HG03927.verkko_filt_pat.fa:haplotype2_0000800_29002142_29504057_1	0.9711890442813053 1K
NA18873 HG03710.verkko_filt_pat.fa:haplotype2_0000488_101614437_102218208_0$HG01099.verkko_filt_pat.fa:haplotype2_0000583_143544270_144046196_1	0.9711811689626183 1K
NA18873 HG00741#1#JAHALY010000007.1_18781197_19307680_1$HG02559#2#JAGYVJ010000037.1_52167780_52574597_1	0.9711739906547118 1K
NA18873 HG00741#1#JAHALY010000007.1_18781197_19307680_1$HG005#1#JAHEPO010000002.1_51519219_51926067_0	0.9711542546882175 1K
NA18873 AV_HG00673#haplotype2#0001165:24014011$24421797$HG02080#1#JAHEOW010000048.1_16689583_17097287_0	0.9711541002271562 1K
NA18873 HG02886#1#JAHAOU010000178.1_62411_469262_0$HG02486#2#JAGYVL010000029.1_94163344_94570162_0	0.9711517252009908 1K
NA18873 AV_HG00673#haplotype2#0001165:24014011$24421797$AV_HG01361#haplotype1#0000023:101593539$102001341	0.9711469310674522 1K
NA18873 AV_HG01106#haplotype2#0000932:16673968$17175925$HG02886#2#JAHAOT010000031.1_87393_401061_0	0.9711454513642186 1K
NA18873 chr1_hg38_103456064_103863972_0$HG01358#1#JAGYZB010000020.1_27445742_27855492_1	0.9711388144650874 1K
NA18873 chr1_hg19_103998686_104406594_0$HG01358#1#JAGYZB010000020.1_27445742_27855492_1	0.9711388144650874 1K
NA18873 AV_HG00673#haplotype1#0000019:16627360$17129375$HG03098#2#JAHEPL010000003.1_93803759_94117426_0	0.9711386256767831 1K
NA18873 HG01358#1#JAGYZB010000020.1_27445742_27855492_1$HG02071.verkko_filt_mat.fa:haplotype1_0000041_103610513_104018399_0	0.9711372709850581 1K
NA18873 HG00741#1#JAHALY010000007.1_18781197_19307680_1$HG00741#2#JAHALX010000013.1_51574319_51981226_0	0.9711324571674973 1K
NA18873 HG03098#2#JAHEPL010000003.1_93803759_94117426_0$HG02080#2#JAHEOV010000017.1_16662177_17164189_0	0.9711079378127784 1K
NA18873 AV_HG02148#haplotype2#0002863:16304803$16712699$HG01358#1#JAGYZB010000020.1_27445742_27855492_1	0.9711049505914614 1K
NA18873 HG02717#1#JAHAOS010000015.1_16660311_17067250_0$HG01978#2#JAGYVR010000007.1_51532241_51939176_0	0.9711018644836639 1K
NA18873 HG00741#1#JAHALY010000007.1_18781197_19307680_1$HG02145#2#JAHKSF010000206.1_1005292_1413195_1	0.9710661783317875 1K
NA18873 HG00741#1#JAHALY010000007.1_18781197_19307680_1$HG02818#1#JAHEOS010000101.1_89626_496613_0	0.9710639642860330 1K
NA18873 HG00741#1#JAHALY010000007.1_18781197_19307680_1$NA18906#1#JAHEOO010000054.1_2103477_2510435_1	0.9710620344761552 1K
NA18873 HG03098#2#JAHEPL010000003.1_93803759_94117426_0$HG04228.verkko_filt_mat.fa:haplotype1_0000023_103429213_103930285_0	0.9710566066602452 1K
NA18873 NA18906#1#JAHEOO010000054.1_2103477_2510435_1$HG02300.verkko_filt_pat.fa:haplotype2_0000620_143362344_143769323_1	0.9710471578649296 1K
NA18873 HG02717#1#JAHAOS010000015.1_16660311_17067250_0$HG01928#1#JAGYVQ010000053.1_16676493_17083407_0	0.9710455548540849 1K
NA18873 HG02717#1#JAHAOS010000015.1_16660311_17067250_0$HG02004.verkko_filt_mat.fa:haplotype1_0000022_97828542_98235483_0	0.9710375028124755 1K
NA18873 HG01123#2#JAGYYY010000006.1_51579630_51892388_0$HG01258#1#JAGYYV010000004.1_56955948_57456952_1	0.9710362391906996 1K
NA18873 HG005#2#JAHEPN010000023.1_51542210_51950070_0$HG01358#1#JAGYZB010000020.1_27445742_27855492_1	0.9710317769370909 1K
NA18873 HG01258#1#JAGYYV010000004.1_56955948_57456952_1$HG04228.verkko_filt_pat.fa:haplotype2_0000600_103806749_104119491_0	0.9710273226191323 1K
NA18873 HG03540#1#JAGYVY010000208.1_95187_596142_0$HG03710.verkko_filt_pat.fa:haplotype2_0000488_101614437_102218208_0	0.9710241364119584 1K
NA18873 HG01258#2#JAGYYU010000072.1_51562603_51970395_0$HG01358#1#JAGYZB010000020.1_27445742_27855492_1	0.9710212254782037 1K
NA18873 AV_HG02257#haplotype2#0001152:102843493$103251377$HG00741#1#JAHALY010000007.1_18781197_19307680_1	0.9710049777107302 1K
NA18873 HG01358#1#JAGYZB010000020.1_27445742_27855492_1$HG02809.verkko_filt_pat.fa:haplotype2_0001251_103421111_103827972_0	0.9710006459539601 1K
NA18873 HG02717#1#JAHAOS010000015.1_16660311_17067250_0$HG02300.verkko_filt_pat.fa:haplotype2_0000620_143362344_143769323_1	0.9709976529956287 1K
NA18873 AV_HG01106#haplotype2#0000932:16673968$17175925$AV_HG01361#haplotype2#0001322:101872897$102186552	0.9709396344539729 1K
NA18873 HG00741#1#JAHALY010000007.1_18781197_19307680_1$HG02622#1#JAHAOO010000002.1_16673678_17080663_0	0.9709350967455245 1K
NA18873 HG00741#1#JAHALY010000007.1_18781197_19307680_1$HG02717#1#JAHAOS010000015.1_16660311_17067250_0	0.9709280198709970 1K
NA18873 AV_HG01106#haplotype2#0000932:16673968$17175925$HG02723#1#JAHEOU010000204.1_2102082_2414876_1	0.9709012713760292 1K
NA18873 HG03710.verkko_filt_pat.fa:haplotype2_0000488_101614437_102218208_0$HG03927.verkko_filt_pat.fa:haplotype2_0000800_29002142_29504057_1	0.9708658200636058 1K
NA18873 HG01978#1#JAGYVS010000002.1_51519970_52021951_0$HG03710.verkko_filt_mat.fa:haplotype1_0000029_102593394_102907063_0	0.9708287468660577 1K
NA18873 HG03540#2#JAGYVX010000148.1_1368955_1877115_0$HG002.verkko_filt_pat.fa:haplotype2_0000649_147937390_148315979_1	0.9708112491643556 1K
NA18873 HG00741#1#JAHALY010000007.1_18781197_19307680_1$NA19240#2#JAHEOL010000010.1_37445323_37853017_0	0.9708062399618067 1K
NA18873 HG00733#1#JAHEPQ010000019.1_46106835_46420495_0$HG02004.verkko_filt_pat.fa:haplotype2_0000813_139386576_140076845_1	0.9708022418278672 1K
NA18873 HG00741#1#JAHALY010000007.1_18781197_19307680_1$HG02630#2#JAHAOP010000089.1_16669255_17076135_0	0.9707948250987904 1K
NA18873 HG00741#1#JAHALY010000007.1_18781197_19307680_1$HG02300.verkko_filt_mat.fa:haplotype1_0000028_144052837_144460586_1	0.9707937501155053 1K
NA18873 HG02080#1#JAHEOW010000048.1_16689583_17097287_0$HG00741#1#JAHALY010000007.1_18781197_19307680_1	0.9707915159592229 1K
NA18873 HG01978#2#JAGYVR010000007.1_51532241_51939176_0$HG01358#1#JAGYZB010000020.1_27445742_27855492_1	0.9707908483398371 1K
NA18873 HG01978#1#JAGYVS010000002.1_51519970_52021951_0$HG02886#2#JAHAOT010000031.1_87393_401061_0	0.9707864831295473 1K
NA18873 HG03098#2#JAHEPL010000003.1_93803759_94117426_0$HG02071.verkko_filt_pat.fa:haplotype2_0000736_102745972_103248026_0	0.9707802384166185 1K
NA18873 HG02886#2#JAHAOT010000031.1_87393_401061_0$HG02293.verkko_filt_pat.fa:haplotype2_0000836_148310532_148812524_1	0.9707521633455850 1K
NA18873 HG01358#1#JAGYZB010000020.1_27445742_27855492_1$HG02300.verkko_filt_pat.fa:haplotype2_0000620_143362344_143769323_1	0.9707297676902846 1K
NA18873 NA18906#2#JAHEON010000009.1_93748295_94249275_0$HG03710.verkko_filt_pat.fa:haplotype2_0000488_101614437_102218208_0	0.9707067595896446 1K
NA18873 HG01358#1#JAGYZB010000020.1_27445742_27855492_1$HG02004.verkko_filt_mat.fa:haplotype1_0000022_97828542_98235483_0	0.9706852776755807 1K
NA18873 AV_HG01106#haplotype2#0000932:16673968$17175925$HG03710.verkko_filt_pat.fa:haplotype2_0000488_101614437_102218208_0	0.9706850820763696 1K
NA18873 HG01928#1#JAGYVQ010000053.1_16676493_17083407_0$HG01358#1#JAGYZB010000020.1_27445742_27855492_1	0.9706850475615370 1K
NA18873 AV_HG00673#haplotype1#0000019:16627360$17129375$HG02886#2#JAHAOT010000031.1_87393_401061_0	0.9706650750307807 1K
NA18873 HG00621#1#JAHBCD010000034.1_2122997_2624098_1$HG02886#2#JAHAOT010000031.1_87393_401061_0	0.9706555623954989 1K
NA18873 HG00741#1#JAHALY010000007.1_18781197_19307680_1$HG03927.verkko_filt_mat.fa:haplotype1_0000009_134765170_135173010_1	0.9706365955674501 1K
NA18873 AV_HG01361#haplotype1#0000023:101593539$102001341$HG00741#1#JAHALY010000007.1_18781197_19307680_1	0.9706182312998014 1K
NA18873 HG02080#2#JAHEOV010000017.1_16662177_17164189_0$HG02886#2#JAHAOT010000031.1_87393_401061_0	0.9706105794440777 1K
NA18873 HG00741#1#JAHALY010000007.1_18781197_19307680_1$HG01099.verkko_filt_mat.fa:haplotype1_0000034_142513097_142920876_1	0.9706088847821068 1K
NA18873 HG01123#1#JAGYYZ010000015.1_51528240_51935090_0$HG01358#1#JAGYZB010000020.1_27445742_27855492_1	0.9705977108636828 1K
NA18873 HG01358#1#JAGYZB010000020.1_27445742_27855492_1$HG02717#2#JAHAOR010000006.1_19663827_20070693_1	0.9705970754587944 1K
NA18873 HG01978#1#JAGYVS010000002.1_51519970_52021951_0$HG03710.verkko_filt_pat.fa:haplotype2_0000488_101614437_102218208_0	0.9705877816815693 1K
NA18873 AV_HG01361#haplotype2#0001322:101872897$102186552$HG01978#1#JAGYVS010000002.1_51519970_52021951_0	0.9705809761791028 1K
NA18873 HG02886#2#JAHAOT010000031.1_87393_401061_0$HG04228.verkko_filt_mat.fa:haplotype1_0000023_103429213_103930285_0	0.9705666561075765 1K
NA18873 HG00741#1#JAHALY010000007.1_18781197_19307680_1$HG03516#1#JAGYYT010000012.1_24170958_24578778_1	0.9705363686166838 1K
NA18873 AV_HG01106#haplotype2#0000932:16673968$17175925$HG04228.verkko_filt_pat.fa:haplotype2_0000600_103806749_104119491_0	0.9705315326315146 1K
NA18873 HG02723#1#JAHEOU010000204.1_2102082_2414876_1$HG01978#1#JAGYVS010000002.1_51519970_52021951_0	0.9704699212394799 1K
NA18873 HG01258#1#JAGYYV010000004.1_56955948_57456952_1$HG03710.verkko_filt_pat.fa:haplotype2_0000488_101614437_102218208_0	0.9704698772096735 1K
NA18873 HG02486#2#JAGYVL010000029.1_94163344_94570162_0$HG01358#1#JAGYZB010000020.1_27445742_27855492_1	0.9704476493726001 1K
NA18873 HG03710.verkko_filt_mat.fa:haplotype1_0000029_102593394_102907063_0$HG02293.verkko_filt_pat.fa:haplotype2_0000836_148310532_148812524_1	0.9704453194083358 1K
NA18873 HG01109#1#JAHEPA010000099.1_2104245_2511104_1$HG01358#1#JAGYZB010000020.1_27445742_27855492_1	0.9704297395602356 1K
NA18873 HG01071#1#JAHBCF010000053.1_26607100_27108065_1$HG03710.verkko_filt_pat.fa:haplotype2_0000488_101614437_102218208_0	0.9704161327557708 1K
NA18873 AV_HG00673#haplotype1#0000019:16627360$17129375$HG03710.verkko_filt_mat.fa:haplotype1_0000029_102593394_102907063_0	0.9703816527151745 1K
NA18873 HG02486#1#JAGYVM010000007.1_28868414_29370339_1$HG03710.verkko_filt_pat.fa:haplotype2_0000488_101614437_102218208_0	0.9703613380655917 1K
NA18873 HG00621#1#JAHBCD010000034.1_2122997_2624098_1$HG03710.verkko_filt_mat.fa:haplotype1_0000029_102593394_102907063_0	0.9703236198282928 1K
NA18873 HG02080#2#JAHEOV010000017.1_16662177_17164189_0$HG03710.verkko_filt_mat.fa:haplotype1_0000029_102593394_102907063_0	0.9703186401759040 1K
NA18873 HG005#1#JAHEPO010000002.1_51519219_51926067_0$HG01358#1#JAGYZB010000020.1_27445742_27855492_1	0.9703180843060770 1K
NA18873 HG04228.verkko_filt_mat.fa:haplotype1_0000023_103429213_103930285_0$HG03710.verkko_filt_mat.fa:haplotype1_0000029_102593394_102907063_0	0.9703161491982879 1K
NA18873 HG02080#2#JAHEOV010000017.1_16662177_17164189_0$HG03710.verkko_filt_pat.fa:haplotype2_0000488_101614437_102218208_0	0.9703047998627492 1K
NA18873 HG02886#1#JAHAOU010000178.1_62411_469262_0$HG01358#1#JAGYZB010000020.1_27445742_27855492_1	0.9702882375286330 1K
NA18873 AV_HG00673#haplotype1#0000019:16627360$17129375$HG03710.verkko_filt_pat.fa:haplotype2_0000488_101614437_102218208_0	0.9702758710423574 1K
NA18873 HG02886#2#JAHAOT010000031.1_87393_401061_0$HG02071.verkko_filt_pat.fa:haplotype2_0000736_102745972_103248026_0	0.9702658788290901 1K
NA18873 HG02559#2#JAGYVJ010000037.1_52167780_52574597_1$HG01358#1#JAGYZB010000020.1_27445742_27855492_1	0.9702590147495984 1K
NA18873 HG02630#2#JAHAOP010000089.1_16669255_17076135_0$HG01358#1#JAGYZB010000020.1_27445742_27855492_1	0.9702552864057299 1K
NA18873 HG00741#2#JAHALX010000013.1_51574319_51981226_0$HG01358#1#JAGYZB010000020.1_27445742_27855492_1	0.9702390556960480 1K
NA18873 AV_HG01361#haplotype2#0001322:101872897$102186552$HG04228.verkko_filt_mat.fa:haplotype1_0000023_103429213_103930285_0	0.9701889695072388 1K
NA18873 HG01978#1#JAGYVS010000002.1_51519970_52021951_0$HG04228.verkko_filt_pat.fa:haplotype2_0000600_103806749_104119491_0	0.9701884967219516 1K
NA18873 HG03710.verkko_filt_pat.fa:haplotype2_0000488_101614437_102218208_0$HG02293.verkko_filt_pat.fa:haplotype2_0000836_148310532_148812524_1	0.9701828229298760 1K
NA18873 HG03710.verkko_filt_pat.fa:haplotype2_0000488_101614437_102218208_0$HG02071.verkko_filt_pat.fa:haplotype2_0000736_102745972_103248026_0	0.9701644015151665 1K
NA18873 AV_HG01361#haplotype2#0001322:101872897$102186552$HG02293.verkko_filt_pat.fa:haplotype2_0000836_148310532_148812524_1	0.9701507968897084 1K
NA18873 AV_HG01361#haplotype2#0001322:101872897$102186552$HG00621#1#JAHBCD010000034.1_2122997_2624098_1	0.9701244867507456 1K
NA18873 HG02723#1#JAHEOU010000204.1_2102082_2414876_1$HG02293.verkko_filt_pat.fa:haplotype2_0000836_148310532_148812524_1	0.9701005471988837 1K
NA18873 AV_HG00673#haplotype2#0001165:24014011$24421797$HG00741#1#JAHALY010000007.1_18781197_19307680_1	0.9700712010881233 1K
NA18873 AV_HG00673#haplotype1#0000019:16627360$17129375$AV_HG01361#haplotype2#0001322:101872897$102186552	0.9700470763990000 1K
NA18873 HG02145#2#JAHKSF010000206.1_1005292_1413195_1$HG01358#1#JAGYZB010000020.1_27445742_27855492_1	0.9700399591777714 1K
NA18873 AV_HG01361#haplotype2#0001322:101872897$102186552$HG02080#2#JAHEOV010000017.1_16662177_17164189_0	0.9700397007002597 1K
NA18873 AV_HG00673#haplotype1#0000019:16627360$17129375$HG02723#1#JAHEOU010000204.1_2102082_2414876_1	0.9700211025547819 1K
NA18873 HG00621#1#JAHBCD010000034.1_2122997_2624098_1$HG03710.verkko_filt_pat.fa:haplotype2_0000488_101614437_102218208_0	0.9700123229951794 1K
NA18873 HG03710.verkko_filt_mat.fa:haplotype1_0000029_102593394_102907063_0$HG02071.verkko_filt_pat.fa:haplotype2_0000736_102745972_103248026_0	0.9699526450774509 1K
NA18873 HG02723#1#JAHEOU010000204.1_2102082_2414876_1$HG02080#2#JAHEOV010000017.1_16662177_17164189_0	0.9699502673863336 1K
NA18873 HG04228.verkko_filt_mat.fa:haplotype1_0000023_103429213_103930285_0$HG03710.verkko_filt_pat.fa:haplotype2_0000488_101614437_102218208_0	0.9699342912041042 1K
NA18873 HG03492#1#JAHEPI010000180.1_2103395_2543326_1$HG01358#1#JAGYZB010000020.1_27445742_27855492_1	0.9699143963852583 1K
NA18873 HG04228.verkko_filt_pat.fa:haplotype2_0000600_103806749_104119491_0$HG02293.verkko_filt_pat.fa:haplotype2_0000836_148310532_148812524_1	0.9699070633490650 1K
NA18873 AV_HG02257#haplotype2#0001152:102843493$103251377$HG01358#1#JAGYZB010000020.1_27445742_27855492_1	0.9698785025405140 1K
NA18873 AV_HG01106#haplotype2#0000932:16673968$17175925$HG02004.verkko_filt_pat.fa:haplotype2_0000813_139386576_140076845_1	0.9698453082939261 1K
NA18873 AV_HG01175#haplotype1#0000070:46006269$46414083$HG00741#1#JAHALY010000007.1_18781197_19307680_1	0.9698288873180128 1K
NA18873 AV_HG00673#haplotype1#0000019:16627360$17129375$HG04228.verkko_filt_pat.fa:haplotype2_0000600_103806749_104119491_0	0.9698196503735943 1K
NA18873 HG02630#1#JAHAOQ010000102.1_16672145_17079089_0$HG01358#1#JAGYZB010000020.1_27445742_27855492_1	0.9698092216335283 1K
NA18873 HG02080#2#JAHEOV010000017.1_16662177_17164189_0$HG04228.verkko_filt_pat.fa:haplotype2_0000600_103806749_104119491_0	0.9697888287305673 1K
NA18873 HG02622#1#JAHAOO010000002.1_16673678_17080663_0$HG01358#1#JAGYZB010000020.1_27445742_27855492_1	0.9697687757900081 1K
NA18873 HG01358#1#JAGYZB010000020.1_27445742_27855492_1$HG02818#1#JAHEOS010000101.1_89626_496613_0	0.9697296056096100 1K
NA18873 HG00741#1#JAHALY010000007.1_18781197_19307680_1$HG002.verkko_filt_mat.fa:haplotype1_0000005_138228497_138636354_1	0.9697104736459764 1K
NA18873 NA18906#1#JAHEOO010000054.1_2103477_2510435_1$HG01358#1#JAGYZB010000020.1_27445742_27855492_1	0.9697010815129031 1K
NA18873 HG02723#1#JAHEOU010000204.1_2102082_2414876_1$HG04228.verkko_filt_mat.fa:haplotype1_0000023_103429213_103930285_0	0.9696840482705342 1K
NA18873 HG00621#1#JAHBCD010000034.1_2122997_2624098_1$HG02723#1#JAHEOU010000204.1_2102082_2414876_1	0.9696755362469363 1K
NA18873 HG02723#1#JAHEOU010000204.1_2102082_2414876_1$HG02071.verkko_filt_pat.fa:haplotype2_0000736_102745972_103248026_0	0.9696627642823874 1K
NA18873 HG00741#1#JAHALY010000007.1_18781197_19307680_1$HG02071.verkko_filt_mat.fa:haplotype1_0000041_103610513_104018399_0	0.9696563424243227 1K
NA18873 AV_HG01106#haplotype2#0000932:16673968$17175925$HG02293.verkko_filt_mat.fa:haplotype1_0000039_30204405_30517145_1	0.9696541606277934 1K
NA18873 HG00741#1#JAHALY010000007.1_18781197_19307680_1$HG03453#2#JAGYVV010000088.1_22597550_23005370_1	0.9696500131937981 1K
NA18873 AV_HG01361#haplotype2#0001322:101872897$102186552$HG02071.verkko_filt_pat.fa:haplotype2_0000736_102745972_103248026_0	0.9696187784760174 1K
NA18873 HG02717#1#JAHAOS010000015.1_16660311_17067250_0$HG01358#1#JAGYZB010000020.1_27445742_27855492_1	0.9696149487781548 1K
NA18873 HG00741#1#JAHALY010000007.1_18781197_19307680_1$HG03486#1#JAHEOQ010000123.1_16677696_17085575_0	0.9696084676843485 1K
NA18873 AV_HG02148#haplotype2#0002863:16304803$16712699$HG00741#1#JAHALY010000007.1_18781197_19307680_1	0.9695953729006580 1K
NA18873 HG00621#2#JAHBCC010000031.1_16669999_17077865_0$HG00741#1#JAHALY010000007.1_18781197_19307680_1	0.9695818062510639 1K
NA18873 HG04228.verkko_filt_pat.fa:haplotype2_0000600_103806749_104119491_0$HG04228.verkko_filt_mat.fa:haplotype1_0000023_103429213_103930285_0	0.9695143032682023 1K
NA18873 HG00621#1#JAHBCD010000034.1_2122997_2624098_1$HG04228.verkko_filt_pat.fa:haplotype2_0000600_103806749_104119491_0	0.9694739899485952 1K
NA18873 AV_HG01106#haplotype2#0000932:16673968$17175925$HG01123#2#JAGYYY010000006.1_51579630_51892388_0	0.9694727407538263 1K
NA18873 HG01978#1#JAGYVS010000002.1_51519970_52021951_0$HG02004.verkko_filt_pat.fa:haplotype2_0000813_139386576_140076845_1	0.9694650689062598 1K
NA18873 HG00741#1#JAHALY010000007.1_18781197_19307680_1$HG02300.verkko_filt_pat.fa:haplotype2_0000620_143362344_143769323_1	0.9694050568640661 1K
NA18873 HG04228.verkko_filt_pat.fa:haplotype2_0000600_103806749_104119491_0$HG02071.verkko_filt_pat.fa:haplotype2_0000736_102745972_103248026_0	0.9693574866888448 1K
NA18873 HG00741#1#JAHALY010000007.1_18781197_19307680_1$HG01978#2#JAGYVR010000007.1_51532241_51939176_0	0.9693328572136155 1K
NA18873 HG00741#1#JAHALY010000007.1_18781197_19307680_1$chr1_hg38_103456064_103863972_0	0.9693311387321937 1K
NA18873 HG00741#1#JAHALY010000007.1_18781197_19307680_1$chr1_hg19_103998686_104406594_0	0.9693311387321937 1K
NA18873 HG00741#1#JAHALY010000007.1_18781197_19307680_1$HG005#2#JAHEPN010000023.1_51542210_51950070_0	0.9693017858343767 1K
NA18873 HG02723#2#JAHEOT010000034.1_19776337_20321518_1$HG03540#1#JAGYVY010000208.1_95187_596142_0	0.9692823986606702 1K
NA18873 HG00741#1#JAHALY010000007.1_18781197_19307680_1$HG02004.verkko_filt_mat.fa:haplotype1_0000022_97828542_98235483_0	0.9692813699951867 1K
NA18873 HG01978#1#JAGYVS010000002.1_51519970_52021951_0$HG02293.verkko_filt_mat.fa:haplotype1_0000039_30204405_30517145_1	0.9692393600516888 1K
NA18873 HG00741#1#JAHALY010000007.1_18781197_19307680_1$HG01928#1#JAGYVQ010000053.1_16676493_17083407_0	0.9691607517276691 1K
NA18873 HG04228.verkko_filt_mat.fa:haplotype1_0000023_103429213_103930285_0$HG02004.verkko_filt_pat.fa:haplotype2_0000813_139386576_140076845_1	0.9691290746950991 1K
NA18873 HG02723#2#JAHEOT010000034.1_19776337_20321518_1$HG01099.verkko_filt_pat.fa:haplotype2_0000583_143544270_144046196_1	0.9691067145697971 1K
NA18873 AV_HG00673#haplotype1#0000019:16627360$17129375$HG02004.verkko_filt_pat.fa:haplotype2_0000813_139386576_140076845_1	0.9690385229009231 1K
NA18873 HG02293.verkko_filt_mat.fa:haplotype1_0000039_30204405_30517145_1$HG02293.verkko_filt_pat.fa:haplotype2_0000836_148310532_148812524_1	0.9690115726764786 1K
NA18873 HG02080#2#JAHEOV010000017.1_16662177_17164189_0$HG02004.verkko_filt_pat.fa:haplotype2_0000813_139386576_140076845_1	0.9689919217841400 1K
NA18873 HG02145#1#JAHKSG010000134.1_2102465_2647653_1$HG03540#1#JAGYVY010000208.1_95187_596142_0	0.9689492725388767 1K
NA18873 HG03540#2#JAGYVX010000148.1_1368955_1877115_0$HG02004.verkko_filt_pat.fa:haplotype2_0000813_139386576_140076845_1	0.9689351451025388 1K
NA18873 AV_HG00673#haplotype1#0000019:16627360$17129375$HG02293.verkko_filt_mat.fa:haplotype1_0000039_30204405_30517145_1	0.9689154559664314 1K
NA18873 HG01123#2#JAGYYY010000006.1_51579630_51892388_0$HG02293.verkko_filt_pat.fa:haplotype2_0000836_148310532_148812524_1	0.9688918234385759 1K
NA18873 HG02080#2#JAHEOV010000017.1_16662177_17164189_0$HG02293.verkko_filt_mat.fa:haplotype1_0000039_30204405_30517145_1	0.9688837776552518 1K
NA18873 HG02145#1#JAHKSG010000134.1_2102465_2647653_1$HG01099.verkko_filt_pat.fa:haplotype2_0000583_143544270_144046196_1	0.9688698021736979 1K
NA18873 HG02004.verkko_filt_pat.fa:haplotype2_0000813_139386576_140076845_1$HG02071.verkko_filt_pat.fa:haplotype2_0000736_102745972_103248026_0	0.9687965070057389 1K
NA18873 AV_HG00673#haplotype1#0000019:16627360$17129375$HG01123#2#JAGYYY010000006.1_51579630_51892388_0	0.9687959254597667 1K
NA18873 HG00621#1#JAHBCD010000034.1_2122997_2624098_1$HG02004.verkko_filt_pat.fa:haplotype2_0000813_139386576_140076845_1	0.9687950049205323 1K
NA18873 HG01123#2#JAGYYY010000006.1_51579630_51892388_0$HG01978#1#JAGYVS010000002.1_51519970_52021951_0	0.9687930593586090 1K
NA18873 HG02004.verkko_filt_pat.fa:haplotype2_0000813_139386576_140076845_1$HG02293.verkko_filt_pat.fa:haplotype2_0000836_148310532_148812524_1	0.9686741181621696 1K
NA18873 HG01123#2#JAGYYY010000006.1_51579630_51892388_0$HG04228.verkko_filt_mat.fa:haplotype1_0000023_103429213_103930285_0	0.9686271551924774 1K
NA18873 HG01123#2#JAGYYY010000006.1_51579630_51892388_0$HG02080#2#JAHEOV010000017.1_16662177_17164189_0	0.9686128102451419 1K
NA18873 HG03098#2#JAHEPL010000003.1_93803759_94117426_0$HG03710.verkko_filt_pat.fa:haplotype2_0000488_101614437_102218208_0	0.9685968737568222 1K
NA18873 HG03453#2#JAGYVV010000088.1_22597550_23005370_1$HG002.verkko_filt_mat.fa:haplotype1_0000005_138228497_138636354_1	0.9685809176785285 1K
NA18873 HG02293.verkko_filt_mat.fa:haplotype1_0000039_30204405_30517145_1$HG02071.verkko_filt_pat.fa:haplotype2_0000736_102745972_103248026_0	0.9685753243068854 1K
NA18873 HG01123#2#JAGYYY010000006.1_51579630_51892388_0$HG02071.verkko_filt_pat.fa:haplotype2_0000736_102745972_103248026_0	0.9685661882446526 1K
NA18873 AV_HG01106#haplotype2#0000932:16673968$17175925$HG00438#2#JAHBCA010000012.1_51513023_51826723_0	0.9685650385481871 1K
NA18873 AV_HG01175#haplotype1#0000070:46006269$46414083$HG002.verkko_filt_mat.fa:haplotype1_0000005_138228497_138636354_1	0.9684940611513178 1K
NA18873 AV_HG01361#haplotype2#0001322:101872897$102186552$HG03710.verkko_filt_pat.fa:haplotype2_0000488_101614437_102218208_0	0.9684806149012221 1K
NA18873 HG02886#2#JAHAOT010000031.1_87393_401061_0$HG03710.verkko_filt_pat.fa:haplotype2_0000488_101614437_102218208_0	0.9684521031202895 1K
NA18873 AV_HG01106#haplotype2#0000932:16673968$17175925$HG00733#1#JAHEPQ010000019.1_46106835_46420495_0	0.9684234223849948 1K
NA18873 HG00621#1#JAHBCD010000034.1_2122997_2624098_1$HG01123#2#JAGYYY010000006.1_51579630_51892388_0	0.9684102891839520 1K
NA18873 HG03486#1#JAHEOQ010000123.1_16677696_17085575_0$HG03453#2#JAGYVV010000088.1_22597550_23005370_1	0.9684006227251097 1K
NA18873 HG00621#1#JAHBCD010000034.1_2122997_2624098_1$HG02293.verkko_filt_mat.fa:haplotype1_0000039_30204405_30517145_1	0.9683708031274681 1K
NA18873 HG04228.verkko_filt_mat.fa:haplotype1_0000023_103429213_103930285_0$HG02293.verkko_filt_mat.fa:haplotype1_0000039_30204405_30517145_1	0.9683657792509864 1K
NA18873 HG03453#2#JAGYVV010000088.1_22597550_23005370_1$HG02071.verkko_filt_mat.fa:haplotype1_0000041_103610513_104018399_0	0.9683623622109054 1K
NA18873 AV_HG01175#haplotype1#0000070:46006269$46414083$HG01978#2#JAGYVR010000007.1_51532241_51939176_0	0.9683331750819635 1K
NA18873 HG03710.verkko_filt_pat.fa:haplotype2_0000488_101614437_102218208_0$HG002.verkko_filt_pat.fa:haplotype2_0000649_147937390_148315979_1	0.9683295874404662 1K
NA18873 HG01928#1#JAGYVQ010000053.1_16676493_17083407_0$HG002.verkko_filt_mat.fa:haplotype1_0000005_138228497_138636354_1	0.9683279488485433 1K
NA18873 AV_HG01175#haplotype1#0000070:46006269$46414083$HG03486#1#JAHEOQ010000123.1_16677696_17085575_0	0.9683210693898047 1K
NA18873 HG03453#2#JAGYVV010000088.1_22597550_23005370_1$HG01978#2#JAGYVR010000007.1_51532241_51939176_0	0.9683167652457997 1K
NA18873 HG02071.verkko_filt_mat.fa:haplotype1_0000041_103610513_104018399_0$HG002.verkko_filt_mat.fa:haplotype1_0000005_138228497_138636354_1	0.9683141728513333 1K
NA18873 HG03710.verkko_filt_mat.fa:haplotype1_0000029_102593394_102907063_0$HG03710.verkko_filt_pat.fa:haplotype2_0000488_101614437_102218208_0	0.9683105979902841 1K
NA18873 HG01928#1#JAGYVQ010000053.1_16676493_17083407_0$HG03453#2#JAGYVV010000088.1_22597550_23005370_1	0.9682892054275938 1K
NA18873 HG03492#2#JAHEPH010000288.1_2098270_2432686_1$HG03540#2#JAGYVX010000148.1_1368955_1877115_0	0.9682571876498267 1K
NA18873 AV_HG02148#haplotype2#0002863:16304803$16712699$HG002.verkko_filt_mat.fa:haplotype1_0000005_138228497_138636354_1	0.9682409937341840 1K
NA18873 chr1_hg38_103456064_103863972_0$HG002.verkko_filt_mat.fa:haplotype1_0000005_138228497_138636354_1	0.9682362827624583 1K
NA18873 chr1_hg19_103998686_104406594_0$HG002.verkko_filt_mat.fa:haplotype1_0000005_138228497_138636354_1	0.9682362827624583 1K
NA18873 HG03540#2#JAGYVX010000148.1_1368955_1877115_0$HG01243#1#JAHEOY010000013.1_90081_424495_0	0.9682320050476279 1K
NA18873 AV_HG02257#haplotype2#0001152:102843493$103251377$HG02622#1#JAHAOO010000002.1_16673678_17080663_0	0.9682224392172599 1K
NA18873 AV_HG01175#haplotype1#0000070:46006269$46414083$HG03453#2#JAGYVV010000088.1_22597550_23005370_1	0.9682157826060612 1K
NA18873 HG03453#2#JAGYVV010000088.1_22597550_23005370_1$HG005#2#JAHEPN010000023.1_51542210_51950070_0	0.9682082445734292 1K
NA18873 AV_HG01175#haplotype1#0000070:46006269$46414083$HG01928#1#JAGYVQ010000053.1_16676493_17083407_0	0.9681935946160691 1K
NA18873 HG01978#2#JAGYVR010000007.1_51532241_51939176_0$HG002.verkko_filt_mat.fa:haplotype1_0000005_138228497_138636354_1	0.9681886455430753 1K
NA18873 chr1_hg38_103456064_103863972_0$HG03453#2#JAGYVV010000088.1_22597550_23005370_1	0.9681808758890766 1K
NA18873 chr1_hg19_103998686_104406594_0$HG03453#2#JAGYVV010000088.1_22597550_23005370_1	0.9681808758890766 1K
NA18873 HG005#2#JAHEPN010000023.1_51542210_51950070_0$HG002.verkko_filt_mat.fa:haplotype1_0000005_138228497_138636354_1	0.9681750802341312 1K
NA18873 HG00733#1#JAHEPQ010000019.1_46106835_46420495_0$HG03710.verkko_filt_pat.fa:haplotype2_0000488_101614437_102218208_0	0.9681703629401102 1K
NA18873 HG01978#2#JAGYVR010000007.1_51532241_51939176_0$HG02071.verkko_filt_mat.fa:haplotype1_0000041_103610513_104018399_0	0.9681692440303068 1K
NA18873 HG03710.verkko_filt_pat.fa:haplotype2_0000488_101614437_102218208_0$HG02293.verkko_filt_mat.fa:haplotype1_0000039_30204405_30517145_1	0.9681680807520404 1K
NA18873 HG00741#1#JAHALY010000007.1_18781197_19307680_1$HG03492#1#JAHEPI010000180.1_2103395_2543326_1	0.9681605170639519 1K
NA18873 HG00621#2#JAHBCC010000031.1_16669999_17077865_0$HG002.verkko_filt_mat.fa:haplotype1_0000005_138228497_138636354_1	0.9681574809269483 1K
NA18873 HG03453#2#JAGYVV010000088.1_22597550_23005370_1$HG02004.verkko_filt_mat.fa:haplotype1_0000022_97828542_98235483_0	0.9681462984655169 1K
NA18873 HG00438#2#JAHBCA010000012.1_51513023_51826723_0$HG03710.verkko_filt_pat.fa:haplotype2_0000488_101614437_102218208_0	0.9681433811093589 1K
NA18873 HG02004.verkko_filt_mat.fa:haplotype1_0000022_97828542_98235483_0$HG002.verkko_filt_mat.fa:haplotype1_0000005_138228497_138636354_1	0.9681368966723047 1K
NA18873 AV_HG01175#haplotype1#0000070:46006269$46414083$HG005#2#JAHEPN010000023.1_51542210_51950070_0	0.9681363915868552 1K
NA18873 HG01928#1#JAGYVQ010000053.1_16676493_17083407_0$HG02071.verkko_filt_mat.fa:haplotype1_0000041_103610513_104018399_0	0.9681332413682892 1K
NA18873 AV_HG01175#haplotype1#0000070:46006269$46414083$HG02004.verkko_filt_mat.fa:haplotype1_0000022_97828542_98235483_0	0.9681300752277104 1K
NA18873 HG002.verkko_filt_mat.fa:haplotype1_0000005_138228497_138636354_1$HG02300.verkko_filt_pat.fa:haplotype2_0000620_143362344_143769323_1	0.9681206355567196 1K
NA18873 HG03486#1#JAHEOQ010000123.1_16677696_17085575_0$HG01978#2#JAGYVR010000007.1_51532241_51939176_0	0.9681115663440885 1K
NA18873 HG00438#2#JAHBCA010000012.1_51513023_51826723_0$HG02293.verkko_filt_pat.fa:haplotype2_0000836_148310532_148812524_1	0.9680981268875780 1K
NA18873 HG03486#1#JAHEOQ010000123.1_16677696_17085575_0$HG02071.verkko_filt_mat.fa:haplotype1_0000041_103610513_104018399_0	0.9680934558411246 1K
NA18873 HG00621#2#JAHBCC010000031.1_16669999_17077865_0$HG01978#2#JAGYVR010000007.1_51532241_51939176_0	0.9680923886415492 1K
NA18873 HG03486#1#JAHEOQ010000123.1_16677696_17085575_0$HG002.verkko_filt_mat.fa:haplotype1_0000005_138228497_138636354_1	0.9680889766314418 1K
NA18873 HG00621#2#JAHBCC010000031.1_16669999_17077865_0$HG01928#1#JAGYVQ010000053.1_16676493_17083407_0	0.9680884339534206 1K
NA18873 AV_HG01175#haplotype1#0000070:46006269$46414083$HG00621#2#JAHBCC010000031.1_16669999_17077865_0	0.9680867994123072 1K
NA18873 AV_HG02257#haplotype2#0001152:102843493$103251377$HG02630#1#JAHAOQ010000102.1_16672145_17079089_0	0.9680833067714700 1K
NA18873 HG00621#2#JAHBCC010000031.1_16669999_17077865_0$HG02071.verkko_filt_mat.fa:haplotype1_0000041_103610513_104018399_0	0.9680822681821823 1K
NA18873 HG03486#1#JAHEOQ010000123.1_16677696_17085575_0$chr1_hg38_103456064_103863972_0	0.9680792137429025 1K
NA18873 HG03486#1#JAHEOQ010000123.1_16677696_17085575_0$chr1_hg19_103998686_104406594_0	0.9680792137429025 1K
NA18873 HG02071.verkko_filt_mat.fa:haplotype1_0000041_103610513_104018399_0$HG02004.verkko_filt_mat.fa:haplotype1_0000022_97828542_98235483_0	0.9680776607681790 1K
NA18873 HG00438#2#JAHBCA010000012.1_51513023_51826723_0$HG01978#1#JAGYVS010000002.1_51519970_52021951_0	0.9680714895909834 1K
NA18873 HG03486#1#JAHEOQ010000123.1_16677696_17085575_0$HG01928#1#JAGYVQ010000053.1_16676493_17083407_0	0.9680680746468066 1K
NA18873 AV_HG01175#haplotype1#0000070:46006269$46414083$chr1_hg38_103456064_103863972_0	0.9680617301660723 1K
NA18873 AV_HG01175#haplotype1#0000070:46006269$46414083$chr1_hg19_103998686_104406594_0	0.9680617301660723 1K
NA18873 HG02717#1#JAHAOS010000015.1_16660311_17067250_0$HG02145#2#JAHKSF010000206.1_1005292_1413195_1	0.9680432456501373 1K
NA18873 HG03540#2#JAGYVX010000148.1_1368955_1877115_0$HG01358#1#JAGYZB010000020.1_27445742_27855492_1	0.9680345501819174 1K
NA18873 AV_HG00673#haplotype1#0000019:16627360$17129375$HG00438#2#JAHBCA010000012.1_51513023_51826723_0	0.9680328281713100 1K
NA18873 HG02080#2#JAHEOV010000017.1_16662177_17164189_0$HG00438#2#JAHBCA010000012.1_51513023_51826723_0	0.9680318242428687 1K
NA18873 AV_HG02257#haplotype2#0001152:102843493$103251377$HG02145#2#JAHKSF010000206.1_1005292_1413195_1	0.9680252578364782 1K
NA18873 HG02717#1#JAHAOS010000015.1_16660311_17067250_0$HG02622#1#JAHAOO010000002.1_16673678_17080663_0	0.9680157226859585 1K
NA18873 HG00621#2#JAHBCC010000031.1_16669999_17077865_0$chr1_hg38_103456064_103863972_0	0.9680122931271408 1K
NA18873 HG00621#2#JAHBCC010000031.1_16669999_17077865_0$chr1_hg19_103998686_104406594_0	0.9680122931271408 1K
NA18873 HG02723#2#JAHEOT010000034.1_19776337_20321518_1$NA18906#2#JAHEON010000009.1_93748295_94249275_0	0.9680043647310419 1K
NA18873 HG005#2#JAHEPN010000023.1_51542210_51950070_0$HG02071.verkko_filt_mat.fa:haplotype1_0000041_103610513_104018399_0	0.9680043426750736 1K
NA18873 AV_HG02148#haplotype2#0002863:16304803$16712699$HG005#2#JAHEPN010000023.1_51542210_51950070_0	0.9680034762971361 1K
NA18873 HG03486#1#JAHEOQ010000123.1_16677696_17085575_0$HG02004.verkko_filt_mat.fa:haplotype1_0000022_97828542_98235483_0	0.9679966947022579 1K
NA18873 HG00621#2#JAHBCC010000031.1_16669999_17077865_0$HG03453#2#JAGYVV010000088.1_22597550_23005370_1	0.9679913840342816 1K
NA18873 HG02145#2#JAHKSF010000206.1_1005292_1413195_1$HG02622#1#JAHAOO010000002.1_16673678_17080663_0	0.9679876165684407 1K
NA18873 HG02630#1#JAHAOQ010000102.1_16672145_17079089_0$HG02145#2#JAHKSF010000206.1_1005292_1413195_1	0.9679829223724505 1K
NA18873 HG00621#1#JAHBCD010000034.1_2122997_2624098_1$HG00438#2#JAHBCA010000012.1_51513023_51826723_0	0.9679812631856862 1K
NA18873 HG00621#2#JAHBCC010000031.1_16669999_17077865_0$HG02004.verkko_filt_mat.fa:haplotype1_0000022_97828542_98235483_0	0.9679771697017964 1K
NA18873 HG005#2#JAHEPN010000023.1_51542210_51950070_0$HG02300.verkko_filt_pat.fa:haplotype2_0000620_143362344_143769323_1	0.9679619037901833 1K
NA18873 HG00621#2#JAHBCC010000031.1_16669999_17077865_0$HG005#2#JAHEPN010000023.1_51542210_51950070_0	0.9679596056777241 1K
NA18873 HG01978#1#JAGYVS010000002.1_51519970_52021951_0$HG00733#1#JAHEPQ010000019.1_46106835_46420495_0	0.9679531722059554 1K
NA18873 AV_HG01175#haplotype1#0000070:46006269$46414083$HG02071.verkko_filt_mat.fa:haplotype1_0000041_103610513_104018399_0	0.9679484000041183 1K
NA18873 AV_HG02148#haplotype2#0002863:16304803$16712699$HG03486#1#JAHEOQ010000123.1_16677696_17085575_0	0.9679254675021698 1K
NA18873 chr1_hg38_103456064_103863972_0$HG02300.verkko_filt_pat.fa:haplotype2_0000620_143362344_143769323_1	0.9679115487440392 1K
NA18873 chr1_hg19_103998686_104406594_0$HG02300.verkko_filt_pat.fa:haplotype2_0000620_143362344_143769323_1	0.9679115487440392 1K
NA18873 AV_HG02148#haplotype2#0002863:16304803$16712699$HG01928#1#JAGYVQ010000053.1_16676493_17083407_0	0.9679094780453307 1K
NA18873 AV_HG01175#haplotype1#0000070:46006269$46414083$HG02300.verkko_filt_pat.fa:haplotype2_0000620_143362344_143769323_1	0.9679060912117313 1K
NA18873 AV_HG02148#haplotype2#0002863:16304803$16712699$HG01978#2#JAGYVR010000007.1_51532241_51939176_0	0.9679051191398149 1K
NA18873 AV_HG02148#haplotype2#0002863:16304803$16712699$HG03453#2#JAGYVV010000088.1_22597550_23005370_1	0.9678764115692429 1K
NA18873 HG02071.verkko_filt_mat.fa:haplotype1_0000041_103610513_104018399_0$HG02300.verkko_filt_pat.fa:haplotype2_0000620_143362344_143769323_1	0.9678697482955037 1K
NA18873 HG03486#1#JAHEOQ010000123.1_16677696_17085575_0$HG005#2#JAHEPN010000023.1_51542210_51950070_0	0.9678678419523937 1K
NA18873 HG00438#2#JAHBCA010000012.1_51513023_51826723_0$HG04228.verkko_filt_mat.fa:haplotype1_0000023_103429213_103930285_0	0.9678669345899605 1K
NA18873 HG01071#1#JAHBCF010000053.1_26607100_27108065_1$HG02723#2#JAHEOT010000034.1_19776337_20321518_1	0.9678597761503016 1K
NA18873 chr1_hg38_103456064_103863972_0$HG02071.verkko_filt_mat.fa:haplotype1_0000041_103610513_104018399_0	0.9678579028712946 1K
NA18873 chr1_hg19_103998686_104406594_0$HG02071.verkko_filt_mat.fa:haplotype1_0000041_103610513_104018399_0	0.9678579028712946 1K
NA18873 AV_HG02257#haplotype2#0001152:102843493$103251377$HG02818#1#JAHEOS010000101.1_89626_496613_0	0.9678549231668211 1K
NA18873 HG03453#2#JAGYVV010000088.1_22597550_23005370_1$HG02300.verkko_filt_pat.fa:haplotype2_0000620_143362344_143769323_1	0.9678500187391503 1K
NA18873 HG02630#1#JAHAOQ010000102.1_16672145_17079089_0$HG02622#1#JAHAOO010000002.1_16673678_17080663_0	0.9678287566716052 1K
NA18873 AV_HG02148#haplotype2#0002863:16304803$16712699$chr1_hg38_103456064_103863972_0	0.9678010204784697 1K
NA18873 AV_HG02148#haplotype2#0002863:16304803$16712699$chr1_hg19_103998686_104406594_0	0.9678010204784697 1K
NA18873 HG02622#1#JAHAOO010000002.1_16673678_17080663_0$NA18906#1#JAHEOO010000054.1_2103477_2510435_1	0.9677923045646395 1K
NA18873 HG03579#2#JAGYVT010000094.1_51581892_51895531_0$HG03710.verkko_filt_pat.fa:haplotype2_0000488_101614437_102218208_0	0.9677907606134224 1K
NA18873 HG01928#1#JAGYVQ010000053.1_16676493_17083407_0$chr1_hg38_103456064_103863972_0	0.9677844769499593 1K
NA18873 HG01928#1#JAGYVQ010000053.1_16676493_17083407_0$chr1_hg19_103998686_104406594_0	0.9677844769499593 1K
NA18873 HG00621#2#JAHBCC010000031.1_16669999_17077865_0$HG03486#1#JAHEOQ010000123.1_16677696_17085575_0	0.9677781393444351 1K
NA18873 HG03710.verkko_filt_pat.fa:haplotype2_0000488_101614437_102218208_0$HG02647.verkko_filt_pat.fa:haplotype2_0000857_103738150_104051769_0	0.9677726010625551 1K
NA18873 chr1_hg38_103456064_103863972_0$HG01978#2#JAGYVR010000007.1_51532241_51939176_0	0.9677564404156374 1K
NA18873 chr1_hg19_103998686_104406594_0$HG01978#2#JAGYVR010000007.1_51532241_51939176_0	0.9677564404156374 1K
NA18873 HG01928#1#JAGYVQ010000053.1_16676493_17083407_0$HG02300.verkko_filt_pat.fa:haplotype2_0000620_143362344_143769323_1	0.9677561726923237 1K
NA18873 HG02630#1#JAHAOQ010000102.1_16672145_17079089_0$HG02717#1#JAHAOS010000015.1_16660311_17067250_0	0.9677505908115865 1K
NA18873 HG02145#2#JAHKSF010000206.1_1005292_1413195_1$NA18906#1#JAHEOO010000054.1_2103477_2510435_1	0.9677314866898759 1K
NA18873 HG02145#2#JAHKSF010000206.1_1005292_1413195_1$HG02818#1#JAHEOS010000101.1_89626_496613_0	0.9677310091066712 1K
NA18873 AV_HG02148#haplotype2#0002863:16304803$16712699$HG02004.verkko_filt_mat.fa:haplotype1_0000022_97828542_98235483_0	0.9677268154362738 1K
NA18873 AV_HG01175#haplotype1#0000070:46006269$46414083$AV_HG02148#haplotype2#0002863:16304803$16712699	0.9677246218699114 1K
NA18873 HG02723#2#JAHEOT010000034.1_19776337_20321518_1$HG02004.verkko_filt_pat.fa:haplotype2_0000813_139386576_140076845_1	0.9677240907733196 1K
NA18873 HG03486#1#JAHEOQ010000123.1_16677696_17085575_0$HG02300.verkko_filt_pat.fa:haplotype2_0000620_143362344_143769323_1	0.9677004615358172 1K
NA18873 chr1_hg38_103456064_103863972_0$HG02004.verkko_filt_mat.fa:haplotype1_0000022_97828542_98235483_0	0.9676971062416113 1K
NA18873 chr1_hg19_103998686_104406594_0$HG02004.verkko_filt_mat.fa:haplotype1_0000022_97828542_98235483_0	0.9676971062416113 1K
NA18873 AV_HG02148#haplotype2#0002863:16304803$16712699$HG02071.verkko_filt_mat.fa:haplotype1_0000041_103610513_104018399_0	0.9676720813324151 1K
NA18873 HG02145#1#JAHKSG010000134.1_2102465_2647653_1$NA18906#2#JAHEON010000009.1_93748295_94249275_0	0.9676640153660319 1K
NA18873 HG02717#1#JAHAOS010000015.1_16660311_17067250_0$HG02818#1#JAHEOS010000101.1_89626_496613_0	0.9676567836158071 1K
NA18873 HG02145#1#JAHKSG010000134.1_2102465_2647653_1$HG02004.verkko_filt_pat.fa:haplotype2_0000813_139386576_140076845_1	0.9676546007317954 1K
NA18873 HG02630#1#JAHAOQ010000102.1_16672145_17079089_0$HG02818#1#JAHEOS010000101.1_89626_496613_0	0.9676366355342045 1K
NA18873 HG01978#2#JAGYVR010000007.1_51532241_51939176_0$HG02300.verkko_filt_pat.fa:haplotype2_0000620_143362344_143769323_1	0.9676326088796446 1K
NA18873 AV_HG00673#haplotype1#0000019:16627360$17129375$HG00733#1#JAHEPQ010000019.1_46106835_46420495_0	0.9676185138169299 1K
NA18873 chr1_hg38_103456064_103863972_0$HG005#2#JAHEPN010000023.1_51542210_51950070_0	0.9676079242534781 1K
NA18873 chr1_hg19_103998686_104406594_0$HG005#2#JAHEPN010000023.1_51542210_51950070_0	0.9676079242534781 1K
NA18873 HG02622#1#JAHAOO010000002.1_16673678_17080663_0$HG02818#1#JAHEOS010000101.1_89626_496613_0	0.9676041016378631 1K
NA18873 HG02723#2#JAHEOT010000034.1_19776337_20321518_1$HG01258#1#JAGYYV010000004.1_56955948_57456952_1	0.9675966497606914 1K
NA18873 HG00438#2#JAHBCA010000012.1_51513023_51826723_0$HG02071.verkko_filt_pat.fa:haplotype2_0000736_102745972_103248026_0	0.9675772983992608 1K
NA18873 AV_HG02257#haplotype2#0001152:102843493$103251377$NA18906#1#JAHEOO010000054.1_2103477_2510435_1	0.9675444319621865 1K
NA18873 HG02080#2#JAHEOV010000017.1_16662177_17164189_0$HG00733#1#JAHEPQ010000019.1_46106835_46420495_0	0.9675381710740778 1K
NA18873 HG01891#1#JAGYVO010000014.1_22855818_23168577_1$HG03710.verkko_filt_pat.fa:haplotype2_0000488_101614437_102218208_0	0.9675327470619669 1K
NA18873 AV_HG02148#haplotype2#0002863:16304803$16712699$HG00621#2#JAHBCC010000031.1_16669999_17077865_0	0.9675320474552068 1K
NA18873 HG00733#1#JAHEPQ010000019.1_46106835_46420495_0$HG04228.verkko_filt_mat.fa:haplotype1_0000023_103429213_103930285_0	0.9675315374926661 1K
NA18873 HG01928#1#JAGYVQ010000053.1_16676493_17083407_0$HG005#2#JAHEPN010000023.1_51542210_51950070_0	0.9675102135895450 1K
NA18873 HG02004.verkko_filt_mat.fa:haplotype1_0000022_97828542_98235483_0$HG02300.verkko_filt_pat.fa:haplotype2_0000620_143362344_143769323_1	0.9675015243872771 1K
NA18873 HG005#2#JAHEPN010000023.1_51542210_51950070_0$HG02004.verkko_filt_mat.fa:haplotype1_0000022_97828542_98235483_0	0.9674786751138685 1K
NA18873 HG02630#1#JAHAOQ010000102.1_16672145_17079089_0$NA18906#1#JAHEOO010000054.1_2103477_2510435_1	0.9674785145850068 1K
NA18873 HG01978#2#JAGYVR010000007.1_51532241_51939176_0$HG005#2#JAHEPN010000023.1_51542210_51950070_0	0.9674735535741472 1K
NA18873 HG00733#1#JAHEPQ010000019.1_46106835_46420495_0$HG02293.verkko_filt_pat.fa:haplotype2_0000836_148310532_148812524_1	0.9674694717406287 1K
NA18873 HG00621#1#JAHBCD010000034.1_2122997_2624098_1$HG00733#1#JAHEPQ010000019.1_46106835_46420495_0	0.9674637166556421 1K
NA18873 HG02723#2#JAHEOT010000034.1_19776337_20321518_1$HG02486#1#JAGYVM010000007.1_28868414_29370339_1	0.9673946638046339 1K
NA18873 HG04228.verkko_filt_pat.fa:haplotype2_0000600_103806749_104119491_0$HG03710.verkko_filt_pat.fa:haplotype2_0000488_101614437_102218208_0	0.9673735100042142 1K
NA18873 AV_HG01106#haplotype1#0000048:16666181$17262214$chr1_chm13_103304997_103901127_0	0.9673681139715226 1K
NA18873 HG02723#2#JAHEOT010000034.1_19776337_20321518_1$HG03927.verkko_filt_pat.fa:haplotype2_0000800_29002142_29504057_1	0.9673581134375494 1K
NA18873 HG01071#1#JAHBCF010000053.1_26607100_27108065_1$HG02145#1#JAHKSG010000134.1_2102465_2647653_1	0.9673305137395414 1K
NA18873 HG01123#2#JAGYYY010000006.1_51579630_51892388_0$HG03710.verkko_filt_pat.fa:haplotype2_0000488_101614437_102218208_0	0.9673081234076371 1K
NA18873 NA18906#1#JAHEOO010000054.1_2103477_2510435_1$HG02818#1#JAHEOS010000101.1_89626_496613_0	0.9673054731298786 1K
NA18873 HG00621#2#JAHBCC010000031.1_16669999_17077865_0$HG02300.verkko_filt_pat.fa:haplotype2_0000620_143362344_143769323_1	0.9672908216043753 1K
NA18873 HG00733#1#JAHEPQ010000019.1_46106835_46420495_0$HG02071.verkko_filt_pat.fa:haplotype2_0000736_102745972_103248026_0	0.9672651903413133 1K
NA18873 HG01258#1#JAGYYV010000004.1_56955948_57456952_1$HG02145#1#JAHKSG010000134.1_2102465_2647653_1	0.9672115080582927 1K
NA18873 HG02717#1#JAHAOS010000015.1_16660311_17067250_0$NA18906#1#JAHEOO010000054.1_2103477_2510435_1	0.9672111417785780 1K
NA18873 HG02723#1#JAHEOU010000204.1_2102082_2414876_1$HG03710.verkko_filt_pat.fa:haplotype2_0000488_101614437_102218208_0	0.9671907461916655 1K
NA18873 HG01928#1#JAGYVQ010000053.1_16676493_17083407_0$HG01978#2#JAGYVR010000007.1_51532241_51939176_0	0.9671730813483330 1K
NA18873 AV_HG02257#haplotype2#0001152:102843493$103251377$HG02717#1#JAHAOS010000015.1_16660311_17067250_0	0.9671620746855396 1K
NA18873 HG02109#2#JAHEPF010000078.1_16678387_16991144_0$HG03710.verkko_filt_pat.fa:haplotype2_0000488_101614437_102218208_0	0.9671201303446127 1K
NA18873 HG02145#1#JAHKSG010000134.1_2102465_2647653_1$HG03927.verkko_filt_pat.fa:haplotype2_0000800_29002142_29504057_1	0.9671089717591382 1K
NA18873 HG01928#1#JAGYVQ010000053.1_16676493_17083407_0$HG02004.verkko_filt_mat.fa:haplotype1_0000022_97828542_98235483_0	0.9670992110384767 1K
NA18873 chr1_hg19_103998686_104406594_0$chr1_hg38_103456064_103863972_0	0.9669357184212738 1K
NA18873 AV_HG02148#haplotype2#0002863:16304803$16712699$HG02300.verkko_filt_pat.fa:haplotype2_0000620_143362344_143769323_1	0.9669291068598053 1K
NA18873 HG02145#1#JAHKSG010000134.1_2102465_2647653_1$HG02486#1#JAGYVM010000007.1_28868414_29370339_1	0.9668918651557846 1K
NA18873 HG01978#2#JAGYVR010000007.1_51532241_51939176_0$HG02004.verkko_filt_mat.fa:haplotype1_0000022_97828542_98235483_0	0.9667765040681822 1K
NA18873 HG03492#2#JAHEPH010000288.1_2098270_2432686_1$HG03710.verkko_filt_pat.fa:haplotype2_0000488_101614437_102218208_0	0.9667196029500453 1K
NA18873 HG01243#1#JAHEOY010000013.1_90081_424495_0$HG03710.verkko_filt_pat.fa:haplotype2_0000488_101614437_102218208_0	0.9666674062743642 1K
NA18873 AV_HG01106#haplotype2#0000932:16673968$17175925$HG02723#2#JAHEOT010000034.1_19776337_20321518_1	0.9665414213343912 1K
NA18873 chr1_chm13_103304997_103901127_0$HG03710.verkko_filt_pat.fa:haplotype2_0000488_101614437_102218208_0	0.9663662364011891 1K
NA18873 AV_HG01106#haplotype2#0000932:16673968$17175925$HG02145#1#JAHKSG010000134.1_2102465_2647653_1	0.9662776091164984 1K
NA18873 AV_HG01106#haplotype1#0000048:16666181$17262214$HG03710.verkko_filt_pat.fa:haplotype2_0000488_101614437_102218208_0	0.9662750275142137 1K
NA18873 HG02723#2#JAHEOT010000034.1_19776337_20321518_1$HG01978#1#JAGYVS010000002.1_51519970_52021951_0	0.9662151399991932 1K
NA18873 HG02723#2#JAHEOT010000034.1_19776337_20321518_1$HG04228.verkko_filt_mat.fa:haplotype1_0000023_103429213_103930285_0	0.9661254455925509 1K
NA18873 HG01978#1#JAGYVS010000002.1_51519970_52021951_0$HG02145#1#JAHKSG010000134.1_2102465_2647653_1	0.9659729510604536 1K
NA18873 HG02723#2#JAHEOT010000034.1_19776337_20321518_1$HG02293.verkko_filt_pat.fa:haplotype2_0000836_148310532_148812524_1	0.9659658180170805 1K
NA18873 HG02080#2#JAHEOV010000017.1_16662177_17164189_0$HG02723#2#JAHEOT010000034.1_19776337_20321518_1	0.9658778935264001 1K
NA18873 AV_HG00673#haplotype1#0000019:16627360$17129375$HG02723#2#JAHEOT010000034.1_19776337_20321518_1	0.9658668111256531 1K
NA18873 HG00621#1#JAHBCD010000034.1_2122997_2624098_1$HG02723#2#JAHEOT010000034.1_19776337_20321518_1	0.9657723621704948 1K
NA18873 HG02723#2#JAHEOT010000034.1_19776337_20321518_1$HG02071.verkko_filt_pat.fa:haplotype2_0000736_102745972_103248026_0	0.9656385210383764 1K
NA18873 HG02145#1#JAHKSG010000134.1_2102465_2647653_1$HG02293.verkko_filt_pat.fa:haplotype2_0000836_148310532_148812524_1	0.9655797735113723 1K
NA18873 HG02145#1#JAHKSG010000134.1_2102465_2647653_1$HG04228.verkko_filt_mat.fa:haplotype1_0000023_103429213_103930285_0	0.9655153426377906 1K
NA18873 HG02080#2#JAHEOV010000017.1_16662177_17164189_0$HG02145#1#JAHKSG010000134.1_2102465_2647653_1	0.9654241318730616 1K
NA18873 HG00621#1#JAHBCD010000034.1_2122997_2624098_1$HG02145#1#JAHKSG010000134.1_2102465_2647653_1	0.9654061254882640 1K
NA18873 AV_HG00673#haplotype1#0000019:16627360$17129375$HG02145#1#JAHKSG010000134.1_2102465_2647653_1	0.9653892299482140 1K
NA18873 HG02145#1#JAHKSG010000134.1_2102465_2647653_1$HG02071.verkko_filt_pat.fa:haplotype2_0000736_102745972_103248026_0	0.9652007659776665 1K
NA18873 AV_HG01106#haplotype1#0000048:16666181$17262214$HG02004.verkko_filt_pat.fa:haplotype2_0000813_139386576_140076845_1	0.9648343177187965 1K
NA18873 HG03098#1#JAHEPM010000059.1_16676208_17105596_0$HG03710.verkko_filt_pat.fa:haplotype2_0000488_101614437_102218208_0	0.9646492806620989 1K
NA18873 chr1_chm13_103304997_103901127_0$HG02004.verkko_filt_pat.fa:haplotype2_0000813_139386576_140076845_1	0.9646455656572510 1K
NA18873 HG03710.verkko_filt_pat.fa:haplotype2_0000488_101614437_102218208_0$HG02647.verkko_filt_mat.fa:haplotype1_0000002_103892584_104321036_0	0.9644226503469943 1K
NA18873 NA20129#2#JAHEPD010000155.1_90039_569275_0$HG03098#1#JAHEPM010000059.1_16676208_17105596_0	0.9642850413111083 1K
NA18873 HG02055#2#JAHEPJ010000017.1_24870122_25298560_1$HG03710.verkko_filt_pat.fa:haplotype2_0000488_101614437_102218208_0	0.9642489402140245 1K
NA18873 HG03710.verkko_filt_pat.fa:haplotype2_0000488_101614437_102218208_0$HG02809.verkko_filt_mat.fa:haplotype1_0000023_94161320_94589755_0	0.9641162361990805 1K
NA18873 HG02622#2#JAHAON010000012.1_51551779_52031001_0$HG03098#1#JAHEPM010000059.1_16676208_17105596_0	0.9640658390675612 1K
NA18873 HG00741#1#JAHALY010000007.1_18781197_19307680_1$HG03540#2#JAGYVX010000148.1_1368955_1877115_0	0.9640632133410427 1K
NA18873 HG03540#2#JAGYVX010000148.1_1368955_1877115_0$HG01891#1#JAGYVO010000014.1_22855818_23168577_1	0.9637571735166509 1K
NA18873 HG00438#1#JAHBCB010000015.1_33474867_33954171_0$HG03098#1#JAHEPM010000059.1_16676208_17105596_0	0.9637549998703778 1K
NA18873 HG01109#2#JAHEOZ010000047.1_16671232_17151375_0$HG02647.verkko_filt_mat.fa:haplotype1_0000002_103892584_104321036_0	0.9637306230543613 1K
NA18873 HG00438#1#JAHBCB010000015.1_33474867_33954171_0$HG02647.verkko_filt_mat.fa:haplotype1_0000002_103892584_104321036_0	0.9637249162104999 1K
NA18873 HG00438#1#JAHBCB010000015.1_33474867_33954171_0$HG02055#2#JAHEPJ010000017.1_24870122_25298560_1	0.9637086605680356 1K
NA18873 NA20129#2#JAHEPD010000155.1_90039_569275_0$HG02647.verkko_filt_mat.fa:haplotype1_0000002_103892584_104321036_0	0.9637041749882226 1K
NA18873 HG03540#2#JAGYVX010000148.1_1368955_1877115_0$HG02647.verkko_filt_pat.fa:haplotype2_0000857_103738150_104051769_0	0.9636774873041858 1K
NA18873 HG03579#2#JAGYVT010000094.1_51581892_51895531_0$HG03540#2#JAGYVX010000148.1_1368955_1877115_0	0.9636678122200786 1K
NA18873 NA20129#2#JAHEPD010000155.1_90039_569275_0$HG03098#2#JAHEPL010000003.1_93803759_94117426_0	0.9636209164592724 1K
NA18873 NA20129#2#JAHEPD010000155.1_90039_569275_0$HG02055#2#JAHEPJ010000017.1_24870122_25298560_1	0.9635746276506107 1K
NA18873 NA20129#2#JAHEPD010000155.1_90039_569275_0$HG02809.verkko_filt_mat.fa:haplotype1_0000023_94161320_94589755_0	0.9635684194543412 1K
NA18873 HG00438#1#JAHBCB010000015.1_33474867_33954171_0$HG02809.verkko_filt_mat.fa:haplotype1_0000023_94161320_94589755_0	0.9635501116409698 1K
NA18873 HG01109#2#JAHEOZ010000047.1_16671232_17151375_0$HG02055#2#JAHEPJ010000017.1_24870122_25298560_1	0.9634880642089914 1K
NA18873 HG02622#2#JAHAON010000012.1_51551779_52031001_0$HG02647.verkko_filt_mat.fa:haplotype1_0000002_103892584_104321036_0	0.9634785057193204 1K
NA18873 HG00741#1#JAHALY010000007.1_18781197_19307680_1$HG002.verkko_filt_pat.fa:haplotype2_0000649_147937390_148315979_1	0.9634277787311233 1K
NA18873 HG01109#2#JAHEOZ010000047.1_16671232_17151375_0$HG02809.verkko_filt_mat.fa:haplotype1_0000023_94161320_94589755_0	0.9633688516078442 1K
NA18873 HG02622#2#JAHAON010000012.1_51551779_52031001_0$HG02055#2#JAHEPJ010000017.1_24870122_25298560_1	0.9633363419902247 1K
NA18873 HG02622#2#JAHAON010000012.1_51551779_52031001_0$HG02809.verkko_filt_mat.fa:haplotype1_0000023_94161320_94589755_0	0.9633301747968364 1K
NA18873 HG03098#2#JAHEPL010000003.1_93803759_94117426_0$HG02622#2#JAHAON010000012.1_51551779_52031001_0	0.9633141103942532 1K
NA18873 HG03098#1#JAHEPM010000059.1_16676208_17105596_0$HG01109#2#JAHEOZ010000047.1_16671232_17151375_0	0.9632211417957472 1K
NA18873 HG03540#2#JAGYVX010000148.1_1368955_1877115_0$HG02109#2#JAHEPF010000078.1_16678387_16991144_0	0.9631604411106073 1K
NA18873 HG03540#2#JAGYVX010000148.1_1368955_1877115_0$HG04228.verkko_filt_pat.fa:haplotype2_0000600_103806749_104119491_0	0.9631521375249166 1K
NA18873 HG02004.verkko_filt_pat.fa:haplotype2_0000813_139386576_140076845_1$HG03710.verkko_filt_pat.fa:haplotype2_0000488_101614437_102218208_0	0.9629589966812813 1K
NA18873 HG03098#2#JAHEPL010000003.1_93803759_94117426_0$HG03540#2#JAGYVX010000148.1_1368955_1877115_0	0.9629049798032970 1K
NA18873 HG03540#2#JAGYVX010000148.1_1368955_1877115_0$HG02647.verkko_filt_mat.fa:haplotype1_0000002_103892584_104321036_0	0.9627953911225794 1K
NA18873 HG02723#1#JAHEOU010000204.1_2102082_2414876_1$HG03540#2#JAGYVX010000148.1_1368955_1877115_0	0.9627466805648155 1K
NA18873 HG03453#1#JAGYVW010000157.1_2105722_2585000_1$HG03098#1#JAHEPM010000059.1_16676208_17105596_0	0.9627383323886687 1K
NA18873 HG00741#1#JAHALY010000007.1_18781197_19307680_1$HG01358#1#JAGYZB010000020.1_27445742_27855492_1	0.9626984344818915 1K
NA18873 HG03540#2#JAGYVX010000148.1_1368955_1877115_0$HG02055#2#JAHEPJ010000017.1_24870122_25298560_1	0.9626420638219770 1K
NA18873 NA20129#2#JAHEPD010000155.1_90039_569275_0$HG00438#2#JAHBCA010000012.1_51513023_51826723_0	0.9625305153318667 1K
NA18873 NA20129#2#JAHEPD010000155.1_90039_569275_0$HG03710.verkko_filt_mat.fa:haplotype1_0000029_102593394_102907063_0	0.9625003241875467 1K
NA18873 HG03540#2#JAGYVX010000148.1_1368955_1877115_0$HG02809.verkko_filt_mat.fa:haplotype1_0000023_94161320_94589755_0	0.9624983099698536 1K
NA18873 HG01358#1#JAGYZB010000020.1_27445742_27855492_1$HG03710.verkko_filt_pat.fa:haplotype2_0000488_101614437_102218208_0	0.9624916185569267 1K
NA18873 NA20129#2#JAHEPD010000155.1_90039_569275_0$HG02886#2#JAHAOT010000031.1_87393_401061_0	0.9624860639931228 1K
NA18873 HG03486#2#JAHEOP010000248.1_2105565_2584784_1$HG03098#1#JAHEPM010000059.1_16676208_17105596_0	0.9624843268938733 1K
NA18873 AV_HG01361#haplotype2#0001322:101872897$102186552$NA20129#2#JAHEPD010000155.1_90039_569275_0	0.9624837224946362 1K
NA18873 HG03540#2#JAGYVX010000148.1_1368955_1877115_0$HG02886#2#JAHAOT010000031.1_87393_401061_0	0.9624516123912907 1K
NA18873 HG03540#2#JAGYVX010000148.1_1368955_1877115_0$HG03098#1#JAHEPM010000059.1_16676208_17105596_0	0.9624459796403841 1K
NA18873 HG01123#2#JAGYYY010000006.1_51579630_51892388_0$HG03540#2#JAGYVX010000148.1_1368955_1877115_0	0.9624347278274576 1K
NA18873 HG03453#1#JAGYVW010000157.1_2105722_2585000_1$HG02647.verkko_filt_mat.fa:haplotype1_0000002_103892584_104321036_0	0.9623947191814338 1K
NA18873 HG03540#2#JAGYVX010000148.1_1368955_1877115_0$HG03710.verkko_filt_mat.fa:haplotype1_0000029_102593394_102907063_0	0.9623252184496784 1K
NA18873 AV_HG01361#haplotype2#0001322:101872897$102186552$HG03540#2#JAGYVX010000148.1_1368955_1877115_0	0.9622607435315773 1K
NA18873 HG03540#2#JAGYVX010000148.1_1368955_1877115_0$HG02293.verkko_filt_mat.fa:haplotype1_0000039_30204405_30517145_1	0.9622443741697030 1K
NA18873 HG02622#2#JAHAON010000012.1_51551779_52031001_0$HG00438#2#JAHBCA010000012.1_51513023_51826723_0	0.9622234338563328 1K
NA18873 HG02622#2#JAHAON010000012.1_51551779_52031001_0$HG03710.verkko_filt_mat.fa:haplotype1_0000029_102593394_102907063_0	0.9621934071012502 1K
NA18873 HG03486#2#JAHEOP010000248.1_2105565_2584784_1$HG02647.verkko_filt_mat.fa:haplotype1_0000002_103892584_104321036_0	0.9621657385773972 1K
NA18873 HG02622#2#JAHAON010000012.1_51551779_52031001_0$HG02886#2#JAHAOT010000031.1_87393_401061_0	0.9621515826408398 1K
NA18873 AV_HG01361#haplotype2#0001322:101872897$102186552$HG02622#2#JAHAON010000012.1_51551779_52031001_0	0.9621311316514713 1K
NA18873 HG03486#2#JAHEOP010000248.1_2105565_2584784_1$HG02055#2#JAHEPJ010000017.1_24870122_25298560_1	0.9620704971100353 1K
NA18873 HG03453#1#JAGYVW010000157.1_2105722_2585000_1$HG02055#2#JAHEPJ010000017.1_24870122_25298560_1	0.9620611693448605 1K
NA18873 HG03453#1#JAGYVW010000157.1_2105722_2585000_1$HG02809.verkko_filt_mat.fa:haplotype1_0000023_94161320_94589755_0	0.9619442180389123 1K
NA18873 HG03486#2#JAHEOP010000248.1_2105565_2584784_1$HG02809.verkko_filt_mat.fa:haplotype1_0000023_94161320_94589755_0	0.9619218751444856 1K
NA18873 HG03098#2#JAHEPL010000003.1_93803759_94117426_0$HG03486#2#JAHEOP010000248.1_2105565_2584784_1	0.9617714578629524 1K
NA18873 NA20129#2#JAHEPD010000155.1_90039_569275_0$HG02293.verkko_filt_mat.fa:haplotype1_0000039_30204405_30517145_1	0.9617234109038305 1K
NA18873 NA20129#2#JAHEPD010000155.1_90039_569275_0$HG00733#1#JAHEPQ010000019.1_46106835_46420495_0	0.9616844046176976 1K
NA18873 HG02622#2#JAHAON010000012.1_51551779_52031001_0$HG02293.verkko_filt_mat.fa:haplotype1_0000039_30204405_30517145_1	0.9614070711107023 1K
NA18873 HG02622#2#JAHAON010000012.1_51551779_52031001_0$HG00733#1#JAHEPQ010000019.1_46106835_46420495_0	0.9613771227603959 1K
NA18873 HG00438#2#JAHBCA010000012.1_51513023_51826723_0$HG03540#2#JAGYVX010000148.1_1368955_1877115_0	0.9613725973017556 1K
NA18873 HG03540#2#JAGYVX010000148.1_1368955_1877115_0$HG00733#1#JAHEPQ010000019.1_46106835_46420495_0	0.9613422411397563 1K
NA18873 HG01109#2#JAHEOZ010000047.1_16671232_17151375_0$HG02109#2#JAHEPF010000078.1_16678387_16991144_0	0.9612576962444457 1K
NA18873 HG00438#1#JAHBCB010000015.1_33474867_33954171_0$HG02647.verkko_filt_pat.fa:haplotype2_0000857_103738150_104051769_0	0.9612087830679438 1K
NA18873 HG03579#2#JAGYVT010000094.1_51581892_51895531_0$HG00438#1#JAHBCB010000015.1_33474867_33954171_0	0.9611783406843987 1K
NA18873 HG03486#2#JAHEOP010000248.1_2105565_2584784_1$HG03710.verkko_filt_mat.fa:haplotype1_0000029_102593394_102907063_0	0.9610369173682370 1K
NA18873 HG01109#2#JAHEOZ010000047.1_16671232_17151375_0$HG04228.verkko_filt_pat.fa:haplotype2_0000600_103806749_104119491_0	0.9609301414467680 1K
NA18873 HG03486#2#JAHEOP010000248.1_2105565_2584784_1$HG02886#2#JAHAOT010000031.1_87393_401061_0	0.9609192875156269 1K
NA18873 HG02723#1#JAHEOU010000204.1_2102082_2414876_1$HG01109#2#JAHEOZ010000047.1_16671232_17151375_0	0.9608263378380744 1K
NA18873 HG00438#1#JAHBCB010000015.1_33474867_33954171_0$HG02109#2#JAHEPF010000078.1_16678387_16991144_0	0.9608016087947198 1K
NA18873 NA20129#2#JAHEPD010000155.1_90039_569275_0$HG02109#2#JAHEPF010000078.1_16678387_16991144_0	0.9607929010228327 1K
NA18873 HG00438#1#JAHBCB010000015.1_33474867_33954171_0$HG01891#1#JAGYVO010000014.1_22855818_23168577_1	0.9607915613347991 1K
NA18873 HG03453#1#JAGYVW010000157.1_2105722_2585000_1$HG03098#2#JAHEPL010000003.1_93803759_94117426_0	0.9607840348621449 1K
NA18873 HG01123#2#JAGYYY010000006.1_51579630_51892388_0$HG01109#2#JAHEOZ010000047.1_16671232_17151375_0	0.9607577468120722 1K
NA18873 HG00741#1#JAHALY010000007.1_18781197_19307680_1$HG03710.verkko_filt_pat.fa:haplotype2_0000488_101614437_102218208_0	0.9607554550273740 1K
NA18873 NA20129#2#JAHEPD010000155.1_90039_569275_0$HG02647.verkko_filt_pat.fa:haplotype2_0000857_103738150_104051769_0	0.9607530512332991 1K
NA18873 HG03098#2#JAHEPL010000003.1_93803759_94117426_0$HG00438#1#JAHBCB010000015.1_33474867_33954171_0	0.9607414827360311 1K
NA18873 HG01109#2#JAHEOZ010000047.1_16671232_17151375_0$HG01891#1#JAGYVO010000014.1_22855818_23168577_1	0.9607388198921846 1K
NA18873 NA20129#2#JAHEPD010000155.1_90039_569275_0$HG03579#2#JAGYVT010000094.1_51581892_51895531_0	0.9607047486045337 1K
NA18873 HG00438#2#JAHBCA010000012.1_51513023_51826723_0$HG03486#2#JAHEOP010000248.1_2105565_2584784_1	0.9606812754930530 1K
NA18873 HG02723#1#JAHEOU010000204.1_2102082_2414876_1$HG00438#1#JAHBCB010000015.1_33474867_33954171_0	0.9606613613327025 1K
NA18873 HG01109#2#JAHEOZ010000047.1_16671232_17151375_0$HG02647.verkko_filt_pat.fa:haplotype2_0000857_103738150_104051769_0	0.9606092843995767 1K
NA18873 HG02723#1#JAHEOU010000204.1_2102082_2414876_1$NA20129#2#JAHEPD010000155.1_90039_569275_0	0.9605978290503793 1K
NA18873 HG03579#2#JAGYVT010000094.1_51581892_51895531_0$HG01109#2#JAHEOZ010000047.1_16671232_17151375_0	0.9605884450559753 1K
NA18873 AV_HG01361#haplotype2#0001322:101872897$102186552$HG03486#2#JAHEOP010000248.1_2105565_2584784_1	0.9605306244581540 1K
NA18873 HG03453#1#JAGYVW010000157.1_2105722_2585000_1$HG03710.verkko_filt_mat.fa:haplotype1_0000029_102593394_102907063_0	0.9605293331100836 1K
NA18873 HG03098#2#JAHEPL010000003.1_93803759_94117426_0$HG01109#2#JAHEOZ010000047.1_16671232_17151375_0	0.9604845451744535 1K
NA18873 HG00438#1#JAHBCB010000015.1_33474867_33954171_0$HG04228.verkko_filt_pat.fa:haplotype2_0000600_103806749_104119491_0	0.9604834221351823 1K
NA18873 NA20129#2#JAHEPD010000155.1_90039_569275_0$HG01891#1#JAGYVO010000014.1_22855818_23168577_1	0.9604736530228846 1K
NA18873 HG03486#2#JAHEOP010000248.1_2105565_2584784_1$HG00733#1#JAHEPQ010000019.1_46106835_46420495_0	0.9604622834001504 1K
NA18873 HG02622#2#JAHAON010000012.1_51551779_52031001_0$HG02109#2#JAHEPF010000078.1_16678387_16991144_0	0.9604585686287043 1K
NA18873 HG02622#2#JAHAON010000012.1_51551779_52031001_0$HG02647.verkko_filt_pat.fa:haplotype2_0000857_103738150_104051769_0	0.9604005124624893 1K
NA18873 HG03579#2#JAGYVT010000094.1_51581892_51895531_0$HG02622#2#JAHAON010000012.1_51551779_52031001_0	0.9603704279775072 1K
NA18873 NA20129#2#JAHEPD010000155.1_90039_569275_0$HG04228.verkko_filt_pat.fa:haplotype2_0000600_103806749_104119491_0	0.9603286311897381 1K
NA18873 HG02723#1#JAHEOU010000204.1_2102082_2414876_1$HG02622#2#JAHAON010000012.1_51551779_52031001_0	0.9602816059109631 1K
NA18873 AV_HG01361#haplotype2#0001322:101872897$102186552$HG03453#1#JAGYVW010000157.1_2105722_2585000_1	0.9602137813090221 1K
NA18873 HG03486#2#JAHEOP010000248.1_2105565_2584784_1$HG02293.verkko_filt_mat.fa:haplotype1_0000039_30204405_30517145_1	0.9602125195278353 1K
NA18873 NA20129#2#JAHEPD010000155.1_90039_569275_0$HG01123#2#JAGYYY010000006.1_51579630_51892388_0	0.9602106552905602 1K
NA18873 HG00741#1#JAHALY010000007.1_18781197_19307680_1$HG01243#1#JAHEOY010000013.1_90081_424495_0	0.9601796468497341 1K
NA18873 HG01123#2#JAGYYY010000006.1_51579630_51892388_0$HG00438#1#JAHBCB010000015.1_33474867_33954171_0	0.9601745304344377 1K
NA18873 HG00438#1#JAHBCB010000015.1_33474867_33954171_0$HG03710.verkko_filt_mat.fa:haplotype1_0000029_102593394_102907063_0	0.9601693803867167 1K
NA18873 HG00741#1#JAHALY010000007.1_18781197_19307680_1$HG03492#2#JAHEPH010000288.1_2098270_2432686_1	0.9601505867276650 1K
NA18873 HG02622#2#JAHAON010000012.1_51551779_52031001_0$HG01891#1#JAGYVO010000014.1_22855818_23168577_1	0.9600757301716559 1K
NA18873 HG02622#2#JAHAON010000012.1_51551779_52031001_0$HG04228.verkko_filt_pat.fa:haplotype2_0000600_103806749_104119491_0	0.9600305236054115 1K
NA18873 HG03453#1#JAGYVW010000157.1_2105722_2585000_1$HG00733#1#JAHEPQ010000019.1_46106835_46420495_0	0.9600160040284926 1K
NA18873 HG03516#2#JAGYYS010000004.1_24452130_24859892_1$HG002.verkko_filt_pat.fa:haplotype2_0000649_147937390_148315979_1	0.9599828708748777 1K
NA18873 HG02559#1#JAGYVK010000012.1_51505852_51913611_0$HG002.verkko_filt_pat.fa:haplotype2_0000649_147937390_148315979_1	0.9599703987070949 1K
NA18873 HG02818#2#JAHEOR010000010.1_31775319_32183091_1$HG002.verkko_filt_pat.fa:haplotype2_0000649_147937390_148315979_1	0.9599158721374903 1K
NA18873 HG03453#1#JAGYVW010000157.1_2105722_2585000_1$HG02886#2#JAHAOT010000031.1_87393_401061_0	0.9599133162521569 1K
NA18873 HG01123#2#JAGYYY010000006.1_51579630_51892388_0$HG02622#2#JAHAON010000012.1_51551779_52031001_0	0.9599032993854567 1K
NA18873 HG03579#1#JAGYVU010000029.1_91404_499180_0$HG002.verkko_filt_pat.fa:haplotype2_0000649_147937390_148315979_1	0.9598600009617467 1K
NA18873 HG02886#2#JAHAOT010000031.1_87393_401061_0$HG01109#2#JAHEOZ010000047.1_16671232_17151375_0	0.9598034786961636 1K
NA18873 HG03453#1#JAGYVW010000157.1_2105722_2585000_1$HG02293.verkko_filt_mat.fa:haplotype1_0000039_30204405_30517145_1	0.9597495449843850 1K
NA18873 HG03453#1#JAGYVW010000157.1_2105722_2585000_1$HG00438#2#JAHBCA010000012.1_51513023_51826723_0	0.9597481292845224 1K
NA18873 AV_HG01361#haplotype2#0001322:101872897$102186552$HG00438#1#JAHBCB010000015.1_33474867_33954171_0	0.9597437548628757 1K
NA18873 HG01109#2#JAHEOZ010000047.1_16671232_17151375_0$HG03710.verkko_filt_mat.fa:haplotype1_0000029_102593394_102907063_0	0.9597417231421532 1K
NA18873 NA19240#1#JAHEOM010000047.1_30103390_30511199_1$HG002.verkko_filt_pat.fa:haplotype2_0000649_147937390_148315979_1	0.9596926109304640 1K
NA18873 AV_HG01361#haplotype2#0001322:101872897$102186552$HG01109#2#JAHEOZ010000047.1_16671232_17151375_0	0.9596429418163753 1K
NA18873 HG00438#1#JAHBCB010000015.1_33474867_33954171_0$HG00438#2#JAHBCA010000012.1_51513023_51826723_0	0.9596318399660808 1K
NA18873 HG01109#2#JAHEOZ010000047.1_16671232_17151375_0$HG02293.verkko_filt_mat.fa:haplotype1_0000039_30204405_30517145_1	0.9596310652624976 1K
NA18873 HG00438#1#JAHBCB010000015.1_33474867_33954171_0$HG02886#2#JAHAOT010000031.1_87393_401061_0	0.9596157971814170 1K
NA18873 HG03486#2#JAHEOP010000248.1_2105565_2584784_1$HG02647.verkko_filt_pat.fa:haplotype2_0000857_103738150_104051769_0	0.9595600441917106 1K
NA18873 HG03579#2#JAGYVT010000094.1_51581892_51895531_0$HG03486#2#JAHEOP010000248.1_2105565_2584784_1	0.9595576298213319 1K
NA18873 HG00438#2#JAHBCA010000012.1_51513023_51826723_0$HG01109#2#JAHEOZ010000047.1_16671232_17151375_0	0.9595205542298995 1K
NA18873 HG00438#1#JAHBCB010000015.1_33474867_33954171_0$HG00733#1#JAHEPQ010000019.1_46106835_46420495_0	0.9594401051084611 1K
NA18873 HG03486#2#JAHEOP010000248.1_2105565_2584784_1$HG02109#2#JAHEPF010000078.1_16678387_16991144_0	0.9593470201242358 1K
NA18873 HG01109#2#JAHEOZ010000047.1_16671232_17151375_0$HG00733#1#JAHEPQ010000019.1_46106835_46420495_0	0.9592905481155193 1K
NA18873 HG02080#1#JAHEOW010000048.1_16689583_17097287_0$HG002.verkko_filt_pat.fa:haplotype2_0000649_147937390_148315979_1	0.9589346458693573 1K
NA18873 HG03486#2#JAHEOP010000248.1_2105565_2584784_1$HG01891#1#JAGYVO010000014.1_22855818_23168577_1	0.9589304916301169 1K
NA18873 HG03486#2#JAHEOP010000248.1_2105565_2584784_1$HG04228.verkko_filt_pat.fa:haplotype2_0000600_103806749_104119491_0	0.9588997608171658 1K
NA18873 HG00438#1#JAHBCB010000015.1_33474867_33954171_0$HG02293.verkko_filt_mat.fa:haplotype1_0000039_30204405_30517145_1	0.9588719002330567 1K
NA18873 AV_HG01361#haplotype1#0000023:101593539$102001341$HG002.verkko_filt_pat.fa:haplotype2_0000649_147937390_148315979_1	0.9587678821362088 1K
NA18873 HG02300.verkko_filt_mat.fa:haplotype1_0000028_144052837_144460586_1$HG002.verkko_filt_pat.fa:haplotype2_0000649_147937390_148315979_1	0.9587339593980571 1K
NA18873 HG01123#2#JAGYYY010000006.1_51579630_51892388_0$HG03486#2#JAHEOP010000248.1_2105565_2584784_1	0.9587335107593585 1K
NA18873 NA19240#2#JAHEOL010000010.1_37445323_37853017_0$HG002.verkko_filt_pat.fa:haplotype2_0000649_147937390_148315979_1	0.9586984907362237 1K
NA18873 HG02723#1#JAHEOU010000204.1_2102082_2414876_1$HG03486#2#JAHEOP010000248.1_2105565_2584784_1	0.9586457434115383 1K
NA18873 HG03453#1#JAGYVW010000157.1_2105722_2585000_1$HG02109#2#JAHEPF010000078.1_16678387_16991144_0	0.9585636288547610 1K
NA18873 HG02109#1#JAHEPG010000026.1_16673035_17080816_0$HG002.verkko_filt_pat.fa:haplotype2_0000649_147937390_148315979_1	0.9585541490651984 1K
NA18873 HG01099.verkko_filt_mat.fa:haplotype1_0000034_142513097_142920876_1$HG002.verkko_filt_pat.fa:haplotype2_0000649_147937390_148315979_1	0.9585023761881452 1K
NA18873 HG03453#1#JAGYVW010000157.1_2105722_2585000_1$HG04228.verkko_filt_pat.fa:haplotype2_0000600_103806749_104119491_0	0.9584941514629486 1K
NA18873 HG03516#1#JAGYYT010000012.1_24170958_24578778_1$HG002.verkko_filt_pat.fa:haplotype2_0000649_147937390_148315979_1	0.9584885196597671 1K
NA18873 HG03453#1#JAGYVW010000157.1_2105722_2585000_1$HG01123#2#JAGYYY010000006.1_51579630_51892388_0	0.9584805158418391 1K
NA18873 AV_HG00673#haplotype2#0001165:24014011$24421797$HG002.verkko_filt_pat.fa:haplotype2_0000649_147937390_148315979_1	0.9583357736755114 1K
NA18873 HG03927.verkko_filt_mat.fa:haplotype1_0000009_134765170_135173010_1$HG002.verkko_filt_pat.fa:haplotype2_0000649_147937390_148315979_1	0.9581654357010914 1K
NA18873 HG02723#1#JAHEOU010000204.1_2102082_2414876_1$HG03453#1#JAGYVW010000157.1_2105722_2585000_1	0.9581155739725236 1K
NA18873 HG03492#1#JAHEPI010000180.1_2103395_2543326_1$HG01243#1#JAHEOY010000013.1_90081_424495_0	0.9579155116128725 1K
NA18873 HG03492#2#JAHEPH010000288.1_2098270_2432686_1$HG03492#1#JAHEPI010000180.1_2103395_2543326_1	0.9578646314798557 1K
NA18873 HG02630#2#JAHAOP010000089.1_16669255_17076135_0$HG002.verkko_filt_pat.fa:haplotype2_0000649_147937390_148315979_1	0.9577461199683893 1K
NA18873 AV_HG01175#haplotype1#0000070:46006269$46414083$HG002.verkko_filt_pat.fa:haplotype2_0000649_147937390_148315979_1	0.9576842066088201 1K
NA18873 HG002.verkko_filt_mat.fa:haplotype1_0000005_138228497_138636354_1$HG002.verkko_filt_pat.fa:haplotype2_0000649_147937390_148315979_1	0.9576689932640559 1K
NA18873 HG02486#2#JAGYVL010000029.1_94163344_94570162_0$HG002.verkko_filt_pat.fa:haplotype2_0000649_147937390_148315979_1	0.9576389437487673 1K
NA18873 HG03486#1#JAHEOQ010000123.1_16677696_17085575_0$HG002.verkko_filt_pat.fa:haplotype2_0000649_147937390_148315979_1	0.9575355131154821 1K
NA18873 HG03453#1#JAGYVW010000157.1_2105722_2585000_1$HG02647.verkko_filt_pat.fa:haplotype2_0000857_103738150_104051769_0	0.9575084028918421 1K
NA18873 HG02886#1#JAHAOU010000178.1_62411_469262_0$HG002.verkko_filt_pat.fa:haplotype2_0000649_147937390_148315979_1	0.9574935780327989 1K
NA18873 chr1_hg38_103456064_103863972_0$HG002.verkko_filt_pat.fa:haplotype2_0000649_147937390_148315979_1	0.9574854848309678 1K
NA18873 chr1_hg19_103998686_104406594_0$HG002.verkko_filt_pat.fa:haplotype2_0000649_147937390_148315979_1	0.9574854848309678 1K
NA18873 HG03453#1#JAGYVW010000157.1_2105722_2585000_1$HG03579#2#JAGYVT010000094.1_51581892_51895531_0	0.9574796182257778 1K
NA18873 HG00621#2#JAHBCC010000031.1_16669999_17077865_0$HG002.verkko_filt_pat.fa:haplotype2_0000649_147937390_148315979_1	0.9574437762523259 1K
NA18873 HG02071.verkko_filt_mat.fa:haplotype1_0000041_103610513_104018399_0$HG002.verkko_filt_pat.fa:haplotype2_0000649_147937390_148315979_1	0.9574064516013912 1K
NA18873 HG03453#2#JAGYVV010000088.1_22597550_23005370_1$HG002.verkko_filt_pat.fa:haplotype2_0000649_147937390_148315979_1	0.9573891242236771 1K
NA18873 HG005#2#JAHEPN010000023.1_51542210_51950070_0$HG002.verkko_filt_pat.fa:haplotype2_0000649_147937390_148315979_1	0.9573553533450266 1K
NA18873 HG02809.verkko_filt_pat.fa:haplotype2_0001251_103421111_103827972_0$HG002.verkko_filt_pat.fa:haplotype2_0000649_147937390_148315979_1	0.9573536016376223 1K
NA18873 AV_HG02148#haplotype2#0002863:16304803$16712699$HG002.verkko_filt_pat.fa:haplotype2_0000649_147937390_148315979_1	0.9573041417810051 1K
NA18873 HG02723#2#JAHEOT010000034.1_19776337_20321518_1$HG03710.verkko_filt_pat.fa:haplotype2_0000488_101614437_102218208_0	0.9572328659838812 1K
NA18873 HG03453#1#JAGYVW010000157.1_2105722_2585000_1$HG01891#1#JAGYVO010000014.1_22855818_23168577_1	0.9572240580882596 1K
NA18873 HG01978#2#JAGYVR010000007.1_51532241_51939176_0$HG002.verkko_filt_pat.fa:haplotype2_0000649_147937390_148315979_1	0.9571875494163524 1K
NA18873 HG02004.verkko_filt_mat.fa:haplotype1_0000022_97828542_98235483_0$HG002.verkko_filt_pat.fa:haplotype2_0000649_147937390_148315979_1	0.9571136553397722 1K
NA18873 HG02145#1#JAHKSG010000134.1_2102465_2647653_1$HG03710.verkko_filt_pat.fa:haplotype2_0000488_101614437_102218208_0	0.9571065427982282 1K
NA18873 HG01928#1#JAGYVQ010000053.1_16676493_17083407_0$HG002.verkko_filt_pat.fa:haplotype2_0000649_147937390_148315979_1	0.9570879135370711 1K
NA18873 HG01258#2#JAGYYU010000072.1_51562603_51970395_0$HG002.verkko_filt_pat.fa:haplotype2_0000649_147937390_148315979_1	0.9568920924877595 1K
NA18873 HG02300.verkko_filt_pat.fa:haplotype2_0000620_143362344_143769323_1$HG002.verkko_filt_pat.fa:haplotype2_0000649_147937390_148315979_1	0.9568636552951770 1K
NA18873 HG02559#2#JAGYVJ010000037.1_52167780_52574597_1$HG002.verkko_filt_pat.fa:haplotype2_0000649_147937390_148315979_1	0.9565850297142268 1K
NA18873 HG02145#2#JAHKSF010000206.1_1005292_1413195_1$HG002.verkko_filt_pat.fa:haplotype2_0000649_147937390_148315979_1	0.9565182926216244 1K
NA18873 AV_HG02257#haplotype2#0001152:102843493$103251377$HG002.verkko_filt_pat.fa:haplotype2_0000649_147937390_148315979_1	0.9564435874846916 1K
NA18873 NA20129#2#JAHEPD010000155.1_90039_569275_0$HG02145#1#JAHKSG010000134.1_2102465_2647653_1	0.9564340271490542 1K
NA18873 HG01109#1#JAHEPA010000099.1_2104245_2511104_1$HG002.verkko_filt_pat.fa:haplotype2_0000649_147937390_148315979_1	0.9563444905991557 1K
NA18873 HG02723#2#JAHEOT010000034.1_19776337_20321518_1$HG01109#2#JAHEOZ010000047.1_16671232_17151375_0	0.9562790219301802 1K
NA18873 HG02630#1#JAHAOQ010000102.1_16672145_17079089_0$HG002.verkko_filt_pat.fa:haplotype2_0000649_147937390_148315979_1	0.9562752957417933 1K
NA18873 NA20129#2#JAHEPD010000155.1_90039_569275_0$HG02723#2#JAHEOT010000034.1_19776337_20321518_1	0.9562566941564724 1K
NA18873 HG02622#2#JAHAON010000012.1_51551779_52031001_0$HG02145#1#JAHKSG010000134.1_2102465_2647653_1	0.9562354284737846 1K
NA18873 HG02717#2#JAHAOR010000006.1_19663827_20070693_1$HG002.verkko_filt_pat.fa:haplotype2_0000649_147937390_148315979_1	0.9561883458604109 1K
NA18873 HG02717#1#JAHAOS010000015.1_16660311_17067250_0$HG002.verkko_filt_pat.fa:haplotype2_0000649_147937390_148315979_1	0.9561764079581293 1K
NA18873 HG03453#1#JAGYVW010000157.1_2105722_2585000_1$HG02723#2#JAHEOT010000034.1_19776337_20321518_1	0.9561678961072364 1K
NA18873 HG01123#1#JAGYYZ010000015.1_51528240_51935090_0$HG002.verkko_filt_pat.fa:haplotype2_0000649_147937390_148315979_1	0.9561564899918530 1K
NA18873 HG02818#1#JAHEOS010000101.1_89626_496613_0$HG002.verkko_filt_pat.fa:haplotype2_0000649_147937390_148315979_1	0.9561451659751866 1K
NA18873 NA18906#1#JAHEOO010000054.1_2103477_2510435_1$HG002.verkko_filt_pat.fa:haplotype2_0000649_147937390_148315979_1	0.9561415707696843 1K
NA18873 HG02622#2#JAHAON010000012.1_51551779_52031001_0$HG02723#2#JAHEOT010000034.1_19776337_20321518_1	0.9561122628923333 1K
NA18873 HG005#1#JAHEPO010000002.1_51519219_51926067_0$HG002.verkko_filt_pat.fa:haplotype2_0000649_147937390_148315979_1	0.9560866782879290 1K
NA18873 HG02622#1#JAHAOO010000002.1_16673678_17080663_0$HG002.verkko_filt_pat.fa:haplotype2_0000649_147937390_148315979_1	0.9560736042233163 1K
NA18873 HG00438#1#JAHBCB010000015.1_33474867_33954171_0$HG02145#1#JAHKSG010000134.1_2102465_2647653_1	0.9558347814616235 1K
NA18873 HG00741#2#JAHALX010000013.1_51574319_51981226_0$HG002.verkko_filt_pat.fa:haplotype2_0000649_147937390_148315979_1	0.9557608659112876 1K
NA18873 HG02723#2#JAHEOT010000034.1_19776337_20321518_1$HG03486#2#JAHEOP010000248.1_2105565_2584784_1	0.9556882314602811 1K
NA18873 HG00438#1#JAHBCB010000015.1_33474867_33954171_0$HG02723#2#JAHEOT010000034.1_19776337_20321518_1	0.9556159099820057 1K
NA18873 HG01109#2#JAHEOZ010000047.1_16671232_17151375_0$HG02145#1#JAHKSG010000134.1_2102465_2647653_1	0.9554856110785680 1K
NA18873 HG03453#1#JAGYVW010000157.1_2105722_2585000_1$HG02145#1#JAHKSG010000134.1_2102465_2647653_1	0.9551892110496710 1K
NA18873 HG03540#2#JAGYVX010000148.1_1368955_1877115_0$HG03710.verkko_filt_pat.fa:haplotype2_0000488_101614437_102218208_0	0.9551442959931339 1K
NA18873 HG01358#1#JAGYZB010000020.1_27445742_27855492_1$HG002.verkko_filt_pat.fa:haplotype2_0000649_147937390_148315979_1	0.9549466533618031 1K
NA18873 HG03486#2#JAHEOP010000248.1_2105565_2584784_1$HG02145#1#JAHKSG010000134.1_2102465_2647653_1	0.9547605215017713 1K
NA18873 HG03492#1#JAHEPI010000180.1_2103395_2543326_1$HG002.verkko_filt_pat.fa:haplotype2_0000649_147937390_148315979_1	0.9547026990486757 1K
NA18873 HG02723#2#JAHEOT010000034.1_19776337_20321518_1$HG03540#2#JAGYVX010000148.1_1368955_1877115_0	0.9544420806526187 1K
NA18873 HG03540#2#JAGYVX010000148.1_1368955_1877115_0$HG02145#1#JAHKSG010000134.1_2102465_2647653_1	0.9541773604008804 1K
NA18873 HG02818#2#JAHEOR010000010.1_31775319_32183091_1$HG01243#1#JAHEOY010000013.1_90081_424495_0	0.9537711503089019 1K
NA18873 HG02818#2#JAHEOR010000010.1_31775319_32183091_1$HG03492#2#JAHEPH010000288.1_2098270_2432686_1	0.9537166957981923 1K
NA18873 HG02559#1#JAGYVK010000012.1_51505852_51913611_0$HG01243#1#JAHEOY010000013.1_90081_424495_0	0.9536518988136826 1K
NA18873 HG02559#1#JAGYVK010000012.1_51505852_51913611_0$HG03492#2#JAHEPH010000288.1_2098270_2432686_1	0.9536497017712788 1K
NA18873 HG01243#1#JAHEOY010000013.1_90081_424495_0$NA19240#1#JAHEOM010000047.1_30103390_30511199_1	0.9535310639384943 1K
NA18873 HG01243#1#JAHEOY010000013.1_90081_424495_0$HG03516#2#JAGYYS010000004.1_24452130_24859892_1	0.9534933538684389 1K
NA18873 HG03492#2#JAHEPH010000288.1_2098270_2432686_1$NA19240#1#JAHEOM010000047.1_30103390_30511199_1	0.9534870549567580 1K
NA18873 HG03492#2#JAHEPH010000288.1_2098270_2432686_1$HG03516#2#JAGYYS010000004.1_24452130_24859892_1	0.9534702307053515 1K
NA18873 HG03492#2#JAHEPH010000288.1_2098270_2432686_1$HG03579#1#JAGYVU010000029.1_91404_499180_0	0.9533484042075440 1K
NA18873 HG01243#1#JAHEOY010000013.1_90081_424495_0$HG03579#1#JAGYVU010000029.1_91404_499180_0	0.9533087828373487 1K
NA18873 HG03492#2#JAHEPH010000288.1_2098270_2432686_1$NA19240#2#JAHEOL010000010.1_37445323_37853017_0	0.9523087481164974 1K
NA18873 HG03492#2#JAHEPH010000288.1_2098270_2432686_1$HG03516#1#JAGYYT010000012.1_24170958_24578778_1	0.9522904150385275 1K
NA18873 HG01243#1#JAHEOY010000013.1_90081_424495_0$NA19240#2#JAHEOL010000010.1_37445323_37853017_0	0.9522900230341049 1K
NA18873 HG01243#1#JAHEOY010000013.1_90081_424495_0$HG03516#1#JAGYYT010000012.1_24170958_24578778_1	0.9522614012192893 1K
NA18873 HG02080#1#JAHEOW010000048.1_16689583_17097287_0$HG03492#2#JAHEPH010000288.1_2098270_2432686_1	0.9522040758868070 1K
NA18873 HG02080#1#JAHEOW010000048.1_16689583_17097287_0$HG01243#1#JAHEOY010000013.1_90081_424495_0	0.9521643088178560 1K
NA18873 HG01243#1#JAHEOY010000013.1_90081_424495_0$HG02300.verkko_filt_mat.fa:haplotype1_0000028_144052837_144460586_1	0.9520589158964127 1K
NA18873 HG03492#2#JAHEPH010000288.1_2098270_2432686_1$HG02300.verkko_filt_mat.fa:haplotype1_0000028_144052837_144460586_1	0.9520567245136475 1K
NA18873 HG02109#1#JAHEPG010000026.1_16673035_17080816_0$HG01243#1#JAHEOY010000013.1_90081_424495_0	0.9519826988198899 1K
NA18873 HG03492#2#JAHEPH010000288.1_2098270_2432686_1$HG02109#1#JAHEPG010000026.1_16673035_17080816_0	0.9519804205246960 1K
NA18873 AV_HG01361#haplotype1#0000023:101593539$102001341$HG03492#2#JAHEPH010000288.1_2098270_2432686_1	0.9519622862399686 1K
NA18873 AV_HG01361#haplotype1#0000023:101593539$102001341$HG01243#1#JAHEOY010000013.1_90081_424495_0	0.9519435364663257 1K
NA18873 HG01243#1#JAHEOY010000013.1_90081_424495_0$HG03927.verkko_filt_mat.fa:haplotype1_0000009_134765170_135173010_1	0.9518442127742337 1K
NA18873 HG03492#2#JAHEPH010000288.1_2098270_2432686_1$HG03927.verkko_filt_mat.fa:haplotype1_0000009_134765170_135173010_1	0.9518210578304969 1K
NA18873 HG01243#1#JAHEOY010000013.1_90081_424495_0$HG01099.verkko_filt_mat.fa:haplotype1_0000034_142513097_142920876_1	0.9517471434004119 1K
NA18873 HG03492#2#JAHEPH010000288.1_2098270_2432686_1$HG01099.verkko_filt_mat.fa:haplotype1_0000034_142513097_142920876_1	0.9517449243041621 1K
NA18873 AV_HG00673#haplotype2#0001165:24014011$24421797$HG03492#2#JAHEPH010000288.1_2098270_2432686_1	0.9516085431510192 1K
NA18873 AV_HG00673#haplotype2#0001165:24014011$24421797$HG01243#1#JAHEOY010000013.1_90081_424495_0	0.9515793667804435 1K
NA18873 AV_HG01175#haplotype1#0000070:46006269$46414083$HG03492#2#JAHEPH010000288.1_2098270_2432686_1	0.9513257944754154 1K
NA18873 AV_HG01175#haplotype1#0000070:46006269$46414083$HG01243#1#JAHEOY010000013.1_90081_424495_0	0.9513175684740466 1K
NA18873 HG01243#1#JAHEOY010000013.1_90081_424495_0$HG002.verkko_filt_mat.fa:haplotype1_0000005_138228497_138636354_1	0.9512966016917541 1K
NA18873 HG03492#2#JAHEPH010000288.1_2098270_2432686_1$HG002.verkko_filt_mat.fa:haplotype1_0000005_138228497_138636354_1	0.9512734272329549 1K
NA18873 HG03486#1#JAHEOQ010000123.1_16677696_17085575_0$HG03492#2#JAHEPH010000288.1_2098270_2432686_1	0.9512042499959241 1K
NA18873 HG03486#1#JAHEOQ010000123.1_16677696_17085575_0$HG01243#1#JAHEOY010000013.1_90081_424495_0	0.9511960669310122 1K
NA18873 HG03453#2#JAGYVV010000088.1_22597550_23005370_1$HG01243#1#JAHEOY010000013.1_90081_424495_0	0.9510831630066667 1K
NA18873 HG03492#2#JAHEPH010000288.1_2098270_2432686_1$HG03453#2#JAGYVV010000088.1_22597550_23005370_1	0.9510704246083984 1K
NA18873 HG03492#2#JAHEPH010000288.1_2098270_2432686_1$chr1_hg38_103456064_103863972_0	0.9510313852513052 1K
NA18873 HG03492#2#JAHEPH010000288.1_2098270_2432686_1$chr1_hg19_103998686_104406594_0	0.9510313852513052 1K
NA18873 HG03492#2#JAHEPH010000288.1_2098270_2432686_1$HG02071.verkko_filt_mat.fa:haplotype1_0000041_103610513_104018399_0	0.9510257211256795 1K
NA18873 chr1_hg38_103456064_103863972_0$HG01243#1#JAHEOY010000013.1_90081_424495_0	0.9510231587870130 1K
NA18873 chr1_hg19_103998686_104406594_0$HG01243#1#JAHEOY010000013.1_90081_424495_0	0.9510231587870130 1K
NA18873 HG00621#2#JAHBCC010000031.1_16669999_17077865_0$HG01243#1#JAHEOY010000013.1_90081_424495_0	0.9510038914343245 1K
NA18873 HG01243#1#JAHEOY010000013.1_90081_424495_0$HG02071.verkko_filt_mat.fa:haplotype1_0000041_103610513_104018399_0	0.9509965873832961 1K
NA18873 HG00621#2#JAHBCC010000031.1_16669999_17077865_0$HG03492#2#JAHEPH010000288.1_2098270_2432686_1	0.9509911694389972 1K
NA18873 AV_HG02148#haplotype2#0002863:16304803$16712699$HG01243#1#JAHEOY010000013.1_90081_424495_0	0.9509746196593603 1K
NA18873 AV_HG02148#haplotype2#0002863:16304803$16712699$HG03492#2#JAHEPH010000288.1_2098270_2432686_1	0.9509723395899060 1K
NA18873 HG03492#2#JAHEPH010000288.1_2098270_2432686_1$HG005#2#JAHEPN010000023.1_51542210_51950070_0	0.9509456313069036 1K
NA18873 HG03492#2#JAHEPH010000288.1_2098270_2432686_1$HG02630#2#JAHAOP010000089.1_16669255_17076135_0	0.9509335353181289 1K
NA18873 HG01243#1#JAHEOY010000013.1_90081_424495_0$HG005#2#JAHEPN010000023.1_51542210_51950070_0	0.9509270327650408 1K
NA18873 HG02630#2#JAHAOP010000089.1_16669255_17076135_0$HG01243#1#JAHEOY010000013.1_90081_424495_0	0.9508634426600248 1K
NA18873 HG02559#1#JAGYVK010000012.1_51505852_51913611_0$HG02055#2#JAHEPJ010000017.1_24870122_25298560_1	0.9508531025124211 1K
NA18873 HG03492#2#JAHEPH010000288.1_2098270_2432686_1$HG02809.verkko_filt_pat.fa:haplotype2_0001251_103421111_103827972_0	0.9508361204933806 1K
NA18873 HG01928#1#JAGYVQ010000053.1_16676493_17083407_0$HG03492#2#JAHEPH010000288.1_2098270_2432686_1	0.9508355474624053 1K
NA18873 HG03492#2#JAHEPH010000288.1_2098270_2432686_1$HG02004.verkko_filt_mat.fa:haplotype1_0000022_97828542_98235483_0	0.9508320337740458 1K
NA18873 HG03492#2#JAHEPH010000288.1_2098270_2432686_1$HG01978#2#JAGYVR010000007.1_51532241_51939176_0	0.9508176393610279 1K
NA18873 HG02559#1#JAGYVK010000012.1_51505852_51913611_0$HG02647.verkko_filt_mat.fa:haplotype1_0000002_103892584_104321036_0	0.9508112451272341 1K
NA18873 HG01243#1#JAHEOY010000013.1_90081_424495_0$HG02809.verkko_filt_pat.fa:haplotype2_0001251_103421111_103827972_0	0.9507968124136976 1K
NA18873 HG01928#1#JAGYVQ010000053.1_16676493_17083407_0$HG01243#1#JAHEOY010000013.1_90081_424495_0	0.9507960832033905 1K
NA18873 HG01243#1#JAHEOY010000013.1_90081_424495_0$HG02004.verkko_filt_mat.fa:haplotype1_0000022_97828542_98235483_0	0.9507925738750171 1K
NA18873 HG01243#1#JAHEOY010000013.1_90081_424495_0$HG01978#2#JAGYVR010000007.1_51532241_51939176_0	0.9507781009450910 1K
NA18873 HG02559#1#JAGYVK010000012.1_51505852_51913611_0$HG02809.verkko_filt_mat.fa:haplotype1_0000023_94161320_94589755_0	0.9507616174468115 1K
NA18873 HG02818#2#JAHEOR010000010.1_31775319_32183091_1$HG02647.verkko_filt_mat.fa:haplotype1_0000002_103892584_104321036_0	0.9507446281046473 1K
NA18873 HG02055#2#JAHEPJ010000017.1_24870122_25298560_1$HG03516#2#JAGYYS010000004.1_24452130_24859892_1	0.9507420240519302 1K
NA18873 HG02055#2#JAHEPJ010000017.1_24870122_25298560_1$HG03579#1#JAGYVU010000029.1_91404_499180_0	0.9507284084101785 1K
NA18873 HG03516#2#JAGYYS010000004.1_24452130_24859892_1$HG02809.verkko_filt_mat.fa:haplotype1_0000023_94161320_94589755_0	0.9507233523569050 1K
NA18873 HG03579#1#JAGYVU010000029.1_91404_499180_0$HG02647.verkko_filt_mat.fa:haplotype1_0000002_103892584_104321036_0	0.9507028203158606 1K
NA18873 NA19240#1#JAHEOM010000047.1_30103390_30511199_1$HG02647.verkko_filt_mat.fa:haplotype1_0000002_103892584_104321036_0	0.9507013932273299 1K
NA18873 HG02818#2#JAHEOR010000010.1_31775319_32183091_1$HG02055#2#JAHEPJ010000017.1_24870122_25298560_1	0.9506735173668143 1K
NA18873 HG03516#2#JAGYYS010000004.1_24452130_24859892_1$HG02647.verkko_filt_mat.fa:haplotype1_0000002_103892584_104321036_0	0.9506677648595344 1K
NA18873 HG03579#1#JAGYVU010000029.1_91404_499180_0$HG02809.verkko_filt_mat.fa:haplotype1_0000023_94161320_94589755_0	0.9506449763343807 1K
NA18873 HG02055#2#JAHEPJ010000017.1_24870122_25298560_1$NA19240#1#JAHEOM010000047.1_30103390_30511199_1	0.9505977841257882 1K
NA18873 HG02818#2#JAHEOR010000010.1_31775319_32183091_1$HG02809.verkko_filt_mat.fa:haplotype1_0000023_94161320_94589755_0	0.9505908292440624 1K
NA18873 HG01243#1#JAHEOY010000013.1_90081_424495_0$HG02300.verkko_filt_pat.fa:haplotype2_0000620_143362344_143769323_1	0.9504811566948664 1K
NA18873 HG03098#1#JAHEPM010000059.1_16676208_17105596_0$HG03516#2#JAGYYS010000004.1_24452130_24859892_1	0.9504632022804556 1K
NA18873 HG03492#2#JAHEPH010000288.1_2098270_2432686_1$HG02486#2#JAGYVL010000029.1_94163344_94570162_0	0.9504606271505724 1K
NA18873 NA19240#1#JAHEOM010000047.1_30103390_30511199_1$HG02809.verkko_filt_mat.fa:haplotype1_0000023_94161320_94589755_0	0.9504503404558193 1K
NA18873 HG01243#1#JAHEOY010000013.1_90081_424495_0$HG02486#2#JAGYVL010000029.1_94163344_94570162_0	0.9504421384366667 1K
NA18873 HG02559#1#JAGYVK010000012.1_51505852_51913611_0$HG03098#1#JAHEPM010000059.1_16676208_17105596_0	0.9504371344803469 1K
NA18873 HG03492#2#JAHEPH010000288.1_2098270_2432686_1$HG02300.verkko_filt_pat.fa:haplotype2_0000620_143362344_143769323_1	0.9504056670343253 1K
NA18873 HG03098#1#JAHEPM010000059.1_16676208_17105596_0$HG03579#1#JAGYVU010000029.1_91404_499180_0	0.9503770009547354 1K
NA18873 HG03492#2#JAHEPH010000288.1_2098270_2432686_1$HG02886#1#JAHAOU010000178.1_62411_469262_0	0.9503443932911894 1K
NA18873 HG02886#1#JAHAOU010000178.1_62411_469262_0$HG01243#1#JAHEOY010000013.1_90081_424495_0	0.9503363463539615 1K
NA18873 HG02818#2#JAHEOR010000010.1_31775319_32183091_1$HG03098#1#JAHEPM010000059.1_16676208_17105596_0	0.9502836028356796 1K
NA18873 HG03492#2#JAHEPH010000288.1_2098270_2432686_1$HG01258#2#JAGYYU010000072.1_51562603_51970395_0	0.9502628124523385 1K
NA18873 HG03098#1#JAHEPM010000059.1_16676208_17105596_0$NA19240#1#JAHEOM010000047.1_30103390_30511199_1	0.9502319289953264 1K
NA18873 HG02559#2#JAGYVJ010000037.1_52167780_52574597_1$HG01243#1#JAHEOY010000013.1_90081_424495_0	0.9501951666797191 1K
NA18873 HG01243#1#JAHEOY010000013.1_90081_424495_0$HG01258#2#JAGYYU010000072.1_51562603_51970395_0	0.9501824466324534 1K
NA18873 HG02559#2#JAGYVJ010000037.1_52167780_52574597_1$HG03492#2#JAHEPH010000288.1_2098270_2432686_1	0.9501407683698109 1K
NA18873 HG03927.verkko_filt_mat.fa:haplotype1_0000009_134765170_135173010_1$HG02647.verkko_filt_mat.fa:haplotype1_0000002_103892584_104321036_0	0.9499728197413527 1K
NA18873 HG01109#1#JAHEPA010000099.1_2104245_2511104_1$HG01243#1#JAHEOY010000013.1_90081_424495_0	0.9499683257938192 1K
NA18873 HG02300.verkko_filt_mat.fa:haplotype1_0000028_144052837_144460586_1$HG02647.verkko_filt_mat.fa:haplotype1_0000002_103892584_104321036_0	0.9499455696835949 1K
NA18873 HG01109#1#JAHEPA010000099.1_2104245_2511104_1$HG03492#2#JAHEPH010000288.1_2098270_2432686_1	0.9499141198499865 1K
NA18873 NA19240#2#JAHEOL010000010.1_37445323_37853017_0$HG02647.verkko_filt_mat.fa:haplotype1_0000002_103892584_104321036_0	0.9498735921593755 1K
NA18873 HG02055#2#JAHEPJ010000017.1_24870122_25298560_1$HG03927.verkko_filt_mat.fa:haplotype1_0000009_134765170_135173010_1	0.9498535003600612 1K
NA18873 HG03516#1#JAGYYT010000012.1_24170958_24578778_1$HG02647.verkko_filt_mat.fa:haplotype1_0000002_103892584_104321036_0	0.9497726342743993 1K
NA18873 HG02080#1#JAHEOW010000048.1_16689583_17097287_0$HG02647.verkko_filt_mat.fa:haplotype1_0000002_103892584_104321036_0	0.9497603097647777 1K
NA18873 HG03492#2#JAHEPH010000288.1_2098270_2432686_1$HG02622#1#JAHAOO010000002.1_16673678_17080663_0	0.9497518244292869 1K
NA18873 AV_HG01361#haplotype1#0000023:101593539$102001341$HG02647.verkko_filt_mat.fa:haplotype1_0000002_103892584_104321036_0	0.9497452418402473 1K
NA18873 HG03492#2#JAHEPH010000288.1_2098270_2432686_1$HG02145#2#JAHKSF010000206.1_1005292_1413195_1	0.9497351798777109 1K
NA18873 HG02055#2#JAHEPJ010000017.1_24870122_25298560_1$NA19240#2#JAHEOL010000010.1_37445323_37853017_0	0.9497204323826640 1K
NA18873 HG02055#2#JAHEPJ010000017.1_24870122_25298560_1$HG02300.verkko_filt_mat.fa:haplotype1_0000028_144052837_144460586_1	0.9497182692314570 1K
NA18873 HG02145#2#JAHKSF010000206.1_1005292_1413195_1$HG01243#1#JAHEOY010000013.1_90081_424495_0	0.9497167162471554 1K
NA18873 HG02622#1#JAHAOO010000002.1_16673678_17080663_0$HG01243#1#JAHEOY010000013.1_90081_424495_0	0.9497127804834045 1K
NA18873 HG03927.verkko_filt_mat.fa:haplotype1_0000009_134765170_135173010_1$HG02809.verkko_filt_mat.fa:haplotype1_0000023_94161320_94589755_0	0.9497065347682236 1K
NA18873 HG02300.verkko_filt_mat.fa:haplotype1_0000028_144052837_144460586_1$HG02809.verkko_filt_mat.fa:haplotype1_0000023_94161320_94589755_0	0.9496830453438000 1K
NA18873 AV_HG02257#haplotype2#0001152:102843493$103251377$HG03492#2#JAHEPH010000288.1_2098270_2432686_1	0.9496711309401020 1K
NA18873 AV_HG01361#haplotype1#0000023:101593539$102001341$HG02055#2#JAHEPJ010000017.1_24870122_25298560_1	0.9496647625174716 1K
NA18873 AV_HG01361#haplotype1#0000023:101593539$102001341$HG02809.verkko_filt_mat.fa:haplotype1_0000023_94161320_94589755_0	0.9496621481108545 1K
NA18873 HG01099.verkko_filt_mat.fa:haplotype1_0000034_142513097_142920876_1$HG02647.verkko_filt_mat.fa:haplotype1_0000002_103892584_104321036_0	0.9496486057281717 1K
NA18873 HG01243#1#JAHEOY010000013.1_90081_424495_0$HG02717#2#JAHAOR010000006.1_19663827_20070693_1	0.9496439379989011 1K
NA18873 HG03492#2#JAHEPH010000288.1_2098270_2432686_1$HG02717#2#JAHAOR010000006.1_19663827_20070693_1	0.9496414349577708 1K
NA18873 HG02080#1#JAHEOW010000048.1_16689583_17097287_0$HG02055#2#JAHEPJ010000017.1_24870122_25298560_1	0.9496390804285733 1K
NA18873 HG02080#1#JAHEOW010000048.1_16689583_17097287_0$HG02809.verkko_filt_mat.fa:haplotype1_0000023_94161320_94589755_0	0.9496364502368606 1K
NA18873 AV_HG02257#haplotype2#0001152:102843493$103251377$HG01243#1#JAHEOY010000013.1_90081_424495_0	0.9496214325615973 1K
NA18873 HG005#1#JAHEPO010000002.1_51519219_51926067_0$HG03492#2#JAHEPH010000288.1_2098270_2432686_1	0.9496074271804177 1K
NA18873 NA19240#2#JAHEOL010000010.1_37445323_37853017_0$HG02809.verkko_filt_mat.fa:haplotype1_0000023_94161320_94589755_0	0.9496046143753829 1K
NA18873 HG03516#1#JAGYYT010000012.1_24170958_24578778_1$HG02055#2#JAHEPJ010000017.1_24870122_25298560_1	0.9495966468108082 1K
NA18873 HG005#1#JAHEPO010000002.1_51519219_51926067_0$HG01243#1#JAHEOY010000013.1_90081_424495_0	0.9495788946442802 1K
NA18873 HG03098#1#JAHEPM010000059.1_16676208_17105596_0$HG03927.verkko_filt_mat.fa:haplotype1_0000009_134765170_135173010_1	0.9495450971189611 1K
NA18873 HG03098#1#JAHEPM010000059.1_16676208_17105596_0$HG02300.verkko_filt_mat.fa:haplotype1_0000028_144052837_144460586_1	0.9495438367055535 1K
NA18873 HG02055#2#JAHEPJ010000017.1_24870122_25298560_1$HG01099.verkko_filt_mat.fa:haplotype1_0000034_142513097_142920876_1	0.9495275518057438 1K
NA18873 HG03492#2#JAHEPH010000288.1_2098270_2432686_1$HG02818#1#JAHEOS010000101.1_89626_496613_0	0.9495180676866301 1K
NA18873 HG01099.verkko_filt_mat.fa:haplotype1_0000034_142513097_142920876_1$HG02809.verkko_filt_mat.fa:haplotype1_0000023_94161320_94589755_0	0.9495006719448941 1K
NA18873 HG02080#1#JAHEOW010000048.1_16689583_17097287_0$HG03098#1#JAHEPM010000059.1_16676208_17105596_0	0.9494810867171590 1K
NA18873 HG03098#1#JAHEPM010000059.1_16676208_17105596_0$NA19240#2#JAHEOL010000010.1_37445323_37853017_0	0.9494661693913891 1K
NA18873 HG01243#1#JAHEOY010000013.1_90081_424495_0$HG02818#1#JAHEOS010000101.1_89626_496613_0	0.9494580364892977 1K
NA18873 HG03516#1#JAGYYT010000012.1_24170958_24578778_1$HG02809.verkko_filt_mat.fa:haplotype1_0000023_94161320_94589755_0	0.9494497409571209 1K
NA18873 AV_HG01361#haplotype1#0000023:101593539$102001341$HG03098#1#JAHEPM010000059.1_16676208_17105596_0	0.9494256945374637 1K
NA18873 HG03492#2#JAHEPH010000288.1_2098270_2432686_1$HG01123#1#JAGYYZ010000015.1_51528240_51935090_0	0.9493312900524954 1K
NA18873 HG03492#2#JAHEPH010000288.1_2098270_2432686_1$HG00741#2#JAHALX010000013.1_51574319_51981226_0	0.9493308068795940 1K
NA18873 HG01243#1#JAHEOY010000013.1_90081_424495_0$HG00741#2#JAHALX010000013.1_51574319_51981226_0	0.9493230450774566 1K
NA18873 HG02630#1#JAHAOQ010000102.1_16672145_17079089_0$HG03492#2#JAHEPH010000288.1_2098270_2432686_1	0.9493194055210401 1K
NA18873 HG02630#1#JAHAOQ010000102.1_16672145_17079089_0$HG01243#1#JAHEOY010000013.1_90081_424495_0	0.9492904766418886 1K
NA18873 HG03098#1#JAHEPM010000059.1_16676208_17105596_0$HG03516#1#JAGYYT010000012.1_24170958_24578778_1	0.9492883568241403 1K
NA18873 HG01123#1#JAGYYZ010000015.1_51528240_51935090_0$HG01243#1#JAHEOY010000013.1_90081_424495_0	0.9492614234693649 1K
NA18873 HG03098#1#JAHEPM010000059.1_16676208_17105596_0$HG01099.verkko_filt_mat.fa:haplotype1_0000034_142513097_142920876_1	0.9492481958658191 1K
NA18873 HG02717#1#JAHAOS010000015.1_16660311_17067250_0$HG03492#2#JAHEPH010000288.1_2098270_2432686_1	0.9492443436677349 1K
NA18873 HG02717#1#JAHAOS010000015.1_16660311_17067250_0$HG01243#1#JAHEOY010000013.1_90081_424495_0	0.9492049699629285 1K
NA18873 HG03492#2#JAHEPH010000288.1_2098270_2432686_1$NA18906#1#JAHEOO010000054.1_2103477_2510435_1	0.9491768989275404 1K
NA18873 HG01243#1#JAHEOY010000013.1_90081_424495_0$NA18906#1#JAHEOO010000054.1_2103477_2510435_1	0.9491688143392252 1K
NA18873 HG02109#1#JAHEPG010000026.1_16673035_17080816_0$HG02647.verkko_filt_mat.fa:haplotype1_0000002_103892584_104321036_0	0.9491561413236564 1K
NA18873 HG02109#1#JAHEPG010000026.1_16673035_17080816_0$HG02055#2#JAHEPJ010000017.1_24870122_25298560_1	0.9491181178539319 1K
NA18873 HG02109#1#JAHEPG010000026.1_16673035_17080816_0$HG02809.verkko_filt_mat.fa:haplotype1_0000023_94161320_94589755_0	0.9490441195481593 1K
NA18873 AV_HG00673#haplotype2#0001165:24014011$24421797$HG02647.verkko_filt_mat.fa:haplotype1_0000002_103892584_104321036_0	0.9490077934256141 1K
NA18873 HG03098#1#JAHEPM010000059.1_16676208_17105596_0$HG02486#2#JAGYVL010000029.1_94163344_94570162_0	0.9489999724465047 1K
NA18873 AV_HG00673#haplotype2#0001165:24014011$24421797$HG02809.verkko_filt_mat.fa:haplotype1_0000023_94161320_94589755_0	0.9489749562068075 1K
NA18873 HG03098#1#JAHEPM010000059.1_16676208_17105596_0$HG02717#2#JAHAOR010000006.1_19663827_20070693_1	0.9489736229676704 1K
NA18873 AV_HG00673#haplotype2#0001165:24014011$24421797$HG02055#2#JAHEPJ010000017.1_24870122_25298560_1	0.9489607116312160 1K
NA18873 HG03098#1#JAHEPM010000059.1_16676208_17105596_0$HG01258#2#JAGYYU010000072.1_51562603_51970395_0	0.9489563851945937 1K
NA18873 HG01123#1#JAGYYZ010000015.1_51528240_51935090_0$HG03098#1#JAHEPM010000059.1_16676208_17105596_0	0.9489340957487828 1K
NA18873 HG03098#1#JAHEPM010000059.1_16676208_17105596_0$HG02809.verkko_filt_pat.fa:haplotype2_0001251_103421111_103827972_0	0.9489027519485312 1K
NA18873 HG02886#1#JAHAOU010000178.1_62411_469262_0$HG03098#1#JAHEPM010000059.1_16676208_17105596_0	0.9488606837084264 1K
NA18873 AV_HG00673#haplotype2#0001165:24014011$24421797$HG03098#1#JAHEPM010000059.1_16676208_17105596_0	0.9487961823468950 1K
NA18873 HG01258#2#JAGYYU010000072.1_51562603_51970395_0$HG02647.verkko_filt_mat.fa:haplotype1_0000002_103892584_104321036_0	0.9487027487757360 1K
NA18873 HG02055#2#JAHEPJ010000017.1_24870122_25298560_1$HG01258#2#JAGYYU010000072.1_51562603_51970395_0	0.9486659598518669 1K
NA18873 HG02109#1#JAHEPG010000026.1_16673035_17080816_0$HG03098#1#JAHEPM010000059.1_16676208_17105596_0	0.9486327503675966 1K
NA18873 HG01109#1#JAHEPA010000099.1_2104245_2511104_1$HG03098#1#JAHEPM010000059.1_16676208_17105596_0	0.9485845482498874 1K
NA18873 HG03098#1#JAHEPM010000059.1_16676208_17105596_0$HG00741#2#JAHALX010000013.1_51574319_51981226_0	0.9485421451662255 1K
NA18873 HG01258#2#JAGYYU010000072.1_51562603_51970395_0$HG02809.verkko_filt_mat.fa:haplotype1_0000023_94161320_94589755_0	0.9485126738236980 1K
NA18873 AV_HG01175#haplotype1#0000070:46006269$46414083$HG02647.verkko_filt_mat.fa:haplotype1_0000002_103892584_104321036_0	0.9485124646630385 1K
NA18873 HG005#1#JAHEPO010000002.1_51519219_51926067_0$HG03098#1#JAHEPM010000059.1_16676208_17105596_0	0.9484704516275557 1K
NA18873 HG02630#2#JAHAOP010000089.1_16669255_17076135_0$HG03098#1#JAHEPM010000059.1_16676208_17105596_0	0.9484541270810177 1K
NA18873 HG03453#2#JAGYVV010000088.1_22597550_23005370_1$HG02647.verkko_filt_mat.fa:haplotype1_0000002_103892584_104321036_0	0.9484078613750393 1K
NA18873 HG02486#2#JAGYVL010000029.1_94163344_94570162_0$HG02647.verkko_filt_mat.fa:haplotype1_0000002_103892584_104321036_0	0.9484000503497706 1K
NA18873 HG02647.verkko_filt_mat.fa:haplotype1_0000002_103892584_104321036_0$HG02809.verkko_filt_pat.fa:haplotype2_0001251_103421111_103827972_0	0.9483834536639972 1K
NA18873 HG02717#2#JAHAOR010000006.1_19663827_20070693_1$HG02647.verkko_filt_mat.fa:haplotype1_0000002_103892584_104321036_0	0.9483409339902644 1K
NA18873 HG002.verkko_filt_mat.fa:haplotype1_0000005_138228497_138636354_1$HG02647.verkko_filt_mat.fa:haplotype1_0000002_103892584_104321036_0	0.9483406787133027 1K
NA18873 HG03486#1#JAHEOQ010000123.1_16677696_17085575_0$HG02647.verkko_filt_mat.fa:haplotype1_0000002_103892584_104321036_0	0.9483279934762864 1K
NA18873 HG00621#2#JAHBCC010000031.1_16669999_17077865_0$HG02647.verkko_filt_mat.fa:haplotype1_0000002_103892584_104321036_0	0.9482996943997895 1K
NA18873 HG02071.verkko_filt_mat.fa:haplotype1_0000041_103610513_104018399_0$HG02647.verkko_filt_mat.fa:haplotype1_0000002_103892584_104321036_0	0.9482721457614348 1K
NA18873 AV_HG01175#haplotype1#0000070:46006269$46414083$HG02055#2#JAHEPJ010000017.1_24870122_25298560_1	0.9482713034014492 1K
NA18873 HG02886#1#JAHAOU010000178.1_62411_469262_0$HG02647.verkko_filt_mat.fa:haplotype1_0000002_103892584_104321036_0	0.9482605704897479 1K
NA18873 HG02818#2#JAHEOR010000010.1_31775319_32183091_1$HG02723#2#JAHEOT010000034.1_19776337_20321518_1	0.9482535710523352 1K
NA18873 HG02055#2#JAHEPJ010000017.1_24870122_25298560_1$HG02809.verkko_filt_pat.fa:haplotype2_0001251_103421111_103827972_0	0.9482490640571335 1K
NA18873 HG02559#1#JAGYVK010000012.1_51505852_51913611_0$HG02723#2#JAHEOT010000034.1_19776337_20321518_1	0.9482469757777036 1K
NA18873 HG02055#2#JAHEPJ010000017.1_24870122_25298560_1$HG002.verkko_filt_mat.fa:haplotype1_0000005_138228497_138636354_1	0.9482454943479115 1K
NA18873 HG02630#1#JAHAOQ010000102.1_16672145_17079089_0$HG03098#1#JAHEPM010000059.1_16676208_17105596_0	0.9482343105910132 1K
NA18873 HG02055#2#JAHEPJ010000017.1_24870122_25298560_1$HG02486#2#JAGYVL010000029.1_94163344_94570162_0	0.9482246118786604 1K
NA18873 HG02145#2#JAHKSF010000206.1_1005292_1413195_1$HG03098#1#JAHEPM010000059.1_16676208_17105596_0	0.9482189024135357 1K
NA18873 HG03098#1#JAHEPM010000059.1_16676208_17105596_0$HG02818#1#JAHEOS010000101.1_89626_496613_0	0.9482162753536177 1K
NA18873 HG01123#1#JAGYYZ010000015.1_51528240_51935090_0$HG02647.verkko_filt_mat.fa:haplotype1_0000002_103892584_104321036_0	0.9482126111120999 1K
NA18873 HG02055#2#JAHEPJ010000017.1_24870122_25298560_1$HG02071.verkko_filt_mat.fa:haplotype1_0000041_103610513_104018399_0	0.9482094431556048 1K
NA18873 HG03453#2#JAGYVV010000088.1_22597550_23005370_1$HG02055#2#JAHEPJ010000017.1_24870122_25298560_1	0.9482082417832166 1K
NA18873 HG02809.verkko_filt_mat.fa:haplotype1_0000023_94161320_94589755_0$HG02809.verkko_filt_pat.fa:haplotype2_0001251_103421111_103827972_0	0.9482080261148284 1K
NA18873 HG03486#1#JAHEOQ010000123.1_16677696_17085575_0$HG02055#2#JAHEPJ010000017.1_24870122_25298560_1	0.9482009151408792 1K
NA18873 HG01109#1#JAHEPA010000099.1_2104245_2511104_1$HG02647.verkko_filt_mat.fa:haplotype1_0000002_103892584_104321036_0	0.9481928445514490 1K
NA18873 HG02055#2#JAHEPJ010000017.1_24870122_25298560_1$HG02717#2#JAHAOR010000006.1_19663827_20070693_1	0.9481834124894246 1K
NA18873 HG02809.verkko_filt_mat.fa:haplotype1_0000023_94161320_94589755_0$HG002.verkko_filt_mat.fa:haplotype1_0000005_138228497_138636354_1	0.9481792189210064 1K
NA18873 HG02886#1#JAHAOU010000178.1_62411_469262_0$HG02055#2#JAHEPJ010000017.1_24870122_25298560_1	0.9481744243045654 1K
NA18873 HG03098#1#JAHEPM010000059.1_16676208_17105596_0$NA18906#1#JAHEOO010000054.1_2103477_2510435_1	0.9481482252248338 1K
NA18873 HG00621#2#JAHBCC010000031.1_16669999_17077865_0$HG02055#2#JAHEPJ010000017.1_24870122_25298560_1	0.9481479530393546 1K
NA18873 HG02723#2#JAHEOT010000034.1_19776337_20321518_1$HG03516#2#JAGYYS010000004.1_24452130_24859892_1	0.9481308676731252 1K
NA18873 AV_HG02148#haplotype2#0002863:16304803$16712699$HG02647.verkko_filt_mat.fa:haplotype1_0000002_103892584_104321036_0	0.9481094612939281 1K
NA18873 HG02717#2#JAHAOR010000006.1_19663827_20070693_1$HG02809.verkko_filt_mat.fa:haplotype1_0000023_94161320_94589755_0	0.9480948280438155 1K
NA18873 HG02622#1#JAHAOO010000002.1_16673678_17080663_0$HG03098#1#JAHEPM010000059.1_16676208_17105596_0	0.9480856109289015 1K
NA18873 HG02486#2#JAGYVL010000029.1_94163344_94570162_0$HG02809.verkko_filt_mat.fa:haplotype1_0000023_94161320_94589755_0	0.9480781829552095 1K
NA18873 HG03486#1#JAHEOQ010000123.1_16677696_17085575_0$HG02809.verkko_filt_mat.fa:haplotype1_0000023_94161320_94589755_0	0.9480704069995960 1K
NA18873 AV_HG02257#haplotype2#0001152:102843493$103251377$HG03098#1#JAHEPM010000059.1_16676208_17105596_0	0.9480697723876886 1K
NA18873 AV_HG01175#haplotype1#0000070:46006269$46414083$HG02809.verkko_filt_mat.fa:haplotype1_0000023_94161320_94589755_0	0.9480594822196591 1K
NA18873 HG02886#1#JAHAOU010000178.1_62411_469262_0$HG02809.verkko_filt_mat.fa:haplotype1_0000023_94161320_94589755_0	0.9480443232954094 1K
NA18873 HG03453#2#JAGYVV010000088.1_22597550_23005370_1$HG02809.verkko_filt_mat.fa:haplotype1_0000023_94161320_94589755_0	0.9480296177311273 1K
NA18873 HG02559#2#JAGYVJ010000037.1_52167780_52574597_1$HG03098#1#JAHEPM010000059.1_16676208_17105596_0	0.9480231189894349 1K
NA18873 HG02723#2#JAHEOT010000034.1_19776337_20321518_1$HG03579#1#JAGYVU010000029.1_91404_499180_0	0.9480214740326951 1K
NA18873 HG02071.verkko_filt_mat.fa:haplotype1_0000041_103610513_104018399_0$HG02809.verkko_filt_mat.fa:haplotype1_0000023_94161320_94589755_0	0.9480136611721162 1K
NA18873 HG005#2#JAHEPN010000023.1_51542210_51950070_0$HG02647.verkko_filt_mat.fa:haplotype1_0000002_103892584_104321036_0	0.9480103702907579 1K
NA18873 HG02723#2#JAHEOT010000034.1_19776337_20321518_1$NA19240#1#JAHEOM010000047.1_30103390_30511199_1	0.9480060876072837 1K
NA18873 HG02717#1#JAHAOS010000015.1_16660311_17067250_0$HG03098#1#JAHEPM010000059.1_16676208_17105596_0	0.9480030298799638 1K
NA18873 HG00621#2#JAHBCC010000031.1_16669999_17077865_0$HG02809.verkko_filt_mat.fa:haplotype1_0000023_94161320_94589755_0	0.9480009701277307 1K
NA18873 HG02145#2#JAHKSF010000206.1_1005292_1413195_1$HG02647.verkko_filt_mat.fa:haplotype1_0000002_103892584_104321036_0	0.9479991512850870 1K
NA18873 HG01123#1#JAGYYZ010000015.1_51528240_51935090_0$HG02055#2#JAHEPJ010000017.1_24870122_25298560_1	0.9479906644705073 1K
NA18873 AV_HG02148#haplotype2#0002863:16304803$16712699$HG02055#2#JAHEPJ010000017.1_24870122_25298560_1	0.9479906565033522 1K
NA18873 chr1_hg38_103456064_103863972_0$HG02647.verkko_filt_mat.fa:haplotype1_0000002_103892584_104321036_0	0.9479652326313496 1K
NA18873 chr1_hg19_103998686_104406594_0$HG02647.verkko_filt_mat.fa:haplotype1_0000002_103892584_104321036_0	0.9479652326313496 1K
NA18873 HG01109#1#JAHEPA010000099.1_2104245_2511104_1$HG02055#2#JAHEPJ010000017.1_24870122_25298560_1	0.9479558626387159 1K
NA18873 HG00741#2#JAHALX010000013.1_51574319_51981226_0$HG02647.verkko_filt_mat.fa:haplotype1_0000002_103892584_104321036_0	0.9479491450905375 1K
NA18873 HG02630#2#JAHAOP010000089.1_16669255_17076135_0$HG02647.verkko_filt_mat.fa:haplotype1_0000002_103892584_104321036_0	0.9479332910606905 1K
NA18873 HG005#1#JAHEPO010000002.1_51519219_51926067_0$HG02647.verkko_filt_mat.fa:haplotype1_0000002_103892584_104321036_0	0.9479258996385576 1K
NA18873 HG03098#1#JAHEPM010000059.1_16676208_17105596_0$HG002.verkko_filt_mat.fa:haplotype1_0000005_138228497_138636354_1	0.9479203746475583 1K
NA18873 AV_HG01175#haplotype1#0000070:46006269$46414083$HG03098#1#JAHEPM010000059.1_16676208_17105596_0	0.9479141369847390 1K
NA18873 HG03486#1#JAHEOQ010000123.1_16677696_17085575_0$HG03098#1#JAHEPM010000059.1_16676208_17105596_0	0.9478688428713240 1K
NA18873 HG02630#2#JAHAOP010000089.1_16669255_17076135_0$HG02055#2#JAHEPJ010000017.1_24870122_25298560_1	0.9478496572300130 1K
NA18873 HG02145#2#JAHKSF010000206.1_1005292_1413195_1$HG02055#2#JAHEPJ010000017.1_24870122_25298560_1	0.9478397586330247 1K
NA18873 HG02055#2#JAHEPJ010000017.1_24870122_25298560_1$HG005#2#JAHEPN010000023.1_51542210_51950070_0	0.9478352375511458 1K
NA18873 AV_HG02257#haplotype2#0001152:102843493$103251377$HG02647.verkko_filt_mat.fa:haplotype1_0000002_103892584_104321036_0	0.9478172772625205 1K
NA18873 HG00621#2#JAHBCC010000031.1_16669999_17077865_0$HG03098#1#JAHEPM010000059.1_16676208_17105596_0	0.9478152505930812 1K
NA18873 HG01123#1#JAGYYZ010000015.1_51528240_51935090_0$HG02809.verkko_filt_mat.fa:haplotype1_0000023_94161320_94589755_0	0.9478136981339765 1K
NA18873 chr1_hg38_103456064_103863972_0$HG02055#2#JAHEPJ010000017.1_24870122_25298560_1	0.9478055708981279 1K
NA18873 chr1_hg19_103998686_104406594_0$HG02055#2#JAHEPJ010000017.1_24870122_25298560_1	0.9478055708981279 1K
NA18873 AV_HG02148#haplotype2#0002863:16304803$16712699$HG02809.verkko_filt_mat.fa:haplotype1_0000023_94161320_94589755_0	0.9478037378443895 1K
NA18873 HG02055#2#JAHEPJ010000017.1_24870122_25298560_1$HG00741#2#JAHALX010000013.1_51574319_51981226_0	0.9477928463489006 1K
NA18873 HG03098#1#JAHEPM010000059.1_16676208_17105596_0$HG02071.verkko_filt_mat.fa:haplotype1_0000041_103610513_104018399_0	0.9477873674449365 1K
NA18873 HG01243#1#JAHEOY010000013.1_90081_424495_0$HG01358#1#JAGYZB010000020.1_27445742_27855492_1	0.9477797105561965 1K
NA18873 HG03492#2#JAHEPH010000288.1_2098270_2432686_1$HG01358#1#JAGYZB010000020.1_27445742_27855492_1	0.9477768381848332 1K
NA18873 HG02145#2#JAHKSF010000206.1_1005292_1413195_1$HG02809.verkko_filt_mat.fa:haplotype1_0000023_94161320_94589755_0	0.9477740231114805 1K
NA18873 AV_HG02148#haplotype2#0002863:16304803$16712699$HG03098#1#JAHEPM010000059.1_16676208_17105596_0	0.9477718791578825 1K
NA18873 HG02622#1#JAHAOO010000002.1_16673678_17080663_0$HG02647.verkko_filt_mat.fa:haplotype1_0000002_103892584_104321036_0	0.9477587593133506 1K
NA18873 HG02630#2#JAHAOP010000089.1_16669255_17076135_0$HG02809.verkko_filt_mat.fa:haplotype1_0000023_94161320_94589755_0	0.9477541972640062 1K
NA18873 HG03453#2#JAGYVV010000088.1_22597550_23005370_1$HG03098#1#JAHEPM010000059.1_16676208_17105596_0	0.9477478937102992 1K
NA18873 chr1_hg38_103456064_103863972_0$HG02809.verkko_filt_mat.fa:haplotype1_0000023_94161320_94589755_0	0.9477153796064257 1K
NA18873 chr1_hg19_103998686_104406594_0$HG02809.verkko_filt_mat.fa:haplotype1_0000023_94161320_94589755_0	0.9477153796064257 1K
NA18873 HG02630#1#JAHAOQ010000102.1_16672145_17079089_0$HG02647.verkko_filt_mat.fa:haplotype1_0000002_103892584_104321036_0	0.9477070525775559 1K
NA18873 AV_HG02257#haplotype2#0001152:102843493$103251377$HG02055#2#JAHEPJ010000017.1_24870122_25298560_1	0.9476986193093461 1K
NA18873 HG03098#1#JAHEPM010000059.1_16676208_17105596_0$HG02300.verkko_filt_pat.fa:haplotype2_0000620_143362344_143769323_1	0.9476937849818221 1K
NA18873 HG02145#1#JAHKSG010000134.1_2102465_2647653_1$HG03516#2#JAGYYS010000004.1_24452130_24859892_1	0.9476907785739993 1K
NA18873 HG02559#1#JAGYVK010000012.1_51505852_51913611_0$HG02145#1#JAHKSG010000134.1_2102465_2647653_1	0.9476896097469816 1K
NA18873 HG005#2#JAHEPN010000023.1_51542210_51950070_0$HG02809.verkko_filt_mat.fa:haplotype1_0000023_94161320_94589755_0	0.9476890722673899 1K
NA18873 HG01109#1#JAHEPA010000099.1_2104245_2511104_1$HG02809.verkko_filt_mat.fa:haplotype1_0000023_94161320_94589755_0	0.9476834946322032 1K
NA18873 HG01978#2#JAGYVR010000007.1_51532241_51939176_0$HG02647.verkko_filt_mat.fa:haplotype1_0000002_103892584_104321036_0	0.9476825403048912 1K
NA18873 HG02300.verkko_filt_pat.fa:haplotype2_0000620_143362344_143769323_1$HG02647.verkko_filt_mat.fa:haplotype1_0000002_103892584_104321036_0	0.9476682243974635 1K
NA18873 HG02818#1#JAHEOS010000101.1_89626_496613_0$HG02647.verkko_filt_mat.fa:haplotype1_0000002_103892584_104321036_0	0.9476642143983426 1K
NA18873 HG02004.verkko_filt_mat.fa:haplotype1_0000022_97828542_98235483_0$HG02647.verkko_filt_mat.fa:haplotype1_0000002_103892584_104321036_0	0.9476154260614507 1K
NA18873 HG02630#1#JAHAOQ010000102.1_16672145_17079089_0$HG02055#2#JAHEPJ010000017.1_24870122_25298560_1	0.9476039401872381 1K
NA18873 HG02818#2#JAHEOR010000010.1_31775319_32183091_1$HG02145#1#JAHKSG010000134.1_2102465_2647653_1	0.9475973383880449 1K
NA18873 HG02145#1#JAHKSG010000134.1_2102465_2647653_1$HG03579#1#JAGYVU010000029.1_91404_499180_0	0.9475935638305348 1K
NA18873 HG005#1#JAHEPO010000002.1_51519219_51926067_0$HG02055#2#JAHEPJ010000017.1_24870122_25298560_1	0.9475920599630737 1K
NA18873 HG02055#2#JAHEPJ010000017.1_24870122_25298560_1$HG02818#1#JAHEOS010000101.1_89626_496613_0	0.9475782830794877 1K
NA18873 NA18906#1#JAHEOO010000054.1_2103477_2510435_1$HG02647.verkko_filt_mat.fa:haplotype1_0000002_103892584_104321036_0	0.9475722817607585 1K
NA18873 HG01928#1#JAGYVQ010000053.1_16676493_17083407_0$HG02647.verkko_filt_mat.fa:haplotype1_0000002_103892584_104321036_0	0.9475666386215440 1K
NA18873 HG02622#1#JAHAOO010000002.1_16673678_17080663_0$HG02055#2#JAHEPJ010000017.1_24870122_25298560_1	0.9475610521092837 1K
NA18873 AV_HG02257#haplotype2#0001152:102843493$103251377$HG02809.verkko_filt_mat.fa:haplotype1_0000023_94161320_94589755_0	0.9475522367436251 1K
NA18873 HG00741#2#JAHALX010000013.1_51574319_51981226_0$HG02809.verkko_filt_mat.fa:haplotype1_0000023_94161320_94589755_0	0.9475286707532778 1K
NA18873 HG02559#2#JAGYVJ010000037.1_52167780_52574597_1$HG02647.verkko_filt_mat.fa:haplotype1_0000002_103892584_104321036_0	0.9475027465328077 1K
NA18873 HG02055#2#JAHEPJ010000017.1_24870122_25298560_1$HG02300.verkko_filt_pat.fa:haplotype2_0000620_143362344_143769323_1	0.9475005990100748 1K
NA18873 HG01978#2#JAGYVR010000007.1_51532241_51939176_0$HG02055#2#JAHEPJ010000017.1_24870122_25298560_1	0.9474993592042364 1K
NA18873 HG02717#1#JAHAOS010000015.1_16660311_17067250_0$HG02647.verkko_filt_mat.fa:haplotype1_0000002_103892584_104321036_0	0.9474755474472007 1K
NA18873 HG03098#1#JAHEPM010000059.1_16676208_17105596_0$HG01978#2#JAGYVR010000007.1_51532241_51939176_0	0.9474749347363584 1K
NA18873 NA18906#1#JAHEOO010000054.1_2103477_2510435_1$HG02055#2#JAHEPJ010000017.1_24870122_25298560_1	0.9474447186621625 1K
NA18873 HG02809.verkko_filt_mat.fa:haplotype1_0000023_94161320_94589755_0$HG02300.verkko_filt_pat.fa:haplotype2_0000620_143362344_143769323_1	0.9474428846196797 1K
NA18873 HG02055#2#JAHEPJ010000017.1_24870122_25298560_1$HG02004.verkko_filt_mat.fa:haplotype1_0000022_97828542_98235483_0	0.9474409675300102 1K
NA18873 HG02630#1#JAHAOQ010000102.1_16672145_17079089_0$HG02809.verkko_filt_mat.fa:haplotype1_0000023_94161320_94589755_0	0.9474406892686088 1K
NA18873 chr1_hg38_103456064_103863972_0$HG03098#1#JAHEPM010000059.1_16676208_17105596_0	0.9474247540112646 1K
NA18873 chr1_hg19_103998686_104406594_0$HG03098#1#JAHEPM010000059.1_16676208_17105596_0	0.9474247540112646 1K
NA18873 HG005#1#JAHEPO010000002.1_51519219_51926067_0$HG02809.verkko_filt_mat.fa:haplotype1_0000023_94161320_94589755_0	0.9474239064126558 1K
NA18873 HG02818#1#JAHEOS010000101.1_89626_496613_0$HG02809.verkko_filt_mat.fa:haplotype1_0000023_94161320_94589755_0	0.9474160842291273 1K
NA18873 HG03098#1#JAHEPM010000059.1_16676208_17105596_0$HG005#2#JAHEPN010000023.1_51542210_51950070_0	0.9473832808264662 1K
NA18873 NA18906#1#JAHEOO010000054.1_2103477_2510435_1$HG02809.verkko_filt_mat.fa:haplotype1_0000023_94161320_94589755_0	0.9473704424548245 1K
NA18873 HG01978#2#JAGYVR010000007.1_51532241_51939176_0$HG02809.verkko_filt_mat.fa:haplotype1_0000023_94161320_94589755_0	0.9473613152872641 1K
NA18873 HG03098#1#JAHEPM010000059.1_16676208_17105596_0$HG02004.verkko_filt_mat.fa:haplotype1_0000022_97828542_98235483_0	0.9473607972797466 1K
NA18873 HG01928#1#JAGYVQ010000053.1_16676493_17083407_0$HG03098#1#JAHEPM010000059.1_16676208_17105596_0	0.9473604956658386 1K
NA18873 HG02145#1#JAHKSG010000134.1_2102465_2647653_1$NA19240#1#JAHEOM010000047.1_30103390_30511199_1	0.9473451741652787 1K
NA18873 HG02622#1#JAHAOO010000002.1_16673678_17080663_0$HG02809.verkko_filt_mat.fa:haplotype1_0000023_94161320_94589755_0	0.9472956266639931 1K
NA18873 HG02723#2#JAHEOT010000034.1_19776337_20321518_1$NA19240#2#JAHEOL010000010.1_37445323_37853017_0	0.9472487621224659 1K
NA18873 HG01928#1#JAGYVQ010000053.1_16676493_17083407_0$HG02055#2#JAHEPJ010000017.1_24870122_25298560_1	0.9472307835398771 1K
NA18873 HG02004.verkko_filt_mat.fa:haplotype1_0000022_97828542_98235483_0$HG02809.verkko_filt_mat.fa:haplotype1_0000023_94161320_94589755_0	0.9471986287246583 1K
NA18873 HG02717#1#JAHAOS010000015.1_16660311_17067250_0$HG02055#2#JAHEPJ010000017.1_24870122_25298560_1	0.9471943567654513 1K
NA18873 HG02723#2#JAHEOT010000034.1_19776337_20321518_1$HG03927.verkko_filt_mat.fa:haplotype1_0000009_134765170_135173010_1	0.9471809496661440 1K
NA18873 HG02559#2#JAGYVJ010000037.1_52167780_52574597_1$HG02055#2#JAHEPJ010000017.1_24870122_25298560_1	0.9471679511680113 1K
NA18873 HG02723#2#JAHEOT010000034.1_19776337_20321518_1$HG03516#1#JAGYYT010000012.1_24170958_24578778_1	0.9471503668146805 1K
NA18873 HG02723#2#JAHEOT010000034.1_19776337_20321518_1$HG02300.verkko_filt_mat.fa:haplotype1_0000028_144052837_144460586_1	0.9470716152273458 1K
NA18873 HG01928#1#JAGYVQ010000053.1_16676493_17083407_0$HG02809.verkko_filt_mat.fa:haplotype1_0000023_94161320_94589755_0	0.9470532490762840 1K
NA18873 HG02717#1#JAHAOS010000015.1_16660311_17067250_0$HG02809.verkko_filt_mat.fa:haplotype1_0000023_94161320_94589755_0	0.9470477089740456 1K
NA18873 HG02559#2#JAGYVJ010000037.1_52167780_52574597_1$HG02809.verkko_filt_mat.fa:haplotype1_0000023_94161320_94589755_0	0.9470313653697953 1K
NA18873 HG02080#1#JAHEOW010000048.1_16689583_17097287_0$HG02723#2#JAHEOT010000034.1_19776337_20321518_1	0.9470129880523032 1K
NA18873 HG01109#1#JAHEPA010000099.1_2104245_2511104_1$HG02723#2#JAHEOT010000034.1_19776337_20321518_1	0.9469467268357559 1K
NA18873 HG02723#2#JAHEOT010000034.1_19776337_20321518_1$HG02486#2#JAGYVL010000029.1_94163344_94570162_0	0.9469127170071958 1K
NA18873 HG02723#2#JAHEOT010000034.1_19776337_20321518_1$HG01258#2#JAGYYU010000072.1_51562603_51970395_0	0.9468946382313401 1K
NA18873 HG02145#1#JAHKSG010000134.1_2102465_2647653_1$HG02300.verkko_filt_mat.fa:haplotype1_0000028_144052837_144460586_1	0.9468894425153627 1K
NA18873 HG02723#2#JAHEOT010000034.1_19776337_20321518_1$HG02809.verkko_filt_pat.fa:haplotype2_0001251_103421111_103827972_0	0.9468590883291883 1K
NA18873 HG02723#2#JAHEOT010000034.1_19776337_20321518_1$HG02717#2#JAHAOR010000006.1_19663827_20070693_1	0.9468476667150943 1K
NA18873 AV_HG01361#haplotype1#0000023:101593539$102001341$HG02723#2#JAHEOT010000034.1_19776337_20321518_1	0.9468447896706174 1K
NA18873 HG02723#2#JAHEOT010000034.1_19776337_20321518_1$HG01099.verkko_filt_mat.fa:haplotype1_0000034_142513097_142920876_1	0.9468348090292966 1K
NA18873 HG01123#1#JAGYYZ010000015.1_51528240_51935090_0$HG02723#2#JAHEOT010000034.1_19776337_20321518_1	0.9468316254513095 1K
NA18873 HG02723#2#JAHEOT010000034.1_19776337_20321518_1$HG02886#1#JAHAOU010000178.1_62411_469262_0	0.9467775099244985 1K
NA18873 HG02145#1#JAHKSG010000134.1_2102465_2647653_1$NA19240#2#JAHEOL010000010.1_37445323_37853017_0	0.9467701241506213 1K
NA18873 HG02080#1#JAHEOW010000048.1_16689583_17097287_0$HG02145#1#JAHKSG010000134.1_2102465_2647653_1	0.9467580799655350 1K
NA18873 HG02145#1#JAHKSG010000134.1_2102465_2647653_1$HG01099.verkko_filt_mat.fa:haplotype1_0000034_142513097_142920876_1	0.9466257580867664 1K
NA18873 AV_HG01361#haplotype1#0000023:101593539$102001341$HG02145#1#JAHKSG010000134.1_2102465_2647653_1	0.9466190073045051 1K
NA18873 HG02723#2#JAHEOT010000034.1_19776337_20321518_1$HG02109#1#JAHEPG010000026.1_16673035_17080816_0	0.9466112357385962 1K
NA18873 HG02145#1#JAHKSG010000134.1_2102465_2647653_1$HG02486#2#JAGYVL010000029.1_94163344_94570162_0	0.9465975584411885 1K
NA18873 HG02145#1#JAHKSG010000134.1_2102465_2647653_1$HG03927.verkko_filt_mat.fa:haplotype1_0000009_134765170_135173010_1	0.9465789744139053 1K
NA18873 HG02723#2#JAHEOT010000034.1_19776337_20321518_1$HG00741#2#JAHALX010000013.1_51574319_51981226_0	0.9465745431181130 1K
NA18873 HG02723#2#JAHEOT010000034.1_19776337_20321518_1$HG02622#1#JAHAOO010000002.1_16673678_17080663_0	0.9465590633203135 1K
NA18873 HG02723#2#JAHEOT010000034.1_19776337_20321518_1$HG02818#1#JAHEOS010000101.1_89626_496613_0	0.9465452587072383 1K
NA18873 HG005#1#JAHEPO010000002.1_51519219_51926067_0$HG02723#2#JAHEOT010000034.1_19776337_20321518_1	0.9464950541044552 1K
NA18873 HG02886#1#JAHAOU010000178.1_62411_469262_0$HG02145#1#JAHKSG010000134.1_2102465_2647653_1	0.9464745979358562 1K
NA18873 HG02559#2#JAGYVJ010000037.1_52167780_52574597_1$HG02723#2#JAHEOT010000034.1_19776337_20321518_1	0.9464732855165801 1K
NA18873 AV_HG02257#haplotype2#0001152:102843493$103251377$HG02723#2#JAHEOT010000034.1_19776337_20321518_1	0.9464561180609826 1K
NA18873 HG03516#1#JAGYYT010000012.1_24170958_24578778_1$HG02145#1#JAHKSG010000134.1_2102465_2647653_1	0.9464468228029423 1K
NA18873 HG02630#1#JAHAOQ010000102.1_16672145_17079089_0$HG02723#2#JAHEOT010000034.1_19776337_20321518_1	0.9464136655233421 1K
NA18873 HG02630#2#JAHAOP010000089.1_16669255_17076135_0$HG02723#2#JAHEOT010000034.1_19776337_20321518_1	0.9463848565065331 1K
NA18873 HG02145#1#JAHKSG010000134.1_2102465_2647653_1$HG01258#2#JAGYYU010000072.1_51562603_51970395_0	0.9463782221058232 1K
NA18873 HG02145#2#JAHKSF010000206.1_1005292_1413195_1$HG02723#2#JAHEOT010000034.1_19776337_20321518_1	0.9463767083042165 1K
NA18873 HG02145#1#JAHKSG010000134.1_2102465_2647653_1$HG02717#2#JAHAOR010000006.1_19663827_20070693_1	0.9463358549000119 1K
NA18873 HG02145#1#JAHKSG010000134.1_2102465_2647653_1$HG02809.verkko_filt_pat.fa:haplotype2_0001251_103421111_103827972_0	0.9463161097716434 1K
NA18873 HG01123#1#JAGYYZ010000015.1_51528240_51935090_0$HG02145#1#JAHKSG010000134.1_2102465_2647653_1	0.9463081845021959 1K
NA18873 HG02723#2#JAHEOT010000034.1_19776337_20321518_1$NA18906#1#JAHEOO010000054.1_2103477_2510435_1	0.9462746980693765 1K
NA18873 AV_HG00673#haplotype2#0001165:24014011$24421797$HG02723#2#JAHEOT010000034.1_19776337_20321518_1	0.9462705597942279 1K
NA18873 HG03492#1#JAHEPI010000180.1_2103395_2543326_1$HG02647.verkko_filt_mat.fa:haplotype1_0000002_103892584_104321036_0	0.9462516780741681 1K
NA18873 AV_HG01175#haplotype1#0000070:46006269$46414083$HG02723#2#JAHEOT010000034.1_19776337_20321518_1	0.9462218324938179 1K
NA18873 HG02717#1#JAHAOS010000015.1_16660311_17067250_0$HG02723#2#JAHEOT010000034.1_19776337_20321518_1	0.9462209305565145 1K
NA18873 HG02723#2#JAHEOT010000034.1_19776337_20321518_1$HG03453#2#JAGYVV010000088.1_22597550_23005370_1	0.9461827979270353 1K
NA18873 HG03492#1#JAHEPI010000180.1_2103395_2543326_1$HG03098#1#JAHEPM010000059.1_16676208_17105596_0	0.9461216415246460 1K
NA18873 HG02109#1#JAHEPG010000026.1_16673035_17080816_0$HG02145#1#JAHKSG010000134.1_2102465_2647653_1	0.9460993175241057 1K
NA18873 HG01109#1#JAHEPA010000099.1_2104245_2511104_1$HG02145#1#JAHKSG010000134.1_2102465_2647653_1	0.9460792753146052 1K
NA18873 AV_HG02148#haplotype2#0002863:16304803$16712699$HG02723#2#JAHEOT010000034.1_19776337_20321518_1	0.9460557057009934 1K
NA18873 HG02723#2#JAHEOT010000034.1_19776337_20321518_1$HG02071.verkko_filt_mat.fa:haplotype1_0000041_103610513_104018399_0	0.9460461188235230 1K
NA18873 AV_HG00673#haplotype2#0001165:24014011$24421797$HG02145#1#JAHKSG010000134.1_2102465_2647653_1	0.9460249654152385 1K
NA18873 HG03492#1#JAHEPI010000180.1_2103395_2543326_1$HG02055#2#JAHEPJ010000017.1_24870122_25298560_1	0.9460206718588773 1K
NA18873 HG03486#1#JAHEOQ010000123.1_16677696_17085575_0$HG02723#2#JAHEOT010000034.1_19776337_20321518_1	0.9459914104040197 1K
NA18873 HG02723#2#JAHEOT010000034.1_19776337_20321518_1$HG002.verkko_filt_mat.fa:haplotype1_0000005_138228497_138636354_1	0.9459601349370963 1K
NA18873 HG02630#1#JAHAOQ010000102.1_16672145_17079089_0$HG02145#1#JAHKSG010000134.1_2102465_2647653_1	0.9459449086057934 1K
NA18873 HG02145#1#JAHKSG010000134.1_2102465_2647653_1$HG02818#1#JAHEOS010000101.1_89626_496613_0	0.9458658184231939 1K
NA18873 HG00621#2#JAHBCC010000031.1_16669999_17077865_0$HG02723#2#JAHEOT010000034.1_19776337_20321518_1	0.9458428167843064 1K
NA18873 HG02145#1#JAHKSG010000134.1_2102465_2647653_1$HG00741#2#JAHALX010000013.1_51574319_51981226_0	0.9458319088144609 1K
NA18873 HG005#1#JAHEPO010000002.1_51519219_51926067_0$HG02145#1#JAHKSG010000134.1_2102465_2647653_1	0.9458122746689219 1K
NA18873 NA18906#1#JAHEOO010000054.1_2103477_2510435_1$HG02145#1#JAHKSG010000134.1_2102465_2647653_1	0.9458056792309871 1K
NA18873 HG02145#2#JAHKSF010000206.1_1005292_1413195_1$HG02145#1#JAHKSG010000134.1_2102465_2647653_1	0.9458043462823934 1K
NA18873 HG02630#2#JAHAOP010000089.1_16669255_17076135_0$HG02145#1#JAHKSG010000134.1_2102465_2647653_1	0.9457783840959293 1K
NA18873 AV_HG02257#haplotype2#0001152:102843493$103251377$HG02145#1#JAHKSG010000134.1_2102465_2647653_1	0.9457598642684335 1K
NA18873 HG02622#1#JAHAOO010000002.1_16673678_17080663_0$HG02145#1#JAHKSG010000134.1_2102465_2647653_1	0.9456998271203413 1K
NA18873 HG02723#2#JAHEOT010000034.1_19776337_20321518_1$HG005#2#JAHEPN010000023.1_51542210_51950070_0	0.9456823021923522 1K
NA18873 HG02723#2#JAHEOT010000034.1_19776337_20321518_1$HG02004.verkko_filt_mat.fa:haplotype1_0000022_97828542_98235483_0	0.9456730277669638 1K
NA18873 HG02723#2#JAHEOT010000034.1_19776337_20321518_1$HG02300.verkko_filt_pat.fa:haplotype2_0000620_143362344_143769323_1	0.9456645426637781 1K
NA18873 HG02723#2#JAHEOT010000034.1_19776337_20321518_1$HG01978#2#JAGYVR010000007.1_51532241_51939176_0	0.9456476780672953 1K
NA18873 HG03492#1#JAHEPI010000180.1_2103395_2543326_1$HG02809.verkko_filt_mat.fa:haplotype1_0000023_94161320_94589755_0	0.9456475283333179 1K
NA18873 chr1_hg19_103998686_104406594_0$HG02723#2#JAHEOT010000034.1_19776337_20321518_1	0.9456268067344122 1K
NA18873 HG02723#2#JAHEOT010000034.1_19776337_20321518_1$chr1_hg38_103456064_103863972_0	0.9456268067344122 1K
NA18873 HG02717#1#JAHAOS010000015.1_16660311_17067250_0$HG02145#1#JAHKSG010000134.1_2102465_2647653_1	0.9456235129630445 1K
NA18873 HG01928#1#JAGYVQ010000053.1_16676493_17083407_0$HG02723#2#JAHEOT010000034.1_19776337_20321518_1	0.9455963354954592 1K
NA18873 AV_HG01175#haplotype1#0000070:46006269$46414083$HG02145#1#JAHKSG010000134.1_2102465_2647653_1	0.9455947739808223 1K
NA18873 HG02559#2#JAGYVJ010000037.1_52167780_52574597_1$HG02145#1#JAHKSG010000134.1_2102465_2647653_1	0.9455177951097408 1K
NA18873 HG02145#1#JAHKSG010000134.1_2102465_2647653_1$HG002.verkko_filt_mat.fa:haplotype1_0000005_138228497_138636354_1	0.9455021166259182 1K
NA18873 HG03453#2#JAGYVV010000088.1_22597550_23005370_1$HG02145#1#JAHKSG010000134.1_2102465_2647653_1	0.9454969256666911 1K
NA18873 HG02145#1#JAHKSG010000134.1_2102465_2647653_1$HG02071.verkko_filt_mat.fa:haplotype1_0000041_103610513_104018399_0	0.9454137998990007 1K
NA18873 HG03486#1#JAHEOQ010000123.1_16677696_17085575_0$HG02145#1#JAHKSG010000134.1_2102465_2647653_1	0.9453837328247419 1K
NA18873 AV_HG02148#haplotype2#0002863:16304803$16712699$HG02145#1#JAHKSG010000134.1_2102465_2647653_1	0.9453463702983785 1K
NA18873 HG00621#2#JAHBCC010000031.1_16669999_17077865_0$HG02145#1#JAHKSG010000134.1_2102465_2647653_1	0.9453354326091140 1K
NA18873 chr1_hg38_103456064_103863972_0$HG02145#1#JAHKSG010000134.1_2102465_2647653_1	0.9451643906687951 1K
NA18873 chr1_hg19_103998686_104406594_0$HG02145#1#JAHKSG010000134.1_2102465_2647653_1	0.9451643906687951 1K
NA18873 HG02145#1#JAHKSG010000134.1_2102465_2647653_1$HG02300.verkko_filt_pat.fa:haplotype2_0000620_143362344_143769323_1	0.9451168535042093 1K
NA18873 HG01978#2#JAGYVR010000007.1_51532241_51939176_0$HG02145#1#JAHKSG010000134.1_2102465_2647653_1	0.9450908249309316 1K
NA18873 HG005#2#JAHEPN010000023.1_51542210_51950070_0$HG02145#1#JAHKSG010000134.1_2102465_2647653_1	0.9450541162522071 1K
NA18873 HG02145#1#JAHKSG010000134.1_2102465_2647653_1$HG02004.verkko_filt_mat.fa:haplotype1_0000022_97828542_98235483_0	0.9450002176858847 1K
NA18873 HG01928#1#JAGYVQ010000053.1_16676493_17083407_0$HG02145#1#JAHKSG010000134.1_2102465_2647653_1	0.9449127755366610 1K
NA18873 HG02723#2#JAHEOT010000034.1_19776337_20321518_1$HG03492#1#JAHEPI010000180.1_2103395_2543326_1	0.9437370303036537 1K
NA18873 HG00741#1#JAHALY010000007.1_18781197_19307680_1$HG01891#1#JAGYVO010000014.1_22855818_23168577_1	0.9431458582756715 1K
NA18873 HG00741#1#JAHALY010000007.1_18781197_19307680_1$HG02647.verkko_filt_pat.fa:haplotype2_0000857_103738150_104051769_0	0.9431189584874244 1K
NA18873 HG00741#1#JAHALY010000007.1_18781197_19307680_1$HG03579#2#JAGYVT010000094.1_51581892_51895531_0	0.9430772113014291 1K
NA18873 HG00741#1#JAHALY010000007.1_18781197_19307680_1$HG02109#2#JAHEPF010000078.1_16678387_16991144_0	0.9425238688942082 1K
NA18873 HG02723#1#JAHEOU010000204.1_2102082_2414876_1$HG00741#1#JAHALY010000007.1_18781197_19307680_1	0.9424214653396848 1K
NA18873 HG03492#1#JAHEPI010000180.1_2103395_2543326_1$HG02145#1#JAHKSG010000134.1_2102465_2647653_1	0.9424136789222068 1K
NA18873 HG00741#1#JAHALY010000007.1_18781197_19307680_1$HG04228.verkko_filt_pat.fa:haplotype2_0000600_103806749_104119491_0	0.9422984613120812 1K
NA18873 HG00741#1#JAHALY010000007.1_18781197_19307680_1$HG01123#2#JAGYYY010000006.1_51579630_51892388_0	0.9422865832724604 1K
NA18873 HG00741#1#JAHALY010000007.1_18781197_19307680_1$HG03098#2#JAHEPL010000003.1_93803759_94117426_0	0.9421312242479518 1K
NA18873 HG03098#1#JAHEPM010000059.1_16676208_17105596_0$HG01358#1#JAGYZB010000020.1_27445742_27855492_1	0.9421228554819076 1K
NA18873 HG00741#1#JAHALY010000007.1_18781197_19307680_1$HG02886#2#JAHAOT010000031.1_87393_401061_0	0.9417789909086980 1K
NA18873 HG00741#1#JAHALY010000007.1_18781197_19307680_1$HG00438#2#JAHBCA010000012.1_51513023_51826723_0	0.9415370355042991 1K
NA18873 HG01358#1#JAGYZB010000020.1_27445742_27855492_1$HG02647.verkko_filt_mat.fa:haplotype1_0000002_103892584_104321036_0	0.9414903878555408 1K
NA18873 HG02055#2#JAHEPJ010000017.1_24870122_25298560_1$HG01358#1#JAGYZB010000020.1_27445742_27855492_1	0.9414339067552248 1K
NA18873 AV_HG01361#haplotype2#0001322:101872897$102186552$HG00741#1#JAHALY010000007.1_18781197_19307680_1	0.9413620110438701 1K
NA18873 HG00741#1#JAHALY010000007.1_18781197_19307680_1$HG03710.verkko_filt_mat.fa:haplotype1_0000029_102593394_102907063_0	0.9413342234499453 1K
NA18873 HG00741#1#JAHALY010000007.1_18781197_19307680_1$HG02293.verkko_filt_mat.fa:haplotype1_0000039_30204405_30517145_1	0.9412553593152080 1K
NA18873 HG01358#1#JAGYZB010000020.1_27445742_27855492_1$HG02809.verkko_filt_mat.fa:haplotype1_0000023_94161320_94589755_0	0.9412165328373070 1K
NA18873 HG00741#1#JAHALY010000007.1_18781197_19307680_1$HG00733#1#JAHEPQ010000019.1_46106835_46420495_0	0.9411275624069645 1K
NA18873 HG02723#2#JAHEOT010000034.1_19776337_20321518_1$HG01358#1#JAGYZB010000020.1_27445742_27855492_1	0.9394671477719061 1K
NA18873 HG02145#1#JAHKSG010000134.1_2102465_2647653_1$HG01358#1#JAGYZB010000020.1_27445742_27855492_1	0.9388700356068577 1K
NA18873 HG00741#1#JAHALY010000007.1_18781197_19307680_1$HG02647.verkko_filt_mat.fa:haplotype1_0000002_103892584_104321036_0	0.9383760316238854 1K
NA18873 HG00741#1#JAHALY010000007.1_18781197_19307680_1$HG02055#2#JAHEPJ010000017.1_24870122_25298560_1	0.9382170949601339 1K
NA18873 HG00741#1#JAHALY010000007.1_18781197_19307680_1$HG02809.verkko_filt_mat.fa:haplotype1_0000023_94161320_94589755_0	0.9382022298477507 1K
NA18873 HG00741#1#JAHALY010000007.1_18781197_19307680_1$HG03098#1#JAHEPM010000059.1_16676208_17105596_0	0.9380783664271530 1K
NA18873 HG03098#2#JAHEPL010000003.1_93803759_94117426_0$HG03492#1#JAHEPI010000180.1_2103395_2543326_1	0.9361785194240619 1K
NA18873 HG03492#1#JAHEPI010000180.1_2103395_2543326_1$HG03710.verkko_filt_mat.fa:haplotype1_0000029_102593394_102907063_0	0.9356714220134544 1K
NA18873 HG02723#2#JAHEOT010000034.1_19776337_20321518_1$HG002.verkko_filt_pat.fa:haplotype2_0000649_147937390_148315979_1	0.9355961739705086 1K
NA18873 HG03492#1#JAHEPI010000180.1_2103395_2543326_1$HG00733#1#JAHEPQ010000019.1_46106835_46420495_0	0.9353517252917909 1K
NA18873 HG03492#1#JAHEPI010000180.1_2103395_2543326_1$HG02293.verkko_filt_mat.fa:haplotype1_0000039_30204405_30517145_1	0.9352833882486132 1K
NA18873 HG03492#1#JAHEPI010000180.1_2103395_2543326_1$HG02886#2#JAHAOT010000031.1_87393_401061_0	0.9352758183118787 1K
NA18873 HG00438#2#JAHBCA010000012.1_51513023_51826723_0$HG03492#1#JAHEPI010000180.1_2103395_2543326_1	0.9350967336116608 1K
NA18873 AV_HG01361#haplotype2#0001322:101872897$102186552$HG03492#1#JAHEPI010000180.1_2103395_2543326_1	0.9349751248418599 1K
NA18873 HG02145#1#JAHKSG010000134.1_2102465_2647653_1$HG002.verkko_filt_pat.fa:haplotype2_0000649_147937390_148315979_1	0.9346459724011634 1K
NA18873 HG03492#1#JAHEPI010000180.1_2103395_2543326_1$HG01891#1#JAGYVO010000014.1_22855818_23168577_1	0.9342650107447165 1K
NA18873 HG03492#1#JAHEPI010000180.1_2103395_2543326_1$HG02109#2#JAHEPF010000078.1_16678387_16991144_0	0.9342307398067380 1K
NA18873 HG02818#2#JAHEOR010000010.1_31775319_32183091_1$HG01891#1#JAGYVO010000014.1_22855818_23168577_1	0.9341537669902593 1K
NA18873 HG02559#1#JAGYVK010000012.1_51505852_51913611_0$HG01891#1#JAGYVO010000014.1_22855818_23168577_1	0.9340303244985911 1K
NA18873 HG03492#1#JAHEPI010000180.1_2103395_2543326_1$HG02647.verkko_filt_pat.fa:haplotype2_0000857_103738150_104051769_0	0.9340243981624268 1K
NA18873 HG03579#2#JAGYVT010000094.1_51581892_51895531_0$HG03492#1#JAHEPI010000180.1_2103395_2543326_1	0.9340150526076375 1K
NA18873 HG02818#2#JAHEOR010000010.1_31775319_32183091_1$HG04228.verkko_filt_pat.fa:haplotype2_0000600_103806749_104119491_0	0.9339612321218925 1K
NA18873 HG03516#2#JAGYYS010000004.1_24452130_24859892_1$HG01891#1#JAGYVO010000014.1_22855818_23168577_1	0.9338680584303801 1K
NA18873 HG02723#1#JAHEOU010000204.1_2102082_2414876_1$HG03492#1#JAHEPI010000180.1_2103395_2543326_1	0.9338594817424031 1K
NA18873 HG01123#2#JAGYYY010000006.1_51579630_51892388_0$HG03492#1#JAHEPI010000180.1_2103395_2543326_1	0.9338543105481237 1K
NA18873 HG02818#2#JAHEOR010000010.1_31775319_32183091_1$HG02647.verkko_filt_pat.fa:haplotype2_0000857_103738150_104051769_0	0.9338437235665998 1K
NA18873 HG02818#2#JAHEOR010000010.1_31775319_32183091_1$HG02723#1#JAHEOU010000204.1_2102082_2414876_1	0.9338413435898993 1K
NA18873 HG02818#2#JAHEOR010000010.1_31775319_32183091_1$HG03579#2#JAGYVT010000094.1_51581892_51895531_0	0.9338362468068299 1K
NA18873 HG02723#1#JAHEOU010000204.1_2102082_2414876_1$HG02559#1#JAGYVK010000012.1_51505852_51913611_0	0.9338131014151740 1K
NA18873 HG02559#1#JAGYVK010000012.1_51505852_51913611_0$HG04228.verkko_filt_pat.fa:haplotype2_0000600_103806749_104119491_0	0.9337904850386753 1K
NA18873 HG02818#2#JAHEOR010000010.1_31775319_32183091_1$HG01123#2#JAGYYY010000006.1_51579630_51892388_0	0.9337861138173488 1K
NA18873 HG03579#1#JAGYVU010000029.1_91404_499180_0$HG01891#1#JAGYVO010000014.1_22855818_23168577_1	0.9337797422070699 1K
NA18873 HG02818#2#JAHEOR010000010.1_31775319_32183091_1$HG02109#2#JAHEPF010000078.1_16678387_16991144_0	0.9337756053696867 1K
NA18873 HG03098#2#JAHEPL010000003.1_93803759_94117426_0$HG02809.verkko_filt_pat.fa:haplotype2_0001251_103421111_103827972_0	0.9337739019760520 1K
NA18873 NA19240#1#JAHEOM010000047.1_30103390_30511199_1$HG01891#1#JAGYVO010000014.1_22855818_23168577_1	0.9337412093376140 1K
NA18873 HG03492#1#JAHEPI010000180.1_2103395_2543326_1$HG04228.verkko_filt_pat.fa:haplotype2_0000600_103806749_104119491_0	0.9337180709640945 1K
NA18873 HG02559#1#JAGYVK010000012.1_51505852_51913611_0$HG01123#2#JAGYYY010000006.1_51579630_51892388_0	0.9337113694610365 1K
NA18873 HG02559#1#JAGYVK010000012.1_51505852_51913611_0$HG02647.verkko_filt_pat.fa:haplotype2_0000857_103738150_104051769_0	0.9337079440138225 1K
NA18873 HG02723#1#JAHEOU010000204.1_2102082_2414876_1$HG03516#2#JAGYYS010000004.1_24452130_24859892_1	0.9336746612609519 1K
NA18873 HG02559#1#JAGYVK010000012.1_51505852_51913611_0$HG03579#2#JAGYVT010000094.1_51581892_51895531_0	0.9336646807082039 1K
NA18873 HG03098#2#JAHEPL010000003.1_93803759_94117426_0$HG02717#2#JAHAOR010000006.1_19663827_20070693_1	0.9336518099870920 1K
NA18873 HG03516#2#JAGYYS010000004.1_24452130_24859892_1$HG02647.verkko_filt_pat.fa:haplotype2_0000857_103738150_104051769_0	0.9336407838011197 1K
NA18873 HG03516#2#JAGYYS010000004.1_24452130_24859892_1$HG04228.verkko_filt_pat.fa:haplotype2_0000600_103806749_104119491_0	0.9336283175170496 1K
NA18873 HG02723#1#JAHEOU010000204.1_2102082_2414876_1$HG03579#1#JAGYVU010000029.1_91404_499180_0	0.9335982158068931 1K
NA18873 HG03579#2#JAGYVT010000094.1_51581892_51895531_0$HG03516#2#JAGYYS010000004.1_24452130_24859892_1	0.9335974267044463 1K
NA18873 HG02559#1#JAGYVK010000012.1_51505852_51913611_0$HG02109#2#JAHEPF010000078.1_16678387_16991144_0	0.9335444920216696 1K
NA18873 HG01123#2#JAGYYY010000006.1_51579630_51892388_0$HG03516#2#JAGYYS010000004.1_24452130_24859892_1	0.9335015333146079 1K
NA18873 HG01123#2#JAGYYY010000006.1_51579630_51892388_0$NA19240#1#JAHEOM010000047.1_30103390_30511199_1	0.9334799584215872 1K
NA18873 HG02723#1#JAHEOU010000204.1_2102082_2414876_1$NA19240#1#JAHEOM010000047.1_30103390_30511199_1	0.9334644089921502 1K
NA18873 HG01109#1#JAHEPA010000099.1_2104245_2511104_1$HG03098#2#JAHEPL010000003.1_93803759_94117426_0	0.9334439028295887 1K
NA18873 HG03098#2#JAHEPL010000003.1_93803759_94117426_0$HG01258#2#JAGYYU010000072.1_51562603_51970395_0	0.9334391866847138 1K
NA18873 HG03579#1#JAGYVU010000029.1_91404_499180_0$HG04228.verkko_filt_pat.fa:haplotype2_0000600_103806749_104119491_0	0.9334204355310028 1K
NA18873 HG03516#2#JAGYYS010000004.1_24452130_24859892_1$HG02109#2#JAHEPF010000078.1_16678387_16991144_0	0.9334176095591714 1K
NA18873 NA19240#1#JAHEOM010000047.1_30103390_30511199_1$HG02647.verkko_filt_pat.fa:haplotype2_0000857_103738150_104051769_0	0.9333957493152794 1K
NA18873 HG03579#1#JAGYVU010000029.1_91404_499180_0$HG02647.verkko_filt_pat.fa:haplotype2_0000857_103738150_104051769_0	0.9333859449960793 1K
NA18873 HG03098#2#JAHEPL010000003.1_93803759_94117426_0$HG02109#1#JAHEPG010000026.1_16673035_17080816_0	0.9333721732892676 1K
NA18873 HG01123#2#JAGYYY010000006.1_51579630_51892388_0$HG03579#1#JAGYVU010000029.1_91404_499180_0	0.9333648498667113 1K
NA18873 HG03579#2#JAGYVT010000094.1_51581892_51895531_0$NA19240#1#JAHEOM010000047.1_30103390_30511199_1	0.9333646143275109 1K
NA18873 HG03098#2#JAHEPL010000003.1_93803759_94117426_0$HG01123#1#JAGYYZ010000015.1_51528240_51935090_0	0.9333467878192092 1K
NA18873 HG03579#2#JAGYVT010000094.1_51581892_51895531_0$HG03579#1#JAGYVU010000029.1_91404_499180_0	0.9333308311090459 1K
NA18873 HG005#1#JAHEPO010000002.1_51519219_51926067_0$HG03098#2#JAHEPL010000003.1_93803759_94117426_0	0.9333288302365811 1K
NA18873 HG02109#2#JAHEPF010000078.1_16678387_16991144_0$HG03579#1#JAGYVU010000029.1_91404_499180_0	0.9333177121555978 1K
NA18873 NA19240#1#JAHEOM010000047.1_30103390_30511199_1$HG02109#2#JAHEPF010000078.1_16678387_16991144_0	0.9333158864943666 1K
NA18873 HG02630#2#JAHAOP010000089.1_16669255_17076135_0$HG03098#2#JAHEPL010000003.1_93803759_94117426_0	0.9333102635291380 1K
NA18873 NA19240#1#JAHEOM010000047.1_30103390_30511199_1$HG04228.verkko_filt_pat.fa:haplotype2_0000600_103806749_104119491_0	0.9332981591664884 1K
NA18873 HG03098#2#JAHEPL010000003.1_93803759_94117426_0$HG02486#2#JAGYVL010000029.1_94163344_94570162_0	0.9332624514598064 1K
NA18873 HG02630#2#JAHAOP010000089.1_16669255_17076135_0$HG02886#2#JAHAOT010000031.1_87393_401061_0	0.9331117577064694 1K
NA18873 HG03098#2#JAHEPL010000003.1_93803759_94117426_0$HG02886#1#JAHAOU010000178.1_62411_469262_0	0.9331080023642382 1K
NA18873 AV_HG01361#haplotype2#0001322:101872897$102186552$HG02486#2#JAGYVL010000029.1_94163344_94570162_0	0.9330983345590469 1K
NA18873 HG02717#2#JAHAOR010000006.1_19663827_20070693_1$HG03710.verkko_filt_mat.fa:haplotype1_0000029_102593394_102907063_0	0.9330934612512899 1K
NA18873 AV_HG01361#haplotype2#0001322:101872897$102186552$HG02630#2#JAHAOP010000089.1_16669255_17076135_0	0.9330843845172262 1K
NA18873 HG03710.verkko_filt_mat.fa:haplotype1_0000029_102593394_102907063_0$HG02809.verkko_filt_pat.fa:haplotype2_0001251_103421111_103827972_0	0.9330840910043168 1K
NA18873 HG03098#2#JAHEPL010000003.1_93803759_94117426_0$HG00741#2#JAHALX010000013.1_51574319_51981226_0	0.9330569172643909 1K
NA18873 HG01258#2#JAGYYU010000072.1_51562603_51970395_0$HG03710.verkko_filt_mat.fa:haplotype1_0000029_102593394_102907063_0	0.9330469893323082 1K
NA18873 HG02630#2#JAHAOP010000089.1_16669255_17076135_0$HG03710.verkko_filt_mat.fa:haplotype1_0000029_102593394_102907063_0	0.9330363359447514 1K
NA18873 HG01123#1#JAGYYZ010000015.1_51528240_51935090_0$HG03710.verkko_filt_mat.fa:haplotype1_0000029_102593394_102907063_0	0.9329545872956654 1K
NA18873 HG02109#1#JAHEPG010000026.1_16673035_17080816_0$HG03710.verkko_filt_mat.fa:haplotype1_0000029_102593394_102907063_0	0.9329443485630216 1K
NA18873 AV_HG01361#haplotype2#0001322:101872897$102186552$HG02886#1#JAHAOU010000178.1_62411_469262_0	0.9329315817276760 1K
NA18873 HG00741#2#JAHALX010000013.1_51574319_51981226_0$HG03710.verkko_filt_mat.fa:haplotype1_0000029_102593394_102907063_0	0.9329250647754577 1K
NA18873 HG01891#1#JAGYVO010000014.1_22855818_23168577_1$HG03927.verkko_filt_mat.fa:haplotype1_0000009_134765170_135173010_1	0.9328451362206325 1K
NA18873 HG02109#2#JAHEPF010000078.1_16678387_16991144_0$HG03927.verkko_filt_mat.fa:haplotype1_0000009_134765170_135173010_1	0.9328238016672704 1K
NA18873 HG01109#1#JAHEPA010000099.1_2104245_2511104_1$HG03710.verkko_filt_mat.fa:haplotype1_0000029_102593394_102907063_0	0.9328147848277011 1K
NA18873 HG02886#1#JAHAOU010000178.1_62411_469262_0$HG03710.verkko_filt_mat.fa:haplotype1_0000029_102593394_102907063_0	0.9328110994070102 1K
NA18873 HG03927.verkko_filt_mat.fa:haplotype1_0000009_134765170_135173010_1$HG02647.verkko_filt_pat.fa:haplotype2_0000857_103738150_104051769_0	0.9326898912464371 1K
NA18873 HG03579#2#JAGYVT010000094.1_51581892_51895531_0$HG03927.verkko_filt_mat.fa:haplotype1_0000009_134765170_135173010_1	0.9326232249516405 1K
NA18873 HG02486#2#JAGYVL010000029.1_94163344_94570162_0$HG03710.verkko_filt_mat.fa:haplotype1_0000029_102593394_102907063_0	0.9326200305965548 1K
NA18873 HG02630#2#JAHAOP010000089.1_16669255_17076135_0$HG00438#2#JAHBCA010000012.1_51513023_51826723_0	0.9326009069414840 1K
NA18873 AV_HG01361#haplotype2#0001322:101872897$102186552$HG02809.verkko_filt_pat.fa:haplotype2_0001251_103421111_103827972_0	0.9325971674490861 1K
NA18873 HG005#1#JAHEPO010000002.1_51519219_51926067_0$HG03710.verkko_filt_mat.fa:haplotype1_0000029_102593394_102907063_0	0.9325925797667016 1K
NA18873 HG01109#1#JAHEPA010000099.1_2104245_2511104_1$HG02886#2#JAHAOT010000031.1_87393_401061_0	0.9325816981869441 1K
NA18873 HG02559#2#JAGYVJ010000037.1_52167780_52574597_1$HG03098#2#JAHEPL010000003.1_93803759_94117426_0	0.9325402863919393 1K
NA18873 HG02723#1#JAHEOU010000204.1_2102082_2414876_1$HG03927.verkko_filt_mat.fa:haplotype1_0000009_134765170_135173010_1	0.9325325061654057 1K
NA18873 HG02886#2#JAHAOT010000031.1_87393_401061_0$HG02809.verkko_filt_pat.fa:haplotype2_0001251_103421111_103827972_0	0.9325188696897657 1K
NA18873 AV_HG01361#haplotype2#0001322:101872897$102186552$HG02818#2#JAHEOR010000010.1_31775319_32183091_1	0.9325083698155981 1K
NA18873 HG02818#2#JAHEOR010000010.1_31775319_32183091_1$HG02293.verkko_filt_mat.fa:haplotype1_0000039_30204405_30517145_1	0.9324941102577671 1K
NA18873 HG01258#2#JAGYYU010000072.1_51562603_51970395_0$HG00733#1#JAHEPQ010000019.1_46106835_46420495_0	0.9324875609749472 1K
NA18873 HG02109#2#JAHEPF010000078.1_16678387_16991144_0$HG02300.verkko_filt_mat.fa:haplotype1_0000028_144052837_144460586_1	0.9324845628937527 1K
NA18873 AV_HG01361#haplotype2#0001322:101872897$102186552$HG01109#1#JAHEPA010000099.1_2104245_2511104_1	0.9324839418762096 1K
NA18873 NA19240#2#JAHEOL010000010.1_37445323_37853017_0$HG01891#1#JAGYVO010000014.1_22855818_23168577_1	0.9324812998872755 1K
NA18873 HG02886#2#JAHAOT010000031.1_87393_401061_0$HG02486#2#JAGYVL010000029.1_94163344_94570162_0	0.9324719170316943 1K
NA18873 AV_HG01361#haplotype2#0001322:101872897$102186552$HG01123#1#JAGYYZ010000015.1_51528240_51935090_0	0.9324687921309807 1K
NA18873 HG02886#1#JAHAOU010000178.1_62411_469262_0$HG00733#1#JAHEPQ010000019.1_46106835_46420495_0	0.9324585031594843 1K
NA18873 HG02886#2#JAHAOT010000031.1_87393_401061_0$HG01258#2#JAGYYU010000072.1_51562603_51970395_0	0.9324583755138807 1K
NA18873 HG02080#1#JAHEOW010000048.1_16689583_17097287_0$HG01891#1#JAGYVO010000014.1_22855818_23168577_1	0.9324581048666213 1K
NA18873 AV_HG01361#haplotype2#0001322:101872897$102186552$HG01258#2#JAGYYU010000072.1_51562603_51970395_0	0.9324433472245821 1K
NA18873 AV_HG01361#haplotype2#0001322:101872897$102186552$HG02717#2#JAHAOR010000006.1_19663827_20070693_1	0.9324416972436995 1K
NA18873 HG02630#2#JAHAOP010000089.1_16669255_17076135_0$HG00733#1#JAHEPQ010000019.1_46106835_46420495_0	0.9324400347834209 1K
NA18873 HG01891#1#JAGYVO010000014.1_22855818_23168577_1$HG02300.verkko_filt_mat.fa:haplotype1_0000028_144052837_144460586_1	0.9324345729876483 1K
NA18873 HG02818#2#JAHEOR010000010.1_31775319_32183091_1$HG03710.verkko_filt_mat.fa:haplotype1_0000029_102593394_102907063_0	0.9324253569644998 1K
NA18873 HG01123#1#JAGYYZ010000015.1_51528240_51935090_0$HG02886#2#JAHAOT010000031.1_87393_401061_0	0.9324132905973593 1K
NA18873 HG02080#1#JAHEOW010000048.1_16689583_17097287_0$HG02109#2#JAHEPF010000078.1_16678387_16991144_0	0.9324125194949654 1K
NA18873 HG02559#1#JAGYVK010000012.1_51505852_51913611_0$HG03710.verkko_filt_mat.fa:haplotype1_0000029_102593394_102907063_0	0.9324051534505883 1K
NA18873 HG00438#2#JAHBCA010000012.1_51513023_51826723_0$HG02717#2#JAHAOR010000006.1_19663827_20070693_1	0.9323970777236215 1K
NA18873 HG02559#1#JAGYVK010000012.1_51505852_51913611_0$HG02293.verkko_filt_mat.fa:haplotype1_0000039_30204405_30517145_1	0.9323926691346630 1K
NA18873 HG01258#2#JAGYYU010000072.1_51562603_51970395_0$HG02293.verkko_filt_mat.fa:haplotype1_0000039_30204405_30517145_1	0.9323717509269572 1K
NA18873 HG02818#2#JAHEOR010000010.1_31775319_32183091_1$HG00733#1#JAHEPQ010000019.1_46106835_46420495_0	0.9323715953170405 1K
NA18873 HG04228.verkko_filt_pat.fa:haplotype2_0000600_103806749_104119491_0$HG03927.verkko_filt_mat.fa:haplotype1_0000009_134765170_135173010_1	0.9323420252208441 1K
NA18873 HG00438#2#JAHBCA010000012.1_51513023_51826723_0$HG01258#2#JAGYYU010000072.1_51562603_51970395_0	0.9323388669028663 1K
NA18873 HG03516#2#JAGYYS010000004.1_24452130_24859892_1$HG03710.verkko_filt_mat.fa:haplotype1_0000029_102593394_102907063_0	0.9323363027985178 1K
NA18873 HG02080#1#JAHEOW010000048.1_16689583_17097287_0$HG02723#1#JAHEOU010000204.1_2102082_2414876_1	0.9323361736165776 1K
NA18873 AV_HG01361#haplotype2#0001322:101872897$102186552$HG02559#1#JAGYVK010000012.1_51505852_51913611_0	0.9323346717272427 1K
NA18873 HG00733#1#JAHEPQ010000019.1_46106835_46420495_0$HG02717#2#JAHAOR010000006.1_19663827_20070693_1	0.9323325506637156 1K
NA18873 AV_HG01361#haplotype2#0001322:101872897$102186552$HG02109#1#JAHEPG010000026.1_16673035_17080816_0	0.9323276196580774 1K
NA18873 HG02886#1#JAHAOU010000178.1_62411_469262_0$HG02886#2#JAHAOT010000031.1_87393_401061_0	0.9323172216773928 1K
NA18873 HG02486#2#JAGYVL010000029.1_94163344_94570162_0$HG02293.verkko_filt_mat.fa:haplotype1_0000039_30204405_30517145_1	0.9323163300214186 1K
NA18873 HG00438#2#JAHBCA010000012.1_51513023_51826723_0$HG02809.verkko_filt_pat.fa:haplotype2_0001251_103421111_103827972_0	0.9323158985264101 1K
NA18873 HG02886#2#JAHAOT010000031.1_87393_401061_0$HG02717#2#JAHAOR010000006.1_19663827_20070693_1	0.9323147481663174 1K
NA18873 HG02109#2#JAHEPF010000078.1_16678387_16991144_0$NA19240#2#JAHEOL010000010.1_37445323_37853017_0	0.9323048355676422 1K
NA18873 HG02886#1#JAHAOU010000178.1_62411_469262_0$HG02293.verkko_filt_mat.fa:haplotype1_0000039_30204405_30517145_1	0.9323045857873399 1K
NA18873 HG02630#2#JAHAOP010000089.1_16669255_17076135_0$HG02293.verkko_filt_mat.fa:haplotype1_0000039_30204405_30517145_1	0.9323012022861196 1K
NA18873 HG02109#1#JAHEPG010000026.1_16673035_17080816_0$HG02886#2#JAHAOT010000031.1_87393_401061_0	0.9322959951947690 1K
NA18873 HG02559#1#JAGYVK010000012.1_51505852_51913611_0$HG00733#1#JAHEPQ010000019.1_46106835_46420495_0	0.9322941515399589 1K
NA18873 AV_HG01361#haplotype1#0000023:101593539$102001341$HG01891#1#JAGYVO010000014.1_22855818_23168577_1	0.9322724855464031 1K
NA18873 HG02109#1#JAHEPG010000026.1_16673035_17080816_0$HG02293.verkko_filt_mat.fa:haplotype1_0000039_30204405_30517145_1	0.9322698291350244 1K
NA18873 HG02486#2#JAGYVL010000029.1_94163344_94570162_0$HG00733#1#JAHEPQ010000019.1_46106835_46420495_0	0.9322669031999368 1K
NA18873 NA19240#1#JAHEOM010000047.1_30103390_30511199_1$HG03710.verkko_filt_mat.fa:haplotype1_0000029_102593394_102907063_0	0.9322625280783939 1K
NA18873 HG00438#2#JAHBCA010000012.1_51513023_51826723_0$HG02109#1#JAHEPG010000026.1_16673035_17080816_0	0.9322596525713214 1K
NA18873 HG01123#1#JAGYYZ010000015.1_51528240_51935090_0$HG00438#2#JAHBCA010000012.1_51513023_51826723_0	0.9322581076349657 1K
NA18873 HG01123#2#JAGYYY010000006.1_51579630_51892388_0$HG03927.verkko_filt_mat.fa:haplotype1_0000009_134765170_135173010_1	0.9322484460106825 1K
NA18873 HG03516#1#JAGYYT010000012.1_24170958_24578778_1$HG01891#1#JAGYVO010000014.1_22855818_23168577_1	0.9322432608082680 1K
NA18873 AV_HG01361#haplotype2#0001322:101872897$102186552$HG03516#2#JAGYYS010000004.1_24452130_24859892_1	0.9322421569024888 1K
NA18873 HG02886#2#JAHAOT010000031.1_87393_401061_0$HG00741#2#JAHALX010000013.1_51574319_51981226_0	0.9322416867117541 1K
NA18873 HG00438#2#JAHBCA010000012.1_51513023_51826723_0$HG02486#2#JAGYVL010000029.1_94163344_94570162_0	0.9322329882915144 1K
NA18873 HG02723#1#JAHEOU010000204.1_2102082_2414876_1$HG02300.verkko_filt_mat.fa:haplotype1_0000028_144052837_144460586_1	0.9322050464787913 1K
NA18873 AV_HG01361#haplotype1#0000023:101593539$102001341$HG02109#2#JAHEPF010000078.1_16678387_16991144_0	0.9322031111113964 1K
NA18873 HG005#1#JAHEPO010000002.1_51519219_51926067_0$HG02886#2#JAHAOT010000031.1_87393_401061_0	0.9321935474416635 1K
NA18873 HG02723#1#JAHEOU010000204.1_2102082_2414876_1$NA19240#2#JAHEOL010000010.1_37445323_37853017_0	0.9321921461146752 1K
NA18873 HG02818#2#JAHEOR010000010.1_31775319_32183091_1$HG02886#2#JAHAOT010000031.1_87393_401061_0	0.9321913166723933 1K
NA18873 AV_HG01361#haplotype2#0001322:101872897$102186552$HG03579#1#JAGYVU010000029.1_91404_499180_0	0.9321906827869254 1K
NA18873 HG02109#1#JAHEPG010000026.1_16673035_17080816_0$HG00733#1#JAHEPQ010000019.1_46106835_46420495_0	0.9321837780201651 1K
NA18873 HG03516#2#JAGYYS010000004.1_24452130_24859892_1$HG02293.verkko_filt_mat.fa:haplotype1_0000039_30204405_30517145_1	0.9321820554617601 1K
NA18873 HG03579#1#JAGYVU010000029.1_91404_499180_0$HG03710.verkko_filt_mat.fa:haplotype1_0000029_102593394_102907063_0	0.9321783727091962 1K
NA18873 HG03579#1#JAGYVU010000029.1_91404_499180_0$HG02293.verkko_filt_mat.fa:haplotype1_0000039_30204405_30517145_1	0.9321657142731442 1K
NA18873 HG03516#2#JAGYYS010000004.1_24452130_24859892_1$HG00733#1#JAHEPQ010000019.1_46106835_46420495_0	0.9321549372566718 1K
NA18873 AV_HG01361#haplotype2#0001322:101872897$102186552$NA19240#1#JAHEOM010000047.1_30103390_30511199_1	0.9321447692028114 1K
NA18873 HG03516#1#JAGYYT010000012.1_24170958_24578778_1$HG02109#2#JAHEPF010000078.1_16678387_16991144_0	0.9321389673087115 1K
NA18873 HG00733#1#JAHEPQ010000019.1_46106835_46420495_0$HG02809.verkko_filt_pat.fa:haplotype2_0001251_103421111_103827972_0	0.9321337072695008 1K
NA18873 HG01123#1#JAGYYZ010000015.1_51528240_51935090_0$HG00733#1#JAHEPQ010000019.1_46106835_46420495_0	0.9321220481021316 1K
NA18873 HG02559#1#JAGYVK010000012.1_51505852_51913611_0$HG02886#2#JAHAOT010000031.1_87393_401061_0	0.9321123413734822 1K
NA18873 HG03516#1#JAGYYT010000012.1_24170958_24578778_1$HG02647.verkko_filt_pat.fa:haplotype2_0000857_103738150_104051769_0	0.9321000058609190 1K
NA18873 HG02647.verkko_filt_pat.fa:haplotype2_0000857_103738150_104051769_0$HG02300.verkko_filt_mat.fa:haplotype1_0000028_144052837_144460586_1	0.9320993781515379 1K
NA18873 HG005#1#JAHEPO010000002.1_51519219_51926067_0$HG00438#2#JAHBCA010000012.1_51513023_51826723_0	0.9320977365090212 1K
NA18873 AV_HG01361#haplotype2#0001322:101872897$102186552$HG005#1#JAHEPO010000002.1_51519219_51926067_0	0.9320955605249548 1K
NA18873 AV_HG01361#haplotype2#0001322:101872897$102186552$HG00741#2#JAHALX010000013.1_51574319_51981226_0	0.9320853387671902 1K
NA18873 HG02109#2#JAHEPF010000078.1_16678387_16991144_0$HG01099.verkko_filt_mat.fa:haplotype1_0000034_142513097_142920876_1	0.9320800735648425 1K
NA18873 HG03579#2#JAGYVT010000094.1_51581892_51895531_0$HG02300.verkko_filt_mat.fa:haplotype1_0000028_144052837_144460586_1	0.9320798000416737 1K
NA18873 HG02886#1#JAHAOU010000178.1_62411_469262_0$HG00438#2#JAHBCA010000012.1_51513023_51826723_0	0.9320664733514158 1K
NA18873 HG01891#1#JAGYVO010000014.1_22855818_23168577_1$HG01099.verkko_filt_mat.fa:haplotype1_0000034_142513097_142920876_1	0.9320658735421712 1K
NA18873 NA19240#2#JAHEOL010000010.1_37445323_37853017_0$HG02647.verkko_filt_pat.fa:haplotype2_0000857_103738150_104051769_0	0.9320634592063254 1K
NA18873 HG02080#1#JAHEOW010000048.1_16689583_17097287_0$HG02647.verkko_filt_pat.fa:haplotype2_0000857_103738150_104051769_0	0.9320632209985483 1K
NA18873 NA19240#1#JAHEOM010000047.1_30103390_30511199_1$HG02293.verkko_filt_mat.fa:haplotype1_0000039_30204405_30517145_1	0.9320466529940684 1K
NA18873 NA19240#1#JAHEOM010000047.1_30103390_30511199_1$HG00733#1#JAHEPQ010000019.1_46106835_46420495_0	0.9320424769218699 1K
NA18873 AV_HG01361#haplotype1#0000023:101593539$102001341$HG02647.verkko_filt_pat.fa:haplotype2_0000857_103738150_104051769_0	0.9320329708958394 1K
NA18873 HG00741#2#JAHALX010000013.1_51574319_51981226_0$HG00733#1#JAHEPQ010000019.1_46106835_46420495_0	0.9320319459461421 1K
NA18873 HG02080#1#JAHEOW010000048.1_16689583_17097287_0$HG03579#2#JAGYVT010000094.1_51581892_51895531_0	0.9320317277376418 1K
NA18873 AV_HG01361#haplotype1#0000023:101593539$102001341$HG03579#2#JAGYVT010000094.1_51581892_51895531_0	0.9320253620676033 1K
NA18873 HG03579#2#JAGYVT010000094.1_51581892_51895531_0$HG03516#1#JAGYYT010000012.1_24170958_24578778_1	0.9320216334133621 1K
NA18873 HG03579#2#JAGYVT010000094.1_51581892_51895531_0$NA19240#2#JAHEOL010000010.1_37445323_37853017_0	0.9320202781111350 1K
NA18873 HG03098#2#JAHEPL010000003.1_93803759_94117426_0$HG03927.verkko_filt_mat.fa:haplotype1_0000009_134765170_135173010_1	0.9320095652049271 1K
NA18873 HG00733#1#JAHEPQ010000019.1_46106835_46420495_0$HG03579#1#JAGYVU010000029.1_91404_499180_0	0.9320076985600793 1K
NA18873 HG02886#2#JAHAOT010000031.1_87393_401061_0$HG03516#2#JAGYYS010000004.1_24452130_24859892_1	0.9319962346921375 1K
NA18873 HG00438#2#JAHBCA010000012.1_51513023_51826723_0$HG00741#2#JAHALX010000013.1_51574319_51981226_0	0.9319800354509149 1K
NA18873 AV_HG01361#haplotype1#0000023:101593539$102001341$HG02723#1#JAHEOU010000204.1_2102082_2414876_1	0.9319712649112523 1K
NA18873 HG02723#1#JAHEOU010000204.1_2102082_2414876_1$HG03516#1#JAGYYT010000012.1_24170958_24578778_1	0.9319305476479185 1K
NA18873 HG01099.verkko_filt_mat.fa:haplotype1_0000034_142513097_142920876_1$HG02647.verkko_filt_pat.fa:haplotype2_0000857_103738150_104051769_0	0.9319218779269419 1K
NA18873 HG02293.verkko_filt_mat.fa:haplotype1_0000039_30204405_30517145_1$HG02809.verkko_filt_pat.fa:haplotype2_0001251_103421111_103827972_0	0.9319213858300252 1K
NA18873 HG03579#2#JAGYVT010000094.1_51581892_51895531_0$HG01099.verkko_filt_mat.fa:haplotype1_0000034_142513097_142920876_1	0.9319023624862850 1K
NA18873 HG02886#2#JAHAOT010000031.1_87393_401061_0$NA19240#1#JAHEOM010000047.1_30103390_30511199_1	0.9318984108495819 1K
NA18873 HG02886#2#JAHAOT010000031.1_87393_401061_0$HG03579#1#JAGYVU010000029.1_91404_499180_0	0.9318854570556914 1K
NA18873 HG02818#2#JAHEOR010000010.1_31775319_32183091_1$HG00438#2#JAHBCA010000012.1_51513023_51826723_0	0.9318355059799558 1K
NA18873 HG02080#1#JAHEOW010000048.1_16689583_17097287_0$HG01123#2#JAGYYY010000006.1_51579630_51892388_0	0.9318158430910193 1K
NA18873 HG02559#1#JAGYVK010000012.1_51505852_51913611_0$HG00438#2#JAHBCA010000012.1_51513023_51826723_0	0.9318152803189512 1K
NA18873 HG01123#2#JAGYYY010000006.1_51579630_51892388_0$NA19240#2#JAHEOL010000010.1_37445323_37853017_0	0.9318142036945862 1K
NA18873 HG02723#1#JAHEOU010000204.1_2102082_2414876_1$HG01099.verkko_filt_mat.fa:haplotype1_0000034_142513097_142920876_1	0.9318123706971324 1K
NA18873 HG01123#2#JAGYYY010000006.1_51579630_51892388_0$HG03516#1#JAGYYT010000012.1_24170958_24578778_1	0.9318001850713912 1K
NA18873 HG005#1#JAHEPO010000002.1_51519219_51926067_0$HG00733#1#JAHEPQ010000019.1_46106835_46420495_0	0.9317825080626854 1K
NA18873 HG03098#2#JAHEPL010000003.1_93803759_94117426_0$HG02300.verkko_filt_mat.fa:haplotype1_0000028_144052837_144460586_1	0.9317670096324790 1K
NA18873 HG01123#2#JAGYYY010000006.1_51579630_51892388_0$HG02300.verkko_filt_mat.fa:haplotype1_0000028_144052837_144460586_1	0.9317563335392077 1K
NA18873 HG02717#2#JAHAOR010000006.1_19663827_20070693_1$HG02293.verkko_filt_mat.fa:haplotype1_0000039_30204405_30517145_1	0.9317410973737011 1K
NA18873 HG00438#2#JAHBCA010000012.1_51513023_51826723_0$HG03516#2#JAGYYS010000004.1_24452130_24859892_1	0.9317226943458604 1K
NA18873 HG02630#1#JAHAOQ010000102.1_16672145_17079089_0$HG03098#2#JAHEPL010000003.1_93803759_94117426_0	0.9317031057730952 1K
NA18873 HG02109#1#JAHEPG010000026.1_16673035_17080816_0$HG02109#2#JAHEPF010000078.1_16678387_16991144_0	0.9316984333007153 1K
NA18873 HG03098#2#JAHEPL010000003.1_93803759_94117426_0$HG02622#1#JAHAOO010000002.1_16673678_17080663_0	0.9316898271826507 1K
NA18873 AV_HG01361#haplotype1#0000023:101593539$102001341$HG01123#2#JAGYYY010000006.1_51579630_51892388_0	0.9316775415561227 1K
NA18873 AV_HG00673#haplotype2#0001165:24014011$24421797$HG01891#1#JAGYVO010000014.1_22855818_23168577_1	0.9316754931261416 1K
NA18873 HG02559#2#JAGYVJ010000037.1_52167780_52574597_1$HG03710.verkko_filt_mat.fa:haplotype1_0000029_102593394_102907063_0	0.9316726861179744 1K
NA18873 HG02717#1#JAHAOS010000015.1_16660311_17067250_0$HG03098#2#JAHEPL010000003.1_93803759_94117426_0	0.9316694948275979 1K
NA18873 HG03098#2#JAHEPL010000003.1_93803759_94117426_0$NA18906#1#JAHEOO010000054.1_2103477_2510435_1	0.9316649997351424 1K
NA18873 HG03098#2#JAHEPL010000003.1_93803759_94117426_0$HG02818#1#JAHEOS010000101.1_89626_496613_0	0.9316533131963900 1K
NA18873 HG03098#2#JAHEPL010000003.1_93803759_94117426_0$NA19240#2#JAHEOL010000010.1_37445323_37853017_0	0.9316040550478306 1K
NA18873 AV_HG02257#haplotype2#0001152:102843493$103251377$HG03098#2#JAHEPL010000003.1_93803759_94117426_0	0.9315801585724495 1K
NA18873 HG00438#2#JAHBCA010000012.1_51513023_51826723_0$HG03579#1#JAGYVU010000029.1_91404_499180_0	0.9315765230272773 1K
NA18873 NA19240#2#JAHEOL010000010.1_37445323_37853017_0$HG04228.verkko_filt_pat.fa:haplotype2_0000600_103806749_104119491_0	0.9315608281736631 1K
NA18873 HG04228.verkko_filt_pat.fa:haplotype2_0000600_103806749_104119491_0$HG02300.verkko_filt_mat.fa:haplotype1_0000028_144052837_144460586_1	0.9315371378577246 1K
NA18873 HG00438#2#JAHBCA010000012.1_51513023_51826723_0$NA19240#1#JAHEOM010000047.1_30103390_30511199_1	0.9315308502185785 1K
NA18873 HG02080#1#JAHEOW010000048.1_16689583_17097287_0$HG03098#2#JAHEPL010000003.1_93803759_94117426_0	0.9315293364479690 1K
NA18873 HG02080#1#JAHEOW010000048.1_16689583_17097287_0$HG04228.verkko_filt_pat.fa:haplotype2_0000600_103806749_104119491_0	0.9315248448726752 1K
NA18873 AV_HG00673#haplotype2#0001165:24014011$24421797$HG02109#2#JAHEPF010000078.1_16678387_16991144_0	0.9314752823734198 1K
NA18873 HG03710.verkko_filt_mat.fa:haplotype1_0000029_102593394_102907063_0$HG03927.verkko_filt_mat.fa:haplotype1_0000009_134765170_135173010_1	0.9314631882122256 1K
NA18873 HG03098#2#JAHEPL010000003.1_93803759_94117426_0$HG03579#1#JAGYVU010000029.1_91404_499180_0	0.9314618787250667 1K
NA18873 HG02145#2#JAHKSF010000206.1_1005292_1413195_1$HG03098#2#JAHEPL010000003.1_93803759_94117426_0	0.9314617548239796 1K
NA18873 HG01123#2#JAGYYY010000006.1_51579630_51892388_0$HG01099.verkko_filt_mat.fa:haplotype1_0000034_142513097_142920876_1	0.9314345748583920 1K
NA18873 AV_HG01361#haplotype1#0000023:101593539$102001341$HG03098#2#JAHEPL010000003.1_93803759_94117426_0	0.9314165782403050 1K
NA18873 HG03098#2#JAHEPL010000003.1_93803759_94117426_0$HG03516#2#JAGYYS010000004.1_24452130_24859892_1	0.9314066501699163 1K
NA18873 HG02818#2#JAHEOR010000010.1_31775319_32183091_1$HG03098#2#JAHEPL010000003.1_93803759_94117426_0	0.9314053012066934 1K
NA18873 AV_HG00673#haplotype2#0001165:24014011$24421797$HG02647.verkko_filt_pat.fa:haplotype2_0000857_103738150_104051769_0	0.9314006049407271 1K
NA18873 HG03098#2#JAHEPL010000003.1_93803759_94117426_0$HG03516#1#JAGYYT010000012.1_24170958_24578778_1	0.9313981580923393 1K
NA18873 HG02559#1#JAGYVK010000012.1_51505852_51913611_0$HG03098#2#JAHEPL010000003.1_93803759_94117426_0	0.9313943410450377 1K
NA18873 HG02818#1#JAHEOS010000101.1_89626_496613_0$HG03710.verkko_filt_mat.fa:haplotype1_0000029_102593394_102907063_0	0.9313911154894072 1K
NA18873 HG02559#2#JAGYVJ010000037.1_52167780_52574597_1$HG00438#2#JAHBCA010000012.1_51513023_51826723_0	0.9313793453478413 1K
NA18873 HG03098#2#JAHEPL010000003.1_93803759_94117426_0$HG01099.verkko_filt_mat.fa:haplotype1_0000034_142513097_142920876_1	0.9313769912623253 1K
NA18873 HG02109#1#JAHEPG010000026.1_16673035_17080816_0$HG01891#1#JAGYVO010000014.1_22855818_23168577_1	0.9313756794900538 1K
NA18873 HG02622#1#JAHAOO010000002.1_16673678_17080663_0$HG03710.verkko_filt_mat.fa:haplotype1_0000029_102593394_102907063_0	0.9313559798326811 1K
NA18873 HG02723#1#JAHEOU010000204.1_2102082_2414876_1$HG02109#1#JAHEPG010000026.1_16673035_17080816_0	0.9313356125972094 1K
NA18873 AV_HG00673#haplotype2#0001165:24014011$24421797$HG03579#2#JAGYVT010000094.1_51581892_51895531_0	0.9313336280070416 1K
NA18873 HG02630#2#JAHAOP010000089.1_16669255_17076135_0$HG02647.verkko_filt_pat.fa:haplotype2_0000857_103738150_104051769_0	0.9313291684787380 1K
NA18873 HG00741#2#JAHALX010000013.1_51574319_51981226_0$HG02293.verkko_filt_mat.fa:haplotype1_0000039_30204405_30517145_1	0.9313126735471317 1K
NA18873 HG01123#1#JAGYYZ010000015.1_51528240_51935090_0$HG02293.verkko_filt_mat.fa:haplotype1_0000039_30204405_30517145_1	0.9313052668639757 1K
NA18873 HG03098#2#JAHEPL010000003.1_93803759_94117426_0$NA19240#1#JAHEOM010000047.1_30103390_30511199_1	0.9313011873600902 1K
NA18873 HG03579#2#JAGYVT010000094.1_51581892_51895531_0$HG02630#2#JAHAOP010000089.1_16669255_17076135_0	0.9312869475125642 1K
NA18873 HG03516#1#JAGYYT010000012.1_24170958_24578778_1$HG04228.verkko_filt_pat.fa:haplotype2_0000600_103806749_104119491_0	0.9312769122159653 1K
NA18873 HG02109#1#JAHEPG010000026.1_16673035_17080816_0$HG02647.verkko_filt_pat.fa:haplotype2_0000857_103738150_104051769_0	0.9312562680455029 1K
NA18873 HG02630#1#JAHAOQ010000102.1_16672145_17079089_0$HG03710.verkko_filt_mat.fa:haplotype1_0000029_102593394_102907063_0	0.9312506614580327 1K
NA18873 HG03579#2#JAGYVT010000094.1_51581892_51895531_0$HG02109#1#JAHEPG010000026.1_16673035_17080816_0	0.9312491745006233 1K
NA18873 AV_HG01361#haplotype1#0000023:101593539$102001341$HG04228.verkko_filt_pat.fa:haplotype2_0000600_103806749_104119491_0	0.9312439945014306 1K
NA18873 HG04228.verkko_filt_pat.fa:haplotype2_0000600_103806749_104119491_0$HG01099.verkko_filt_mat.fa:haplotype1_0000034_142513097_142920876_1	0.9312044402626930 1K
NA18873 AV_HG00673#haplotype2#0001165:24014011$24421797$HG02723#1#JAHEOU010000204.1_2102082_2414876_1	0.9311835477531767 1K
NA18873 NA18906#1#JAHEOO010000054.1_2103477_2510435_1$HG03710.verkko_filt_mat.fa:haplotype1_0000029_102593394_102907063_0	0.9311647824386969 1K
NA18873 HG02145#2#JAHKSF010000206.1_1005292_1413195_1$HG03710.verkko_filt_mat.fa:haplotype1_0000029_102593394_102907063_0	0.9311637866992425 1K
NA18873 HG02109#1#JAHEPG010000026.1_16673035_17080816_0$HG04228.verkko_filt_pat.fa:haplotype2_0000600_103806749_104119491_0	0.9311564698387687 1K
NA18873 AV_HG02257#haplotype2#0001152:102843493$103251377$HG03710.verkko_filt_mat.fa:haplotype1_0000029_102593394_102907063_0	0.9311515291915431 1K
NA18873 AV_HG01175#haplotype1#0000070:46006269$46414083$HG02109#2#JAHEPF010000078.1_16678387_16991144_0	0.9311478971451033 1K
NA18873 HG005#1#JAHEPO010000002.1_51519219_51926067_0$HG02293.verkko_filt_mat.fa:haplotype1_0000039_30204405_30517145_1	0.9311334850905962 1K
NA18873 HG01258#2#JAGYYU010000072.1_51562603_51970395_0$HG01891#1#JAGYVO010000014.1_22855818_23168577_1	0.9310907528778047 1K
NA18873 HG02630#2#JAHAOP010000089.1_16669255_17076135_0$HG01891#1#JAGYVO010000014.1_22855818_23168577_1	0.9310823301710326 1K
NA18873 HG01123#2#JAGYYY010000006.1_51579630_51892388_0$HG02109#1#JAHEPG010000026.1_16673035_17080816_0	0.9310498426573743 1K
NA18873 AV_HG01361#haplotype2#0001322:101872897$102186552$HG02630#1#JAHAOQ010000102.1_16672145_17079089_0	0.9310491111740666 1K
NA18873 AV_HG01361#haplotype2#0001322:101872897$102186552$NA18906#1#JAHEOO010000054.1_2103477_2510435_1	0.9310466393085853 1K
NA18873 HG03453#2#JAGYVV010000088.1_22597550_23005370_1$HG02109#2#JAHEPF010000078.1_16678387_16991144_0	0.9310381702670054 1K
NA18873 AV_HG01361#haplotype2#0001322:101872897$102186552$HG02622#1#JAHAOO010000002.1_16673678_17080663_0	0.9310250431310433 1K
NA18873 HG02622#1#JAHAOO010000002.1_16673678_17080663_0$HG02886#2#JAHAOT010000031.1_87393_401061_0	0.9310154173062268 1K
NA18873 AV_HG01175#haplotype1#0000070:46006269$46414083$HG01891#1#JAGYVO010000014.1_22855818_23168577_1	0.9310026336028255 1K
NA18873 HG02717#1#JAHAOS010000015.1_16660311_17067250_0$HG03710.verkko_filt_mat.fa:haplotype1_0000029_102593394_102907063_0	0.9310024121261211 1K
NA18873 AV_HG01361#haplotype2#0001322:101872897$102186552$HG02818#1#JAHEOS010000101.1_89626_496613_0	0.9309997648948675 1K
NA18873 chr1_hg38_103456064_103863972_0$HG01891#1#JAGYVO010000014.1_22855818_23168577_1	0.9309747386643555 1K
NA18873 chr1_hg19_103998686_104406594_0$HG01891#1#JAGYVO010000014.1_22855818_23168577_1	0.9309747386643555 1K
NA18873 HG01891#1#JAGYVO010000014.1_22855818_23168577_1$HG002.verkko_filt_mat.fa:haplotype1_0000005_138228497_138636354_1	0.9309692533667322 1K
NA18873 AV_HG01361#haplotype2#0001322:101872897$102186552$HG02717#1#JAHAOS010000015.1_16660311_17067250_0	0.9309677210409928 1K
NA18873 HG03453#2#JAGYVV010000088.1_22597550_23005370_1$HG01891#1#JAGYVO010000014.1_22855818_23168577_1	0.9309525315747801 1K
NA18873 HG02109#2#JAHEPF010000078.1_16678387_16991144_0$HG002.verkko_filt_mat.fa:haplotype1_0000005_138228497_138636354_1	0.9309359425907320 1K
NA18873 HG02559#2#JAGYVJ010000037.1_52167780_52574597_1$HG00733#1#JAHEPQ010000019.1_46106835_46420495_0	0.9309332118283915 1K
NA18873 HG03486#1#JAHEOQ010000123.1_16677696_17085575_0$HG01891#1#JAGYVO010000014.1_22855818_23168577_1	0.9309330002045079 1K
NA18873 HG02886#2#JAHAOT010000031.1_87393_401061_0$HG02818#1#JAHEOS010000101.1_89626_496613_0	0.9309322050414243 1K
NA18873 HG02723#1#JAHEOU010000204.1_2102082_2414876_1$HG01258#2#JAGYYU010000072.1_51562603_51970395_0	0.9309198870916472 1K
NA18873 HG005#2#JAHEPN010000023.1_51542210_51950070_0$HG01891#1#JAGYVO010000014.1_22855818_23168577_1	0.9309142198390000 1K
NA18873 AV_HG01361#haplotype2#0001322:101872897$102186552$HG03927.verkko_filt_mat.fa:haplotype1_0000009_134765170_135173010_1	0.9309091147383841 1K
NA18873 HG01109#1#JAHEPA010000099.1_2104245_2511104_1$HG02647.verkko_filt_pat.fa:haplotype2_0000857_103738150_104051769_0	0.9308950453894326 1K
NA18873 AV_HG02257#haplotype2#0001152:102843493$103251377$HG02886#2#JAHAOT010000031.1_87393_401061_0	0.9308828270610450 1K
NA18873 HG01258#2#JAGYYU010000072.1_51562603_51970395_0$HG02109#2#JAHEPF010000078.1_16678387_16991144_0	0.9308809732590687 1K
NA18873 HG01258#2#JAGYYU010000072.1_51562603_51970395_0$HG02647.verkko_filt_pat.fa:haplotype2_0000857_103738150_104051769_0	0.9308654821304769 1K
NA18873 HG02717#1#JAHAOS010000015.1_16660311_17067250_0$HG02886#2#JAHAOT010000031.1_87393_401061_0	0.9308535904044013 1K
NA18873 HG01109#1#JAHEPA010000099.1_2104245_2511104_1$HG03579#2#JAGYVT010000094.1_51581892_51895531_0	0.9308529198085035 1K
NA18873 AV_HG01361#haplotype2#0001322:101872897$102186552$AV_HG02257#haplotype2#0001152:102843493$103251377	0.9308433729158996 1K
NA18873 HG02886#2#JAHAOT010000031.1_87393_401061_0$HG03927.verkko_filt_mat.fa:haplotype1_0000009_134765170_135173010_1	0.9308270874205777 1K
NA18873 HG01978#2#JAGYVR010000007.1_51532241_51939176_0$HG02647.verkko_filt_pat.fa:haplotype2_0000857_103738150_104051769_0	0.9308170042179118 1K
NA18873 HG03579#2#JAGYVT010000094.1_51581892_51895531_0$HG01258#2#JAGYYU010000072.1_51562603_51970395_0	0.9308114866748930 1K
NA18873 HG03486#1#JAHEOQ010000123.1_16677696_17085575_0$HG02109#2#JAHEPF010000078.1_16678387_16991144_0	0.9308047613491647 1K
NA18873 HG02717#2#JAHAOR010000006.1_19663827_20070693_1$HG02647.verkko_filt_pat.fa:haplotype2_0000857_103738150_104051769_0	0.9308033860908423 1K
NA18873 AV_HG01361#haplotype2#0001322:101872897$102186552$HG02145#2#JAHKSF010000206.1_1005292_1413195_1	0.9307962491973892 1K
NA18873 HG02004.verkko_filt_mat.fa:haplotype1_0000022_97828542_98235483_0$HG02647.verkko_filt_pat.fa:haplotype2_0000857_103738150_104051769_0	0.9307955626925636 1K
NA18873 AV_HG00673#haplotype2#0001165:24014011$24421797$HG03098#2#JAHEPL010000003.1_93803759_94117426_0	0.9307757301875570 1K
NA18873 AV_HG01361#haplotype1#0000023:101593539$102001341$HG03710.verkko_filt_mat.fa:haplotype1_0000029_102593394_102907063_0	0.9307744489245187 1K
NA18873 HG03579#2#JAGYVT010000094.1_51581892_51895531_0$HG02717#2#JAHAOR010000006.1_19663827_20070693_1	0.9307728988507905 1K
NA18873 HG005#2#JAHEPN010000023.1_51542210_51950070_0$HG02109#2#JAHEPF010000078.1_16678387_16991144_0	0.9307622178410317 1K
NA18873 HG03516#1#JAGYYT010000012.1_24170958_24578778_1$HG03710.verkko_filt_mat.fa:haplotype1_0000029_102593394_102907063_0	0.9307573427829554 1K
NA18873 HG02630#1#JAHAOQ010000102.1_16672145_17079089_0$HG02886#2#JAHAOT010000031.1_87393_401061_0	0.9307559674200430 1K
NA18873 HG00733#1#JAHEPQ010000019.1_46106835_46420495_0$HG03927.verkko_filt_mat.fa:haplotype1_0000009_134765170_135173010_1	0.9307555879148141 1K
NA18873 HG03579#2#JAGYVT010000094.1_51581892_51895531_0$HG02004.verkko_filt_mat.fa:haplotype1_0000022_97828542_98235483_0	0.9307526684225852 1K
NA18873 HG03579#2#JAGYVT010000094.1_51581892_51895531_0$HG01978#2#JAGYVR010000007.1_51532241_51939176_0	0.9307501548722933 1K
NA18873 HG01109#1#JAHEPA010000099.1_2104245_2511104_1$HG00438#2#JAHBCA010000012.1_51513023_51826723_0	0.9307477000589454 1K
NA18873 HG02647.verkko_filt_pat.fa:haplotype2_0000857_103738150_104051769_0$HG002.verkko_filt_mat.fa:haplotype1_0000005_138228497_138636354_1	0.9307422233507210 1K
NA18873 HG01109#1#JAHEPA010000099.1_2104245_2511104_1$HG00733#1#JAHEPQ010000019.1_46106835_46420495_0	0.9307361458378899 1K
NA18873 chr1_hg38_103456064_103863972_0$HG02109#2#JAHEPF010000078.1_16678387_16991144_0	0.9307269997218403 1K
NA18873 chr1_hg19_103998686_104406594_0$HG02109#2#JAHEPF010000078.1_16678387_16991144_0	0.9307269997218403 1K
NA18873 HG01928#1#JAGYVQ010000053.1_16676493_17083407_0$HG01891#1#JAGYVO010000014.1_22855818_23168577_1	0.9307189156168113 1K
NA18873 HG03579#2#JAGYVT010000094.1_51581892_51895531_0$HG002.verkko_filt_mat.fa:haplotype1_0000005_138228497_138636354_1	0.9307110855278109 1K
NA18873 HG00621#2#JAHBCC010000031.1_16669999_17077865_0$HG01891#1#JAGYVO010000014.1_22855818_23168577_1	0.9307109406234623 1K
NA18873 HG02886#2#JAHAOT010000031.1_87393_401061_0$NA18906#1#JAHEOO010000054.1_2103477_2510435_1	0.9307058474430537 1K
NA18873 HG01109#1#JAHEPA010000099.1_2104245_2511104_1$HG01891#1#JAGYVO010000014.1_22855818_23168577_1	0.9306955227210624 1K
NA18873 HG02559#2#JAGYVJ010000037.1_52167780_52574597_1$HG02293.verkko_filt_mat.fa:haplotype1_0000039_30204405_30517145_1	0.9306870966373544 1K
NA18873 HG00621#2#JAHBCC010000031.1_16669999_17077865_0$HG02109#2#JAHEPF010000078.1_16678387_16991144_0	0.9306777309870286 1K
NA18873 HG01978#2#JAGYVR010000007.1_51532241_51939176_0$HG01891#1#JAGYVO010000014.1_22855818_23168577_1	0.9306750737762580 1K
NA18873 HG02630#2#JAHAOP010000089.1_16669255_17076135_0$HG02109#2#JAHEPF010000078.1_16678387_16991144_0	0.9306726997491691 1K
NA18873 HG00438#2#JAHBCA010000012.1_51513023_51826723_0$HG03927.verkko_filt_mat.fa:haplotype1_0000009_134765170_135173010_1	0.9306721010753507 1K
NA18873 HG02647.verkko_filt_pat.fa:haplotype2_0000857_103738150_104051769_0$HG02809.verkko_filt_pat.fa:haplotype2_0001251_103421111_103827972_0	0.9306703623600879 1K
NA18873 HG03927.verkko_filt_mat.fa:haplotype1_0000009_134765170_135173010_1$HG02293.verkko_filt_mat.fa:haplotype1_0000039_30204405_30517145_1	0.9306543843029723 1K
NA18873 HG02109#2#JAHEPF010000078.1_16678387_16991144_0$HG02809.verkko_filt_pat.fa:haplotype2_0001251_103421111_103827972_0	0.9306502013332152 1K
NA18873 HG01928#1#JAGYVQ010000053.1_16676493_17083407_0$HG02647.verkko_filt_pat.fa:haplotype2_0000857_103738150_104051769_0	0.9306467639682647 1K
NA18873 HG02486#2#JAGYVL010000029.1_94163344_94570162_0$HG02647.verkko_filt_pat.fa:haplotype2_0000857_103738150_104051769_0	0.9306442754373409 1K
NA18873 HG01891#1#JAGYVO010000014.1_22855818_23168577_1$HG02004.verkko_filt_mat.fa:haplotype1_0000022_97828542_98235483_0	0.9306419861667415 1K
NA18873 HG03710.verkko_filt_mat.fa:haplotype1_0000029_102593394_102907063_0$HG02300.verkko_filt_mat.fa:haplotype1_0000028_144052837_144460586_1	0.9306384248364320 1K
NA18873 HG01258#2#JAGYYU010000072.1_51562603_51970395_0$HG04228.verkko_filt_pat.fa:haplotype2_0000600_103806749_104119491_0	0.9306336658912250 1K
NA18873 HG02145#2#JAHKSF010000206.1_1005292_1413195_1$HG02886#2#JAHAOT010000031.1_87393_401061_0	0.9306334037558265 1K
NA18873 HG02886#1#JAHAOU010000178.1_62411_469262_0$HG02647.verkko_filt_pat.fa:haplotype2_0000857_103738150_104051769_0	0.9306214969591667 1K
NA18873 HG03453#2#JAGYVV010000088.1_22597550_23005370_1$HG02647.verkko_filt_pat.fa:haplotype2_0000857_103738150_104051769_0	0.9306193370703182 1K
NA18873 HG03579#2#JAGYVT010000094.1_51581892_51895531_0$HG02809.verkko_filt_pat.fa:haplotype2_0001251_103421111_103827972_0	0.9306159629647015 1K
NA18873 HG01928#1#JAGYVQ010000053.1_16676493_17083407_0$HG03579#2#JAGYVT010000094.1_51581892_51895531_0	0.9306039229795177 1K
NA18873 AV_HG00673#haplotype2#0001165:24014011$24421797$HG01123#2#JAGYYY010000006.1_51579630_51892388_0	0.9306013838952267 1K
NA18873 HG03710.verkko_filt_mat.fa:haplotype1_0000029_102593394_102907063_0$HG01099.verkko_filt_mat.fa:haplotype1_0000034_142513097_142920876_1	0.9305926026446917 1K
NA18873 HG005#2#JAHEPN010000023.1_51542210_51950070_0$HG02647.verkko_filt_pat.fa:haplotype2_0000857_103738150_104051769_0	0.9305925339432387 1K
NA18873 HG03579#2#JAGYVT010000094.1_51581892_51895531_0$HG02486#2#JAGYVL010000029.1_94163344_94570162_0	0.9305896827958607 1K
NA18873 HG03579#2#JAGYVT010000094.1_51581892_51895531_0$HG03453#2#JAGYVV010000088.1_22597550_23005370_1	0.9305885012373660 1K
NA18873 HG02080#1#JAHEOW010000048.1_16689583_17097287_0$HG03710.verkko_filt_mat.fa:haplotype1_0000029_102593394_102907063_0	0.9305788994592052 1K
NA18873 HG01891#1#JAGYVO010000014.1_22855818_23168577_1$HG02071.verkko_filt_mat.fa:haplotype1_0000041_103610513_104018399_0	0.9305720968437556 1K
NA18873 HG01123#1#JAGYYZ010000015.1_51528240_51935090_0$HG01891#1#JAGYVO010000014.1_22855818_23168577_1	0.9305706909844298 1K
NA18873 HG03579#2#JAGYVT010000094.1_51581892_51895531_0$HG02886#1#JAHAOU010000178.1_62411_469262_0	0.9305669545976705 1K
NA18873 chr1_hg38_103456064_103863972_0$HG02647.verkko_filt_pat.fa:haplotype2_0000857_103738150_104051769_0	0.9305451615609274 1K
NA18873 chr1_hg19_103998686_104406594_0$HG02647.verkko_filt_pat.fa:haplotype2_0000857_103738150_104051769_0	0.9305451615609274 1K
NA18873 HG02109#2#JAHEPF010000078.1_16678387_16991144_0$HG02071.verkko_filt_mat.fa:haplotype1_0000041_103610513_104018399_0	0.9305388913411141 1K
NA18873 HG02717#2#JAHAOR010000006.1_19663827_20070693_1$HG01891#1#JAGYVO010000014.1_22855818_23168577_1	0.9305326640658375 1K
NA18873 HG03486#1#JAHEOQ010000123.1_16677696_17085575_0$HG02647.verkko_filt_pat.fa:haplotype2_0000857_103738150_104051769_0	0.9305281996433572 1K
NA18873 HG01928#1#JAGYVQ010000053.1_16676493_17083407_0$HG02109#2#JAHEPF010000078.1_16678387_16991144_0	0.9305195467510131 1K
NA18873 HG02630#2#JAHAOP010000089.1_16669255_17076135_0$HG04228.verkko_filt_pat.fa:haplotype2_0000600_103806749_104119491_0	0.9305188866252277 1K
NA18873 HG02486#2#JAGYVL010000029.1_94163344_94570162_0$HG01891#1#JAGYVO010000014.1_22855818_23168577_1	0.9305146596822322 1K
NA18873 AV_HG01175#haplotype1#0000070:46006269$46414083$HG02647.verkko_filt_pat.fa:haplotype2_0000857_103738150_104051769_0	0.9305141310929314 1K
NA18873 HG02109#2#JAHEPF010000078.1_16678387_16991144_0$HG02004.verkko_filt_mat.fa:haplotype1_0000022_97828542_98235483_0	0.9305139101748845 1K
NA18873 AV_HG02148#haplotype2#0002863:16304803$16712699$HG02109#2#JAHEPF010000078.1_16678387_16991144_0	0.9305060941119517 1K
NA18873 HG03579#2#JAGYVT010000094.1_51581892_51895531_0$HG005#2#JAHEPN010000023.1_51542210_51950070_0	0.9305022381106031 1K
NA18873 HG03579#2#JAGYVT010000094.1_51581892_51895531_0$chr1_hg38_103456064_103863972_0	0.9305021314887109 1K
NA18873 HG03579#2#JAGYVT010000094.1_51581892_51895531_0$chr1_hg19_103998686_104406594_0	0.9305021314887109 1K
NA18873 HG01978#2#JAGYVR010000007.1_51532241_51939176_0$HG02109#2#JAHEPF010000078.1_16678387_16991144_0	0.9304991760148673 1K
NA18873 AV_HG02148#haplotype2#0002863:16304803$16712699$HG01891#1#JAGYVO010000014.1_22855818_23168577_1	0.9304916850135221 1K
NA18873 HG01123#1#JAGYYZ010000015.1_51528240_51935090_0$HG02647.verkko_filt_pat.fa:haplotype2_0000857_103738150_104051769_0	0.9304870882592537 1K
NA18873 HG03486#1#JAHEOQ010000123.1_16677696_17085575_0$HG03579#2#JAGYVT010000094.1_51581892_51895531_0	0.9304735520808701 1K
NA18873 AV_HG01175#haplotype1#0000070:46006269$46414083$HG03579#2#JAGYVT010000094.1_51581892_51895531_0	0.9304712483912334 1K
NA18873 HG01123#2#JAGYYY010000006.1_51579630_51892388_0$HG01258#2#JAGYYU010000072.1_51562603_51970395_0	0.9304538672071609 1K
NA18873 NA19240#2#JAHEOL010000010.1_37445323_37853017_0$HG03710.verkko_filt_mat.fa:haplotype1_0000029_102593394_102907063_0	0.9304537886335708 1K
NA18873 HG02109#2#JAHEPF010000078.1_16678387_16991144_0$HG02717#2#JAHAOR010000006.1_19663827_20070693_1	0.9304528277022172 1K
NA18873 HG03579#2#JAGYVT010000094.1_51581892_51895531_0$HG01123#1#JAGYYZ010000015.1_51528240_51935090_0	0.9304448615563912 1K
NA18873 HG01109#1#JAHEPA010000099.1_2104245_2511104_1$HG02109#2#JAHEPF010000078.1_16678387_16991144_0	0.9304391775834332 1K
NA18873 HG00741#2#JAHALX010000013.1_51574319_51981226_0$HG02647.verkko_filt_pat.fa:haplotype2_0000857_103738150_104051769_0	0.9304384122170654 1K
NA18873 HG005#1#JAHEPO010000002.1_51519219_51926067_0$HG02647.verkko_filt_pat.fa:haplotype2_0000857_103738150_104051769_0	0.9304229441558670 1K
NA18873 HG02723#1#JAHEOU010000204.1_2102082_2414876_1$HG01123#1#JAGYYZ010000015.1_51528240_51935090_0	0.9304115167775056 1K
NA18873 HG02559#2#JAGYVJ010000037.1_52167780_52574597_1$HG02886#2#JAHAOT010000031.1_87393_401061_0	0.9304074552343365 1K
NA18873 HG00438#2#JAHBCA010000012.1_51513023_51826723_0$NA19240#2#JAHEOL010000010.1_37445323_37853017_0	0.9303952438819439 1K
NA18873 HG02080#1#JAHEOW010000048.1_16689583_17097287_0$HG00438#2#JAHBCA010000012.1_51513023_51826723_0	0.9303912459782194 1K
NA18873 HG03579#2#JAGYVT010000094.1_51581892_51895531_0$HG00741#2#JAHALX010000013.1_51574319_51981226_0	0.9303846586738573 1K
NA18873 HG005#1#JAHEPO010000002.1_51519219_51926067_0$HG03579#2#JAGYVT010000094.1_51581892_51895531_0	0.9303572012627536 1K
NA18873 HG02486#2#JAGYVL010000029.1_94163344_94570162_0$HG04228.verkko_filt_pat.fa:haplotype2_0000600_103806749_104119491_0	0.9303545252108805 1K
NA18873 HG005#1#JAHEPO010000002.1_51519219_51926067_0$HG01891#1#JAGYVO010000014.1_22855818_23168577_1	0.9303530739193254 1K
NA18873 HG02723#1#JAHEOU010000204.1_2102082_2414876_1$HG02630#2#JAHAOP010000089.1_16669255_17076135_0	0.9303455345592856 1K
NA18873 HG00741#2#JAHALX010000013.1_51574319_51981226_0$HG01891#1#JAGYVO010000014.1_22855818_23168577_1	0.9303451179336106 1K
NA18873 HG02886#1#JAHAOU010000178.1_62411_469262_0$HG01891#1#JAGYVO010000014.1_22855818_23168577_1	0.9303378504220839 1K
NA18873 HG01123#1#JAGYYZ010000015.1_51528240_51935090_0$HG02109#2#JAHEPF010000078.1_16678387_16991144_0	0.9303373116200042 1K
NA18873 HG00438#2#JAHBCA010000012.1_51513023_51826723_0$HG02300.verkko_filt_mat.fa:haplotype1_0000028_144052837_144460586_1	0.9303321780748218 1K
NA18873 AV_HG01361#haplotype2#0001322:101872897$102186552$HG02559#2#JAGYVJ010000037.1_52167780_52574597_1	0.9303229551242499 1K
NA18873 HG00621#2#JAHBCC010000031.1_16669999_17077865_0$HG02647.verkko_filt_pat.fa:haplotype2_0000857_103738150_104051769_0	0.9303178035520848 1K
NA18873 HG02723#1#JAHEOU010000204.1_2102082_2414876_1$HG02486#2#JAGYVL010000029.1_94163344_94570162_0	0.9303083214917804 1K
NA18873 AV_HG01361#haplotype1#0000023:101593539$102001341$HG00438#2#JAHBCA010000012.1_51513023_51826723_0	0.9303021738471668 1K
NA18873 HG01109#1#JAHEPA010000099.1_2104245_2511104_1$HG02293.verkko_filt_mat.fa:haplotype1_0000039_30204405_30517145_1	0.9302929979532736 1K
NA18873 HG02723#1#JAHEOU010000204.1_2102082_2414876_1$HG02717#2#JAHAOR010000006.1_19663827_20070693_1	0.9302907633998164 1K
NA18873 AV_HG02148#haplotype2#0002863:16304803$16712699$HG02647.verkko_filt_pat.fa:haplotype2_0000857_103738150_104051769_0	0.9302889633981398 1K
NA18873 HG00621#2#JAHBCC010000031.1_16669999_17077865_0$HG03579#2#JAGYVT010000094.1_51581892_51895531_0	0.9302749773067945 1K
NA18873 HG02071.verkko_filt_mat.fa:haplotype1_0000041_103610513_104018399_0$HG02647.verkko_filt_pat.fa:haplotype2_0000857_103738150_104051769_0	0.9302621180432809 1K
NA18873 HG02145#2#JAHKSF010000206.1_1005292_1413195_1$HG02293.verkko_filt_mat.fa:haplotype1_0000039_30204405_30517145_1	0.9302610096633429 1K
NA18873 HG00438#2#JAHBCA010000012.1_51513023_51826723_0$HG03516#1#JAGYYT010000012.1_24170958_24578778_1	0.9302490049075590 1K
NA18873 HG02293.verkko_filt_mat.fa:haplotype1_0000039_30204405_30517145_1$HG02300.verkko_filt_mat.fa:haplotype1_0000028_144052837_144460586_1	0.9302455294636415 1K
NA18873 HG03516#1#JAGYYT010000012.1_24170958_24578778_1$HG00733#1#JAHEPQ010000019.1_46106835_46420495_0	0.9302253909549130 1K
NA18873 AV_HG02148#haplotype2#0002863:16304803$16712699$HG03579#2#JAGYVT010000094.1_51581892_51895531_0	0.9302225006283316 1K
NA18873 HG02723#1#JAHEOU010000204.1_2102082_2414876_1$HG02809.verkko_filt_pat.fa:haplotype2_0001251_103421111_103827972_0	0.9302161677787042 1K
NA18873 HG04228.verkko_filt_pat.fa:haplotype2_0000600_103806749_104119491_0$HG02809.verkko_filt_pat.fa:haplotype2_0001251_103421111_103827972_0	0.9302141792245135 1K
NA18873 HG02647.verkko_filt_pat.fa:haplotype2_0000857_103738150_104051769_0$HG02300.verkko_filt_pat.fa:haplotype2_0000620_143362344_143769323_1	0.9302048850509156 1K
NA18873 HG005#1#JAHEPO010000002.1_51519219_51926067_0$HG02109#2#JAHEPF010000078.1_16678387_16991144_0	0.9302025598502389 1K
NA18873 HG01891#1#JAGYVO010000014.1_22855818_23168577_1$HG02809.verkko_filt_pat.fa:haplotype2_0001251_103421111_103827972_0	0.9301977788347504 1K
NA18873 HG03579#2#JAGYVT010000094.1_51581892_51895531_0$HG02071.verkko_filt_mat.fa:haplotype1_0000041_103610513_104018399_0	0.9301955085270146 1K
NA18873 HG03098#2#JAHEPL010000003.1_93803759_94117426_0$HG01978#2#JAGYVR010000007.1_51532241_51939176_0	0.9301938400898699 1K
NA18873 HG02886#1#JAHAOU010000178.1_62411_469262_0$HG04228.verkko_filt_pat.fa:haplotype2_0000600_103806749_104119491_0	0.9301891303725853 1K
NA18873 AV_HG01361#haplotype1#0000023:101593539$102001341$HG00733#1#JAHEPQ010000019.1_46106835_46420495_0	0.9301876940827462 1K
NA18873 NA19240#2#JAHEOL010000010.1_37445323_37853017_0$HG02293.verkko_filt_mat.fa:haplotype1_0000039_30204405_30517145_1	0.9301773937961929 1K
NA18873 HG03516#1#JAGYYT010000012.1_24170958_24578778_1$HG02293.verkko_filt_mat.fa:haplotype1_0000039_30204405_30517145_1	0.9301718703310291 1K
NA18873 HG03579#2#JAGYVT010000094.1_51581892_51895531_0$HG02300.verkko_filt_pat.fa:haplotype2_0000620_143362344_143769323_1	0.9301618850758344 1K
NA18873 HG02080#1#JAHEOW010000048.1_16689583_17097287_0$HG02293.verkko_filt_mat.fa:haplotype1_0000039_30204405_30517145_1	0.9301501350996983 1K
NA18873 HG00741#1#JAHALY010000007.1_18781197_19307680_1$HG02723#2#JAHEOT010000034.1_19776337_20321518_1	0.9301476850387420 1K
NA18873 HG02622#1#JAHAOO010000002.1_16673678_17080663_0$HG02293.verkko_filt_mat.fa:haplotype1_0000039_30204405_30517145_1	0.9301329757204946 1K
NA18873 AV_HG01361#haplotype1#0000023:101593539$102001341$HG02293.verkko_filt_mat.fa:haplotype1_0000039_30204405_30517145_1	0.9301322024850324 1K
NA18873 HG02723#1#JAHEOU010000204.1_2102082_2414876_1$HG02886#1#JAHAOU010000178.1_62411_469262_0	0.9301195855502313 1K
NA18873 AV_HG00673#haplotype2#0001165:24014011$24421797$HG04228.verkko_filt_pat.fa:haplotype2_0000600_103806749_104119491_0	0.9301000953271887 1K
NA18873 HG00741#2#JAHALX010000013.1_51574319_51981226_0$HG02109#2#JAHEPF010000078.1_16678387_16991144_0	0.9300772640938499 1K
NA18873 HG03098#2#JAHEPL010000003.1_93803759_94117426_0$HG02004.verkko_filt_mat.fa:haplotype1_0000022_97828542_98235483_0	0.9300685748579778 1K
NA18873 AV_HG01175#haplotype1#0000070:46006269$46414083$HG03098#2#JAHEPL010000003.1_93803759_94117426_0	0.9300590100078632 1K
NA18873 HG01099.verkko_filt_mat.fa:haplotype1_0000034_142513097_142920876_1$HG02293.verkko_filt_mat.fa:haplotype1_0000039_30204405_30517145_1	0.9300569196751386 1K
NA18873 HG01123#2#JAGYYY010000006.1_51579630_51892388_0$HG02630#2#JAHAOP010000089.1_16669255_17076135_0	0.9300430292029247 1K
NA18873 HG01928#1#JAGYVQ010000053.1_16676493_17083407_0$HG03098#2#JAHEPL010000003.1_93803759_94117426_0	0.9300386731242293 1K
NA18873 HG00438#2#JAHBCA010000012.1_51513023_51826723_0$HG01099.verkko_filt_mat.fa:haplotype1_0000034_142513097_142920876_1	0.9300371517344596 1K
NA18873 HG02109#2#JAHEPF010000078.1_16678387_16991144_0$HG02300.verkko_filt_pat.fa:haplotype2_0000620_143362344_143769323_1	0.9300298026170840 1K
NA18873 AV_HG00673#haplotype2#0001165:24014011$24421797$HG03710.verkko_filt_mat.fa:haplotype1_0000029_102593394_102907063_0	0.9300153873251589 1K
NA18873 HG01123#2#JAGYYY010000006.1_51579630_51892388_0$HG02486#2#JAGYVL010000029.1_94163344_94570162_0	0.9300097325900087 1K
NA18873 HG03098#2#JAHEPL010000003.1_93803759_94117426_0$HG002.verkko_filt_mat.fa:haplotype1_0000005_138228497_138636354_1	0.9300011650768633 1K
NA18873 HG01891#1#JAGYVO010000014.1_22855818_23168577_1$HG02300.verkko_filt_pat.fa:haplotype2_0000620_143362344_143769323_1	0.9299916253093750 1K
NA18873 HG02630#1#JAHAOQ010000102.1_16672145_17079089_0$HG02293.verkko_filt_mat.fa:haplotype1_0000039_30204405_30517145_1	0.9299903959958631 1K
NA18873 HG02717#2#JAHAOR010000006.1_19663827_20070693_1$HG04228.verkko_filt_pat.fa:haplotype2_0000600_103806749_104119491_0	0.9299806910946731 1K
NA18873 HG02723#1#JAHEOU010000204.1_2102082_2414876_1$HG005#1#JAHEPO010000002.1_51519219_51926067_0	0.9299577494343834 1K
NA18873 HG00733#1#JAHEPQ010000019.1_46106835_46420495_0$HG01099.verkko_filt_mat.fa:haplotype1_0000034_142513097_142920876_1	0.9299577339633712 1K
NA18873 HG02723#1#JAHEOU010000204.1_2102082_2414876_1$HG00741#2#JAHALX010000013.1_51574319_51981226_0	0.9299500713519906 1K
NA18873 HG02109#2#JAHEPF010000078.1_16678387_16991144_0$HG02486#2#JAGYVL010000029.1_94163344_94570162_0	0.9299485428620011 1K
NA18873 HG00733#1#JAHEPQ010000019.1_46106835_46420495_0$HG02300.verkko_filt_mat.fa:haplotype1_0000028_144052837_144460586_1	0.9299323991248100 1K
NA18873 HG02080#1#JAHEOW010000048.1_16689583_17097287_0$HG00733#1#JAHEPQ010000019.1_46106835_46420495_0	0.9299202094363438 1K
NA18873 HG02818#1#JAHEOS010000101.1_89626_496613_0$HG02293.verkko_filt_mat.fa:haplotype1_0000039_30204405_30517145_1	0.9299176346258865 1K
NA18873 chr1_hg19_103998686_104406594_0$HG03098#2#JAHEPL010000003.1_93803759_94117426_0	0.9298869206422407 1K
NA18873 HG03098#2#JAHEPL010000003.1_93803759_94117426_0$chr1_hg38_103456064_103863972_0	0.9298869206422407 1K
NA18873 HG01123#2#JAGYYY010000006.1_51579630_51892388_0$HG02717#2#JAHAOR010000006.1_19663827_20070693_1	0.9298712222392834 1K
NA18873 HG00733#1#JAHEPQ010000019.1_46106835_46420495_0$NA19240#2#JAHEOL010000010.1_37445323_37853017_0	0.9298643010495097 1K
NA18873 HG01123#2#JAGYYY010000006.1_51579630_51892388_0$HG02886#1#JAHAOU010000178.1_62411_469262_0	0.9298440877940118 1K
NA18873 HG01123#2#JAGYYY010000006.1_51579630_51892388_0$HG01123#1#JAGYYZ010000015.1_51528240_51935090_0	0.9298266746162330 1K
NA18873 HG01123#2#JAGYYY010000006.1_51579630_51892388_0$HG02809.verkko_filt_pat.fa:haplotype2_0001251_103421111_103827972_0	0.9298095694812863 1K
NA18873 HG03098#2#JAHEPL010000003.1_93803759_94117426_0$HG005#2#JAHEPN010000023.1_51542210_51950070_0	0.9297960544214354 1K
NA18873 AV_HG02257#haplotype2#0001152:102843493$103251377$HG02293.verkko_filt_mat.fa:haplotype1_0000039_30204405_30517145_1	0.9297848557602025 1K
NA18873 HG01123#1#JAGYYZ010000015.1_51528240_51935090_0$HG04228.verkko_filt_pat.fa:haplotype2_0000600_103806749_104119491_0	0.9297706250227190 1K
NA18873 HG03486#1#JAHEOQ010000123.1_16677696_17085575_0$HG03098#2#JAHEPL010000003.1_93803759_94117426_0	0.9297676720163964 1K
NA18873 HG02886#1#JAHAOU010000178.1_62411_469262_0$HG02109#2#JAHEPF010000078.1_16678387_16991144_0	0.9297604728728429 1K
NA18873 HG02559#2#JAGYVJ010000037.1_52167780_52574597_1$HG02647.verkko_filt_pat.fa:haplotype2_0000857_103738150_104051769_0	0.9296900791527062 1K
NA18873 HG02622#1#JAHAOO010000002.1_16673678_17080663_0$HG00733#1#JAHEPQ010000019.1_46106835_46420495_0	0.9296896145178115 1K
NA18873 AV_HG00673#haplotype2#0001165:24014011$24421797$HG00438#2#JAHBCA010000012.1_51513023_51826723_0	0.9296726696143905 1K
NA18873 HG03098#2#JAHEPL010000003.1_93803759_94117426_0$HG03453#2#JAGYVV010000088.1_22597550_23005370_1	0.9296717517217092 1K
NA18873 HG01123#2#JAGYYY010000006.1_51579630_51892388_0$HG00741#2#JAHALX010000013.1_51574319_51981226_0	0.9296707211203625 1K
NA18873 HG03098#2#JAHEPL010000003.1_93803759_94117426_0$HG02300.verkko_filt_pat.fa:haplotype2_0000620_143362344_143769323_1	0.9296535645418179 1K
NA18873 HG02559#2#JAGYVJ010000037.1_52167780_52574597_1$HG03579#2#JAGYVT010000094.1_51581892_51895531_0	0.9296241908250914 1K
NA18873 HG00741#1#JAHALY010000007.1_18781197_19307680_1$HG02145#1#JAHKSG010000134.1_2102465_2647653_1	0.9296206183646628 1K
NA18873 AV_HG02148#haplotype2#0002863:16304803$16712699$HG03098#2#JAHEPL010000003.1_93803759_94117426_0	0.9296117219854981 1K
NA18873 HG00733#1#JAHEPQ010000019.1_46106835_46420495_0$HG02818#1#JAHEOS010000101.1_89626_496613_0	0.9296044105404581 1K
NA18873 HG03098#2#JAHEPL010000003.1_93803759_94117426_0$HG02071.verkko_filt_mat.fa:haplotype1_0000041_103610513_104018399_0	0.9295948091424355 1K
NA18873 AV_HG01361#haplotype2#0001322:101872897$102186552$HG02300.verkko_filt_mat.fa:haplotype1_0000028_144052837_144460586_1	0.9295855105511047 1K
NA18873 HG00621#2#JAHBCC010000031.1_16669999_17077865_0$HG03098#2#JAHEPL010000003.1_93803759_94117426_0	0.9295564995206934 1K
NA18873 HG02723#1#JAHEOU010000204.1_2102082_2414876_1$HG01109#1#JAHEPA010000099.1_2104245_2511104_1	0.9295471470566472 1K
NA18873 HG005#1#JAHEPO010000002.1_51519219_51926067_0$HG01123#2#JAGYYY010000006.1_51579630_51892388_0	0.9295256604156873 1K
NA18873 HG005#1#JAHEPO010000002.1_51519219_51926067_0$HG04228.verkko_filt_pat.fa:haplotype2_0000600_103806749_104119491_0	0.9295178009462467 1K
NA18873 HG02559#2#JAGYVJ010000037.1_52167780_52574597_1$HG02109#2#JAHEPF010000078.1_16678387_16991144_0	0.9295165596491601 1K
NA18873 HG03098#2#JAHEPL010000003.1_93803759_94117426_0$HG01358#1#JAGYZB010000020.1_27445742_27855492_1	0.9295073766744085 1K
NA18873 HG02630#1#JAHAOQ010000102.1_16672145_17079089_0$HG00733#1#JAHEPQ010000019.1_46106835_46420495_0	0.9294744057604587 1K
NA18873 HG02145#2#JAHKSF010000206.1_1005292_1413195_1$HG00733#1#JAHEPQ010000019.1_46106835_46420495_0	0.9294600922451850 1K
NA18873 HG02559#2#JAGYVJ010000037.1_52167780_52574597_1$HG01891#1#JAGYVO010000014.1_22855818_23168577_1	0.9294547058646311 1K
NA18873 HG00438#2#JAHBCA010000012.1_51513023_51826723_0$HG02622#1#JAHAOO010000002.1_16673678_17080663_0	0.9294297907156032 1K
NA18873 HG00438#2#JAHBCA010000012.1_51513023_51826723_0$HG02818#1#JAHEOS010000101.1_89626_496613_0	0.9294237087582412 1K
NA18873 HG02630#1#JAHAOQ010000102.1_16672145_17079089_0$HG00438#2#JAHBCA010000012.1_51513023_51826723_0	0.9293388030990428 1K
NA18873 HG03710.verkko_filt_mat.fa:haplotype1_0000029_102593394_102907063_0$HG002.verkko_filt_mat.fa:haplotype1_0000005_138228497_138636354_1	0.9293236082912003 1K
NA18873 NA18906#1#JAHEOO010000054.1_2103477_2510435_1$HG02293.verkko_filt_mat.fa:haplotype1_0000039_30204405_30517145_1	0.9293199898226289 1K
NA18873 HG02886#2#JAHAOT010000031.1_87393_401061_0$HG02300.verkko_filt_mat.fa:haplotype1_0000028_144052837_144460586_1	0.9293145469759123 1K
NA18873 AV_HG01361#haplotype2#0001322:101872897$102186552$NA19240#2#JAHEOL010000010.1_37445323_37853017_0	0.9293094283227086 1K
NA18873 HG02622#1#JAHAOO010000002.1_16673678_17080663_0$HG02647.verkko_filt_pat.fa:haplotype2_0000857_103738150_104051769_0	0.9293059642025574 1K
NA18873 HG00741#2#JAHALX010000013.1_51574319_51981226_0$HG04228.verkko_filt_pat.fa:haplotype2_0000600_103806749_104119491_0	0.9292984946047184 1K
NA18873 HG03579#2#JAGYVT010000094.1_51581892_51895531_0$HG02622#1#JAHAOO010000002.1_16673678_17080663_0	0.9292875767761524 1K
NA18873 AV_HG01175#haplotype1#0000070:46006269$46414083$HG02723#1#JAHEOU010000204.1_2102082_2414876_1	0.9292406161779552 1K
NA18873 AV_HG00673#haplotype2#0001165:24014011$24421797$HG00733#1#JAHEPQ010000019.1_46106835_46420495_0	0.9292242260401893 1K
NA18873 AV_HG01361#haplotype2#0001322:101872897$102186552$HG01099.verkko_filt_mat.fa:haplotype1_0000034_142513097_142920876_1	0.9292210671451537 1K
NA18873 AV_HG02257#haplotype2#0001152:102843493$103251377$HG01891#1#JAGYVO010000014.1_22855818_23168577_1	0.9292147144329305 1K
NA18873 HG03486#1#JAHEOQ010000123.1_16677696_17085575_0$HG03710.verkko_filt_mat.fa:haplotype1_0000029_102593394_102907063_0	0.9292085377910896 1K
NA18873 HG02145#2#JAHKSF010000206.1_1005292_1413195_1$HG00438#2#JAHBCA010000012.1_51513023_51826723_0	0.9292084670902369 1K
NA18873 HG02145#2#JAHKSF010000206.1_1005292_1413195_1$HG02109#2#JAHEPF010000078.1_16678387_16991144_0	0.9292060438477130 1K
NA18873 HG02723#1#JAHEOU010000204.1_2102082_2414876_1$HG002.verkko_filt_mat.fa:haplotype1_0000005_138228497_138636354_1	0.9291946898627466 1K
NA18873 HG02818#1#JAHEOS010000101.1_89626_496613_0$HG02647.verkko_filt_pat.fa:haplotype2_0000857_103738150_104051769_0	0.9291927231526980 1K
NA18873 HG02145#2#JAHKSF010000206.1_1005292_1413195_1$HG01891#1#JAGYVO010000014.1_22855818_23168577_1	0.9291796441055967 1K
NA18873 AV_HG01361#haplotype1#0000023:101593539$102001341$HG02886#2#JAHAOT010000031.1_87393_401061_0	0.9291785606194667 1K
NA18873 HG01928#1#JAGYVQ010000053.1_16676493_17083407_0$HG02886#2#JAHAOT010000031.1_87393_401061_0	0.9291730471079448 1K
NA18873 AV_HG01361#haplotype1#0000023:101593539$102001341$AV_HG01361#haplotype2#0001322:101872897$102186552	0.9291664013452058 1K
NA18873 HG02886#2#JAHAOT010000031.1_87393_401061_0$HG01978#2#JAGYVR010000007.1_51532241_51939176_0	0.9291626995969321 1K
NA18873 AV_HG02257#haplotype2#0001152:102843493$103251377$HG00733#1#JAHEPQ010000019.1_46106835_46420495_0	0.9291626439269570 1K
NA18873 HG02622#1#JAHAOO010000002.1_16673678_17080663_0$HG02109#2#JAHEPF010000078.1_16678387_16991144_0	0.9291566298124335 1K
NA18873 HG02622#1#JAHAOO010000002.1_16673678_17080663_0$HG01891#1#JAGYVO010000014.1_22855818_23168577_1	0.9291537131224734 1K
NA18873 AV_HG01361#haplotype2#0001322:101872897$102186552$HG03516#1#JAGYYT010000012.1_24170958_24578778_1	0.9291465019601529 1K
NA18873 HG02886#2#JAHAOT010000031.1_87393_401061_0$NA19240#2#JAHEOL010000010.1_37445323_37853017_0	0.9291440645940394 1K
NA18873 HG02717#1#JAHAOS010000015.1_16660311_17067250_0$HG02293.verkko_filt_mat.fa:haplotype1_0000039_30204405_30517145_1	0.9291225512162674 1K
NA18873 HG02886#2#JAHAOT010000031.1_87393_401061_0$HG02004.verkko_filt_mat.fa:haplotype1_0000022_97828542_98235483_0	0.9291202545609151 1K
NA18873 HG03453#2#JAGYVV010000088.1_22597550_23005370_1$HG03710.verkko_filt_mat.fa:haplotype1_0000029_102593394_102907063_0	0.9291127838839776 1K
NA18873 HG02886#2#JAHAOT010000031.1_87393_401061_0$HG03516#1#JAGYYT010000012.1_24170958_24578778_1	0.9291092728656944 1K
NA18873 HG03710.verkko_filt_mat.fa:haplotype1_0000029_102593394_102907063_0$HG02300.verkko_filt_pat.fa:haplotype2_0000620_143362344_143769323_1	0.9291057889009647 1K
NA18873 HG02886#2#JAHAOT010000031.1_87393_401061_0$HG01358#1#JAGYZB010000020.1_27445742_27855492_1	0.9291044585593963 1K
NA18873 HG03579#2#JAGYVT010000094.1_51581892_51895531_0$HG02818#1#JAHEOS010000101.1_89626_496613_0	0.9291030750222778 1K
NA18873 HG02080#1#JAHEOW010000048.1_16689583_17097287_0$HG02886#2#JAHAOT010000031.1_87393_401061_0	0.9291015199089958 1K
NA18873 HG01358#1#JAGYZB010000020.1_27445742_27855492_1$HG03710.verkko_filt_mat.fa:haplotype1_0000029_102593394_102907063_0	0.9291012952455427 1K
NA18873 HG01978#2#JAGYVR010000007.1_51532241_51939176_0$HG03710.verkko_filt_mat.fa:haplotype1_0000029_102593394_102907063_0	0.9290908574030093 1K
NA18873 HG02723#1#JAHEOU010000204.1_2102082_2414876_1$HG02559#2#JAGYVJ010000037.1_52167780_52574597_1	0.9290826111308792 1K
NA18873 HG02630#1#JAHAOQ010000102.1_16672145_17079089_0$HG03579#2#JAGYVT010000094.1_51581892_51895531_0	0.9290762842865099 1K
NA18873 HG02630#1#JAHAOQ010000102.1_16672145_17079089_0$HG02647.verkko_filt_pat.fa:haplotype2_0000857_103738150_104051769_0	0.9290714578567386 1K
NA18873 HG03098#1#JAHEPM010000059.1_16676208_17105596_0$HG002.verkko_filt_pat.fa:haplotype2_0000649_147937390_148315979_1	0.9290699131723388 1K
NA18873 NA18906#1#JAHEOO010000054.1_2103477_2510435_1$HG00733#1#JAHEPQ010000019.1_46106835_46420495_0	0.9290541900853998 1K
NA18873 HG02723#1#JAHEOU010000204.1_2102082_2414876_1$HG03486#1#JAHEOQ010000123.1_16677696_17085575_0	0.9290427562731265 1K
NA18873 AV_HG02257#haplotype2#0001152:102843493$103251377$HG02109#2#JAHEPF010000078.1_16678387_16991144_0	0.9290399305849425 1K
NA18873 HG02717#1#JAHAOS010000015.1_16660311_17067250_0$HG00438#2#JAHBCA010000012.1_51513023_51826723_0	0.9290312956431359 1K
NA18873 AV_HG02257#haplotype2#0001152:102843493$103251377$HG00438#2#JAHBCA010000012.1_51513023_51826723_0	0.9290304621363421 1K
NA18873 AV_HG00673#haplotype2#0001165:24014011$24421797$HG02293.verkko_filt_mat.fa:haplotype1_0000039_30204405_30517145_1	0.9290278370871260 1K
NA18873 AV_HG02148#haplotype2#0002863:16304803$16712699$HG03710.verkko_filt_mat.fa:haplotype1_0000029_102593394_102907063_0	0.9290171396497965 1K
NA18873 AV_HG01175#haplotype1#0000070:46006269$46414083$AV_HG01361#haplotype2#0001322:101872897$102186552	0.9290155386813315 1K
NA18873 HG02004.verkko_filt_mat.fa:haplotype1_0000022_97828542_98235483_0$HG03710.verkko_filt_mat.fa:haplotype1_0000029_102593394_102907063_0	0.9290139560767188 1K
NA18873 HG02723#1#JAHEOU010000204.1_2102082_2414876_1$HG03453#2#JAGYVV010000088.1_22597550_23005370_1	0.9290050643723960 1K
NA18873 HG00621#2#JAHBCC010000031.1_16669999_17077865_0$HG03710.verkko_filt_mat.fa:haplotype1_0000029_102593394_102907063_0	0.9289971895218122 1K
NA18873 AV_HG01361#haplotype2#0001322:101872897$102186552$HG01358#1#JAGYZB010000020.1_27445742_27855492_1	0.9289837405162346 1K
NA18873 AV_HG01361#haplotype2#0001322:101872897$102186552$HG02080#1#JAHEOW010000048.1_16689583_17097287_0	0.9289714594771931 1K
NA18873 HG02886#2#JAHAOT010000031.1_87393_401061_0$HG002.verkko_filt_mat.fa:haplotype1_0000005_138228497_138636354_1	0.9289699079981324 1K
NA18873 HG00438#2#JAHBCA010000012.1_51513023_51826723_0$NA18906#1#JAHEOO010000054.1_2103477_2510435_1	0.9289666666157581 1K
NA18873 AV_HG01175#haplotype1#0000070:46006269$46414083$HG02886#2#JAHAOT010000031.1_87393_401061_0	0.9289569195825527 1K
NA18873 AV_HG01175#haplotype1#0000070:46006269$46414083$HG03710.verkko_filt_mat.fa:haplotype1_0000029_102593394_102907063_0	0.9289565961902595 1K
NA18873 AV_HG02257#haplotype2#0001152:102843493$103251377$HG02647.verkko_filt_pat.fa:haplotype2_0000857_103738150_104051769_0	0.9289534386659140 1K
NA18873 HG02886#2#JAHAOT010000031.1_87393_401061_0$HG01099.verkko_filt_mat.fa:haplotype1_0000034_142513097_142920876_1	0.9289379889760109 1K
NA18873 HG02818#1#JAHEOS010000101.1_89626_496613_0$HG01891#1#JAGYVO010000014.1_22855818_23168577_1	0.9289334415676755 1K
NA18873 HG02630#1#JAHAOQ010000102.1_16672145_17079089_0$HG01891#1#JAGYVO010000014.1_22855818_23168577_1	0.9289300060037486 1K
NA18873 NA18906#1#JAHEOO010000054.1_2103477_2510435_1$HG02647.verkko_filt_pat.fa:haplotype2_0000857_103738150_104051769_0	0.9289248743800737 1K
NA18873 AV_HG01361#haplotype2#0001322:101872897$102186552$HG002.verkko_filt_mat.fa:haplotype1_0000005_138228497_138636354_1	0.9289220422874427 1K
NA18873 HG02071.verkko_filt_mat.fa:haplotype1_0000041_103610513_104018399_0$HG03710.verkko_filt_mat.fa:haplotype1_0000029_102593394_102907063_0	0.9289173735742979 1K
NA18873 HG02109#2#JAHEPF010000078.1_16678387_16991144_0$HG02818#1#JAHEOS010000101.1_89626_496613_0	0.9289125916994850 1K
NA18873 AV_HG02257#haplotype2#0001152:102843493$103251377$HG03579#2#JAGYVT010000094.1_51581892_51895531_0	0.9289111429881024 1K
NA18873 HG02145#2#JAHKSF010000206.1_1005292_1413195_1$HG02647.verkko_filt_pat.fa:haplotype2_0000857_103738150_104051769_0	0.9289065821726120 1K
NA18873 HG00438#2#JAHBCA010000012.1_51513023_51826723_0$HG01358#1#JAGYZB010000020.1_27445742_27855492_1	0.9289037666681896 1K
NA18873 HG03486#1#JAHEOQ010000123.1_16677696_17085575_0$HG02886#2#JAHAOT010000031.1_87393_401061_0	0.9289017462671065 1K
NA18873 HG02559#2#JAGYVJ010000037.1_52167780_52574597_1$HG01123#2#JAGYYY010000006.1_51579630_51892388_0	0.9288987786949342 1K
NA18873 HG03579#2#JAGYVT010000094.1_51581892_51895531_0$NA18906#1#JAHEOO010000054.1_2103477_2510435_1	0.9288822011115505 1K
NA18873 HG02723#1#JAHEOU010000204.1_2102082_2414876_1$HG005#2#JAHEPN010000023.1_51542210_51950070_0	0.9288820405855537 1K
NA18873 HG02723#1#JAHEOU010000204.1_2102082_2414876_1$chr1_hg38_103456064_103863972_0	0.9288670952356536 1K
NA18873 HG02723#1#JAHEOU010000204.1_2102082_2414876_1$chr1_hg19_103998686_104406594_0	0.9288670952356536 1K
NA18873 AV_HG01361#haplotype2#0001322:101872897$102186552$HG03486#1#JAHEOQ010000123.1_16677696_17085575_0	0.9288664929457482 1K
NA18873 HG02717#1#JAHAOS010000015.1_16660311_17067250_0$HG00733#1#JAHEPQ010000019.1_46106835_46420495_0	0.9288566621024851 1K
NA18873 HG02145#2#JAHKSF010000206.1_1005292_1413195_1$HG03579#2#JAGYVT010000094.1_51581892_51895531_0	0.9288524885212494 1K
NA18873 HG02630#1#JAHAOQ010000102.1_16672145_17079089_0$HG02109#2#JAHEPF010000078.1_16678387_16991144_0	0.9288496767103970 1K
NA18873 HG00621#2#JAHBCC010000031.1_16669999_17077865_0$HG02723#1#JAHEOU010000204.1_2102082_2414876_1	0.9288434176448950 1K
NA18873 HG01928#1#JAGYVQ010000053.1_16676493_17083407_0$HG03710.verkko_filt_mat.fa:haplotype1_0000029_102593394_102907063_0	0.9288308657532907 1K
NA18873 HG03453#2#JAGYVV010000088.1_22597550_23005370_1$HG02886#2#JAHAOT010000031.1_87393_401061_0	0.9288292597478647 1K
NA18873 HG02717#1#JAHAOS010000015.1_16660311_17067250_0$HG01891#1#JAGYVO010000014.1_22855818_23168577_1	0.9288242928015877 1K
NA18873 HG01358#1#JAGYZB010000020.1_27445742_27855492_1$HG00733#1#JAHEPQ010000019.1_46106835_46420495_0	0.9288094690802985 1K
NA18873 HG02886#2#JAHAOT010000031.1_87393_401061_0$HG005#2#JAHEPN010000023.1_51542210_51950070_0	0.9287884851956293 1K
NA18873 NA18906#1#JAHEOO010000054.1_2103477_2510435_1$HG02109#2#JAHEPF010000078.1_16678387_16991144_0	0.9287859804781642 1K
NA18873 AV_HG01361#haplotype2#0001322:101872897$102186552$HG01978#2#JAGYVR010000007.1_51532241_51939176_0	0.9287721139206492 1K
NA18873 HG02723#1#JAHEOU010000204.1_2102082_2414876_1$HG02071.verkko_filt_mat.fa:haplotype1_0000041_103610513_104018399_0	0.9287636721768626 1K
NA18873 AV_HG01361#haplotype2#0001322:101872897$102186552$HG02004.verkko_filt_mat.fa:haplotype1_0000022_97828542_98235483_0	0.9287427168276583 1K
NA18873 chr1_hg38_103456064_103863972_0$HG03710.verkko_filt_mat.fa:haplotype1_0000029_102593394_102907063_0	0.9287367117364281 1K
NA18873 chr1_hg19_103998686_104406594_0$HG03710.verkko_filt_mat.fa:haplotype1_0000029_102593394_102907063_0	0.9287367117364281 1K
NA18873 NA18906#1#JAHEOO010000054.1_2103477_2510435_1$HG01891#1#JAGYVO010000014.1_22855818_23168577_1	0.9287240055224703 1K
NA18873 chr1_hg38_103456064_103863972_0$HG02886#2#JAHAOT010000031.1_87393_401061_0	0.9287135445050627 1K
NA18873 chr1_hg19_103998686_104406594_0$HG02886#2#JAHAOT010000031.1_87393_401061_0	0.9287135445050627 1K
NA18873 HG005#2#JAHEPN010000023.1_51542210_51950070_0$HG03710.verkko_filt_mat.fa:haplotype1_0000029_102593394_102907063_0	0.9287065326639429 1K
NA18873 AV_HG01361#haplotype2#0001322:101872897$102186552$HG01928#1#JAGYVQ010000053.1_16676493_17083407_0	0.9286892628359492 1K
NA18873 AV_HG02148#haplotype2#0002863:16304803$16712699$HG02886#2#JAHAOT010000031.1_87393_401061_0	0.9286866151464489 1K
NA18873 AV_HG01361#haplotype2#0001322:101872897$102186552$HG03453#2#JAGYVV010000088.1_22597550_23005370_1	0.9286769690065242 1K
NA18873 HG02717#1#JAHAOS010000015.1_16660311_17067250_0$HG03579#2#JAGYVT010000094.1_51581892_51895531_0	0.9286622448920249 1K
NA18873 HG02717#1#JAHAOS010000015.1_16660311_17067250_0$HG02109#2#JAHEPF010000078.1_16678387_16991144_0	0.9286609449541163 1K
NA18873 HG02717#1#JAHAOS010000015.1_16660311_17067250_0$HG02647.verkko_filt_pat.fa:haplotype2_0000857_103738150_104051769_0	0.9286573488927673 1K
NA18873 HG04228.verkko_filt_pat.fa:haplotype2_0000600_103806749_104119491_0$HG002.verkko_filt_mat.fa:haplotype1_0000005_138228497_138636354_1	0.9286472154727942 1K
NA18873 HG02886#2#JAHAOT010000031.1_87393_401061_0$HG02300.verkko_filt_pat.fa:haplotype2_0000620_143362344_143769323_1	0.9286337247207932 1K
NA18873 HG02886#2#JAHAOT010000031.1_87393_401061_0$HG02071.verkko_filt_mat.fa:haplotype1_0000041_103610513_104018399_0	0.9286223874108722 1K
NA18873 AV_HG01361#haplotype2#0001322:101872897$102186552$HG02300.verkko_filt_pat.fa:haplotype2_0000620_143362344_143769323_1	0.9286093366509214 1K
NA18873 HG00621#2#JAHBCC010000031.1_16669999_17077865_0$HG02886#2#JAHAOT010000031.1_87393_401061_0	0.9286077031595398 1K
NA18873 HG02723#1#JAHEOU010000204.1_2102082_2414876_1$HG01978#2#JAGYVR010000007.1_51532241_51939176_0	0.9286061354958599 1K
NA18873 HG02723#1#JAHEOU010000204.1_2102082_2414876_1$HG01928#1#JAGYVQ010000053.1_16676493_17083407_0	0.9285932167509845 1K
NA18873 AV_HG02148#haplotype2#0002863:16304803$16712699$HG02723#1#JAHEOU010000204.1_2102082_2414876_1	0.9285792386133066 1K
NA18873 AV_HG01361#haplotype2#0001322:101872897$102186552$AV_HG02148#haplotype2#0002863:16304803$16712699	0.9285690678000704 1K
NA18873 AV_HG01361#haplotype2#0001322:101872897$102186552$HG02071.verkko_filt_mat.fa:haplotype1_0000041_103610513_104018399_0	0.9285633067704916 1K
NA18873 HG02723#1#JAHEOU010000204.1_2102082_2414876_1$HG02004.verkko_filt_mat.fa:haplotype1_0000022_97828542_98235483_0	0.9285522834627450 1K
NA18873 AV_HG01361#haplotype2#0001322:101872897$102186552$HG00621#2#JAHBCC010000031.1_16669999_17077865_0	0.9285370769400900 1K
NA18873 AV_HG01361#haplotype2#0001322:101872897$102186552$HG005#2#JAHEPN010000023.1_51542210_51950070_0	0.9285178425183045 1K
NA18873 AV_HG01175#haplotype1#0000070:46006269$46414083$HG04228.verkko_filt_pat.fa:haplotype2_0000600_103806749_104119491_0	0.9285038365557348 1K
NA18873 HG03453#2#JAGYVV010000088.1_22597550_23005370_1$HG04228.verkko_filt_pat.fa:haplotype2_0000600_103806749_104119491_0	0.9284937566618464 1K
NA18873 AV_HG00673#haplotype2#0001165:24014011$24421797$HG02886#2#JAHAOT010000031.1_87393_401061_0	0.9284922157942213 1K
NA18873 HG02647.verkko_filt_mat.fa:haplotype1_0000002_103892584_104321036_0$HG002.verkko_filt_pat.fa:haplotype2_0000649_147937390_148315979_1	0.9284775659465059 1K
NA18873 AV_HG01361#haplotype2#0001322:101872897$102186552$chr1_hg38_103456064_103863972_0	0.9284534018921377 1K
NA18873 AV_HG01361#haplotype2#0001322:101872897$102186552$chr1_hg19_103998686_104406594_0	0.9284534018921377 1K
NA18873 HG02559#2#JAGYVJ010000037.1_52167780_52574597_1$HG04228.verkko_filt_pat.fa:haplotype2_0000600_103806749_104119491_0	0.9284179777748514 1K
NA18873 HG03486#1#JAHEOQ010000123.1_16677696_17085575_0$HG04228.verkko_filt_pat.fa:haplotype2_0000600_103806749_104119491_0	0.9284129827713035 1K
NA18873 HG01109#1#JAHEPA010000099.1_2104245_2511104_1$HG01123#2#JAGYYY010000006.1_51579630_51892388_0	0.9284072727680444 1K
NA18873 HG01358#1#JAGYZB010000020.1_27445742_27855492_1$HG02293.verkko_filt_mat.fa:haplotype1_0000039_30204405_30517145_1	0.9283672293986998 1K
NA18873 HG01109#1#JAHEPA010000099.1_2104245_2511104_1$HG04228.verkko_filt_pat.fa:haplotype2_0000600_103806749_104119491_0	0.9283561155252043 1K
NA18873 HG005#2#JAHEPN010000023.1_51542210_51950070_0$HG04228.verkko_filt_pat.fa:haplotype2_0000600_103806749_104119491_0	0.9282996146240891 1K
NA18873 HG02055#2#JAHEPJ010000017.1_24870122_25298560_1$HG002.verkko_filt_pat.fa:haplotype2_0000649_147937390_148315979_1	0.9282596017476168 1K
NA18873 HG04228.verkko_filt_pat.fa:haplotype2_0000600_103806749_104119491_0$HG02071.verkko_filt_mat.fa:haplotype1_0000041_103610513_104018399_0	0.9282281855875353 1K
NA18873 HG02145#2#JAHKSF010000206.1_1005292_1413195_1$HG04228.verkko_filt_pat.fa:haplotype2_0000600_103806749_104119491_0	0.9281771195514084 1K
NA18873 chr1_hg38_103456064_103863972_0$HG04228.verkko_filt_pat.fa:haplotype2_0000600_103806749_104119491_0	0.9281301560438442 1K
NA18873 chr1_hg19_103998686_104406594_0$HG04228.verkko_filt_pat.fa:haplotype2_0000600_103806749_104119491_0	0.9281301560438442 1K
NA18873 HG02723#1#JAHEOU010000204.1_2102082_2414876_1$HG02300.verkko_filt_pat.fa:haplotype2_0000620_143362344_143769323_1	0.9280887916410748 1K
NA18873 HG02622#1#JAHAOO010000002.1_16673678_17080663_0$HG04228.verkko_filt_pat.fa:haplotype2_0000600_103806749_104119491_0	0.9280709207678003 1K
NA18873 HG02809.verkko_filt_mat.fa:haplotype1_0000023_94161320_94589755_0$HG002.verkko_filt_pat.fa:haplotype2_0000649_147937390_148315979_1	0.9280590166714165 1K
NA18873 HG00621#2#JAHBCC010000031.1_16669999_17077865_0$HG04228.verkko_filt_pat.fa:haplotype2_0000600_103806749_104119491_0	0.9280242151645868 1K
NA18873 HG01978#2#JAGYVR010000007.1_51532241_51939176_0$HG04228.verkko_filt_pat.fa:haplotype2_0000600_103806749_104119491_0	0.9279998217121205 1K
NA18873 HG02818#1#JAHEOS010000101.1_89626_496613_0$HG04228.verkko_filt_pat.fa:haplotype2_0000600_103806749_104119491_0	0.9279904066025730 1K
NA18873 HG01928#1#JAGYVQ010000053.1_16676493_17083407_0$HG04228.verkko_filt_pat.fa:haplotype2_0000600_103806749_104119491_0	0.9279637183379655 1K
NA18873 HG02630#1#JAHAOQ010000102.1_16672145_17079089_0$HG04228.verkko_filt_pat.fa:haplotype2_0000600_103806749_104119491_0	0.9279620103550358 1K
NA18873 HG04228.verkko_filt_pat.fa:haplotype2_0000600_103806749_104119491_0$HG02004.verkko_filt_mat.fa:haplotype1_0000022_97828542_98235483_0	0.9279582403749543 1K
NA18873 HG02723#2#JAHEOT010000034.1_19776337_20321518_1$HG01243#1#JAHEOY010000013.1_90081_424495_0	0.9279292563733033 1K
NA18873 HG01243#1#JAHEOY010000013.1_90081_424495_0$HG02145#1#JAHKSG010000134.1_2102465_2647653_1	0.9279092342350409 1K
NA18873 HG03492#2#JAHEPH010000288.1_2098270_2432686_1$HG02723#2#JAHEOT010000034.1_19776337_20321518_1	0.9278996789850026 1K
NA18873 AV_HG02257#haplotype2#0001152:102843493$103251377$HG04228.verkko_filt_pat.fa:haplotype2_0000600_103806749_104119491_0	0.9278929281544462 1K
NA18873 HG03492#2#JAHEPH010000288.1_2098270_2432686_1$HG02145#1#JAHKSG010000134.1_2102465_2647653_1	0.9278517195064913 1K
NA18873 AV_HG00673#haplotype2#0001165:24014011$24421797$AV_HG01361#haplotype2#0001322:101872897$102186552	0.9278224002930283 1K
NA18873 HG01123#2#JAGYYY010000006.1_51579630_51892388_0$HG02622#1#JAHAOO010000002.1_16673678_17080663_0	0.9277584874296858 1K
NA18873 AV_HG02148#haplotype2#0002863:16304803$16712699$HG04228.verkko_filt_pat.fa:haplotype2_0000600_103806749_104119491_0	0.9277489748512975 1K
NA18873 HG02145#2#JAHKSF010000206.1_1005292_1413195_1$HG01123#2#JAGYYY010000006.1_51579630_51892388_0	0.9277355579632405 1K
NA18873 HG02723#1#JAHEOU010000204.1_2102082_2414876_1$HG02145#2#JAHKSF010000206.1_1005292_1413195_1	0.9276141442639841 1K
NA18873 NA18906#1#JAHEOO010000054.1_2103477_2510435_1$HG04228.verkko_filt_pat.fa:haplotype2_0000600_103806749_104119491_0	0.9275779384251190 1K
NA18873 HG01123#2#JAGYYY010000006.1_51579630_51892388_0$HG02818#1#JAHEOS010000101.1_89626_496613_0	0.9274777194728150 1K
NA18873 HG02717#1#JAHAOS010000015.1_16660311_17067250_0$HG04228.verkko_filt_pat.fa:haplotype2_0000600_103806749_104119491_0	0.9274533651230978 1K
NA18873 HG03579#2#JAGYVT010000094.1_51581892_51895531_0$HG01358#1#JAGYZB010000020.1_27445742_27855492_1	0.9273774465121465 1K
NA18873 HG02723#1#JAHEOU010000204.1_2102082_2414876_1$HG02622#1#JAHAOO010000002.1_16673678_17080663_0	0.9273598000463912 1K
NA18873 HG02293.verkko_filt_mat.fa:haplotype1_0000039_30204405_30517145_1$HG002.verkko_filt_mat.fa:haplotype1_0000005_138228497_138636354_1	0.9273547593241346 1K
NA18873 HG01358#1#JAGYZB010000020.1_27445742_27855492_1$HG02647.verkko_filt_pat.fa:haplotype2_0000857_103738150_104051769_0	0.9273478889766376 1K
NA18873 AV_HG02257#haplotype2#0001152:102843493$103251377$HG01123#2#JAGYYY010000006.1_51579630_51892388_0	0.9272856151977067 1K
NA18873 HG04228.verkko_filt_pat.fa:haplotype2_0000600_103806749_104119491_0$HG02300.verkko_filt_pat.fa:haplotype2_0000620_143362344_143769323_1	0.9272695121292230 1K
NA18873 HG02723#1#JAHEOU010000204.1_2102082_2414876_1$HG02818#1#JAHEOS010000101.1_89626_496613_0	0.9272518059700068 1K
NA18873 HG01123#2#JAGYYY010000006.1_51579630_51892388_0$HG002.verkko_filt_mat.fa:haplotype1_0000005_138228497_138636354_1	0.9272471380516730 1K
NA18873 HG02630#1#JAHAOQ010000102.1_16672145_17079089_0$HG01123#2#JAGYYY010000006.1_51579630_51892388_0	0.9272359731608965 1K
NA18873 HG02723#1#JAHEOU010000204.1_2102082_2414876_1$HG02630#1#JAHAOQ010000102.1_16672145_17079089_0	0.9272201941886733 1K
NA18873 HG03486#1#JAHEOQ010000123.1_16677696_17085575_0$HG02293.verkko_filt_mat.fa:haplotype1_0000039_30204405_30517145_1	0.9271943336020770 1K
NA18873 HG01123#2#JAGYYY010000006.1_51579630_51892388_0$HG03453#2#JAGYVV010000088.1_22597550_23005370_1	0.9271789430152972 1K
NA18873 AV_HG02257#haplotype2#0001152:102843493$103251377$HG02723#1#JAHEOU010000204.1_2102082_2414876_1	0.9271777097396985 1K
NA18873 AV_HG01175#haplotype1#0000070:46006269$46414083$HG01123#2#JAGYYY010000006.1_51579630_51892388_0	0.9271754311856570 1K
NA18873 HG03453#2#JAGYVV010000088.1_22597550_23005370_1$HG02293.verkko_filt_mat.fa:haplotype1_0000039_30204405_30517145_1	0.9271704642838229 1K
NA18873 HG03486#1#JAHEOQ010000123.1_16677696_17085575_0$HG01123#2#JAGYYY010000006.1_51579630_51892388_0	0.9271563791872878 1K
NA18873 AV_HG01175#haplotype1#0000070:46006269$46414083$HG02293.verkko_filt_mat.fa:haplotype1_0000039_30204405_30517145_1	0.9271420843987793 1K
NA18873 HG02071.verkko_filt_mat.fa:haplotype1_0000041_103610513_104018399_0$HG02293.verkko_filt_mat.fa:haplotype1_0000039_30204405_30517145_1	0.9270434433915946 1K
NA18873 HG02723#1#JAHEOU010000204.1_2102082_2414876_1$NA18906#1#JAHEOO010000054.1_2103477_2510435_1	0.9270371711423195 1K
NA18873 HG01358#1#JAGYZB010000020.1_27445742_27855492_1$HG01891#1#JAGYVO010000014.1_22855818_23168577_1	0.9269914305269965 1K
NA18873 HG01123#2#JAGYYY010000006.1_51579630_51892388_0$HG02071.verkko_filt_mat.fa:haplotype1_0000041_103610513_104018399_0	0.9269588307042690 1K
NA18873 HG02723#1#JAHEOU010000204.1_2102082_2414876_1$HG02717#1#JAHAOS010000015.1_16660311_17067250_0	0.9268897787847548 1K
NA18873 chr1_hg38_103456064_103863972_0$HG02293.verkko_filt_mat.fa:haplotype1_0000039_30204405_30517145_1	0.9268861441146926 1K
NA18873 chr1_hg19_103998686_104406594_0$HG02293.verkko_filt_mat.fa:haplotype1_0000039_30204405_30517145_1	0.9268861441146926 1K
NA18873 HG00621#2#JAHBCC010000031.1_16669999_17077865_0$HG02293.verkko_filt_mat.fa:haplotype1_0000039_30204405_30517145_1	0.9268291317589266 1K
NA18873 HG005#2#JAHEPN010000023.1_51542210_51950070_0$HG02293.verkko_filt_mat.fa:haplotype1_0000039_30204405_30517145_1	0.9268108373619867 1K
NA18873 HG01123#2#JAGYYY010000006.1_51579630_51892388_0$NA18906#1#JAHEOO010000054.1_2103477_2510435_1	0.9268043331353124 1K
NA18873 HG02717#1#JAHAOS010000015.1_16660311_17067250_0$HG01123#2#JAGYYY010000006.1_51579630_51892388_0	0.9267982845210782 1K
NA18873 HG01123#2#JAGYYY010000006.1_51579630_51892388_0$chr1_hg38_103456064_103863972_0	0.9267424211976663 1K
NA18873 HG01123#2#JAGYYY010000006.1_51579630_51892388_0$chr1_hg19_103998686_104406594_0	0.9267424211976663 1K
NA18873 HG02723#1#JAHEOU010000204.1_2102082_2414876_1$HG01358#1#JAGYZB010000020.1_27445742_27855492_1	0.9266796276779028 1K
NA18873 HG01123#2#JAGYYY010000006.1_51579630_51892388_0$HG005#2#JAHEPN010000023.1_51542210_51950070_0	0.9266541868705489 1K
NA18873 HG00621#2#JAHBCC010000031.1_16669999_17077865_0$HG01123#2#JAGYYY010000006.1_51579630_51892388_0	0.9266494362099472 1K
NA18873 HG01928#1#JAGYVQ010000053.1_16676493_17083407_0$HG01123#2#JAGYYY010000006.1_51579630_51892388_0	0.9266253695399345 1K
NA18873 AV_HG02148#haplotype2#0002863:16304803$16712699$HG01123#2#JAGYYY010000006.1_51579630_51892388_0	0.9266228030093214 1K
NA18873 AV_HG02148#haplotype2#0002863:16304803$16712699$HG02293.verkko_filt_mat.fa:haplotype1_0000039_30204405_30517145_1	0.9265207400368543 1K
NA18873 HG01123#2#JAGYYY010000006.1_51579630_51892388_0$HG02004.verkko_filt_mat.fa:haplotype1_0000022_97828542_98235483_0	0.9265139707193801 1K
NA18873 HG01123#2#JAGYYY010000006.1_51579630_51892388_0$HG01978#2#JAGYVR010000007.1_51532241_51939176_0	0.9264833524473687 1K
NA18873 HG01123#2#JAGYYY010000006.1_51579630_51892388_0$HG01358#1#JAGYZB010000020.1_27445742_27855492_1	0.9264784396013686 1K
NA18873 HG01358#1#JAGYZB010000020.1_27445742_27855492_1$HG04228.verkko_filt_pat.fa:haplotype2_0000600_103806749_104119491_0	0.9263569150453719 1K
NA18873 HG01978#2#JAGYVR010000007.1_51532241_51939176_0$HG02293.verkko_filt_mat.fa:haplotype1_0000039_30204405_30517145_1	0.9262516800693458 1K
NA18873 HG01928#1#JAGYVQ010000053.1_16676493_17083407_0$HG02293.verkko_filt_mat.fa:haplotype1_0000039_30204405_30517145_1	0.9262183136706648 1K
NA18873 HG02004.verkko_filt_mat.fa:haplotype1_0000022_97828542_98235483_0$HG02293.verkko_filt_mat.fa:haplotype1_0000039_30204405_30517145_1	0.9262129843340549 1K
NA18873 HG01123#2#JAGYYY010000006.1_51579630_51892388_0$HG02300.verkko_filt_pat.fa:haplotype2_0000620_143362344_143769323_1	0.9260714903997133 1K
NA18873 HG02293.verkko_filt_mat.fa:haplotype1_0000039_30204405_30517145_1$HG02300.verkko_filt_pat.fa:haplotype2_0000620_143362344_143769323_1	0.9259455082821516 1K
NA18873 HG00438#2#JAHBCA010000012.1_51513023_51826723_0$HG01978#2#JAGYVR010000007.1_51532241_51939176_0	0.9258987748361948 1K
NA18873 HG01928#1#JAGYVQ010000053.1_16676493_17083407_0$HG00438#2#JAHBCA010000012.1_51513023_51826723_0	0.9258783133520061 1K
NA18873 HG00438#2#JAHBCA010000012.1_51513023_51826723_0$HG02004.verkko_filt_mat.fa:haplotype1_0000022_97828542_98235483_0	0.9257560938077203 1K
NA18873 HG00438#2#JAHBCA010000012.1_51513023_51826723_0$HG002.verkko_filt_mat.fa:haplotype1_0000005_138228497_138636354_1	0.9257545419327158 1K
NA18873 HG03453#2#JAGYVV010000088.1_22597550_23005370_1$HG00733#1#JAHEPQ010000019.1_46106835_46420495_0	0.9256831251332963 1K
NA18873 chr1_hg19_103998686_104406594_0$HG00438#2#JAHBCA010000012.1_51513023_51826723_0	0.9255687264184623 1K
NA18873 HG00438#2#JAHBCA010000012.1_51513023_51826723_0$chr1_hg38_103456064_103863972_0	0.9255687264184623 1K
NA18873 HG03486#1#JAHEOQ010000123.1_16677696_17085575_0$HG00438#2#JAHBCA010000012.1_51513023_51826723_0	0.9255634318344951 1K
NA18873 HG00438#2#JAHBCA010000012.1_51513023_51826723_0$HG03453#2#JAGYVV010000088.1_22597550_23005370_1	0.9255538335585587 1K
NA18873 HG00438#2#JAHBCA010000012.1_51513023_51826723_0$HG005#2#JAHEPN010000023.1_51542210_51950070_0	0.9255328703828875 1K
NA18873 HG00733#1#JAHEPQ010000019.1_46106835_46420495_0$HG002.verkko_filt_mat.fa:haplotype1_0000005_138228497_138636354_1	0.9254758501466731 1K
NA18873 HG02109#2#JAHEPF010000078.1_16678387_16991144_0$HG01358#1#JAGYZB010000020.1_27445742_27855492_1	0.9254430672607623 1K
NA18873 AV_HG01175#haplotype1#0000070:46006269$46414083$HG00438#2#JAHBCA010000012.1_51513023_51826723_0	0.9254392467811748 1K
NA18873 HG00438#2#JAHBCA010000012.1_51513023_51826723_0$HG02071.verkko_filt_mat.fa:haplotype1_0000041_103610513_104018399_0	0.9253749434107705 1K
NA18873 HG01978#2#JAGYVR010000007.1_51532241_51939176_0$HG00733#1#JAHEPQ010000019.1_46106835_46420495_0	0.9252917664387910 1K
NA18873 HG03486#1#JAHEOQ010000123.1_16677696_17085575_0$HG00733#1#JAHEPQ010000019.1_46106835_46420495_0	0.9252835931720155 1K
NA18873 HG00733#1#JAHEPQ010000019.1_46106835_46420495_0$HG02071.verkko_filt_mat.fa:haplotype1_0000041_103610513_104018399_0	0.9252831141280855 1K
NA18873 HG00733#1#JAHEPQ010000019.1_46106835_46420495_0$HG02004.verkko_filt_mat.fa:haplotype1_0000022_97828542_98235483_0	0.9252658341734618 1K
NA18873 HG00438#2#JAHBCA010000012.1_51513023_51826723_0$HG02300.verkko_filt_pat.fa:haplotype2_0000620_143362344_143769323_1	0.9252522279874247 1K
NA18873 AV_HG02148#haplotype2#0002863:16304803$16712699$HG00733#1#JAHEPQ010000019.1_46106835_46420495_0	0.9252328167997339 1K
NA18873 HG00621#2#JAHBCC010000031.1_16669999_17077865_0$HG00733#1#JAHEPQ010000019.1_46106835_46420495_0	0.9252228296830843 1K
NA18873 HG01928#1#JAGYVQ010000053.1_16676493_17083407_0$HG00733#1#JAHEPQ010000019.1_46106835_46420495_0	0.9251774249022244 1K
NA18873 AV_HG02148#haplotype2#0002863:16304803$16712699$HG00438#2#JAHBCA010000012.1_51513023_51826723_0	0.9251620745070491 1K
NA18873 chr1_hg38_103456064_103863972_0$HG00733#1#JAHEPQ010000019.1_46106835_46420495_0	0.9251608427583042 1K
NA18873 chr1_hg19_103998686_104406594_0$HG00733#1#JAHEPQ010000019.1_46106835_46420495_0	0.9251608427583042 1K
NA18873 AV_HG01175#haplotype1#0000070:46006269$46414083$HG00733#1#JAHEPQ010000019.1_46106835_46420495_0	0.9250775737554643 1K
NA18873 HG005#2#JAHEPN010000023.1_51542210_51950070_0$HG00733#1#JAHEPQ010000019.1_46106835_46420495_0	0.9250422667528698 1K
NA18873 HG00733#1#JAHEPQ010000019.1_46106835_46420495_0$HG02300.verkko_filt_pat.fa:haplotype2_0000620_143362344_143769323_1	0.9250084177759101 1K
NA18873 HG00621#2#JAHBCC010000031.1_16669999_17077865_0$HG00438#2#JAHBCA010000012.1_51513023_51826723_0	0.9247428234156175 1K
NA18873 HG01243#1#JAHEOY010000013.1_90081_424495_0$HG002.verkko_filt_pat.fa:haplotype2_0000649_147937390_148315979_1	0.9214370927073119 1K
NA18873 HG03492#2#JAHEPH010000288.1_2098270_2432686_1$HG002.verkko_filt_pat.fa:haplotype2_0000649_147937390_148315979_1	0.9213558135152737 1K
NA18873 HG01243#1#JAHEOY010000013.1_90081_424495_0$HG03098#1#JAHEPM010000059.1_16676208_17105596_0	0.9181672677133729 1K
NA18873 HG03492#2#JAHEPH010000288.1_2098270_2432686_1$HG03098#1#JAHEPM010000059.1_16676208_17105596_0	0.9180917971829385 1K
NA18873 HG01243#1#JAHEOY010000013.1_90081_424495_0$HG02647.verkko_filt_mat.fa:haplotype1_0000002_103892584_104321036_0	0.9171721281530938 1K
NA18873 HG03492#2#JAHEPH010000288.1_2098270_2432686_1$HG02647.verkko_filt_mat.fa:haplotype1_0000002_103892584_104321036_0	0.9171172341257622 1K
NA18873 HG01243#1#JAHEOY010000013.1_90081_424495_0$HG02055#2#JAHEPJ010000017.1_24870122_25298560_1	0.9170973688987406 1K
NA18873 HG01243#1#JAHEOY010000013.1_90081_424495_0$HG02809.verkko_filt_mat.fa:haplotype1_0000023_94161320_94589755_0	0.9170574993145916 1K
NA18873 HG03492#2#JAHEPH010000288.1_2098270_2432686_1$HG02809.verkko_filt_mat.fa:haplotype1_0000023_94161320_94589755_0	0.9170129772657060 1K
NA18873 HG03492#2#JAHEPH010000288.1_2098270_2432686_1$HG02055#2#JAHEPJ010000017.1_24870122_25298560_1	0.9169910628381979 1K
NA18873 HG03492#2#JAHEPH010000288.1_2098270_2432686_1$HG01243#1#JAHEOY010000013.1_90081_424495_0	0.8981425285854270 1K
NA18873 HG02723#2#JAHEOT010000034.1_19776337_20321518_1$HG02647.verkko_filt_mat.fa:haplotype1_0000002_103892584_104321036_0	0.8977160472433400 1K
NA18873 HG02723#2#JAHEOT010000034.1_19776337_20321518_1$HG02809.verkko_filt_mat.fa:haplotype1_0000023_94161320_94589755_0	0.8976913429434552 1K
NA18873 HG02723#2#JAHEOT010000034.1_19776337_20321518_1$HG02055#2#JAHEPJ010000017.1_24870122_25298560_1	0.8976622000379294 1K
NA18873 HG03098#2#JAHEPL010000003.1_93803759_94117426_0$HG02723#2#JAHEOT010000034.1_19776337_20321518_1	0.8975656831389006 1K
NA18873 HG02723#2#JAHEOT010000034.1_19776337_20321518_1$HG03098#1#JAHEPM010000059.1_16676208_17105596_0	0.8974399239050537 1K
NA18873 HG02723#2#JAHEOT010000034.1_19776337_20321518_1$HG00438#2#JAHBCA010000012.1_51513023_51826723_0	0.8969758351993143 1K
NA18873 HG02723#2#JAHEOT010000034.1_19776337_20321518_1$HG02886#2#JAHAOT010000031.1_87393_401061_0	0.8969677657650430 1K
NA18873 HG02145#1#JAHKSG010000134.1_2102465_2647653_1$HG02647.verkko_filt_mat.fa:haplotype1_0000002_103892584_104321036_0	0.8968891021335526 1K
NA18873 AV_HG01361#haplotype2#0001322:101872897$102186552$HG02723#2#JAHEOT010000034.1_19776337_20321518_1	0.8967999924559155 1K
NA18873 HG02055#2#JAHEPJ010000017.1_24870122_25298560_1$HG02145#1#JAHKSG010000134.1_2102465_2647653_1	0.8967913949250805 1K
NA18873 HG02723#2#JAHEOT010000034.1_19776337_20321518_1$HG03710.verkko_filt_mat.fa:haplotype1_0000029_102593394_102907063_0	0.8967801631196877 1K
NA18873 HG02723#2#JAHEOT010000034.1_19776337_20321518_1$HG01891#1#JAGYVO010000014.1_22855818_23168577_1	0.8966957532634804 1K
NA18873 HG02145#1#JAHKSG010000134.1_2102465_2647653_1$HG02809.verkko_filt_mat.fa:haplotype1_0000023_94161320_94589755_0	0.8966123812340761 1K
NA18873 HG03579#2#JAGYVT010000094.1_51581892_51895531_0$HG02723#2#JAHEOT010000034.1_19776337_20321518_1	0.8965823761122013 1K
NA18873 HG02723#2#JAHEOT010000034.1_19776337_20321518_1$HG02647.verkko_filt_pat.fa:haplotype2_0000857_103738150_104051769_0	0.8965648189003260 1K
NA18873 HG03098#2#JAHEPL010000003.1_93803759_94117426_0$HG02145#1#JAHKSG010000134.1_2102465_2647653_1	0.8965404081679729 1K
NA18873 HG02723#2#JAHEOT010000034.1_19776337_20321518_1$HG02293.verkko_filt_mat.fa:haplotype1_0000039_30204405_30517145_1	0.8965242896703811 1K
NA18873 HG02723#2#JAHEOT010000034.1_19776337_20321518_1$HG00733#1#JAHEPQ010000019.1_46106835_46420495_0	0.8964105740049313 1K
NA18873 HG03098#1#JAHEPM010000059.1_16676208_17105596_0$HG02145#1#JAHKSG010000134.1_2102465_2647653_1	0.8963901035562815 1K
NA18873 HG02723#1#JAHEOU010000204.1_2102082_2414876_1$HG02723#2#JAHEOT010000034.1_19776337_20321518_1	0.8963467243155339 1K
NA18873 HG02886#2#JAHAOT010000031.1_87393_401061_0$HG02145#1#JAHKSG010000134.1_2102465_2647653_1	0.8961184857680210 1K
NA18873 HG02723#2#JAHEOT010000034.1_19776337_20321518_1$HG02109#2#JAHEPF010000078.1_16678387_16991144_0	0.8960780698361821 1K
NA18873 HG00438#2#JAHBCA010000012.1_51513023_51826723_0$HG02145#1#JAHKSG010000134.1_2102465_2647653_1	0.8960144436238897 1K
NA18873 HG02723#2#JAHEOT010000034.1_19776337_20321518_1$HG04228.verkko_filt_pat.fa:haplotype2_0000600_103806749_104119491_0	0.8958541462013270 1K
NA18873 HG02145#1#JAHKSG010000134.1_2102465_2647653_1$HG03710.verkko_filt_mat.fa:haplotype1_0000029_102593394_102907063_0	0.8958324125582511 1K
NA18873 AV_HG01361#haplotype2#0001322:101872897$102186552$HG02145#1#JAHKSG010000134.1_2102465_2647653_1	0.8958291603438925 1K
NA18873 HG02145#1#JAHKSG010000134.1_2102465_2647653_1$HG01891#1#JAGYVO010000014.1_22855818_23168577_1	0.8957889711174908 1K
NA18873 HG01123#2#JAGYYY010000006.1_51579630_51892388_0$HG02723#2#JAHEOT010000034.1_19776337_20321518_1	0.8957786729950599 1K
NA18873 HG03579#2#JAGYVT010000094.1_51581892_51895531_0$HG02145#1#JAHKSG010000134.1_2102465_2647653_1	0.8957139851285035 1K
NA18873 HG02145#1#JAHKSG010000134.1_2102465_2647653_1$HG02647.verkko_filt_pat.fa:haplotype2_0000857_103738150_104051769_0	0.8957035223487489 1K
NA18873 HG02145#1#JAHKSG010000134.1_2102465_2647653_1$HG02293.verkko_filt_mat.fa:haplotype1_0000039_30204405_30517145_1	0.8956672207882312 1K
NA18873 HG02145#1#JAHKSG010000134.1_2102465_2647653_1$HG00733#1#JAHEPQ010000019.1_46106835_46420495_0	0.8955894202736941 1K
NA18873 HG03098#2#JAHEPL010000003.1_93803759_94117426_0$HG002.verkko_filt_pat.fa:haplotype2_0000649_147937390_148315979_1	0.8953963825796943 1K
NA18873 HG02723#1#JAHEOU010000204.1_2102082_2414876_1$HG02145#1#JAHKSG010000134.1_2102465_2647653_1	0.8953521828035731 1K
NA18873 HG02145#1#JAHKSG010000134.1_2102465_2647653_1$HG02109#2#JAHEPF010000078.1_16678387_16991144_0	0.8951546218814208 1K
NA18873 HG01123#2#JAGYYY010000006.1_51579630_51892388_0$HG02145#1#JAHKSG010000134.1_2102465_2647653_1	0.8950718138674503 1K
NA18873 HG02145#1#JAHKSG010000134.1_2102465_2647653_1$HG04228.verkko_filt_pat.fa:haplotype2_0000600_103806749_104119491_0	0.8949725129705960 1K
NA18873 HG03710.verkko_filt_mat.fa:haplotype1_0000029_102593394_102907063_0$HG002.verkko_filt_pat.fa:haplotype2_0000649_147937390_148315979_1	0.8948724194149251 1K
NA18873 AV_HG01361#haplotype2#0001322:101872897$102186552$HG002.verkko_filt_pat.fa:haplotype2_0000649_147937390_148315979_1	0.8944891864139016 1K
NA18873 HG02886#2#JAHAOT010000031.1_87393_401061_0$HG002.verkko_filt_pat.fa:haplotype2_0000649_147937390_148315979_1	0.8943833792346725 1K
NA18873 HG03098#1#JAHEPM010000059.1_16676208_17105596_0$HG02647.verkko_filt_mat.fa:haplotype1_0000002_103892584_104321036_0	0.8942681695948055 1K
NA18873 HG00733#1#JAHEPQ010000019.1_46106835_46420495_0$HG002.verkko_filt_pat.fa:haplotype2_0000649_147937390_148315979_1	0.8941200505375251 1K
NA18873 HG00438#2#JAHBCA010000012.1_51513023_51826723_0$HG002.verkko_filt_pat.fa:haplotype2_0000649_147937390_148315979_1	0.8941152588399529 1K
NA18873 HG03098#1#JAHEPM010000059.1_16676208_17105596_0$HG02055#2#JAHEPJ010000017.1_24870122_25298560_1	0.8940961437490432 1K
NA18873 HG03098#1#JAHEPM010000059.1_16676208_17105596_0$HG02809.verkko_filt_mat.fa:haplotype1_0000023_94161320_94589755_0	0.8940852916723059 1K
NA18873 HG02293.verkko_filt_mat.fa:haplotype1_0000039_30204405_30517145_1$HG002.verkko_filt_pat.fa:haplotype2_0000649_147937390_148315979_1	0.8936803069561692 1K
NA18873 HG02723#2#JAHEOT010000034.1_19776337_20321518_1$HG02145#1#JAHKSG010000134.1_2102465_2647653_1	0.8935804224617709 1K
NA18873 HG02809.verkko_filt_mat.fa:haplotype1_0000023_94161320_94589755_0$HG02647.verkko_filt_mat.fa:haplotype1_0000002_103892584_104321036_0	0.8934639762868934 1K
NA18873 HG02055#2#JAHEPJ010000017.1_24870122_25298560_1$HG02647.verkko_filt_mat.fa:haplotype1_0000002_103892584_104321036_0	0.8933128640696689 1K
NA18873 HG02055#2#JAHEPJ010000017.1_24870122_25298560_1$HG02809.verkko_filt_mat.fa:haplotype1_0000023_94161320_94589755_0	0.8932268389215323 1K
NA18873 HG02647.verkko_filt_pat.fa:haplotype2_0000857_103738150_104051769_0$HG002.verkko_filt_pat.fa:haplotype2_0000649_147937390_148315979_1	0.8924263243056134 1K
NA18873 HG03579#2#JAGYVT010000094.1_51581892_51895531_0$HG002.verkko_filt_pat.fa:haplotype2_0000649_147937390_148315979_1	0.8923900866721598 1K
NA18873 HG01891#1#JAGYVO010000014.1_22855818_23168577_1$HG002.verkko_filt_pat.fa:haplotype2_0000649_147937390_148315979_1	0.8922335907298786 1K
NA18873 HG02109#2#JAHEPF010000078.1_16678387_16991144_0$HG002.verkko_filt_pat.fa:haplotype2_0000649_147937390_148315979_1	0.8920542893736709 1K
NA18873 HG02723#1#JAHEOU010000204.1_2102082_2414876_1$HG002.verkko_filt_pat.fa:haplotype2_0000649_147937390_148315979_1	0.8918780896548086 1K
NA18873 HG01123#2#JAGYYY010000006.1_51579630_51892388_0$HG002.verkko_filt_pat.fa:haplotype2_0000649_147937390_148315979_1	0.8916285399813366 1K
NA18873 HG04228.verkko_filt_pat.fa:haplotype2_0000600_103806749_104119491_0$HG002.verkko_filt_pat.fa:haplotype2_0000649_147937390_148315979_1	0.8915805229409465 1K
NA18873 HG03098#2#JAHEPL010000003.1_93803759_94117426_0$HG02055#2#JAHEPJ010000017.1_24870122_25298560_1	0.8774424577089859 1K
NA18873 HG03098#2#JAHEPL010000003.1_93803759_94117426_0$HG02647.verkko_filt_mat.fa:haplotype1_0000002_103892584_104321036_0	0.8773643970540124 1K
NA18873 HG03098#2#JAHEPL010000003.1_93803759_94117426_0$HG02809.verkko_filt_mat.fa:haplotype1_0000023_94161320_94589755_0	0.8773057197649166 1K
NA18873 HG02886#2#JAHAOT010000031.1_87393_401061_0$HG02647.verkko_filt_mat.fa:haplotype1_0000002_103892584_104321036_0	0.8769532239243764 1K
NA18873 HG03098#2#JAHEPL010000003.1_93803759_94117426_0$HG03098#1#JAHEPM010000059.1_16676208_17105596_0	0.8768932716669942 1K
NA18873 HG02886#2#JAHAOT010000031.1_87393_401061_0$HG02055#2#JAHEPJ010000017.1_24870122_25298560_1	0.8768543702558848 1K
NA18873 HG00438#2#JAHBCA010000012.1_51513023_51826723_0$HG02647.verkko_filt_mat.fa:haplotype1_0000002_103892584_104321036_0	0.8768179687376763 1K
NA18873 HG03710.verkko_filt_mat.fa:haplotype1_0000029_102593394_102907063_0$HG02647.verkko_filt_mat.fa:haplotype1_0000002_103892584_104321036_0	0.8767582676642153 1K
NA18873 HG02886#2#JAHAOT010000031.1_87393_401061_0$HG02809.verkko_filt_mat.fa:haplotype1_0000023_94161320_94589755_0	0.8767499531354565 1K
NA18873 HG00438#2#JAHBCA010000012.1_51513023_51826723_0$HG02055#2#JAHEPJ010000017.1_24870122_25298560_1	0.8766971251426415 1K
NA18873 AV_HG01361#haplotype2#0001322:101872897$102186552$HG02055#2#JAHEPJ010000017.1_24870122_25298560_1	0.8765943365728941 1K
NA18873 AV_HG01361#haplotype2#0001322:101872897$102186552$HG02647.verkko_filt_mat.fa:haplotype1_0000002_103892584_104321036_0	0.8765928602032597 1K
NA18873 HG02055#2#JAHEPJ010000017.1_24870122_25298560_1$HG03710.verkko_filt_mat.fa:haplotype1_0000029_102593394_102907063_0	0.8765178712089525 1K
NA18873 HG00438#2#JAHBCA010000012.1_51513023_51826723_0$HG02809.verkko_filt_mat.fa:haplotype1_0000023_94161320_94589755_0	0.8764937867651768 1K
NA18873 AV_HG01361#haplotype2#0001322:101872897$102186552$HG02809.verkko_filt_mat.fa:haplotype1_0000023_94161320_94589755_0	0.8764800709215685 1K
NA18873 HG03710.verkko_filt_mat.fa:haplotype1_0000029_102593394_102907063_0$HG02809.verkko_filt_mat.fa:haplotype1_0000023_94161320_94589755_0	0.8763490759549061 1K
NA18873 HG02886#2#JAHAOT010000031.1_87393_401061_0$HG03098#1#JAHEPM010000059.1_16676208_17105596_0	0.8762923102312171 1K
NA18873 HG00733#1#JAHEPQ010000019.1_46106835_46420495_0$HG02647.verkko_filt_mat.fa:haplotype1_0000002_103892584_104321036_0	0.8761876177247450 1K
NA18873 HG03098#1#JAHEPM010000059.1_16676208_17105596_0$HG02293.verkko_filt_mat.fa:haplotype1_0000039_30204405_30517145_1	0.8760954688717577 1K
NA18873 AV_HG01361#haplotype2#0001322:101872897$102186552$HG03098#1#JAHEPM010000059.1_16676208_17105596_0	0.8760682103716290 1K
NA18873 HG03098#1#JAHEPM010000059.1_16676208_17105596_0$HG01891#1#JAGYVO010000014.1_22855818_23168577_1	0.8760371767102878 1K
NA18873 HG00438#2#JAHBCA010000012.1_51513023_51826723_0$HG03098#1#JAHEPM010000059.1_16676208_17105596_0	0.8760365174427708 1K
NA18873 HG02293.verkko_filt_mat.fa:haplotype1_0000039_30204405_30517145_1$HG02647.verkko_filt_mat.fa:haplotype1_0000002_103892584_104321036_0	0.8760297815351618 1K
NA18873 HG02055#2#JAHEPJ010000017.1_24870122_25298560_1$HG00733#1#JAHEPQ010000019.1_46106835_46420495_0	0.8760113290156720 1K
NA18873 HG03098#1#JAHEPM010000059.1_16676208_17105596_0$HG03710.verkko_filt_mat.fa:haplotype1_0000029_102593394_102907063_0	0.8760034514463245 1K
NA18873 HG00733#1#JAHEPQ010000019.1_46106835_46420495_0$HG02809.verkko_filt_mat.fa:haplotype1_0000023_94161320_94589755_0	0.8758738044667794 1K
NA18873 HG03098#1#JAHEPM010000059.1_16676208_17105596_0$HG00733#1#JAHEPQ010000019.1_46106835_46420495_0	0.8757564914891195 1K
NA18873 HG02055#2#JAHEPJ010000017.1_24870122_25298560_1$HG02293.verkko_filt_mat.fa:haplotype1_0000039_30204405_30517145_1	0.8757223874930856 1K
NA18873 HG02293.verkko_filt_mat.fa:haplotype1_0000039_30204405_30517145_1$HG02809.verkko_filt_mat.fa:haplotype1_0000023_94161320_94589755_0	0.8756848260214376 1K
NA18873 HG03579#2#JAGYVT010000094.1_51581892_51895531_0$HG03098#1#JAHEPM010000059.1_16676208_17105596_0	0.8756532580009503 1K
NA18873 HG03098#1#JAHEPM010000059.1_16676208_17105596_0$HG02647.verkko_filt_pat.fa:haplotype2_0000857_103738150_104051769_0	0.8756405796712106 1K
NA18873 HG02723#1#JAHEOU010000204.1_2102082_2414876_1$HG03098#1#JAHEPM010000059.1_16676208_17105596_0	0.8755189305217750 1K
NA18873 HG03098#1#JAHEPM010000059.1_16676208_17105596_0$HG02109#2#JAHEPF010000078.1_16678387_16991144_0	0.8753006151736342 1K
NA18873 HG03579#2#JAGYVT010000094.1_51581892_51895531_0$HG02647.verkko_filt_mat.fa:haplotype1_0000002_103892584_104321036_0	0.8752105201339229 1K
NA18873 HG02647.verkko_filt_pat.fa:haplotype2_0000857_103738150_104051769_0$HG02647.verkko_filt_mat.fa:haplotype1_0000002_103892584_104321036_0	0.8751759732592610 1K
NA18873 HG03098#1#JAHEPM010000059.1_16676208_17105596_0$HG04228.verkko_filt_pat.fa:haplotype2_0000600_103806749_104119491_0	0.8751691381689156 1K
NA18873 HG02055#2#JAHEPJ010000017.1_24870122_25298560_1$HG01891#1#JAGYVO010000014.1_22855818_23168577_1	0.8750384875658815 1K
NA18873 HG01891#1#JAGYVO010000014.1_22855818_23168577_1$HG02647.verkko_filt_mat.fa:haplotype1_0000002_103892584_104321036_0	0.8750353598723418 1K
NA18873 HG01123#2#JAGYYY010000006.1_51579630_51892388_0$HG03098#1#JAHEPM010000059.1_16676208_17105596_0	0.8749996324819046 1K
NA18873 HG02055#2#JAHEPJ010000017.1_24870122_25298560_1$HG02647.verkko_filt_pat.fa:haplotype2_0000857_103738150_104051769_0	0.8749706783368233 1K
NA18873 HG03579#2#JAGYVT010000094.1_51581892_51895531_0$HG02055#2#JAHEPJ010000017.1_24870122_25298560_1	0.8749395921680369 1K
NA18873 HG01891#1#JAGYVO010000014.1_22855818_23168577_1$HG02809.verkko_filt_mat.fa:haplotype1_0000023_94161320_94589755_0	0.8749260386442107 1K
NA18873 HG02647.verkko_filt_pat.fa:haplotype2_0000857_103738150_104051769_0$HG02809.verkko_filt_mat.fa:haplotype1_0000023_94161320_94589755_0	0.8748255227141399 1K
NA18873 HG03579#2#JAGYVT010000094.1_51581892_51895531_0$HG02809.verkko_filt_mat.fa:haplotype1_0000023_94161320_94589755_0	0.8748164736779266 1K
NA18873 HG02723#1#JAHEOU010000204.1_2102082_2414876_1$HG02647.verkko_filt_mat.fa:haplotype1_0000002_103892584_104321036_0	0.8746044202289688 1K
NA18873 HG02723#1#JAHEOU010000204.1_2102082_2414876_1$HG02055#2#JAHEPJ010000017.1_24870122_25298560_1	0.8744873976393579 1K
NA18873 HG02723#1#JAHEOU010000204.1_2102082_2414876_1$HG02809.verkko_filt_mat.fa:haplotype1_0000023_94161320_94589755_0	0.8744301022089556 1K
NA18873 HG02055#2#JAHEPJ010000017.1_24870122_25298560_1$HG02109#2#JAHEPF010000078.1_16678387_16991144_0	0.8742480801910537 1K
NA18873 HG02109#2#JAHEPF010000078.1_16678387_16991144_0$HG02647.verkko_filt_mat.fa:haplotype1_0000002_103892584_104321036_0	0.8741890174470613 1K
NA18873 HG02109#2#JAHEPF010000078.1_16678387_16991144_0$HG02809.verkko_filt_mat.fa:haplotype1_0000023_94161320_94589755_0	0.8741043272344987 1K
NA18873 HG02055#2#JAHEPJ010000017.1_24870122_25298560_1$HG04228.verkko_filt_pat.fa:haplotype2_0000600_103806749_104119491_0	0.8740934958971569 1K
NA18873 HG04228.verkko_filt_pat.fa:haplotype2_0000600_103806749_104119491_0$HG02647.verkko_filt_mat.fa:haplotype1_0000002_103892584_104321036_0	0.8740568749747465 1K
NA18873 HG01123#2#JAGYYY010000006.1_51579630_51892388_0$HG02647.verkko_filt_mat.fa:haplotype1_0000002_103892584_104321036_0	0.8739856272114777 1K
NA18873 HG01123#2#JAGYYY010000006.1_51579630_51892388_0$HG02055#2#JAHEPJ010000017.1_24870122_25298560_1	0.8739777743496636 1K
NA18873 HG01123#2#JAGYYY010000006.1_51579630_51892388_0$HG02809.verkko_filt_mat.fa:haplotype1_0000023_94161320_94589755_0	0.8738651923817816 1K
NA18873 HG04228.verkko_filt_pat.fa:haplotype2_0000600_103806749_104119491_0$HG02809.verkko_filt_mat.fa:haplotype1_0000023_94161320_94589755_0	0.8738505410606314 1K
NA18873 HG03098#2#JAHEPL010000003.1_93803759_94117426_0$HG01243#1#JAHEOY010000013.1_90081_424495_0	0.8717071742181335 1K
NA18873 HG03492#2#JAHEPH010000288.1_2098270_2432686_1$HG03098#2#JAHEPL010000003.1_93803759_94117426_0	0.8716220823746050 1K
NA18873 HG01243#1#JAHEOY010000013.1_90081_424495_0$HG03710.verkko_filt_mat.fa:haplotype1_0000029_102593394_102907063_0	0.8712956184215008 1K
NA18873 HG03492#2#JAHEPH010000288.1_2098270_2432686_1$HG03710.verkko_filt_mat.fa:haplotype1_0000029_102593394_102907063_0	0.8712554488425456 1K
NA18873 AV_HG01361#haplotype2#0001322:101872897$102186552$HG01243#1#JAHEOY010000013.1_90081_424495_0	0.8708803288243493 1K
NA18873 AV_HG01361#haplotype2#0001322:101872897$102186552$HG03492#2#JAHEPH010000288.1_2098270_2432686_1	0.8708401579491302 1K
NA18873 HG02886#2#JAHAOT010000031.1_87393_401061_0$HG01243#1#JAHEOY010000013.1_90081_424495_0	0.8703939965341915 1K
NA18873 HG03492#2#JAHEPH010000288.1_2098270_2432686_1$HG02886#2#JAHAOT010000031.1_87393_401061_0	0.8703538049288332 1K
NA18873 HG00438#2#JAHBCA010000012.1_51513023_51826723_0$HG01243#1#JAHEOY010000013.1_90081_424495_0	0.8701583562919212 1K
NA18873 HG03492#2#JAHEPH010000288.1_2098270_2432686_1$HG00438#2#JAHBCA010000012.1_51513023_51826723_0	0.8700881953026256 1K
NA18873 HG01243#1#JAHEOY010000013.1_90081_424495_0$HG00733#1#JAHEPQ010000019.1_46106835_46420495_0	0.8699964677072847 1K
NA18873 HG03492#2#JAHEPH010000288.1_2098270_2432686_1$HG00733#1#JAHEPQ010000019.1_46106835_46420495_0	0.8699562246751162 1K
NA18873 HG01243#1#JAHEOY010000013.1_90081_424495_0$HG02293.verkko_filt_mat.fa:haplotype1_0000039_30204405_30517145_1	0.8695378426247649 1K
NA18873 HG03492#2#JAHEPH010000288.1_2098270_2432686_1$HG02293.verkko_filt_mat.fa:haplotype1_0000039_30204405_30517145_1	0.8694376839891443 1K
NA18873 HG03492#2#JAHEPH010000288.1_2098270_2432686_1$HG02647.verkko_filt_pat.fa:haplotype2_0000857_103738150_104051769_0	0.8679249170063346 1K
NA18873 HG01243#1#JAHEOY010000013.1_90081_424495_0$HG02647.verkko_filt_pat.fa:haplotype2_0000857_103738150_104051769_0	0.8679204837935165 1K
NA18873 HG01243#1#JAHEOY010000013.1_90081_424495_0$HG01891#1#JAGYVO010000014.1_22855818_23168577_1	0.8679198374545061 1K
NA18873 HG03492#2#JAHEPH010000288.1_2098270_2432686_1$HG03579#2#JAGYVT010000094.1_51581892_51895531_0	0.8678449514784048 1K
NA18873 HG02723#1#JAHEOU010000204.1_2102082_2414876_1$HG01243#1#JAHEOY010000013.1_90081_424495_0	0.8678396646373231 1K
NA18873 HG03492#2#JAHEPH010000288.1_2098270_2432686_1$HG01891#1#JAGYVO010000014.1_22855818_23168577_1	0.8678202182545817 1K
NA18873 HG03579#2#JAGYVT010000094.1_51581892_51895531_0$HG01243#1#JAHEOY010000013.1_90081_424495_0	0.8678108282316888 1K
NA18873 HG02723#1#JAHEOU010000204.1_2102082_2414876_1$HG03492#2#JAHEPH010000288.1_2098270_2432686_1	0.8677399716895136 1K
NA18873 HG01243#1#JAHEOY010000013.1_90081_424495_0$HG02109#2#JAHEPF010000078.1_16678387_16991144_0	0.8677070416770665 1K
NA18873 HG03492#2#JAHEPH010000288.1_2098270_2432686_1$HG02109#2#JAHEPF010000078.1_16678387_16991144_0	0.8676520308453300 1K
NA18873 HG01243#1#JAHEOY010000013.1_90081_424495_0$HG04228.verkko_filt_pat.fa:haplotype2_0000600_103806749_104119491_0	0.8672117442277028 1K
NA18873 HG03492#2#JAHEPH010000288.1_2098270_2432686_1$HG04228.verkko_filt_pat.fa:haplotype2_0000600_103806749_104119491_0	0.8671864217288385 1K
NA18873 HG01123#2#JAGYYY010000006.1_51579630_51892388_0$HG01243#1#JAHEOY010000013.1_90081_424495_0	0.8668327049910565 1K
NA18873 HG03492#2#JAHEPH010000288.1_2098270_2432686_1$HG01123#2#JAGYYY010000006.1_51579630_51892388_0	0.8668073737465921 1K
NA18873 HG03098#2#JAHEPL010000003.1_93803759_94117426_0$HG01891#1#JAGYVO010000014.1_22855818_23168577_1	0.8099420128353357 1K
NA18873 HG02723#1#JAHEOU010000204.1_2102082_2414876_1$HG03098#2#JAHEPL010000003.1_93803759_94117426_0	0.8096646141393171 1K
NA18873 HG01891#1#JAGYVO010000014.1_22855818_23168577_1$HG03710.verkko_filt_mat.fa:haplotype1_0000029_102593394_102907063_0	0.8095758279644444 1K
NA18873 HG03098#2#JAHEPL010000003.1_93803759_94117426_0$HG02647.verkko_filt_pat.fa:haplotype2_0000857_103738150_104051769_0	0.8092828834201623 1K
NA18873 HG03579#2#JAGYVT010000094.1_51581892_51895531_0$HG03098#2#JAHEPL010000003.1_93803759_94117426_0	0.8092624667837723 1K
NA18873 HG03098#2#JAHEPL010000003.1_93803759_94117426_0$HG02109#2#JAHEPF010000078.1_16678387_16991144_0	0.8092467980467627 1K
NA18873 HG03098#2#JAHEPL010000003.1_93803759_94117426_0$HG04228.verkko_filt_pat.fa:haplotype2_0000600_103806749_104119491_0	0.8092157204609037 1K
NA18873 HG01123#2#JAGYYY010000006.1_51579630_51892388_0$HG03098#2#JAHEPL010000003.1_93803759_94117426_0	0.8091060636123589 1K
NA18873 AV_HG01361#haplotype2#0001322:101872897$102186552$HG01891#1#JAGYVO010000014.1_22855818_23168577_1	0.8089169673103894 1K
NA18873 HG02723#1#JAHEOU010000204.1_2102082_2414876_1$HG03710.verkko_filt_mat.fa:haplotype1_0000029_102593394_102907063_0	0.8088891251395398 1K
NA18873 HG02109#2#JAHEPF010000078.1_16678387_16991144_0$HG03710.verkko_filt_mat.fa:haplotype1_0000029_102593394_102907063_0	0.8087541801574594 1K
NA18873 AV_HG01361#haplotype2#0001322:101872897$102186552$HG02109#2#JAHEPF010000078.1_16678387_16991144_0	0.8086300412774144 1K
NA18873 HG03579#2#JAGYVT010000094.1_51581892_51895531_0$HG03710.verkko_filt_mat.fa:haplotype1_0000029_102593394_102907063_0	0.8086286726374352 1K
NA18873 HG03710.verkko_filt_mat.fa:haplotype1_0000029_102593394_102907063_0$HG02647.verkko_filt_pat.fa:haplotype2_0000857_103738150_104051769_0	0.8086176706186061 1K
NA18873 HG04228.verkko_filt_pat.fa:haplotype2_0000600_103806749_104119491_0$HG03710.verkko_filt_mat.fa:haplotype1_0000029_102593394_102907063_0	0.8085657531032240 1K
NA18873 AV_HG01361#haplotype2#0001322:101872897$102186552$HG02723#1#JAHEOU010000204.1_2102082_2414876_1	0.8084506104312852 1K
NA18873 AV_HG01361#haplotype2#0001322:101872897$102186552$HG03579#2#JAGYVT010000094.1_51581892_51895531_0	0.8083947507569902 1K
NA18873 HG02886#2#JAHAOT010000031.1_87393_401061_0$HG01891#1#JAGYVO010000014.1_22855818_23168577_1	0.8083942633535177 1K
NA18873 AV_HG01361#haplotype2#0001322:101872897$102186552$HG02647.verkko_filt_pat.fa:haplotype2_0000857_103738150_104051769_0	0.8083837066336546 1K
NA18873 HG00438#2#JAHBCA010000012.1_51513023_51826723_0$HG02109#2#JAHEPF010000078.1_16678387_16991144_0	0.8083281894264419 1K
NA18873 HG02723#1#JAHEOU010000204.1_2102082_2414876_1$HG02886#2#JAHAOT010000031.1_87393_401061_0	0.8083208390060271 1K
NA18873 HG00438#2#JAHBCA010000012.1_51513023_51826723_0$HG01891#1#JAGYVO010000014.1_22855818_23168577_1	0.8083167766753498 1K
NA18873 HG02886#2#JAHAOT010000031.1_87393_401061_0$HG02109#2#JAHEPF010000078.1_16678387_16991144_0	0.8082799729624389 1K
NA18873 HG00733#1#JAHEPQ010000019.1_46106835_46420495_0$HG01891#1#JAGYVO010000014.1_22855818_23168577_1	0.8080926588455370 1K
NA18873 HG01123#2#JAGYYY010000006.1_51579630_51892388_0$HG03710.verkko_filt_mat.fa:haplotype1_0000029_102593394_102907063_0	0.8080614238676960 1K
NA18873 HG01891#1#JAGYVO010000014.1_22855818_23168577_1$HG02293.verkko_filt_mat.fa:haplotype1_0000039_30204405_30517145_1	0.8079980351794425 1K
NA18873 HG02109#2#JAHEPF010000078.1_16678387_16991144_0$HG00733#1#JAHEPQ010000019.1_46106835_46420495_0	0.8079619505315920 1K
NA18873 HG03098#2#JAHEPL010000003.1_93803759_94117426_0$HG03710.verkko_filt_mat.fa:haplotype1_0000029_102593394_102907063_0	0.8077411003594435 1K
NA18873 HG02886#2#JAHAOT010000031.1_87393_401061_0$HG02647.verkko_filt_pat.fa:haplotype2_0000857_103738150_104051769_0	0.8077352571348880 1K
NA18873 HG03579#2#JAGYVT010000094.1_51581892_51895531_0$HG02886#2#JAHAOT010000031.1_87393_401061_0	0.8077306849171412 1K
NA18873 HG02109#2#JAHEPF010000078.1_16678387_16991144_0$HG02293.verkko_filt_mat.fa:haplotype1_0000039_30204405_30517145_1	0.8077103850985424 1K
NA18873 AV_HG01361#haplotype2#0001322:101872897$102186552$HG01123#2#JAGYYY010000006.1_51579630_51892388_0	0.8077008542411126 1K
NA18873 HG02647.verkko_filt_pat.fa:haplotype2_0000857_103738150_104051769_0$HG02293.verkko_filt_mat.fa:haplotype1_0000039_30204405_30517145_1	0.8076679928391192 1K
NA18873 HG03579#2#JAGYVT010000094.1_51581892_51895531_0$HG02293.verkko_filt_mat.fa:haplotype1_0000039_30204405_30517145_1	0.8076474539273136 1K
NA18873 AV_HG01361#haplotype2#0001322:101872897$102186552$HG03098#2#JAHEPL010000003.1_93803759_94117426_0	0.8075236623824109 1K
NA18873 HG03098#2#JAHEPL010000003.1_93803759_94117426_0$HG02293.verkko_filt_mat.fa:haplotype1_0000039_30204405_30517145_1	0.8075051352788973 1K
NA18873 HG03579#2#JAGYVT010000094.1_51581892_51895531_0$HG00438#2#JAHBCA010000012.1_51513023_51826723_0	0.8074961828737900 1K
NA18873 HG00438#2#JAHBCA010000012.1_51513023_51826723_0$HG02647.verkko_filt_pat.fa:haplotype2_0000857_103738150_104051769_0	0.8074850335260227 1K
NA18873 HG01123#2#JAGYYY010000006.1_51579630_51892388_0$HG02886#2#JAHAOT010000031.1_87393_401061_0	0.8074768147887581 1K
NA18873 AV_HG01361#haplotype2#0001322:101872897$102186552$HG04228.verkko_filt_pat.fa:haplotype2_0000600_103806749_104119491_0	0.8074204885861833 1K
NA18873 HG02886#2#JAHAOT010000031.1_87393_401061_0$HG04228.verkko_filt_pat.fa:haplotype2_0000600_103806749_104119491_0	0.8074151120748246 1K
NA18873 HG00733#1#JAHEPQ010000019.1_46106835_46420495_0$HG02647.verkko_filt_pat.fa:haplotype2_0000857_103738150_104051769_0	0.8073366156769272 1K
NA18873 HG03098#2#JAHEPL010000003.1_93803759_94117426_0$HG02886#2#JAHAOT010000031.1_87393_401061_0	0.8073116958426062 1K
NA18873 HG03579#2#JAGYVT010000094.1_51581892_51895531_0$HG00733#1#JAHEPQ010000019.1_46106835_46420495_0	0.8073003226625639 1K
NA18873 HG03098#2#JAHEPL010000003.1_93803759_94117426_0$HG00733#1#JAHEPQ010000019.1_46106835_46420495_0	0.8072673539621772 1K
NA18873 HG03098#2#JAHEPL010000003.1_93803759_94117426_0$HG00438#2#JAHBCA010000012.1_51513023_51826723_0	0.8070156643795163 1K
NA18873 HG02723#1#JAHEOU010000204.1_2102082_2414876_1$HG02293.verkko_filt_mat.fa:haplotype1_0000039_30204405_30517145_1	0.8069018536703058 1K
NA18873 AV_HG01361#haplotype2#0001322:101872897$102186552$HG03710.verkko_filt_mat.fa:haplotype1_0000029_102593394_102907063_0	0.8066878060572971 1K
NA18873 HG02723#1#JAHEOU010000204.1_2102082_2414876_1$HG00438#2#JAHBCA010000012.1_51513023_51826723_0	0.8066421985792076 1K
NA18873 HG02886#2#JAHAOT010000031.1_87393_401061_0$HG03710.verkko_filt_mat.fa:haplotype1_0000029_102593394_102907063_0	0.8064440751947122 1K
NA18873 HG03710.verkko_filt_mat.fa:haplotype1_0000029_102593394_102907063_0$HG02293.verkko_filt_mat.fa:haplotype1_0000039_30204405_30517145_1	0.8063084297669347 1K
NA18873 HG00438#2#JAHBCA010000012.1_51513023_51826723_0$HG03710.verkko_filt_mat.fa:haplotype1_0000029_102593394_102907063_0	0.8062413305019275 1K
NA18873 HG02723#1#JAHEOU010000204.1_2102082_2414876_1$HG00733#1#JAHEPQ010000019.1_46106835_46420495_0	0.8061931438176717 1K
NA18873 AV_HG01361#haplotype2#0001322:101872897$102186552$HG00438#2#JAHBCA010000012.1_51513023_51826723_0	0.8060236254178971 1K
NA18873 AV_HG01361#haplotype2#0001322:101872897$102186552$HG02293.verkko_filt_mat.fa:haplotype1_0000039_30204405_30517145_1	0.8058877585037135 1K
NA18873 HG02886#2#JAHAOT010000031.1_87393_401061_0$HG02293.verkko_filt_mat.fa:haplotype1_0000039_30204405_30517145_1	0.8058473096521250 1K
NA18873 HG00438#2#JAHBCA010000012.1_51513023_51826723_0$HG04228.verkko_filt_pat.fa:haplotype2_0000600_103806749_104119491_0	0.8058011355253268 1K
NA18873 HG02723#1#JAHEOU010000204.1_2102082_2414876_1$HG02647.verkko_filt_pat.fa:haplotype2_0000857_103738150_104051769_0	0.8057380444647689 1K
NA18873 HG02109#2#JAHEPF010000078.1_16678387_16991144_0$HG02647.verkko_filt_pat.fa:haplotype2_0000857_103738150_104051769_0	0.8057329309793099 1K
NA18873 HG03579#2#JAGYVT010000094.1_51581892_51895531_0$HG02109#2#JAHEPF010000078.1_16678387_16991144_0	0.8057291363242158 1K
NA18873 HG02723#1#JAHEOU010000204.1_2102082_2414876_1$HG03579#2#JAGYVT010000094.1_51581892_51895531_0	0.8057185222906668 1K
NA18873 AV_HG01361#haplotype2#0001322:101872897$102186552$HG00733#1#JAHEPQ010000019.1_46106835_46420495_0	0.8057113138292100 1K
NA18873 HG02109#2#JAHEPF010000078.1_16678387_16991144_0$HG01891#1#JAGYVO010000014.1_22855818_23168577_1	0.8056391841633161 1K
NA18873 HG00733#1#JAHEPQ010000019.1_46106835_46420495_0$HG03710.verkko_filt_mat.fa:haplotype1_0000029_102593394_102907063_0	0.8055395633500234 1K
NA18873 HG02723#1#JAHEOU010000204.1_2102082_2414876_1$HG01891#1#JAGYVO010000014.1_22855818_23168577_1	0.8055350120687056 1K
NA18873 HG02886#2#JAHAOT010000031.1_87393_401061_0$HG00733#1#JAHEPQ010000019.1_46106835_46420495_0	0.8054680579381863 1K
NA18873 HG00438#2#JAHBCA010000012.1_51513023_51826723_0$HG02886#2#JAHAOT010000031.1_87393_401061_0	0.8054529264324506 1K
NA18873 HG02723#1#JAHEOU010000204.1_2102082_2414876_1$HG02109#2#JAHEPF010000078.1_16678387_16991144_0	0.8054068025597378 1K
NA18873 HG01891#1#JAGYVO010000014.1_22855818_23168577_1$HG04228.verkko_filt_pat.fa:haplotype2_0000600_103806749_104119491_0	0.8051939395800842 1K
NA18873 HG04228.verkko_filt_pat.fa:haplotype2_0000600_103806749_104119491_0$HG02647.verkko_filt_pat.fa:haplotype2_0000857_103738150_104051769_0	0.8051631209120319 1K
NA18873 HG03579#2#JAGYVT010000094.1_51581892_51895531_0$HG04228.verkko_filt_pat.fa:haplotype2_0000600_103806749_104119491_0	0.8051125089250298 1K
NA18873 HG03579#2#JAGYVT010000094.1_51581892_51895531_0$HG01891#1#JAGYVO010000014.1_22855818_23168577_1	0.8050952096170672 1K
NA18873 HG01891#1#JAGYVO010000014.1_22855818_23168577_1$HG02647.verkko_filt_pat.fa:haplotype2_0000857_103738150_104051769_0	0.8050832416799170 1K
NA18873 HG01123#2#JAGYYY010000006.1_51579630_51892388_0$HG01891#1#JAGYVO010000014.1_22855818_23168577_1	0.8049355606753869 1K
NA18873 HG00733#1#JAHEPQ010000019.1_46106835_46420495_0$HG04228.verkko_filt_pat.fa:haplotype2_0000600_103806749_104119491_0	0.8049276611238990 1K
NA18873 AV_HG01361#haplotype2#0001322:101872897$102186552$HG02886#2#JAHAOT010000031.1_87393_401061_0	0.8048767648156631 1K
NA18873 HG01123#2#JAGYYY010000006.1_51579630_51892388_0$HG02647.verkko_filt_pat.fa:haplotype2_0000857_103738150_104051769_0	0.8048734432952235 1K
NA18873 HG01123#2#JAGYYY010000006.1_51579630_51892388_0$HG03579#2#JAGYVT010000094.1_51581892_51895531_0	0.8048538237637214 1K
NA18873 HG04228.verkko_filt_pat.fa:haplotype2_0000600_103806749_104119491_0$HG02293.verkko_filt_mat.fa:haplotype1_0000039_30204405_30517145_1	0.8048226155409448 1K
NA18873 HG02109#2#JAHEPF010000078.1_16678387_16991144_0$HG04228.verkko_filt_pat.fa:haplotype2_0000600_103806749_104119491_0	0.8047386338579262 1K
NA18873 HG01123#2#JAGYYY010000006.1_51579630_51892388_0$HG02109#2#JAHEPF010000078.1_16678387_16991144_0	0.8046819726870239 1K
NA18873 HG01123#2#JAGYYY010000006.1_51579630_51892388_0$HG02293.verkko_filt_mat.fa:haplotype1_0000039_30204405_30517145_1	0.8046271656113047 1K
NA18873 HG02723#1#JAHEOU010000204.1_2102082_2414876_1$HG04228.verkko_filt_pat.fa:haplotype2_0000600_103806749_104119491_0	0.8041514402370185 1K
NA18873 HG00438#2#JAHBCA010000012.1_51513023_51826723_0$HG02293.verkko_filt_mat.fa:haplotype1_0000039_30204405_30517145_1	0.8040093716662642 1K
NA18873 HG01123#2#JAGYYY010000006.1_51579630_51892388_0$HG00438#2#JAHBCA010000012.1_51513023_51826723_0	0.8036707122737524 1K
NA18873 HG00733#1#JAHEPQ010000019.1_46106835_46420495_0$HG02293.verkko_filt_mat.fa:haplotype1_0000039_30204405_30517145_1	0.8029628081359991 1K
NA18873 HG02723#1#JAHEOU010000204.1_2102082_2414876_1$HG01123#2#JAGYYY010000006.1_51579630_51892388_0	0.8029575425220755 1K
NA18873 HG01123#2#JAGYYY010000006.1_51579630_51892388_0$HG00733#1#JAHEPQ010000019.1_46106835_46420495_0	0.8029193662512379 1K
NA18873 HG03579#2#JAGYVT010000094.1_51581892_51895531_0$HG02647.verkko_filt_pat.fa:haplotype2_0000857_103738150_104051769_0	0.8027451493544913 1K
NA18873 HG01123#2#JAGYYY010000006.1_51579630_51892388_0$HG04228.verkko_filt_pat.fa:haplotype2_0000600_103806749_104119491_0	0.8017925137795283 1K
NA18873 HG00438#2#JAHBCA010000012.1_51513023_51826723_0$HG00733#1#JAHEPQ010000019.1_46106835_46420495_0	0.8017109168100639 1K
