NA20538 HG01358#1#JAGYZB010000020.1_27445742_27855492_1$HG03927.verkko_filt_pat.fa:haplotype2_0000800_29002142_29504057_1	0.9846443722774438 1K
NA20538 HG03540#2#JAGYVX010000148.1_1368955_1877115_0$HG02300.verkko_filt_mat.fa:haplotype1_0000028_144052837_144460586_1	0.9844008206129481 1K
NA20538 HG03540#2#JAGYVX010000148.1_1368955_1877115_0$HG01099.verkko_filt_mat.fa:haplotype1_0000034_142513097_142920876_1	0.9841752019741641 1K
NA20538 HG02080#1#JAHEOW010000048.1_16689583_17097287_0$HG03540#2#JAGYVX010000148.1_1368955_1877115_0	0.9839561270862691 1K
NA20538 AV_HG01361#haplotype1#0000023:101593539$102001341$HG03540#2#JAGYVX010000148.1_1368955_1877115_0	0.9839211401847411 1K
NA20538 HG02300.verkko_filt_mat.fa:haplotype1_0000028_144052837_144460586_1$HG01099.verkko_filt_pat.fa:haplotype2_0000583_143544270_144046196_1	0.9837812200772221 1K
NA20538 HG03540#2#JAGYVX010000148.1_1368955_1877115_0$NA19240#2#JAHEOL010000010.1_37445323_37853017_0	0.9837097116831773 1K
NA20538 HG02300.verkko_filt_mat.fa:haplotype1_0000028_144052837_144460586_1$HG03927.verkko_filt_pat.fa:haplotype2_0000800_29002142_29504057_1	0.9836939523802337 1K
NA20538 HG01099.verkko_filt_mat.fa:haplotype1_0000034_142513097_142920876_1$HG01099.verkko_filt_pat.fa:haplotype2_0000583_143544270_144046196_1	0.9836646576273885 1K
NA20538 HG01099.verkko_filt_mat.fa:haplotype1_0000034_142513097_142920876_1$HG03927.verkko_filt_pat.fa:haplotype2_0000800_29002142_29504057_1	0.9836106444402625 1K
NA20538 HG03516#2#JAGYYS010000004.1_24452130_24859892_1$HG03927.verkko_filt_pat.fa:haplotype2_0000800_29002142_29504057_1	0.9835956674632496 1K
NA20538 HG02559#1#JAGYVK010000012.1_51505852_51913611_0$HG03927.verkko_filt_pat.fa:haplotype2_0000800_29002142_29504057_1	0.9835595541053316 1K
NA20538 HG03579#1#JAGYVU010000029.1_91404_499180_0$HG03927.verkko_filt_pat.fa:haplotype2_0000800_29002142_29504057_1	0.9835538339888087 1K
NA20538 HG03540#1#JAGYVY010000208.1_95187_596142_0$HG02300.verkko_filt_mat.fa:haplotype1_0000028_144052837_144460586_1	0.9835293689883731 1K
NA20538 HG02818#2#JAHEOR010000010.1_31775319_32183091_1$HG03927.verkko_filt_pat.fa:haplotype2_0000800_29002142_29504057_1	0.9834835916749687 1K
NA20538 HG03540#1#JAGYVY010000208.1_95187_596142_0$HG01099.verkko_filt_mat.fa:haplotype1_0000034_142513097_142920876_1	0.9834788813404657 1K
NA20538 AV_HG01361#haplotype1#0000023:101593539$102001341$HG03927.verkko_filt_pat.fa:haplotype2_0000800_29002142_29504057_1	0.9834337748977378 1K
NA20538 HG02080#1#JAHEOW010000048.1_16689583_17097287_0$HG01099.verkko_filt_pat.fa:haplotype2_0000583_143544270_144046196_1	0.9834176926230135 1K
NA20538 AV_HG01361#haplotype1#0000023:101593539$102001341$HG01099.verkko_filt_pat.fa:haplotype2_0000583_143544270_144046196_1	0.9833939077290453 1K
NA20538 HG02080#1#JAHEOW010000048.1_16689583_17097287_0$HG03927.verkko_filt_pat.fa:haplotype2_0000800_29002142_29504057_1	0.9833857322405017 1K
NA20538 AV_HG00673#haplotype2#0001165:24014011$24421797$HG03540#2#JAGYVX010000148.1_1368955_1877115_0	0.9833592239053524 1K
NA20538 NA19240#1#JAHEOM010000047.1_30103390_30511199_1$HG03927.verkko_filt_pat.fa:haplotype2_0000800_29002142_29504057_1	0.9833235084700399 1K
NA20538 HG03927.verkko_filt_mat.fa:haplotype1_0000009_134765170_135173010_1$HG03927.verkko_filt_pat.fa:haplotype2_0000800_29002142_29504057_1	0.9832848409910234 1K
NA20538 AV_HG01361#haplotype1#0000023:101593539$102001341$HG03540#1#JAGYVY010000208.1_95187_596142_0	0.9832411327205097 1K
NA20538 HG02486#1#JAGYVM010000007.1_28868414_29370339_1$HG02300.verkko_filt_mat.fa:haplotype1_0000028_144052837_144460586_1	0.9832294003609923 1K
NA20538 HG03540#2#JAGYVX010000148.1_1368955_1877115_0$HG03516#1#JAGYYT010000012.1_24170958_24578778_1	0.9831662142629716 1K
NA20538 AV_HG00673#haplotype2#0001165:24014011$24421797$HG01099.verkko_filt_pat.fa:haplotype2_0000583_143544270_144046196_1	0.9831638470407974 1K
NA20538 HG01358#1#JAGYZB010000020.1_27445742_27855492_1$HG01099.verkko_filt_pat.fa:haplotype2_0000583_143544270_144046196_1	0.9831361292232632 1K
NA20538 NA19240#2#JAHEOL010000010.1_37445323_37853017_0$HG01099.verkko_filt_pat.fa:haplotype2_0000583_143544270_144046196_1	0.9831237252106187 1K
NA20538 HG02080#1#JAHEOW010000048.1_16689583_17097287_0$HG03540#1#JAGYVY010000208.1_95187_596142_0	0.9830997534073110 1K
NA20538 HG02486#1#JAGYVM010000007.1_28868414_29370339_1$HG01099.verkko_filt_mat.fa:haplotype1_0000034_142513097_142920876_1	0.9830408670621160 1K
NA20538 HG02486#2#JAGYVL010000029.1_94163344_94570162_0$HG03927.verkko_filt_pat.fa:haplotype2_0000800_29002142_29504057_1	0.9829873510191433 1K
NA20538 AV_HG00673#haplotype2#0001165:24014011$24421797$HG03540#1#JAGYVY010000208.1_95187_596142_0	0.9829780326783836 1K
NA20538 HG02109#1#JAHEPG010000026.1_16673035_17080816_0$HG03927.verkko_filt_pat.fa:haplotype2_0000800_29002142_29504057_1	0.9829723211279390 1K
NA20538 HG02886#1#JAHAOU010000178.1_62411_469262_0$HG03927.verkko_filt_pat.fa:haplotype2_0000800_29002142_29504057_1	0.9829346858916612 1K
NA20538 HG01258#1#JAGYYV010000004.1_56955948_57456952_1$HG02300.verkko_filt_mat.fa:haplotype1_0000028_144052837_144460586_1	0.9829229959145206 1K
NA20538 NA19240#2#JAHEOL010000010.1_37445323_37853017_0$HG03927.verkko_filt_pat.fa:haplotype2_0000800_29002142_29504057_1	0.9828250407060931 1K
NA20538 HG03540#1#JAGYVY010000208.1_95187_596142_0$NA19240#2#JAHEOL010000010.1_37445323_37853017_0	0.9828115529900446 1K
NA20538 AV_HG01361#haplotype1#0000023:101593539$102001341$HG02486#1#JAGYVM010000007.1_28868414_29370339_1	0.9828027469459476 1K
NA20538 HG01258#1#JAGYYV010000004.1_56955948_57456952_1$HG01099.verkko_filt_mat.fa:haplotype1_0000034_142513097_142920876_1	0.9827950360168768 1K
NA20538 HG01258#2#JAGYYU010000072.1_51562603_51970395_0$HG03927.verkko_filt_pat.fa:haplotype2_0000800_29002142_29504057_1	0.9827592841872789 1K
NA20538 HG02559#2#JAGYVJ010000037.1_52167780_52574597_1$HG03540#2#JAGYVX010000148.1_1368955_1877115_0	0.9827558218466413 1K
NA20538 HG03516#1#JAGYYT010000012.1_24170958_24578778_1$HG01099.verkko_filt_pat.fa:haplotype2_0000583_143544270_144046196_1	0.9826969146521907 1K
NA20538 HG01071#1#JAHBCF010000053.1_26607100_27108065_1$HG01099.verkko_filt_mat.fa:haplotype1_0000034_142513097_142920876_1	0.9826728267323082 1K
NA20538 AV_HG01106#haplotype2#0000932:16673968$17175925$HG02300.verkko_filt_mat.fa:haplotype1_0000028_144052837_144460586_1	0.9826391688942901 1K
NA20538 HG02080#1#JAHEOW010000048.1_16689583_17097287_0$HG02486#1#JAGYVM010000007.1_28868414_29370339_1	0.9826337207405209 1K
NA20538 HG002.verkko_filt_mat.fa:haplotype1_0000005_138228497_138636354_1$HG03927.verkko_filt_pat.fa:haplotype2_0000800_29002142_29504057_1	0.9826333426932230 1K
NA20538 AV_HG01175#haplotype1#0000070:46006269$46414083$HG03927.verkko_filt_pat.fa:haplotype2_0000800_29002142_29504057_1	0.9826285417395832 1K
NA20538 HG03540#1#JAGYVY010000208.1_95187_596142_0$HG01358#1#JAGYZB010000020.1_27445742_27855492_1	0.9826202474832115 1K
NA20538 HG01071#1#JAHBCF010000053.1_26607100_27108065_1$HG02300.verkko_filt_mat.fa:haplotype1_0000028_144052837_144460586_1	0.9826186221041537 1K
NA20538 HG01123#1#JAGYYZ010000015.1_51528240_51935090_0$HG03927.verkko_filt_pat.fa:haplotype2_0000800_29002142_29504057_1	0.9826082588700907 1K
NA20538 HG02809.verkko_filt_pat.fa:haplotype2_0001251_103421111_103827972_0$HG03927.verkko_filt_pat.fa:haplotype2_0000800_29002142_29504057_1	0.9825996547748085 1K
NA20538 AV_HG01106#haplotype2#0000932:16673968$17175925$HG01358#1#JAGYZB010000020.1_27445742_27855492_1	0.9825529971113488 1K
NA20538 NA18906#2#JAHEON010000009.1_93748295_94249275_0$HG02300.verkko_filt_mat.fa:haplotype1_0000028_144052837_144460586_1	0.9825485302290397 1K
NA20538 AV_HG01361#haplotype1#0000023:101593539$102001341$HG01258#1#JAGYYV010000004.1_56955948_57456952_1	0.9825456562318545 1K
NA20538 NA18906#2#JAHEON010000009.1_93748295_94249275_0$HG01099.verkko_filt_mat.fa:haplotype1_0000034_142513097_142920876_1	0.9825420608086237 1K
NA20538 HG02080#1#JAHEOW010000048.1_16689583_17097287_0$HG01258#1#JAGYYV010000004.1_56955948_57456952_1	0.9825256725398580 1K
NA20538 HG03540#2#JAGYVX010000148.1_1368955_1877115_0$HG03927.verkko_filt_mat.fa:haplotype1_0000009_134765170_135173010_1	0.9825252599515248 1K
NA20538 HG03516#1#JAGYYT010000012.1_24170958_24578778_1$HG03927.verkko_filt_pat.fa:haplotype2_0000800_29002142_29504057_1	0.9825110626005045 1K
NA20538 HG00621#2#JAHBCC010000031.1_16669999_17077865_0$HG03927.verkko_filt_pat.fa:haplotype2_0000800_29002142_29504057_1	0.9825041173282859 1K
NA20538 AV_HG01106#haplotype2#0000932:16673968$17175925$HG01099.verkko_filt_mat.fa:haplotype1_0000034_142513097_142920876_1	0.9825002192391553 1K
NA20538 HG03540#2#JAGYVX010000148.1_1368955_1877115_0$HG03516#2#JAGYYS010000004.1_24452130_24859892_1	0.9824970681282295 1K
NA20538 AV_HG01361#haplotype1#0000023:101593539$102001341$HG01071#1#JAHBCF010000053.1_26607100_27108065_1	0.9824898915173204 1K
NA20538 HG03516#1#JAGYYT010000012.1_24170958_24578778_1$HG03540#1#JAGYVY010000208.1_95187_596142_0	0.9824728613867040 1K
NA20538 HG03486#1#JAHEOQ010000123.1_16677696_17085575_0$HG03927.verkko_filt_pat.fa:haplotype2_0000800_29002142_29504057_1	0.9824615575362357 1K
NA20538 AV_HG00673#haplotype2#0001165:24014011$24421797$HG02486#1#JAGYVM010000007.1_28868414_29370339_1	0.9824510769742256 1K
NA20538 AV_HG00673#haplotype2#0001165:24014011$24421797$HG03927.verkko_filt_pat.fa:haplotype2_0000800_29002142_29504057_1	0.9824425628504305 1K
NA20538 HG02071.verkko_filt_mat.fa:haplotype1_0000041_103610513_104018399_0$HG03927.verkko_filt_pat.fa:haplotype2_0000800_29002142_29504057_1	0.9824297062515399 1K
NA20538 HG02717#2#JAHAOR010000006.1_19663827_20070693_1$HG03927.verkko_filt_pat.fa:haplotype2_0000800_29002142_29504057_1	0.9824046752916346 1K
NA20538 chr1_hg38_103456064_103863972_0$HG03927.verkko_filt_pat.fa:haplotype2_0000800_29002142_29504057_1	0.9823977866864742 1K
NA20538 chr1_hg19_103998686_104406594_0$HG03927.verkko_filt_pat.fa:haplotype2_0000800_29002142_29504057_1	0.9823977866864742 1K
NA20538 HG02109#1#JAHEPG010000026.1_16673035_17080816_0$HG03540#2#JAGYVX010000148.1_1368955_1877115_0	0.9823650049462334 1K
NA20538 HG02559#1#JAGYVK010000012.1_51505852_51913611_0$HG03540#2#JAGYVX010000148.1_1368955_1877115_0	0.9823644953079931 1K
NA20538 HG03540#2#JAGYVX010000148.1_1368955_1877115_0$HG03579#1#JAGYVU010000029.1_91404_499180_0	0.9823371158277655 1K
NA20538 AV_HG02148#haplotype2#0002863:16304803$16712699$HG03927.verkko_filt_pat.fa:haplotype2_0000800_29002142_29504057_1	0.9823239498376715 1K
NA20538 HG02486#1#JAGYVM010000007.1_28868414_29370339_1$NA19240#2#JAHEOL010000010.1_37445323_37853017_0	0.9823115748150461 1K
NA20538 HG02559#2#JAGYVJ010000037.1_52167780_52574597_1$HG03927.verkko_filt_pat.fa:haplotype2_0000800_29002142_29504057_1	0.9823105842581011 1K
NA20538 HG005#1#JAHEPO010000002.1_51519219_51926067_0$HG03927.verkko_filt_pat.fa:haplotype2_0000800_29002142_29504057_1	0.9823091405426436 1K
NA20538 AV_HG01106#haplotype2#0000932:16673968$17175925$AV_HG01361#haplotype1#0000023:101593539$102001341	0.9823060991178377 1K
NA20538 HG01978#1#JAGYVS010000002.1_51519970_52021951_0$HG02300.verkko_filt_mat.fa:haplotype1_0000028_144052837_144460586_1	0.9822531538397289 1K
NA20538 HG02300.verkko_filt_pat.fa:haplotype2_0000620_143362344_143769323_1$HG03927.verkko_filt_pat.fa:haplotype2_0000800_29002142_29504057_1	0.9822472500518930 1K
NA20538 HG03453#2#JAGYVV010000088.1_22597550_23005370_1$HG03927.verkko_filt_pat.fa:haplotype2_0000800_29002142_29504057_1	0.9822462935598596 1K
NA20538 AV_HG01361#haplotype1#0000023:101593539$102001341$NA18906#2#JAHEON010000009.1_93748295_94249275_0	0.9822274524325154 1K
NA20538 HG005#2#JAHEPN010000023.1_51542210_51950070_0$HG03927.verkko_filt_pat.fa:haplotype2_0000800_29002142_29504057_1	0.9822258978024228 1K
NA20538 HG02080#1#JAHEOW010000048.1_16689583_17097287_0$HG01071#1#JAHBCF010000053.1_26607100_27108065_1	0.9822105971599493 1K
NA20538 AV_HG01106#haplotype2#0000932:16673968$17175925$HG02080#1#JAHEOW010000048.1_16689583_17097287_0	0.9822087388602975 1K
NA20538 HG02818#2#JAHEOR010000010.1_31775319_32183091_1$HG03540#2#JAGYVX010000148.1_1368955_1877115_0	0.9821863350039168 1K
NA20538 HG02630#2#JAHAOP010000089.1_16669255_17076135_0$HG03927.verkko_filt_pat.fa:haplotype2_0000800_29002142_29504057_1	0.9821839381671941 1K
NA20538 HG02559#2#JAGYVJ010000037.1_52167780_52574597_1$HG01099.verkko_filt_pat.fa:haplotype2_0000583_143544270_144046196_1	0.9821705628474851 1K
NA20538 HG01978#1#JAGYVS010000002.1_51519970_52021951_0$HG01099.verkko_filt_mat.fa:haplotype1_0000034_142513097_142920876_1	0.9821363005178646 1K
NA20538 HG01258#1#JAGYYV010000004.1_56955948_57456952_1$NA19240#2#JAHEOL010000010.1_37445323_37853017_0	0.9821309879437271 1K
NA20538 HG02080#1#JAHEOW010000048.1_16689583_17097287_0$NA18906#2#JAHEON010000009.1_93748295_94249275_0	0.9820914351005674 1K
NA20538 HG03540#2#JAGYVX010000148.1_1368955_1877115_0$HG02717#2#JAHAOR010000006.1_19663827_20070693_1	0.9820706708283938 1K
NA20538 HG02145#2#JAHKSF010000206.1_1005292_1413195_1$HG03927.verkko_filt_pat.fa:haplotype2_0000800_29002142_29504057_1	0.9820635548898240 1K
NA20538 HG02630#1#JAHAOQ010000102.1_16672145_17079089_0$HG03927.verkko_filt_pat.fa:haplotype2_0000800_29002142_29504057_1	0.9820576123515643 1K
NA20538 AV_HG00673#haplotype2#0001165:24014011$24421797$HG01258#1#JAGYYV010000004.1_56955948_57456952_1	0.9820557502676907 1K
NA20538 HG01978#1#JAGYVS010000002.1_51519970_52021951_0$HG01358#1#JAGYZB010000020.1_27445742_27855492_1	0.9820545377235539 1K
NA20538 HG03540#2#JAGYVX010000148.1_1368955_1877115_0$HG01258#2#JAGYYU010000072.1_51562603_51970395_0	0.9820538572356835 1K
NA20538 HG01109#1#JAHEPA010000099.1_2104245_2511104_1$HG03927.verkko_filt_pat.fa:haplotype2_0000800_29002142_29504057_1	0.9820386362638628 1K
NA20538 HG01978#2#JAGYVR010000007.1_51532241_51939176_0$HG03927.verkko_filt_pat.fa:haplotype2_0000800_29002142_29504057_1	0.9820292301428448 1K
NA20538 HG00741#2#JAHALX010000013.1_51574319_51981226_0$HG03927.verkko_filt_pat.fa:haplotype2_0000800_29002142_29504057_1	0.9820241126010618 1K
NA20538 AV_HG00673#haplotype1#0000019:16627360$17129375$HG02300.verkko_filt_mat.fa:haplotype1_0000028_144052837_144460586_1	0.9820093213610511 1K
NA20538 HG03927.verkko_filt_mat.fa:haplotype1_0000009_134765170_135173010_1$HG01099.verkko_filt_pat.fa:haplotype2_0000583_143544270_144046196_1	0.9820045315734056 1K
NA20538 HG03540#2#JAGYVX010000148.1_1368955_1877115_0$HG02809.verkko_filt_pat.fa:haplotype2_0001251_103421111_103827972_0	0.9819978579190900 1K
NA20538 AV_HG00673#haplotype2#0001165:24014011$24421797$HG01071#1#JAHBCF010000053.1_26607100_27108065_1	0.9819950854329611 1K
NA20538 HG02080#2#JAHEOV010000017.1_16662177_17164189_0$HG02300.verkko_filt_mat.fa:haplotype1_0000028_144052837_144460586_1	0.9819903871330377 1K
NA20538 NA18906#1#JAHEOO010000054.1_2103477_2510435_1$HG03927.verkko_filt_pat.fa:haplotype2_0000800_29002142_29504057_1	0.9819651970830957 1K
NA20538 HG01928#1#JAGYVQ010000053.1_16676493_17083407_0$HG03927.verkko_filt_pat.fa:haplotype2_0000800_29002142_29504057_1	0.9819514463907983 1K
NA20538 HG03540#2#JAGYVX010000148.1_1368955_1877115_0$NA19240#1#JAHEOM010000047.1_30103390_30511199_1	0.9819441267612645 1K
NA20538 HG01123#1#JAGYYZ010000015.1_51528240_51935090_0$HG03540#2#JAGYVX010000148.1_1368955_1877115_0	0.9819358295928338 1K
NA20538 HG00741#1#JAHALY010000007.1_18781197_19307680_1$HG03927.verkko_filt_pat.fa:haplotype2_0000800_29002142_29504057_1	0.9819042704659403 1K
NA20538 AV_HG01361#haplotype1#0000023:101593539$102001341$HG01978#1#JAGYVS010000002.1_51519970_52021951_0	0.9818980209919860 1K
NA20538 HG03516#1#JAGYYT010000012.1_24170958_24578778_1$HG02486#1#JAGYVM010000007.1_28868414_29370339_1	0.9818892785706798 1K
NA20538 AV_HG01106#haplotype2#0000932:16673968$17175925$NA19240#2#JAHEOL010000010.1_37445323_37853017_0	0.9818861303877569 1K
NA20538 HG02004.verkko_filt_mat.fa:haplotype1_0000022_97828542_98235483_0$HG03927.verkko_filt_pat.fa:haplotype2_0000800_29002142_29504057_1	0.9818860835296807 1K
NA20538 HG02300.verkko_filt_mat.fa:haplotype1_0000028_144052837_144460586_1$HG02293.verkko_filt_pat.fa:haplotype2_0000836_148310532_148812524_1	0.9818679350595330 1K
NA20538 AV_HG00673#haplotype1#0000019:16627360$17129375$HG01099.verkko_filt_mat.fa:haplotype1_0000034_142513097_142920876_1	0.9818598348958996 1K
NA20538 HG02080#1#JAHEOW010000048.1_16689583_17097287_0$HG01978#1#JAGYVS010000002.1_51519970_52021951_0	0.9818557909107047 1K
NA20538 HG02080#2#JAHEOV010000017.1_16662177_17164189_0$HG01099.verkko_filt_mat.fa:haplotype1_0000034_142513097_142920876_1	0.9818408130394936 1K
NA20538 HG03540#1#JAGYVY010000208.1_95187_596142_0$HG03927.verkko_filt_mat.fa:haplotype1_0000009_134765170_135173010_1	0.9818187780605131 1K
NA20538 AV_HG02257#haplotype2#0001152:102843493$103251377$HG03927.verkko_filt_pat.fa:haplotype2_0000800_29002142_29504057_1	0.9818139068537776 1K
NA20538 HG03540#2#JAGYVX010000148.1_1368955_1877115_0$HG02486#2#JAGYVL010000029.1_94163344_94570162_0	0.9818098451359679 1K
NA20538 HG02717#1#JAHAOS010000015.1_16660311_17067250_0$HG03927.verkko_filt_pat.fa:haplotype2_0000800_29002142_29504057_1	0.9818024874052980 1K
NA20538 HG005#1#JAHEPO010000002.1_51519219_51926067_0$HG03540#2#JAGYVX010000148.1_1368955_1877115_0	0.9817588190308311 1K
NA20538 HG01071#1#JAHBCF010000053.1_26607100_27108065_1$NA19240#2#JAHEOL010000010.1_37445323_37853017_0	0.9817514633291414 1K
NA20538 HG01099.verkko_filt_mat.fa:haplotype1_0000034_142513097_142920876_1$HG02293.verkko_filt_pat.fa:haplotype2_0000836_148310532_148812524_1	0.9817405561745448 1K
NA20538 NA18906#2#JAHEON010000009.1_93748295_94249275_0$NA19240#2#JAHEOL010000010.1_37445323_37853017_0	0.9816998661071812 1K
NA20538 HG02818#1#JAHEOS010000101.1_89626_496613_0$HG03927.verkko_filt_pat.fa:haplotype2_0000800_29002142_29504057_1	0.9816782641958162 1K
NA20538 HG02886#1#JAHAOU010000178.1_62411_469262_0$HG03540#2#JAGYVX010000148.1_1368955_1877115_0	0.9816746879660360 1K
NA20538 AV_HG00673#haplotype2#0001165:24014011$24421797$NA18906#2#JAHEON010000009.1_93748295_94249275_0	0.9816678992933247 1K
NA20538 HG01258#1#JAGYYV010000004.1_56955948_57456952_1$HG03516#1#JAGYYT010000012.1_24170958_24578778_1	0.9816305983028910 1K
NA20538 HG02109#1#JAHEPG010000026.1_16673035_17080816_0$HG01099.verkko_filt_pat.fa:haplotype2_0000583_143544270_144046196_1	0.9816022124993428 1K
NA20538 chr1_hg38_103456064_103863972_0$HG01099.verkko_filt_pat.fa:haplotype2_0000583_143544270_144046196_1	0.9815875929614094 1K
NA20538 chr1_hg19_103998686_104406594_0$HG01099.verkko_filt_pat.fa:haplotype2_0000583_143544270_144046196_1	0.9815875929614094 1K
NA20538 AV_HG00673#haplotype2#0001165:24014011$24421797$AV_HG01106#haplotype2#0000932:16673968$17175925	0.9815793257924625 1K
NA20538 AV_HG01106#haplotype2#0000932:16673968$17175925$HG03516#1#JAGYYT010000012.1_24170958_24578778_1	0.9815784945083422 1K
NA20538 AV_HG00673#haplotype1#0000019:16627360$17129375$AV_HG01361#haplotype1#0000023:101593539$102001341	0.9815671823949244 1K
NA20538 AV_HG00673#haplotype1#0000019:16627360$17129375$HG02080#1#JAHEOW010000048.1_16689583_17097287_0	0.9815575238342469 1K
NA20538 HG01978#1#JAGYVS010000002.1_51519970_52021951_0$NA19240#2#JAHEOL010000010.1_37445323_37853017_0	0.9815388209515289 1K
NA20538 HG02080#1#JAHEOW010000048.1_16689583_17097287_0$HG02080#2#JAHEOV010000017.1_16662177_17164189_0	0.9815384390381582 1K
NA20538 AV_HG01361#haplotype1#0000023:101593539$102001341$HG02080#2#JAHEOV010000017.1_16662177_17164189_0	0.9815205194907080 1K
NA20538 HG02300.verkko_filt_mat.fa:haplotype1_0000028_144052837_144460586_1$HG02071.verkko_filt_pat.fa:haplotype2_0000736_102745972_103248026_0	0.9815136329866907 1K
NA20538 HG02622#1#JAHAOO010000002.1_16673678_17080663_0$HG03927.verkko_filt_pat.fa:haplotype2_0000800_29002142_29504057_1	0.9815114807872434 1K
NA20538 HG02080#1#JAHEOW010000048.1_16689583_17097287_0$HG02293.verkko_filt_pat.fa:haplotype2_0000836_148310532_148812524_1	0.9814987403644964 1K
NA20538 HG02809.verkko_filt_pat.fa:haplotype2_0001251_103421111_103827972_0$HG01099.verkko_filt_pat.fa:haplotype2_0000583_143544270_144046196_1	0.9814982023212955 1K
NA20538 HG02559#2#JAGYVJ010000037.1_52167780_52574597_1$HG03540#1#JAGYVY010000208.1_95187_596142_0	0.9814955999587750 1K
NA20538 HG00621#1#JAHBCD010000034.1_2122997_2624098_1$HG02300.verkko_filt_mat.fa:haplotype1_0000028_144052837_144460586_1	0.9814936366752550 1K
NA20538 AV_HG01361#haplotype1#0000023:101593539$102001341$HG02293.verkko_filt_pat.fa:haplotype2_0000836_148310532_148812524_1	0.9814700638631840 1K
NA20538 HG02109#1#JAHEPG010000026.1_16673035_17080816_0$HG03540#1#JAGYVY010000208.1_95187_596142_0	0.9814656728813405 1K
NA20538 HG02080#2#JAHEOV010000017.1_16662177_17164189_0$HG01358#1#JAGYZB010000020.1_27445742_27855492_1	0.9814557914146050 1K
NA20538 HG01071#1#JAHBCF010000053.1_26607100_27108065_1$HG03516#1#JAGYYT010000012.1_24170958_24578778_1	0.9814400937078257 1K
NA20538 HG01258#2#JAGYYU010000072.1_51562603_51970395_0$HG01099.verkko_filt_pat.fa:haplotype2_0000583_143544270_144046196_1	0.9814342000879654 1K
NA20538 HG02145#2#JAHKSF010000206.1_1005292_1413195_1$HG03540#2#JAGYVX010000148.1_1368955_1877115_0	0.9814296816892273 1K
NA20538 HG02630#1#JAHAOQ010000102.1_16672145_17079089_0$HG03540#2#JAGYVX010000148.1_1368955_1877115_0	0.9814245799823071 1K
NA20538 AV_HG00673#haplotype1#0000019:16627360$17129375$HG01358#1#JAGYZB010000020.1_27445742_27855492_1	0.9814066920103599 1K
NA20538 HG005#1#JAHEPO010000002.1_51519219_51926067_0$HG01099.verkko_filt_pat.fa:haplotype2_0000583_143544270_144046196_1	0.9814003098050613 1K
NA20538 HG03540#2#JAGYVX010000148.1_1368955_1877115_0$NA18906#1#JAHEOO010000054.1_2103477_2510435_1	0.9813948449439767 1K
NA20538 HG01099.verkko_filt_mat.fa:haplotype1_0000034_142513097_142920876_1$HG02071.verkko_filt_pat.fa:haplotype2_0000736_102745972_103248026_0	0.9813918754622974 1K
NA20538 HG00621#1#JAHBCD010000034.1_2122997_2624098_1$HG01099.verkko_filt_mat.fa:haplotype1_0000034_142513097_142920876_1	0.9813881434045379 1K
NA20538 AV_HG01175#haplotype1#0000070:46006269$46414083$HG01099.verkko_filt_pat.fa:haplotype2_0000583_143544270_144046196_1	0.9813844501108441 1K
NA20538 HG02486#1#JAGYVM010000007.1_28868414_29370339_1$HG03927.verkko_filt_mat.fa:haplotype1_0000009_134765170_135173010_1	0.9813823954558035 1K
NA20538 HG03540#2#JAGYVX010000148.1_1368955_1877115_0$HG002.verkko_filt_mat.fa:haplotype1_0000005_138228497_138636354_1	0.9813717507048767 1K
NA20538 HG04228.verkko_filt_mat.fa:haplotype1_0000023_103429213_103930285_0$HG02300.verkko_filt_mat.fa:haplotype1_0000028_144052837_144460586_1	0.9813674816400253 1K
NA20538 AV_HG01175#haplotype1#0000070:46006269$46414083$HG03540#2#JAGYVX010000148.1_1368955_1877115_0	0.9813645135513154 1K
NA20538 HG005#2#JAHEPN010000023.1_51542210_51950070_0$HG01099.verkko_filt_pat.fa:haplotype2_0000583_143544270_144046196_1	0.9813552925034504 1K
NA20538 chr1_hg38_103456064_103863972_0$HG03540#2#JAGYVX010000148.1_1368955_1877115_0	0.9813460579369534 1K
NA20538 chr1_hg19_103998686_104406594_0$HG03540#2#JAGYVX010000148.1_1368955_1877115_0	0.9813460579369534 1K
NA20538 HG03516#1#JAGYYT010000012.1_24170958_24578778_1$NA18906#2#JAHEON010000009.1_93748295_94249275_0	0.9813410959906981 1K
NA20538 HG01358#1#JAGYZB010000020.1_27445742_27855492_1$HG02293.verkko_filt_pat.fa:haplotype2_0000836_148310532_148812524_1	0.9813400518405214 1K
NA20538 chr1_hg38_103456064_103863972_0$HG03540#1#JAGYVY010000208.1_95187_596142_0	0.9813246599266912 1K
NA20538 chr1_hg19_103998686_104406594_0$HG03540#1#JAGYVY010000208.1_95187_596142_0	0.9813246599266912 1K
NA20538 HG00438#1#JAHBCB010000015.1_33474867_33954171_0$HG03927.verkko_filt_pat.fa:haplotype2_0000800_29002142_29504057_1	0.9813201043988184 1K
NA20538 HG02486#1#JAGYVM010000007.1_28868414_29370339_1$HG01358#1#JAGYZB010000020.1_27445742_27855492_1	0.9813075962720144 1K
NA20538 HG02717#2#JAHAOR010000006.1_19663827_20070693_1$HG01099.verkko_filt_pat.fa:haplotype2_0000583_143544270_144046196_1	0.9812985834068199 1K
NA20538 HG00438#1#JAHBCB010000015.1_33474867_33954171_0$HG02300.verkko_filt_mat.fa:haplotype1_0000028_144052837_144460586_1	0.9812891419674196 1K
NA20538 HG01109#2#JAHEOZ010000047.1_16671232_17151375_0$HG02300.verkko_filt_mat.fa:haplotype1_0000028_144052837_144460586_1	0.9812886086149497 1K
NA20538 HG03540#2#JAGYVX010000148.1_1368955_1877115_0$HG00741#2#JAHALX010000013.1_51574319_51981226_0	0.9812701468796875 1K
NA20538 HG01109#2#JAHEOZ010000047.1_16671232_17151375_0$HG01099.verkko_filt_mat.fa:haplotype1_0000034_142513097_142920876_1	0.9812586469531697 1K
NA20538 AV_HG00673#haplotype2#0001165:24014011$24421797$HG01978#1#JAGYVS010000002.1_51519970_52021951_0	0.9812429760878960 1K
NA20538 AV_HG00673#haplotype1#0000019:16627360$17129375$NA19240#2#JAHEOL010000010.1_37445323_37853017_0	0.9812426957935433 1K
NA20538 HG04228.verkko_filt_mat.fa:haplotype1_0000023_103429213_103930285_0$HG01099.verkko_filt_mat.fa:haplotype1_0000034_142513097_142920876_1	0.9812346793012168 1K
NA20538 HG01109#1#JAHEPA010000099.1_2104245_2511104_1$HG03540#2#JAGYVX010000148.1_1368955_1877115_0	0.9812228890728913 1K
NA20538 HG002.verkko_filt_mat.fa:haplotype1_0000005_138228497_138636354_1$HG01099.verkko_filt_pat.fa:haplotype2_0000583_143544270_144046196_1	0.9812133729842991 1K
NA20538 AV_HG01361#haplotype1#0000023:101593539$102001341$HG00621#1#JAHBCD010000034.1_2122997_2624098_1	0.9812108835635781 1K
NA20538 HG03540#2#JAGYVX010000148.1_1368955_1877115_0$HG02071.verkko_filt_mat.fa:haplotype1_0000041_103610513_104018399_0	0.9812102468120475 1K
NA20538 HG01978#1#JAGYVS010000002.1_51519970_52021951_0$HG03516#1#JAGYYT010000012.1_24170958_24578778_1	0.9811984432454787 1K
NA20538 HG02080#2#JAHEOV010000017.1_16662177_17164189_0$NA19240#2#JAHEOL010000010.1_37445323_37853017_0	0.9811903102070511 1K
NA20538 HG03540#1#JAGYVY010000208.1_95187_596142_0$HG01258#2#JAGYYU010000072.1_51562603_51970395_0	0.9811880791876768 1K
NA20538 HG01109#2#JAHEOZ010000047.1_16671232_17151375_0$HG03927.verkko_filt_pat.fa:haplotype2_0000800_29002142_29504057_1	0.9811686754763635 1K
NA20538 HG01978#2#JAGYVR010000007.1_51532241_51939176_0$HG01099.verkko_filt_pat.fa:haplotype2_0000583_143544270_144046196_1	0.9811638851025322 1K
NA20538 HG02080#1#JAHEOW010000048.1_16689583_17097287_0$HG02071.verkko_filt_pat.fa:haplotype2_0000736_102745972_103248026_0	0.9811500203699235 1K
NA20538 NA19240#2#JAHEOL010000010.1_37445323_37853017_0$HG02293.verkko_filt_pat.fa:haplotype2_0000836_148310532_148812524_1	0.9811459465456900 1K
NA20538 HG03453#2#JAGYVV010000088.1_22597550_23005370_1$HG03540#2#JAGYVX010000148.1_1368955_1877115_0	0.9811271766488108 1K
NA20538 HG02630#2#JAHAOP010000089.1_16669255_17076135_0$HG03540#2#JAGYVX010000148.1_1368955_1877115_0	0.9811245791286863 1K
NA20538 AV_HG02257#haplotype2#0001152:102843493$103251377$HG03540#2#JAGYVX010000148.1_1368955_1877115_0	0.9811217946630060 1K
NA20538 HG02071.verkko_filt_mat.fa:haplotype1_0000041_103610513_104018399_0$HG01099.verkko_filt_pat.fa:haplotype2_0000583_143544270_144046196_1	0.9811141290720002 1K
NA20538 HG02717#1#JAHAOS010000015.1_16660311_17067250_0$HG03540#2#JAGYVX010000148.1_1368955_1877115_0	0.9811113168226081 1K
NA20538 HG02080#1#JAHEOW010000048.1_16689583_17097287_0$HG00621#1#JAHBCD010000034.1_2122997_2624098_1	0.9811077213803463 1K
NA20538 HG01123#1#JAGYYZ010000015.1_51528240_51935090_0$HG01099.verkko_filt_pat.fa:haplotype2_0000583_143544270_144046196_1	0.9811018442463564 1K
NA20538 HG03540#2#JAGYVX010000148.1_1368955_1877115_0$HG02818#1#JAHEOS010000101.1_89626_496613_0	0.9810899789009416 1K
NA20538 HG00621#2#JAHBCC010000031.1_16669999_17077865_0$HG01099.verkko_filt_pat.fa:haplotype2_0000583_143544270_144046196_1	0.9810845085232943 1K
NA20538 AV_HG01361#haplotype1#0000023:101593539$102001341$HG02071.verkko_filt_pat.fa:haplotype2_0000736_102745972_103248026_0	0.9810777286252030 1K
NA20538 NA18906#2#JAHEON010000009.1_93748295_94249275_0$HG03579#1#JAGYVU010000029.1_91404_499180_0	0.9810742054489747 1K
NA20538 AV_HG01361#haplotype1#0000023:101593539$102001341$HG01109#2#JAHEOZ010000047.1_16671232_17151375_0	0.9810681387142954 1K
NA20538 HG03453#2#JAGYVV010000088.1_22597550_23005370_1$HG01099.verkko_filt_pat.fa:haplotype2_0000583_143544270_144046196_1	0.9810633486610988 1K
NA20538 AV_HG01361#haplotype1#0000023:101593539$102001341$HG04228.verkko_filt_mat.fa:haplotype1_0000023_103429213_103930285_0	0.9810630705408281 1K
NA20538 HG03540#1#JAGYVY010000208.1_95187_596142_0$HG02809.verkko_filt_pat.fa:haplotype2_0001251_103421111_103827972_0	0.9810540226943036 1K
NA20538 HG00438#1#JAHBCB010000015.1_33474867_33954171_0$HG01099.verkko_filt_mat.fa:haplotype1_0000034_142513097_142920876_1	0.9810530898570150 1K
NA20538 AV_HG01106#haplotype2#0000932:16673968$17175925$HG03516#2#JAGYYS010000004.1_24452130_24859892_1	0.9810472087869120 1K
NA20538 AV_HG02148#haplotype2#0002863:16304803$16712699$HG03540#2#JAGYVX010000148.1_1368955_1877115_0	0.9810442701174157 1K
NA20538 HG01258#1#JAGYYV010000004.1_56955948_57456952_1$HG03579#1#JAGYVU010000029.1_91404_499180_0	0.9810410178428652 1K
NA20538 NA18906#2#JAHEON010000009.1_93748295_94249275_0$HG03516#2#JAGYYS010000004.1_24452130_24859892_1	0.9810388466444299 1K
NA20538 HG03540#1#JAGYVY010000208.1_95187_596142_0$HG002.verkko_filt_mat.fa:haplotype1_0000005_138228497_138636354_1	0.9810328567506609 1K
NA20538 HG00621#2#JAHBCC010000031.1_16669999_17077865_0$HG03540#2#JAGYVX010000148.1_1368955_1877115_0	0.9810315516261613 1K
NA20538 AV_HG01106#haplotype2#0000932:16673968$17175925$HG02559#2#JAGYVJ010000037.1_52167780_52574597_1	0.9810308436119441 1K
NA20538 NA20129#2#JAHEPD010000155.1_90039_569275_0$HG02300.verkko_filt_mat.fa:haplotype1_0000028_144052837_144460586_1	0.9810273040321310 1K
NA20538 AV_HG01106#haplotype2#0000932:16673968$17175925$HG03927.verkko_filt_mat.fa:haplotype1_0000009_134765170_135173010_1	0.9810272336723387 1K
NA20538 AV_HG01106#haplotype2#0000932:16673968$17175925$HG02559#1#JAGYVK010000012.1_51505852_51913611_0	0.9810221322902667 1K
NA20538 AV_HG01106#haplotype2#0000932:16673968$17175925$HG03579#1#JAGYVU010000029.1_91404_499180_0	0.9810108864375181 1K
NA20538 NA20129#2#JAHEPD010000155.1_90039_569275_0$HG01099.verkko_filt_mat.fa:haplotype1_0000034_142513097_142920876_1	0.9809972917894968 1K
NA20538 HG01928#1#JAGYVQ010000053.1_16676493_17083407_0$HG01099.verkko_filt_pat.fa:haplotype2_0000583_143544270_144046196_1	0.9809928721348599 1K
NA20538 HG01258#1#JAGYYV010000004.1_56955948_57456952_1$HG03516#2#JAGYYS010000004.1_24452130_24859892_1	0.9809893176958434 1K
NA20538 HG00438#1#JAHBCB010000015.1_33474867_33954171_0$HG03540#2#JAGYVX010000148.1_1368955_1877115_0	0.9809887802504406 1K
NA20538 HG02559#1#JAGYVK010000012.1_51505852_51913611_0$NA18906#2#JAHEON010000009.1_93748295_94249275_0	0.9809868748624577 1K
NA20538 AV_HG01175#haplotype1#0000070:46006269$46414083$HG03540#1#JAGYVY010000208.1_95187_596142_0	0.9809843909218136 1K
NA20538 HG005#2#JAHEPN010000023.1_51542210_51950070_0$HG03540#1#JAGYVY010000208.1_95187_596142_0	0.9809608929655276 1K
NA20538 AV_HG02148#haplotype2#0002863:16304803$16712699$HG01099.verkko_filt_pat.fa:haplotype2_0000583_143544270_144046196_1	0.9809594816544001 1K
NA20538 HG02004.verkko_filt_mat.fa:haplotype1_0000022_97828542_98235483_0$HG01099.verkko_filt_pat.fa:haplotype2_0000583_143544270_144046196_1	0.9809494666973456 1K
NA20538 HG03540#2#JAGYVX010000148.1_1368955_1877115_0$HG005#2#JAHEPN010000023.1_51542210_51950070_0	0.9809484125067911 1K
NA20538 HG02622#2#JAHAON010000012.1_51551779_52031001_0$HG02300.verkko_filt_mat.fa:haplotype1_0000028_144052837_144460586_1	0.9809403306247800 1K
NA20538 HG03540#2#JAGYVX010000148.1_1368955_1877115_0$HG01978#2#JAGYVR010000007.1_51532241_51939176_0	0.9809386665972777 1K
NA20538 HG01358#1#JAGYZB010000020.1_27445742_27855492_1$HG02071.verkko_filt_pat.fa:haplotype2_0000736_102745972_103248026_0	0.9809322328688461 1K
NA20538 HG02559#1#JAGYVK010000012.1_51505852_51913611_0$HG01258#1#JAGYYV010000004.1_56955948_57456952_1	0.9809313366705774 1K
NA20538 HG01071#1#JAHBCF010000053.1_26607100_27108065_1$HG03579#1#JAGYVU010000029.1_91404_499180_0	0.9809161428855442 1K
NA20538 HG02622#2#JAHAON010000012.1_51551779_52031001_0$HG01099.verkko_filt_mat.fa:haplotype1_0000034_142513097_142920876_1	0.9809103145667245 1K
NA20538 HG02080#1#JAHEOW010000048.1_16689583_17097287_0$HG04228.verkko_filt_mat.fa:haplotype1_0000023_103429213_103930285_0	0.9808994425644715 1K
NA20538 HG00621#2#JAHBCC010000031.1_16669999_17077865_0$HG03540#1#JAGYVY010000208.1_95187_596142_0	0.9808930281450420 1K
NA20538 HG03486#1#JAHEOQ010000123.1_16677696_17085575_0$HG01099.verkko_filt_pat.fa:haplotype2_0000583_143544270_144046196_1	0.9808887372458350 1K
NA20538 HG03540#2#JAGYVX010000148.1_1368955_1877115_0$HG01109#2#JAHEOZ010000047.1_16671232_17151375_0	0.9808830686441664 1K
NA20538 HG03486#1#JAHEOQ010000123.1_16677696_17085575_0$HG03540#2#JAGYVX010000148.1_1368955_1877115_0	0.9808819578163223 1K
NA20538 AV_HG01361#haplotype1#0000023:101593539$102001341$HG00438#1#JAHBCB010000015.1_33474867_33954171_0	0.9808749650190446 1K
NA20538 AV_HG01361#haplotype1#0000023:101593539$102001341$NA20129#2#JAHEPD010000155.1_90039_569275_0	0.9808689513772577 1K
NA20538 HG01071#1#JAHBCF010000053.1_26607100_27108065_1$HG03516#2#JAGYYS010000004.1_24452130_24859892_1	0.9808588911085743 1K
NA20538 HG03540#1#JAGYVY010000208.1_95187_596142_0$HG02717#2#JAHAOR010000006.1_19663827_20070693_1	0.9808497630456621 1K
NA20538 HG02300.verkko_filt_pat.fa:haplotype2_0000620_143362344_143769323_1$HG01099.verkko_filt_pat.fa:haplotype2_0000583_143544270_144046196_1	0.9808378945740799 1K
NA20538 HG03486#2#JAHEOP010000248.1_2105565_2584784_1$HG02300.verkko_filt_mat.fa:haplotype1_0000028_144052837_144460586_1	0.9808321989120046 1K
NA20538 HG03540#1#JAGYVY010000208.1_95187_596142_0$HG02071.verkko_filt_mat.fa:haplotype1_0000041_103610513_104018399_0	0.9808293222493277 1K
NA20538 HG02080#1#JAHEOW010000048.1_16689583_17097287_0$HG00438#1#JAHBCB010000015.1_33474867_33954171_0	0.9808268373826955 1K
NA20538 HG03540#2#JAGYVX010000148.1_1368955_1877115_0$HG02300.verkko_filt_pat.fa:haplotype2_0000620_143362344_143769323_1	0.9808229359918467 1K
NA20538 NA18906#2#JAHEON010000009.1_93748295_94249275_0$HG03927.verkko_filt_mat.fa:haplotype1_0000009_134765170_135173010_1	0.9808076549895215 1K
NA20538 HG01258#1#JAGYYV010000004.1_56955948_57456952_1$HG03927.verkko_filt_mat.fa:haplotype1_0000009_134765170_135173010_1	0.9808050494820610 1K
NA20538 HG00741#1#JAHALY010000007.1_18781197_19307680_1$HG01099.verkko_filt_pat.fa:haplotype2_0000583_143544270_144046196_1	0.9808001864381793 1K
NA20538 AV_HG00673#haplotype1#0000019:16627360$17129375$AV_HG00673#haplotype2#0001165:24014011$24421797	0.9807990639707982 1K
NA20538 chr1_hg38_103456064_103863972_0$HG02486#1#JAGYVM010000007.1_28868414_29370339_1	0.9807904005622904 1K
NA20538 chr1_hg19_103998686_104406594_0$HG02486#1#JAGYVM010000007.1_28868414_29370339_1	0.9807904005622904 1K
NA20538 NA20129#2#JAHEPD010000155.1_90039_569275_0$HG03927.verkko_filt_pat.fa:haplotype2_0000800_29002142_29504057_1	0.9807897771494845 1K
NA20538 HG00621#1#JAHBCD010000034.1_2122997_2624098_1$NA19240#2#JAHEOL010000010.1_37445323_37853017_0	0.9807874300657601 1K
NA20538 HG02559#1#JAGYVK010000012.1_51505852_51913611_0$HG01071#1#JAHBCF010000053.1_26607100_27108065_1	0.9807847511457746 1K
NA20538 AV_HG01106#haplotype2#0000932:16673968$17175925$HG02818#2#JAHEOR010000010.1_31775319_32183091_1	0.9807814710409164 1K
NA20538 HG02818#2#JAHEOR010000010.1_31775319_32183091_1$NA18906#2#JAHEON010000009.1_93748295_94249275_0	0.9807808098371881 1K
NA20538 HG01109#1#JAHEPA010000099.1_2104245_2511104_1$HG01099.verkko_filt_pat.fa:haplotype2_0000583_143544270_144046196_1	0.9807794836974341 1K
NA20538 HG03453#2#JAGYVV010000088.1_22597550_23005370_1$HG03540#1#JAGYVY010000208.1_95187_596142_0	0.9807788107470825 1K
NA20538 NA19240#2#JAHEOL010000010.1_37445323_37853017_0$HG02071.verkko_filt_pat.fa:haplotype2_0000736_102745972_103248026_0	0.9807706419143887 1K
NA20538 AV_HG01361#haplotype1#0000023:101593539$102001341$HG02622#2#JAHAON010000012.1_51551779_52031001_0	0.9807631700634419 1K
NA20538 HG02622#2#JAHAON010000012.1_51551779_52031001_0$HG03927.verkko_filt_pat.fa:haplotype2_0000800_29002142_29504057_1	0.9807553563759073 1K
NA20538 AV_HG01106#haplotype2#0000932:16673968$17175925$NA19240#1#JAHEOM010000047.1_30103390_30511199_1	0.9807473698919810 1K
NA20538 HG005#1#JAHEPO010000002.1_51519219_51926067_0$HG03540#1#JAGYVY010000208.1_95187_596142_0	0.9807432640046555 1K
NA20538 AV_HG00673#haplotype2#0001165:24014011$24421797$HG02080#2#JAHEOV010000017.1_16662177_17164189_0	0.9807355496999248 1K
NA20538 AV_HG00673#haplotype2#0001165:24014011$24421797$HG02293.verkko_filt_pat.fa:haplotype2_0000836_148310532_148812524_1	0.9807299248095463 1K
NA20538 HG02818#2#JAHEOR010000010.1_31775319_32183091_1$HG01258#1#JAGYYV010000004.1_56955948_57456952_1	0.9807238961811274 1K
NA20538 HG02080#2#JAHEOV010000017.1_16662177_17164189_0$HG03516#1#JAGYYT010000012.1_24170958_24578778_1	0.9807213598167883 1K
NA20538 HG01109#2#JAHEOZ010000047.1_16671232_17151375_0$HG01358#1#JAGYZB010000020.1_27445742_27855492_1	0.9807211087085747 1K
NA20538 HG01258#1#JAGYYV010000004.1_56955948_57456952_1$HG01358#1#JAGYZB010000020.1_27445742_27855492_1	0.9807205812207495 1K
NA20538 AV_HG00673#haplotype1#0000019:16627360$17129375$HG03516#1#JAGYYT010000012.1_24170958_24578778_1	0.9807195398577430 1K
NA20538 HG02486#1#JAGYVM010000007.1_28868414_29370339_1$HG03579#1#JAGYVU010000029.1_91404_499180_0	0.9807182297221965 1K
NA20538 HG03540#2#JAGYVX010000148.1_1368955_1877115_0$HG02004.verkko_filt_mat.fa:haplotype1_0000022_97828542_98235483_0	0.9806998464170051 1K
NA20538 HG03540#2#JAGYVX010000148.1_1368955_1877115_0$HG03927.verkko_filt_pat.fa:haplotype2_0000800_29002142_29504057_1	0.9806957072347099 1K
NA20538 NA18906#2#JAHEON010000009.1_93748295_94249275_0$NA19240#1#JAHEOM010000047.1_30103390_30511199_1	0.9806863771849910 1K
NA20538 HG00438#1#JAHBCB010000015.1_33474867_33954171_0$NA19240#2#JAHEOL010000010.1_37445323_37853017_0	0.9806817113500113 1K
NA20538 HG03486#1#JAHEOQ010000123.1_16677696_17085575_0$HG03540#1#JAGYVY010000208.1_95187_596142_0	0.9806698728212522 1K
NA20538 AV_HG02148#haplotype2#0002863:16304803$16712699$HG03540#1#JAGYVY010000208.1_95187_596142_0	0.9806693296015592 1K
NA20538 HG00741#2#JAHALX010000013.1_51574319_51981226_0$HG01099.verkko_filt_pat.fa:haplotype2_0000583_143544270_144046196_1	0.9806612912821837 1K
NA20538 HG02080#1#JAHEOW010000048.1_16689583_17097287_0$HG01109#2#JAHEOZ010000047.1_16671232_17151375_0	0.9806582871977302 1K
NA20538 HG00621#1#JAHBCD010000034.1_2122997_2624098_1$HG01358#1#JAGYZB010000020.1_27445742_27855492_1	0.9806546500694177 1K
NA20538 HG00438#1#JAHBCB010000015.1_33474867_33954171_0$HG01358#1#JAGYZB010000020.1_27445742_27855492_1	0.9806484872631861 1K
NA20538 NA18906#2#JAHEON010000009.1_93748295_94249275_0$HG01358#1#JAGYZB010000020.1_27445742_27855492_1	0.9806478926314233 1K
NA20538 HG01258#1#JAGYYV010000004.1_56955948_57456952_1$NA19240#1#JAHEOM010000047.1_30103390_30511199_1	0.9806458601674747 1K
NA20538 HG02622#1#JAHAOO010000002.1_16673678_17080663_0$HG03540#2#JAGYVX010000148.1_1368955_1877115_0	0.9806419057837782 1K
NA20538 HG01071#1#JAHBCF010000053.1_26607100_27108065_1$HG03927.verkko_filt_mat.fa:haplotype1_0000009_134765170_135173010_1	0.9806321057083650 1K
NA20538 HG02486#1#JAGYVM010000007.1_28868414_29370339_1$HG03516#2#JAGYYS010000004.1_24452130_24859892_1	0.9806170768843481 1K
NA20538 HG01928#1#JAGYVQ010000053.1_16676493_17083407_0$HG03540#2#JAGYVX010000148.1_1368955_1877115_0	0.9806131873457858 1K
NA20538 HG01978#2#JAGYVR010000007.1_51532241_51939176_0$HG03540#1#JAGYVY010000208.1_95187_596142_0	0.9806101921115936 1K
NA20538 HG02622#2#JAHAON010000012.1_51551779_52031001_0$HG03540#2#JAGYVX010000148.1_1368955_1877115_0	0.9806097670902241 1K
NA20538 HG02559#1#JAGYVK010000012.1_51505852_51913611_0$HG02486#1#JAGYVM010000007.1_28868414_29370339_1	0.9806089316527180 1K
NA20538 HG03486#2#JAHEOP010000248.1_2105565_2584784_1$HG01099.verkko_filt_mat.fa:haplotype1_0000034_142513097_142920876_1	0.9806088176610895 1K
NA20538 HG01358#1#JAGYZB010000020.1_27445742_27855492_1$HG04228.verkko_filt_mat.fa:haplotype1_0000023_103429213_103930285_0	0.9806058555404126 1K
NA20538 HG01978#1#JAGYVS010000002.1_51519970_52021951_0$HG03579#1#JAGYVU010000029.1_91404_499180_0	0.9805975864713432 1K
NA20538 HG03516#1#JAGYYT010000012.1_24170958_24578778_1$HG02293.verkko_filt_pat.fa:haplotype2_0000836_148310532_148812524_1	0.9805909193509897 1K
NA20538 HG02559#2#JAGYVJ010000037.1_52167780_52574597_1$HG01978#1#JAGYVS010000002.1_51519970_52021951_0	0.9805895191386533 1K
NA20538 AV_HG01106#haplotype2#0000932:16673968$17175925$HG02109#1#JAHEPG010000026.1_16673035_17080816_0	0.9805764525655531 1K
NA20538 HG01978#1#JAGYVS010000002.1_51519970_52021951_0$HG03927.verkko_filt_mat.fa:haplotype1_0000009_134765170_135173010_1	0.9805703017870919 1K
NA20538 HG02486#2#JAGYVL010000029.1_94163344_94570162_0$HG01099.verkko_filt_pat.fa:haplotype2_0000583_143544270_144046196_1	0.9805661234231235 1K
NA20538 AV_HG00673#haplotype2#0001165:24014011$24421797$HG00438#1#JAHBCB010000015.1_33474867_33954171_0	0.9805657521941696 1K
NA20538 NA20129#2#JAHEPD010000155.1_90039_569275_0$HG03540#2#JAGYVX010000148.1_1368955_1877115_0	0.9805649888458482 1K
NA20538 AV_HG01175#haplotype1#0000070:46006269$46414083$HG02486#1#JAGYVM010000007.1_28868414_29370339_1	0.9805648844333321 1K
NA20538 HG01123#1#JAGYYZ010000015.1_51528240_51935090_0$HG03540#1#JAGYVY010000208.1_95187_596142_0	0.9805490911979288 1K
NA20538 HG01978#1#JAGYVS010000002.1_51519970_52021951_0$HG03516#2#JAGYYS010000004.1_24452130_24859892_1	0.9805458493395309 1K
NA20538 HG00741#1#JAHALY010000007.1_18781197_19307680_1$HG03540#1#JAGYVY010000208.1_95187_596142_0	0.9805314850714784 1K
NA20538 HG02486#1#JAGYVM010000007.1_28868414_29370339_1$HG002.verkko_filt_mat.fa:haplotype1_0000005_138228497_138636354_1	0.9805310792309518 1K
NA20538 HG02559#1#JAGYVK010000012.1_51505852_51913611_0$HG01978#1#JAGYVS010000002.1_51519970_52021951_0	0.9805153946945495 1K
NA20538 NA19240#2#JAHEOL010000010.1_37445323_37853017_0$HG04228.verkko_filt_mat.fa:haplotype1_0000023_103429213_103930285_0	0.9804925697468025 1K
NA20538 HG02818#2#JAHEOR010000010.1_31775319_32183091_1$HG01071#1#JAHBCF010000053.1_26607100_27108065_1	0.9804849945377514 1K
NA20538 HG02630#1#JAHAOQ010000102.1_16672145_17079089_0$HG01099.verkko_filt_pat.fa:haplotype2_0000583_143544270_144046196_1	0.9804759566929172 1K
NA20538 HG02080#1#JAHEOW010000048.1_16689583_17097287_0$NA20129#2#JAHEPD010000155.1_90039_569275_0	0.9804705155290544 1K
NA20538 AV_HG02257#haplotype2#0001152:102843493$103251377$HG01099.verkko_filt_pat.fa:haplotype2_0000583_143544270_144046196_1	0.9804701287448229 1K
NA20538 HG02145#2#JAHKSF010000206.1_1005292_1413195_1$HG01099.verkko_filt_pat.fa:haplotype2_0000583_143544270_144046196_1	0.9804670545490716 1K
NA20538 HG01071#1#JAHBCF010000053.1_26607100_27108065_1$HG01358#1#JAGYZB010000020.1_27445742_27855492_1	0.9804515144154154 1K
NA20538 HG00621#2#JAHBCC010000031.1_16669999_17077865_0$HG02486#1#JAGYVM010000007.1_28868414_29370339_1	0.9804513480874376 1K
NA20538 HG02717#1#JAHAOS010000015.1_16660311_17067250_0$HG01099.verkko_filt_pat.fa:haplotype2_0000583_143544270_144046196_1	0.9804465533305162 1K
NA20538 HG00438#1#JAHBCB010000015.1_33474867_33954171_0$HG03516#1#JAGYYT010000012.1_24170958_24578778_1	0.9804451979248867 1K
NA20538 AV_HG01106#haplotype2#0000932:16673968$17175925$HG01258#2#JAGYYU010000072.1_51562603_51970395_0	0.9804400368307188 1K
NA20538 HG03579#1#JAGYVU010000029.1_91404_499180_0$HG01099.verkko_filt_pat.fa:haplotype2_0000583_143544270_144046196_1	0.9804343688585829 1K
NA20538 HG01071#1#JAHBCF010000053.1_26607100_27108065_1$NA19240#1#JAHEOM010000047.1_30103390_30511199_1	0.9804343273307288 1K
NA20538 HG005#2#JAHEPN010000023.1_51542210_51950070_0$HG02486#1#JAGYVM010000007.1_28868414_29370339_1	0.9804311919667723 1K
NA20538 HG02559#1#JAGYVK010000012.1_51505852_51913611_0$HG01099.verkko_filt_pat.fa:haplotype2_0000583_143544270_144046196_1	0.9804293151995112 1K
NA20538 HG03540#1#JAGYVY010000208.1_95187_596142_0$HG02300.verkko_filt_pat.fa:haplotype2_0000620_143362344_143769323_1	0.9804267977941010 1K
NA20538 HG02886#1#JAHAOU010000178.1_62411_469262_0$HG01099.verkko_filt_pat.fa:haplotype2_0000583_143544270_144046196_1	0.9804097048095368 1K
NA20538 HG03540#1#JAGYVY010000208.1_95187_596142_0$HG02004.verkko_filt_mat.fa:haplotype1_0000022_97828542_98235483_0	0.9804017784100927 1K
NA20538 NA18906#1#JAHEOO010000054.1_2103477_2510435_1$HG01099.verkko_filt_pat.fa:haplotype2_0000583_143544270_144046196_1	0.9803887489445918 1K
NA20538 HG03516#2#JAGYYS010000004.1_24452130_24859892_1$HG01099.verkko_filt_pat.fa:haplotype2_0000583_143544270_144046196_1	0.9803878488127141 1K
NA20538 AV_HG01106#haplotype2#0000932:16673968$17175925$HG02486#2#JAGYVL010000029.1_94163344_94570162_0	0.9803815503501073 1K
NA20538 HG02818#2#JAHEOR010000010.1_31775319_32183091_1$HG02486#1#JAGYVM010000007.1_28868414_29370339_1	0.9803808724018035 1K
NA20538 AV_HG00673#haplotype1#0000019:16627360$17129375$HG03579#1#JAGYVU010000029.1_91404_499180_0	0.9803755726122855 1K
NA20538 AV_HG00673#haplotype2#0001165:24014011$24421797$HG01109#2#JAHEOZ010000047.1_16671232_17151375_0	0.9803728631517653 1K
NA20538 AV_HG01361#haplotype1#0000023:101593539$102001341$HG03486#2#JAHEOP010000248.1_2105565_2584784_1	0.9803683923208637 1K
NA20538 HG02080#1#JAHEOW010000048.1_16689583_17097287_0$HG02622#2#JAHAON010000012.1_51551779_52031001_0	0.9803646860699640 1K
NA20538 AV_HG00673#haplotype2#0001165:24014011$24421797$HG00621#1#JAHBCD010000034.1_2122997_2624098_1	0.9803601379445698 1K
NA20538 HG03486#2#JAHEOP010000248.1_2105565_2584784_1$HG03927.verkko_filt_pat.fa:haplotype2_0000800_29002142_29504057_1	0.9803564187478149 1K
NA20538 AV_HG00673#haplotype2#0001165:24014011$24421797$HG04228.verkko_filt_mat.fa:haplotype1_0000023_103429213_103930285_0	0.9803560165712148 1K
NA20538 HG01978#2#JAGYVR010000007.1_51532241_51939176_0$HG02486#1#JAGYVM010000007.1_28868414_29370339_1	0.9803550950131181 1K
NA20538 HG02080#1#JAHEOW010000048.1_16689583_17097287_0$HG03486#2#JAHEOP010000248.1_2105565_2584784_1	0.9803512705729244 1K
NA20538 HG02080#2#JAHEOV010000017.1_16662177_17164189_0$HG03579#1#JAGYVU010000029.1_91404_499180_0	0.9803501973286860 1K
NA20538 NA18906#2#JAHEON010000009.1_93748295_94249275_0$HG002.verkko_filt_mat.fa:haplotype1_0000005_138228497_138636354_1	0.9803487042334841 1K
NA20538 HG02145#2#JAHKSF010000206.1_1005292_1413195_1$HG03540#1#JAGYVY010000208.1_95187_596142_0	0.9803468234672816 1K
NA20538 AV_HG01106#haplotype2#0000932:16673968$17175925$HG02717#2#JAHAOR010000006.1_19663827_20070693_1	0.9803264127857234 1K
NA20538 HG02486#1#JAGYVM010000007.1_28868414_29370339_1$NA19240#1#JAHEOM010000047.1_30103390_30511199_1	0.9803247030779986 1K
NA20538 HG02486#1#JAGYVM010000007.1_28868414_29370339_1$HG02071.verkko_filt_mat.fa:haplotype1_0000041_103610513_104018399_0	0.9803162351993303 1K
NA20538 AV_HG00673#haplotype1#0000019:16627360$17129375$HG03516#2#JAGYYS010000004.1_24452130_24859892_1	0.9803127543485193 1K
NA20538 chr1_hg38_103456064_103863972_0$NA18906#2#JAHEON010000009.1_93748295_94249275_0	0.9803110172888384 1K
NA20538 chr1_hg19_103998686_104406594_0$NA18906#2#JAHEON010000009.1_93748295_94249275_0	0.9803110172888384 1K
NA20538 HG02080#2#JAHEOV010000017.1_16662177_17164189_0$HG03516#2#JAGYYS010000004.1_24452130_24859892_1	0.9803038355138998 1K
NA20538 HG02818#2#JAHEOR010000010.1_31775319_32183091_1$HG01978#1#JAGYVS010000002.1_51519970_52021951_0	0.9803025228471537 1K
NA20538 AV_HG01106#haplotype2#0000932:16673968$17175925$HG02809.verkko_filt_pat.fa:haplotype2_0001251_103421111_103827972_0	0.9802965320725123 1K
NA20538 HG00621#1#JAHBCD010000034.1_2122997_2624098_1$HG03516#1#JAGYYT010000012.1_24170958_24578778_1	0.9802807801303384 1K
NA20538 HG01928#1#JAGYVQ010000053.1_16676493_17083407_0$HG03540#1#JAGYVY010000208.1_95187_596142_0	0.9802752678682678 1K
NA20538 AV_HG01106#haplotype2#0000932:16673968$17175925$HG02886#1#JAHAOU010000178.1_62411_469262_0	0.9802736884910919 1K
NA20538 AV_HG00673#haplotype2#0001165:24014011$24421797$HG02071.verkko_filt_pat.fa:haplotype2_0000736_102745972_103248026_0	0.9802727558174714 1K
NA20538 AV_HG01106#haplotype2#0000932:16673968$17175925$HG01123#1#JAGYYZ010000015.1_51528240_51935090_0	0.9802721508325047 1K
NA20538 HG02818#2#JAHEOR010000010.1_31775319_32183091_1$HG01099.verkko_filt_pat.fa:haplotype2_0000583_143544270_144046196_1	0.9802631479401732 1K
NA20538 AV_HG02148#haplotype2#0002863:16304803$16712699$HG02486#1#JAGYVM010000007.1_28868414_29370339_1	0.9802545962867062 1K
NA20538 AV_HG01175#haplotype1#0000070:46006269$46414083$NA18906#2#JAHEON010000009.1_93748295_94249275_0	0.9802509629243740 1K
NA20538 HG01978#1#JAGYVS010000002.1_51519970_52021951_0$NA19240#1#JAHEOM010000047.1_30103390_30511199_1	0.9802464085360109 1K
NA20538 HG03453#2#JAGYVV010000088.1_22597550_23005370_1$HG02486#1#JAGYVM010000007.1_28868414_29370339_1	0.9802430957244062 1K
NA20538 HG03540#1#JAGYVY010000208.1_95187_596142_0$HG03579#1#JAGYVU010000029.1_91404_499180_0	0.9802267060986983 1K
NA20538 HG01109#2#JAHEOZ010000047.1_16671232_17151375_0$HG01099.verkko_filt_pat.fa:haplotype2_0000583_143544270_144046196_1	0.9802259372063317 1K
NA20538 HG00621#2#JAHBCC010000031.1_16669999_17077865_0$NA18906#2#JAHEON010000009.1_93748295_94249275_0	0.9802254387000977 1K
NA20538 HG00438#1#JAHBCB010000015.1_33474867_33954171_0$HG01099.verkko_filt_pat.fa:haplotype2_0000583_143544270_144046196_1	0.9802157113713397 1K
NA20538 HG03540#1#JAGYVY010000208.1_95187_596142_0$HG00741#2#JAHALX010000013.1_51574319_51981226_0	0.9802131174198485 1K
NA20538 HG02080#2#JAHEOV010000017.1_16662177_17164189_0$HG03927.verkko_filt_mat.fa:haplotype1_0000009_134765170_135173010_1	0.9802094118650198 1K
NA20538 AV_HG01106#haplotype2#0000932:16673968$17175925$HG005#1#JAHEPO010000002.1_51519219_51926067_0	0.9802086400177914 1K
NA20538 AV_HG00673#haplotype1#0000019:16627360$17129375$HG03927.verkko_filt_mat.fa:haplotype1_0000009_134765170_135173010_1	0.9802077928955797 1K
NA20538 HG02559#2#JAGYVJ010000037.1_52167780_52574597_1$HG02486#1#JAGYVM010000007.1_28868414_29370339_1	0.9802030855195375 1K
NA20538 HG03579#1#JAGYVU010000029.1_91404_499180_0$HG02293.verkko_filt_pat.fa:haplotype2_0000836_148310532_148812524_1	0.9801973317585561 1K
NA20538 AV_HG00673#haplotype1#0000019:16627360$17129375$HG02559#1#JAGYVK010000012.1_51505852_51913611_0	0.9801951911036979 1K
NA20538 HG03486#1#JAHEOQ010000123.1_16677696_17085575_0$HG02486#1#JAGYVM010000007.1_28868414_29370339_1	0.9801946428041243 1K
NA20538 NA20129#2#JAHEPD010000155.1_90039_569275_0$NA19240#2#JAHEOL010000010.1_37445323_37853017_0	0.9801934384855867 1K
NA20538 HG02559#1#JAGYVK010000012.1_51505852_51913611_0$HG02080#2#JAHEOV010000017.1_16662177_17164189_0	0.9801916023947266 1K
NA20538 HG01109#2#JAHEOZ010000047.1_16671232_17151375_0$NA19240#2#JAHEOL010000010.1_37445323_37853017_0	0.9801904567802068 1K
NA20538 AV_HG00673#haplotype2#0001165:24014011$24421797$NA20129#2#JAHEPD010000155.1_90039_569275_0	0.9801900403690860 1K
NA20538 HG03540#1#JAGYVY010000208.1_95187_596142_0$HG03516#2#JAGYYS010000004.1_24452130_24859892_1	0.9801747113482226 1K
NA20538 AV_HG02257#haplotype2#0001152:102843493$103251377$HG03540#1#JAGYVY010000208.1_95187_596142_0	0.9801741928143131 1K
NA20538 HG03516#1#JAGYYT010000012.1_24170958_24578778_1$HG02071.verkko_filt_pat.fa:haplotype2_0000736_102745972_103248026_0	0.9801680464838723 1K
NA20538 NA18906#2#JAHEON010000009.1_93748295_94249275_0$HG02071.verkko_filt_mat.fa:haplotype1_0000041_103610513_104018399_0	0.9801671199411784 1K
NA20538 HG02559#2#JAGYVJ010000037.1_52167780_52574597_1$HG02080#2#JAHEOV010000017.1_16662177_17164189_0	0.9801642134287391 1K
NA20538 HG02486#1#JAGYVM010000007.1_28868414_29370339_1$HG02004.verkko_filt_mat.fa:haplotype1_0000022_97828542_98235483_0	0.9801621905744213 1K
NA20538 HG02486#1#JAGYVM010000007.1_28868414_29370339_1$HG02300.verkko_filt_pat.fa:haplotype2_0000620_143362344_143769323_1	0.9801552654980689 1K
NA20538 HG03486#2#JAHEOP010000248.1_2105565_2584784_1$HG03540#2#JAGYVX010000148.1_1368955_1877115_0	0.9801503023969547 1K
NA20538 NA20129#2#JAHEPD010000155.1_90039_569275_0$HG03516#1#JAGYYT010000012.1_24170958_24578778_1	0.9801428007438978 1K
NA20538 HG02818#1#JAHEOS010000101.1_89626_496613_0$HG01099.verkko_filt_pat.fa:haplotype2_0000583_143544270_144046196_1	0.9801424080578478 1K
NA20538 HG01109#1#JAHEPA010000099.1_2104245_2511104_1$HG03540#1#JAGYVY010000208.1_95187_596142_0	0.9801398473458770 1K
NA20538 HG03516#2#JAGYYS010000004.1_24452130_24859892_1$HG02293.verkko_filt_pat.fa:haplotype2_0000836_148310532_148812524_1	0.9801290061366630 1K
NA20538 HG02630#2#JAHAOP010000089.1_16669255_17076135_0$HG01099.verkko_filt_pat.fa:haplotype2_0000583_143544270_144046196_1	0.9801274122503828 1K
NA20538 AV_HG00673#haplotype2#0001165:24014011$24421797$HG02622#2#JAHAON010000012.1_51551779_52031001_0	0.9801091847125678 1K
NA20538 HG01928#1#JAGYVQ010000053.1_16676493_17083407_0$HG02486#1#JAGYVM010000007.1_28868414_29370339_1	0.9801013360642983 1K
NA20538 HG02622#2#JAHAON010000012.1_51551779_52031001_0$NA19240#2#JAHEOL010000010.1_37445323_37853017_0	0.9800875688108308 1K
NA20538 HG02559#1#JAGYVK010000012.1_51505852_51913611_0$HG03540#1#JAGYVY010000208.1_95187_596142_0	0.9800853289332473 1K
NA20538 NA19240#1#JAHEOM010000047.1_30103390_30511199_1$HG01099.verkko_filt_pat.fa:haplotype2_0000583_143544270_144046196_1	0.9800816005766599 1K
NA20538 AV_HG00673#haplotype1#0000019:16627360$17129375$HG02559#2#JAGYVJ010000037.1_52167780_52574597_1	0.9800740489499555 1K
NA20538 HG01978#1#JAGYVS010000002.1_51519970_52021951_0$HG02109#1#JAHEPG010000026.1_16673035_17080816_0	0.9800637573202891 1K
NA20538 HG03927.verkko_filt_mat.fa:haplotype1_0000009_134765170_135173010_1$HG02293.verkko_filt_pat.fa:haplotype2_0000836_148310532_148812524_1	0.9800630329732258 1K
NA20538 HG03453#2#JAGYVV010000088.1_22597550_23005370_1$NA18906#2#JAHEON010000009.1_93748295_94249275_0	0.9800622546219926 1K
NA20538 HG02622#2#JAHAON010000012.1_51551779_52031001_0$HG01099.verkko_filt_pat.fa:haplotype2_0000583_143544270_144046196_1	0.9800605423972095 1K
NA20538 HG02559#1#JAGYVK010000012.1_51505852_51913611_0$HG02293.verkko_filt_pat.fa:haplotype2_0000836_148310532_148812524_1	0.9800554584492013 1K
NA20538 HG02622#2#JAHAON010000012.1_51551779_52031001_0$HG03516#1#JAGYYT010000012.1_24170958_24578778_1	0.9800493824578229 1K
NA20538 HG005#2#JAHEPN010000023.1_51542210_51950070_0$NA18906#2#JAHEON010000009.1_93748295_94249275_0	0.9800303929649121 1K
NA20538 HG02559#2#JAGYVJ010000037.1_52167780_52574597_1$HG02293.verkko_filt_pat.fa:haplotype2_0000836_148310532_148812524_1	0.9800268697612879 1K
NA20538 HG00741#1#JAHALY010000007.1_18781197_19307680_1$HG01258#1#JAGYYV010000004.1_56955948_57456952_1	0.9800244318918820 1K
NA20538 HG03486#1#JAHEOQ010000123.1_16677696_17085575_0$NA18906#2#JAHEON010000009.1_93748295_94249275_0	0.9800243273553823 1K
NA20538 HG00741#1#JAHALY010000007.1_18781197_19307680_1$HG02486#1#JAGYVM010000007.1_28868414_29370339_1	0.9800213096235844 1K
NA20538 HG03540#1#JAGYVY010000208.1_95187_596142_0$HG02486#2#JAGYVL010000029.1_94163344_94570162_0	0.9800072249450706 1K
NA20538 HG01978#1#JAGYVS010000002.1_51519970_52021951_0$HG01258#2#JAGYYU010000072.1_51562603_51970395_0	0.9800047475364096 1K
NA20538 HG02818#2#JAHEOR010000010.1_31775319_32183091_1$HG02080#2#JAHEOV010000017.1_16662177_17164189_0	0.9799965345467812 1K
NA20538 HG02630#1#JAHAOQ010000102.1_16672145_17079089_0$HG03540#1#JAGYVY010000208.1_95187_596142_0	0.9799818525486301 1K
NA20538 HG03516#1#JAGYYT010000012.1_24170958_24578778_1$HG04228.verkko_filt_mat.fa:haplotype1_0000023_103429213_103930285_0	0.9799772335261396 1K
NA20538 HG03453#1#JAGYVW010000157.1_2105722_2585000_1$HG03927.verkko_filt_pat.fa:haplotype2_0000800_29002142_29504057_1	0.9799768188274812 1K
NA20538 HG01109#2#JAHEOZ010000047.1_16671232_17151375_0$HG03516#1#JAGYYT010000012.1_24170958_24578778_1	0.9799686986329522 1K
NA20538 AV_HG00673#haplotype1#0000019:16627360$17129375$HG02818#2#JAHEOR010000010.1_31775319_32183091_1	0.9799621350776569 1K
NA20538 NA20129#2#JAHEPD010000155.1_90039_569275_0$HG01099.verkko_filt_pat.fa:haplotype2_0000583_143544270_144046196_1	0.9799464710340925 1K
NA20538 HG00438#1#JAHBCB010000015.1_33474867_33954171_0$HG03579#1#JAGYVU010000029.1_91404_499180_0	0.9799447676275578 1K
NA20538 HG01123#1#JAGYYZ010000015.1_51528240_51935090_0$HG01978#1#JAGYVS010000002.1_51519970_52021951_0	0.9799411559922272 1K
NA20538 HG02886#1#JAHAOU010000178.1_62411_469262_0$HG03540#1#JAGYVY010000208.1_95187_596142_0	0.9799331896160435 1K
NA20538 NA18906#1#JAHEOO010000054.1_2103477_2510435_1$HG03540#1#JAGYVY010000208.1_95187_596142_0	0.9799330142250443 1K
NA20538 AV_HG02148#haplotype2#0002863:16304803$16712699$NA18906#2#JAHEON010000009.1_93748295_94249275_0	0.9799305870861725 1K
NA20538 HG00438#1#JAHBCB010000015.1_33474867_33954171_0$HG03516#2#JAGYYS010000004.1_24452130_24859892_1	0.9799158449099081 1K
NA20538 HG01109#2#JAHEOZ010000047.1_16671232_17151375_0$HG03540#1#JAGYVY010000208.1_95187_596142_0	0.9799155830955396 1K
NA20538 HG01978#1#JAGYVS010000002.1_51519970_52021951_0$HG02717#2#JAHAOR010000006.1_19663827_20070693_1	0.9799129919862644 1K
NA20538 HG01978#1#JAGYVS010000002.1_51519970_52021951_0$HG02486#2#JAGYVL010000029.1_94163344_94570162_0	0.9799013412243561 1K
NA20538 HG02080#2#JAHEOV010000017.1_16662177_17164189_0$NA19240#1#JAHEOM010000047.1_30103390_30511199_1	0.9798965649436687 1K
NA20538 HG00621#1#JAHBCD010000034.1_2122997_2624098_1$HG03579#1#JAGYVU010000029.1_91404_499180_0	0.9798872715369147 1K
NA20538 HG02559#1#JAGYVK010000012.1_51505852_51913611_0$HG00438#1#JAHBCB010000015.1_33474867_33954171_0	0.9798865933020255 1K
NA20538 HG02622#1#JAHAOO010000002.1_16673678_17080663_0$HG01099.verkko_filt_pat.fa:haplotype2_0000583_143544270_144046196_1	0.9798626337240600 1K
NA20538 AV_HG00673#haplotype1#0000019:16627360$17129375$NA19240#1#JAHEOM010000047.1_30103390_30511199_1	0.9798621825398347 1K
NA20538 HG02717#1#JAHAOS010000015.1_16660311_17067250_0$HG03540#1#JAGYVY010000208.1_95187_596142_0	0.9798479629834247 1K
NA20538 HG03516#2#JAGYYS010000004.1_24452130_24859892_1$HG02071.verkko_filt_pat.fa:haplotype2_0000736_102745972_103248026_0	0.9798366139782149 1K
NA20538 HG00621#1#JAHBCD010000034.1_2122997_2624098_1$HG03516#2#JAGYYS010000004.1_24452130_24859892_1	0.9798353712991820 1K
NA20538 AV_HG01106#haplotype2#0000932:16673968$17175925$HG00741#1#JAHALY010000007.1_18781197_19307680_1	0.9798352033057900 1K
NA20538 HG00621#1#JAHBCD010000034.1_2122997_2624098_1$HG03927.verkko_filt_mat.fa:haplotype1_0000009_134765170_135173010_1	0.9798235563353482 1K
NA20538 HG00741#1#JAHALY010000007.1_18781197_19307680_1$HG01071#1#JAHBCF010000053.1_26607100_27108065_1	0.9798146969118076 1K
NA20538 HG02818#2#JAHEOR010000010.1_31775319_32183091_1$HG02293.verkko_filt_pat.fa:haplotype2_0000836_148310532_148812524_1	0.9798119473072977 1K
NA20538 HG02818#2#JAHEOR010000010.1_31775319_32183091_1$HG03540#1#JAGYVY010000208.1_95187_596142_0	0.9798105260840542 1K
NA20538 HG02622#2#JAHAON010000012.1_51551779_52031001_0$HG03516#2#JAGYYS010000004.1_24452130_24859892_1	0.9798076349487220 1K
NA20538 HG01978#1#JAGYVS010000002.1_51519970_52021951_0$HG02809.verkko_filt_pat.fa:haplotype2_0001251_103421111_103827972_0	0.9798001190260187 1K
NA20538 AV_HG00673#haplotype1#0000019:16627360$17129375$HG02486#2#JAGYVL010000029.1_94163344_94570162_0	0.9797978160226453 1K
NA20538 HG03540#1#JAGYVY010000208.1_95187_596142_0$NA19240#1#JAHEOM010000047.1_30103390_30511199_1	0.9797977639541589 1K
NA20538 NA20129#2#JAHEPD010000155.1_90039_569275_0$HG03516#2#JAGYYS010000004.1_24452130_24859892_1	0.9797948443722143 1K
NA20538 HG00741#1#JAHALY010000007.1_18781197_19307680_1$NA18906#2#JAHEON010000009.1_93748295_94249275_0	0.9797940203335562 1K
NA20538 AV_HG00673#haplotype1#0000019:16627360$17129375$HG02109#1#JAHEPG010000026.1_16673035_17080816_0	0.9797918882467891 1K
NA20538 HG01358#1#JAGYZB010000020.1_27445742_27855492_1$HG02300.verkko_filt_mat.fa:haplotype1_0000028_144052837_144460586_1	0.9797811042412473 1K
NA20538 HG02080#2#JAHEOV010000017.1_16662177_17164189_0$HG02486#2#JAGYVL010000029.1_94163344_94570162_0	0.9797783600027575 1K
NA20538 HG00621#1#JAHBCD010000034.1_2122997_2624098_1$HG02559#1#JAGYVK010000012.1_51505852_51913611_0	0.9797780730715896 1K
NA20538 HG03453#1#JAGYVW010000157.1_2105722_2585000_1$HG01099.verkko_filt_mat.fa:haplotype1_0000034_142513097_142920876_1	0.9797642724582212 1K
NA20538 AV_HG01106#haplotype2#0000932:16673968$17175925$HG00741#2#JAHALX010000013.1_51574319_51981226_0	0.9797635006128905 1K
NA20538 HG03579#1#JAGYVU010000029.1_91404_499180_0$HG02071.verkko_filt_pat.fa:haplotype2_0000736_102745972_103248026_0	0.9797628960795819 1K
NA20538 HG02559#1#JAGYVK010000012.1_51505852_51913611_0$HG02622#2#JAHAON010000012.1_51551779_52031001_0	0.9797592010611262 1K
NA20538 HG00438#1#JAHBCB010000015.1_33474867_33954171_0$HG03540#1#JAGYVY010000208.1_95187_596142_0	0.9797570437068708 1K
NA20538 HG02622#2#JAHAON010000012.1_51551779_52031001_0$HG03579#1#JAGYVU010000029.1_91404_499180_0	0.9797489239157223 1K
NA20538 HG005#1#JAHEPO010000002.1_51519219_51926067_0$HG01978#1#JAGYVS010000002.1_51519970_52021951_0	0.9797457657250930 1K
NA20538 HG03453#1#JAGYVW010000157.1_2105722_2585000_1$HG02300.verkko_filt_mat.fa:haplotype1_0000028_144052837_144460586_1	0.9797444651400773 1K
NA20538 HG02559#2#JAGYVJ010000037.1_52167780_52574597_1$HG00438#1#JAHBCB010000015.1_33474867_33954171_0	0.9797437111632599 1K
NA20538 HG02818#2#JAHEOR010000010.1_31775319_32183091_1$HG00438#1#JAHBCB010000015.1_33474867_33954171_0	0.9797427196247146 1K
NA20538 HG02559#1#JAGYVK010000012.1_51505852_51913611_0$NA20129#2#JAHEPD010000155.1_90039_569275_0	0.9797402453088606 1K
NA20538 HG03486#2#JAHEOP010000248.1_2105565_2584784_1$NA19240#2#JAHEOL010000010.1_37445323_37853017_0	0.9797397876843860 1K
NA20538 HG02886#1#JAHAOU010000178.1_62411_469262_0$HG01978#1#JAGYVS010000002.1_51519970_52021951_0	0.9797329282387190 1K
NA20538 HG02559#1#JAGYVK010000012.1_51505852_51913611_0$HG02071.verkko_filt_pat.fa:haplotype2_0000736_102745972_103248026_0	0.9797305055990077 1K
NA20538 HG03927.verkko_filt_mat.fa:haplotype1_0000009_134765170_135173010_1$HG02071.verkko_filt_pat.fa:haplotype2_0000736_102745972_103248026_0	0.9797168406398785 1K
NA20538 HG03453#1#JAGYVW010000157.1_2105722_2585000_1$HG03540#2#JAGYVX010000148.1_1368955_1877115_0	0.9797048525209787 1K
NA20538 NA20129#2#JAHEPD010000155.1_90039_569275_0$HG03579#1#JAGYVU010000029.1_91404_499180_0	0.9796987532084609 1K
NA20538 HG02080#2#JAHEOV010000017.1_16662177_17164189_0$HG02109#1#JAHEPG010000026.1_16673035_17080816_0	0.9796952204223246 1K
NA20538 HG02109#1#JAHEPG010000026.1_16673035_17080816_0$HG02486#1#JAGYVM010000007.1_28868414_29370339_1	0.9796907278256932 1K
NA20538 HG02109#1#JAHEPG010000026.1_16673035_17080816_0$HG02293.verkko_filt_pat.fa:haplotype2_0000836_148310532_148812524_1	0.9796901501100856 1K
NA20538 HG02630#2#JAHAOP010000089.1_16669255_17076135_0$HG03540#1#JAGYVY010000208.1_95187_596142_0	0.9796851779731062 1K
NA20538 HG00438#1#JAHBCB010000015.1_33474867_33954171_0$NA19240#1#JAHEOM010000047.1_30103390_30511199_1	0.9796833060228606 1K
NA20538 NA19240#1#JAHEOM010000047.1_30103390_30511199_1$HG02293.verkko_filt_pat.fa:haplotype2_0000836_148310532_148812524_1	0.9796792468877334 1K
NA20538 HG03540#1#JAGYVY010000208.1_95187_596142_0$HG02818#1#JAHEOS010000101.1_89626_496613_0	0.9796710702064992 1K
NA20538 AV_HG00673#haplotype1#0000019:16627360$17129375$HG01258#2#JAGYYU010000072.1_51562603_51970395_0	0.9796580639344988 1K
NA20538 HG02486#1#JAGYVM010000007.1_28868414_29370339_1$HG02809.verkko_filt_pat.fa:haplotype2_0001251_103421111_103827972_0	0.9796568505054666 1K
NA20538 NA18906#2#JAHEON010000009.1_93748295_94249275_0$HG02300.verkko_filt_pat.fa:haplotype2_0000620_143362344_143769323_1	0.9796492721446419 1K
NA20538 AV_HG00673#haplotype1#0000019:16627360$17129375$HG02717#2#JAHAOR010000006.1_19663827_20070693_1	0.9796479427811559 1K
NA20538 HG02486#2#JAGYVL010000029.1_94163344_94570162_0$HG02293.verkko_filt_pat.fa:haplotype2_0000836_148310532_148812524_1	0.9796459985452656 1K
NA20538 HG02080#2#JAHEOV010000017.1_16662177_17164189_0$HG01123#1#JAGYYZ010000015.1_51528240_51935090_0	0.9796337162081047 1K
NA20538 HG02080#2#JAHEOV010000017.1_16662177_17164189_0$HG02717#2#JAHAOR010000006.1_19663827_20070693_1	0.9796333326947103 1K
NA20538 HG01099.verkko_filt_pat.fa:haplotype2_0000583_143544270_144046196_1$HG03927.verkko_filt_pat.fa:haplotype2_0000800_29002142_29504057_1	0.9796306975189074 1K
NA20538 HG00438#1#JAHBCB010000015.1_33474867_33954171_0$HG02486#1#JAGYVM010000007.1_28868414_29370339_1	0.9796304164664115 1K
NA20538 AV_HG00673#haplotype1#0000019:16627360$17129375$HG02886#1#JAHAOU010000178.1_62411_469262_0	0.9796300552713662 1K
NA20538 AV_HG00673#haplotype2#0001165:24014011$24421797$HG03486#2#JAHEOP010000248.1_2105565_2584784_1	0.9796234280278233 1K
NA20538 HG01258#1#JAGYYV010000004.1_56955948_57456952_1$HG02109#1#JAHEPG010000026.1_16673035_17080816_0	0.9796226545035241 1K
NA20538 HG02080#2#JAHEOV010000017.1_16662177_17164189_0$HG01258#2#JAGYYU010000072.1_51562603_51970395_0	0.9796214315097047 1K
NA20538 HG01109#2#JAHEOZ010000047.1_16671232_17151375_0$HG03516#2#JAGYYS010000004.1_24452130_24859892_1	0.9796184430455543 1K
NA20538 HG03486#2#JAHEOP010000248.1_2105565_2584784_1$HG01099.verkko_filt_pat.fa:haplotype2_0000583_143544270_144046196_1	0.9796091862826382 1K
NA20538 HG01978#2#JAGYVR010000007.1_51532241_51939176_0$NA18906#2#JAHEON010000009.1_93748295_94249275_0	0.9796082147087615 1K
NA20538 HG02080#2#JAHEOV010000017.1_16662177_17164189_0$HG02886#1#JAHAOU010000178.1_62411_469262_0	0.9796049723342641 1K
NA20538 HG02559#2#JAGYVJ010000037.1_52167780_52574597_1$HG02071.verkko_filt_pat.fa:haplotype2_0000736_102745972_103248026_0	0.9796023630893262 1K
NA20538 HG02486#1#JAGYVM010000007.1_28868414_29370339_1$HG01258#2#JAGYYU010000072.1_51562603_51970395_0	0.9796010394393793 1K
NA20538 AV_HG01106#haplotype2#0000932:16673968$17175925$HG02630#2#JAHAOP010000089.1_16669255_17076135_0	0.9796001219906201 1K
NA20538 HG02622#2#JAHAON010000012.1_51551779_52031001_0$HG03540#1#JAGYVY010000208.1_95187_596142_0	0.9795922442519427 1K
NA20538 HG02818#2#JAHEOR010000010.1_31775319_32183091_1$HG02622#2#JAHAON010000012.1_51551779_52031001_0	0.9795829800396531 1K
NA20538 AV_HG00673#haplotype1#0000019:16627360$17129375$HG01123#1#JAGYYZ010000015.1_51528240_51935090_0	0.9795825459770131 1K
NA20538 HG03516#2#JAGYYS010000004.1_24452130_24859892_1$HG04228.verkko_filt_mat.fa:haplotype1_0000023_103429213_103930285_0	0.9795747468983865 1K
NA20538 HG02818#2#JAHEOR010000010.1_31775319_32183091_1$NA20129#2#JAHEPD010000155.1_90039_569275_0	0.9795579935194038 1K
NA20538 HG02486#1#JAGYVM010000007.1_28868414_29370339_1$HG02717#2#JAHAOR010000006.1_19663827_20070693_1	0.9795524995625330 1K
NA20538 HG03579#1#JAGYVU010000029.1_91404_499180_0$HG04228.verkko_filt_mat.fa:haplotype1_0000023_103429213_103930285_0	0.9795392697707969 1K
NA20538 HG02622#2#JAHAON010000012.1_51551779_52031001_0$NA19240#1#JAHEOM010000047.1_30103390_30511199_1	0.9795236234068189 1K
NA20538 AV_HG00673#haplotype1#0000019:16627360$17129375$HG02809.verkko_filt_pat.fa:haplotype2_0001251_103421111_103827972_0	0.9795222888083187 1K
NA20538 HG01109#2#JAHEOZ010000047.1_16671232_17151375_0$HG03579#1#JAGYVU010000029.1_91404_499180_0	0.9795171019596833 1K
NA20538 NA20129#2#JAHEPD010000155.1_90039_569275_0$NA19240#1#JAHEOM010000047.1_30103390_30511199_1	0.9795110916379991 1K
NA20538 HG01258#2#JAGYYU010000072.1_51562603_51970395_0$HG02293.verkko_filt_pat.fa:haplotype2_0000836_148310532_148812524_1	0.9795076382227516 1K
NA20538 NA20129#2#JAHEPD010000155.1_90039_569275_0$HG03540#1#JAGYVY010000208.1_95187_596142_0	0.9795045869066393 1K
NA20538 HG005#1#JAHEPO010000002.1_51519219_51926067_0$HG02486#1#JAGYVM010000007.1_28868414_29370339_1	0.9795006918540178 1K
NA20538 HG01109#2#JAHEOZ010000047.1_16671232_17151375_0$HG02486#1#JAGYVM010000007.1_28868414_29370339_1	0.9794920550023820 1K
NA20538 HG04228.verkko_filt_mat.fa:haplotype1_0000023_103429213_103930285_0$HG03927.verkko_filt_mat.fa:haplotype1_0000009_134765170_135173010_1	0.9794876928819941 1K
NA20538 HG02559#1#JAGYVK010000012.1_51505852_51913611_0$HG01109#2#JAHEOZ010000047.1_16671232_17151375_0	0.9794839752644845 1K
NA20538 NA18906#2#JAHEON010000009.1_93748295_94249275_0$HG02004.verkko_filt_mat.fa:haplotype1_0000022_97828542_98235483_0	0.9794825192358766 1K
NA20538 HG01358#1#JAGYZB010000020.1_27445742_27855492_1$HG01099.verkko_filt_mat.fa:haplotype1_0000034_142513097_142920876_1	0.9794758461879611 1K
NA20538 HG02818#2#JAHEOR010000010.1_31775319_32183091_1$HG02071.verkko_filt_pat.fa:haplotype2_0000736_102745972_103248026_0	0.9794712228148414 1K
NA20538 HG02886#1#JAHAOU010000178.1_62411_469262_0$HG02293.verkko_filt_pat.fa:haplotype2_0000836_148310532_148812524_1	0.9794674752960865 1K
NA20538 HG02080#2#JAHEOV010000017.1_16662177_17164189_0$HG02809.verkko_filt_pat.fa:haplotype2_0001251_103421111_103827972_0	0.9794640445531928 1K
NA20538 HG02559#1#JAGYVK010000012.1_51505852_51913611_0$HG04228.verkko_filt_mat.fa:haplotype1_0000023_103429213_103930285_0	0.9794631530591007 1K
NA20538 HG00741#1#JAHALY010000007.1_18781197_19307680_1$HG01978#1#JAGYVS010000002.1_51519970_52021951_0	0.9794593234365369 1K
NA20538 AV_HG01361#haplotype1#0000023:101593539$102001341$HG03453#1#JAGYVW010000157.1_2105722_2585000_1	0.9794557966115348 1K
NA20538 HG00438#1#JAHBCB010000015.1_33474867_33954171_0$HG02109#1#JAHEPG010000026.1_16673035_17080816_0	0.9794452843449809 1K
NA20538 NA20129#2#JAHEPD010000155.1_90039_569275_0$HG03927.verkko_filt_mat.fa:haplotype1_0000009_134765170_135173010_1	0.9794435614349059 1K
NA20538 AV_HG01106#haplotype2#0000932:16673968$17175925$HG00438#1#JAHBCB010000015.1_33474867_33954171_0	0.9794426533670293 1K
NA20538 HG02717#2#JAHAOR010000006.1_19663827_20070693_1$HG02293.verkko_filt_pat.fa:haplotype2_0000836_148310532_148812524_1	0.9794425968450529 1K
NA20538 HG00621#1#JAHBCD010000034.1_2122997_2624098_1$HG02818#2#JAHEOR010000010.1_31775319_32183091_1	0.9794356671504231 1K
NA20538 HG01123#1#JAGYYZ010000015.1_51528240_51935090_0$HG02293.verkko_filt_pat.fa:haplotype2_0000836_148310532_148812524_1	0.9794099794312234 1K
NA20538 HG02622#2#JAHAON010000012.1_51551779_52031001_0$HG03927.verkko_filt_mat.fa:haplotype1_0000009_134765170_135173010_1	0.9794060915808452 1K
NA20538 HG01109#2#JAHEOZ010000047.1_16671232_17151375_0$HG03927.verkko_filt_mat.fa:haplotype1_0000009_134765170_135173010_1	0.9793956440242629 1K
NA20538 HG00621#1#JAHBCD010000034.1_2122997_2624098_1$HG02109#1#JAHEPG010000026.1_16673035_17080816_0	0.9793910035309865 1K
NA20538 HG01071#1#JAHBCF010000053.1_26607100_27108065_1$HG02109#1#JAHEPG010000026.1_16673035_17080816_0	0.9793895575640381 1K
NA20538 HG03540#2#JAGYVX010000148.1_1368955_1877115_0$HG01099.verkko_filt_pat.fa:haplotype2_0000583_143544270_144046196_1	0.9793865681895233 1K
NA20538 HG01978#1#JAGYVS010000002.1_51519970_52021951_0$HG00741#2#JAHALX010000013.1_51574319_51981226_0	0.9793832222755802 1K
NA20538 HG00621#1#JAHBCD010000034.1_2122997_2624098_1$HG02559#2#JAGYVJ010000037.1_52167780_52574597_1	0.9793769670241641 1K
NA20538 HG00621#1#JAHBCD010000034.1_2122997_2624098_1$NA19240#1#JAHEOM010000047.1_30103390_30511199_1	0.9793739381429919 1K
NA20538 AV_HG01106#haplotype2#0000932:16673968$17175925$HG01109#2#JAHEOZ010000047.1_16671232_17151375_0	0.9793735823112012 1K
NA20538 HG01928#1#JAGYVQ010000053.1_16676493_17083407_0$NA18906#2#JAHEON010000009.1_93748295_94249275_0	0.9793560550065235 1K
NA20538 HG02293.verkko_filt_pat.fa:haplotype2_0000836_148310532_148812524_1$HG02809.verkko_filt_pat.fa:haplotype2_0001251_103421111_103827972_0	0.9793546641119815 1K
NA20538 HG01123#1#JAGYYZ010000015.1_51528240_51935090_0$HG02486#1#JAGYVM010000007.1_28868414_29370339_1	0.9793502884595121 1K
NA20538 HG02622#1#JAHAOO010000002.1_16673678_17080663_0$HG03540#1#JAGYVY010000208.1_95187_596142_0	0.9793430385554834 1K
NA20538 HG03540#1#JAGYVY010000208.1_95187_596142_0$HG03927.verkko_filt_pat.fa:haplotype2_0000800_29002142_29504057_1	0.9793407111271016 1K
NA20538 HG02080#1#JAHEOW010000048.1_16689583_17097287_0$HG03453#1#JAGYVW010000157.1_2105722_2585000_1	0.9793262303459992 1K
NA20538 HG03492#1#JAHEPI010000180.1_2103395_2543326_1$HG03927.verkko_filt_pat.fa:haplotype2_0000800_29002142_29504057_1	0.9793229787902827 1K
NA20538 HG02109#1#JAHEPG010000026.1_16673035_17080816_0$HG02071.verkko_filt_pat.fa:haplotype2_0000736_102745972_103248026_0	0.9792935267838310 1K
NA20538 NA19240#1#JAHEOM010000047.1_30103390_30511199_1$HG02071.verkko_filt_pat.fa:haplotype2_0000736_102745972_103248026_0	0.9792676818722210 1K
NA20538 HG005#1#JAHEPO010000002.1_51519219_51926067_0$HG02080#2#JAHEOV010000017.1_16662177_17164189_0	0.9792638632154349 1K
NA20538 AV_HG01361#haplotype1#0000023:101593539$102001341$HG01358#1#JAGYZB010000020.1_27445742_27855492_1	0.9792556792262733 1K
NA20538 AV_HG00673#haplotype1#0000019:16627360$17129375$HG005#1#JAHEPO010000002.1_51519219_51926067_0	0.9792513407421257 1K
NA20538 HG00621#1#JAHBCD010000034.1_2122997_2624098_1$HG01258#2#JAGYYU010000072.1_51562603_51970395_0	0.9792462408904873 1K
NA20538 HG01258#1#JAGYYV010000004.1_56955948_57456952_1$HG01109#2#JAHEOZ010000047.1_16671232_17151375_0	0.9792398158689504 1K
NA20538 HG02818#2#JAHEOR010000010.1_31775319_32183091_1$HG01109#2#JAHEOZ010000047.1_16671232_17151375_0	0.9792357342268260 1K
NA20538 HG02486#2#JAGYVL010000029.1_94163344_94570162_0$HG02071.verkko_filt_pat.fa:haplotype2_0000736_102745972_103248026_0	0.9792263320372145 1K
NA20538 chr1_hg19_103998686_104406594_0$HG00438#1#JAHBCB010000015.1_33474867_33954171_0	0.9792175441813349 1K
NA20538 HG00438#1#JAHBCB010000015.1_33474867_33954171_0$chr1_hg38_103456064_103863972_0	0.9792175441813349 1K
NA20538 HG00438#1#JAHBCB010000015.1_33474867_33954171_0$HG002.verkko_filt_mat.fa:haplotype1_0000005_138228497_138636354_1	0.9792175351953085 1K
NA20538 HG03486#2#JAHEOP010000248.1_2105565_2584784_1$HG03516#1#JAGYYT010000012.1_24170958_24578778_1	0.9792141052979569 1K
NA20538 HG01109#2#JAHEOZ010000047.1_16671232_17151375_0$NA19240#1#JAHEOM010000047.1_30103390_30511199_1	0.9792134116486210 1K
NA20538 HG02559#2#JAGYVJ010000037.1_52167780_52574597_1$HG01258#1#JAGYYV010000004.1_56955948_57456952_1	0.9791972452379686 1K
NA20538 HG03486#2#JAHEOP010000248.1_2105565_2584784_1$HG03540#1#JAGYVY010000208.1_95187_596142_0	0.9791813716056670 1K
NA20538 HG02109#1#JAHEPG010000026.1_16673035_17080816_0$HG04228.verkko_filt_mat.fa:haplotype1_0000023_103429213_103930285_0	0.9791792656131934 1K
NA20538 HG02559#2#JAGYVJ010000037.1_52167780_52574597_1$HG01109#2#JAHEOZ010000047.1_16671232_17151375_0	0.9791775340163489 1K
NA20538 HG02080#1#JAHEOW010000048.1_16689583_17097287_0$HG01358#1#JAGYZB010000020.1_27445742_27855492_1	0.9791733340209579 1K
NA20538 HG005#1#JAHEPO010000002.1_51519219_51926067_0$HG02293.verkko_filt_pat.fa:haplotype2_0000836_148310532_148812524_1	0.9791666290590909 1K
NA20538 HG01258#2#JAGYYU010000072.1_51562603_51970395_0$HG02071.verkko_filt_pat.fa:haplotype2_0000736_102745972_103248026_0	0.9791610972870934 1K
NA20538 AV_HG01175#haplotype1#0000070:46006269$46414083$HG00438#1#JAHBCB010000015.1_33474867_33954171_0	0.9791575978265615 1K
NA20538 HG02818#2#JAHEOR010000010.1_31775319_32183091_1$HG04228.verkko_filt_mat.fa:haplotype1_0000023_103429213_103930285_0	0.9791547342583282 1K
NA20538 HG03486#2#JAHEOP010000248.1_2105565_2584784_1$HG03516#2#JAGYYS010000004.1_24452130_24859892_1	0.9791240022446550 1K
NA20538 HG03540#2#JAGYVX010000148.1_1368955_1877115_0$HG03540#1#JAGYVY010000208.1_95187_596142_0	0.9791084686836392 1K
NA20538 HG02717#2#JAHAOR010000006.1_19663827_20070693_1$HG02071.verkko_filt_pat.fa:haplotype2_0000736_102745972_103248026_0	0.9791067464225666 1K
NA20538 HG03486#2#JAHEOP010000248.1_2105565_2584784_1$HG03579#1#JAGYVU010000029.1_91404_499180_0	0.9790909755189314 1K
NA20538 AV_HG00673#haplotype2#0001165:24014011$24421797$HG03453#1#JAGYVW010000157.1_2105722_2585000_1	0.9790850633100010 1K
NA20538 HG02886#1#JAHAOU010000178.1_62411_469262_0$HG02071.verkko_filt_pat.fa:haplotype2_0000736_102745972_103248026_0	0.9790700478201219 1K
NA20538 HG02559#2#JAGYVJ010000037.1_52167780_52574597_1$HG04228.verkko_filt_mat.fa:haplotype1_0000023_103429213_103930285_0	0.9790612343099928 1K
NA20538 HG02886#1#JAHAOU010000178.1_62411_469262_0$HG01109#2#JAHEOZ010000047.1_16671232_17151375_0	0.9790553745548856 1K
NA20538 HG00438#1#JAHBCB010000015.1_33474867_33954171_0$HG03453#2#JAGYVV010000088.1_22597550_23005370_1	0.9790497519821224 1K
NA20538 AV_HG01106#haplotype2#0000932:16673968$17175925$HG02622#2#JAHAON010000012.1_51551779_52031001_0	0.9790346672875621 1K
NA20538 HG02559#1#JAGYVK010000012.1_51505852_51913611_0$HG03486#2#JAHEOP010000248.1_2105565_2584784_1	0.9790329847397629 1K
NA20538 NA19240#1#JAHEOM010000047.1_30103390_30511199_1$HG04228.verkko_filt_mat.fa:haplotype1_0000023_103429213_103930285_0	0.9790275028171712 1K
NA20538 HG00438#1#JAHBCB010000015.1_33474867_33954171_0$HG02486#2#JAGYVL010000029.1_94163344_94570162_0	0.9790249836837059 1K
NA20538 HG02630#2#JAHAOP010000089.1_16669255_17076135_0$HG01978#1#JAGYVS010000002.1_51519970_52021951_0	0.9790226476553083 1K
NA20538 HG03486#1#JAHEOQ010000123.1_16677696_17085575_0$HG00438#1#JAHBCB010000015.1_33474867_33954171_0	0.9790199997930940 1K
NA20538 HG00438#1#JAHBCB010000015.1_33474867_33954171_0$HG02071.verkko_filt_mat.fa:haplotype1_0000041_103610513_104018399_0	0.9790184605760283 1K
NA20538 HG02071.verkko_filt_pat.fa:haplotype2_0000736_102745972_103248026_0$HG02809.verkko_filt_pat.fa:haplotype2_0001251_103421111_103827972_0	0.9790180566829417 1K
NA20538 HG00438#1#JAHBCB010000015.1_33474867_33954171_0$HG03927.verkko_filt_mat.fa:haplotype1_0000009_134765170_135173010_1	0.9790087858562557 1K
NA20538 HG01978#1#JAGYVS010000002.1_51519970_52021951_0$HG01109#2#JAHEOZ010000047.1_16671232_17151375_0	0.9790067114903026 1K
NA20538 HG00438#1#JAHBCB010000015.1_33474867_33954171_0$HG01978#1#JAGYVS010000002.1_51519970_52021951_0	0.9790056428056358 1K
NA20538 HG00621#2#JAHBCC010000031.1_16669999_17077865_0$HG00438#1#JAHBCB010000015.1_33474867_33954171_0	0.9790049325317576 1K
NA20538 HG02559#2#JAGYVJ010000037.1_52167780_52574597_1$NA18906#2#JAHEON010000009.1_93748295_94249275_0	0.9789997896337259 1K
NA20538 HG00438#1#JAHBCB010000015.1_33474867_33954171_0$HG02809.verkko_filt_pat.fa:haplotype2_0001251_103421111_103827972_0	0.9789715914804082 1K
NA20538 HG01109#2#JAHEOZ010000047.1_16671232_17151375_0$HG02486#2#JAGYVL010000029.1_94163344_94570162_0	0.9789630834077689 1K
NA20538 AV_HG01106#haplotype2#0000932:16673968$17175925$NA20129#2#JAHEPD010000155.1_90039_569275_0	0.9789595777313241 1K
NA20538 HG01258#2#JAGYYU010000072.1_51562603_51970395_0$HG04228.verkko_filt_mat.fa:haplotype1_0000023_103429213_103930285_0	0.9789591336555014 1K
NA20538 HG02486#1#JAGYVM010000007.1_28868414_29370339_1$HG03927.verkko_filt_pat.fa:haplotype2_0000800_29002142_29504057_1	0.9789494769053464 1K
NA20538 HG02486#1#JAGYVM010000007.1_28868414_29370339_1$HG00741#2#JAHALX010000013.1_51574319_51981226_0	0.9789491663892869 1K
NA20538 HG01123#1#JAGYYZ010000015.1_51528240_51935090_0$HG02071.verkko_filt_pat.fa:haplotype2_0000736_102745972_103248026_0	0.9789429339859641 1K
NA20538 HG00621#1#JAHBCD010000034.1_2122997_2624098_1$HG02486#2#JAGYVL010000029.1_94163344_94570162_0	0.9789353020210453 1K
NA20538 HG02080#2#JAHEOV010000017.1_16662177_17164189_0$HG00741#2#JAHALX010000013.1_51574319_51981226_0	0.9789197221503257 1K
NA20538 HG03492#2#JAHEPH010000288.1_2098270_2432686_1$HG03927.verkko_filt_pat.fa:haplotype2_0000800_29002142_29504057_1	0.9789009550831521 1K
NA20538 HG02145#2#JAHKSF010000206.1_1005292_1413195_1$HG02486#1#JAGYVM010000007.1_28868414_29370339_1	0.9788941791397260 1K
NA20538 HG00741#1#JAHALY010000007.1_18781197_19307680_1$HG02300.verkko_filt_mat.fa:haplotype1_0000028_144052837_144460586_1	0.9788770358757950 1K
NA20538 HG00438#1#JAHBCB010000015.1_33474867_33954171_0$HG005#2#JAHEPN010000023.1_51542210_51950070_0	0.9788734519756946 1K
NA20538 AV_HG01106#haplotype2#0000932:16673968$17175925$HG02145#2#JAHKSF010000206.1_1005292_1413195_1	0.9788728232179178 1K
NA20538 HG01358#1#JAGYZB010000020.1_27445742_27855492_1$NA19240#2#JAHEOL010000010.1_37445323_37853017_0	0.9788692352273950 1K
NA20538 chr1_hg38_103456064_103863972_0$HG01258#1#JAGYYV010000004.1_56955948_57456952_1	0.9788608396268788 1K
NA20538 chr1_hg19_103998686_104406594_0$HG01258#1#JAGYYV010000004.1_56955948_57456952_1	0.9788608396268788 1K
NA20538 AV_HG00673#haplotype1#0000019:16627360$17129375$HG00741#2#JAHALX010000013.1_51574319_51981226_0	0.9788475188608076 1K
NA20538 HG01243#1#JAHEOY010000013.1_90081_424495_0$HG03927.verkko_filt_pat.fa:haplotype2_0000800_29002142_29504057_1	0.9788468584870352 1K
NA20538 HG00741#1#JAHALY010000007.1_18781197_19307680_1$HG02080#2#JAHEOV010000017.1_16662177_17164189_0	0.9788448014754811 1K
NA20538 AV_HG00673#haplotype1#0000019:16627360$17129375$HG00438#1#JAHBCB010000015.1_33474867_33954171_0	0.9788431078628190 1K
NA20538 HG00438#1#JAHBCB010000015.1_33474867_33954171_0$HG02886#1#JAHAOU010000178.1_62411_469262_0	0.9788302619587614 1K
NA20538 HG02818#2#JAHEOR010000010.1_31775319_32183091_1$HG03486#2#JAHEOP010000248.1_2105565_2584784_1	0.9788218405759345 1K
NA20538 HG02622#2#JAHAON010000012.1_51551779_52031001_0$HG002.verkko_filt_mat.fa:haplotype1_0000005_138228497_138636354_1	0.9788159898665761 1K
NA20538 NA18906#1#JAHEOO010000054.1_2103477_2510435_1$HG02486#1#JAGYVM010000007.1_28868414_29370339_1	0.9788144410617342 1K
NA20538 HG00438#1#JAHBCB010000015.1_33474867_33954171_0$HG01258#1#JAGYYV010000004.1_56955948_57456952_1	0.9788107766783912 1K
NA20538 HG02630#1#JAHAOQ010000102.1_16672145_17079089_0$HG02486#1#JAGYVM010000007.1_28868414_29370339_1	0.9788029856245694 1K
NA20538 HG01109#2#JAHEOZ010000047.1_16671232_17151375_0$HG01258#2#JAGYYU010000072.1_51562603_51970395_0	0.9787995596472014 1K
NA20538 HG00621#1#JAHBCD010000034.1_2122997_2624098_1$HG02717#2#JAHAOR010000006.1_19663827_20070693_1	0.9787982122704798 1K
NA20538 NA20129#2#JAHEPD010000155.1_90039_569275_0$HG002.verkko_filt_mat.fa:haplotype1_0000005_138228497_138636354_1	0.9787969594674437 1K
NA20538 HG02559#2#JAGYVJ010000037.1_52167780_52574597_1$HG01071#1#JAHBCF010000053.1_26607100_27108065_1	0.9787954887687311 1K
NA20538 HG01258#1#JAGYYV010000004.1_56955948_57456952_1$HG03540#2#JAGYVX010000148.1_1368955_1877115_0	0.9787948823778746 1K
NA20538 HG01258#1#JAGYYV010000004.1_56955948_57456952_1$HG002.verkko_filt_mat.fa:haplotype1_0000005_138228497_138636354_1	0.9787943093465554 1K
NA20538 HG00438#1#JAHBCB010000015.1_33474867_33954171_0$HG02080#2#JAHEOV010000017.1_16662177_17164189_0	0.9787931439182745 1K
NA20538 AV_HG00673#haplotype1#0000019:16627360$17129375$HG00741#1#JAHALY010000007.1_18781197_19307680_1	0.9787895262647490 1K
NA20538 HG00621#1#JAHBCD010000034.1_2122997_2624098_1$HG02886#1#JAHAOU010000178.1_62411_469262_0	0.9787842520593731 1K
NA20538 HG01071#1#JAHBCF010000053.1_26607100_27108065_1$HG01109#2#JAHEOZ010000047.1_16671232_17151375_0	0.9787820060059352 1K
NA20538 HG02630#2#JAHAOP010000089.1_16669255_17076135_0$HG02486#1#JAGYVM010000007.1_28868414_29370339_1	0.9787814143905875 1K
NA20538 HG02486#1#JAGYVM010000007.1_28868414_29370339_1$HG02486#2#JAGYVL010000029.1_94163344_94570162_0	0.9787800592649289 1K
NA20538 HG00621#2#JAHBCC010000031.1_16669999_17077865_0$HG02622#2#JAHAON010000012.1_51551779_52031001_0	0.9787776783948618 1K
NA20538 AV_HG02148#haplotype2#0002863:16304803$16712699$HG00438#1#JAHBCB010000015.1_33474867_33954171_0	0.9787775064500138 1K
NA20538 HG00621#2#JAHBCC010000031.1_16669999_17077865_0$NA20129#2#JAHEPD010000155.1_90039_569275_0	0.9787712050971563 1K
NA20538 HG02717#1#JAHAOS010000015.1_16660311_17067250_0$HG02486#1#JAGYVM010000007.1_28868414_29370339_1	0.9787679347833315 1K
NA20538 AV_HG01106#haplotype2#0000932:16673968$17175925$HG02630#1#JAHAOQ010000102.1_16672145_17079089_0	0.9787659961349710 1K
NA20538 HG00621#1#JAHBCD010000034.1_2122997_2624098_1$HG01123#1#JAGYYZ010000015.1_51528240_51935090_0	0.9787655458575971 1K
NA20538 HG01109#2#JAHEOZ010000047.1_16671232_17151375_0$HG002.verkko_filt_mat.fa:haplotype1_0000005_138228497_138636354_1	0.9787575046836295 1K
NA20538 HG01258#1#JAGYYV010000004.1_56955948_57456952_1$HG02809.verkko_filt_pat.fa:haplotype2_0001251_103421111_103827972_0	0.9787550191033805 1K
NA20538 AV_HG02257#haplotype2#0001152:102843493$103251377$HG02486#1#JAGYVM010000007.1_28868414_29370339_1	0.9787544611895914 1K
NA20538 HG005#1#JAHEPO010000002.1_51519219_51926067_0$HG02071.verkko_filt_pat.fa:haplotype2_0000736_102745972_103248026_0	0.9787491735018519 1K
NA20538 HG02145#2#JAHKSF010000206.1_1005292_1413195_1$HG00438#1#JAHBCB010000015.1_33474867_33954171_0	0.9787411125741990 1K
NA20538 HG00741#2#JAHALX010000013.1_51574319_51981226_0$HG02293.verkko_filt_pat.fa:haplotype2_0000836_148310532_148812524_1	0.9787360216334969 1K
NA20538 HG01109#1#JAHEPA010000099.1_2104245_2511104_1$HG02486#1#JAGYVM010000007.1_28868414_29370339_1	0.9787338285867542 1K
NA20538 HG01071#1#JAHBCF010000053.1_26607100_27108065_1$HG002.verkko_filt_mat.fa:haplotype1_0000005_138228497_138636354_1	0.9787263419628436 1K
NA20538 HG03486#2#JAHEOP010000248.1_2105565_2584784_1$NA19240#1#JAHEOM010000047.1_30103390_30511199_1	0.9787250872598753 1K
NA20538 HG00621#1#JAHBCD010000034.1_2122997_2624098_1$HG02809.verkko_filt_pat.fa:haplotype2_0001251_103421111_103827972_0	0.9787209373434500 1K
NA20538 HG00438#1#JAHBCB010000015.1_33474867_33954171_0$HG02293.verkko_filt_pat.fa:haplotype2_0000836_148310532_148812524_1	0.9787204603980757 1K
NA20538 HG00438#1#JAHBCB010000015.1_33474867_33954171_0$NA18906#2#JAHEON010000009.1_93748295_94249275_0	0.9787181460919085 1K
NA20538 chr1_hg19_103998686_104406594_0$HG02622#2#JAHAON010000012.1_51551779_52031001_0	0.9787159406953500 1K
NA20538 HG02622#2#JAHAON010000012.1_51551779_52031001_0$chr1_hg38_103456064_103863972_0	0.9787159406953500 1K
NA20538 NA20129#2#JAHEPD010000155.1_90039_569275_0$chr1_hg38_103456064_103863972_0	0.9787157112755167 1K
NA20538 NA20129#2#JAHEPD010000155.1_90039_569275_0$chr1_hg19_103998686_104406594_0	0.9787157112755167 1K
NA20538 HG00741#1#JAHALY010000007.1_18781197_19307680_1$HG02293.verkko_filt_pat.fa:haplotype2_0000836_148310532_148812524_1	0.9787135911063756 1K
NA20538 HG02622#2#JAHAON010000012.1_51551779_52031001_0$HG01978#1#JAGYVS010000002.1_51519970_52021951_0	0.9787110398144340 1K
NA20538 HG03486#2#JAHEOP010000248.1_2105565_2584784_1$HG03927.verkko_filt_mat.fa:haplotype1_0000009_134765170_135173010_1	0.9787091465625818 1K
NA20538 HG03540#2#JAGYVX010000148.1_1368955_1877115_0$NA18906#2#JAHEON010000009.1_93748295_94249275_0	0.9787037810358226 1K
NA20538 chr1_hg38_103456064_103863972_0$HG01109#2#JAHEOZ010000047.1_16671232_17151375_0	0.9786953325801228 1K
NA20538 chr1_hg19_103998686_104406594_0$HG01109#2#JAHEOZ010000047.1_16671232_17151375_0	0.9786953325801228 1K
NA20538 NA18906#2#JAHEON010000009.1_93748295_94249275_0$HG02486#2#JAGYVL010000029.1_94163344_94570162_0	0.9786936723980315 1K
NA20538 HG00621#2#JAHBCC010000031.1_16669999_17077865_0$HG01109#2#JAHEOZ010000047.1_16671232_17151375_0	0.9786887209198114 1K
NA20538 AV_HG01106#haplotype2#0000932:16673968$17175925$HG01109#1#JAHEPA010000099.1_2104245_2511104_1	0.9786877519150127 1K
NA20538 chr1_hg19_103998686_104406594_0$HG01071#1#JAHBCF010000053.1_26607100_27108065_1	0.9786833142159510 1K
NA20538 HG01071#1#JAHBCF010000053.1_26607100_27108065_1$chr1_hg38_103456064_103863972_0	0.9786833142159510 1K
NA20538 HG02886#1#JAHAOU010000178.1_62411_469262_0$HG02486#1#JAGYVM010000007.1_28868414_29370339_1	0.9786787168228145 1K
NA20538 NA18906#2#JAHEON010000009.1_93748295_94249275_0$HG01258#2#JAGYYU010000072.1_51562603_51970395_0	0.9786756540663061 1K
NA20538 HG02109#1#JAHEPG010000026.1_16673035_17080816_0$NA18906#2#JAHEON010000009.1_93748295_94249275_0	0.9786755999788623 1K
NA20538 HG02622#2#JAHAON010000012.1_51551779_52031001_0$HG02071.verkko_filt_mat.fa:haplotype1_0000041_103610513_104018399_0	0.9786728019534824 1K
NA20538 NA20129#2#JAHEPD010000155.1_90039_569275_0$HG02071.verkko_filt_mat.fa:haplotype1_0000041_103610513_104018399_0	0.9786725638716474 1K
NA20538 HG02486#2#JAGYVL010000029.1_94163344_94570162_0$HG04228.verkko_filt_mat.fa:haplotype1_0000023_103429213_103930285_0	0.9786682600105385 1K
NA20538 HG03453#1#JAGYVW010000157.1_2105722_2585000_1$NA19240#2#JAHEOL010000010.1_37445323_37853017_0	0.9786556607221437 1K
NA20538 HG01258#1#JAGYYV010000004.1_56955948_57456952_1$HG02486#2#JAGYVL010000029.1_94163344_94570162_0	0.9786511175470779 1K
NA20538 HG01258#1#JAGYYV010000004.1_56955948_57456952_1$HG005#2#JAHEPN010000023.1_51542210_51950070_0	0.9786466591099969 1K
NA20538 NA20129#2#JAHEPD010000155.1_90039_569275_0$HG01978#1#JAGYVS010000002.1_51519970_52021951_0	0.9786447557634836 1K
NA20538 HG00741#1#JAHALY010000007.1_18781197_19307680_1$HG01099.verkko_filt_mat.fa:haplotype1_0000034_142513097_142920876_1	0.9786389562157730 1K
NA20538 HG02886#1#JAHAOU010000178.1_62411_469262_0$HG04228.verkko_filt_mat.fa:haplotype1_0000023_103429213_103930285_0	0.9786380931203993 1K
NA20538 HG00438#1#JAHBCB010000015.1_33474867_33954171_0$HG01071#1#JAHBCF010000053.1_26607100_27108065_1	0.9786362159482663 1K
NA20538 HG02080#2#JAHEOV010000017.1_16662177_17164189_0$HG01109#2#JAHEOZ010000047.1_16671232_17151375_0	0.9786339335541808 1K
NA20538 HG03540#2#JAGYVX010000148.1_1368955_1877115_0$HG02486#1#JAGYVM010000007.1_28868414_29370339_1	0.9786334313544512 1K
NA20538 HG01123#1#JAGYYZ010000015.1_51528240_51935090_0$HG01109#2#JAHEOZ010000047.1_16671232_17151375_0	0.9786283184891952 1K
NA20538 HG01109#2#JAHEOZ010000047.1_16671232_17151375_0$HG02717#2#JAHAOR010000006.1_19663827_20070693_1	0.9786226205375275 1K
NA20538 HG02717#2#JAHAOR010000006.1_19663827_20070693_1$HG04228.verkko_filt_mat.fa:haplotype1_0000023_103429213_103930285_0	0.9786207635705337 1K
NA20538 AV_HG01175#haplotype1#0000070:46006269$46414083$HG02622#2#JAHAON010000012.1_51551779_52031001_0	0.9786182388386448 1K
NA20538 HG03486#1#JAHEOQ010000123.1_16677696_17085575_0$HG02622#2#JAHAON010000012.1_51551779_52031001_0	0.9786176075696787 1K
NA20538 AV_HG00673#haplotype1#0000019:16627360$17129375$HG01109#2#JAHEOZ010000047.1_16671232_17151375_0	0.9786101486645655 1K
NA20538 AV_HG01175#haplotype1#0000070:46006269$46414083$NA20129#2#JAHEPD010000155.1_90039_569275_0	0.9786055996502974 1K
NA20538 HG03486#1#JAHEOQ010000123.1_16677696_17085575_0$NA20129#2#JAHEPD010000155.1_90039_569275_0	0.9786050102693742 1K
NA20538 HG02622#2#JAHAON010000012.1_51551779_52031001_0$HG03453#2#JAGYVV010000088.1_22597550_23005370_1	0.9786032458727401 1K
NA20538 NA20129#2#JAHEPD010000155.1_90039_569275_0$HG03453#2#JAGYVV010000088.1_22597550_23005370_1	0.9785970149184410 1K
NA20538 AV_HG00673#haplotype2#0001165:24014011$24421797$HG01358#1#JAGYZB010000020.1_27445742_27855492_1	0.9785966025755187 1K
NA20538 HG02886#1#JAHAOU010000178.1_62411_469262_0$NA18906#2#JAHEON010000009.1_93748295_94249275_0	0.9785925798396904 1K
NA20538 HG01071#1#JAHBCF010000053.1_26607100_27108065_1$HG03540#2#JAGYVX010000148.1_1368955_1877115_0	0.9785915727019788 1K
NA20538 HG01109#2#JAHEOZ010000047.1_16671232_17151375_0$HG02071.verkko_filt_mat.fa:haplotype1_0000041_103610513_104018399_0	0.9785836782579563 1K
NA20538 AV_HG01106#haplotype2#0000932:16673968$17175925$HG03540#2#JAGYVX010000148.1_1368955_1877115_0	0.9785827520387224 1K
NA20538 HG02622#2#JAHAON010000012.1_51551779_52031001_0$HG01358#1#JAGYZB010000020.1_27445742_27855492_1	0.9785752044895467 1K
NA20538 NA20129#2#JAHEPD010000155.1_90039_569275_0$HG01358#1#JAGYZB010000020.1_27445742_27855492_1	0.9785710112572604 1K
NA20538 AV_HG02257#haplotype2#0001152:102843493$103251377$HG00438#1#JAHBCB010000015.1_33474867_33954171_0	0.9785666628140823 1K
NA20538 AV_HG01106#haplotype2#0000932:16673968$17175925$NA18906#1#JAHEOO010000054.1_2103477_2510435_1	0.9785629469799985 1K
NA20538 AV_HG01175#haplotype1#0000070:46006269$46414083$HG01109#2#JAHEOZ010000047.1_16671232_17151375_0	0.9785550392401881 1K
NA20538 HG00621#1#JAHBCD010000034.1_2122997_2624098_1$HG005#1#JAHEPO010000002.1_51519219_51926067_0	0.9785549833288578 1K
NA20538 HG02886#1#JAHAOU010000178.1_62411_469262_0$HG01258#1#JAGYYV010000004.1_56955948_57456952_1	0.9785331188871921 1K
NA20538 AV_HG00673#haplotype1#0000019:16627360$17129375$HG02630#2#JAHAOP010000089.1_16669255_17076135_0	0.9785324887967554 1K
NA20538 HG02145#2#JAHKSF010000206.1_1005292_1413195_1$HG01978#1#JAGYVS010000002.1_51519970_52021951_0	0.9785250058690936 1K
NA20538 HG00438#1#JAHBCB010000015.1_33474867_33954171_0$HG02071.verkko_filt_pat.fa:haplotype2_0000736_102745972_103248026_0	0.9785229527053432 1K
NA20538 HG04228.verkko_filt_mat.fa:haplotype1_0000023_103429213_103930285_0$HG02809.verkko_filt_pat.fa:haplotype2_0001251_103421111_103827972_0	0.9785151776327704 1K
NA20538 HG03486#1#JAHEOQ010000123.1_16677696_17085575_0$HG01258#1#JAGYYV010000004.1_56955948_57456952_1	0.9785145296275924 1K
NA20538 AV_HG01106#haplotype2#0000932:16673968$17175925$AV_HG02257#haplotype2#0001152:102843493$103251377	0.9785131349546451 1K
NA20538 AV_HG01106#haplotype2#0000932:16673968$17175925$HG02717#1#JAHAOS010000015.1_16660311_17067250_0	0.9785107718784398 1K
NA20538 AV_HG01175#haplotype1#0000070:46006269$46414083$HG01258#1#JAGYYV010000004.1_56955948_57456952_1	0.9785106894303750 1K
NA20538 HG01109#2#JAHEOZ010000047.1_16671232_17151375_0$HG02293.verkko_filt_pat.fa:haplotype2_0000836_148310532_148812524_1	0.9785053828184213 1K
NA20538 HG00438#1#JAHBCB010000015.1_33474867_33954171_0$HG01978#2#JAGYVR010000007.1_51532241_51939176_0	0.9784997119863299 1K
NA20538 AV_HG02148#haplotype2#0002863:16304803$16712699$HG02622#2#JAHAON010000012.1_51551779_52031001_0	0.9784995002829097 1K
NA20538 HG02109#1#JAHEPG010000026.1_16673035_17080816_0$HG01109#2#JAHEOZ010000047.1_16671232_17151375_0	0.9784888407942800 1K
NA20538 HG01258#1#JAGYYV010000004.1_56955948_57456952_1$HG03927.verkko_filt_pat.fa:haplotype2_0000800_29002142_29504057_1	0.9784845009033560 1K
NA20538 AV_HG02148#haplotype2#0002863:16304803$16712699$NA20129#2#JAHEPD010000155.1_90039_569275_0	0.9784806909308755 1K
NA20538 HG00621#2#JAHBCC010000031.1_16669999_17077865_0$HG01258#1#JAGYYV010000004.1_56955948_57456952_1	0.9784742341041410 1K
NA20538 HG01258#1#JAGYYV010000004.1_56955948_57456952_1$HG01258#2#JAGYYU010000072.1_51562603_51970395_0	0.9784711148511293 1K
NA20538 HG02622#2#JAHAON010000012.1_51551779_52031001_0$HG02486#1#JAGYVM010000007.1_28868414_29370339_1	0.9784704186512180 1K
NA20538 HG03453#1#JAGYVW010000157.1_2105722_2585000_1$HG01099.verkko_filt_pat.fa:haplotype2_0000583_143544270_144046196_1	0.9784651724884388 1K
NA20538 AV_HG01106#haplotype2#0000932:16673968$17175925$HG03486#2#JAHEOP010000248.1_2105565_2584784_1	0.9784633931633133 1K
NA20538 HG02630#2#JAHAOP010000089.1_16669255_17076135_0$HG01109#2#JAHEOZ010000047.1_16671232_17151375_0	0.9784624053916444 1K
NA20538 HG01123#1#JAGYYZ010000015.1_51528240_51935090_0$HG04228.verkko_filt_mat.fa:haplotype1_0000023_103429213_103930285_0	0.9784624039768833 1K
NA20538 AV_HG02148#haplotype2#0002863:16304803$16712699$HG01109#2#JAHEOZ010000047.1_16671232_17151375_0	0.9784619202381287 1K
NA20538 HG00621#2#JAHBCC010000031.1_16669999_17077865_0$HG01071#1#JAHBCF010000053.1_26607100_27108065_1	0.9784615753260667 1K
NA20538 HG01071#1#JAHBCF010000053.1_26607100_27108065_1$HG02809.verkko_filt_pat.fa:haplotype2_0001251_103421111_103827972_0	0.9784572777353563 1K
NA20538 AV_HG01106#haplotype2#0000932:16673968$17175925$HG03927.verkko_filt_pat.fa:haplotype2_0000800_29002142_29504057_1	0.9784553609123996 1K
NA20538 AV_HG01106#haplotype2#0000932:16673968$17175925$HG02818#1#JAHEOS010000101.1_89626_496613_0	0.9784542802727282 1K
NA20538 HG02622#2#JAHAON010000012.1_51551779_52031001_0$HG005#2#JAHEPN010000023.1_51542210_51950070_0	0.9784518075847936 1K
NA20538 NA20129#2#JAHEPD010000155.1_90039_569275_0$HG005#2#JAHEPN010000023.1_51542210_51950070_0	0.9784518064177551 1K
NA20538 HG02630#2#JAHAOP010000089.1_16669255_17076135_0$HG02080#2#JAHEOV010000017.1_16662177_17164189_0	0.9784515436983156 1K
NA20538 HG00621#1#JAHBCD010000034.1_2122997_2624098_1$HG00741#1#JAHALY010000007.1_18781197_19307680_1	0.9784438824850242 1K
NA20538 HG03486#1#JAHEOQ010000123.1_16677696_17085575_0$HG01109#2#JAHEOZ010000047.1_16671232_17151375_0	0.9784430420435056 1K
NA20538 HG01071#1#JAHBCF010000053.1_26607100_27108065_1$HG005#2#JAHEPN010000023.1_51542210_51950070_0	0.9784427186654157 1K
NA20538 HG02486#1#JAGYVM010000007.1_28868414_29370339_1$HG02818#1#JAHEOS010000101.1_89626_496613_0	0.9784379566330027 1K
NA20538 NA20129#2#JAHEPD010000155.1_90039_569275_0$HG02486#1#JAGYVM010000007.1_28868414_29370339_1	0.9784309200219269 1K
NA20538 HG01109#2#JAHEOZ010000047.1_16671232_17151375_0$HG02300.verkko_filt_pat.fa:haplotype2_0000620_143362344_143769323_1	0.9784304929532365 1K
NA20538 AV_HG01361#haplotype1#0000023:101593539$102001341$HG00741#1#JAHALY010000007.1_18781197_19307680_1	0.9784304238132838 1K
NA20538 HG01258#1#JAGYYV010000004.1_56955948_57456952_1$HG02071.verkko_filt_mat.fa:haplotype1_0000041_103610513_104018399_0	0.9784265269159826 1K
NA20538 HG00438#1#JAHBCB010000015.1_33474867_33954171_0$HG02300.verkko_filt_pat.fa:haplotype2_0000620_143362344_143769323_1	0.9784105339890667 1K
NA20538 HG00438#1#JAHBCB010000015.1_33474867_33954171_0$HG01258#2#JAGYYU010000072.1_51562603_51970395_0	0.9784062427772312 1K
NA20538 HG02630#2#JAHAOP010000089.1_16669255_17076135_0$HG02293.verkko_filt_pat.fa:haplotype2_0000836_148310532_148812524_1	0.9784049939907803 1K
NA20538 HG03486#1#JAHEOQ010000123.1_16677696_17085575_0$HG01071#1#JAHBCF010000053.1_26607100_27108065_1	0.9784035697598473 1K
NA20538 AV_HG01106#haplotype1#0000048:16666181$17262214$HG02886#2#JAHAOT010000031.1_87393_401061_0	0.9784028000866322 1K
NA20538 HG02630#1#JAHAOQ010000102.1_16672145_17079089_0$HG01978#1#JAGYVS010000002.1_51519970_52021951_0	0.9783959520761059 1K
NA20538 HG02080#1#JAHEOW010000048.1_16689583_17097287_0$HG00741#1#JAHALY010000007.1_18781197_19307680_1	0.9783956649614981 1K
NA20538 HG00741#1#JAHALY010000007.1_18781197_19307680_1$HG02071.verkko_filt_pat.fa:haplotype2_0000736_102745972_103248026_0	0.9783928872893179 1K
NA20538 HG02145#2#JAHKSF010000206.1_1005292_1413195_1$HG01109#2#JAHEOZ010000047.1_16671232_17151375_0	0.9783925530603435 1K
NA20538 HG01109#2#JAHEOZ010000047.1_16671232_17151375_0$HG005#2#JAHEPN010000023.1_51542210_51950070_0	0.9783903468443144 1K
NA20538 HG00438#1#JAHBCB010000015.1_33474867_33954171_0$HG02004.verkko_filt_mat.fa:haplotype1_0000022_97828542_98235483_0	0.9783886873186719 1K
NA20538 HG00741#1#JAHALY010000007.1_18781197_19307680_1$HG04228.verkko_filt_mat.fa:haplotype1_0000023_103429213_103930285_0	0.9783835639059171 1K
NA20538 HG01071#1#JAHBCF010000053.1_26607100_27108065_1$HG02886#1#JAHAOU010000178.1_62411_469262_0	0.9783829761599332 1K
NA20538 AV_HG00673#haplotype1#0000019:16627360$17129375$HG02622#2#JAHAON010000012.1_51551779_52031001_0	0.9783809877887649 1K
NA20538 HG01928#1#JAGYVQ010000053.1_16676493_17083407_0$HG00438#1#JAHBCB010000015.1_33474867_33954171_0	0.9783751096262833 1K
NA20538 HG03453#2#JAGYVV010000088.1_22597550_23005370_1$HG01258#1#JAGYYV010000004.1_56955948_57456952_1	0.9783725732649187 1K
NA20538 HG02080#2#JAHEOV010000017.1_16662177_17164189_0$HG02622#2#JAHAON010000012.1_51551779_52031001_0	0.9783617044532131 1K
NA20538 HG02630#2#JAHAOP010000089.1_16669255_17076135_0$HG00438#1#JAHBCB010000015.1_33474867_33954171_0	0.9783480410195875 1K
NA20538 HG01071#1#JAHBCF010000053.1_26607100_27108065_1$HG02486#2#JAGYVL010000029.1_94163344_94570162_0	0.9783309729495888 1K
NA20538 HG03453#2#JAGYVV010000088.1_22597550_23005370_1$HG01109#2#JAHEOZ010000047.1_16671232_17151375_0	0.9783309249803008 1K
NA20538 AV_HG00673#haplotype1#0000019:16627360$17129375$NA20129#2#JAHEPD010000155.1_90039_569275_0	0.9783284024016069 1K
NA20538 HG02630#1#JAHAOQ010000102.1_16672145_17079089_0$HG01109#2#JAHEOZ010000047.1_16671232_17151375_0	0.9783193943094315 1K
NA20538 HG01109#1#JAHEPA010000099.1_2104245_2511104_1$HG01978#1#JAGYVS010000002.1_51519970_52021951_0	0.9783185475317860 1K
NA20538 HG01978#1#JAGYVS010000002.1_51519970_52021951_0$HG03540#2#JAGYVX010000148.1_1368955_1877115_0	0.9783162302926085 1K
NA20538 HG01071#1#JAHBCF010000053.1_26607100_27108065_1$HG03927.verkko_filt_pat.fa:haplotype2_0000800_29002142_29504057_1	0.9783118378543684 1K
NA20538 NA20129#2#JAHEPD010000155.1_90039_569275_0$HG02080#2#JAHEOV010000017.1_16662177_17164189_0	0.9783090362662670 1K
NA20538 HG01109#2#JAHEOZ010000047.1_16671232_17151375_0$HG01978#2#JAGYVR010000007.1_51532241_51939176_0	0.9783022949027199 1K
NA20538 HG01071#1#JAHBCF010000053.1_26607100_27108065_1$HG01258#2#JAGYYU010000072.1_51562603_51970395_0	0.9783013264375969 1K
NA20538 HG01071#1#JAHBCF010000053.1_26607100_27108065_1$HG02071.verkko_filt_mat.fa:haplotype1_0000041_103610513_104018399_0	0.9782934611838338 1K
NA20538 HG005#1#JAHEPO010000002.1_51519219_51926067_0$HG01109#2#JAHEOZ010000047.1_16671232_17151375_0	0.9782909728588487 1K
NA20538 HG03516#1#JAGYYT010000012.1_24170958_24578778_1$HG01358#1#JAGYZB010000020.1_27445742_27855492_1	0.9782843417285783 1K
NA20538 HG01258#1#JAGYYV010000004.1_56955948_57456952_1$HG01978#2#JAGYVR010000007.1_51532241_51939176_0	0.9782788535094074 1K
NA20538 HG02145#2#JAHKSF010000206.1_1005292_1413195_1$NA18906#2#JAHEON010000009.1_93748295_94249275_0	0.9782764428461153 1K
NA20538 HG02622#2#JAHAON010000012.1_51551779_52031001_0$HG02293.verkko_filt_pat.fa:haplotype2_0000836_148310532_148812524_1	0.9782666950144433 1K
NA20538 HG01978#1#JAGYVS010000002.1_51519970_52021951_0$HG03927.verkko_filt_pat.fa:haplotype2_0000800_29002142_29504057_1	0.9782532686536421 1K
NA20538 HG02630#1#JAHAOQ010000102.1_16672145_17079089_0$HG00438#1#JAHBCB010000015.1_33474867_33954171_0	0.9782440737265622 1K
NA20538 AV_HG01106#haplotype1#0000048:16666181$17262214$AV_HG01361#haplotype2#0001322:101872897$102186552	0.9782289102377087 1K
NA20538 NA18906#1#JAHEOO010000054.1_2103477_2510435_1$HG01109#2#JAHEOZ010000047.1_16671232_17151375_0	0.9782264941071285 1K
NA20538 HG02717#1#JAHAOS010000015.1_16660311_17067250_0$HG00438#1#JAHBCB010000015.1_33474867_33954171_0	0.9782134633896085 1K
NA20538 HG01109#2#JAHEOZ010000047.1_16671232_17151375_0$HG02071.verkko_filt_pat.fa:haplotype2_0000736_102745972_103248026_0	0.9782084564857928 1K
NA20538 HG00741#2#JAHALX010000013.1_51574319_51981226_0$HG02071.verkko_filt_pat.fa:haplotype2_0000736_102745972_103248026_0	0.9781996936592182 1K
NA20538 HG01978#1#JAGYVS010000002.1_51519970_52021951_0$NA18906#1#JAHEOO010000054.1_2103477_2510435_1	0.9781983668684334 1K
NA20538 HG03492#1#JAHEPI010000180.1_2103395_2543326_1$HG01099.verkko_filt_pat.fa:haplotype2_0000583_143544270_144046196_1	0.9781925608877041 1K
NA20538 NA20129#2#JAHEPD010000155.1_90039_569275_0$HG02293.verkko_filt_pat.fa:haplotype2_0000836_148310532_148812524_1	0.9781880949544225 1K
NA20538 HG00621#1#JAHBCD010000034.1_2122997_2624098_1$HG01109#2#JAHEOZ010000047.1_16671232_17151375_0	0.9781845230554842 1K
NA20538 AV_HG02257#haplotype2#0001152:102843493$103251377$HG01978#1#JAGYVS010000002.1_51519970_52021951_0	0.9781763014286619 1K
NA20538 HG01071#1#JAHBCF010000053.1_26607100_27108065_1$HG03453#2#JAGYVV010000088.1_22597550_23005370_1	0.9781749980556422 1K
NA20538 HG02886#2#JAHAOT010000031.1_87393_401061_0$chr1_chm13_103304997_103901127_0	0.9781713019212107 1K
NA20538 HG01258#1#JAGYYV010000004.1_56955948_57456952_1$HG02717#2#JAHAOR010000006.1_19663827_20070693_1	0.9781708835279258 1K
NA20538 AV_HG01106#haplotype2#0000932:16673968$17175925$HG03453#1#JAGYVW010000157.1_2105722_2585000_1	0.9781655901846960 1K
NA20538 AV_HG01106#haplotype2#0000932:16673968$17175925$HG02622#1#JAHAOO010000002.1_16673678_17080663_0	0.9781635060062113 1K
NA20538 NA18906#2#JAHEON010000009.1_93748295_94249275_0$HG02717#2#JAHAOR010000006.1_19663827_20070693_1	0.9781581000927214 1K
NA20538 HG02717#1#JAHAOS010000015.1_16660311_17067250_0$HG01978#1#JAGYVS010000002.1_51519970_52021951_0	0.9781572402964583 1K
NA20538 HG005#1#JAHEPO010000002.1_51519219_51926067_0$HG04228.verkko_filt_mat.fa:haplotype1_0000023_103429213_103930285_0	0.9781542293804820 1K
NA20538 AV_HG01175#haplotype1#0000070:46006269$46414083$HG01071#1#JAHBCF010000053.1_26607100_27108065_1	0.9781537303886657 1K
NA20538 HG03453#1#JAGYVW010000157.1_2105722_2585000_1$HG03516#1#JAGYYT010000012.1_24170958_24578778_1	0.9781524580722188 1K
NA20538 HG03579#1#JAGYVU010000029.1_91404_499180_0$HG02300.verkko_filt_mat.fa:haplotype1_0000028_144052837_144460586_1	0.9781503472542860 1K
NA20538 AV_HG02257#haplotype2#0001152:102843493$103251377$HG01109#2#JAHEOZ010000047.1_16671232_17151375_0	0.9781436053775592 1K
NA20538 HG005#1#JAHEPO010000002.1_51519219_51926067_0$HG01258#1#JAGYYV010000004.1_56955948_57456952_1	0.9781408677760806 1K
NA20538 HG01109#2#JAHEOZ010000047.1_16671232_17151375_0$HG00741#2#JAHALX010000013.1_51574319_51981226_0	0.9781397731257835 1K
NA20538 HG01109#2#JAHEOZ010000047.1_16671232_17151375_0$HG02004.verkko_filt_mat.fa:haplotype1_0000022_97828542_98235483_0	0.9781360283943946 1K
NA20538 HG00621#1#JAHBCD010000034.1_2122997_2624098_1$HG00741#2#JAHALX010000013.1_51574319_51981226_0	0.9781352523291846 1K
NA20538 HG00741#1#JAHALY010000007.1_18781197_19307680_1$NA19240#2#JAHEOL010000010.1_37445323_37853017_0	0.9781341646042715 1K
NA20538 HG02622#1#JAHAOO010000002.1_16673678_17080663_0$HG02486#1#JAGYVM010000007.1_28868414_29370339_1	0.9781327176657306 1K
NA20538 HG02622#2#JAHAON010000012.1_51551779_52031001_0$HG02300.verkko_filt_pat.fa:haplotype2_0000620_143362344_143769323_1	0.9781263865731831 1K
NA20538 NA20129#2#JAHEPD010000155.1_90039_569275_0$HG02300.verkko_filt_pat.fa:haplotype2_0000620_143362344_143769323_1	0.9781262688357454 1K
NA20538 HG02145#2#JAHKSF010000206.1_1005292_1413195_1$HG02080#2#JAHEOV010000017.1_16662177_17164189_0	0.9781144614438140 1K
NA20538 HG01123#1#JAGYYZ010000015.1_51528240_51935090_0$NA18906#2#JAHEON010000009.1_93748295_94249275_0	0.9781142132035932 1K
NA20538 HG03516#2#JAGYYS010000004.1_24452130_24859892_1$HG02300.verkko_filt_mat.fa:haplotype1_0000028_144052837_144460586_1	0.9781077959910741 1K
NA20538 HG01978#1#JAGYVS010000002.1_51519970_52021951_0$HG03486#2#JAHEOP010000248.1_2105565_2584784_1	0.9781052316007320 1K
NA20538 HG02559#1#JAGYVK010000012.1_51505852_51913611_0$HG02300.verkko_filt_mat.fa:haplotype1_0000028_144052837_144460586_1	0.9781008843059227 1K
NA20538 HG01258#1#JAGYYV010000004.1_56955948_57456952_1$HG02004.verkko_filt_mat.fa:haplotype1_0000022_97828542_98235483_0	0.9780988491058741 1K
NA20538 AV_HG02148#haplotype2#0002863:16304803$16712699$HG01258#1#JAGYYV010000004.1_56955948_57456952_1	0.9780979910077777 1K
NA20538 HG01978#1#JAGYVS010000002.1_51519970_52021951_0$HG02818#1#JAHEOS010000101.1_89626_496613_0	0.9780954579869862 1K
NA20538 NA18906#2#JAHEON010000009.1_93748295_94249275_0$HG03927.verkko_filt_pat.fa:haplotype2_0000800_29002142_29504057_1	0.9780948130949835 1K
NA20538 HG00438#1#JAHBCB010000015.1_33474867_33954171_0$NA18906#1#JAHEOO010000054.1_2103477_2510435_1	0.9780887262868407 1K
NA20538 HG02630#2#JAHAOP010000089.1_16669255_17076135_0$HG02071.verkko_filt_pat.fa:haplotype2_0000736_102745972_103248026_0	0.9780869895104626 1K
NA20538 HG00621#1#JAHBCD010000034.1_2122997_2624098_1$HG00438#1#JAHBCB010000015.1_33474867_33954171_0	0.9780820024319788 1K
NA20538 AV_HG00673#haplotype1#0000019:16627360$17129375$HG02145#2#JAHKSF010000206.1_1005292_1413195_1	0.9780746383492281 1K
NA20538 HG00438#1#JAHBCB010000015.1_33474867_33954171_0$HG02717#2#JAHAOR010000006.1_19663827_20070693_1	0.9780741293961782 1K
NA20538 HG01123#1#JAGYYZ010000015.1_51528240_51935090_0$HG01258#1#JAGYYV010000004.1_56955948_57456952_1	0.9780725414204959 1K
NA20538 HG02630#2#JAHAOP010000089.1_16669255_17076135_0$HG01258#1#JAGYYV010000004.1_56955948_57456952_1	0.9780723455147005 1K
NA20538 HG01928#1#JAGYVQ010000053.1_16676493_17083407_0$HG01109#2#JAHEOZ010000047.1_16671232_17151375_0	0.9780540981851361 1K
NA20538 HG02622#2#JAHAON010000012.1_51551779_52031001_0$HG01978#2#JAGYVR010000007.1_51532241_51939176_0	0.9780528608896930 1K
NA20538 HG02717#1#JAHAOS010000015.1_16660311_17067250_0$HG01109#2#JAHEOZ010000047.1_16671232_17151375_0	0.9780516238572439 1K
NA20538 HG02630#2#JAHAOP010000089.1_16669255_17076135_0$NA18906#2#JAHEON010000009.1_93748295_94249275_0	0.9780496532717216 1K
NA20538 HG00438#1#JAHBCB010000015.1_33474867_33954171_0$HG04228.verkko_filt_mat.fa:haplotype1_0000023_103429213_103930285_0	0.9780478840378827 1K
NA20538 HG01071#1#JAHBCF010000053.1_26607100_27108065_1$HG01978#2#JAGYVR010000007.1_51532241_51939176_0	0.9780476400709417 1K
NA20538 HG01928#1#JAGYVQ010000053.1_16676493_17083407_0$HG01258#1#JAGYYV010000004.1_56955948_57456952_1	0.9780379919862279 1K
NA20538 NA20129#2#JAHEPD010000155.1_90039_569275_0$HG01978#2#JAGYVR010000007.1_51532241_51939176_0	0.9780341728073878 1K
NA20538 HG02630#1#JAHAOQ010000102.1_16672145_17079089_0$HG02080#2#JAHEOV010000017.1_16662177_17164189_0	0.9780333397925172 1K
NA20538 HG00438#1#JAHBCB010000015.1_33474867_33954171_0$HG02818#1#JAHEOS010000101.1_89626_496613_0	0.9780326812046088 1K
NA20538 HG01109#2#JAHEOZ010000047.1_16671232_17151375_0$HG02809.verkko_filt_pat.fa:haplotype2_0001251_103421111_103827972_0	0.9780275637362866 1K
NA20538 AV_HG00673#haplotype1#0000019:16627360$17129375$HG02630#1#JAHAOQ010000102.1_16672145_17079089_0	0.9780260562775085 1K
NA20538 HG02145#2#JAHKSF010000206.1_1005292_1413195_1$HG01258#1#JAGYYV010000004.1_56955948_57456952_1	0.9780249243332675 1K
NA20538 HG02622#2#JAHAON010000012.1_51551779_52031001_0$HG02071.verkko_filt_pat.fa:haplotype2_0000736_102745972_103248026_0	0.9780208592758228 1K
NA20538 AV_HG02257#haplotype2#0001152:102843493$103251377$NA18906#2#JAHEON010000009.1_93748295_94249275_0	0.9780167234814717 1K
NA20538 AV_HG01175#haplotype1#0000070:46006269$46414083$HG03486#2#JAHEOP010000248.1_2105565_2584784_1	0.9780165842032421 1K
NA20538 HG02145#2#JAHKSF010000206.1_1005292_1413195_1$HG02293.verkko_filt_pat.fa:haplotype2_0000836_148310532_148812524_1	0.9780008895788039 1K
NA20538 AV_HG02148#haplotype2#0002863:16304803$16712699$HG01071#1#JAHBCF010000053.1_26607100_27108065_1	0.9779985827354025 1K
NA20538 HG03486#2#JAHEOP010000248.1_2105565_2584784_1$HG01358#1#JAGYZB010000020.1_27445742_27855492_1	0.9779876626767606 1K
NA20538 HG01109#1#JAHEPA010000099.1_2104245_2511104_1$HG00438#1#JAHBCB010000015.1_33474867_33954171_0	0.9779858279562149 1K
NA20538 HG02630#1#JAHAOQ010000102.1_16672145_17079089_0$NA18906#2#JAHEON010000009.1_93748295_94249275_0	0.9779755579561578 1K
NA20538 HG00438#1#JAHBCB010000015.1_33474867_33954171_0$HG01123#1#JAGYYZ010000015.1_51528240_51935090_0	0.9779742842124772 1K
NA20538 HG005#1#JAHEPO010000002.1_51519219_51926067_0$NA18906#2#JAHEON010000009.1_93748295_94249275_0	0.9779648567533625 1K
NA20538 chr1_hg38_103456064_103863972_0$HG03486#2#JAHEOP010000248.1_2105565_2584784_1	0.9779640900099622 1K
NA20538 chr1_hg19_103998686_104406594_0$HG03486#2#JAHEOP010000248.1_2105565_2584784_1	0.9779640900099622 1K
NA20538 HG02630#1#JAHAOQ010000102.1_16672145_17079089_0$HG02293.verkko_filt_pat.fa:haplotype2_0000836_148310532_148812524_1	0.9779628732895868 1K
NA20538 HG02622#2#JAHAON010000012.1_51551779_52031001_0$HG02004.verkko_filt_mat.fa:haplotype1_0000022_97828542_98235483_0	0.9779599263968145 1K
NA20538 HG00438#1#JAHBCB010000015.1_33474867_33954171_0$HG02622#1#JAHAOO010000002.1_16673678_17080663_0	0.9779482674844132 1K
NA20538 HG01109#2#JAHEOZ010000047.1_16671232_17151375_0$HG02818#1#JAHEOS010000101.1_89626_496613_0	0.9779468063702221 1K
NA20538 HG02818#2#JAHEOR010000010.1_31775319_32183091_1$HG02300.verkko_filt_mat.fa:haplotype1_0000028_144052837_144460586_1	0.9779346023620625 1K
NA20538 HG03486#2#JAHEOP010000248.1_2105565_2584784_1$HG002.verkko_filt_mat.fa:haplotype1_0000005_138228497_138636354_1	0.9779329675065935 1K
NA20538 HG01258#1#JAGYYV010000004.1_56955948_57456952_1$HG02300.verkko_filt_pat.fa:haplotype2_0000620_143362344_143769323_1	0.9779305513883341 1K
NA20538 NA20129#2#JAHEPD010000155.1_90039_569275_0$HG02004.verkko_filt_mat.fa:haplotype1_0000022_97828542_98235483_0	0.9779289195629468 1K
NA20538 HG005#1#JAHEPO010000002.1_51519219_51926067_0$HG00438#1#JAHBCB010000015.1_33474867_33954171_0	0.9779099092464663 1K
NA20538 HG03927.verkko_filt_mat.fa:haplotype1_0000009_134765170_135173010_1$HG02300.verkko_filt_mat.fa:haplotype1_0000028_144052837_144460586_1	0.9779088954762890 1K
NA20538 HG03453#1#JAGYVW010000157.1_2105722_2585000_1$HG03540#1#JAGYVY010000208.1_95187_596142_0	0.9779082801376066 1K
NA20538 HG01109#1#JAHEPA010000099.1_2104245_2511104_1$HG01109#2#JAHEOZ010000047.1_16671232_17151375_0	0.9779022824214663 1K
NA20538 HG03579#1#JAGYVU010000029.1_91404_499180_0$HG01099.verkko_filt_mat.fa:haplotype1_0000034_142513097_142920876_1	0.9778982875812428 1K
NA20538 HG02080#2#JAHEOV010000017.1_16662177_17164189_0$NA18906#1#JAHEOO010000054.1_2103477_2510435_1	0.9778962785755680 1K
NA20538 NA20129#2#JAHEPD010000155.1_90039_569275_0$HG02071.verkko_filt_pat.fa:haplotype2_0000736_102745972_103248026_0	0.9778945441429480 1K
NA20538 HG01071#1#JAHBCF010000053.1_26607100_27108065_1$HG02717#2#JAHAOR010000006.1_19663827_20070693_1	0.9778922977013130 1K
NA20538 HG01109#2#JAHEOZ010000047.1_16671232_17151375_0$HG04228.verkko_filt_mat.fa:haplotype1_0000023_103429213_103930285_0	0.9778900767845213 1K
NA20538 HG02630#2#JAHAOP010000089.1_16669255_17076135_0$HG01071#1#JAHBCF010000053.1_26607100_27108065_1	0.9778869352397734 1K
NA20538 HG03453#1#JAGYVW010000157.1_2105722_2585000_1$HG03516#2#JAGYYS010000004.1_24452130_24859892_1	0.9778859053346177 1K
NA20538 AV_HG00673#haplotype1#0000019:16627360$17129375$NA18906#1#JAHEOO010000054.1_2103477_2510435_1	0.9778835106886005 1K
NA20538 NA18906#1#JAHEOO010000054.1_2103477_2510435_1$NA18906#2#JAHEON010000009.1_93748295_94249275_0	0.9778822769794779 1K
NA20538 HG00621#2#JAHBCC010000031.1_16669999_17077865_0$HG03486#2#JAHEOP010000248.1_2105565_2584784_1	0.9778767769244707 1K
NA20538 HG01071#1#JAHBCF010000053.1_26607100_27108065_1$HG02300.verkko_filt_pat.fa:haplotype2_0000620_143362344_143769323_1	0.9778743866038243 1K
NA20538 HG03492#1#JAHEPI010000180.1_2103395_2543326_1$HG03540#1#JAGYVY010000208.1_95187_596142_0	0.9778706254147398 1K
NA20538 HG01071#1#JAHBCF010000053.1_26607100_27108065_1$HG02004.verkko_filt_mat.fa:haplotype1_0000022_97828542_98235483_0	0.9778684266484406 1K
NA20538 HG03516#2#JAGYYS010000004.1_24452130_24859892_1$HG01099.verkko_filt_mat.fa:haplotype1_0000034_142513097_142920876_1	0.9778637770647399 1K
NA20538 AV_HG01361#haplotype1#0000023:101593539$102001341$HG02300.verkko_filt_mat.fa:haplotype1_0000028_144052837_144460586_1	0.9778635344658579 1K
NA20538 AV_HG01361#haplotype2#0001322:101872897$102186552$chr1_chm13_103304997_103901127_0	0.9778624657617901 1K
NA20538 HG02559#1#JAGYVK010000012.1_51505852_51913611_0$HG01099.verkko_filt_mat.fa:haplotype1_0000034_142513097_142920876_1	0.9778569796860801 1K
NA20538 HG01928#1#JAGYVQ010000053.1_16676493_17083407_0$HG02622#2#JAHAON010000012.1_51551779_52031001_0	0.9778528769989717 1K
NA20538 AV_HG01106#haplotype1#0000048:16666181$17262214$HG03710.verkko_filt_mat.fa:haplotype1_0000029_102593394_102907063_0	0.9778484390541932 1K
NA20538 HG03453#1#JAGYVW010000157.1_2105722_2585000_1$HG01978#1#JAGYVS010000002.1_51519970_52021951_0	0.9778467090131465 1K
NA20538 HG03492#1#JAHEPI010000180.1_2103395_2543326_1$HG03540#2#JAGYVX010000148.1_1368955_1877115_0	0.9778404776117141 1K
NA20538 HG005#1#JAHEPO010000002.1_51519219_51926067_0$HG01071#1#JAHBCF010000053.1_26607100_27108065_1	0.9778404444865416 1K
NA20538 HG01109#1#JAHEPA010000099.1_2104245_2511104_1$HG02080#2#JAHEOV010000017.1_16662177_17164189_0	0.9778367436498792 1K
NA20538 HG03486#2#JAHEOP010000248.1_2105565_2584784_1$HG02071.verkko_filt_mat.fa:haplotype1_0000041_103610513_104018399_0	0.9778337604538118 1K
NA20538 HG01978#1#JAGYVS010000002.1_51519970_52021951_0$HG02622#1#JAHAOO010000002.1_16673678_17080663_0	0.9778323438012427 1K
NA20538 HG02080#1#JAHEOW010000048.1_16689583_17097287_0$HG02300.verkko_filt_mat.fa:haplotype1_0000028_144052837_144460586_1	0.9778305652718042 1K
NA20538 HG01928#1#JAGYVQ010000053.1_16676493_17083407_0$NA20129#2#JAHEPD010000155.1_90039_569275_0	0.9778281340581622 1K
NA20538 HG02145#2#JAHKSF010000206.1_1005292_1413195_1$HG01071#1#JAHBCF010000053.1_26607100_27108065_1	0.9778204627514616 1K
NA20538 HG03486#2#JAHEOP010000248.1_2105565_2584784_1$HG02486#1#JAGYVM010000007.1_28868414_29370339_1	0.9778130052932225 1K
NA20538 NA18906#1#JAHEOO010000054.1_2103477_2510435_1$HG02293.verkko_filt_pat.fa:haplotype2_0000836_148310532_148812524_1	0.9778038846818474 1K
NA20538 NA19240#1#JAHEOM010000047.1_30103390_30511199_1$HG02300.verkko_filt_mat.fa:haplotype1_0000028_144052837_144460586_1	0.9778022051216693 1K
NA20538 AV_HG00673#haplotype1#0000019:16627360$17129375$HG01109#1#JAHEPA010000099.1_2104245_2511104_1	0.9777981241987823 1K
NA20538 AV_HG00673#haplotype2#0001165:24014011$24421797$HG00741#1#JAHALY010000007.1_18781197_19307680_1	0.9777730187481749 1K
NA20538 AV_HG01106#haplotype1#0000048:16666181$17262214$HG03098#2#JAHEPL010000003.1_93803759_94117426_0	0.9777712503621504 1K
NA20538 HG01123#1#JAGYYZ010000015.1_51528240_51935090_0$HG01071#1#JAHBCF010000053.1_26607100_27108065_1	0.9777667260366796 1K
NA20538 HG00621#1#JAHBCD010000034.1_2122997_2624098_1$HG02630#2#JAHAOP010000089.1_16669255_17076135_0	0.9777551161660365 1K
NA20538 HG00741#2#JAHALX010000013.1_51574319_51981226_0$HG04228.verkko_filt_mat.fa:haplotype1_0000023_103429213_103930285_0	0.9777523259917656 1K
NA20538 HG02080#1#JAHEOW010000048.1_16689583_17097287_0$HG01099.verkko_filt_mat.fa:haplotype1_0000034_142513097_142920876_1	0.9777487334683010 1K
NA20538 NA18906#2#JAHEON010000009.1_93748295_94249275_0$HG02809.verkko_filt_pat.fa:haplotype2_0001251_103421111_103827972_0	0.9777455365451510 1K
NA20538 AV_HG00673#haplotype1#0000019:16627360$17129375$HG03927.verkko_filt_pat.fa:haplotype2_0000800_29002142_29504057_1	0.9777371158052640 1K
NA20538 HG01928#1#JAGYVQ010000053.1_16676493_17083407_0$HG01071#1#JAHBCF010000053.1_26607100_27108065_1	0.9777312198805947 1K
NA20538 HG01099.verkko_filt_mat.fa:haplotype1_0000034_142513097_142920876_1$HG02300.verkko_filt_mat.fa:haplotype1_0000028_144052837_144460586_1	0.9777291887799419 1K
NA20538 HG02630#1#JAHAOQ010000102.1_16672145_17079089_0$HG01258#1#JAGYYV010000004.1_56955948_57456952_1	0.9777189508142202 1K
NA20538 HG02080#2#JAHEOV010000017.1_16662177_17164189_0$HG03540#2#JAGYVX010000148.1_1368955_1877115_0	0.9777186448853689 1K
NA20538 HG02109#1#JAHEPG010000026.1_16673035_17080816_0$HG02300.verkko_filt_mat.fa:haplotype1_0000028_144052837_144460586_1	0.9777165519677745 1K
NA20538 HG03486#1#JAHEOQ010000123.1_16677696_17085575_0$HG03486#2#JAHEOP010000248.1_2105565_2584784_1	0.9777120872297334 1K
NA20538 HG03453#1#JAGYVW010000157.1_2105722_2585000_1$HG03579#1#JAGYVU010000029.1_91404_499180_0	0.9777111262183046 1K
NA20538 HG03453#1#JAGYVW010000157.1_2105722_2585000_1$HG03927.verkko_filt_mat.fa:haplotype1_0000009_134765170_135173010_1	0.9777098186404838 1K
NA20538 HG02080#2#JAHEOV010000017.1_16662177_17164189_0$HG03927.verkko_filt_pat.fa:haplotype2_0000800_29002142_29504057_1	0.9777026514850309 1K
NA20538 HG02559#1#JAGYVK010000012.1_51505852_51913611_0$HG03453#1#JAGYVW010000157.1_2105722_2585000_1	0.9776844139271992 1K
NA20538 HG02717#1#JAHAOS010000015.1_16660311_17067250_0$NA18906#2#JAHEON010000009.1_93748295_94249275_0	0.9776832049858472 1K
NA20538 HG02818#2#JAHEOR010000010.1_31775319_32183091_1$HG01099.verkko_filt_mat.fa:haplotype1_0000034_142513097_142920876_1	0.9776829413697778 1K
NA20538 HG00621#1#JAHBCD010000034.1_2122997_2624098_1$HG02622#2#JAHAON010000012.1_51551779_52031001_0	0.9776800491551277 1K
NA20538 HG00438#1#JAHBCB010000015.1_33474867_33954171_0$HG00741#2#JAHALX010000013.1_51574319_51981226_0	0.9776782046634546 1K
NA20538 HG03492#2#JAHEPH010000288.1_2098270_2432686_1$HG03540#2#JAGYVX010000148.1_1368955_1877115_0	0.9776649908085017 1K
NA20538 HG02630#2#JAHAOP010000089.1_16669255_17076135_0$HG04228.verkko_filt_mat.fa:haplotype1_0000023_103429213_103930285_0	0.9776614610979369 1K
NA20538 HG03927.verkko_filt_mat.fa:haplotype1_0000009_134765170_135173010_1$HG01099.verkko_filt_mat.fa:haplotype1_0000034_142513097_142920876_1	0.9776574672326065 1K
NA20538 NA18906#2#JAHEON010000009.1_93748295_94249275_0$HG00741#2#JAHALX010000013.1_51574319_51981226_0	0.9776568425514574 1K
NA20538 HG02717#1#JAHAOS010000015.1_16660311_17067250_0$HG02080#2#JAHEOV010000017.1_16662177_17164189_0	0.9776525995624397 1K
NA20538 HG03453#1#JAGYVW010000157.1_2105722_2585000_1$chr1_hg38_103456064_103863972_0	0.9776497834004018 1K
NA20538 HG03453#1#JAGYVW010000157.1_2105722_2585000_1$chr1_hg19_103998686_104406594_0	0.9776497834004018 1K
NA20538 AV_HG00673#haplotype1#0000019:16627360$17129375$HG02717#1#JAHAOS010000015.1_16660311_17067250_0	0.9776455493094450 1K
NA20538 AV_HG00673#haplotype1#0000019:16627360$17129375$HG03486#2#JAHEOP010000248.1_2105565_2584784_1	0.9776453789390029 1K
NA20538 AV_HG02257#haplotype2#0001152:102843493$103251377$HG01258#1#JAGYYV010000004.1_56955948_57456952_1	0.9776441330659925 1K
NA20538 AV_HG00673#haplotype1#0000019:16627360$17129375$HG03540#2#JAGYVX010000148.1_1368955_1877115_0	0.9776426812413640 1K
NA20538 NA19240#2#JAHEOL010000010.1_37445323_37853017_0$HG01099.verkko_filt_mat.fa:haplotype1_0000034_142513097_142920876_1	0.9776402966365728 1K
NA20538 HG01109#1#JAHEPA010000099.1_2104245_2511104_1$HG02293.verkko_filt_pat.fa:haplotype2_0000836_148310532_148812524_1	0.9776385519045947 1K
NA20538 HG02293.verkko_filt_pat.fa:haplotype2_0000836_148310532_148812524_1$HG03927.verkko_filt_pat.fa:haplotype2_0000800_29002142_29504057_1	0.9776383504560123 1K
NA20538 chr1_chm13_103304997_103901127_0$HG03710.verkko_filt_mat.fa:haplotype1_0000029_102593394_102907063_0	0.9776351402673185 1K
NA20538 HG02080#2#JAHEOV010000017.1_16662177_17164189_0$HG02818#1#JAHEOS010000101.1_89626_496613_0	0.9776312239165239 1K
NA20538 AV_HG01361#haplotype1#0000023:101593539$102001341$HG01099.verkko_filt_mat.fa:haplotype1_0000034_142513097_142920876_1	0.9776279556048217 1K
NA20538 HG03540#2#JAGYVX010000148.1_1368955_1877115_0$HG01243#1#JAHEOY010000013.1_90081_424495_0	0.9776267994048817 1K
NA20538 AV_HG01361#haplotype1#0000023:101593539$102001341$HG03516#2#JAGYYS010000004.1_24452130_24859892_1	0.9776175309139634 1K
NA20538 NA19240#2#JAHEOL010000010.1_37445323_37853017_0$HG02300.verkko_filt_mat.fa:haplotype1_0000028_144052837_144460586_1	0.9776168876423594 1K
NA20538 HG03486#2#JAHEOP010000248.1_2105565_2584784_1$HG005#2#JAHEPN010000023.1_51542210_51950070_0	0.9776160695868267 1K
NA20538 HG01358#1#JAGYZB010000020.1_27445742_27855492_1$HG03927.verkko_filt_mat.fa:haplotype1_0000009_134765170_135173010_1	0.9776151919476966 1K
NA20538 HG00741#1#JAHALY010000007.1_18781197_19307680_1$HG03516#1#JAGYYT010000012.1_24170958_24578778_1	0.9776126350907161 1K
NA20538 HG02080#2#JAHEOV010000017.1_16662177_17164189_0$HG03486#2#JAHEOP010000248.1_2105565_2584784_1	0.9776079087863412 1K
NA20538 HG01258#2#JAGYYU010000072.1_51562603_51970395_0$HG02300.verkko_filt_mat.fa:haplotype1_0000028_144052837_144460586_1	0.9776064921447783 1K
NA20538 HG02717#1#JAHAOS010000015.1_16660311_17067250_0$HG02293.verkko_filt_pat.fa:haplotype2_0000836_148310532_148812524_1	0.9776045067317025 1K
NA20538 NA18906#2#JAHEON010000009.1_93748295_94249275_0$HG02818#1#JAHEOS010000101.1_89626_496613_0	0.9775975075568283 1K
NA20538 HG01109#1#JAHEPA010000099.1_2104245_2511104_1$NA18906#2#JAHEON010000009.1_93748295_94249275_0	0.9775940640980851 1K
NA20538 AV_HG02257#haplotype2#0001152:102843493$103251377$HG02080#2#JAHEOV010000017.1_16662177_17164189_0	0.9775861250586826 1K
NA20538 HG03453#1#JAGYVW010000157.1_2105722_2585000_1$HG02080#2#JAHEOV010000017.1_16662177_17164189_0	0.9775848675900576 1K
NA20538 AV_HG00673#haplotype1#0000019:16627360$17129375$HG02818#1#JAHEOS010000101.1_89626_496613_0	0.9775807679026786 1K
NA20538 HG02622#1#JAHAOO010000002.1_16673678_17080663_0$HG01109#2#JAHEOZ010000047.1_16671232_17151375_0	0.9775780263119610 1K
NA20538 HG02622#2#JAHAON010000012.1_51551779_52031001_0$HG04228.verkko_filt_mat.fa:haplotype1_0000023_103429213_103930285_0	0.9775757666957593 1K
NA20538 HG00621#1#JAHBCD010000034.1_2122997_2624098_1$NA20129#2#JAHEPD010000155.1_90039_569275_0	0.9775709795360158 1K
NA20538 HG03453#2#JAGYVV010000088.1_22597550_23005370_1$HG03486#2#JAHEOP010000248.1_2105565_2584784_1	0.9775692982101676 1K
NA20538 HG03516#1#JAGYYT010000012.1_24170958_24578778_1$HG02300.verkko_filt_mat.fa:haplotype1_0000028_144052837_144460586_1	0.9775665473694365 1K
NA20538 AV_HG00673#haplotype2#0001165:24014011$24421797$HG02300.verkko_filt_mat.fa:haplotype1_0000028_144052837_144460586_1	0.9775618741035128 1K
NA20538 AV_HG01361#haplotype1#0000023:101593539$102001341$HG02818#2#JAHEOR010000010.1_31775319_32183091_1	0.9775582886450846 1K
NA20538 AV_HG01106#haplotype2#0000932:16673968$17175925$HG01099.verkko_filt_pat.fa:haplotype2_0000583_143544270_144046196_1	0.9775538233433746 1K
NA20538 NA19240#1#JAHEOM010000047.1_30103390_30511199_1$HG01099.verkko_filt_mat.fa:haplotype1_0000034_142513097_142920876_1	0.9775505477634329 1K
NA20538 AV_HG00673#haplotype1#0000019:16627360$17129375$HG03453#1#JAGYVW010000157.1_2105722_2585000_1	0.9775485300023403 1K
NA20538 HG02080#1#JAHEOW010000048.1_16689583_17097287_0$HG03927.verkko_filt_mat.fa:haplotype1_0000009_134765170_135173010_1	0.9775480456245010 1K
NA20538 HG01258#1#JAGYYV010000004.1_56955948_57456952_1$HG00741#2#JAHALX010000013.1_51574319_51981226_0	0.9775475407950799 1K
NA20538 HG03486#2#JAHEOP010000248.1_2105565_2584784_1$HG02293.verkko_filt_pat.fa:haplotype2_0000836_148310532_148812524_1	0.9775410699420553 1K
NA20538 AV_HG01361#haplotype1#0000023:101593539$102001341$HG02559#1#JAGYVK010000012.1_51505852_51913611_0	0.9775379434089765 1K
NA20538 HG02622#2#JAHAON010000012.1_51551779_52031001_0$HG01258#1#JAGYYV010000004.1_56955948_57456952_1	0.9775370530320088 1K
NA20538 HG00621#1#JAHBCD010000034.1_2122997_2624098_1$HG02145#2#JAHKSF010000206.1_1005292_1413195_1	0.9775362978538087 1K
NA20538 AV_HG00673#haplotype1#0000019:16627360$17129375$AV_HG02257#haplotype2#0001152:102843493$103251377	0.9775357546479486 1K
NA20538 AV_HG02148#haplotype2#0002863:16304803$16712699$HG03486#2#JAHEOP010000248.1_2105565_2584784_1	0.9775260310874720 1K
NA20538 AV_HG01361#haplotype1#0000023:101593539$102001341$HG02080#1#JAHEOW010000048.1_16689583_17097287_0	0.9775187494502733 1K
NA20538 HG01258#1#JAGYYV010000004.1_56955948_57456952_1$NA18906#1#JAHEOO010000054.1_2103477_2510435_1	0.9775159956500286 1K
NA20538 NA20129#2#JAHEPD010000155.1_90039_569275_0$HG04228.verkko_filt_mat.fa:haplotype1_0000023_103429213_103930285_0	0.9775148758603939 1K
NA20538 AV_HG01361#haplotype1#0000023:101593539$102001341$HG03579#1#JAGYVU010000029.1_91404_499180_0	0.9775144343080726 1K
NA20538 HG02818#1#JAHEOS010000101.1_89626_496613_0$HG02293.verkko_filt_pat.fa:haplotype2_0000836_148310532_148812524_1	0.9775073168078883 1K
NA20538 AV_HG02257#haplotype2#0001152:102843493$103251377$HG02293.verkko_filt_pat.fa:haplotype2_0000836_148310532_148812524_1	0.9775060801769225 1K
NA20538 HG02080#1#JAHEOW010000048.1_16689583_17097287_0$HG03579#1#JAGYVU010000029.1_91404_499180_0	0.9774975835697869 1K
NA20538 HG02717#1#JAHAOS010000015.1_16660311_17067250_0$HG01258#1#JAGYYV010000004.1_56955948_57456952_1	0.9774972399600035 1K
NA20538 HG03540#2#JAGYVX010000148.1_1368955_1877115_0$HG02293.verkko_filt_pat.fa:haplotype2_0000836_148310532_148812524_1	0.9774966401175146 1K
NA20538 HG02630#1#JAHAOQ010000102.1_16672145_17079089_0$HG02071.verkko_filt_pat.fa:haplotype2_0000736_102745972_103248026_0	0.9774841128427135 1K
NA20538 NA20129#2#JAHEPD010000155.1_90039_569275_0$HG01258#1#JAGYYV010000004.1_56955948_57456952_1	0.9774803564596842 1K
NA20538 HG02080#1#JAHEOW010000048.1_16689583_17097287_0$HG03516#2#JAGYYS010000004.1_24452130_24859892_1	0.9774792287301906 1K
NA20538 HG02630#1#JAHAOQ010000102.1_16672145_17079089_0$HG01071#1#JAHBCF010000053.1_26607100_27108065_1	0.9774756881867602 1K
NA20538 HG03098#2#JAHEPL010000003.1_93803759_94117426_0$chr1_chm13_103304997_103901127_0	0.9774655308326659 1K
NA20538 HG02109#1#JAHEPG010000026.1_16673035_17080816_0$HG01099.verkko_filt_mat.fa:haplotype1_0000034_142513097_142920876_1	0.9774640594357807 1K
NA20538 HG02145#2#JAHKSF010000206.1_1005292_1413195_1$HG02071.verkko_filt_pat.fa:haplotype2_0000736_102745972_103248026_0	0.9774521347138923 1K
NA20538 HG02818#2#JAHEOR010000010.1_31775319_32183091_1$HG03453#1#JAGYVW010000157.1_2105722_2585000_1	0.9774506131589096 1K
NA20538 HG03453#1#JAGYVW010000157.1_2105722_2585000_1$HG02293.verkko_filt_pat.fa:haplotype2_0000836_148310532_148812524_1	0.9774399679252275 1K
NA20538 HG02300.verkko_filt_mat.fa:haplotype1_0000028_144052837_144460586_1$HG02809.verkko_filt_pat.fa:haplotype2_0001251_103421111_103827972_0	0.9774346940447074 1K
NA20538 AV_HG02257#haplotype2#0001152:102843493$103251377$HG01071#1#JAHBCF010000053.1_26607100_27108065_1	0.9774293693508044 1K
NA20538 HG02080#1#JAHEOW010000048.1_16689583_17097287_0$HG02559#1#JAGYVK010000012.1_51505852_51913611_0	0.9774239008258990 1K
NA20538 HG02145#2#JAHKSF010000206.1_1005292_1413195_1$HG04228.verkko_filt_mat.fa:haplotype1_0000023_103429213_103930285_0	0.9774081398596296 1K
NA20538 HG00438#1#JAHBCB010000015.1_33474867_33954171_0$HG01109#2#JAHEOZ010000047.1_16671232_17151375_0	0.9774064261842923 1K
NA20538 HG03453#1#JAGYVW010000157.1_2105722_2585000_1$HG002.verkko_filt_mat.fa:haplotype1_0000005_138228497_138636354_1	0.9774013885127006 1K
NA20538 HG02886#1#JAHAOU010000178.1_62411_469262_0$HG02300.verkko_filt_mat.fa:haplotype1_0000028_144052837_144460586_1	0.9773787587599068 1K
NA20538 HG03098#1#JAHEPM010000059.1_16676208_17105596_0$HG03927.verkko_filt_pat.fa:haplotype2_0000800_29002142_29504057_1	0.9773712042146958 1K
NA20538 HG02559#2#JAGYVJ010000037.1_52167780_52574597_1$NA20129#2#JAHEPD010000155.1_90039_569275_0	0.9773601083087369 1K
NA20538 HG02071.verkko_filt_pat.fa:haplotype2_0000736_102745972_103248026_0$HG03927.verkko_filt_pat.fa:haplotype2_0000800_29002142_29504057_1	0.9773554096872957 1K
NA20538 NA18906#1#JAHEOO010000054.1_2103477_2510435_1$HG02071.verkko_filt_pat.fa:haplotype2_0000736_102745972_103248026_0	0.9773524510063176 1K
NA20538 HG01109#2#JAHEOZ010000047.1_16671232_17151375_0$NA18906#2#JAHEON010000009.1_93748295_94249275_0	0.9773511846177881 1K
NA20538 HG04228.verkko_filt_mat.fa:haplotype1_0000023_103429213_103930285_0$HG03927.verkko_filt_pat.fa:haplotype2_0000800_29002142_29504057_1	0.9773491369775652 1K
NA20538 HG02080#1#JAHEOW010000048.1_16689583_17097287_0$HG02818#2#JAHEOR010000010.1_31775319_32183091_1	0.9773471270778005 1K
NA20538 HG01258#2#JAGYYU010000072.1_51562603_51970395_0$HG01099.verkko_filt_mat.fa:haplotype1_0000034_142513097_142920876_1	0.9773464243141142 1K
NA20538 HG02486#2#JAGYVL010000029.1_94163344_94570162_0$HG02300.verkko_filt_mat.fa:haplotype1_0000028_144052837_144460586_1	0.9773419212117009 1K
NA20538 HG03516#1#JAGYYT010000012.1_24170958_24578778_1$HG01099.verkko_filt_mat.fa:haplotype1_0000034_142513097_142920876_1	0.9773398080725486 1K
NA20538 HG01258#1#JAGYYV010000004.1_56955948_57456952_1$HG02818#1#JAHEOS010000101.1_89626_496613_0	0.9773388969124174 1K
NA20538 HG02647.verkko_filt_mat.fa:haplotype1_0000002_103892584_104321036_0$HG03927.verkko_filt_pat.fa:haplotype2_0000800_29002142_29504057_1	0.9773367533484826 1K
NA20538 AV_HG01361#haplotype1#0000023:101593539$102001341$NA19240#2#JAHEOL010000010.1_37445323_37853017_0	0.9773296473963782 1K
NA20538 HG03453#1#JAGYVW010000157.1_2105722_2585000_1$HG005#2#JAHEPN010000023.1_51542210_51950070_0	0.9773272094720994 1K
NA20538 AV_HG01361#haplotype1#0000023:101593539$102001341$HG03927.verkko_filt_mat.fa:haplotype1_0000009_134765170_135173010_1	0.9773228359585107 1K
NA20538 AV_HG00673#haplotype2#0001165:24014011$24421797$HG01099.verkko_filt_mat.fa:haplotype1_0000034_142513097_142920876_1	0.9773182879731682 1K
NA20538 HG02630#2#JAHAOP010000089.1_16669255_17076135_0$HG02300.verkko_filt_mat.fa:haplotype1_0000028_144052837_144460586_1	0.9773141255135369 1K
NA20538 HG02080#2#JAHEOV010000017.1_16662177_17164189_0$HG02622#1#JAHAOO010000002.1_16673678_17080663_0	0.9773057268604817 1K
NA20538 HG00621#1#JAHBCD010000034.1_2122997_2624098_1$HG03927.verkko_filt_pat.fa:haplotype2_0000800_29002142_29504057_1	0.9773033187452858 1K
NA20538 HG00621#1#JAHBCD010000034.1_2122997_2624098_1$HG03540#2#JAGYVX010000148.1_1368955_1877115_0	0.9773025066093386 1K
NA20538 HG02486#2#JAGYVL010000029.1_94163344_94570162_0$HG01099.verkko_filt_mat.fa:haplotype1_0000034_142513097_142920876_1	0.9773004877931910 1K
NA20538 HG03453#1#JAGYVW010000157.1_2105722_2585000_1$HG01358#1#JAGYZB010000020.1_27445742_27855492_1	0.9772957142767491 1K
NA20538 HG01071#1#JAHBCF010000053.1_26607100_27108065_1$NA18906#1#JAHEOO010000054.1_2103477_2510435_1	0.9772947462296782 1K
NA20538 HG01358#1#JAGYZB010000020.1_27445742_27855492_1$HG03579#1#JAGYVU010000029.1_91404_499180_0	0.9772946021594893 1K
NA20538 HG02622#1#JAHAOO010000002.1_16673678_17080663_0$NA18906#2#JAHEON010000009.1_93748295_94249275_0	0.9772907036161048 1K
NA20538 HG03453#1#JAGYVW010000157.1_2105722_2585000_1$NA19240#1#JAHEOM010000047.1_30103390_30511199_1	0.9772735404213828 1K
NA20538 HG02717#2#JAHAOR010000006.1_19663827_20070693_1$HG02300.verkko_filt_mat.fa:haplotype1_0000028_144052837_144460586_1	0.9772732960280159 1K
NA20538 HG03540#2#JAGYVX010000148.1_1368955_1877115_0$HG02071.verkko_filt_pat.fa:haplotype2_0000736_102745972_103248026_0	0.9772707839343142 1K
NA20538 HG03486#2#JAHEOP010000248.1_2105565_2584784_1$HG02300.verkko_filt_pat.fa:haplotype2_0000620_143362344_143769323_1	0.9772638057400899 1K
NA20538 HG02559#2#JAGYVJ010000037.1_52167780_52574597_1$HG02622#2#JAHAON010000012.1_51551779_52031001_0	0.9772601103855854 1K
NA20538 HG03516#2#JAGYYS010000004.1_24452130_24859892_1$HG01358#1#JAGYZB010000020.1_27445742_27855492_1	0.9772588894620735 1K
NA20538 HG02080#1#JAHEOW010000048.1_16689583_17097287_0$NA19240#1#JAHEOM010000047.1_30103390_30511199_1	0.9772551433184301 1K
NA20538 HG01109#1#JAHEPA010000099.1_2104245_2511104_1$HG02071.verkko_filt_pat.fa:haplotype2_0000736_102745972_103248026_0	0.9772506121286425 1K
NA20538 AV_HG01106#haplotype2#0000932:16673968$17175925$HG03540#1#JAGYVY010000208.1_95187_596142_0	0.9772438999830676 1K
NA20538 NA20129#2#JAHEPD010000155.1_90039_569275_0$HG02109#1#JAHEPG010000026.1_16673035_17080816_0	0.9772431039259181 1K
NA20538 HG00621#2#JAHBCC010000031.1_16669999_17077865_0$HG03453#1#JAGYVW010000157.1_2105722_2585000_1	0.9772400209923174 1K
NA20538 AV_HG01106#haplotype1#0000048:16666181$17262214$HG02300.verkko_filt_mat.fa:haplotype1_0000028_144052837_144460586_1	0.9772347828701836 1K
NA20538 HG01071#1#JAHBCF010000053.1_26607100_27108065_1$HG00741#2#JAHALX010000013.1_51574319_51981226_0	0.9772326217361861 1K
NA20538 HG03486#2#JAHEOP010000248.1_2105565_2584784_1$HG02071.verkko_filt_pat.fa:haplotype2_0000736_102745972_103248026_0	0.9772229910320620 1K
NA20538 HG01099.verkko_filt_mat.fa:haplotype1_0000034_142513097_142920876_1$HG02809.verkko_filt_pat.fa:haplotype2_0001251_103421111_103827972_0	0.9772226028794824 1K
NA20538 chr1_chm13_103304997_103901127_0$HG02300.verkko_filt_mat.fa:haplotype1_0000028_144052837_144460586_1	0.9772216697501600 1K
NA20538 AV_HG01361#haplotype1#0000023:101593539$102001341$NA19240#1#JAHEOM010000047.1_30103390_30511199_1	0.9772156686154033 1K
NA20538 chr1_chm13_103304997_103901127_0$HG02647.verkko_filt_pat.fa:haplotype2_0000857_103738150_104051769_0	0.9772134857095796 1K
NA20538 HG03516#2#JAGYYS010000004.1_24452130_24859892_1$NA19240#2#JAHEOL010000010.1_37445323_37853017_0	0.9772089210478174 1K
NA20538 HG00621#1#JAHBCD010000034.1_2122997_2624098_1$HG02630#1#JAHAOQ010000102.1_16672145_17079089_0	0.9772078811503332 1K
NA20538 HG02055#2#JAHEPJ010000017.1_24870122_25298560_1$HG03927.verkko_filt_pat.fa:haplotype2_0000800_29002142_29504057_1	0.9772067902296745 1K
NA20538 HG02717#1#JAHAOS010000015.1_16660311_17067250_0$HG01071#1#JAHBCF010000053.1_26607100_27108065_1	0.9772050448115611 1K
NA20538 AV_HG01361#haplotype1#0000023:101593539$102001341$HG02486#2#JAGYVL010000029.1_94163344_94570162_0	0.9772000157222257 1K
NA20538 HG01123#1#JAGYYZ010000015.1_51528240_51935090_0$HG02300.verkko_filt_mat.fa:haplotype1_0000028_144052837_144460586_1	0.9771965832043752 1K
NA20538 AV_HG00673#haplotype1#0000019:16627360$17129375$HG02622#1#JAHAOO010000002.1_16673678_17080663_0	0.9771960764839184 1K
NA20538 HG01978#1#JAGYVS010000002.1_51519970_52021951_0$HG01099.verkko_filt_pat.fa:haplotype2_0000583_143544270_144046196_1	0.9771883975757196 1K
NA20538 HG03710.verkko_filt_pat.fa:haplotype2_0000488_101614437_102218208_0$HG02300.verkko_filt_mat.fa:haplotype1_0000028_144052837_144460586_1	0.9771840099189948 1K
NA20538 HG01258#1#JAGYYV010000004.1_56955948_57456952_1$HG01099.verkko_filt_pat.fa:haplotype2_0000583_143544270_144046196_1	0.9771832583147261 1K
NA20538 AV_HG01106#haplotype1#0000048:16666181$17262214$HG01099.verkko_filt_mat.fa:haplotype1_0000034_142513097_142920876_1	0.9771827394986763 1K
NA20538 HG03579#2#JAGYVT010000094.1_51581892_51895531_0$chr1_chm13_103304997_103901127_0	0.9771827277638627 1K
NA20538 AV_HG01106#haplotype2#0000932:16673968$17175925$HG03492#1#JAHEPI010000180.1_2103395_2543326_1	0.9771821223034647 1K
NA20538 HG02559#1#JAGYVK010000012.1_51505852_51913611_0$HG01358#1#JAGYZB010000020.1_27445742_27855492_1	0.9771749104927115 1K
NA20538 AV_HG00673#haplotype2#0001165:24014011$24421797$HG03516#2#JAGYYS010000004.1_24452130_24859892_1	0.9771619139195120 1K
NA20538 AV_HG01175#haplotype1#0000070:46006269$46414083$HG03453#1#JAGYVW010000157.1_2105722_2585000_1	0.9771563138124165 1K
NA20538 HG02109#2#JAHEPF010000078.1_16678387_16991144_0$chr1_chm13_103304997_103901127_0	0.9771436487750710 1K
NA20538 HG03540#2#JAGYVX010000148.1_1368955_1877115_0$HG04228.verkko_filt_mat.fa:haplotype1_0000023_103429213_103930285_0	0.9771424903206642 1K
NA20538 HG03710.verkko_filt_pat.fa:haplotype2_0000488_101614437_102218208_0$HG01099.verkko_filt_mat.fa:haplotype1_0000034_142513097_142920876_1	0.9771412007990601 1K
NA20538 AV_HG00673#haplotype2#0001165:24014011$24421797$HG02559#1#JAGYVK010000012.1_51505852_51913611_0	0.9771391820459595 1K
NA20538 HG03486#2#JAHEOP010000248.1_2105565_2584784_1$HG01978#2#JAGYVR010000007.1_51532241_51939176_0	0.9771303498275193 1K
NA20538 HG02622#2#JAHAON010000012.1_51551779_52031001_0$HG01071#1#JAHBCF010000053.1_26607100_27108065_1	0.9771283402582256 1K
NA20538 HG02622#2#JAHAON010000012.1_51551779_52031001_0$HG02109#1#JAHEPG010000026.1_16673035_17080816_0	0.9771244497869760 1K
NA20538 HG01123#1#JAGYYZ010000015.1_51528240_51935090_0$HG01099.verkko_filt_mat.fa:haplotype1_0000034_142513097_142920876_1	0.9771228153320538 1K
NA20538 HG02080#1#JAHEOW010000048.1_16689583_17097287_0$HG02109#1#JAHEPG010000026.1_16673035_17080816_0	0.9771197954274469 1K
NA20538 chr1_chm13_103304997_103901127_0$HG01099.verkko_filt_mat.fa:haplotype1_0000034_142513097_142920876_1	0.9771191675316311 1K
NA20538 HG02717#2#JAHAOR010000006.1_19663827_20070693_1$HG01099.verkko_filt_mat.fa:haplotype1_0000034_142513097_142920876_1	0.9771185229654337 1K
NA20538 HG03453#1#JAGYVW010000157.1_2105722_2585000_1$HG02071.verkko_filt_pat.fa:haplotype2_0000736_102745972_103248026_0	0.9771176770156808 1K
NA20538 HG02886#1#JAHAOU010000178.1_62411_469262_0$HG01099.verkko_filt_mat.fa:haplotype1_0000034_142513097_142920876_1	0.9771176520747779 1K
NA20538 HG02622#1#JAHAOO010000002.1_16673678_17080663_0$HG02293.verkko_filt_pat.fa:haplotype2_0000836_148310532_148812524_1	0.9771125037765913 1K
NA20538 AV_HG00673#haplotype2#0001165:24014011$24421797$HG02818#2#JAHEOR010000010.1_31775319_32183091_1	0.9771112929579463 1K
NA20538 HG03492#2#JAHEPH010000288.1_2098270_2432686_1$HG01099.verkko_filt_pat.fa:haplotype2_0000583_143544270_144046196_1	0.9771051816912222 1K
NA20538 NA20129#2#JAHEPD010000155.1_90039_569275_0$HG01071#1#JAHBCF010000053.1_26607100_27108065_1	0.9771024868792374 1K
NA20538 HG02630#1#JAHAOQ010000102.1_16672145_17079089_0$HG04228.verkko_filt_mat.fa:haplotype1_0000023_103429213_103930285_0	0.9771012769309669 1K
NA20538 HG01258#1#JAGYYV010000004.1_56955948_57456952_1$HG02622#1#JAHAOO010000002.1_16673678_17080663_0	0.9770954019385916 1K
NA20538 HG02630#2#JAHAOP010000089.1_16669255_17076135_0$HG01099.verkko_filt_mat.fa:haplotype1_0000034_142513097_142920876_1	0.9770946944223757 1K
NA20538 NA18906#2#JAHEON010000009.1_93748295_94249275_0$HG01099.verkko_filt_pat.fa:haplotype2_0000583_143544270_144046196_1	0.9770936864414019 1K
NA20538 HG01071#1#JAHBCF010000053.1_26607100_27108065_1$HG02818#1#JAHEOS010000101.1_89626_496613_0	0.9770918872661923 1K
NA20538 NA20129#2#JAHEPD010000155.1_90039_569275_0$HG01258#2#JAGYYU010000072.1_51562603_51970395_0	0.9770828356507236 1K
NA20538 HG02559#1#JAGYVK010000012.1_51505852_51913611_0$NA19240#2#JAHEOL010000010.1_37445323_37853017_0	0.9770812297932371 1K
NA20538 HG02818#2#JAHEOR010000010.1_31775319_32183091_1$NA19240#2#JAHEOL010000010.1_37445323_37853017_0	0.9770698019192972 1K
NA20538 HG02717#1#JAHAOS010000015.1_16660311_17067250_0$HG02071.verkko_filt_pat.fa:haplotype2_0000736_102745972_103248026_0	0.9770660822851340 1K
NA20538 HG03579#1#JAGYVU010000029.1_91404_499180_0$NA19240#2#JAHEOL010000010.1_37445323_37853017_0	0.9770577134768728 1K
NA20538 HG01243#1#JAHEOY010000013.1_90081_424495_0$HG01099.verkko_filt_pat.fa:haplotype2_0000583_143544270_144046196_1	0.9770512385158397 1K
NA20538 HG02622#2#JAHAON010000012.1_51551779_52031001_0$HG01258#2#JAGYYU010000072.1_51562603_51970395_0	0.9770509794141876 1K
NA20538 AV_HG01361#haplotype1#0000023:101593539$102001341$HG02109#1#JAHEPG010000026.1_16673035_17080816_0	0.9770471919945457 1K
NA20538 NA19240#2#JAHEOL010000010.1_37445323_37853017_0$HG03927.verkko_filt_mat.fa:haplotype1_0000009_134765170_135173010_1	0.9770449571097052 1K
NA20538 AV_HG01361#haplotype1#0000023:101593539$102001341$HG03710.verkko_filt_pat.fa:haplotype2_0000488_101614437_102218208_0	0.9770434937540990 1K
NA20538 HG02080#2#JAHEOV010000017.1_16662177_17164189_0$HG01099.verkko_filt_pat.fa:haplotype2_0000583_143544270_144046196_1	0.9770416427265699 1K
NA20538 AV_HG01361#haplotype1#0000023:101593539$102001341$HG02809.verkko_filt_pat.fa:haplotype2_0001251_103421111_103827972_0	0.9770408837697777 1K
NA20538 AV_HG01361#haplotype1#0000023:101593539$102001341$HG01258#2#JAGYYU010000072.1_51562603_51970395_0	0.9770354895902368 1K
NA20538 HG005#1#JAHEPO010000002.1_51519219_51926067_0$HG02300.verkko_filt_mat.fa:haplotype1_0000028_144052837_144460586_1	0.9770338877006195 1K
NA20538 HG00621#1#JAHBCD010000034.1_2122997_2624098_1$HG03486#2#JAHEOP010000248.1_2105565_2584784_1	0.9770285016250982 1K
NA20538 HG02809.verkko_filt_mat.fa:haplotype1_0000023_94161320_94589755_0$HG03927.verkko_filt_pat.fa:haplotype2_0000800_29002142_29504057_1	0.9770284912974004 1K
NA20538 HG01071#1#JAHBCF010000053.1_26607100_27108065_1$HG01099.verkko_filt_pat.fa:haplotype2_0000583_143544270_144046196_1	0.9770232505130357 1K
NA20538 HG00621#1#JAHBCD010000034.1_2122997_2624098_1$HG01109#1#JAHEPA010000099.1_2104245_2511104_1	0.9770211447740499 1K
NA20538 AV_HG01106#haplotype2#0000932:16673968$17175925$HG002.verkko_filt_mat.fa:haplotype1_0000005_138228497_138636354_1	0.9770193260455484 1K
NA20538 HG03453#1#JAGYVW010000157.1_2105722_2585000_1$HG02071.verkko_filt_mat.fa:haplotype1_0000041_103610513_104018399_0	0.9770106767440941 1K
NA20538 HG02080#1#JAHEOW010000048.1_16689583_17097287_0$HG01258#2#JAGYYU010000072.1_51562603_51970395_0	0.9770104224846292 1K
NA20538 AV_HG01361#haplotype1#0000023:101593539$102001341$HG02886#1#JAHAOU010000178.1_62411_469262_0	0.9770090341184842 1K
NA20538 HG02818#2#JAHEOR010000010.1_31775319_32183091_1$HG01358#1#JAGYZB010000020.1_27445742_27855492_1	0.9770006852384013 1K
NA20538 HG03486#2#JAHEOP010000248.1_2105565_2584784_1$HG01258#1#JAGYYV010000004.1_56955948_57456952_1	0.9769989180408807 1K
NA20538 HG03486#2#JAHEOP010000248.1_2105565_2584784_1$HG02004.verkko_filt_mat.fa:haplotype1_0000022_97828542_98235483_0	0.9769958983807950 1K
NA20538 HG03486#1#JAHEOQ010000123.1_16677696_17085575_0$HG03453#1#JAGYVW010000157.1_2105722_2585000_1	0.9769953545693211 1K
NA20538 AV_HG00673#haplotype1#0000019:16627360$17129375$HG01099.verkko_filt_pat.fa:haplotype2_0000583_143544270_144046196_1	0.9769948317926411 1K
NA20538 AV_HG00673#haplotype2#0001165:24014011$24421797$HG03579#1#JAGYVU010000029.1_91404_499180_0	0.9769943381063869 1K
NA20538 AV_HG02257#haplotype2#0001152:102843493$103251377$HG02071.verkko_filt_pat.fa:haplotype2_0000736_102745972_103248026_0	0.9769908029138261 1K
NA20538 AV_HG01361#haplotype1#0000023:101593539$102001341$HG03516#1#JAGYYT010000012.1_24170958_24578778_1	0.9769895480162375 1K
NA20538 HG02300.verkko_filt_mat.fa:haplotype1_0000028_144052837_144460586_1$HG002.verkko_filt_mat.fa:haplotype1_0000005_138228497_138636354_1	0.9769886171909811 1K
NA20538 chr1_chm13_103304997_103901127_0$HG01358#1#JAGYZB010000020.1_27445742_27855492_1	0.9769851436032839 1K
NA20538 chr1_hg38_103456064_103863972_0$HG02300.verkko_filt_mat.fa:haplotype1_0000028_144052837_144460586_1	0.9769785232065263 1K
NA20538 chr1_hg19_103998686_104406594_0$HG02300.verkko_filt_mat.fa:haplotype1_0000028_144052837_144460586_1	0.9769785232065263 1K
NA20538 HG02818#1#JAHEOS010000101.1_89626_496613_0$HG02071.verkko_filt_pat.fa:haplotype2_0000736_102745972_103248026_0	0.9769755617246093 1K
NA20538 HG03453#1#JAGYVW010000157.1_2105722_2585000_1$HG02486#1#JAGYVM010000007.1_28868414_29370339_1	0.9769657006150567 1K
NA20538 HG01109#1#JAHEPA010000099.1_2104245_2511104_1$HG02300.verkko_filt_mat.fa:haplotype1_0000028_144052837_144460586_1	0.9769648501780762 1K
NA20538 AV_HG01106#haplotype1#0000048:16666181$17262214$AV_HG01361#haplotype1#0000023:101593539$102001341	0.9769586785363921 1K
NA20538 HG02080#1#JAHEOW010000048.1_16689583_17097287_0$HG03516#1#JAGYYT010000012.1_24170958_24578778_1	0.9769557713776006 1K
NA20538 HG01928#1#JAGYVQ010000053.1_16676493_17083407_0$HG03486#2#JAHEOP010000248.1_2105565_2584784_1	0.9769511572043645 1K
NA20538 HG00621#1#JAHBCD010000034.1_2122997_2624098_1$NA18906#1#JAHEOO010000054.1_2103477_2510435_1	0.9769447157135447 1K
NA20538 AV_HG01106#haplotype2#0000932:16673968$17175925$HG02486#1#JAGYVM010000007.1_28868414_29370339_1	0.9769333135824493 1K
NA20538 HG02622#2#JAHAON010000012.1_51551779_52031001_0$HG02886#1#JAHAOU010000178.1_62411_469262_0	0.9769307919419264 1K
NA20538 HG00741#1#JAHALY010000007.1_18781197_19307680_1$HG02559#2#JAGYVJ010000037.1_52167780_52574597_1	0.9769307103778215 1K
NA20538 HG00621#1#JAHBCD010000034.1_2122997_2624098_1$HG03453#1#JAGYVW010000157.1_2105722_2585000_1	0.9769230299470916 1K
NA20538 chr1_chm13_103304997_103901127_0$HG01891#1#JAGYVO010000014.1_22855818_23168577_1	0.9769214189180931 1K
NA20538 HG00741#1#JAHALY010000007.1_18781197_19307680_1$HG03927.verkko_filt_mat.fa:haplotype1_0000009_134765170_135173010_1	0.9769181144147259 1K
NA20538 NA18906#1#JAHEOO010000054.1_2103477_2510435_1$HG04228.verkko_filt_mat.fa:haplotype1_0000023_103429213_103930285_0	0.9769148623549454 1K
NA20538 HG00741#1#JAHALY010000007.1_18781197_19307680_1$HG03516#2#JAGYYS010000004.1_24452130_24859892_1	0.9769140234977707 1K
NA20538 NA19240#1#JAHEOM010000047.1_30103390_30511199_1$NA19240#2#JAHEOL010000010.1_37445323_37853017_0	0.9769132113104059 1K
NA20538 AV_HG01361#haplotype1#0000023:101593539$102001341$HG02717#2#JAHAOR010000006.1_19663827_20070693_1	0.9769127704890591 1K
NA20538 HG03453#1#JAGYVW010000157.1_2105722_2585000_1$HG01978#2#JAGYVR010000007.1_51532241_51939176_0	0.9769035133397885 1K
NA20538 AV_HG01361#haplotype1#0000023:101593539$102001341$chr1_chm13_103304997_103901127_0	0.9769032282767394 1K
NA20538 AV_HG02257#haplotype2#0001152:102843493$103251377$HG00621#1#JAHBCD010000034.1_2122997_2624098_1	0.9768936144813825 1K
NA20538 NA20129#2#JAHEPD010000155.1_90039_569275_0$HG02886#1#JAHAOU010000178.1_62411_469262_0	0.9768876722495935 1K
NA20538 HG00741#1#JAHALY010000007.1_18781197_19307680_1$HG03579#1#JAGYVU010000029.1_91404_499180_0	0.9768865872553850 1K
NA20538 HG02080#1#JAHEOW010000048.1_16689583_17097287_0$HG02809.verkko_filt_pat.fa:haplotype2_0001251_103421111_103827972_0	0.9768863100580140 1K
NA20538 HG02486#1#JAGYVM010000007.1_28868414_29370339_1$HG01099.verkko_filt_pat.fa:haplotype2_0000583_143544270_144046196_1	0.9768856137381032 1K
NA20538 AV_HG01106#haplotype1#0000048:16666181$17262214$HG02080#1#JAHEOW010000048.1_16689583_17097287_0	0.9768836839589593 1K
NA20538 HG03486#1#JAHEOQ010000123.1_16677696_17085575_0$HG02300.verkko_filt_mat.fa:haplotype1_0000028_144052837_144460586_1	0.9768809186918969 1K
NA20538 HG02080#1#JAHEOW010000048.1_16689583_17097287_0$chr1_chm13_103304997_103901127_0	0.9768786671232920 1K
NA20538 HG02622#2#JAHAON010000012.1_51551779_52031001_0$HG02486#2#JAGYVL010000029.1_94163344_94570162_0	0.9768758653845308 1K
NA20538 HG03453#1#JAGYVW010000157.1_2105722_2585000_1$HG03453#2#JAGYVV010000088.1_22597550_23005370_1	0.9768721557508240 1K
NA20538 AV_HG00673#haplotype2#0001165:24014011$24421797$HG03710.verkko_filt_pat.fa:haplotype2_0000488_101614437_102218208_0	0.9768721296283215 1K
NA20538 HG00741#1#JAHALY010000007.1_18781197_19307680_1$HG02559#1#JAGYVK010000012.1_51505852_51913611_0	0.9768639966855294 1K
NA20538 HG02080#1#JAHEOW010000048.1_16689583_17097287_0$HG02886#1#JAHAOU010000178.1_62411_469262_0	0.9768544692292312 1K
NA20538 HG00741#2#JAHALX010000013.1_51574319_51981226_0$HG02300.verkko_filt_mat.fa:haplotype1_0000028_144052837_144460586_1	0.9768541616973553 1K
NA20538 HG02080#1#JAHEOW010000048.1_16689583_17097287_0$NA19240#2#JAHEOL010000010.1_37445323_37853017_0	0.9768517907334239 1K
NA20538 HG01978#1#JAGYVS010000002.1_51519970_52021951_0$HG03540#1#JAGYVY010000208.1_95187_596142_0	0.9768435508047227 1K
NA20538 NA20129#2#JAHEPD010000155.1_90039_569275_0$HG02486#2#JAGYVL010000029.1_94163344_94570162_0	0.9768389794680211 1K
NA20538 HG02071.verkko_filt_mat.fa:haplotype1_0000041_103610513_104018399_0$HG02300.verkko_filt_mat.fa:haplotype1_0000028_144052837_144460586_1	0.9768366328824563 1K
NA20538 AV_HG00673#haplotype2#0001165:24014011$24421797$HG03927.verkko_filt_mat.fa:haplotype1_0000009_134765170_135173010_1	0.9768360034058823 1K
NA20538 HG02080#1#JAHEOW010000048.1_16689583_17097287_0$HG03710.verkko_filt_pat.fa:haplotype2_0000488_101614437_102218208_0	0.9768257153191150 1K
NA20538 HG00621#2#JAHBCC010000031.1_16669999_17077865_0$HG02300.verkko_filt_mat.fa:haplotype1_0000028_144052837_144460586_1	0.9768251522833761 1K
NA20538 HG01978#1#JAGYVS010000002.1_51519970_52021951_0$HG03492#1#JAHEPI010000180.1_2103395_2543326_1	0.9768237644500676 1K
NA20538 HG02559#2#JAGYVJ010000037.1_52167780_52574597_1$HG02300.verkko_filt_mat.fa:haplotype1_0000028_144052837_144460586_1	0.9768210154759022 1K
NA20538 HG02559#2#JAGYVJ010000037.1_52167780_52574597_1$HG01099.verkko_filt_mat.fa:haplotype1_0000034_142513097_142920876_1	0.9768201749900274 1K
NA20538 AV_HG02148#haplotype2#0002863:16304803$16712699$HG03453#1#JAGYVW010000157.1_2105722_2585000_1	0.9768157385447636 1K
NA20538 HG005#2#JAHEPN010000023.1_51542210_51950070_0$HG02300.verkko_filt_mat.fa:haplotype1_0000028_144052837_144460586_1	0.9768112756724308 1K
NA20538 HG02080#1#JAHEOW010000048.1_16689583_17097287_0$HG02486#2#JAGYVL010000029.1_94163344_94570162_0	0.9768094763850750 1K
NA20538 AV_HG01106#haplotype2#0000932:16673968$17175925$chr1_hg38_103456064_103863972_0	0.9768074733674208 1K
NA20538 AV_HG01106#haplotype2#0000932:16673968$17175925$chr1_hg19_103998686_104406594_0	0.9768074733674208 1K
NA20538 HG03516#1#JAGYYT010000012.1_24170958_24578778_1$HG03516#2#JAGYYS010000004.1_24452130_24859892_1	0.9768039923094635 1K
NA20538 AV_HG02257#haplotype2#0001152:102843493$103251377$HG04228.verkko_filt_mat.fa:haplotype1_0000023_103429213_103930285_0	0.9767991267187610 1K
NA20538 HG03098#2#JAHEPL010000003.1_93803759_94117426_0$HG03927.verkko_filt_pat.fa:haplotype2_0000800_29002142_29504057_1	0.9767966842494156 1K
NA20538 AV_HG01361#haplotype1#0000023:101593539$102001341$HG01123#1#JAGYYZ010000015.1_51528240_51935090_0	0.9767955044263670 1K
NA20538 HG02080#1#JAHEOW010000048.1_16689583_17097287_0$HG02630#2#JAHAOP010000089.1_16669255_17076135_0	0.9767829553796602 1K
NA20538 HG005#1#JAHEPO010000002.1_51519219_51926067_0$HG01099.verkko_filt_mat.fa:haplotype1_0000034_142513097_142920876_1	0.9767820340762825 1K
NA20538 AV_HG00673#haplotype2#0001165:24014011$24421797$AV_HG01361#haplotype1#0000023:101593539$102001341	0.9767732729548726 1K
NA20538 AV_HG01175#haplotype1#0000070:46006269$46414083$HG02300.verkko_filt_mat.fa:haplotype1_0000028_144052837_144460586_1	0.9767698924148405 1K
NA20538 AV_HG01175#haplotype1#0000070:46006269$46414083$HG01099.verkko_filt_mat.fa:haplotype1_0000034_142513097_142920876_1	0.9767690707248945 1K
NA20538 HG02080#1#JAHEOW010000048.1_16689583_17097287_0$HG02717#2#JAHAOR010000006.1_19663827_20070693_1	0.9767662376953832 1K
NA20538 HG03486#2#JAHEOP010000248.1_2105565_2584784_1$HG04228.verkko_filt_mat.fa:haplotype1_0000023_103429213_103930285_0	0.9767528491364024 1K
NA20538 HG00621#1#JAHBCD010000034.1_2122997_2624098_1$HG02717#1#JAHAOS010000015.1_16660311_17067250_0	0.9767510130852159 1K
NA20538 HG02293.verkko_filt_pat.fa:haplotype2_0000836_148310532_148812524_1$HG01099.verkko_filt_pat.fa:haplotype2_0000583_143544270_144046196_1	0.9767491234811413 1K
NA20538 HG02080#1#JAHEOW010000048.1_16689583_17097287_0$HG01123#1#JAGYYZ010000015.1_51528240_51935090_0	0.9767461794573516 1K
NA20538 HG01109#1#JAHEPA010000099.1_2104245_2511104_1$HG01099.verkko_filt_mat.fa:haplotype1_0000034_142513097_142920876_1	0.9767454794482638 1K
NA20538 HG01099.verkko_filt_mat.fa:haplotype1_0000034_142513097_142920876_1$HG002.verkko_filt_mat.fa:haplotype1_0000005_138228497_138636354_1	0.9767443576102790 1K
NA20538 chr1_hg38_103456064_103863972_0$HG01099.verkko_filt_mat.fa:haplotype1_0000034_142513097_142920876_1	0.9767423889040462 1K
NA20538 chr1_hg19_103998686_104406594_0$HG01099.verkko_filt_mat.fa:haplotype1_0000034_142513097_142920876_1	0.9767423889040462 1K
NA20538 AV_HG01361#haplotype1#0000023:101593539$102001341$HG02559#2#JAGYVJ010000037.1_52167780_52574597_1	0.9767358972819807 1K
NA20538 AV_HG01361#haplotype1#0000023:101593539$102001341$HG02630#2#JAHAOP010000089.1_16669255_17076135_0	0.9767353429171283 1K
NA20538 AV_HG00673#haplotype2#0001165:24014011$24421797$HG02486#2#JAGYVL010000029.1_94163344_94570162_0	0.9767346607971787 1K
NA20538 NA19240#1#JAHEOM010000047.1_30103390_30511199_1$HG01358#1#JAGYZB010000020.1_27445742_27855492_1	0.9767340095183406 1K
NA20538 HG00741#1#JAHALY010000007.1_18781197_19307680_1$HG00438#1#JAHBCB010000015.1_33474867_33954171_0	0.9767290326798016 1K
NA20538 HG01071#1#JAHBCF010000053.1_26607100_27108065_1$HG02622#1#JAHAOO010000002.1_16673678_17080663_0	0.9767249603825034 1K
NA20538 HG03710.verkko_filt_mat.fa:haplotype1_0000029_102593394_102907063_0$HG03927.verkko_filt_pat.fa:haplotype2_0000800_29002142_29504057_1	0.9767230325464821 1K
NA20538 AV_HG01106#haplotype2#0000932:16673968$17175925$AV_HG01175#haplotype1#0000070:46006269$46414083	0.9767213547615842 1K
NA20538 HG00621#1#JAHBCD010000034.1_2122997_2624098_1$HG02818#1#JAHEOS010000101.1_89626_496613_0	0.9767200074853590 1K
NA20538 AV_HG01106#haplotype2#0000932:16673968$17175925$HG03453#2#JAGYVV010000088.1_22597550_23005370_1	0.9767166091218366 1K
NA20538 AV_HG01106#haplotype2#0000932:16673968$17175925$HG02071.verkko_filt_mat.fa:haplotype1_0000041_103610513_104018399_0	0.9767075454347347 1K
NA20538 HG03453#1#JAGYVW010000157.1_2105722_2585000_1$HG02004.verkko_filt_mat.fa:haplotype1_0000022_97828542_98235483_0	0.9767012277811127 1K
NA20538 AV_HG01106#haplotype2#0000932:16673968$17175925$HG00621#2#JAHBCC010000031.1_16669999_17077865_0	0.9766904825333305 1K
NA20538 HG01071#1#JAHBCF010000053.1_26607100_27108065_1$HG03486#2#JAHEOP010000248.1_2105565_2584784_1	0.9766888004874752 1K
NA20538 HG02109#1#JAHEPG010000026.1_16673035_17080816_0$NA19240#2#JAHEOL010000010.1_37445323_37853017_0	0.9766867065813756 1K
NA20538 AV_HG01175#haplotype1#0000070:46006269$46414083$HG01358#1#JAGYZB010000020.1_27445742_27855492_1	0.9766837778522357 1K
NA20538 AV_HG02148#haplotype2#0002863:16304803$16712699$HG02300.verkko_filt_mat.fa:haplotype1_0000028_144052837_144460586_1	0.9766803865742392 1K
NA20538 HG02145#2#JAHKSF010000206.1_1005292_1413195_1$NA20129#2#JAHEPD010000155.1_90039_569275_0	0.9766790686142842 1K
NA20538 HG02886#2#JAHAOT010000031.1_87393_401061_0$HG03710.verkko_filt_pat.fa:haplotype2_0000488_101614437_102218208_0	0.9766725821186797 1K
NA20538 AV_HG01106#haplotype2#0000932:16673968$17175925$HG03486#1#JAHEOQ010000123.1_16677696_17085575_0	0.9766712599397942 1K
NA20538 AV_HG01106#haplotype2#0000932:16673968$17175925$HG005#2#JAHEPN010000023.1_51542210_51950070_0	0.9766671098305985 1K
NA20538 HG02559#2#JAGYVJ010000037.1_52167780_52574597_1$HG03486#2#JAHEOP010000248.1_2105565_2584784_1	0.9766667954666197 1K
NA20538 AV_HG01361#haplotype2#0001322:101872897$102186552$HG03710.verkko_filt_pat.fa:haplotype2_0000488_101614437_102218208_0	0.9766630558563059 1K
NA20538 HG02559#1#JAGYVK010000012.1_51505852_51913611_0$HG03516#1#JAGYYT010000012.1_24170958_24578778_1	0.9766611273191038 1K
NA20538 HG03453#2#JAGYVV010000088.1_22597550_23005370_1$HG02300.verkko_filt_mat.fa:haplotype1_0000028_144052837_144460586_1	0.9766557770671876 1K
NA20538 HG01978#2#JAGYVR010000007.1_51532241_51939176_0$HG02300.verkko_filt_mat.fa:haplotype1_0000028_144052837_144460586_1	0.9766505822497318 1K
NA20538 HG03516#1#JAGYYT010000012.1_24170958_24578778_1$HG03579#1#JAGYVU010000029.1_91404_499180_0	0.9766456595797257 1K
NA20538 HG02080#2#JAHEOV010000017.1_16662177_17164189_0$HG03540#1#JAGYVY010000208.1_95187_596142_0	0.9766430970853325 1K
NA20538 AV_HG01106#haplotype1#0000048:16666181$17262214$NA19240#2#JAHEOL010000010.1_37445323_37853017_0	0.9766427498730370 1K
NA20538 HG02145#2#JAHKSF010000206.1_1005292_1413195_1$HG02622#2#JAHAON010000012.1_51551779_52031001_0	0.9766412831720054 1K
NA20538 AV_HG01361#haplotype1#0000023:101593539$102001341$HG005#1#JAHEPO010000002.1_51519219_51926067_0	0.9766410840791071 1K
NA20538 chr1_hg38_103456064_103863972_0$HG01358#1#JAGYZB010000020.1_27445742_27855492_1	0.9766400867869133 1K
NA20538 chr1_hg19_103998686_104406594_0$HG01358#1#JAGYZB010000020.1_27445742_27855492_1	0.9766400867869133 1K
NA20538 NA19240#2#JAHEOL010000010.1_37445323_37853017_0$HG03710.verkko_filt_pat.fa:haplotype2_0000488_101614437_102218208_0	0.9766385323253465 1K
NA20538 HG01109#1#JAHEPA010000099.1_2104245_2511104_1$HG04228.verkko_filt_mat.fa:haplotype1_0000023_103429213_103930285_0	0.9766352295110550 1K
NA20538 HG01258#1#JAGYYV010000004.1_56955948_57456952_1$HG03540#1#JAGYVY010000208.1_95187_596142_0	0.9766332648772896 1K
NA20538 AV_HG00673#haplotype2#0001165:24014011$24421797$NA19240#1#JAHEOM010000047.1_30103390_30511199_1	0.9766315867697759 1K
NA20538 AV_HG00673#haplotype1#0000019:16627360$17129375$HG03540#1#JAGYVY010000208.1_95187_596142_0	0.9766313086909282 1K
NA20538 HG03540#1#JAGYVY010000208.1_95187_596142_0$NA18906#2#JAHEON010000009.1_93748295_94249275_0	0.9766300663821467 1K
NA20538 HG03486#1#JAHEOQ010000123.1_16677696_17085575_0$HG01099.verkko_filt_mat.fa:haplotype1_0000034_142513097_142920876_1	0.9766206995587333 1K
NA20538 NA20129#2#JAHEPD010000155.1_90039_569275_0$HG01123#1#JAGYYZ010000015.1_51528240_51935090_0	0.9766195868934557 1K
NA20538 AV_HG01106#haplotype1#0000048:16666181$17262214$HG02109#2#JAHEPF010000078.1_16678387_16991144_0	0.9766139736479982 1K
NA20538 AV_HG01361#haplotype1#0000023:101593539$102001341$HG01109#1#JAHEPA010000099.1_2104245_2511104_1	0.9766126372291692 1K
NA20538 HG02071.verkko_filt_mat.fa:haplotype1_0000041_103610513_104018399_0$HG01099.verkko_filt_mat.fa:haplotype1_0000034_142513097_142920876_1	0.9766086379296768 1K
NA20538 NA20129#2#JAHEPD010000155.1_90039_569275_0$HG02717#2#JAHAOR010000006.1_19663827_20070693_1	0.9766080234372955 1K
NA20538 HG02622#2#JAHAON010000012.1_51551779_52031001_0$HG01123#1#JAGYYZ010000015.1_51528240_51935090_0	0.9766062619440437 1K
NA20538 HG02300.verkko_filt_mat.fa:haplotype1_0000028_144052837_144460586_1$HG02300.verkko_filt_pat.fa:haplotype2_0000620_143362344_143769323_1	0.9766055471385813 1K
NA20538 AV_HG01175#haplotype1#0000070:46006269$46414083$AV_HG01361#haplotype1#0000023:101593539$102001341	0.9766036989298224 1K
NA20538 chr1_chm13_103304997_103901127_0$NA19240#2#JAHEOL010000010.1_37445323_37853017_0	0.9766036773893221 1K
NA20538 HG02818#2#JAHEOR010000010.1_31775319_32183091_1$HG00741#1#JAHALY010000007.1_18781197_19307680_1	0.9766028278212111 1K
NA20538 HG00741#2#JAHALX010000013.1_51574319_51981226_0$HG01099.verkko_filt_mat.fa:haplotype1_0000034_142513097_142920876_1	0.9766026146815148 1K
NA20538 HG02717#1#JAHAOS010000015.1_16660311_17067250_0$HG04228.verkko_filt_mat.fa:haplotype1_0000023_103429213_103930285_0	0.9766013185178749 1K
NA20538 AV_HG01106#haplotype1#0000048:16666181$17262214$HG02647.verkko_filt_pat.fa:haplotype2_0000857_103738150_104051769_0	0.9765963476675508 1K
NA20538 AV_HG00673#haplotype2#0001165:24014011$24421797$HG02886#1#JAHAOU010000178.1_62411_469262_0	0.9765926653865347 1K
NA20538 HG03540#1#JAGYVY010000208.1_95187_596142_0$HG02486#1#JAGYVM010000007.1_28868414_29370339_1	0.9765841045815121 1K
NA20538 HG00741#1#JAHALY010000007.1_18781197_19307680_1$HG02109#1#JAHEPG010000026.1_16673035_17080816_0	0.9765837728893646 1K
NA20538 AV_HG01106#haplotype1#0000048:16666181$17262214$HG01358#1#JAGYZB010000020.1_27445742_27855492_1	0.9765727432733828 1K
NA20538 AV_HG01361#haplotype1#0000023:101593539$102001341$chr1_hg38_103456064_103863972_0	0.9765688826563395 1K
NA20538 AV_HG01361#haplotype1#0000023:101593539$102001341$chr1_hg19_103998686_104406594_0	0.9765688826563395 1K
NA20538 AV_HG01106#haplotype1#0000048:16666181$17262214$HG03579#2#JAGYVT010000094.1_51581892_51895531_0	0.9765655781540818 1K
NA20538 HG02818#2#JAHEOR010000010.1_31775319_32183091_1$HG03516#1#JAGYYT010000012.1_24170958_24578778_1	0.9765622516381396 1K
NA20538 HG02080#1#JAHEOW010000048.1_16689583_17097287_0$HG002.verkko_filt_mat.fa:haplotype1_0000005_138228497_138636354_1	0.9765622399791176 1K
NA20538 HG005#2#JAHEPN010000023.1_51542210_51950070_0$HG01099.verkko_filt_mat.fa:haplotype1_0000034_142513097_142920876_1	0.9765592917353284 1K
NA20538 HG00438#1#JAHBCB010000015.1_33474867_33954171_0$HG03486#2#JAHEOP010000248.1_2105565_2584784_1	0.9765575368986502 1K
NA20538 HG01978#1#JAGYVS010000002.1_51519970_52021951_0$HG02486#1#JAGYVM010000007.1_28868414_29370339_1	0.9765558502787596 1K
NA20538 HG03486#2#JAHEOP010000248.1_2105565_2584784_1$HG02486#2#JAGYVL010000029.1_94163344_94570162_0	0.9765533232195203 1K
NA20538 HG02818#1#JAHEOS010000101.1_89626_496613_0$HG04228.verkko_filt_mat.fa:haplotype1_0000023_103429213_103930285_0	0.9765493687838549 1K
NA20538 HG01358#1#JAGYZB010000020.1_27445742_27855492_1$HG002.verkko_filt_mat.fa:haplotype1_0000005_138228497_138636354_1	0.9765461812505404 1K
NA20538 HG03492#2#JAHEPH010000288.1_2098270_2432686_1$HG03540#1#JAGYVY010000208.1_95187_596142_0	0.9765458046130892 1K
NA20538 HG03453#1#JAGYVW010000157.1_2105722_2585000_1$HG01928#1#JAGYVQ010000053.1_16676493_17083407_0	0.9765450569794818 1K
NA20538 HG02622#2#JAHAON010000012.1_51551779_52031001_0$HG02717#2#JAHAOR010000006.1_19663827_20070693_1	0.9765388865717487 1K
NA20538 HG02145#2#JAHKSF010000206.1_1005292_1413195_1$HG02300.verkko_filt_mat.fa:haplotype1_0000028_144052837_144460586_1	0.9765365068466692 1K
NA20538 HG03453#1#JAGYVW010000157.1_2105722_2585000_1$HG02300.verkko_filt_pat.fa:haplotype2_0000620_143362344_143769323_1	0.9765341849087816 1K
NA20538 HG02886#1#JAHAOU010000178.1_62411_469262_0$NA19240#2#JAHEOL010000010.1_37445323_37853017_0	0.9765334999485403 1K
NA20538 HG01258#2#JAGYYU010000072.1_51562603_51970395_0$NA19240#2#JAHEOL010000010.1_37445323_37853017_0	0.9765304844744840 1K
NA20538 AV_HG01361#haplotype1#0000023:101593539$102001341$HG002.verkko_filt_mat.fa:haplotype1_0000005_138228497_138636354_1	0.9765302952917504 1K
NA20538 AV_HG00673#haplotype2#0001165:24014011$24421797$HG02080#1#JAHEOW010000048.1_16689583_17097287_0	0.9765297223397760 1K
NA20538 HG00621#2#JAHBCC010000031.1_16669999_17077865_0$HG01099.verkko_filt_mat.fa:haplotype1_0000034_142513097_142920876_1	0.9765243495412610 1K
NA20538 AV_HG01106#haplotype2#0000932:16673968$17175925$NA18906#2#JAHEON010000009.1_93748295_94249275_0	0.9765231517833489 1K
NA20538 HG02004.verkko_filt_mat.fa:haplotype1_0000022_97828542_98235483_0$HG02300.verkko_filt_mat.fa:haplotype1_0000028_144052837_144460586_1	0.9765198967764470 1K
NA20538 HG01243#1#JAHEOY010000013.1_90081_424495_0$HG03540#1#JAGYVY010000208.1_95187_596142_0	0.9765128722599473 1K
NA20538 HG00741#1#JAHALY010000007.1_18781197_19307680_1$HG01258#2#JAGYYU010000072.1_51562603_51970395_0	0.9765096996324452 1K
NA20538 HG00741#1#JAHALY010000007.1_18781197_19307680_1$NA19240#1#JAHEOM010000047.1_30103390_30511199_1	0.9765019650733191 1K
NA20538 HG02622#1#JAHAOO010000002.1_16673678_17080663_0$HG02071.verkko_filt_pat.fa:haplotype2_0000736_102745972_103248026_0	0.9765011628093815 1K
NA20538 HG01928#1#JAGYVQ010000053.1_16676493_17083407_0$HG02300.verkko_filt_mat.fa:haplotype1_0000028_144052837_144460586_1	0.9765001388533250 1K
NA20538 HG02647.verkko_filt_pat.fa:haplotype2_0000857_103738150_104051769_0$HG03927.verkko_filt_pat.fa:haplotype2_0000800_29002142_29504057_1	0.9764996815195947 1K
NA20538 HG02080#1#JAHEOW010000048.1_16689583_17097287_0$HG005#1#JAHEPO010000002.1_51519219_51926067_0	0.9764944928983623 1K
NA20538 HG02886#1#JAHAOU010000178.1_62411_469262_0$HG03486#2#JAHEOP010000248.1_2105565_2584784_1	0.9764842043736837 1K
NA20538 AV_HG00673#haplotype2#0001165:24014011$24421797$AV_HG01106#haplotype1#0000048:16666181$17262214	0.9764834232620538 1K
NA20538 AV_HG00673#haplotype2#0001165:24014011$24421797$NA19240#2#JAHEOL010000010.1_37445323_37853017_0	0.9764791600702818 1K
NA20538 AV_HG02257#haplotype2#0001152:102843493$103251377$HG02300.verkko_filt_mat.fa:haplotype1_0000028_144052837_144460586_1	0.9764785782119642 1K
NA20538 HG02630#2#JAHAOP010000089.1_16669255_17076135_0$HG02622#2#JAHAON010000012.1_51551779_52031001_0	0.9764785162093316 1K
NA20538 AV_HG01106#haplotype2#0000932:16673968$17175925$HG01978#2#JAGYVR010000007.1_51532241_51939176_0	0.9764732286053914 1K
NA20538 HG00621#1#JAHBCD010000034.1_2122997_2624098_1$HG01099.verkko_filt_pat.fa:haplotype2_0000583_143544270_144046196_1	0.9764678615656237 1K
NA20538 HG00621#2#JAHBCC010000031.1_16669999_17077865_0$HG01358#1#JAGYZB010000020.1_27445742_27855492_1	0.9764668589187701 1K
NA20538 HG02886#2#JAHAOT010000031.1_87393_401061_0$HG03927.verkko_filt_pat.fa:haplotype2_0000800_29002142_29504057_1	0.9764633420157002 1K
NA20538 NA20129#2#JAHEPD010000155.1_90039_569275_0$HG02630#2#JAHAOP010000089.1_16669255_17076135_0	0.9764610610619965 1K
NA20538 HG00741#1#JAHALY010000007.1_18781197_19307680_1$HG02717#2#JAHAOR010000006.1_19663827_20070693_1	0.9764591950597183 1K
NA20538 HG03492#1#JAHEPI010000180.1_2103395_2543326_1$HG02486#1#JAGYVM010000007.1_28868414_29370339_1	0.9764585355913241 1K
NA20538 HG02080#1#JAHEOW010000048.1_16689583_17097287_0$HG01109#1#JAHEPA010000099.1_2104245_2511104_1	0.9764579409513152 1K
NA20538 HG03540#1#JAGYVY010000208.1_95187_596142_0$HG02293.verkko_filt_pat.fa:haplotype2_0000836_148310532_148812524_1	0.9764554378274051 1K
NA20538 HG03486#2#JAHEOP010000248.1_2105565_2584784_1$HG01258#2#JAGYYU010000072.1_51562603_51970395_0	0.9764488443309925 1K
NA20538 HG02071.verkko_filt_pat.fa:haplotype2_0000736_102745972_103248026_0$HG01099.verkko_filt_pat.fa:haplotype2_0000583_143544270_144046196_1	0.9764430867551184 1K
NA20538 AV_HG00673#haplotype2#0001165:24014011$24421797$HG01258#2#JAGYYU010000072.1_51562603_51970395_0	0.9764426695551282 1K
NA20538 AV_HG02148#haplotype2#0002863:16304803$16712699$HG01099.verkko_filt_mat.fa:haplotype1_0000034_142513097_142920876_1	0.9764364487679830 1K
NA20538 HG02080#1#JAHEOW010000048.1_16689583_17097287_0$HG00741#2#JAHALX010000013.1_51574319_51981226_0	0.9764363571215394 1K
NA20538 HG02080#1#JAHEOW010000048.1_16689583_17097287_0$chr1_hg38_103456064_103863972_0	0.9764304343416506 1K
NA20538 HG02080#1#JAHEOW010000048.1_16689583_17097287_0$chr1_hg19_103998686_104406594_0	0.9764304343416506 1K
NA20538 HG01109#1#JAHEPA010000099.1_2104245_2511104_1$HG01258#1#JAGYYV010000004.1_56955948_57456952_1	0.9764296884389804 1K
NA20538 AV_HG00673#haplotype2#0001165:24014011$24421797$chr1_chm13_103304997_103901127_0	0.9764288188274509 1K
NA20538 HG03579#2#JAGYVT010000094.1_51581892_51895531_0$HG03927.verkko_filt_pat.fa:haplotype2_0000800_29002142_29504057_1	0.9764285890433855 1K
NA20538 HG00741#1#JAHALY010000007.1_18781197_19307680_1$HG01123#1#JAGYYZ010000015.1_51528240_51935090_0	0.9764278596930170 1K
NA20538 HG00438#2#JAHBCA010000012.1_51513023_51826723_0$HG03927.verkko_filt_pat.fa:haplotype2_0000800_29002142_29504057_1	0.9764242763713118 1K
NA20538 HG00621#1#JAHBCD010000034.1_2122997_2624098_1$HG02622#1#JAHAOO010000002.1_16673678_17080663_0	0.9764238916359235 1K
NA20538 AV_HG02257#haplotype2#0001152:102843493$103251377$NA20129#2#JAHEPD010000155.1_90039_569275_0	0.9764238770801027 1K
NA20538 HG03516#1#JAGYYT010000012.1_24170958_24578778_1$HG03927.verkko_filt_mat.fa:haplotype1_0000009_134765170_135173010_1	0.9764180245953193 1K
NA20538 HG01978#2#JAGYVR010000007.1_51532241_51939176_0$HG01099.verkko_filt_mat.fa:haplotype1_0000034_142513097_142920876_1	0.9764145616127822 1K
NA20538 AV_HG01106#haplotype1#0000048:16666181$17262214$HG01891#1#JAGYVO010000014.1_22855818_23168577_1	0.9764134710553445 1K
NA20538 HG02630#1#JAHAOQ010000102.1_16672145_17079089_0$HG02300.verkko_filt_mat.fa:haplotype1_0000028_144052837_144460586_1	0.9764050849245153 1K
NA20538 HG03453#2#JAGYVV010000088.1_22597550_23005370_1$HG01099.verkko_filt_mat.fa:haplotype1_0000034_142513097_142920876_1	0.9764040795869653 1K
NA20538 HG02486#2#JAGYVL010000029.1_94163344_94570162_0$NA19240#2#JAHEOL010000010.1_37445323_37853017_0	0.9763992207839222 1K
NA20538 HG005#1#JAHEPO010000002.1_51519219_51926067_0$NA20129#2#JAHEPD010000155.1_90039_569275_0	0.9763943338674949 1K
NA20538 AV_HG02257#haplotype2#0001152:102843493$103251377$HG02622#2#JAHAON010000012.1_51551779_52031001_0	0.9763922516180683 1K
NA20538 NA19240#2#JAHEOL010000010.1_37445323_37853017_0$HG02809.verkko_filt_pat.fa:haplotype2_0001251_103421111_103827972_0	0.9763876772837047 1K
NA20538 AV_HG01106#haplotype1#0000048:16666181$17262214$HG02293.verkko_filt_mat.fa:haplotype1_0000039_30204405_30517145_1	0.9763839589365563 1K
NA20538 HG02145#2#JAHKSF010000206.1_1005292_1413195_1$HG01099.verkko_filt_mat.fa:haplotype1_0000034_142513097_142920876_1	0.9763812939985335 1K
NA20538 HG03516#1#JAGYYT010000012.1_24170958_24578778_1$HG03710.verkko_filt_pat.fa:haplotype2_0000488_101614437_102218208_0	0.9763792430185800 1K
NA20538 HG01071#1#JAHBCF010000053.1_26607100_27108065_1$HG03540#1#JAGYVY010000208.1_95187_596142_0	0.9763734167777852 1K
NA20538 AV_HG01106#haplotype2#0000932:16673968$17175925$HG01928#1#JAGYVQ010000053.1_16676493_17083407_0	0.9763705566920524 1K
NA20538 HG01928#1#JAGYVQ010000053.1_16676493_17083407_0$HG01099.verkko_filt_mat.fa:haplotype1_0000034_142513097_142920876_1	0.9763696536265810 1K
NA20538 HG01978#1#JAGYVS010000002.1_51519970_52021951_0$HG03453#2#JAGYVV010000088.1_22597550_23005370_1	0.9763693652832388 1K
NA20538 chr1_chm13_103304997_103901127_0$HG02293.verkko_filt_mat.fa:haplotype1_0000039_30204405_30517145_1	0.9763689022716601 1K
NA20538 chr1_chm13_103304997_103901127_0$HG02647.verkko_filt_mat.fa:haplotype1_0000002_103892584_104321036_0	0.9763680485453041 1K
NA20538 HG02559#2#JAGYVJ010000037.1_52167780_52574597_1$HG03579#1#JAGYVU010000029.1_91404_499180_0	0.9763663408885151 1K
NA20538 HG03453#1#JAGYVW010000157.1_2105722_2585000_1$HG04228.verkko_filt_mat.fa:haplotype1_0000023_103429213_103930285_0	0.9763662015556784 1K
NA20538 AV_HG00673#haplotype2#0001165:24014011$24421797$HG02109#1#JAHEPG010000026.1_16673035_17080816_0	0.9763643770720669 1K
NA20538 AV_HG01361#haplotype1#0000023:101593539$102001341$HG005#2#JAHEPN010000023.1_51542210_51950070_0	0.9763616127554635 1K
NA20538 AV_HG01106#haplotype1#0000048:16666181$17262214$HG03516#1#JAGYYT010000012.1_24170958_24578778_1	0.9763587463403576 1K
NA20538 AV_HG01175#haplotype1#0000070:46006269$46414083$HG01978#1#JAGYVS010000002.1_51519970_52021951_0	0.9763576384976661 1K
NA20538 HG00741#1#JAHALY010000007.1_18781197_19307680_1$HG02486#2#JAGYVL010000029.1_94163344_94570162_0	0.9763574461718845 1K
NA20538 HG002.verkko_filt_pat.fa:haplotype2_0000649_147937390_148315979_1$HG03927.verkko_filt_pat.fa:haplotype2_0000800_29002142_29504057_1	0.9763484797659455 1K
NA20538 HG03516#1#JAGYYT010000012.1_24170958_24578778_1$HG02486#2#JAGYVL010000029.1_94163344_94570162_0	0.9763473990692041 1K
NA20538 AV_HG01106#haplotype2#0000932:16673968$17175925$HG02004.verkko_filt_mat.fa:haplotype1_0000022_97828542_98235483_0	0.9763443280393431 1K
NA20538 HG005#1#JAHEPO010000002.1_51519219_51926067_0$HG02622#2#JAHAON010000012.1_51551779_52031001_0	0.9763313473163546 1K
NA20538 NA18906#1#JAHEOO010000054.1_2103477_2510435_1$HG02300.verkko_filt_mat.fa:haplotype1_0000028_144052837_144460586_1	0.9763306356128609 1K
NA20538 NA20129#2#JAHEPD010000155.1_90039_569275_0$HG00741#2#JAHALX010000013.1_51574319_51981226_0	0.9763304324535484 1K
NA20538 AV_HG02257#haplotype2#0001152:102843493$103251377$HG01099.verkko_filt_mat.fa:haplotype1_0000034_142513097_142920876_1	0.9763233430023934 1K
NA20538 HG01978#1#JAGYVS010000002.1_51519970_52021951_0$HG002.verkko_filt_mat.fa:haplotype1_0000005_138228497_138636354_1	0.9763230498542269 1K
NA20538 HG01099.verkko_filt_mat.fa:haplotype1_0000034_142513097_142920876_1$HG02300.verkko_filt_pat.fa:haplotype2_0000620_143362344_143769323_1	0.9763206149002119 1K
NA20538 HG02080#1#JAHEOW010000048.1_16689583_17097287_0$HG00621#2#JAHBCC010000031.1_16669999_17077865_0	0.9763177699107226 1K
NA20538 HG02080#1#JAHEOW010000048.1_16689583_17097287_0$HG03486#1#JAHEOQ010000123.1_16677696_17085575_0	0.9763168760026117 1K
NA20538 HG03453#2#JAGYVV010000088.1_22597550_23005370_1$HG01358#1#JAGYZB010000020.1_27445742_27855492_1	0.9763150283669370 1K
NA20538 HG02717#1#JAHAOS010000015.1_16660311_17067250_0$HG02300.verkko_filt_mat.fa:haplotype1_0000028_144052837_144460586_1	0.9763143668963367 1K
NA20538 AV_HG01361#haplotype1#0000023:101593539$102001341$HG02071.verkko_filt_mat.fa:haplotype1_0000041_103610513_104018399_0	0.9763135025095396 1K
NA20538 HG03540#2#JAGYVX010000148.1_1368955_1877115_0$HG01358#1#JAGYZB010000020.1_27445742_27855492_1	0.9763124609653974 1K
NA20538 HG00741#1#JAHALY010000007.1_18781197_19307680_1$HG02809.verkko_filt_pat.fa:haplotype2_0001251_103421111_103827972_0	0.9763099992135478 1K
NA20538 HG02080#2#JAHEOV010000017.1_16662177_17164189_0$HG03492#1#JAHEPI010000180.1_2103395_2543326_1	0.9762987751491714 1K
NA20538 HG03098#1#JAHEPM010000059.1_16676208_17105596_0$chr1_chm13_103304997_103901127_0	0.9762931511470149 1K
NA20538 NA20129#2#JAHEPD010000155.1_90039_569275_0$HG00438#1#JAHBCB010000015.1_33474867_33954171_0	0.9762900676931585 1K
NA20538 HG02004.verkko_filt_mat.fa:haplotype1_0000022_97828542_98235483_0$HG01099.verkko_filt_mat.fa:haplotype1_0000034_142513097_142920876_1	0.9762841450808238 1K
NA20538 HG00438#1#JAHBCB010000015.1_33474867_33954171_0$HG02622#2#JAHAON010000012.1_51551779_52031001_0	0.9762815982376467 1K
NA20538 AV_HG01361#haplotype1#0000023:101593539$102001341$HG03453#2#JAGYVV010000088.1_22597550_23005370_1	0.9762793042355049 1K
NA20538 HG01358#1#JAGYZB010000020.1_27445742_27855492_1$HG02071.verkko_filt_mat.fa:haplotype1_0000041_103610513_104018399_0	0.9762761255759884 1K
NA20538 chr1_hg19_103998686_104406594_0$HG01978#1#JAGYVS010000002.1_51519970_52021951_0	0.9762748143264837 1K
NA20538 HG01978#1#JAGYVS010000002.1_51519970_52021951_0$chr1_hg38_103456064_103863972_0	0.9762748143264837 1K
NA20538 HG02622#2#JAHAON010000012.1_51551779_52031001_0$HG00741#2#JAHALX010000013.1_51574319_51981226_0	0.9762735845780544 1K
NA20538 AV_HG01361#haplotype1#0000023:101593539$102001341$HG01978#2#JAGYVR010000007.1_51532241_51939176_0	0.9762734964324763 1K
NA20538 HG02080#1#JAHEOW010000048.1_16689583_17097287_0$HG02071.verkko_filt_mat.fa:haplotype1_0000041_103610513_104018399_0	0.9762723190375285 1K
NA20538 AV_HG00673#haplotype2#0001165:24014011$24421797$HG01123#1#JAGYYZ010000015.1_51528240_51935090_0	0.9762670579567387 1K
NA20538 HG04228.verkko_filt_mat.fa:haplotype1_0000023_103429213_103930285_0$HG01099.verkko_filt_pat.fa:haplotype2_0000583_143544270_144046196_1	0.9762665259910903 1K
NA20538 HG03453#1#JAGYVW010000157.1_2105722_2585000_1$HG01258#1#JAGYYV010000004.1_56955948_57456952_1	0.9762648310717738 1K
NA20538 HG03540#1#JAGYVY010000208.1_95187_596142_0$HG01099.verkko_filt_pat.fa:haplotype2_0000583_143544270_144046196_1	0.9762614191012707 1K
NA20538 HG02080#2#JAHEOV010000017.1_16662177_17164189_0$HG02486#1#JAGYVM010000007.1_28868414_29370339_1	0.9762611062298553 1K
NA20538 HG03486#1#JAHEOQ010000123.1_16677696_17085575_0$HG01358#1#JAGYZB010000020.1_27445742_27855492_1	0.9762605960922527 1K
NA20538 HG02559#2#JAGYVJ010000037.1_52167780_52574597_1$HG03516#2#JAGYYS010000004.1_24452130_24859892_1	0.9762587492396203 1K
NA20538 HG01123#1#JAGYYZ010000015.1_51528240_51935090_0$NA19240#2#JAHEOL010000010.1_37445323_37853017_0	0.9762577890547500 1K
NA20538 HG02818#1#JAHEOS010000101.1_89626_496613_0$HG02300.verkko_filt_mat.fa:haplotype1_0000028_144052837_144460586_1	0.9762551210672967 1K
NA20538 AV_HG01175#haplotype1#0000070:46006269$46414083$HG02080#1#JAHEOW010000048.1_16689583_17097287_0	0.9762544353375431 1K
NA20538 AV_HG01361#haplotype1#0000023:101593539$102001341$HG03486#1#JAHEOQ010000123.1_16677696_17085575_0	0.9762528888569155 1K
NA20538 AV_HG01106#haplotype1#0000048:16666181$17262214$HG03098#1#JAHEPM010000059.1_16676208_17105596_0	0.9762496256811090 1K
NA20538 AV_HG01106#haplotype2#0000932:16673968$17175925$HG02300.verkko_filt_pat.fa:haplotype2_0000620_143362344_143769323_1	0.9762449402604774 1K
NA20538 HG00733#1#JAHEPQ010000019.1_46106835_46420495_0$HG03927.verkko_filt_pat.fa:haplotype2_0000800_29002142_29504057_1	0.9762441491709403 1K
NA20538 HG02717#1#JAHAOS010000015.1_16660311_17067250_0$HG01099.verkko_filt_mat.fa:haplotype1_0000034_142513097_142920876_1	0.9762403119140635 1K
NA20538 HG02630#2#JAHAOP010000089.1_16669255_17076135_0$NA19240#2#JAHEOL010000010.1_37445323_37853017_0	0.9762389096604589 1K
NA20538 HG02886#1#JAHAOU010000178.1_62411_469262_0$HG03516#1#JAGYYT010000012.1_24170958_24578778_1	0.9762385803464984 1K
NA20538 HG005#2#JAHEPN010000023.1_51542210_51950070_0$HG01358#1#JAGYZB010000020.1_27445742_27855492_1	0.9762336501406423 1K
NA20538 HG02630#1#JAHAOQ010000102.1_16672145_17079089_0$HG01099.verkko_filt_mat.fa:haplotype1_0000034_142513097_142920876_1	0.9762333117940325 1K
NA20538 HG03540#2#JAGYVX010000148.1_1368955_1877115_0$HG002.verkko_filt_pat.fa:haplotype2_0000649_147937390_148315979_1	0.9762317474043593 1K
NA20538 AV_HG00673#haplotype1#0000019:16627360$17129375$HG02486#1#JAGYVM010000007.1_28868414_29370339_1	0.9762297214969861 1K
NA20538 AV_HG01361#haplotype1#0000023:101593539$102001341$HG00741#2#JAHALX010000013.1_51574319_51981226_0	0.9762273948979588 1K
NA20538 HG01123#1#JAGYYZ010000015.1_51528240_51935090_0$HG03486#2#JAHEOP010000248.1_2105565_2584784_1	0.9762268141724747 1K
NA20538 HG02080#1#JAHEOW010000048.1_16689583_17097287_0$HG005#2#JAHEPN010000023.1_51542210_51950070_0	0.9762230798906514 1K
NA20538 AV_HG00673#haplotype2#0001165:24014011$24421797$HG02809.verkko_filt_pat.fa:haplotype2_0001251_103421111_103827972_0	0.9762192094912328 1K
NA20538 HG02109#2#JAHEPF010000078.1_16678387_16991144_0$HG03927.verkko_filt_pat.fa:haplotype2_0000800_29002142_29504057_1	0.9762167361444091 1K
NA20538 HG03516#1#JAGYYT010000012.1_24170958_24578778_1$chr1_chm13_103304997_103901127_0	0.9762166324592794 1K
NA20538 AV_HG01106#haplotype2#0000932:16673968$17175925$AV_HG02148#haplotype2#0002863:16304803$16712699	0.9762130404742216 1K
NA20538 HG03540#1#JAGYVY010000208.1_95187_596142_0$HG02071.verkko_filt_pat.fa:haplotype2_0000736_102745972_103248026_0	0.9762113333845893 1K
NA20538 HG02559#2#JAGYVJ010000037.1_52167780_52574597_1$HG03927.verkko_filt_mat.fa:haplotype1_0000009_134765170_135173010_1	0.9762075187705360 1K
NA20538 AV_HG00673#haplotype1#0000019:16627360$17129375$HG03492#1#JAHEPI010000180.1_2103395_2543326_1	0.9762034292478851 1K
NA20538 HG02055#2#JAHEPJ010000017.1_24870122_25298560_1$chr1_chm13_103304997_103901127_0	0.9762033613334058 1K
NA20538 HG02109#1#JAHEPG010000026.1_16673035_17080816_0$HG03516#1#JAGYYT010000012.1_24170958_24578778_1	0.9762002867353631 1K
NA20538 HG00741#1#JAHALY010000007.1_18781197_19307680_1$HG02886#1#JAHAOU010000178.1_62411_469262_0	0.9761956669189394 1K
NA20538 NA19240#2#JAHEOL010000010.1_37445323_37853017_0$HG002.verkko_filt_mat.fa:haplotype1_0000005_138228497_138636354_1	0.9761941310375446 1K
NA20538 NA20129#2#JAHEPD010000155.1_90039_569275_0$NA18906#2#JAHEON010000009.1_93748295_94249275_0	0.9761936326242754 1K
NA20538 HG02080#1#JAHEOW010000048.1_16689583_17097287_0$HG02559#2#JAGYVJ010000037.1_52167780_52574597_1	0.9761924637288406 1K
NA20538 AV_HG00673#haplotype2#0001165:24014011$24421797$HG02717#2#JAHAOR010000006.1_19663827_20070693_1	0.9761902697214649 1K
NA20538 HG02630#1#JAHAOQ010000102.1_16672145_17079089_0$NA20129#2#JAHEPD010000155.1_90039_569275_0	0.9761871011855900 1K
NA20538 HG01978#1#JAGYVS010000002.1_51519970_52021951_0$HG02071.verkko_filt_mat.fa:haplotype1_0000041_103610513_104018399_0	0.9761857747211969 1K
NA20538 NA18906#1#JAHEOO010000054.1_2103477_2510435_1$HG01099.verkko_filt_mat.fa:haplotype1_0000034_142513097_142920876_1	0.9761832319103357 1K
NA20538 AV_HG01361#haplotype1#0000023:101593539$102001341$HG02004.verkko_filt_mat.fa:haplotype1_0000022_97828542_98235483_0	0.9761755177785271 1K
NA20538 HG02717#2#JAHAOR010000006.1_19663827_20070693_1$NA19240#2#JAHEOL010000010.1_37445323_37853017_0	0.9761730992725201 1K
NA20538 HG03516#1#JAGYYT010000012.1_24170958_24578778_1$NA19240#1#JAHEOM010000047.1_30103390_30511199_1	0.9761727727054628 1K
NA20538 NA20129#2#JAHEPD010000155.1_90039_569275_0$HG02809.verkko_filt_pat.fa:haplotype2_0001251_103421111_103827972_0	0.9761667580334293 1K
NA20538 HG00621#2#JAHBCC010000031.1_16669999_17077865_0$HG01978#1#JAGYVS010000002.1_51519970_52021951_0	0.9761634220014873 1K
NA20538 AV_HG02148#haplotype2#0002863:16304803$16712699$HG01358#1#JAGYZB010000020.1_27445742_27855492_1	0.9761580259019726 1K
NA20538 HG02080#1#JAHEOW010000048.1_16689583_17097287_0$HG03453#2#JAGYVV010000088.1_22597550_23005370_1	0.9761569099015132 1K
NA20538 AV_HG02148#haplotype2#0002863:16304803$16712699$HG02080#1#JAHEOW010000048.1_16689583_17097287_0	0.9761568954537704 1K
NA20538 HG00741#1#JAHALY010000007.1_18781197_19307680_1$NA20129#2#JAHEPD010000155.1_90039_569275_0	0.9761500418209564 1K
NA20538 HG01891#1#JAGYVO010000014.1_22855818_23168577_1$HG03927.verkko_filt_pat.fa:haplotype2_0000800_29002142_29504057_1	0.9761496737936018 1K
NA20538 HG02630#1#JAHAOQ010000102.1_16672145_17079089_0$HG02622#2#JAHAON010000012.1_51551779_52031001_0	0.9761493046282581 1K
NA20538 HG01109#1#JAHEPA010000099.1_2104245_2511104_1$NA20129#2#JAHEPD010000155.1_90039_569275_0	0.9761485440542640 1K
NA20538 AV_HG01361#haplotype1#0000023:101593539$102001341$HG00621#2#JAHBCC010000031.1_16669999_17077865_0	0.9761483973921055 1K
NA20538 HG02293.verkko_filt_mat.fa:haplotype1_0000039_30204405_30517145_1$HG03927.verkko_filt_pat.fa:haplotype2_0000800_29002142_29504057_1	0.9761449919784154 1K
NA20538 HG00741#1#JAHALY010000007.1_18781197_19307680_1$HG02622#2#JAHAON010000012.1_51551779_52031001_0	0.9761436126438253 1K
NA20538 HG02080#1#JAHEOW010000048.1_16689583_17097287_0$HG01978#2#JAGYVR010000007.1_51532241_51939176_0	0.9761430941455493 1K
NA20538 HG01978#1#JAGYVS010000002.1_51519970_52021951_0$NA18906#2#JAHEON010000009.1_93748295_94249275_0	0.9761421787441228 1K
NA20538 NA20129#2#JAHEPD010000155.1_90039_569275_0$NA18906#1#JAHEOO010000054.1_2103477_2510435_1	0.9761311785711407 1K
NA20538 HG02080#1#JAHEOW010000048.1_16689583_17097287_0$HG02300.verkko_filt_pat.fa:haplotype2_0000620_143362344_143769323_1	0.9761140504594953 1K
NA20538 HG02622#2#JAHAON010000012.1_51551779_52031001_0$NA18906#2#JAHEON010000009.1_93748295_94249275_0	0.9761106463094278 1K
NA20538 HG01109#1#JAHEPA010000099.1_2104245_2511104_1$HG02622#2#JAHAON010000012.1_51551779_52031001_0	0.9761102298929847 1K
NA20538 HG02622#1#JAHAOO010000002.1_16673678_17080663_0$HG04228.verkko_filt_mat.fa:haplotype1_0000023_103429213_103930285_0	0.9761080582792276 1K
NA20538 HG02559#1#JAGYVK010000012.1_51505852_51913611_0$HG02559#2#JAGYVJ010000037.1_52167780_52574597_1	0.9761066098715130 1K
NA20538 AV_HG01175#haplotype1#0000070:46006269$46414083$HG02080#2#JAHEOV010000017.1_16662177_17164189_0	0.9761037217837761 1K
NA20538 chr1_hg38_103456064_103863972_0$NA19240#2#JAHEOL010000010.1_37445323_37853017_0	0.9761031153150791 1K
NA20538 chr1_hg19_103998686_104406594_0$NA19240#2#JAHEOL010000010.1_37445323_37853017_0	0.9761031153150791 1K
NA20538 AV_HG00673#haplotype2#0001165:24014011$24421797$HG03516#1#JAGYYT010000012.1_24170958_24578778_1	0.9761012470657141 1K
NA20538 AV_HG01361#haplotype1#0000023:101593539$102001341$AV_HG02148#haplotype2#0002863:16304803$16712699	0.9761010837761511 1K
NA20538 HG02818#1#JAHEOS010000101.1_89626_496613_0$HG01099.verkko_filt_mat.fa:haplotype1_0000034_142513097_142920876_1	0.9760999398889162 1K
NA20538 HG005#1#JAHEPO010000002.1_51519219_51926067_0$NA19240#2#JAHEOL010000010.1_37445323_37853017_0	0.9760957384739241 1K
NA20538 HG02622#2#JAHAON010000012.1_51551779_52031001_0$NA18906#1#JAHEOO010000054.1_2103477_2510435_1	0.9760934064498741 1K
NA20538 HG02622#2#JAHAON010000012.1_51551779_52031001_0$HG02809.verkko_filt_pat.fa:haplotype2_0001251_103421111_103827972_0	0.9760790070443249 1K
NA20538 HG02080#1#JAHEOW010000048.1_16689583_17097287_0$HG02145#2#JAHKSF010000206.1_1005292_1413195_1	0.9760772791939769 1K
NA20538 HG00741#1#JAHALY010000007.1_18781197_19307680_1$HG01109#2#JAHEOZ010000047.1_16671232_17151375_0	0.9760762440578152 1K
NA20538 HG03492#1#JAHEPI010000180.1_2103395_2543326_1$HG02293.verkko_filt_pat.fa:haplotype2_0000836_148310532_148812524_1	0.9760744319778231 1K
NA20538 AV_HG00673#haplotype2#0001165:24014011$24421797$HG02630#2#JAHAOP010000089.1_16669255_17076135_0	0.9760701586468011 1K
NA20538 HG02717#1#JAHAOS010000015.1_16660311_17067250_0$NA20129#2#JAHEPD010000155.1_90039_569275_0	0.9760690080493268 1K
NA20538 AV_HG02148#haplotype2#0002863:16304803$16712699$HG01978#1#JAGYVS010000002.1_51519970_52021951_0	0.9760669734686935 1K
NA20538 AV_HG00673#haplotype1#0000019:16627360$17129375$AV_HG01175#haplotype1#0000070:46006269$46414083	0.9760607213532265 1K
NA20538 AV_HG01361#haplotype1#0000023:101593539$102001341$HG01928#1#JAGYVQ010000053.1_16676493_17083407_0	0.9760585512865361 1K
NA20538 HG02486#1#JAGYVM010000007.1_28868414_29370339_1$HG02293.verkko_filt_pat.fa:haplotype2_0000836_148310532_148812524_1	0.9760572771539523 1K
NA20538 HG02647.verkko_filt_mat.fa:haplotype1_0000002_103892584_104321036_0$HG01099.verkko_filt_pat.fa:haplotype2_0000583_143544270_144046196_1	0.9760501172362753 1K
NA20538 HG01978#1#JAGYVS010000002.1_51519970_52021951_0$HG02300.verkko_filt_pat.fa:haplotype2_0000620_143362344_143769323_1	0.9760499997496186 1K
NA20538 HG02622#1#JAHAOO010000002.1_16673678_17080663_0$HG02300.verkko_filt_mat.fa:haplotype1_0000028_144052837_144460586_1	0.9760493830770095 1K
NA20538 HG03516#1#JAGYYT010000012.1_24170958_24578778_1$NA19240#2#JAHEOL010000010.1_37445323_37853017_0	0.9760453339506070 1K
NA20538 HG03486#2#JAHEOP010000248.1_2105565_2584784_1$NA18906#2#JAHEON010000009.1_93748295_94249275_0	0.9760439072798442 1K
NA20538 HG03516#2#JAGYYS010000004.1_24452130_24859892_1$HG03927.verkko_filt_mat.fa:haplotype1_0000009_134765170_135173010_1	0.9760407955298183 1K
NA20538 HG02080#2#JAHEOV010000017.1_16662177_17164189_0$HG03453#2#JAGYVV010000088.1_22597550_23005370_1	0.9760404897351653 1K
NA20538 HG02080#1#JAHEOW010000048.1_16689583_17097287_0$HG02004.verkko_filt_mat.fa:haplotype1_0000022_97828542_98235483_0	0.9760369568883830 1K
NA20538 HG03486#2#JAHEOP010000248.1_2105565_2584784_1$HG02717#2#JAHAOR010000006.1_19663827_20070693_1	0.9760368190391310 1K
NA20538 HG02717#1#JAHAOS010000015.1_16660311_17067250_0$HG02622#2#JAHAON010000012.1_51551779_52031001_0	0.9760311925156741 1K
NA20538 HG01109#1#JAHEPA010000099.1_2104245_2511104_1$HG01071#1#JAHBCF010000053.1_26607100_27108065_1	0.9760305128505598 1K
NA20538 HG00741#1#JAHALY010000007.1_18781197_19307680_1$HG02145#2#JAHKSF010000206.1_1005292_1413195_1	0.9760301170204214 1K
NA20538 HG00741#1#JAHALY010000007.1_18781197_19307680_1$HG02630#1#JAHAOQ010000102.1_16672145_17079089_0	0.9760284811573242 1K
NA20538 HG02145#2#JAHKSF010000206.1_1005292_1413195_1$HG03486#2#JAHEOP010000248.1_2105565_2584784_1	0.9760272015663261 1K
NA20538 chr1_chm13_103304997_103901127_0$HG02809.verkko_filt_mat.fa:haplotype1_0000023_94161320_94589755_0	0.9760246491459121 1K
NA20538 HG03098#1#JAHEPM010000059.1_16676208_17105596_0$HG01099.verkko_filt_pat.fa:haplotype2_0000583_143544270_144046196_1	0.9760231687695854 1K
NA20538 AV_HG01361#haplotype1#0000023:101593539$102001341$HG02145#2#JAHKSF010000206.1_1005292_1413195_1	0.9760207904721376 1K
NA20538 AV_HG02257#haplotype2#0001152:102843493$103251377$HG02080#1#JAHEOW010000048.1_16689583_17097287_0	0.9760193058150581 1K
NA20538 HG03486#1#JAHEOQ010000123.1_16677696_17085575_0$HG01978#1#JAGYVS010000002.1_51519970_52021951_0	0.9760191852765121 1K
NA20538 HG00741#1#JAHALY010000007.1_18781197_19307680_1$HG005#1#JAHEPO010000002.1_51519219_51926067_0	0.9760188545977245 1K
NA20538 AV_HG01361#haplotype1#0000023:101593539$102001341$HG02630#1#JAHAOQ010000102.1_16672145_17079089_0	0.9760187542248130 1K
NA20538 AV_HG01175#haplotype1#0000070:46006269$46414083$HG02293.verkko_filt_pat.fa:haplotype2_0000836_148310532_148812524_1	0.9760162802151822 1K
NA20538 HG03516#1#JAGYYT010000012.1_24170958_24578778_1$HG01258#2#JAGYYU010000072.1_51562603_51970395_0	0.9760144998942180 1K
NA20538 AV_HG01361#haplotype1#0000023:101593539$102001341$NA18906#1#JAHEOO010000054.1_2103477_2510435_1	0.9760011848197413 1K
NA20538 AV_HG01361#haplotype1#0000023:101593539$102001341$HG02300.verkko_filt_pat.fa:haplotype2_0000620_143362344_143769323_1	0.9760010353659245 1K
NA20538 NA20129#2#JAHEPD010000155.1_90039_569275_0$HG02818#1#JAHEOS010000101.1_89626_496613_0	0.9759970073858302 1K
NA20538 AV_HG01175#haplotype1#0000070:46006269$46414083$HG00741#1#JAHALY010000007.1_18781197_19307680_1	0.9759880937711520 1K
NA20538 AV_HG00673#haplotype2#0001165:24014011$24421797$HG005#1#JAHEPO010000002.1_51519219_51926067_0	0.9759754756762342 1K
NA20538 HG03710.verkko_filt_mat.fa:haplotype1_0000029_102593394_102907063_0$HG03710.verkko_filt_pat.fa:haplotype2_0000488_101614437_102218208_0	0.9759748124775977 1K
NA20538 HG00621#2#JAHBCC010000031.1_16669999_17077865_0$NA19240#2#JAHEOL010000010.1_37445323_37853017_0	0.9759747072868408 1K
NA20538 HG03516#1#JAGYYT010000012.1_24170958_24578778_1$HG02809.verkko_filt_pat.fa:haplotype2_0001251_103421111_103827972_0	0.9759731678957624 1K
NA20538 AV_HG00673#haplotype1#0000019:16627360$17129375$HG002.verkko_filt_mat.fa:haplotype1_0000005_138228497_138636354_1	0.9759716710892349 1K
NA20538 HG02080#2#JAHEOV010000017.1_16662177_17164189_0$HG002.verkko_filt_mat.fa:haplotype1_0000005_138228497_138636354_1	0.9759712267208850 1K
NA20538 AV_HG00673#haplotype1#0000019:16627360$17129375$HG03453#2#JAGYVV010000088.1_22597550_23005370_1	0.9759707278469717 1K
NA20538 HG00621#2#JAHBCC010000031.1_16669999_17077865_0$HG02080#2#JAHEOV010000017.1_16662177_17164189_0	0.9759697696999585 1K
NA20538 HG02622#2#JAHAON010000012.1_51551779_52031001_0$HG02818#1#JAHEOS010000101.1_89626_496613_0	0.9759652470943205 1K
NA20538 AV_HG01361#haplotype1#0000023:101593539$102001341$AV_HG02257#haplotype2#0001152:102843493$103251377	0.9759627919471139 1K
NA20538 HG00621#1#JAHBCD010000034.1_2122997_2624098_1$HG03540#1#JAGYVY010000208.1_95187_596142_0	0.9759612812780764 1K
NA20538 HG03486#2#JAHEOP010000248.1_2105565_2584784_1$HG02109#1#JAHEPG010000026.1_16673035_17080816_0	0.9759576067622840 1K
NA20538 HG02559#1#JAGYVK010000012.1_51505852_51913611_0$HG03927.verkko_filt_mat.fa:haplotype1_0000009_134765170_135173010_1	0.9759546353477031 1K
NA20538 HG00741#1#JAHALY010000007.1_18781197_19307680_1$NA18906#1#JAHEOO010000054.1_2103477_2510435_1	0.9759533907415189 1K
NA20538 AV_HG01361#haplotype2#0001322:101872897$102186552$HG03927.verkko_filt_pat.fa:haplotype2_0000800_29002142_29504057_1	0.9759492631172773 1K
NA20538 HG00733#1#JAHEPQ010000019.1_46106835_46420495_0$HG03710.verkko_filt_pat.fa:haplotype2_0000488_101614437_102218208_0	0.9759444463965267 1K
NA20538 AV_HG00673#haplotype1#0000019:16627360$17129375$HG00621#2#JAHBCC010000031.1_16669999_17077865_0	0.9759377236925418 1K
NA20538 HG01123#1#JAGYYZ010000015.1_51528240_51935090_0$HG03516#1#JAGYYT010000012.1_24170958_24578778_1	0.9759346299377992 1K
NA20538 HG03486#1#JAHEOQ010000123.1_16677696_17085575_0$NA19240#2#JAHEOL010000010.1_37445323_37853017_0	0.9759255575919400 1K
NA20538 HG02080#1#JAHEOW010000048.1_16689583_17097287_0$HG01928#1#JAGYVQ010000053.1_16676493_17083407_0	0.9759199661773167 1K
NA20538 AV_HG01106#haplotype1#0000048:16666181$17262214$HG02647.verkko_filt_mat.fa:haplotype1_0000002_103892584_104321036_0	0.9759160194050178 1K
NA20538 HG03579#1#JAGYVU010000029.1_91404_499180_0$HG03927.verkko_filt_mat.fa:haplotype1_0000009_134765170_135173010_1	0.9759150146665498 1K
NA20538 AV_HG01361#haplotype1#0000023:101593539$102001341$HG02717#1#JAHAOS010000015.1_16660311_17067250_0	0.9759117317752667 1K
NA20538 AV_HG01361#haplotype2#0001322:101872897$102186552$HG01099.verkko_filt_pat.fa:haplotype2_0000583_143544270_144046196_1	0.9759104411947170 1K
NA20538 NA20129#2#JAHEPD010000155.1_90039_569275_0$HG01109#2#JAHEOZ010000047.1_16671232_17151375_0	0.9759095318092024 1K
NA20538 AV_HG00673#haplotype2#0001165:24014011$24421797$HG02559#2#JAGYVJ010000037.1_52167780_52574597_1	0.9759079379702537 1K
NA20538 HG02080#1#JAHEOW010000048.1_16689583_17097287_0$HG02630#1#JAHAOQ010000102.1_16672145_17079089_0	0.9759047409814645 1K
NA20538 chr1_chm13_103304997_103901127_0$HG04228.verkko_filt_pat.fa:haplotype2_0000600_103806749_104119491_0	0.9759044477346234 1K
NA20538 HG02080#1#JAHEOW010000048.1_16689583_17097287_0$NA18906#1#JAHEOO010000054.1_2103477_2510435_1	0.9759034977968845 1K
NA20538 AV_HG01175#haplotype1#0000070:46006269$46414083$NA19240#2#JAHEOL010000010.1_37445323_37853017_0	0.9759034435800448 1K
NA20538 HG00741#1#JAHALY010000007.1_18781197_19307680_1$HG002.verkko_filt_mat.fa:haplotype1_0000005_138228497_138636354_1	0.9758818189849101 1K
NA20538 AV_HG00673#haplotype2#0001165:24014011$24421797$AV_HG01175#haplotype1#0000070:46006269$46414083	0.9758804125025429 1K
NA20538 HG02080#1#JAHEOW010000048.1_16689583_17097287_0$HG02717#1#JAHAOS010000015.1_16660311_17067250_0	0.9758791381138722 1K
NA20538 HG02622#1#JAHAOO010000002.1_16673678_17080663_0$HG01099.verkko_filt_mat.fa:haplotype1_0000034_142513097_142920876_1	0.9758784331460724 1K
NA20538 HG03453#1#JAGYVW010000157.1_2105722_2585000_1$HG00438#1#JAHBCB010000015.1_33474867_33954171_0	0.9758762991108613 1K
NA20538 AV_HG00673#haplotype2#0001165:24014011$24421797$HG01109#1#JAHEPA010000099.1_2104245_2511104_1	0.9758745519705770 1K
NA20538 HG005#2#JAHEPN010000023.1_51542210_51950070_0$NA19240#2#JAHEOL010000010.1_37445323_37853017_0	0.9758726207028076 1K
NA20538 HG02055#2#JAHEPJ010000017.1_24870122_25298560_1$HG01099.verkko_filt_pat.fa:haplotype2_0000583_143544270_144046196_1	0.9758691084560793 1K
NA20538 HG02559#2#JAGYVJ010000037.1_52167780_52574597_1$NA19240#2#JAHEOL010000010.1_37445323_37853017_0	0.9758665571254498 1K
NA20538 HG01109#1#JAHEPA010000099.1_2104245_2511104_1$NA19240#2#JAHEOL010000010.1_37445323_37853017_0	0.9758657876579265 1K
NA20538 HG02818#2#JAHEOR010000010.1_31775319_32183091_1$HG03927.verkko_filt_mat.fa:haplotype1_0000009_134765170_135173010_1	0.9758643129683406 1K
NA20538 NA19240#2#JAHEOL010000010.1_37445323_37853017_0$HG02071.verkko_filt_mat.fa:haplotype1_0000041_103610513_104018399_0	0.9758642273461797 1K
NA20538 HG01123#2#JAGYYY010000006.1_51579630_51892388_0$HG03927.verkko_filt_pat.fa:haplotype2_0000800_29002142_29504057_1	0.9758618830693526 1K
NA20538 HG03710.verkko_filt_pat.fa:haplotype2_0000488_101614437_102218208_0$HG02293.verkko_filt_mat.fa:haplotype1_0000039_30204405_30517145_1	0.9758571536024118 1K
NA20538 AV_HG01106#haplotype1#0000048:16666181$17262214$HG03927.verkko_filt_mat.fa:haplotype1_0000009_134765170_135173010_1	0.9758555053840541 1K
NA20538 HG00741#2#JAHALX010000013.1_51574319_51981226_0$NA19240#2#JAHEOL010000010.1_37445323_37853017_0	0.9758527347380122 1K
NA20538 AV_HG02257#haplotype2#0001152:102843493$103251377$HG00741#1#JAHALY010000007.1_18781197_19307680_1	0.9758485457261773 1K
NA20538 HG02486#1#JAGYVM010000007.1_28868414_29370339_1$HG02071.verkko_filt_pat.fa:haplotype2_0000736_102745972_103248026_0	0.9758436590003673 1K
NA20538 AV_HG01106#haplotype2#0000932:16673968$17175925$HG03492#2#JAHEPH010000288.1_2098270_2432686_1	0.9758422223096304 1K
NA20538 HG01358#1#JAGYZB010000020.1_27445742_27855492_1$HG02300.verkko_filt_pat.fa:haplotype2_0000620_143362344_143769323_1	0.9758359774557287 1K
NA20538 HG03453#1#JAGYVW010000157.1_2105722_2585000_1$HG01071#1#JAHBCF010000053.1_26607100_27108065_1	0.9758353707061428 1K
NA20538 HG005#1#JAHEPO010000002.1_51519219_51926067_0$HG03486#2#JAHEOP010000248.1_2105565_2584784_1	0.9758300223143500 1K
NA20538 HG01978#1#JAGYVS010000002.1_51519970_52021951_0$HG005#2#JAHEPN010000023.1_51542210_51950070_0	0.9758249058086028 1K
NA20538 AV_HG00673#haplotype2#0001165:24014011$24421797$HG002.verkko_filt_mat.fa:haplotype1_0000005_138228497_138636354_1	0.9758230888055316 1K
NA20538 NA18906#2#JAHEON010000009.1_93748295_94249275_0$HG02486#1#JAGYVM010000007.1_28868414_29370339_1	0.9758219741089524 1K
NA20538 NA20129#2#JAHEPD010000155.1_90039_569275_0$HG02622#1#JAHAOO010000002.1_16673678_17080663_0	0.9758164282339578 1K
NA20538 HG00741#1#JAHALY010000007.1_18781197_19307680_1$HG02717#1#JAHAOS010000015.1_16660311_17067250_0	0.9758131059364131 1K
NA20538 AV_HG01361#haplotype1#0000023:101593539$102001341$HG02818#1#JAHEOS010000101.1_89626_496613_0	0.9758125556280879 1K
NA20538 HG00621#1#JAHBCD010000034.1_2122997_2624098_1$HG02486#1#JAGYVM010000007.1_28868414_29370339_1	0.9758030274253863 1K
NA20538 HG01258#1#JAGYYV010000004.1_56955948_57456952_1$HG02486#1#JAGYVM010000007.1_28868414_29370339_1	0.9757938632004586 1K
NA20538 HG00621#2#JAHBCC010000031.1_16669999_17077865_0$HG00741#1#JAHALY010000007.1_18781197_19307680_1	0.9757931571385432 1K
NA20538 AV_HG00673#haplotype1#0000019:16627360$17129375$NA18906#2#JAHEON010000009.1_93748295_94249275_0	0.9757917117565308 1K
NA20538 HG03453#2#JAGYVV010000088.1_22597550_23005370_1$HG02293.verkko_filt_pat.fa:haplotype2_0000836_148310532_148812524_1	0.9757912804715295 1K
NA20538 HG00621#2#JAHBCC010000031.1_16669999_17077865_0$HG02293.verkko_filt_pat.fa:haplotype2_0000836_148310532_148812524_1	0.9757849899170955 1K
NA20538 HG02080#2#JAHEOV010000017.1_16662177_17164189_0$NA18906#2#JAHEON010000009.1_93748295_94249275_0	0.9757838690834872 1K
NA20538 HG01978#2#JAGYVR010000007.1_51532241_51939176_0$NA19240#2#JAHEOL010000010.1_37445323_37853017_0	0.9757837466439233 1K
NA20538 AV_HG01106#haplotype2#0000932:16673968$17175925$HG01243#1#JAHEOY010000013.1_90081_424495_0	0.9757810676642953 1K
NA20538 AV_HG00673#haplotype1#0000019:16627360$17129375$HG02071.verkko_filt_mat.fa:haplotype1_0000041_103610513_104018399_0	0.9757804773713146 1K
NA20538 HG02080#2#JAHEOV010000017.1_16662177_17164189_0$HG02300.verkko_filt_pat.fa:haplotype2_0000620_143362344_143769323_1	0.9757794172953724 1K
NA20538 HG03516#1#JAGYYT010000012.1_24170958_24578778_1$HG02717#2#JAHAOR010000006.1_19663827_20070693_1	0.9757781522623232 1K
NA20538 HG01978#2#JAGYVR010000007.1_51532241_51939176_0$HG01358#1#JAGYZB010000020.1_27445742_27855492_1	0.9757741321749676 1K
NA20538 HG02071.verkko_filt_mat.fa:haplotype1_0000041_103610513_104018399_0$HG02293.verkko_filt_pat.fa:haplotype2_0000836_148310532_148812524_1	0.9757740786436695 1K
NA20538 HG00741#1#JAHALY010000007.1_18781197_19307680_1$HG00741#2#JAHALX010000013.1_51574319_51981226_0	0.9757738582244458 1K
NA20538 AV_HG02148#haplotype2#0002863:16304803$16712699$NA19240#2#JAHEOL010000010.1_37445323_37853017_0	0.9757738569492224 1K
NA20538 HG02622#2#JAHAON010000012.1_51551779_52031001_0$HG02622#1#JAHAOO010000002.1_16673678_17080663_0	0.9757720252714932 1K
NA20538 HG02809.verkko_filt_mat.fa:haplotype1_0000023_94161320_94589755_0$HG01099.verkko_filt_pat.fa:haplotype2_0000583_143544270_144046196_1	0.9757714033060811 1K
NA20538 HG03710.verkko_filt_pat.fa:haplotype2_0000488_101614437_102218208_0$HG03927.verkko_filt_mat.fa:haplotype1_0000009_134765170_135173010_1	0.9757689550552343 1K
NA20538 HG02622#2#JAHAON010000012.1_51551779_52031001_0$HG01109#2#JAHEOZ010000047.1_16671232_17151375_0	0.9757648746539731 1K
NA20538 HG00741#1#JAHALY010000007.1_18781197_19307680_1$HG02071.verkko_filt_mat.fa:haplotype1_0000041_103610513_104018399_0	0.9757641895023036 1K
NA20538 HG02109#1#JAHEPG010000026.1_16673035_17080816_0$HG01358#1#JAGYZB010000020.1_27445742_27855492_1	0.9757637523266088 1K
NA20538 HG02080#1#JAHEOW010000048.1_16689583_17097287_0$HG02818#1#JAHEOS010000101.1_89626_496613_0	0.9757633640058727 1K
NA20538 NA19240#2#JAHEOL010000010.1_37445323_37853017_0$HG02300.verkko_filt_pat.fa:haplotype2_0000620_143362344_143769323_1	0.9757621400726827 1K
NA20538 chr1_hg19_103998686_104406594_0$HG02080#2#JAHEOV010000017.1_16662177_17164189_0	0.9757603503355804 1K
NA20538 HG02080#2#JAHEOV010000017.1_16662177_17164189_0$chr1_hg38_103456064_103863972_0	0.9757603503355804 1K
NA20538 chr1_hg38_103456064_103863972_0$HG02293.verkko_filt_pat.fa:haplotype2_0000836_148310532_148812524_1	0.9757600175536987 1K
NA20538 chr1_hg19_103998686_104406594_0$HG02293.verkko_filt_pat.fa:haplotype2_0000836_148310532_148812524_1	0.9757600175536987 1K
NA20538 AV_HG00673#haplotype1#0000019:16627360$17129375$HG02300.verkko_filt_pat.fa:haplotype2_0000620_143362344_143769323_1	0.9757580561789984 1K
NA20538 AV_HG01361#haplotype2#0001322:101872897$102186552$HG03540#1#JAGYVY010000208.1_95187_596142_0	0.9757577761211942 1K
NA20538 HG03453#1#JAGYVW010000157.1_2105722_2585000_1$HG02109#1#JAHEPG010000026.1_16673035_17080816_0	0.9757505199775014 1K
NA20538 HG02818#2#JAHEOR010000010.1_31775319_32183091_1$HG02559#2#JAGYVJ010000037.1_52167780_52574597_1	0.9757478241692991 1K
NA20538 HG00741#1#JAHALY010000007.1_18781197_19307680_1$chr1_hg38_103456064_103863972_0	0.9757416835832434 1K
NA20538 HG00741#1#JAHALY010000007.1_18781197_19307680_1$chr1_hg19_103998686_104406594_0	0.9757416835832434 1K
NA20538 HG002.verkko_filt_mat.fa:haplotype1_0000005_138228497_138636354_1$HG02293.verkko_filt_pat.fa:haplotype2_0000836_148310532_148812524_1	0.9757375226196210 1K
NA20538 chr1_chm13_103304997_103901127_0$HG03927.verkko_filt_mat.fa:haplotype1_0000009_134765170_135173010_1	0.9757373219400565 1K
NA20538 HG02080#2#JAHEOV010000017.1_16662177_17164189_0$HG02071.verkko_filt_mat.fa:haplotype1_0000041_103610513_104018399_0	0.9757365148984797 1K
NA20538 HG02630#1#JAHAOQ010000102.1_16672145_17079089_0$HG03486#2#JAHEOP010000248.1_2105565_2584784_1	0.9757332033689101 1K
NA20538 HG03098#1#JAHEPM010000059.1_16676208_17105596_0$HG03540#1#JAGYVY010000208.1_95187_596142_0	0.9757318197028267 1K
NA20538 HG00741#1#JAHALY010000007.1_18781197_19307680_1$HG03453#2#JAGYVV010000088.1_22597550_23005370_1	0.9757312730621455 1K
NA20538 AV_HG01106#haplotype1#0000048:16666181$17262214$HG03579#1#JAGYVU010000029.1_91404_499180_0	0.9757294350922986 1K
NA20538 AV_HG02148#haplotype2#0002863:16304803$16712699$HG02080#2#JAHEOV010000017.1_16662177_17164189_0	0.9757272288158240 1K
NA20538 HG02886#2#JAHAOT010000031.1_87393_401061_0$HG01099.verkko_filt_pat.fa:haplotype2_0000583_143544270_144046196_1	0.9757270269598892 1K
NA20538 HG03453#2#JAGYVV010000088.1_22597550_23005370_1$NA19240#2#JAHEOL010000010.1_37445323_37853017_0	0.9757263536310525 1K
NA20538 HG00621#1#JAHBCD010000034.1_2122997_2624098_1$HG03492#1#JAHEPI010000180.1_2103395_2543326_1	0.9757249637245583 1K
NA20538 AV_HG00673#haplotype1#0000019:16627360$17129375$chr1_hg38_103456064_103863972_0	0.9757229970634275 1K
NA20538 AV_HG00673#haplotype1#0000019:16627360$17129375$chr1_hg19_103998686_104406594_0	0.9757229970634275 1K
NA20538 AV_HG01106#haplotype1#0000048:16666181$17262214$HG00741#1#JAHALY010000007.1_18781197_19307680_1	0.9757187291537059 1K
NA20538 chr1_hg38_103456064_103863972_0$HG03516#1#JAGYYT010000012.1_24170958_24578778_1	0.9757140136605456 1K
NA20538 chr1_hg19_103998686_104406594_0$HG03516#1#JAGYYT010000012.1_24170958_24578778_1	0.9757140136605456 1K
NA20538 HG03098#2#JAHEPL010000003.1_93803759_94117426_0$HG03710.verkko_filt_pat.fa:haplotype2_0000488_101614437_102218208_0	0.9757123462097412 1K
NA20538 AV_HG02148#haplotype2#0002863:16304803$16712699$HG02293.verkko_filt_pat.fa:haplotype2_0000836_148310532_148812524_1	0.9757108198046687 1K
NA20538 HG02630#2#JAHAOP010000089.1_16669255_17076135_0$HG03486#2#JAHEOP010000248.1_2105565_2584784_1	0.9757067142942346 1K
NA20538 AV_HG00673#haplotype1#0000019:16627360$17129375$AV_HG02148#haplotype2#0002863:16304803$16712699	0.9757062458189417 1K
NA20538 AV_HG02257#haplotype2#0001152:102843493$103251377$HG03486#2#JAHEOP010000248.1_2105565_2584784_1	0.9756985459610298 1K
NA20538 HG01978#1#JAGYVS010000002.1_51519970_52021951_0$HG01978#2#JAGYVR010000007.1_51532241_51939176_0	0.9756958264563173 1K
NA20538 AV_HG01106#haplotype1#0000048:16666181$17262214$HG03516#2#JAGYYS010000004.1_24452130_24859892_1	0.9756902660518028 1K
NA20538 chr1_chm13_103304997_103901127_0$HG03579#1#JAGYVU010000029.1_91404_499180_0	0.9756803878221132 1K
NA20538 HG00438#2#JAHBCA010000012.1_51513023_51826723_0$HG03710.verkko_filt_pat.fa:haplotype2_0000488_101614437_102218208_0	0.9756707859453270 1K
NA20538 NA19240#2#JAHEOL010000010.1_37445323_37853017_0$HG02004.verkko_filt_mat.fa:haplotype1_0000022_97828542_98235483_0	0.9756703030013623 1K
NA20538 AV_HG01106#haplotype1#0000048:16666181$17262214$HG02559#1#JAGYVK010000012.1_51505852_51913611_0	0.9756646879009498 1K
NA20538 HG00741#1#JAHALY010000007.1_18781197_19307680_1$chr1_chm13_103304997_103901127_0	0.9756604772037413 1K
NA20538 HG01978#1#JAGYVS010000002.1_51519970_52021951_0$HG02004.verkko_filt_mat.fa:haplotype1_0000022_97828542_98235483_0	0.9756598602104110 1K
NA20538 HG03516#1#JAGYYT010000012.1_24170958_24578778_1$HG002.verkko_filt_mat.fa:haplotype1_0000005_138228497_138636354_1	0.9756594557701267 1K
NA20538 HG02109#1#JAHEPG010000026.1_16673035_17080816_0$HG03516#2#JAGYYS010000004.1_24452130_24859892_1	0.9756553408123642 1K
NA20538 AV_HG01106#haplotype1#0000048:16666181$17262214$HG02055#2#JAHEPJ010000017.1_24870122_25298560_1	0.9756489301291813 1K
NA20538 HG00741#1#JAHALY010000007.1_18781197_19307680_1$HG02818#1#JAHEOS010000101.1_89626_496613_0	0.9756481980417577 1K
NA20538 HG02559#2#JAGYVJ010000037.1_52167780_52574597_1$NA19240#1#JAHEOM010000047.1_30103390_30511199_1	0.9756476145704673 1K
NA20538 HG02109#1#JAHEPG010000026.1_16673035_17080816_0$HG03927.verkko_filt_mat.fa:haplotype1_0000009_134765170_135173010_1	0.9756460282927215 1K
NA20538 AV_HG01106#haplotype1#0000048:16666181$17262214$HG00733#1#JAHEPQ010000019.1_46106835_46420495_0	0.9756454350162712 1K
NA20538 HG03492#1#JAHEPI010000180.1_2103395_2543326_1$HG02071.verkko_filt_pat.fa:haplotype2_0000736_102745972_103248026_0	0.9756436652226205 1K
NA20538 HG02630#2#JAHAOP010000089.1_16669255_17076135_0$HG03516#1#JAGYYT010000012.1_24170958_24578778_1	0.9756435056642708 1K
NA20538 NA18906#2#JAHEON010000009.1_93748295_94249275_0$HG02293.verkko_filt_pat.fa:haplotype2_0000836_148310532_148812524_1	0.9756432831379604 1K
NA20538 HG01928#1#JAGYVQ010000053.1_16676493_17083407_0$HG01978#1#JAGYVS010000002.1_51519970_52021951_0	0.9756370641616486 1K
NA20538 AV_HG02148#haplotype2#0002863:16304803$16712699$HG00741#1#JAHALY010000007.1_18781197_19307680_1	0.9756304708389307 1K
NA20538 HG03540#1#JAGYVY010000208.1_95187_596142_0$HG04228.verkko_filt_mat.fa:haplotype1_0000023_103429213_103930285_0	0.9756293715284534 1K
NA20538 AV_HG01175#haplotype1#0000070:46006269$46414083$HG03516#1#JAGYYT010000012.1_24170958_24578778_1	0.9756282490109892 1K
NA20538 HG03516#2#JAGYYS010000004.1_24452130_24859892_1$chr1_chm13_103304997_103901127_0	0.9756217891490768 1K
NA20538 HG03486#2#JAHEOP010000248.1_2105565_2584784_1$NA18906#1#JAHEOO010000054.1_2103477_2510435_1	0.9756209922635729 1K
NA20538 HG02109#1#JAHEPG010000026.1_16673035_17080816_0$HG03579#1#JAGYVU010000029.1_91404_499180_0	0.9756175450609906 1K
NA20538 HG03516#2#JAGYYS010000004.1_24452130_24859892_1$HG02809.verkko_filt_pat.fa:haplotype2_0001251_103421111_103827972_0	0.9756145256864983 1K
NA20538 HG02559#2#JAGYVJ010000037.1_52167780_52574597_1$chr1_chm13_103304997_103901127_0	0.9756078359994783 1K
NA20538 HG02486#2#JAGYVL010000029.1_94163344_94570162_0$HG03927.verkko_filt_mat.fa:haplotype1_0000009_134765170_135173010_1	0.9756061287077912 1K
NA20538 HG005#1#JAHEPO010000002.1_51519219_51926067_0$HG03516#1#JAGYYT010000012.1_24170958_24578778_1	0.9756042847821721 1K
NA20538 AV_HG00673#haplotype2#0001165:24014011$24421797$chr1_hg38_103456064_103863972_0	0.9756026126166385 1K
NA20538 AV_HG00673#haplotype2#0001165:24014011$24421797$chr1_hg19_103998686_104406594_0	0.9756026126166385 1K
NA20538 HG02559#1#JAGYVK010000012.1_51505852_51913611_0$HG02109#1#JAHEPG010000026.1_16673035_17080816_0	0.9756007079468101 1K
NA20538 HG00741#1#JAHALY010000007.1_18781197_19307680_1$HG01109#1#JAHEPA010000099.1_2104245_2511104_1	0.9755996854739046 1K
NA20538 HG00741#1#JAHALY010000007.1_18781197_19307680_1$HG03486#1#JAHEOQ010000123.1_16677696_17085575_0	0.9755961842410250 1K
NA20538 HG02723#1#JAHEOU010000204.1_2102082_2414876_1$HG03927.verkko_filt_pat.fa:haplotype2_0000800_29002142_29504057_1	0.9755955737621008 1K
NA20538 HG02145#2#JAHKSF010000206.1_1005292_1413195_1$NA19240#2#JAHEOL010000010.1_37445323_37853017_0	0.9755868400234612 1K
NA20538 AV_HG00673#haplotype2#0001165:24014011$24421797$HG02071.verkko_filt_mat.fa:haplotype1_0000041_103610513_104018399_0	0.9755822231447647 1K
NA20538 HG03579#1#JAGYVU010000029.1_91404_499180_0$HG02809.verkko_filt_pat.fa:haplotype2_0001251_103421111_103827972_0	0.9755765049435704 1K
NA20538 HG02080#1#JAHEOW010000048.1_16689583_17097287_0$HG02622#1#JAHAOO010000002.1_16673678_17080663_0	0.9755744422531892 1K
NA20538 HG00621#2#JAHBCC010000031.1_16669999_17077865_0$HG00621#1#JAHBCD010000034.1_2122997_2624098_1	0.9755736804133021 1K
NA20538 HG02300.verkko_filt_pat.fa:haplotype2_0000620_143362344_143769323_1$HG02293.verkko_filt_pat.fa:haplotype2_0000836_148310532_148812524_1	0.9755725036083309 1K
NA20538 HG02886#2#JAHAOT010000031.1_87393_401061_0$HG03540#1#JAGYVY010000208.1_95187_596142_0	0.9755662983635933 1K
NA20538 HG02630#1#JAHAOQ010000102.1_16672145_17079089_0$NA19240#2#JAHEOL010000010.1_37445323_37853017_0	0.9755591256034197 1K
NA20538 HG02559#1#JAGYVK010000012.1_51505852_51913611_0$chr1_chm13_103304997_103901127_0	0.9755577532147691 1K
NA20538 HG01071#1#JAHBCF010000053.1_26607100_27108065_1$HG02486#1#JAGYVM010000007.1_28868414_29370339_1	0.9755534288638154 1K
NA20538 HG03540#1#JAGYVY010000208.1_95187_596142_0$HG02647.verkko_filt_mat.fa:haplotype1_0000002_103892584_104321036_0	0.9755521298660351 1K
NA20538 HG03486#1#JAHEOQ010000123.1_16677696_17085575_0$HG02080#2#JAHEOV010000017.1_16662177_17164189_0	0.9755497000845539 1K
NA20538 HG02723#1#JAHEOU010000204.1_2102082_2414876_1$chr1_chm13_103304997_103901127_0	0.9755471464751004 1K
NA20538 HG01928#1#JAGYVQ010000053.1_16676493_17083407_0$NA19240#2#JAHEOL010000010.1_37445323_37853017_0	0.9755453615455606 1K
NA20538 AV_HG01175#haplotype1#0000070:46006269$46414083$HG00621#1#JAHBCD010000034.1_2122997_2624098_1	0.9755447874172848 1K
NA20538 HG01358#1#JAGYZB010000020.1_27445742_27855492_1$HG02004.verkko_filt_mat.fa:haplotype1_0000022_97828542_98235483_0	0.9755387391199961 1K
NA20538 AV_HG00673#haplotype1#0000019:16627360$17129375$HG03486#1#JAHEOQ010000123.1_16677696_17085575_0	0.9755288978521469 1K
NA20538 AV_HG01106#haplotype1#0000048:16666181$17262214$HG02809.verkko_filt_mat.fa:haplotype1_0000023_94161320_94589755_0	0.9755273706091802 1K
NA20538 HG00621#1#JAHBCD010000034.1_2122997_2624098_1$HG002.verkko_filt_mat.fa:haplotype1_0000005_138228497_138636354_1	0.9755262339190538 1K
NA20538 HG02717#1#JAHAOS010000015.1_16660311_17067250_0$HG03486#2#JAHEOP010000248.1_2105565_2584784_1	0.9755222547923668 1K
NA20538 chr1_hg38_103456064_103863972_0$HG03710.verkko_filt_pat.fa:haplotype2_0000488_101614437_102218208_0	0.9755204372884870 1K
NA20538 chr1_hg19_103998686_104406594_0$HG03710.verkko_filt_pat.fa:haplotype2_0000488_101614437_102218208_0	0.9755204372884870 1K
NA20538 HG04228.verkko_filt_pat.fa:haplotype2_0000600_103806749_104119491_0$HG03927.verkko_filt_pat.fa:haplotype2_0000800_29002142_29504057_1	0.9755166515224052 1K
NA20538 AV_HG01175#haplotype1#0000070:46006269$46414083$HG02071.verkko_filt_pat.fa:haplotype2_0000736_102745972_103248026_0	0.9755160852851902 1K
NA20538 AV_HG02257#haplotype2#0001152:102843493$103251377$NA19240#2#JAHEOL010000010.1_37445323_37853017_0	0.9755125490604971 1K
NA20538 HG02559#1#JAGYVK010000012.1_51505852_51913611_0$HG02809.verkko_filt_pat.fa:haplotype2_0001251_103421111_103827972_0	0.9755110666835964 1K
NA20538 HG02818#2#JAHEOR010000010.1_31775319_32183091_1$HG02109#1#JAHEPG010000026.1_16673035_17080816_0	0.9755091111839276 1K
NA20538 AV_HG00673#haplotype2#0001165:24014011$24421797$HG00741#2#JAHALX010000013.1_51574319_51981226_0	0.9755063954980082 1K
NA20538 AV_HG01361#haplotype1#0000023:101593539$102001341$HG02622#1#JAHAOO010000002.1_16673678_17080663_0	0.9755026444944160 1K
NA20538 HG00621#1#JAHBCD010000034.1_2122997_2624098_1$HG03453#2#JAGYVV010000088.1_22597550_23005370_1	0.9754983195501348 1K
NA20538 AV_HG01106#haplotype1#0000048:16666181$17262214$HG00438#2#JAHBCA010000012.1_51513023_51826723_0	0.9754981577285766 1K
NA20538 NA19240#1#JAHEOM010000047.1_30103390_30511199_1$HG03927.verkko_filt_mat.fa:haplotype1_0000009_134765170_135173010_1	0.9754911151165669 1K
NA20538 AV_HG00673#haplotype2#0001165:24014011$24421797$HG03486#1#JAHEOQ010000123.1_16677696_17085575_0	0.9754900155146526 1K
NA20538 HG02559#2#JAGYVJ010000037.1_52167780_52574597_1$HG03516#1#JAGYYT010000012.1_24170958_24578778_1	0.9754877914526688 1K
NA20538 HG00741#1#JAHALY010000007.1_18781197_19307680_1$HG02300.verkko_filt_pat.fa:haplotype2_0000620_143362344_143769323_1	0.9754861979367834 1K
NA20538 HG02486#1#JAGYVM010000007.1_28868414_29370339_1$HG04228.verkko_filt_mat.fa:haplotype1_0000023_103429213_103930285_0	0.9754852018516521 1K
NA20538 NA18906#1#JAHEOO010000054.1_2103477_2510435_1$NA19240#2#JAHEOL010000010.1_37445323_37853017_0	0.9754843002923360 1K
NA20538 HG02886#1#JAHAOU010000178.1_62411_469262_0$HG03927.verkko_filt_mat.fa:haplotype1_0000009_134765170_135173010_1	0.9754813340255083 1K
NA20538 chr1_chm13_103304997_103901127_0$HG00733#1#JAHEPQ010000019.1_46106835_46420495_0	0.9754742023152012 1K
NA20538 HG01258#2#JAGYYU010000072.1_51562603_51970395_0$HG03516#2#JAGYYS010000004.1_24452130_24859892_1	0.9754685655491477 1K
NA20538 HG002.verkko_filt_mat.fa:haplotype1_0000005_138228497_138636354_1$HG02071.verkko_filt_pat.fa:haplotype2_0000736_102745972_103248026_0	0.9754649031290473 1K
NA20538 HG01928#1#JAGYVQ010000053.1_16676493_17083407_0$HG01358#1#JAGYZB010000020.1_27445742_27855492_1	0.9754627132762168 1K
NA20538 AV_HG01106#haplotype1#0000048:16666181$17262214$HG02818#2#JAHEOR010000010.1_31775319_32183091_1	0.9754603278868442 1K
NA20538 HG00741#1#JAHALY010000007.1_18781197_19307680_1$HG005#2#JAHEPN010000023.1_51542210_51950070_0	0.9754603184305575 1K
NA20538 HG03516#2#JAGYYS010000004.1_24452130_24859892_1$HG02717#2#JAHAOR010000006.1_19663827_20070693_1	0.9754579493283571 1K
NA20538 HG03486#2#JAHEOP010000248.1_2105565_2584784_1$HG00741#2#JAHALX010000013.1_51574319_51981226_0	0.9754533545749531 1K
NA20538 HG005#1#JAHEPO010000002.1_51519219_51926067_0$HG03516#2#JAGYYS010000004.1_24452130_24859892_1	0.9754451289917052 1K
NA20538 HG03453#2#JAGYVV010000088.1_22597550_23005370_1$HG02071.verkko_filt_pat.fa:haplotype2_0000736_102745972_103248026_0	0.9754380349448449 1K
NA20538 HG03453#1#JAGYVW010000157.1_2105722_2585000_1$HG02559#2#JAGYVJ010000037.1_52167780_52574597_1	0.9754226398529255 1K
NA20538 NA18906#2#JAHEON010000009.1_93748295_94249275_0$HG02071.verkko_filt_pat.fa:haplotype2_0000736_102745972_103248026_0	0.9754226315907086 1K
NA20538 AV_HG01106#haplotype1#0000048:16666181$17262214$NA19240#1#JAHEOM010000047.1_30103390_30511199_1	0.9754193425146993 1K
NA20538 HG03927.verkko_filt_mat.fa:haplotype1_0000009_134765170_135173010_1$HG02809.verkko_filt_pat.fa:haplotype2_0001251_103421111_103827972_0	0.9754185433932246 1K
NA20538 AV_HG00673#haplotype2#0001165:24014011$24421797$HG03453#2#JAGYVV010000088.1_22597550_23005370_1	0.9754121672719275 1K
NA20538 HG03710.verkko_filt_pat.fa:haplotype2_0000488_101614437_102218208_0$HG002.verkko_filt_mat.fa:haplotype1_0000005_138228497_138636354_1	0.9754107894177340 1K
NA20538 HG03453#1#JAGYVW010000157.1_2105722_2585000_1$HG01258#2#JAGYYU010000072.1_51562603_51970395_0	0.9754044356151709 1K
NA20538 HG03579#1#JAGYVU010000029.1_91404_499180_0$HG02717#2#JAHAOR010000006.1_19663827_20070693_1	0.9754042556633558 1K
NA20538 HG02717#1#JAHAOS010000015.1_16660311_17067250_0$NA19240#2#JAHEOL010000010.1_37445323_37853017_0	0.9754033682518338 1K
NA20538 HG03492#1#JAHEPI010000180.1_2103395_2543326_1$HG01258#1#JAGYYV010000004.1_56955948_57456952_1	0.9753952271135929 1K
NA20538 HG04228.verkko_filt_mat.fa:haplotype1_0000023_103429213_103930285_0$HG002.verkko_filt_mat.fa:haplotype1_0000005_138228497_138636354_1	0.9753915468251035 1K
NA20538 HG01258#2#JAGYYU010000072.1_51562603_51970395_0$HG03579#1#JAGYVU010000029.1_91404_499180_0	0.9753908445325523 1K
NA20538 AV_HG00673#haplotype2#0001165:24014011$24421797$HG02630#1#JAHAOQ010000102.1_16672145_17079089_0	0.9753906196180279 1K
NA20538 AV_HG00673#haplotype2#0001165:24014011$24421797$NA18906#1#JAHEOO010000054.1_2103477_2510435_1	0.9753808688754374 1K
NA20538 HG00621#2#JAHBCC010000031.1_16669999_17077865_0$HG02071.verkko_filt_pat.fa:haplotype2_0000736_102745972_103248026_0	0.9753771363617838 1K
NA20538 HG02818#2#JAHEOR010000010.1_31775319_32183091_1$chr1_chm13_103304997_103901127_0	0.9753736155928008 1K
NA20538 AV_HG01175#haplotype1#0000070:46006269$46414083$HG04228.verkko_filt_mat.fa:haplotype1_0000023_103429213_103930285_0	0.9753723032114289 1K
NA20538 HG005#1#JAHEPO010000002.1_51519219_51926067_0$HG03579#1#JAGYVU010000029.1_91404_499180_0	0.9753672109074953 1K
NA20538 HG00621#2#JAHBCC010000031.1_16669999_17077865_0$HG04228.verkko_filt_mat.fa:haplotype1_0000023_103429213_103930285_0	0.9753632198749540 1K
NA20538 AV_HG00673#haplotype2#0001165:24014011$24421797$HG005#2#JAHEPN010000023.1_51542210_51950070_0	0.9753564055559198 1K
NA20538 HG02559#1#JAGYVK010000012.1_51505852_51913611_0$HG02717#2#JAHAOR010000006.1_19663827_20070693_1	0.9753471704274383 1K
NA20538 HG00621#1#JAHBCD010000034.1_2122997_2624098_1$HG02071.verkko_filt_mat.fa:haplotype1_0000041_103610513_104018399_0	0.9753458449306692 1K
NA20538 HG03516#1#JAGYYT010000012.1_24170958_24578778_1$HG005#2#JAHEPN010000023.1_51542210_51950070_0	0.9753404773389911 1K
NA20538 AV_HG01106#haplotype1#0000048:16666181$17262214$HG04228.verkko_filt_pat.fa:haplotype2_0000600_103806749_104119491_0	0.9753356913870611 1K
NA20538 HG02559#1#JAGYVK010000012.1_51505852_51913611_0$HG01258#2#JAGYYU010000072.1_51562603_51970395_0	0.9753338402096261 1K
NA20538 NA19240#1#JAHEOM010000047.1_30103390_30511199_1$chr1_chm13_103304997_103901127_0	0.9753248394862803 1K
NA20538 HG02818#2#JAHEOR010000010.1_31775319_32183091_1$HG02809.verkko_filt_pat.fa:haplotype2_0001251_103421111_103827972_0	0.9753139758998857 1K
NA20538 HG00621#2#JAHBCC010000031.1_16669999_17077865_0$HG03710.verkko_filt_pat.fa:haplotype2_0000488_101614437_102218208_0	0.9753122299359160 1K
NA20538 HG00741#1#JAHALY010000007.1_18781197_19307680_1$HG01978#2#JAGYVR010000007.1_51532241_51939176_0	0.9753093511265163 1K
NA20538 HG02818#2#JAHEOR010000010.1_31775319_32183091_1$HG01258#2#JAGYYU010000072.1_51562603_51970395_0	0.9753075867709196 1K
NA20538 HG03492#1#JAHEPI010000180.1_2103395_2543326_1$NA18906#2#JAHEON010000009.1_93748295_94249275_0	0.9753075781477607 1K
NA20538 HG03492#2#JAHEPH010000288.1_2098270_2432686_1$HG01978#1#JAGYVS010000002.1_51519970_52021951_0	0.9753074689902320 1K
NA20538 AV_HG00673#haplotype2#0001165:24014011$24421797$AV_HG02148#haplotype2#0002863:16304803$16712699	0.9753060010057809 1K
NA20538 HG00621#2#JAHBCC010000031.1_16669999_17077865_0$HG03516#1#JAGYYT010000012.1_24170958_24578778_1	0.9753043427014801 1K
NA20538 HG02071.verkko_filt_mat.fa:haplotype1_0000041_103610513_104018399_0$HG02071.verkko_filt_pat.fa:haplotype2_0000736_102745972_103248026_0	0.9753010633811923 1K
NA20538 HG03516#2#JAGYYS010000004.1_24452130_24859892_1$HG03710.verkko_filt_pat.fa:haplotype2_0000488_101614437_102218208_0	0.9753004476145071 1K
NA20538 HG01978#2#JAGYVR010000007.1_51532241_51939176_0$HG03516#1#JAGYYT010000012.1_24170958_24578778_1	0.9752985977815695 1K
NA20538 HG03516#1#JAGYYT010000012.1_24170958_24578778_1$HG02071.verkko_filt_mat.fa:haplotype1_0000041_103610513_104018399_0	0.9752983318029024 1K
NA20538 AV_HG00673#haplotype2#0001165:24014011$24421797$HG00621#2#JAHBCC010000031.1_16669999_17077865_0	0.9752884658635208 1K
NA20538 HG03453#1#JAGYVW010000157.1_2105722_2585000_1$HG02886#1#JAHAOU010000178.1_62411_469262_0	0.9752868792258227 1K
NA20538 HG02559#1#JAGYVK010000012.1_51505852_51913611_0$HG005#1#JAHEPO010000002.1_51519219_51926067_0	0.9752859284128683 1K
NA20538 HG00741#1#JAHALY010000007.1_18781197_19307680_1$HG03453#1#JAGYVW010000157.1_2105722_2585000_1	0.9752854946870724 1K
NA20538 HG02109#1#JAHEPG010000026.1_16673035_17080816_0$chr1_chm13_103304997_103901127_0	0.9752813739153791 1K
NA20538 AV_HG00673#haplotype2#0001165:24014011$24421797$HG02145#2#JAHKSF010000206.1_1005292_1413195_1	0.9752803623538756 1K
NA20538 HG03486#1#JAHEOQ010000123.1_16677696_17085575_0$HG03516#1#JAGYYT010000012.1_24170958_24578778_1	0.9752800785711954 1K
NA20538 chr1_hg38_103456064_103863972_0$HG04228.verkko_filt_mat.fa:haplotype1_0000023_103429213_103930285_0	0.9752786236092392 1K
NA20538 chr1_hg19_103998686_104406594_0$HG04228.verkko_filt_mat.fa:haplotype1_0000023_103429213_103930285_0	0.9752786236092392 1K
NA20538 HG01123#1#JAGYYZ010000015.1_51528240_51935090_0$HG03516#2#JAGYYS010000004.1_24452130_24859892_1	0.9752760296957318 1K
NA20538 HG005#2#JAHEPN010000023.1_51542210_51950070_0$HG02293.verkko_filt_pat.fa:haplotype2_0000836_148310532_148812524_1	0.9752758217679581 1K
NA20538 HG00733#1#JAHEPQ010000019.1_46106835_46420495_0$HG01099.verkko_filt_pat.fa:haplotype2_0000583_143544270_144046196_1	0.9752743128257552 1K
NA20538 HG00741#1#JAHALY010000007.1_18781197_19307680_1$HG03486#2#JAHEOP010000248.1_2105565_2584784_1	0.9752735554312173 1K
NA20538 HG02300.verkko_filt_pat.fa:haplotype2_0000620_143362344_143769323_1$HG02071.verkko_filt_pat.fa:haplotype2_0000736_102745972_103248026_0	0.9752725571315848 1K
NA20538 HG03710.verkko_filt_mat.fa:haplotype1_0000029_102593394_102907063_0$HG01099.verkko_filt_pat.fa:haplotype2_0000583_143544270_144046196_1	0.9752716638308744 1K
NA20538 HG03453#1#JAGYVW010000157.1_2105722_2585000_1$HG02486#2#JAGYVL010000029.1_94163344_94570162_0	0.9752691329025106 1K
NA20538 HG02071.verkko_filt_mat.fa:haplotype1_0000041_103610513_104018399_0$HG03710.verkko_filt_pat.fa:haplotype2_0000488_101614437_102218208_0	0.9752689689720243 1K
NA20538 AV_HG01175#haplotype1#0000070:46006269$46414083$HG03710.verkko_filt_pat.fa:haplotype2_0000488_101614437_102218208_0	0.9752686999331404 1K
NA20538 HG00741#1#JAHALY010000007.1_18781197_19307680_1$HG02622#1#JAHAOO010000002.1_16673678_17080663_0	0.9752636768998847 1K
NA20538 HG03579#1#JAGYVU010000029.1_91404_499180_0$HG03710.verkko_filt_pat.fa:haplotype2_0000488_101614437_102218208_0	0.9752635244399238 1K
NA20538 HG02055#2#JAHEPJ010000017.1_24870122_25298560_1$HG03540#1#JAGYVY010000208.1_95187_596142_0	0.9752629062182516 1K
NA20538 AV_HG00673#haplotype2#0001165:24014011$24421797$AV_HG02257#haplotype2#0001152:102843493$103251377	0.9752627996032049 1K
NA20538 HG01978#1#JAGYVS010000002.1_51519970_52021951_0$HG01243#1#JAHEOY010000013.1_90081_424495_0	0.9752463583520784 1K
NA20538 HG03486#2#JAHEOP010000248.1_2105565_2584784_1$HG02818#1#JAHEOS010000101.1_89626_496613_0	0.9752426016680180 1K
NA20538 HG02818#1#JAHEOS010000101.1_89626_496613_0$NA19240#2#JAHEOL010000010.1_37445323_37853017_0	0.9752408899792064 1K
NA20538 HG03492#1#JAHEPI010000180.1_2103395_2543326_1$HG04228.verkko_filt_mat.fa:haplotype1_0000023_103429213_103930285_0	0.9752329054020918 1K
NA20538 HG01109#1#JAHEPA010000099.1_2104245_2511104_1$HG03516#1#JAGYYT010000012.1_24170958_24578778_1	0.9752309094728742 1K
NA20538 HG00621#1#JAHBCD010000034.1_2122997_2624098_1$chr1_hg38_103456064_103863972_0	0.9752287271707670 1K
NA20538 HG00621#1#JAHBCD010000034.1_2122997_2624098_1$chr1_hg19_103998686_104406594_0	0.9752287271707670 1K
NA20538 AV_HG00673#haplotype2#0001165:24014011$24421797$HG01978#2#JAGYVR010000007.1_51532241_51939176_0	0.9752267111110069 1K
NA20538 chr1_hg38_103456064_103863972_0$HG03516#2#JAGYYS010000004.1_24452130_24859892_1	0.9752171726404714 1K
NA20538 chr1_hg19_103998686_104406594_0$HG03516#2#JAGYYS010000004.1_24452130_24859892_1	0.9752171726404714 1K
NA20538 chr1_hg38_103456064_103863972_0$HG03579#1#JAGYVU010000029.1_91404_499180_0	0.9752117050290819 1K
NA20538 chr1_hg19_103998686_104406594_0$HG03579#1#JAGYVU010000029.1_91404_499180_0	0.9752117050290819 1K
NA20538 HG03486#2#JAHEOP010000248.1_2105565_2584784_1$HG01109#2#JAHEOZ010000047.1_16671232_17151375_0	0.9752103205293653 1K
NA20538 HG03486#1#JAHEOQ010000123.1_16677696_17085575_0$HG02293.verkko_filt_pat.fa:haplotype2_0000836_148310532_148812524_1	0.9752090543386910 1K
NA20538 HG02818#2#JAHEOR010000010.1_31775319_32183091_1$HG02717#2#JAHAOR010000006.1_19663827_20070693_1	0.9752079048723908 1K
NA20538 HG005#2#JAHEPN010000023.1_51542210_51950070_0$HG03710.verkko_filt_pat.fa:haplotype2_0000488_101614437_102218208_0	0.9752051479369152 1K
NA20538 AV_HG00673#haplotype2#0001165:24014011$24421797$HG02717#1#JAHAOS010000015.1_16660311_17067250_0	0.9752023082335695 1K
NA20538 HG00741#1#JAHALY010000007.1_18781197_19307680_1$HG02630#2#JAHAOP010000089.1_16669255_17076135_0	0.9752018922211859 1K
NA20538 chr1_hg38_103456064_103863972_0$HG02071.verkko_filt_pat.fa:haplotype2_0000736_102745972_103248026_0	0.9752005994213125 1K
NA20538 chr1_hg19_103998686_104406594_0$HG02071.verkko_filt_pat.fa:haplotype2_0000736_102745972_103248026_0	0.9752005994213125 1K
NA20538 HG02293.verkko_filt_mat.fa:haplotype1_0000039_30204405_30517145_1$HG01099.verkko_filt_pat.fa:haplotype2_0000583_143544270_144046196_1	0.9751992820931962 1K
NA20538 HG02109#1#JAHEPG010000026.1_16673035_17080816_0$NA19240#1#JAHEOM010000047.1_30103390_30511199_1	0.9751992170969612 1K
NA20538 HG00438#2#JAHBCA010000012.1_51513023_51826723_0$chr1_chm13_103304997_103901127_0	0.9751983412479449 1K
NA20538 HG02559#1#JAGYVK010000012.1_51505852_51913611_0$HG03710.verkko_filt_pat.fa:haplotype2_0000488_101614437_102218208_0	0.9751953274199398 1K
NA20538 HG02080#2#JAHEOV010000017.1_16662177_17164189_0$HG01978#2#JAGYVR010000007.1_51532241_51939176_0	0.9751940176541344 1K
NA20538 HG01123#1#JAGYYZ010000015.1_51528240_51935090_0$HG03579#1#JAGYVU010000029.1_91404_499180_0	0.9751901225136264 1K
NA20538 HG03453#2#JAGYVV010000088.1_22597550_23005370_1$HG03516#1#JAGYYT010000012.1_24170958_24578778_1	0.9751875986548565 1K
NA20538 HG02559#1#JAGYVK010000012.1_51505852_51913611_0$HG01123#1#JAGYYZ010000015.1_51528240_51935090_0	0.9751814280060764 1K
NA20538 HG03453#2#JAGYVV010000088.1_22597550_23005370_1$HG04228.verkko_filt_mat.fa:haplotype1_0000023_103429213_103930285_0	0.9751751289309979 1K
NA20538 HG01109#1#JAHEPA010000099.1_2104245_2511104_1$HG03486#2#JAHEOP010000248.1_2105565_2584784_1	0.9751734180921658 1K
NA20538 AV_HG02148#haplotype2#0002863:16304803$16712699$HG03710.verkko_filt_pat.fa:haplotype2_0000488_101614437_102218208_0	0.9751708375521424 1K
NA20538 HG00621#1#JAHBCD010000034.1_2122997_2624098_1$NA18906#2#JAHEON010000009.1_93748295_94249275_0	0.9751681362836331 1K
NA20538 HG02080#2#JAHEOV010000017.1_16662177_17164189_0$HG005#2#JAHEPN010000023.1_51542210_51950070_0	0.9751669889706697 1K
NA20538 AV_HG02148#haplotype2#0002863:16304803$16712699$HG00621#1#JAHBCD010000034.1_2122997_2624098_1	0.9751578400751936 1K
NA20538 NA19240#1#JAHEOM010000047.1_30103390_30511199_1$HG02809.verkko_filt_pat.fa:haplotype2_0001251_103421111_103827972_0	0.9751571915800241 1K
NA20538 HG02559#1#JAGYVK010000012.1_51505852_51913611_0$chr1_hg38_103456064_103863972_0	0.9751544677061145 1K
NA20538 HG02559#1#JAGYVK010000012.1_51505852_51913611_0$chr1_hg19_103998686_104406594_0	0.9751544677061145 1K
NA20538 AV_HG00673#haplotype1#0000019:16627360$17129375$HG01978#2#JAGYVR010000007.1_51532241_51939176_0	0.9751516439864288 1K
NA20538 HG00741#1#JAHALY010000007.1_18781197_19307680_1$HG02004.verkko_filt_mat.fa:haplotype1_0000022_97828542_98235483_0	0.9751483709668065 1K
NA20538 AV_HG00673#haplotype2#0001165:24014011$24421797$HG02004.verkko_filt_mat.fa:haplotype1_0000022_97828542_98235483_0	0.9751459401248743 1K
NA20538 AV_HG02148#haplotype2#0002863:16304803$16712699$HG02071.verkko_filt_pat.fa:haplotype2_0000736_102745972_103248026_0	0.9751409292290182 1K
NA20538 HG00621#1#JAHBCD010000034.1_2122997_2624098_1$HG03486#1#JAHEOQ010000123.1_16677696_17085575_0	0.9751376048487956 1K
NA20538 AV_HG01106#haplotype1#0000048:16666181$17262214$HG02559#2#JAGYVJ010000037.1_52167780_52574597_1	0.9751373095776293 1K
NA20538 AV_HG00673#haplotype2#0001165:24014011$24421797$HG02818#1#JAHEOS010000101.1_89626_496613_0	0.9751369863242508 1K
NA20538 AV_HG02148#haplotype2#0002863:16304803$16712699$HG03516#1#JAGYYT010000012.1_24170958_24578778_1	0.9751367634113532 1K
NA20538 HG03540#1#JAGYVY010000208.1_95187_596142_0$HG02809.verkko_filt_mat.fa:haplotype1_0000023_94161320_94589755_0	0.9751313624004680 1K
NA20538 AV_HG00673#haplotype1#0000019:16627360$17129375$HG005#2#JAHEPN010000023.1_51542210_51950070_0	0.9751303234694855 1K
NA20538 HG01258#2#JAGYYU010000072.1_51562603_51970395_0$chr1_chm13_103304997_103901127_0	0.9751293760742447 1K
NA20538 HG01978#2#JAGYVR010000007.1_51532241_51939176_0$HG02293.verkko_filt_pat.fa:haplotype2_0000836_148310532_148812524_1	0.9751293754297249 1K
NA20538 chr1_hg38_103456064_103863972_0$HG03927.verkko_filt_mat.fa:haplotype1_0000009_134765170_135173010_1	0.9751273305690030 1K
NA20538 chr1_hg19_103998686_104406594_0$HG03927.verkko_filt_mat.fa:haplotype1_0000009_134765170_135173010_1	0.9751273305690030 1K
NA20538 HG02630#1#JAHAOQ010000102.1_16672145_17079089_0$HG03516#1#JAGYYT010000012.1_24170958_24578778_1	0.9751264131574506 1K
NA20538 AV_HG00673#haplotype2#0001165:24014011$24421797$HG01928#1#JAGYVQ010000053.1_16676493_17083407_0	0.9751260123527552 1K
NA20538 HG02559#2#JAGYVJ010000037.1_52167780_52574597_1$HG002.verkko_filt_mat.fa:haplotype1_0000005_138228497_138636354_1	0.9751213860245588 1K
NA20538 HG04228.verkko_filt_mat.fa:haplotype1_0000023_103429213_103930285_0$HG02071.verkko_filt_mat.fa:haplotype1_0000041_103610513_104018399_0	0.9751193108588389 1K
NA20538 AV_HG01106#haplotype1#0000048:16666181$17262214$HG02109#1#JAHEPG010000026.1_16673035_17080816_0	0.9751132928666324 1K
NA20538 HG03486#1#JAHEOQ010000123.1_16677696_17085575_0$HG03710.verkko_filt_pat.fa:haplotype2_0000488_101614437_102218208_0	0.9751128225893286 1K
NA20538 HG03516#1#JAGYYT010000012.1_24170958_24578778_1$HG02300.verkko_filt_pat.fa:haplotype2_0000620_143362344_143769323_1	0.9751064446714152 1K
NA20538 HG03516#1#JAGYYT010000012.1_24170958_24578778_1$HG02004.verkko_filt_mat.fa:haplotype1_0000022_97828542_98235483_0	0.9751059894072219 1K
NA20538 AV_HG00673#haplotype2#0001165:24014011$24421797$HG02300.verkko_filt_pat.fa:haplotype2_0000620_143362344_143769323_1	0.9750995363768592 1K
NA20538 HG02818#2#JAHEOR010000010.1_31775319_32183091_1$HG005#1#JAHEPO010000002.1_51519219_51926067_0	0.9750983597351118 1K
NA20538 HG03516#1#JAGYYT010000012.1_24170958_24578778_1$HG00741#2#JAHALX010000013.1_51574319_51981226_0	0.9750980474542890 1K
NA20538 HG01258#2#JAGYYU010000072.1_51562603_51970395_0$NA19240#1#JAHEOM010000047.1_30103390_30511199_1	0.9750947345106115 1K
NA20538 HG02080#2#JAHEOV010000017.1_16662177_17164189_0$HG02004.verkko_filt_mat.fa:haplotype1_0000022_97828542_98235483_0	0.9750939612529111 1K
NA20538 NA18906#1#JAHEOO010000054.1_2103477_2510435_1$HG03516#1#JAGYYT010000012.1_24170958_24578778_1	0.9750916816244024 1K
NA20538 AV_HG01175#haplotype1#0000070:46006269$46414083$HG03927.verkko_filt_mat.fa:haplotype1_0000009_134765170_135173010_1	0.9750900795753346 1K
NA20538 HG02559#2#JAGYVJ010000037.1_52167780_52574597_1$chr1_hg38_103456064_103863972_0	0.9750870202265134 1K
NA20538 HG02559#2#JAGYVJ010000037.1_52167780_52574597_1$chr1_hg19_103998686_104406594_0	0.9750870202265134 1K
NA20538 HG01928#1#JAGYVQ010000053.1_16676493_17083407_0$HG02080#2#JAHEOV010000017.1_16662177_17164189_0	0.9750764817055311 1K
NA20538 HG00621#1#JAHBCD010000034.1_2122997_2624098_1$HG02300.verkko_filt_pat.fa:haplotype2_0000620_143362344_143769323_1	0.9750736561978415 1K
NA20538 chr1_chm13_103304997_103901127_0$HG02717#2#JAHAOR010000006.1_19663827_20070693_1	0.9750688178424808 1K
NA20538 HG01123#1#JAGYYZ010000015.1_51528240_51935090_0$chr1_chm13_103304997_103901127_0	0.9750653864038298 1K
NA20538 chr1_chm13_103304997_103901127_0$HG02486#2#JAGYVL010000029.1_94163344_94570162_0	0.9750590101336363 1K
NA20538 HG03453#2#JAGYVV010000088.1_22597550_23005370_1$HG03710.verkko_filt_pat.fa:haplotype2_0000488_101614437_102218208_0	0.9750585171955864 1K
NA20538 AV_HG01175#haplotype1#0000070:46006269$46414083$HG03579#1#JAGYVU010000029.1_91404_499180_0	0.9750530272084132 1K
NA20538 AV_HG01106#haplotype1#0000048:16666181$17262214$HG02723#1#JAHEOU010000204.1_2102082_2414876_1	0.9750435287569176 1K
NA20538 HG01928#1#JAGYVQ010000053.1_16676493_17083407_0$HG03516#1#JAGYYT010000012.1_24170958_24578778_1	0.9750215617156434 1K
NA20538 AV_HG01175#haplotype1#0000070:46006269$46414083$HG03516#2#JAGYYS010000004.1_24452130_24859892_1	0.9750180068322801 1K
NA20538 NA19240#1#JAHEOM010000047.1_30103390_30511199_1$HG02717#2#JAHAOR010000006.1_19663827_20070693_1	0.9750110600521267 1K
NA20538 HG02818#2#JAHEOR010000010.1_31775319_32183091_1$HG01123#1#JAGYYZ010000015.1_51528240_51935090_0	0.9750100371995835 1K
NA20538 chr1_chm13_103304997_103901127_0$HG02809.verkko_filt_pat.fa:haplotype2_0001251_103421111_103827972_0	0.9750078629032892 1K
NA20538 AV_HG00673#haplotype1#0000019:16627360$17129375$HG01928#1#JAGYVQ010000053.1_16676493_17083407_0	0.9750018710893716 1K
NA20538 HG03927.verkko_filt_mat.fa:haplotype1_0000009_134765170_135173010_1$HG002.verkko_filt_mat.fa:haplotype1_0000005_138228497_138636354_1	0.9750002569281394 1K
NA20538 HG02717#1#JAHAOS010000015.1_16660311_17067250_0$HG03516#1#JAGYYT010000012.1_24170958_24578778_1	0.9749951814169667 1K
NA20538 NA18906#2#JAHEON010000009.1_93748295_94249275_0$HG04228.verkko_filt_mat.fa:haplotype1_0000023_103429213_103930285_0	0.9749911876012167 1K
NA20538 HG02622#1#JAHAOO010000002.1_16673678_17080663_0$NA19240#2#JAHEOL010000010.1_37445323_37853017_0	0.9749899106482987 1K
NA20538 HG01258#1#JAGYYV010000004.1_56955948_57456952_1$NA18906#2#JAHEON010000009.1_93748295_94249275_0	0.9749890108042495 1K
NA20538 HG03486#1#JAHEOQ010000123.1_16677696_17085575_0$HG02071.verkko_filt_pat.fa:haplotype2_0000736_102745972_103248026_0	0.9749857940158303 1K
NA20538 HG02630#2#JAHAOP010000089.1_16669255_17076135_0$HG03927.verkko_filt_mat.fa:haplotype1_0000009_134765170_135173010_1	0.9749775755802703 1K
NA20538 HG03540#1#JAGYVY010000208.1_95187_596142_0$HG03710.verkko_filt_mat.fa:haplotype1_0000029_102593394_102907063_0	0.9749743344659744 1K
NA20538 HG02559#2#JAGYVJ010000037.1_52167780_52574597_1$HG01358#1#JAGYZB010000020.1_27445742_27855492_1	0.9749666406412701 1K
NA20538 AV_HG00673#haplotype1#0000019:16627360$17129375$HG03492#2#JAHEPH010000288.1_2098270_2432686_1	0.9749658622892159 1K
NA20538 AV_HG00673#haplotype1#0000019:16627360$17129375$HG02004.verkko_filt_mat.fa:haplotype1_0000022_97828542_98235483_0	0.9749653010547835 1K
NA20538 HG00741#1#JAHALY010000007.1_18781197_19307680_1$HG01928#1#JAGYVQ010000053.1_16676493_17083407_0	0.9749633209786012 1K
NA20538 NA19240#1#JAHEOM010000047.1_30103390_30511199_1$HG03710.verkko_filt_pat.fa:haplotype2_0000488_101614437_102218208_0	0.9749597809231411 1K
NA20538 HG02004.verkko_filt_mat.fa:haplotype1_0000022_97828542_98235483_0$HG02293.verkko_filt_pat.fa:haplotype2_0000836_148310532_148812524_1	0.9749594820230405 1K
NA20538 HG03492#2#JAHEPH010000288.1_2098270_2432686_1$HG02080#2#JAHEOV010000017.1_16662177_17164189_0	0.9749485154446889 1K
NA20538 HG02145#2#JAHKSF010000206.1_1005292_1413195_1$HG03516#1#JAGYYT010000012.1_24170958_24578778_1	0.9749465242094957 1K
NA20538 HG03540#2#JAGYVX010000148.1_1368955_1877115_0$HG02886#2#JAHAOT010000031.1_87393_401061_0	0.9749381458073657 1K
NA20538 HG00621#2#JAHBCC010000031.1_16669999_17077865_0$HG02559#2#JAGYVJ010000037.1_52167780_52574597_1	0.9749341957451857 1K
NA20538 HG03710.verkko_filt_pat.fa:haplotype2_0000488_101614437_102218208_0$HG02300.verkko_filt_pat.fa:haplotype2_0000620_143362344_143769323_1	0.9749301049198551 1K
NA20538 AV_HG02257#haplotype2#0001152:102843493$103251377$HG03516#1#JAGYYT010000012.1_24170958_24578778_1	0.9749286585019573 1K
NA20538 HG03486#1#JAHEOQ010000123.1_16677696_17085575_0$HG04228.verkko_filt_mat.fa:haplotype1_0000023_103429213_103930285_0	0.9749281517636423 1K
NA20538 HG03540#1#JAGYVY010000208.1_95187_596142_0$HG00733#1#JAHEPQ010000019.1_46106835_46420495_0	0.9749281113052515 1K
NA20538 HG02818#2#JAHEOR010000010.1_31775319_32183091_1$HG03710.verkko_filt_pat.fa:haplotype2_0000488_101614437_102218208_0	0.9749245356363552 1K
NA20538 AV_HG01175#haplotype1#0000070:46006269$46414083$HG02559#1#JAGYVK010000012.1_51505852_51913611_0	0.9749232254133581 1K
NA20538 HG005#1#JAHEPO010000002.1_51519219_51926067_0$chr1_chm13_103304997_103901127_0	0.9749231937399109 1K
NA20538 AV_HG02148#haplotype2#0002863:16304803$16712699$HG04228.verkko_filt_mat.fa:haplotype1_0000023_103429213_103930285_0	0.9749212000938170 1K
NA20538 AV_HG00673#haplotype1#0000019:16627360$17129375$HG01243#1#JAHEOY010000013.1_90081_424495_0	0.9749190234957115 1K
NA20538 HG01978#2#JAGYVR010000007.1_51532241_51939176_0$HG03710.verkko_filt_pat.fa:haplotype2_0000488_101614437_102218208_0	0.9749156560357405 1K
NA20538 HG02886#1#JAHAOU010000178.1_62411_469262_0$chr1_chm13_103304997_103901127_0	0.9749099366301482 1K
NA20538 HG005#2#JAHEPN010000023.1_51542210_51950070_0$HG03579#1#JAGYVU010000029.1_91404_499180_0	0.9749017570845436 1K
NA20538 HG03486#2#JAHEOP010000248.1_2105565_2584784_1$HG02622#1#JAHAOO010000002.1_16673678_17080663_0	0.9748997397667309 1K
NA20538 HG03579#1#JAGYVU010000029.1_91404_499180_0$HG002.verkko_filt_mat.fa:haplotype1_0000005_138228497_138636354_1	0.9748986240424247 1K
NA20538 HG03453#1#JAGYVW010000157.1_2105722_2585000_1$HG02145#2#JAHKSF010000206.1_1005292_1413195_1	0.9748918389128119 1K
NA20538 HG03492#2#JAHEPH010000288.1_2098270_2432686_1$HG02486#1#JAGYVM010000007.1_28868414_29370339_1	0.9748885944816281 1K
NA20538 HG01928#1#JAGYVQ010000053.1_16676493_17083407_0$HG02293.verkko_filt_pat.fa:haplotype2_0000836_148310532_148812524_1	0.9748879162996279 1K
NA20538 HG02080#2#JAHEOV010000017.1_16662177_17164189_0$HG01243#1#JAHEOY010000013.1_90081_424495_0	0.9748876731248126 1K
NA20538 HG02818#2#JAHEOR010000010.1_31775319_32183091_1$chr1_hg38_103456064_103863972_0	0.9748854484203505 1K
NA20538 HG02818#2#JAHEOR010000010.1_31775319_32183091_1$chr1_hg19_103998686_104406594_0	0.9748854484203505 1K
NA20538 HG005#1#JAHEPO010000002.1_51519219_51926067_0$NA19240#1#JAHEOM010000047.1_30103390_30511199_1	0.9748773721967805 1K
NA20538 HG02109#1#JAHEPG010000026.1_16673035_17080816_0$HG03710.verkko_filt_pat.fa:haplotype2_0000488_101614437_102218208_0	0.9748766623855410 1K
NA20538 HG005#2#JAHEPN010000023.1_51542210_51950070_0$HG03516#2#JAGYYS010000004.1_24452130_24859892_1	0.9748747111164381 1K
NA20538 HG01071#1#JAHBCF010000053.1_26607100_27108065_1$HG03492#1#JAHEPI010000180.1_2103395_2543326_1	0.9748740382524871 1K
NA20538 HG03453#1#JAGYVW010000157.1_2105722_2585000_1$HG005#1#JAHEPO010000002.1_51519219_51926067_0	0.9748725319067761 1K
NA20538 HG01123#2#JAGYYY010000006.1_51579630_51892388_0$chr1_chm13_103304997_103901127_0	0.9748673430590311 1K
NA20538 HG002.verkko_filt_pat.fa:haplotype2_0000649_147937390_148315979_1$HG01099.verkko_filt_pat.fa:haplotype2_0000583_143544270_144046196_1	0.9748616500168584 1K
NA20538 HG04228.verkko_filt_mat.fa:haplotype1_0000023_103429213_103930285_0$HG02300.verkko_filt_pat.fa:haplotype2_0000620_143362344_143769323_1	0.9748579120421876 1K
NA20538 HG01243#1#JAHEOY010000013.1_90081_424495_0$HG02486#1#JAGYVM010000007.1_28868414_29370339_1	0.9748557347088620 1K
NA20538 HG01123#1#JAGYYZ010000015.1_51528240_51935090_0$NA19240#1#JAHEOM010000047.1_30103390_30511199_1	0.9748453856097704 1K
NA20538 HG01978#2#JAGYVR010000007.1_51532241_51939176_0$HG03579#1#JAGYVU010000029.1_91404_499180_0	0.9748441782057961 1K
NA20538 HG02559#1#JAGYVK010000012.1_51505852_51913611_0$HG002.verkko_filt_mat.fa:haplotype1_0000005_138228497_138636354_1	0.9748414675939829 1K
NA20538 HG03453#1#JAGYVW010000157.1_2105722_2585000_1$NA18906#2#JAHEON010000009.1_93748295_94249275_0	0.9748411708352708 1K
NA20538 HG03492#2#JAHEPH010000288.1_2098270_2432686_1$HG01109#2#JAHEOZ010000047.1_16671232_17151375_0	0.9748363466386570 1K
NA20538 HG03453#1#JAGYVW010000157.1_2105722_2585000_1$HG02630#2#JAHAOP010000089.1_16669255_17076135_0	0.9748302711303619 1K
NA20538 HG01243#1#JAHEOY010000013.1_90081_424495_0$HG01109#2#JAHEOZ010000047.1_16671232_17151375_0	0.9748287114847798 1K
NA20538 AV_HG01106#haplotype2#0000932:16673968$17175925$HG01258#1#JAGYYV010000004.1_56955948_57456952_1	0.9748255377177313 1K
NA20538 HG00741#2#JAHALX010000013.1_51574319_51981226_0$HG03516#2#JAGYYS010000004.1_24452130_24859892_1	0.9748240563261219 1K
NA20538 AV_HG00673#haplotype2#0001165:24014011$24421797$HG02622#1#JAHAOO010000002.1_16673678_17080663_0	0.9748208907560436 1K
NA20538 HG01978#2#JAGYVR010000007.1_51532241_51939176_0$HG03516#2#JAGYYS010000004.1_24452130_24859892_1	0.9748091478512996 1K
NA20538 HG03453#1#JAGYVW010000157.1_2105722_2585000_1$HG02717#2#JAHAOR010000006.1_19663827_20070693_1	0.9748084956681791 1K
NA20538 HG03516#2#JAGYYS010000004.1_24452130_24859892_1$HG002.verkko_filt_mat.fa:haplotype1_0000005_138228497_138636354_1	0.9748070598989892 1K
NA20538 HG005#2#JAHEPN010000023.1_51542210_51950070_0$HG04228.verkko_filt_mat.fa:haplotype1_0000023_103429213_103930285_0	0.9748057902633458 1K
NA20538 HG04228.verkko_filt_pat.fa:haplotype2_0000600_103806749_104119491_0$HG01099.verkko_filt_pat.fa:haplotype2_0000583_143544270_144046196_1	0.9748041896330636 1K
NA20538 HG01109#1#JAHEPA010000099.1_2104245_2511104_1$HG03579#1#JAGYVU010000029.1_91404_499180_0	0.9747914679620029 1K
NA20538 HG03492#2#JAHEPH010000288.1_2098270_2432686_1$HG02293.verkko_filt_pat.fa:haplotype2_0000836_148310532_148812524_1	0.9747888076983446 1K
NA20538 HG01258#2#JAGYYU010000072.1_51562603_51970395_0$HG01358#1#JAGYZB010000020.1_27445742_27855492_1	0.9747887760062453 1K
NA20538 HG01109#1#JAHEPA010000099.1_2104245_2511104_1$HG03516#2#JAGYYS010000004.1_24452130_24859892_1	0.9747884312169142 1K
NA20538 HG005#2#JAHEPN010000023.1_51542210_51950070_0$HG02071.verkko_filt_pat.fa:haplotype2_0000736_102745972_103248026_0	0.9747880317845913 1K
NA20538 chr1_hg38_103456064_103863972_0$NA19240#1#JAHEOM010000047.1_30103390_30511199_1	0.9747851657673552 1K
NA20538 chr1_hg19_103998686_104406594_0$NA19240#1#JAHEOM010000047.1_30103390_30511199_1	0.9747851657673552 1K
NA20538 HG03486#1#JAHEOQ010000123.1_16677696_17085575_0$HG02559#2#JAGYVJ010000037.1_52167780_52574597_1	0.9747798278276861 1K
NA20538 HG03453#1#JAGYVW010000157.1_2105722_2585000_1$HG01123#1#JAGYYZ010000015.1_51528240_51935090_0	0.9747698844295439 1K
NA20538 HG01978#2#JAGYVR010000007.1_51532241_51939176_0$HG03927.verkko_filt_mat.fa:haplotype1_0000009_134765170_135173010_1	0.9747684398206331 1K
NA20538 HG02559#1#JAGYVK010000012.1_51505852_51913611_0$HG005#2#JAHEPN010000023.1_51542210_51950070_0	0.9747640828530912 1K
NA20538 AV_HG01106#haplotype1#0000048:16666181$17262214$HG01258#2#JAGYYU010000072.1_51562603_51970395_0	0.9747630745904896 1K
NA20538 HG01123#2#JAGYYY010000006.1_51579630_51892388_0$HG01099.verkko_filt_pat.fa:haplotype2_0000583_143544270_144046196_1	0.9747622069299624 1K
NA20538 HG03486#2#JAHEOP010000248.1_2105565_2584784_1$HG02809.verkko_filt_pat.fa:haplotype2_0001251_103421111_103827972_0	0.9747560930819442 1K
NA20538 HG02886#2#JAHAOT010000031.1_87393_401061_0$HG02486#1#JAGYVM010000007.1_28868414_29370339_1	0.9747548266303321 1K
NA20538 HG01258#1#JAGYYV010000004.1_56955948_57456952_1$HG02886#2#JAHAOT010000031.1_87393_401061_0	0.9747482810117670 1K
NA20538 HG02886#2#JAHAOT010000031.1_87393_401061_0$NA18906#2#JAHEON010000009.1_93748295_94249275_0	0.9747473271982681 1K
NA20538 HG02559#1#JAGYVK010000012.1_51505852_51913611_0$HG01978#2#JAGYVR010000007.1_51532241_51939176_0	0.9747466408290115 1K
NA20538 HG01243#1#JAHEOY010000013.1_90081_424495_0$HG02293.verkko_filt_pat.fa:haplotype2_0000836_148310532_148812524_1	0.9747420415491602 1K
NA20538 HG00621#1#JAHBCD010000034.1_2122997_2624098_1$HG005#2#JAHEPN010000023.1_51542210_51950070_0	0.9747335030155216 1K
NA20538 HG02559#2#JAGYVJ010000037.1_52167780_52574597_1$HG02071.verkko_filt_mat.fa:haplotype1_0000041_103610513_104018399_0	0.9747264096834874 1K
NA20538 HG005#2#JAHEPN010000023.1_51542210_51950070_0$HG03927.verkko_filt_mat.fa:haplotype1_0000009_134765170_135173010_1	0.9747221987505211 1K
NA20538 HG00621#2#JAHBCC010000031.1_16669999_17077865_0$HG03516#2#JAGYYS010000004.1_24452130_24859892_1	0.9747177628049765 1K
NA20538 HG03453#2#JAGYVV010000088.1_22597550_23005370_1$HG03927.verkko_filt_mat.fa:haplotype1_0000009_134765170_135173010_1	0.9747143226451966 1K
NA20538 AV_HG01361#haplotype2#0001322:101872897$102186552$HG02486#1#JAGYVM010000007.1_28868414_29370339_1	0.9747129345728933 1K
NA20538 HG02004.verkko_filt_mat.fa:haplotype1_0000022_97828542_98235483_0$HG03710.verkko_filt_pat.fa:haplotype2_0000488_101614437_102218208_0	0.9747119892050300 1K
NA20538 HG02717#2#JAHAOR010000006.1_19663827_20070693_1$HG03927.verkko_filt_mat.fa:haplotype1_0000009_134765170_135173010_1	0.9747099752203154 1K
NA20538 HG01258#2#JAGYYU010000072.1_51562603_51970395_0$HG03927.verkko_filt_mat.fa:haplotype1_0000009_134765170_135173010_1	0.9746977791708776 1K
NA20538 HG02559#1#JAGYVK010000012.1_51505852_51913611_0$HG02486#2#JAGYVL010000029.1_94163344_94570162_0	0.9746963894074735 1K
NA20538 HG02071.verkko_filt_mat.fa:haplotype1_0000041_103610513_104018399_0$HG03927.verkko_filt_mat.fa:haplotype1_0000009_134765170_135173010_1	0.9746957196722023 1K
NA20538 AV_HG01361#haplotype2#0001322:101872897$102186552$HG03540#2#JAGYVX010000148.1_1368955_1877115_0	0.9746951347371933 1K
NA20538 AV_HG02257#haplotype2#0001152:102843493$103251377$HG03453#1#JAGYVW010000157.1_2105722_2585000_1	0.9746935859835154 1K
NA20538 HG00621#2#JAHBCC010000031.1_16669999_17077865_0$HG03927.verkko_filt_mat.fa:haplotype1_0000009_134765170_135173010_1	0.9746777794704584 1K
NA20538 HG03579#1#JAGYVU010000029.1_91404_499180_0$HG02004.verkko_filt_mat.fa:haplotype1_0000022_97828542_98235483_0	0.9746751405920041 1K
NA20538 AV_HG01106#haplotype2#0000932:16673968$17175925$HG01071#1#JAHBCF010000053.1_26607100_27108065_1	0.9746748199407217 1K
NA20538 HG00741#2#JAHALX010000013.1_51574319_51981226_0$HG03579#1#JAGYVU010000029.1_91404_499180_0	0.9746742897472570 1K
NA20538 HG02559#2#JAGYVJ010000037.1_52167780_52574597_1$HG005#2#JAHEPN010000023.1_51542210_51950070_0	0.9746703153187026 1K
NA20538 HG02559#1#JAGYVK010000012.1_51505852_51913611_0$HG00741#2#JAHALX010000013.1_51574319_51981226_0	0.9746656853862387 1K
NA20538 HG01109#1#JAHEPA010000099.1_2104245_2511104_1$HG02559#1#JAGYVK010000012.1_51505852_51913611_0	0.9746621419773639 1K
NA20538 chr1_hg38_103456064_103863972_0$HG01258#2#JAGYYU010000072.1_51562603_51970395_0	0.9746596852489855 1K
NA20538 chr1_hg19_103998686_104406594_0$HG01258#2#JAGYYU010000072.1_51562603_51970395_0	0.9746596852489855 1K
NA20538 HG03516#1#JAGYYT010000012.1_24170958_24578778_1$HG02818#1#JAHEOS010000101.1_89626_496613_0	0.9746578307773365 1K
NA20538 AV_HG01175#haplotype1#0000070:46006269$46414083$HG02109#1#JAHEPG010000026.1_16673035_17080816_0	0.9746558057503313 1K
NA20538 chr1_hg38_103456064_103863972_0$HG02109#1#JAHEPG010000026.1_16673035_17080816_0	0.9746530445855609 1K
NA20538 chr1_hg19_103998686_104406594_0$HG02109#1#JAHEPG010000026.1_16673035_17080816_0	0.9746530445855609 1K
NA20538 HG02630#1#JAHAOQ010000102.1_16672145_17079089_0$HG03927.verkko_filt_mat.fa:haplotype1_0000009_134765170_135173010_1	0.9746517893267492 1K
NA20538 HG03579#1#JAGYVU010000029.1_91404_499180_0$HG02071.verkko_filt_mat.fa:haplotype1_0000041_103610513_104018399_0	0.9746501469106276 1K
NA20538 HG02630#1#JAHAOQ010000102.1_16672145_17079089_0$HG03453#1#JAGYVW010000157.1_2105722_2585000_1	0.9746459117876751 1K
NA20538 AV_HG01175#haplotype1#0000070:46006269$46414083$HG02559#2#JAGYVJ010000037.1_52167780_52574597_1	0.9746443678669813 1K
NA20538 HG00621#2#JAHBCC010000031.1_16669999_17077865_0$HG02559#1#JAGYVK010000012.1_51505852_51913611_0	0.9746393345378347 1K
NA20538 HG03516#2#JAGYYS010000004.1_24452130_24859892_1$HG02071.verkko_filt_mat.fa:haplotype1_0000041_103610513_104018399_0	0.9746392644784000 1K
NA20538 HG03453#2#JAGYVV010000088.1_22597550_23005370_1$HG03516#2#JAGYYS010000004.1_24452130_24859892_1	0.9746325789239962 1K
NA20538 HG03516#2#JAGYYS010000004.1_24452130_24859892_1$HG02486#2#JAGYVL010000029.1_94163344_94570162_0	0.9746297298747972 1K
NA20538 AV_HG01361#haplotype2#0001322:101872897$102186552$HG01258#1#JAGYYV010000004.1_56955948_57456952_1	0.9746249336265896 1K
NA20538 HG02647.verkko_filt_pat.fa:haplotype2_0000857_103738150_104051769_0$HG01099.verkko_filt_pat.fa:haplotype2_0000583_143544270_144046196_1	0.9746187683035347 1K
NA20538 HG02004.verkko_filt_mat.fa:haplotype1_0000022_97828542_98235483_0$HG03927.verkko_filt_mat.fa:haplotype1_0000009_134765170_135173010_1	0.9746163629467146 1K
NA20538 AV_HG01175#haplotype1#0000070:46006269$46414083$HG01258#2#JAGYYU010000072.1_51562603_51970395_0	0.9746141734581891 1K
NA20538 HG03486#1#JAHEOQ010000123.1_16677696_17085575_0$HG03927.verkko_filt_mat.fa:haplotype1_0000009_134765170_135173010_1	0.9746134588507809 1K
NA20538 HG03516#2#JAGYYS010000004.1_24452130_24859892_1$HG02004.verkko_filt_mat.fa:haplotype1_0000022_97828542_98235483_0	0.9746077421108318 1K
NA20538 HG02818#2#JAHEOR010000010.1_31775319_32183091_1$HG002.verkko_filt_mat.fa:haplotype1_0000005_138228497_138636354_1	0.9746052301309330 1K
NA20538 HG01928#1#JAGYVQ010000053.1_16676493_17083407_0$HG03710.verkko_filt_pat.fa:haplotype2_0000488_101614437_102218208_0	0.9746032390360849 1K
NA20538 chr1_hg38_103456064_103863972_0$HG02486#2#JAGYVL010000029.1_94163344_94570162_0	0.9745989259921216 1K
NA20538 chr1_hg19_103998686_104406594_0$HG02486#2#JAGYVL010000029.1_94163344_94570162_0	0.9745989259921216 1K
NA20538 HG03453#1#JAGYVW010000157.1_2105722_2585000_1$HG02809.verkko_filt_pat.fa:haplotype2_0001251_103421111_103827972_0	0.9745986868545293 1K
NA20538 HG03453#2#JAGYVV010000088.1_22597550_23005370_1$HG03579#1#JAGYVU010000029.1_91404_499180_0	0.9745953506196412 1K
NA20538 AV_HG01106#haplotype1#0000048:16666181$17262214$HG02717#2#JAHAOR010000006.1_19663827_20070693_1	0.9745940865574871 1K
NA20538 HG01071#1#JAHBCF010000053.1_26607100_27108065_1$HG02886#2#JAHAOT010000031.1_87393_401061_0	0.9745904543909729 1K
NA20538 HG00621#2#JAHBCC010000031.1_16669999_17077865_0$HG03579#1#JAGYVU010000029.1_91404_499180_0	0.9745835162695470 1K
NA20538 HG01928#1#JAGYVQ010000053.1_16676493_17083407_0$HG03579#1#JAGYVU010000029.1_91404_499180_0	0.9745825638237653 1K
NA20538 AV_HG01175#haplotype1#0000070:46006269$46414083$HG02818#2#JAHEOR010000010.1_31775319_32183091_1	0.9745823289785547 1K
NA20538 HG03579#2#JAGYVT010000094.1_51581892_51895531_0$HG01099.verkko_filt_pat.fa:haplotype2_0000583_143544270_144046196_1	0.9745801821182264 1K
NA20538 HG01928#1#JAGYVQ010000053.1_16676493_17083407_0$HG03516#2#JAGYYS010000004.1_24452130_24859892_1	0.9745796792712015 1K
NA20538 HG02717#2#JAHAOR010000006.1_19663827_20070693_1$HG002.verkko_filt_mat.fa:haplotype1_0000005_138228497_138636354_1	0.9745703882967818 1K
NA20538 HG01071#1#JAHBCF010000053.1_26607100_27108065_1$NA18906#2#JAHEON010000009.1_93748295_94249275_0	0.9745659573326457 1K
NA20538 HG01258#2#JAGYYU010000072.1_51562603_51970395_0$HG002.verkko_filt_mat.fa:haplotype1_0000005_138228497_138636354_1	0.9745646878992698 1K
NA20538 AV_HG01106#haplotype1#0000048:16666181$17262214$HG02809.verkko_filt_pat.fa:haplotype2_0001251_103421111_103827972_0	0.9745641749538277 1K
NA20538 HG02717#1#JAHAOS010000015.1_16660311_17067250_0$HG03927.verkko_filt_mat.fa:haplotype1_0000009_134765170_135173010_1	0.9745609985429287 1K
NA20538 chr1_hg38_103456064_103863972_0$HG02717#2#JAHAOR010000006.1_19663827_20070693_1	0.9745603861830729 1K
NA20538 chr1_hg19_103998686_104406594_0$HG02717#2#JAHAOR010000006.1_19663827_20070693_1	0.9745603861830729 1K
NA20538 HG01978#2#JAGYVR010000007.1_51532241_51939176_0$HG02071.verkko_filt_pat.fa:haplotype2_0000736_102745972_103248026_0	0.9745601392861259 1K
NA20538 HG01978#1#JAGYVS010000002.1_51519970_52021951_0$HG01258#1#JAGYYV010000004.1_56955948_57456952_1	0.9745568557878643 1K
NA20538 AV_HG02257#haplotype2#0001152:102843493$103251377$HG03927.verkko_filt_mat.fa:haplotype1_0000009_134765170_135173010_1	0.9745513609466661 1K
NA20538 HG02109#1#JAHEPG010000026.1_16673035_17080816_0$HG002.verkko_filt_mat.fa:haplotype1_0000005_138228497_138636354_1	0.9745497884051012 1K
NA20538 AV_HG01175#haplotype1#0000070:46006269$46414083$NA19240#1#JAHEOM010000047.1_30103390_30511199_1	0.9745464648697805 1K
NA20538 HG01123#1#JAGYYZ010000015.1_51528240_51935090_0$HG03927.verkko_filt_mat.fa:haplotype1_0000009_134765170_135173010_1	0.9745444093952056 1K
NA20538 NA18906#1#JAHEOO010000054.1_2103477_2510435_1$HG03927.verkko_filt_mat.fa:haplotype1_0000009_134765170_135173010_1	0.9745440681252741 1K
NA20538 HG01358#1#JAGYZB010000020.1_27445742_27855492_1$HG02809.verkko_filt_pat.fa:haplotype2_0001251_103421111_103827972_0	0.9745406995286628 1K
NA20538 chr1_hg19_103998686_104406594_0$HG01123#1#JAGYYZ010000015.1_51528240_51935090_0	0.9745399084460390 1K
NA20538 HG01123#1#JAGYYZ010000015.1_51528240_51935090_0$chr1_hg38_103456064_103863972_0	0.9745399084460390 1K
NA20538 HG02559#1#JAGYVK010000012.1_51505852_51913611_0$HG02004.verkko_filt_mat.fa:haplotype1_0000022_97828542_98235483_0	0.9745374702677189 1K
NA20538 HG02486#2#JAGYVL010000029.1_94163344_94570162_0$HG03579#1#JAGYVU010000029.1_91404_499180_0	0.9745354844570587 1K
NA20538 HG03453#1#JAGYVW010000157.1_2105722_2585000_1$NA18906#1#JAHEOO010000054.1_2103477_2510435_1	0.9745334317038233 1K
NA20538 AV_HG01175#haplotype1#0000070:46006269$46414083$HG02717#2#JAHAOR010000006.1_19663827_20070693_1	0.9745309484182110 1K
NA20538 HG02559#1#JAGYVK010000012.1_51505852_51913611_0$HG02071.verkko_filt_mat.fa:haplotype1_0000041_103610513_104018399_0	0.9745285071002148 1K
NA20538 AV_HG02148#haplotype2#0002863:16304803$16712699$HG03516#2#JAGYYS010000004.1_24452130_24859892_1	0.9745256496981854 1K
NA20538 HG03540#1#JAGYVY010000208.1_95187_596142_0$HG02293.verkko_filt_mat.fa:haplotype1_0000039_30204405_30517145_1	0.9745232837582032 1K
NA20538 HG00438#2#JAHBCA010000012.1_51513023_51826723_0$HG01099.verkko_filt_pat.fa:haplotype2_0000583_143544270_144046196_1	0.9745219344869608 1K
NA20538 HG02145#2#JAHKSF010000206.1_1005292_1413195_1$HG03927.verkko_filt_mat.fa:haplotype1_0000009_134765170_135173010_1	0.9745208334977764 1K
NA20538 AV_HG01106#haplotype1#0000048:16666181$17262214$HG01123#1#JAGYYZ010000015.1_51528240_51935090_0	0.9745170593059888 1K
NA20538 HG03486#1#JAHEOQ010000123.1_16677696_17085575_0$HG03516#2#JAGYYS010000004.1_24452130_24859892_1	0.9745159547858345 1K
NA20538 HG02559#1#JAGYVK010000012.1_51505852_51913611_0$HG02886#1#JAHAOU010000178.1_62411_469262_0	0.9745152430319884 1K
NA20538 HG02559#1#JAGYVK010000012.1_51505852_51913611_0$HG03453#2#JAGYVV010000088.1_22597550_23005370_1	0.9745142836087854 1K
NA20538 HG02818#2#JAHEOR010000010.1_31775319_32183091_1$HG00741#2#JAHALX010000013.1_51574319_51981226_0	0.9745035158425790 1K
NA20538 AV_HG02148#haplotype2#0002863:16304803$16712699$HG03927.verkko_filt_mat.fa:haplotype1_0000009_134765170_135173010_1	0.9745023406303354 1K
NA20538 HG00741#2#JAHALX010000013.1_51574319_51981226_0$chr1_chm13_103304997_103901127_0	0.9744949782871428 1K
NA20538 AV_HG01106#haplotype2#0000932:16673968$17175925$HG02647.verkko_filt_mat.fa:haplotype1_0000002_103892584_104321036_0	0.9744936397432604 1K
NA20538 HG01123#1#JAGYYZ010000015.1_51528240_51935090_0$HG002.verkko_filt_mat.fa:haplotype1_0000005_138228497_138636354_1	0.9744852371102152 1K
NA20538 AV_HG01361#haplotype2#0001322:101872897$102186552$NA18906#2#JAHEON010000009.1_93748295_94249275_0	0.9744813263237088 1K
NA20538 AV_HG02148#haplotype2#0002863:16304803$16712699$HG03579#1#JAGYVU010000029.1_91404_499180_0	0.9744802283199190 1K
NA20538 AV_HG02148#haplotype2#0002863:16304803$16712699$HG02559#1#JAGYVK010000012.1_51505852_51913611_0	0.9744796235505893 1K
NA20538 HG02818#2#JAHEOR010000010.1_31775319_32183091_1$HG01978#2#JAGYVR010000007.1_51532241_51939176_0	0.9744781359217624 1K
NA20538 AV_HG01361#haplotype2#0001322:101872897$102186552$HG01071#1#JAHBCF010000053.1_26607100_27108065_1	0.9744761296463437 1K
NA20538 HG03516#2#JAGYYS010000004.1_24452130_24859892_1$HG02300.verkko_filt_pat.fa:haplotype2_0000620_143362344_143769323_1	0.9744715950008443 1K
NA20538 HG02559#1#JAGYVK010000012.1_51505852_51913611_0$HG01928#1#JAGYVQ010000053.1_16676493_17083407_0	0.9744690865638513 1K
NA20538 HG02559#1#JAGYVK010000012.1_51505852_51913611_0$HG02300.verkko_filt_pat.fa:haplotype2_0000620_143362344_143769323_1	0.9744656234367060 1K
NA20538 HG02886#1#JAHAOU010000178.1_62411_469262_0$HG03516#2#JAGYYS010000004.1_24452130_24859892_1	0.9744646771198567 1K
NA20538 HG02818#2#JAHEOR010000010.1_31775319_32183091_1$HG005#2#JAHEPN010000023.1_51542210_51950070_0	0.9744641666498211 1K
NA20538 HG03453#2#JAGYVV010000088.1_22597550_23005370_1$HG02109#1#JAHEPG010000026.1_16673035_17080816_0	0.9744629439382912 1K
NA20538 HG03492#2#JAHEPH010000288.1_2098270_2432686_1$HG02071.verkko_filt_pat.fa:haplotype2_0000736_102745972_103248026_0	0.9744590687267325 1K
NA20538 HG02886#1#JAHAOU010000178.1_62411_469262_0$HG03579#1#JAGYVU010000029.1_91404_499180_0	0.9744513003555627 1K
NA20538 HG03486#1#JAHEOQ010000123.1_16677696_17085575_0$HG03579#1#JAGYVU010000029.1_91404_499180_0	0.9744464086670361 1K
NA20538 HG00621#2#JAHBCC010000031.1_16669999_17077865_0$HG02818#2#JAHEOR010000010.1_31775319_32183091_1	0.9744438667464708 1K
NA20538 HG02818#2#JAHEOR010000010.1_31775319_32183091_1$HG02486#2#JAGYVL010000029.1_94163344_94570162_0	0.9744354469361550 1K
NA20538 HG01071#1#JAHBCF010000053.1_26607100_27108065_1$HG01978#1#JAGYVS010000002.1_51519970_52021951_0	0.9744332722891464 1K
NA20538 AV_HG01106#haplotype1#0000048:16666181$17262214$HG02486#2#JAGYVL010000029.1_94163344_94570162_0	0.9744328860740473 1K
NA20538 NA19240#1#JAHEOM010000047.1_30103390_30511199_1$HG002.verkko_filt_mat.fa:haplotype1_0000005_138228497_138636354_1	0.9744324169121438 1K
NA20538 HG01891#1#JAGYVO010000014.1_22855818_23168577_1$HG01099.verkko_filt_pat.fa:haplotype2_0000583_143544270_144046196_1	0.9744299535304713 1K
NA20538 HG03486#1#JAHEOQ010000123.1_16677696_17085575_0$HG02559#1#JAGYVK010000012.1_51505852_51913611_0	0.9744297036567535 1K
NA20538 HG01258#1#JAGYYV010000004.1_56955948_57456952_1$HG03710.verkko_filt_mat.fa:haplotype1_0000029_102593394_102907063_0	0.9744279229076773 1K
NA20538 HG005#1#JAHEPO010000002.1_51519219_51926067_0$HG03927.verkko_filt_mat.fa:haplotype1_0000009_134765170_135173010_1	0.9744158920790071 1K
NA20538 HG02559#2#JAGYVJ010000037.1_52167780_52574597_1$HG03710.verkko_filt_pat.fa:haplotype2_0000488_101614437_102218208_0	0.9744115774104214 1K
NA20538 HG01928#1#JAGYVQ010000053.1_16676493_17083407_0$HG03927.verkko_filt_mat.fa:haplotype1_0000009_134765170_135173010_1	0.9744112571653714 1K
NA20538 HG03579#1#JAGYVU010000029.1_91404_499180_0$HG02300.verkko_filt_pat.fa:haplotype2_0000620_143362344_143769323_1	0.9744097536028932 1K
NA20538 chr1_hg19_103998686_104406594_0$HG02886#1#JAHAOU010000178.1_62411_469262_0	0.9744086709326838 1K
NA20538 HG02886#1#JAHAOU010000178.1_62411_469262_0$chr1_hg38_103456064_103863972_0	0.9744086709326838 1K
NA20538 AV_HG01175#haplotype1#0000070:46006269$46414083$HG02809.verkko_filt_pat.fa:haplotype2_0001251_103421111_103827972_0	0.9744043034374262 1K
NA20538 HG03927.verkko_filt_mat.fa:haplotype1_0000009_134765170_135173010_1$HG02300.verkko_filt_pat.fa:haplotype2_0000620_143362344_143769323_1	0.9743987875869279 1K
NA20538 HG02717#1#JAHAOS010000015.1_16660311_17067250_0$HG03453#1#JAGYVW010000157.1_2105722_2585000_1	0.9743982812194254 1K
NA20538 AV_HG02148#haplotype2#0002863:16304803$16712699$HG02559#2#JAGYVJ010000037.1_52167780_52574597_1	0.9743935193255719 1K
NA20538 NA19240#1#JAHEOM010000047.1_30103390_30511199_1$HG02486#2#JAGYVL010000029.1_94163344_94570162_0	0.9743915878132966 1K
NA20538 HG02559#2#JAGYVJ010000037.1_52167780_52574597_1$HG03453#2#JAGYVV010000088.1_22597550_23005370_1	0.9743869041387819 1K
NA20538 HG03540#1#JAGYVY010000208.1_95187_596142_0$HG04228.verkko_filt_pat.fa:haplotype2_0000600_103806749_104119491_0	0.9743852327699387 1K
NA20538 HG00621#2#JAHBCC010000031.1_16669999_17077865_0$HG02717#2#JAHAOR010000006.1_19663827_20070693_1	0.9743840025628421 1K
NA20538 HG03492#2#JAHEPH010000288.1_2098270_2432686_1$chr1_chm13_103304997_103901127_0	0.9743814117917718 1K
NA20538 AV_HG01106#haplotype1#0000048:16666181$17262214$HG005#1#JAHEPO010000002.1_51519219_51926067_0	0.9743786962279636 1K
NA20538 AV_HG01106#haplotype2#0000932:16673968$17175925$HG03098#1#JAHEPM010000059.1_16676208_17105596_0	0.9743749660765895 1K
NA20538 HG002.verkko_filt_mat.fa:haplotype1_0000005_138228497_138636354_1$HG02809.verkko_filt_pat.fa:haplotype2_0001251_103421111_103827972_0	0.9743711461799721 1K
NA20538 chr1_hg38_103456064_103863972_0$HG02809.verkko_filt_pat.fa:haplotype2_0001251_103421111_103827972_0	0.9743692084601201 1K
NA20538 chr1_hg19_103998686_104406594_0$HG02809.verkko_filt_pat.fa:haplotype2_0001251_103421111_103827972_0	0.9743692084601201 1K
NA20538 HG02109#2#JAHEPF010000078.1_16678387_16991144_0$HG01099.verkko_filt_pat.fa:haplotype2_0000583_143544270_144046196_1	0.9743686021904938 1K
NA20538 HG03540#1#JAGYVY010000208.1_95187_596142_0$HG02647.verkko_filt_pat.fa:haplotype2_0000857_103738150_104051769_0	0.9743612201217566 1K
NA20538 HG02717#1#JAHAOS010000015.1_16660311_17067250_0$HG03516#2#JAGYYS010000004.1_24452130_24859892_1	0.9743611135887867 1K
NA20538 HG02630#1#JAHAOQ010000102.1_16672145_17079089_0$HG03579#1#JAGYVU010000029.1_91404_499180_0	0.9743571108504567 1K
NA20538 HG005#2#JAHEPN010000023.1_51542210_51950070_0$NA19240#1#JAHEOM010000047.1_30103390_30511199_1	0.9743558182505203 1K
NA20538 HG01358#1#JAGYZB010000020.1_27445742_27855492_1$HG02717#2#JAHAOR010000006.1_19663827_20070693_1	0.9743465980409464 1K
NA20538 HG02630#1#JAHAOQ010000102.1_16672145_17079089_0$HG03516#2#JAGYYS010000004.1_24452130_24859892_1	0.9743465572655563 1K
NA20538 HG03453#1#JAGYVW010000157.1_2105722_2585000_1$HG01109#2#JAHEOZ010000047.1_16671232_17151375_0	0.9743447735279892 1K
NA20538 HG02109#1#JAHEPG010000026.1_16673035_17080816_0$HG02071.verkko_filt_mat.fa:haplotype1_0000041_103610513_104018399_0	0.9743413331534180 1K
NA20538 HG02818#2#JAHEOR010000010.1_31775319_32183091_1$HG02071.verkko_filt_mat.fa:haplotype1_0000041_103610513_104018399_0	0.9743409953644663 1K
NA20538 HG02630#2#JAHAOP010000089.1_16669255_17076135_0$HG03516#2#JAGYYS010000004.1_24452130_24859892_1	0.9743407580213652 1K
NA20538 HG01123#1#JAGYYZ010000015.1_51528240_51935090_0$HG01358#1#JAGYZB010000020.1_27445742_27855492_1	0.9743400696903266 1K
NA20538 HG02109#1#JAHEPG010000026.1_16673035_17080816_0$HG005#2#JAHEPN010000023.1_51542210_51950070_0	0.9743343327756608 1K
NA20538 HG03453#1#JAGYVW010000157.1_2105722_2585000_1$HG00741#2#JAHALX010000013.1_51574319_51981226_0	0.9743320607831999 1K
NA20538 HG005#1#JAHEPO010000002.1_51519219_51926067_0$HG002.verkko_filt_mat.fa:haplotype1_0000005_138228497_138636354_1	0.9743313064426016 1K
NA20538 HG02818#2#JAHEOR010000010.1_31775319_32183091_1$HG01109#1#JAHEPA010000099.1_2104245_2511104_1	0.9743311442581041 1K
NA20538 AV_HG01106#haplotype1#0000048:16666181$17262214$HG02886#1#JAHAOU010000178.1_62411_469262_0	0.9743303755641168 1K
NA20538 HG01243#1#JAHEOY010000013.1_90081_424495_0$HG02071.verkko_filt_pat.fa:haplotype2_0000736_102745972_103248026_0	0.9743288993557133 1K
NA20538 HG00438#2#JAHBCA010000012.1_51513023_51826723_0$HG03540#1#JAGYVY010000208.1_95187_596142_0	0.9743288503907316 1K
NA20538 HG00621#2#JAHBCC010000031.1_16669999_17077865_0$HG01258#2#JAGYYU010000072.1_51562603_51970395_0	0.9743221121340641 1K
NA20538 AV_HG02257#haplotype2#0001152:102843493$103251377$HG03516#2#JAGYYS010000004.1_24452130_24859892_1	0.9743181591394026 1K
NA20538 AV_HG01175#haplotype1#0000070:46006269$46414083$HG01123#1#JAGYYZ010000015.1_51528240_51935090_0	0.9743165307393121 1K
NA20538 AV_HG02257#haplotype2#0001152:102843493$103251377$HG03579#1#JAGYVU010000029.1_91404_499180_0	0.9743127384980744 1K
NA20538 HG02004.verkko_filt_mat.fa:haplotype1_0000022_97828542_98235483_0$HG02071.verkko_filt_pat.fa:haplotype2_0000736_102745972_103248026_0	0.9743101189688474 1K
NA20538 HG02717#1#JAHAOS010000015.1_16660311_17067250_0$HG03579#1#JAGYVU010000029.1_91404_499180_0	0.9743067985531711 1K
NA20538 HG03579#2#JAGYVT010000094.1_51581892_51895531_0$HG03540#1#JAGYVY010000208.1_95187_596142_0	0.9743065523203728 1K
NA20538 AV_HG00673#haplotype1#0000019:16627360$17129375$HG01258#1#JAGYYV010000004.1_56955948_57456952_1	0.9743055971821918 1K
NA20538 HG01978#2#JAGYVR010000007.1_51532241_51939176_0$NA19240#1#JAHEOM010000047.1_30103390_30511199_1	0.9743053085019743 1K
NA20538 HG02080#2#JAHEOV010000017.1_16662177_17164189_0$HG01258#1#JAGYYV010000004.1_56955948_57456952_1	0.9743050368353287 1K
NA20538 HG01243#1#JAHEOY010000013.1_90081_424495_0$chr1_chm13_103304997_103901127_0	0.9743046338870329 1K
NA20538 HG02145#2#JAHKSF010000206.1_1005292_1413195_1$HG03516#2#JAGYYS010000004.1_24452130_24859892_1	0.9743036277338419 1K
NA20538 HG03486#1#JAHEOQ010000123.1_16677696_17085575_0$HG02717#2#JAHAOR010000006.1_19663827_20070693_1	0.9742949462629090 1K
NA20538 HG005#2#JAHEPN010000023.1_51542210_51950070_0$HG02486#2#JAGYVL010000029.1_94163344_94570162_0	0.9742946114291741 1K
NA20538 HG01978#2#JAGYVR010000007.1_51532241_51939176_0$HG04228.verkko_filt_mat.fa:haplotype1_0000023_103429213_103930285_0	0.9742916120164417 1K
NA20538 HG01928#1#JAGYVQ010000053.1_16676493_17083407_0$HG02071.verkko_filt_pat.fa:haplotype2_0000736_102745972_103248026_0	0.9742871213187563 1K
NA20538 AV_HG01106#haplotype2#0000932:16673968$17175925$HG02055#2#JAHEPJ010000017.1_24870122_25298560_1	0.9742836198766409 1K
NA20538 HG02486#1#JAGYVM010000007.1_28868414_29370339_1$HG03710.verkko_filt_mat.fa:haplotype1_0000029_102593394_102907063_0	0.9742824640929995 1K
NA20538 HG00621#2#JAHBCC010000031.1_16669999_17077865_0$HG02109#1#JAHEPG010000026.1_16673035_17080816_0	0.9742823449875812 1K
NA20538 HG01109#1#JAHEPA010000099.1_2104245_2511104_1$HG03927.verkko_filt_mat.fa:haplotype1_0000009_134765170_135173010_1	0.9742762275813143 1K
NA20538 HG01978#2#JAGYVR010000007.1_51532241_51939176_0$HG01258#2#JAGYYU010000072.1_51562603_51970395_0	0.9742760750451201 1K
NA20538 HG03540#1#JAGYVY010000208.1_95187_596142_0$HG002.verkko_filt_pat.fa:haplotype2_0000649_147937390_148315979_1	0.9742726499075283 1K
NA20538 HG02486#2#JAGYVL010000029.1_94163344_94570162_0$HG002.verkko_filt_mat.fa:haplotype1_0000005_138228497_138636354_1	0.9742682357011139 1K
NA20538 HG01109#1#JAHEPA010000099.1_2104245_2511104_1$HG03453#1#JAGYVW010000157.1_2105722_2585000_1	0.9742671946714982 1K
NA20538 HG005#2#JAHEPN010000023.1_51542210_51950070_0$HG02717#2#JAHAOR010000006.1_19663827_20070693_1	0.9742666299150011 1K
NA20538 HG00621#2#JAHBCC010000031.1_16669999_17077865_0$HG02809.verkko_filt_pat.fa:haplotype2_0001251_103421111_103827972_0	0.9742651224879555 1K
NA20538 HG02717#2#JAHAOR010000006.1_19663827_20070693_1$HG02071.verkko_filt_mat.fa:haplotype1_0000041_103610513_104018399_0	0.9742651207105851 1K
NA20538 HG005#2#JAHEPN010000023.1_51542210_51950070_0$HG01258#2#JAGYYU010000072.1_51562603_51970395_0	0.9742615142318357 1K
NA20538 AV_HG02148#haplotype2#0002863:16304803$16712699$HG02818#2#JAHEOR010000010.1_31775319_32183091_1	0.9742603469638076 1K
NA20538 HG02145#2#JAHKSF010000206.1_1005292_1413195_1$HG03579#1#JAGYVU010000029.1_91404_499180_0	0.9742578456469090 1K
NA20538 HG02559#1#JAGYVK010000012.1_51505852_51913611_0$HG02717#1#JAHAOS010000015.1_16660311_17067250_0	0.9742574592651991 1K
NA20538 HG02818#2#JAHEOR010000010.1_31775319_32183091_1$HG02886#1#JAHAOU010000178.1_62411_469262_0	0.9742547019154413 1K
NA20538 HG03453#2#JAGYVV010000088.1_22597550_23005370_1$HG01258#2#JAGYYU010000072.1_51562603_51970395_0	0.9742533665759899 1K
NA20538 HG02559#1#JAGYVK010000012.1_51505852_51913611_0$HG02630#1#JAHAOQ010000102.1_16672145_17079089_0	0.9742510867962008 1K
NA20538 HG02559#1#JAGYVK010000012.1_51505852_51913611_0$HG02145#2#JAHKSF010000206.1_1005292_1413195_1	0.9742491068432370 1K
NA20538 HG03579#2#JAGYVT010000094.1_51581892_51895531_0$HG03710.verkko_filt_pat.fa:haplotype2_0000488_101614437_102218208_0	0.9742450766021767 1K
NA20538 HG02109#1#JAHEPG010000026.1_16673035_17080816_0$HG01978#2#JAGYVR010000007.1_51532241_51939176_0	0.9742446484950587 1K
NA20538 HG01258#2#JAGYYU010000072.1_51562603_51970395_0$HG02071.verkko_filt_mat.fa:haplotype1_0000041_103610513_104018399_0	0.9742435232874851 1K
NA20538 HG03710.verkko_filt_pat.fa:haplotype2_0000488_101614437_102218208_0$HG02647.verkko_filt_pat.fa:haplotype2_0000857_103738150_104051769_0	0.9742409856853849 1K
NA20538 HG02622#1#JAHAOO010000002.1_16673678_17080663_0$HG03516#1#JAGYYT010000012.1_24170958_24578778_1	0.9742339597083519 1K
NA20538 HG03486#1#JAHEOQ010000123.1_16677696_17085575_0$HG01258#2#JAGYYU010000072.1_51562603_51970395_0	0.9742332872176694 1K
NA20538 NA18906#1#JAHEOO010000054.1_2103477_2510435_1$HG03579#1#JAGYVU010000029.1_91404_499180_0	0.9742331946310501 1K
NA20538 HG02818#2#JAHEOR010000010.1_31775319_32183091_1$HG02300.verkko_filt_pat.fa:haplotype2_0000620_143362344_143769323_1	0.9742292798003487 1K
NA20538 HG00621#2#JAHBCC010000031.1_16669999_17077865_0$HG02486#2#JAGYVL010000029.1_94163344_94570162_0	0.9742268409566458 1K
NA20538 AV_HG01175#haplotype1#0000070:46006269$46414083$HG02886#1#JAHAOU010000178.1_62411_469262_0	0.9742248116936933 1K
NA20538 HG02818#1#JAHEOS010000101.1_89626_496613_0$HG03927.verkko_filt_mat.fa:haplotype1_0000009_134765170_135173010_1	0.9742240318023235 1K
NA20538 HG02630#2#JAHAOP010000089.1_16669255_17076135_0$HG03579#1#JAGYVU010000029.1_91404_499180_0	0.9742235865883782 1K
NA20538 HG02818#2#JAHEOR010000010.1_31775319_32183091_1$HG03453#2#JAGYVV010000088.1_22597550_23005370_1	0.9742232982060719 1K
NA20538 HG01123#2#JAGYYY010000006.1_51579630_51892388_0$HG03540#1#JAGYVY010000208.1_95187_596142_0	0.9742216688605208 1K
NA20538 HG02818#2#JAHEOR010000010.1_31775319_32183091_1$HG03486#1#JAHEOQ010000123.1_16677696_17085575_0	0.9742186719850179 1K
NA20538 AV_HG01106#haplotype1#0000048:16666181$17262214$HG01123#2#JAGYYY010000006.1_51579630_51892388_0	0.9742162733121333 1K
NA20538 NA18906#1#JAHEOO010000054.1_2103477_2510435_1$HG03516#2#JAGYYS010000004.1_24452130_24859892_1	0.9742145472356691 1K
NA20538 HG02818#2#JAHEOR010000010.1_31775319_32183091_1$HG03579#1#JAGYVU010000029.1_91404_499180_0	0.9742124836855417 1K
NA20538 HG02559#2#JAGYVJ010000037.1_52167780_52574597_1$HG01978#2#JAGYVR010000007.1_51532241_51939176_0	0.9742089388121405 1K
NA20538 AV_HG01175#haplotype1#0000070:46006269$46414083$HG02486#2#JAGYVL010000029.1_94163344_94570162_0	0.9742040645839225 1K
NA20538 NA18906#2#JAHEON010000009.1_93748295_94249275_0$HG03710.verkko_filt_mat.fa:haplotype1_0000029_102593394_102907063_0	0.9742037510845178 1K
NA20538 HG005#1#JAHEPO010000002.1_51519219_51926067_0$chr1_hg38_103456064_103863972_0	0.9742001642285159 1K
NA20538 HG005#1#JAHEPO010000002.1_51519219_51926067_0$chr1_hg19_103998686_104406594_0	0.9742001642285159 1K
NA20538 HG01109#1#JAHEPA010000099.1_2104245_2511104_1$NA19240#1#JAHEOM010000047.1_30103390_30511199_1	0.9741987286852721 1K
NA20538 HG00621#1#JAHBCD010000034.1_2122997_2624098_1$HG01978#2#JAGYVR010000007.1_51532241_51939176_0	0.9741974667496239 1K
NA20538 HG02486#2#JAGYVL010000029.1_94163344_94570162_0$HG02071.verkko_filt_mat.fa:haplotype1_0000041_103610513_104018399_0	0.9741891430402977 1K
NA20538 HG02886#1#JAHAOU010000178.1_62411_469262_0$NA19240#1#JAHEOM010000047.1_30103390_30511199_1	0.9741866065956866 1K
NA20538 HG02559#1#JAGYVK010000012.1_51505852_51913611_0$NA18906#1#JAHEOO010000054.1_2103477_2510435_1	0.9741838481583006 1K
NA20538 HG02559#1#JAGYVK010000012.1_51505852_51913611_0$HG02630#2#JAHAOP010000089.1_16669255_17076135_0	0.9741829328208379 1K
NA20538 HG01123#1#JAGYYZ010000015.1_51528240_51935090_0$HG005#2#JAHEPN010000023.1_51542210_51950070_0	0.9741814090938373 1K
NA20538 HG02486#1#JAGYVM010000007.1_28868414_29370339_1$HG00733#1#JAHEPQ010000019.1_46106835_46420495_0	0.9741809736751631 1K
NA20538 HG00621#2#JAHBCC010000031.1_16669999_17077865_0$HG01123#1#JAGYYZ010000015.1_51528240_51935090_0	0.9741776890469670 1K
NA20538 AV_HG02257#haplotype2#0001152:102843493$103251377$HG02559#1#JAGYVK010000012.1_51505852_51913611_0	0.9741746792308493 1K
NA20538 HG02818#2#JAHEOR010000010.1_31775319_32183091_1$HG02004.verkko_filt_mat.fa:haplotype1_0000022_97828542_98235483_0	0.9741732580298212 1K
NA20538 HG02559#1#JAGYVK010000012.1_51505852_51913611_0$HG03579#1#JAGYVU010000029.1_91404_499180_0	0.9741731008142390 1K
NA20538 HG02559#2#JAGYVJ010000037.1_52167780_52574597_1$HG02300.verkko_filt_pat.fa:haplotype2_0000620_143362344_143769323_1	0.9741704987471957 1K
NA20538 HG02723#1#JAHEOU010000204.1_2102082_2414876_1$HG01099.verkko_filt_pat.fa:haplotype2_0000583_143544270_144046196_1	0.9741658994679742 1K
NA20538 HG01258#2#JAGYYU010000072.1_51562603_51970395_0$HG02300.verkko_filt_pat.fa:haplotype2_0000620_143362344_143769323_1	0.9741645049706579 1K
NA20538 HG01258#2#JAGYYU010000072.1_51562603_51970395_0$HG02004.verkko_filt_mat.fa:haplotype1_0000022_97828542_98235483_0	0.9741637790712789 1K
NA20538 AV_HG02148#haplotype2#0002863:16304803$16712699$HG01258#2#JAGYYU010000072.1_51562603_51970395_0	0.9741623453637624 1K
NA20538 HG01258#1#JAGYYV010000004.1_56955948_57456952_1$HG02293.verkko_filt_pat.fa:haplotype2_0000836_148310532_148812524_1	0.9741616213336081 1K
NA20538 HG02559#2#JAGYVJ010000037.1_52167780_52574597_1$HG02109#1#JAHEPG010000026.1_16673035_17080816_0	0.9741590359532989 1K
NA20538 HG02630#2#JAHAOP010000089.1_16669255_17076135_0$chr1_chm13_103304997_103901127_0	0.9741589799424075 1K
NA20538 HG03453#1#JAGYVW010000157.1_2105722_2585000_1$HG02818#1#JAHEOS010000101.1_89626_496613_0	0.9741587069392041 1K
NA20538 HG02109#1#JAHEPG010000026.1_16673035_17080816_0$HG02004.verkko_filt_mat.fa:haplotype1_0000022_97828542_98235483_0	0.9741559944601204 1K
NA20538 HG03453#2#JAGYVV010000088.1_22597550_23005370_1$HG02486#2#JAGYVL010000029.1_94163344_94570162_0	0.9741559341754058 1K
NA20538 HG02071.verkko_filt_mat.fa:haplotype1_0000041_103610513_104018399_0$HG02809.verkko_filt_pat.fa:haplotype2_0001251_103421111_103827972_0	0.9741543994996343 1K
NA20538 HG02818#2#JAHEOR010000010.1_31775319_32183091_1$HG01928#1#JAGYVQ010000053.1_16676493_17083407_0	0.9741531538653069 1K
NA20538 HG03098#2#JAHEPL010000003.1_93803759_94117426_0$NA18906#2#JAHEON010000009.1_93748295_94249275_0	0.9741488730040346 1K
NA20538 HG01123#1#JAGYYZ010000015.1_51528240_51935090_0$HG02071.verkko_filt_mat.fa:haplotype1_0000041_103610513_104018399_0	0.9741476119870556 1K
NA20538 HG02486#1#JAGYVM010000007.1_28868414_29370339_1$HG02293.verkko_filt_mat.fa:haplotype1_0000039_30204405_30517145_1	0.9741460879060226 1K
NA20538 HG03486#1#JAHEOQ010000123.1_16677696_17085575_0$HG02109#1#JAHEPG010000026.1_16673035_17080816_0	0.9741447310657915 1K
NA20538 HG02080#2#JAHEOV010000017.1_16662177_17164189_0$HG01071#1#JAHBCF010000053.1_26607100_27108065_1	0.9741402316718839 1K
NA20538 AV_HG01175#haplotype1#0000070:46006269$46414083$HG005#1#JAHEPO010000002.1_51519219_51926067_0	0.9741385812898340 1K
NA20538 HG03516#2#JAGYYS010000004.1_24452130_24859892_1$HG03579#1#JAGYVU010000029.1_91404_499180_0	0.9741380255262529 1K
NA20538 AV_HG01106#haplotype2#0000932:16673968$17175925$HG02809.verkko_filt_mat.fa:haplotype1_0000023_94161320_94589755_0	0.9741284735825672 1K
NA20538 NA19240#1#JAHEOM010000047.1_30103390_30511199_1$HG02071.verkko_filt_mat.fa:haplotype1_0000041_103610513_104018399_0	0.9741279470690477 1K
NA20538 HG03540#2#JAGYVX010000148.1_1368955_1877115_0$HG03710.verkko_filt_mat.fa:haplotype1_0000029_102593394_102907063_0	0.9741266169897677 1K
NA20538 AV_HG00673#haplotype1#0000019:16627360$17129375$HG01071#1#JAHBCF010000053.1_26607100_27108065_1	0.9741256590112081 1K
NA20538 HG04228.verkko_filt_mat.fa:haplotype1_0000023_103429213_103930285_0$HG02004.verkko_filt_mat.fa:haplotype1_0000022_97828542_98235483_0	0.9741224566673311 1K
NA20538 AV_HG02148#haplotype2#0002863:16304803$16712699$HG02109#1#JAHEPG010000026.1_16673035_17080816_0	0.9741222186878141 1K
NA20538 HG01258#2#JAGYYU010000072.1_51562603_51970395_0$HG03710.verkko_filt_pat.fa:haplotype2_0000488_101614437_102218208_0	0.9741136131855200 1K
NA20538 HG02559#1#JAGYVK010000012.1_51505852_51913611_0$HG03516#2#JAGYYS010000004.1_24452130_24859892_1	0.9741134856586873 1K
NA20538 HG00621#1#JAHBCD010000034.1_2122997_2624098_1$HG01928#1#JAGYVQ010000053.1_16676493_17083407_0	0.9741130366475026 1K
NA20538 HG02886#1#JAHAOU010000178.1_62411_469262_0$HG005#2#JAHEPN010000023.1_51542210_51950070_0	0.9741129293989980 1K
NA20538 HG03486#1#JAHEOQ010000123.1_16677696_17085575_0$HG01123#1#JAGYYZ010000015.1_51528240_51935090_0	0.9741048313736329 1K
NA20538 HG01928#1#JAGYVQ010000053.1_16676493_17083407_0$HG04228.verkko_filt_mat.fa:haplotype1_0000023_103429213_103930285_0	0.9740940645016716 1K
NA20538 HG03453#2#JAGYVV010000088.1_22597550_23005370_1$NA19240#1#JAHEOM010000047.1_30103390_30511199_1	0.9740908546992323 1K
NA20538 HG03486#1#JAHEOQ010000123.1_16677696_17085575_0$HG02486#2#JAGYVL010000029.1_94163344_94570162_0	0.9740884946424933 1K
NA20538 HG03486#1#JAHEOQ010000123.1_16677696_17085575_0$HG02809.verkko_filt_pat.fa:haplotype2_0001251_103421111_103827972_0	0.9740866507910779 1K
NA20538 AV_HG01106#haplotype1#0000048:16666181$17262214$HG00741#2#JAHALX010000013.1_51574319_51981226_0	0.9740856187051194 1K
NA20538 HG03540#2#JAGYVX010000148.1_1368955_1877115_0$HG02293.verkko_filt_mat.fa:haplotype1_0000039_30204405_30517145_1	0.9740836711524303 1K
NA20538 HG03453#2#JAGYVV010000088.1_22597550_23005370_1$HG02717#2#JAHAOR010000006.1_19663827_20070693_1	0.9740810232683353 1K
NA20538 HG02818#2#JAHEOR010000010.1_31775319_32183091_1$HG02630#2#JAHAOP010000089.1_16669255_17076135_0	0.9740616669277673 1K
NA20538 HG04228.verkko_filt_pat.fa:haplotype2_0000600_103806749_104119491_0$HG03710.verkko_filt_pat.fa:haplotype2_0000488_101614437_102218208_0	0.9740574040850217 1K
NA20538 NA19240#1#JAHEOM010000047.1_30103390_30511199_1$HG02004.verkko_filt_mat.fa:haplotype1_0000022_97828542_98235483_0	0.9740568420542809 1K
NA20538 HG01928#1#JAGYVQ010000053.1_16676493_17083407_0$HG02109#1#JAHEPG010000026.1_16673035_17080816_0	0.9740552485482268 1K
NA20538 AV_HG02148#haplotype2#0002863:16304803$16712699$HG02717#2#JAHAOR010000006.1_19663827_20070693_1	0.9740545745945473 1K
NA20538 HG02886#1#JAHAOU010000178.1_62411_469262_0$HG002.verkko_filt_mat.fa:haplotype1_0000005_138228497_138636354_1	0.9740539084529863 1K
NA20538 HG00621#2#JAHBCC010000031.1_16669999_17077865_0$NA19240#1#JAHEOM010000047.1_30103390_30511199_1	0.9740538596821909 1K
NA20538 HG02818#2#JAHEOR010000010.1_31775319_32183091_1$HG02145#2#JAHKSF010000206.1_1005292_1413195_1	0.9740528666070740 1K
NA20538 HG02886#1#JAHAOU010000178.1_62411_469262_0$HG03453#2#JAGYVV010000088.1_22597550_23005370_1	0.9740472941407293 1K
NA20538 HG03540#2#JAGYVX010000148.1_1368955_1877115_0$HG02647.verkko_filt_pat.fa:haplotype2_0000857_103738150_104051769_0	0.9740362160444735 1K
NA20538 HG03098#2#JAHEPL010000003.1_93803759_94117426_0$HG03540#2#JAGYVX010000148.1_1368955_1877115_0	0.9740353956846030 1K
NA20538 HG00621#2#JAHBCC010000031.1_16669999_17077865_0$HG005#1#JAHEPO010000002.1_51519219_51926067_0	0.9740321066112749 1K
NA20538 HG00621#1#JAHBCD010000034.1_2122997_2624098_1$HG03492#2#JAHEPH010000288.1_2098270_2432686_1	0.9740241213164944 1K
NA20538 HG03540#1#JAGYVY010000208.1_95187_596142_0$HG01891#1#JAGYVO010000014.1_22855818_23168577_1	0.9740194278206026 1K
NA20538 HG00621#1#JAHBCD010000034.1_2122997_2624098_1$HG02004.verkko_filt_mat.fa:haplotype1_0000022_97828542_98235483_0	0.9740117992675210 1K
NA20538 HG005#2#JAHEPN010000023.1_51542210_51950070_0$HG02809.verkko_filt_pat.fa:haplotype2_0001251_103421111_103827972_0	0.9740096093395865 1K
NA20538 HG03579#2#JAGYVT010000094.1_51581892_51895531_0$HG03540#2#JAGYVX010000148.1_1368955_1877115_0	0.9740086193700240 1K
NA20538 HG01928#1#JAGYVQ010000053.1_16676493_17083407_0$HG01258#2#JAGYYU010000072.1_51562603_51970395_0	0.9740067122435963 1K
NA20538 HG01928#1#JAGYVQ010000053.1_16676493_17083407_0$NA19240#1#JAHEOM010000047.1_30103390_30511199_1	0.9740045576789675 1K
NA20538 HG00741#2#JAHALX010000013.1_51574319_51981226_0$NA19240#1#JAHEOM010000047.1_30103390_30511199_1	0.9740019976749573 1K
NA20538 HG01978#1#JAGYVS010000002.1_51519970_52021951_0$HG02647.verkko_filt_mat.fa:haplotype1_0000002_103892584_104321036_0	0.9739966660619563 1K
NA20538 HG02109#1#JAHEPG010000026.1_16673035_17080816_0$HG02300.verkko_filt_pat.fa:haplotype2_0000620_143362344_143769323_1	0.9739958416578441 1K
NA20538 HG01123#1#JAGYYZ010000015.1_51528240_51935090_0$HG03453#2#JAGYVV010000088.1_22597550_23005370_1	0.9739957587396892 1K
NA20538 HG01071#1#JAHBCF010000053.1_26607100_27108065_1$HG02293.verkko_filt_pat.fa:haplotype2_0000836_148310532_148812524_1	0.9739898672246319 1K
NA20538 HG00621#2#JAHBCC010000031.1_16669999_17077865_0$HG02886#1#JAHAOU010000178.1_62411_469262_0	0.9739883435162080 1K
NA20538 HG02818#2#JAHEOR010000010.1_31775319_32183091_1$HG02717#1#JAHAOS010000015.1_16660311_17067250_0	0.9739872056677416 1K
NA20538 AV_HG02257#haplotype2#0001152:102843493$103251377$HG02818#2#JAHEOR010000010.1_31775319_32183091_1	0.9739864780890791 1K
NA20538 HG03710.verkko_filt_pat.fa:haplotype2_0000488_101614437_102218208_0$HG02809.verkko_filt_pat.fa:haplotype2_0001251_103421111_103827972_0	0.9739852809301935 1K
NA20538 HG02818#1#JAHEOS010000101.1_89626_496613_0$HG03579#1#JAGYVU010000029.1_91404_499180_0	0.9739850508205140 1K
NA20538 HG02818#2#JAHEOR010000010.1_31775319_32183091_1$HG03516#2#JAGYYS010000004.1_24452130_24859892_1	0.9739846628315525 1K
NA20538 HG01258#1#JAGYYV010000004.1_56955948_57456952_1$HG02071.verkko_filt_pat.fa:haplotype2_0000736_102745972_103248026_0	0.9739799493986724 1K
NA20538 HG03098#2#JAHEPL010000003.1_93803759_94117426_0$HG01258#1#JAGYYV010000004.1_56955948_57456952_1	0.9739777905699071 1K
NA20538 HG005#1#JAHEPO010000002.1_51519219_51926067_0$HG02071.verkko_filt_mat.fa:haplotype1_0000041_103610513_104018399_0	0.9739777108025494 1K
NA20538 AV_HG02148#haplotype2#0002863:16304803$16712699$HG02486#2#JAGYVL010000029.1_94163344_94570162_0	0.9739770181466521 1K
NA20538 HG03453#2#JAGYVV010000088.1_22597550_23005370_1$HG02809.verkko_filt_pat.fa:haplotype2_0001251_103421111_103827972_0	0.9739766977219669 1K
NA20538 AV_HG02148#haplotype2#0002863:16304803$16712699$NA19240#1#JAHEOM010000047.1_30103390_30511199_1	0.9739750449830763 1K
NA20538 HG02886#1#JAHAOU010000178.1_62411_469262_0$HG02071.verkko_filt_mat.fa:haplotype1_0000041_103610513_104018399_0	0.9739748140885128 1K
NA20538 HG005#1#JAHEPO010000002.1_51519219_51926067_0$HG01358#1#JAGYZB010000020.1_27445742_27855492_1	0.9739695129461715 1K
NA20538 HG03098#2#JAHEPL010000003.1_93803759_94117426_0$HG01099.verkko_filt_pat.fa:haplotype2_0000583_143544270_144046196_1	0.9739667726115558 1K
NA20538 HG03516#2#JAGYYS010000004.1_24452130_24859892_1$HG02818#1#JAHEOS010000101.1_89626_496613_0	0.9739661166019452 1K
NA20538 HG02818#2#JAHEOR010000010.1_31775319_32183091_1$HG02630#1#JAHAOQ010000102.1_16672145_17079089_0	0.9739648455526911 1K
NA20538 HG02486#2#JAGYVL010000029.1_94163344_94570162_0$HG01358#1#JAGYZB010000020.1_27445742_27855492_1	0.9739568435669610 1K
NA20538 AV_HG02148#haplotype2#0002863:16304803$16712699$HG02809.verkko_filt_pat.fa:haplotype2_0001251_103421111_103827972_0	0.9739509848200447 1K
NA20538 HG00621#1#JAHBCD010000034.1_2122997_2624098_1$HG01243#1#JAHEOY010000013.1_90081_424495_0	0.9739494980257098 1K
NA20538 HG02818#2#JAHEOR010000010.1_31775319_32183091_1$NA18906#1#JAHEOO010000054.1_2103477_2510435_1	0.9739459017873265 1K
NA20538 HG01071#1#JAHBCF010000053.1_26607100_27108065_1$HG03710.verkko_filt_mat.fa:haplotype1_0000029_102593394_102907063_0	0.9739330128891096 1K
NA20538 NA20129#2#JAHEPD010000155.1_90039_569275_0$HG03486#2#JAHEOP010000248.1_2105565_2584784_1	0.9739328723733032 1K
NA20538 HG02818#2#JAHEOR010000010.1_31775319_32183091_1$HG02559#1#JAGYVK010000012.1_51505852_51913611_0	0.9739318646499510 1K
NA20538 NA19240#1#JAHEOM010000047.1_30103390_30511199_1$HG03516#2#JAGYYS010000004.1_24452130_24859892_1	0.9739243886091484 1K
NA20538 HG01123#2#JAGYYY010000006.1_51579630_51892388_0$HG03710.verkko_filt_pat.fa:haplotype2_0000488_101614437_102218208_0	0.9739196581550174 1K
NA20538 HG03486#1#JAHEOQ010000123.1_16677696_17085575_0$NA19240#1#JAHEOM010000047.1_30103390_30511199_1	0.9739093306272756 1K
NA20538 HG02486#1#JAGYVM010000007.1_28868414_29370339_1$HG02647.verkko_filt_mat.fa:haplotype1_0000002_103892584_104321036_0	0.9739093263224775 1K
NA20538 HG03486#1#JAHEOQ010000123.1_16677696_17085575_0$HG005#1#JAHEPO010000002.1_51519219_51926067_0	0.9739029409053916 1K
NA20538 HG02622#2#JAHAON010000012.1_51551779_52031001_0$HG03486#2#JAHEOP010000248.1_2105565_2584784_1	0.9738945530357858 1K
NA20538 HG03540#1#JAGYVY010000208.1_95187_596142_0$HG02109#2#JAHEPF010000078.1_16678387_16991144_0	0.9738939167174302 1K
NA20538 HG02145#2#JAHKSF010000206.1_1005292_1413195_1$chr1_chm13_103304997_103901127_0	0.9738938004942734 1K
NA20538 HG02145#2#JAHKSF010000206.1_1005292_1413195_1$HG03710.verkko_filt_pat.fa:haplotype2_0000488_101614437_102218208_0	0.9738881469796612 1K
NA20538 HG02559#2#JAGYVJ010000037.1_52167780_52574597_1$HG02004.verkko_filt_mat.fa:haplotype1_0000022_97828542_98235483_0	0.9738861650222008 1K
NA20538 HG00741#2#JAHALX010000013.1_51574319_51981226_0$HG03927.verkko_filt_mat.fa:haplotype1_0000009_134765170_135173010_1	0.9738796047136518 1K
NA20538 HG03486#1#JAHEOQ010000123.1_16677696_17085575_0$HG02886#1#JAHAOU010000178.1_62411_469262_0	0.9738745103901789 1K
NA20538 NA19240#1#JAHEOM010000047.1_30103390_30511199_1$HG03579#1#JAGYVU010000029.1_91404_499180_0	0.9738720023283705 1K
NA20538 HG03492#2#JAHEPH010000288.1_2098270_2432686_1$HG04228.verkko_filt_mat.fa:haplotype1_0000023_103429213_103930285_0	0.9738706189691521 1K
NA20538 HG02622#1#JAHAOO010000002.1_16673678_17080663_0$HG03927.verkko_filt_mat.fa:haplotype1_0000009_134765170_135173010_1	0.9738649175430852 1K
NA20538 HG02630#1#JAHAOQ010000102.1_16672145_17079089_0$NA19240#1#JAHEOM010000047.1_30103390_30511199_1	0.9738644564308170 1K
NA20538 chr1_hg38_103456064_103863972_0$HG00741#2#JAHALX010000013.1_51574319_51981226_0	0.9738608801147546 1K
NA20538 chr1_hg19_103998686_104406594_0$HG00741#2#JAHALX010000013.1_51574319_51981226_0	0.9738608801147546 1K
NA20538 HG02559#1#JAGYVK010000012.1_51505852_51913611_0$HG02818#1#JAHEOS010000101.1_89626_496613_0	0.9738551941670527 1K
NA20538 HG01928#1#JAGYVQ010000053.1_16676493_17083407_0$HG02559#2#JAGYVJ010000037.1_52167780_52574597_1	0.9738500074880427 1K
NA20538 HG03540#2#JAGYVX010000148.1_1368955_1877115_0$HG01891#1#JAGYVO010000014.1_22855818_23168577_1	0.9738419575611291 1K
NA20538 AV_HG02148#haplotype2#0002863:16304803$16712699$HG01123#1#JAGYYZ010000015.1_51528240_51935090_0	0.9738402834095029 1K
NA20538 HG01258#1#JAGYYV010000004.1_56955948_57456952_1$HG03098#1#JAHEPM010000059.1_16676208_17105596_0	0.9738374754233177 1K
NA20538 HG01978#1#JAGYVS010000002.1_51519970_52021951_0$HG03098#1#JAHEPM010000059.1_16676208_17105596_0	0.9738330216828922 1K
NA20538 HG02717#1#JAHAOS010000015.1_16660311_17067250_0$NA19240#1#JAHEOM010000047.1_30103390_30511199_1	0.9738302095543198 1K
NA20538 NA18906#1#JAHEOO010000054.1_2103477_2510435_1$NA19240#1#JAHEOM010000047.1_30103390_30511199_1	0.9738212397012158 1K
NA20538 HG02630#1#JAHAOQ010000102.1_16672145_17079089_0$chr1_chm13_103304997_103901127_0	0.9738129228168088 1K
NA20538 HG02630#2#JAHAOP010000089.1_16669255_17076135_0$NA19240#1#JAHEOM010000047.1_30103390_30511199_1	0.9738090735485209 1K
NA20538 HG01978#2#JAGYVR010000007.1_51532241_51939176_0$HG02486#2#JAGYVL010000029.1_94163344_94570162_0	0.9738086257015285 1K
NA20538 HG00741#2#JAHALX010000013.1_51574319_51981226_0$HG002.verkko_filt_mat.fa:haplotype1_0000005_138228497_138636354_1	0.9738063502192047 1K
NA20538 HG02145#2#JAHKSF010000206.1_1005292_1413195_1$HG01358#1#JAGYZB010000020.1_27445742_27855492_1	0.9738054585747243 1K
NA20538 AV_HG02257#haplotype2#0001152:102843493$103251377$NA19240#1#JAHEOM010000047.1_30103390_30511199_1	0.9738054396894815 1K
NA20538 AV_HG01106#haplotype2#0000932:16673968$17175925$HG02886#2#JAHAOT010000031.1_87393_401061_0	0.9738038120079040 1K
NA20538 HG02717#2#JAHAOR010000006.1_19663827_20070693_1$HG03710.verkko_filt_pat.fa:haplotype2_0000488_101614437_102218208_0	0.9738012811855528 1K
NA20538 AV_HG01175#haplotype1#0000070:46006269$46414083$HG00741#2#JAHALX010000013.1_51574319_51981226_0	0.9737996075351638 1K
NA20538 HG01978#2#JAGYVR010000007.1_51532241_51939176_0$HG02717#2#JAHAOR010000006.1_19663827_20070693_1	0.9737972093346141 1K
NA20538 NA19240#1#JAHEOM010000047.1_30103390_30511199_1$HG02300.verkko_filt_pat.fa:haplotype2_0000620_143362344_143769323_1	0.9737905534415022 1K
NA20538 HG03098#2#JAHEPL010000003.1_93803759_94117426_0$HG01071#1#JAHBCF010000053.1_26607100_27108065_1	0.9737896159812575 1K
NA20538 HG01243#1#JAHEOY010000013.1_90081_424495_0$HG04228.verkko_filt_mat.fa:haplotype1_0000023_103429213_103930285_0	0.9737892085889694 1K
NA20538 HG02630#2#JAHAOP010000089.1_16669255_17076135_0$chr1_hg38_103456064_103863972_0	0.9737874877449907 1K
NA20538 HG02630#2#JAHAOP010000089.1_16669255_17076135_0$chr1_hg19_103998686_104406594_0	0.9737874877449907 1K
NA20538 HG005#1#JAHEPO010000002.1_51519219_51926067_0$HG03453#2#JAGYVV010000088.1_22597550_23005370_1	0.9737861931440041 1K
NA20538 HG005#1#JAHEPO010000002.1_51519219_51926067_0$HG005#2#JAHEPN010000023.1_51542210_51950070_0	0.9737861483297243 1K
NA20538 AV_HG01106#haplotype1#0000048:16666181$17262214$HG03492#2#JAHEPH010000288.1_2098270_2432686_1	0.9737831424620453 1K
NA20538 AV_HG02148#haplotype2#0002863:16304803$16712699$HG02886#1#JAHAOU010000178.1_62411_469262_0	0.9737792411731291 1K
NA20538 HG03540#2#JAGYVX010000148.1_1368955_1877115_0$HG04228.verkko_filt_pat.fa:haplotype2_0000600_103806749_104119491_0	0.9737765537712930 1K
NA20538 HG01123#1#JAGYYZ010000015.1_51528240_51935090_0$HG01978#2#JAGYVR010000007.1_51532241_51939176_0	0.9737764936365653 1K
NA20538 HG01891#1#JAGYVO010000014.1_22855818_23168577_1$HG03710.verkko_filt_pat.fa:haplotype2_0000488_101614437_102218208_0	0.9737758405415339 1K
NA20538 HG02622#1#JAHAOO010000002.1_16673678_17080663_0$HG03516#2#JAGYYS010000004.1_24452130_24859892_1	0.9737746728122092 1K
NA20538 HG03492#2#JAHEPH010000288.1_2098270_2432686_1$NA18906#2#JAHEON010000009.1_93748295_94249275_0	0.9737704365927415 1K
NA20538 HG01978#1#JAGYVS010000002.1_51519970_52021951_0$HG02055#2#JAHEPJ010000017.1_24870122_25298560_1	0.9737697427535990 1K
NA20538 AV_HG01106#haplotype1#0000048:16666181$17262214$HG02630#2#JAHAOP010000089.1_16669255_17076135_0	0.9737609288624748 1K
NA20538 HG01071#1#JAHBCF010000053.1_26607100_27108065_1$HG02071.verkko_filt_pat.fa:haplotype2_0000736_102745972_103248026_0	0.9737585897664705 1K
NA20538 HG02055#2#JAHEPJ010000017.1_24870122_25298560_1$HG02486#1#JAGYVM010000007.1_28868414_29370339_1	0.9737524254100822 1K
NA20538 HG00621#1#JAHBCD010000034.1_2122997_2624098_1$HG01258#1#JAGYYV010000004.1_56955948_57456952_1	0.9737475914413438 1K
NA20538 HG03453#1#JAGYVW010000157.1_2105722_2585000_1$HG02622#1#JAHAOO010000002.1_16673678_17080663_0	0.9737457304320369 1K
NA20538 HG03492#1#JAHEPI010000180.1_2103395_2543326_1$HG02300.verkko_filt_mat.fa:haplotype1_0000028_144052837_144460586_1	0.9737413581465487 1K
NA20538 HG02886#1#JAHAOU010000178.1_62411_469262_0$HG01358#1#JAGYZB010000020.1_27445742_27855492_1	0.9737403082276164 1K
NA20538 HG01243#1#JAHEOY010000013.1_90081_424495_0$NA18906#2#JAHEON010000009.1_93748295_94249275_0	0.9737308897111100 1K
NA20538 HG02145#2#JAHKSF010000206.1_1005292_1413195_1$NA19240#1#JAHEOM010000047.1_30103390_30511199_1	0.9737267146960146 1K
NA20538 AV_HG01106#haplotype1#0000048:16666181$17262214$HG01243#1#JAHEOY010000013.1_90081_424495_0	0.9737207038308633 1K
NA20538 AV_HG01175#haplotype1#0000070:46006269$46414083$HG02630#2#JAHAOP010000089.1_16669255_17076135_0	0.9737182442042227 1K
NA20538 HG01123#1#JAGYYZ010000015.1_51528240_51935090_0$HG03710.verkko_filt_pat.fa:haplotype2_0000488_101614437_102218208_0	0.9737061304307572 1K
NA20538 HG02723#1#JAHEOU010000204.1_2102082_2414876_1$HG03540#1#JAGYVY010000208.1_95187_596142_0	0.9736990490087609 1K
NA20538 HG02622#1#JAHAOO010000002.1_16673678_17080663_0$HG03579#1#JAGYVU010000029.1_91404_499180_0	0.9736972636624717 1K
NA20538 HG02717#2#JAHAOR010000006.1_19663827_20070693_1$HG02300.verkko_filt_pat.fa:haplotype2_0000620_143362344_143769323_1	0.9736934905998534 1K
NA20538 AV_HG02148#haplotype2#0002863:16304803$16712699$HG005#1#JAHEPO010000002.1_51519219_51926067_0	0.9736868914714472 1K
NA20538 HG02717#2#JAHAOR010000006.1_19663827_20070693_1$HG02004.verkko_filt_mat.fa:haplotype1_0000022_97828542_98235483_0	0.9736851749645676 1K
NA20538 HG03098#1#JAHEPM010000059.1_16676208_17105596_0$NA18906#2#JAHEON010000009.1_93748295_94249275_0	0.9736849469524055 1K
NA20538 HG02486#2#JAGYVL010000029.1_94163344_94570162_0$HG02300.verkko_filt_pat.fa:haplotype2_0000620_143362344_143769323_1	0.9736813439540529 1K
NA20538 HG02818#2#JAHEOR010000010.1_31775319_32183091_1$HG02818#1#JAHEOS010000101.1_89626_496613_0	0.9736754502639655 1K
NA20538 HG02559#1#JAGYVK010000012.1_51505852_51913611_0$NA19240#1#JAHEOM010000047.1_30103390_30511199_1	0.9736715605461662 1K
NA20538 NA18906#1#JAHEOO010000054.1_2103477_2510435_1$chr1_chm13_103304997_103901127_0	0.9736675723681166 1K
NA20538 NA18906#2#JAHEON010000009.1_93748295_94249275_0$HG00733#1#JAHEPQ010000019.1_46106835_46420495_0	0.9736654026952889 1K
NA20538 HG03492#2#JAHEPH010000288.1_2098270_2432686_1$HG00438#1#JAHBCB010000015.1_33474867_33954171_0	0.9736572577709166 1K
NA20538 HG03098#2#JAHEPL010000003.1_93803759_94117426_0$HG03540#1#JAGYVY010000208.1_95187_596142_0	0.9736377281613682 1K
NA20538 HG01978#1#JAGYVS010000002.1_51519970_52021951_0$HG02809.verkko_filt_mat.fa:haplotype1_0000023_94161320_94589755_0	0.9736320319524623 1K
NA20538 AV_HG02257#haplotype2#0001152:102843493$103251377$HG03710.verkko_filt_pat.fa:haplotype2_0000488_101614437_102218208_0	0.9736300447130526 1K
NA20538 HG01109#1#JAHEPA010000099.1_2104245_2511104_1$chr1_chm13_103304997_103901127_0	0.9736266464175511 1K
NA20538 HG00741#2#JAHALX010000013.1_51574319_51981226_0$HG01358#1#JAGYZB010000020.1_27445742_27855492_1	0.9736264174313642 1K
NA20538 HG02486#2#JAGYVL010000029.1_94163344_94570162_0$HG02004.verkko_filt_mat.fa:haplotype1_0000022_97828542_98235483_0	0.9736143208961473 1K
NA20538 HG00438#2#JAHBCA010000012.1_51513023_51826723_0$NA18906#2#JAHEON010000009.1_93748295_94249275_0	0.9736140456322502 1K
NA20538 HG02886#1#JAHAOU010000178.1_62411_469262_0$HG01978#2#JAGYVR010000007.1_51532241_51939176_0	0.9736107552496657 1K
NA20538 HG02109#1#JAHEPG010000026.1_16673035_17080816_0$HG02486#2#JAGYVL010000029.1_94163344_94570162_0	0.9736043263786032 1K
NA20538 HG02630#2#JAHAOP010000089.1_16669255_17076135_0$HG002.verkko_filt_mat.fa:haplotype1_0000005_138228497_138636354_1	0.9736041212468626 1K
NA20538 HG02300.verkko_filt_pat.fa:haplotype2_0000620_143362344_143769323_1$HG02809.verkko_filt_pat.fa:haplotype2_0001251_103421111_103827972_0	0.9735983094780065 1K
NA20538 HG02559#1#JAGYVK010000012.1_51505852_51913611_0$HG02622#1#JAHAOO010000002.1_16673678_17080663_0	0.9735920773981181 1K
NA20538 HG005#1#JAHEPO010000002.1_51519219_51926067_0$HG03710.verkko_filt_pat.fa:haplotype2_0000488_101614437_102218208_0	0.9735874321334428 1K
NA20538 HG01928#1#JAGYVQ010000053.1_16676493_17083407_0$HG02486#2#JAGYVL010000029.1_94163344_94570162_0	0.9735781822035211 1K
NA20538 HG03098#1#JAHEPM010000059.1_16676208_17105596_0$HG02486#1#JAGYVM010000007.1_28868414_29370339_1	0.9735723628821004 1K
NA20538 HG00438#1#JAHBCB010000015.1_33474867_33954171_0$HG01243#1#JAHEOY010000013.1_90081_424495_0	0.9735691488283715 1K
NA20538 HG01123#1#JAGYYZ010000015.1_51528240_51935090_0$HG02004.verkko_filt_mat.fa:haplotype1_0000022_97828542_98235483_0	0.9735676406911580 1K
NA20538 HG02717#1#JAHAOS010000015.1_16660311_17067250_0$chr1_chm13_103304997_103901127_0	0.9735648416088437 1K
NA20538 HG01071#1#JAHBCF010000053.1_26607100_27108065_1$HG03098#1#JAHEPM010000059.1_16676208_17105596_0	0.9735542993680333 1K
NA20538 AV_HG01106#haplotype2#0000932:16673968$17175925$AV_HG01361#haplotype2#0001322:101872897$102186552	0.9735531051165167 1K
NA20538 HG01928#1#JAGYVQ010000053.1_16676493_17083407_0$HG02717#2#JAHAOR010000006.1_19663827_20070693_1	0.9735442462713285 1K
NA20538 HG02818#2#JAHEOR010000010.1_31775319_32183091_1$NA19240#1#JAHEOM010000047.1_30103390_30511199_1	0.9735437605396270 1K
NA20538 HG02486#1#JAGYVM010000007.1_28868414_29370339_1$HG02809.verkko_filt_mat.fa:haplotype1_0000023_94161320_94589755_0	0.9735416060377633 1K
NA20538 AV_HG01106#haplotype1#0000048:16666181$17262214$HG02145#2#JAHKSF010000206.1_1005292_1413195_1	0.9735385775055639 1K
NA20538 AV_HG02257#haplotype2#0001152:102843493$103251377$chr1_chm13_103304997_103901127_0	0.9735369667919973 1K
NA20538 HG03098#2#JAHEPL010000003.1_93803759_94117426_0$HG02486#1#JAGYVM010000007.1_28868414_29370339_1	0.9735365008251478 1K
NA20538 HG02109#2#JAHEPF010000078.1_16678387_16991144_0$HG03710.verkko_filt_pat.fa:haplotype2_0000488_101614437_102218208_0	0.9735258914593654 1K
NA20538 HG03492#1#JAHEPI010000180.1_2103395_2543326_1$HG01099.verkko_filt_mat.fa:haplotype1_0000034_142513097_142920876_1	0.9735212418485674 1K
NA20538 HG01123#1#JAGYYZ010000015.1_51528240_51935090_0$HG02300.verkko_filt_pat.fa:haplotype2_0000620_143362344_143769323_1	0.9735194129397419 1K
NA20538 NA18906#1#JAHEOO010000054.1_2103477_2510435_1$HG03710.verkko_filt_pat.fa:haplotype2_0000488_101614437_102218208_0	0.9735153804353405 1K
NA20538 HG03492#2#JAHEPH010000288.1_2098270_2432686_1$HG01258#1#JAGYYV010000004.1_56955948_57456952_1	0.9735098218002498 1K
NA20538 AV_HG02257#haplotype2#0001152:102843493$103251377$HG01358#1#JAGYZB010000020.1_27445742_27855492_1	0.9735009280896849 1K
NA20538 HG02630#1#JAHAOQ010000102.1_16672145_17079089_0$HG03710.verkko_filt_pat.fa:haplotype2_0000488_101614437_102218208_0	0.9735003274192422 1K
NA20538 HG01258#1#JAGYYV010000004.1_56955948_57456952_1$HG01243#1#JAHEOY010000013.1_90081_424495_0	0.9734979363542092 1K
NA20538 HG005#2#JAHEPN010000023.1_51542210_51950070_0$HG00741#2#JAHALX010000013.1_51574319_51981226_0	0.9734964698137533 1K
NA20538 HG02723#1#JAHEOU010000204.1_2102082_2414876_1$HG03710.verkko_filt_pat.fa:haplotype2_0000488_101614437_102218208_0	0.9734915482656683 1K
NA20538 HG01258#1#JAGYYV010000004.1_56955948_57456952_1$HG04228.verkko_filt_mat.fa:haplotype1_0000023_103429213_103930285_0	0.9734868858073265 1K
NA20538 HG01928#1#JAGYVQ010000053.1_16676493_17083407_0$HG02886#1#JAHAOU010000178.1_62411_469262_0	0.9734776627860735 1K
NA20538 HG01978#2#JAGYVR010000007.1_51532241_51939176_0$HG02809.verkko_filt_pat.fa:haplotype2_0001251_103421111_103827972_0	0.9734752582838011 1K
NA20538 HG01109#1#JAHEPA010000099.1_2104245_2511104_1$HG01358#1#JAGYZB010000020.1_27445742_27855492_1	0.9734707935014221 1K
NA20538 NA19240#1#JAHEOM010000047.1_30103390_30511199_1$HG02818#1#JAHEOS010000101.1_89626_496613_0	0.9734702659307629 1K
NA20538 HG00741#2#JAHALX010000013.1_51574319_51981226_0$HG02071.verkko_filt_mat.fa:haplotype1_0000041_103610513_104018399_0	0.9734614708765309 1K
NA20538 HG00621#1#JAHBCD010000034.1_2122997_2624098_1$HG01071#1#JAHBCF010000053.1_26607100_27108065_1	0.9734563772635608 1K
NA20538 HG01123#1#JAGYYZ010000015.1_51528240_51935090_0$HG02109#1#JAHEPG010000026.1_16673035_17080816_0	0.9734542409189625 1K
NA20538 HG00621#2#JAHBCC010000031.1_16669999_17077865_0$HG02630#2#JAHAOP010000089.1_16669255_17076135_0	0.9734430021733655 1K
NA20538 HG02886#1#JAHAOU010000178.1_62411_469262_0$HG02300.verkko_filt_pat.fa:haplotype2_0000620_143362344_143769323_1	0.9734427945437008 1K
NA20538 AV_HG01106#haplotype2#0000932:16673968$17175925$HG002.verkko_filt_pat.fa:haplotype2_0000649_147937390_148315979_1	0.9734422856855977 1K
NA20538 HG03540#2#JAGYVX010000148.1_1368955_1877115_0$HG02109#2#JAHEPF010000078.1_16678387_16991144_0	0.9734417325432262 1K
NA20538 chr1_chm13_103304997_103901127_0$HG02818#1#JAHEOS010000101.1_89626_496613_0	0.9734392590752544 1K
NA20538 HG02109#1#JAHEPG010000026.1_16673035_17080816_0$HG01258#2#JAGYYU010000072.1_51562603_51970395_0	0.9734389012936712 1K
NA20538 HG02109#1#JAHEPG010000026.1_16673035_17080816_0$HG02717#2#JAHAOR010000006.1_19663827_20070693_1	0.9734350332735967 1K
NA20538 HG00438#2#JAHBCA010000012.1_51513023_51826723_0$HG02486#1#JAGYVM010000007.1_28868414_29370339_1	0.9734272547319704 1K
NA20538 HG02886#1#JAHAOU010000178.1_62411_469262_0$HG02004.verkko_filt_mat.fa:haplotype1_0000022_97828542_98235483_0	0.9734168006140561 1K
NA20538 HG02630#1#JAHAOQ010000102.1_16672145_17079089_0$HG01358#1#JAGYZB010000020.1_27445742_27855492_1	0.9734149572539846 1K
NA20538 HG03453#1#JAGYVW010000157.1_2105722_2585000_1$NA20129#2#JAHEPD010000155.1_90039_569275_0	0.9734143487034587 1K
NA20538 HG02559#2#JAGYVJ010000037.1_52167780_52574597_1$HG01258#2#JAGYYU010000072.1_51562603_51970395_0	0.9734112965716796 1K
NA20538 HG005#1#JAHEPO010000002.1_51519219_51926067_0$HG01978#2#JAGYVR010000007.1_51532241_51939176_0	0.9734052868105467 1K
NA20538 HG02886#1#JAHAOU010000178.1_62411_469262_0$HG02109#1#JAHEPG010000026.1_16673035_17080816_0	0.9733990233038166 1K
NA20538 HG005#1#JAHEPO010000002.1_51519219_51926067_0$HG02300.verkko_filt_pat.fa:haplotype2_0000620_143362344_143769323_1	0.9733980838555255 1K
NA20538 AV_HG01361#haplotype1#0000023:101593539$102001341$HG03492#1#JAHEPI010000180.1_2103395_2543326_1	0.9733926183839193 1K
NA20538 HG02630#2#JAHAOP010000089.1_16669255_17076135_0$HG03453#2#JAGYVV010000088.1_22597550_23005370_1	0.9733918079274284 1K
NA20538 HG02717#1#JAHAOS010000015.1_16660311_17067250_0$HG03710.verkko_filt_pat.fa:haplotype2_0000488_101614437_102218208_0	0.9733905930925209 1K
NA20538 HG02004.verkko_filt_mat.fa:haplotype1_0000022_97828542_98235483_0$HG02809.verkko_filt_pat.fa:haplotype2_0001251_103421111_103827972_0	0.9733869368987601 1K
NA20538 HG02080#2#JAHEOV010000017.1_16662177_17164189_0$HG02647.verkko_filt_mat.fa:haplotype1_0000002_103892584_104321036_0	0.9733807597352903 1K
NA20538 NA18906#1#JAHEOO010000054.1_2103477_2510435_1$HG01358#1#JAGYZB010000020.1_27445742_27855492_1	0.9733774572295738 1K
NA20538 HG02630#2#JAHAOP010000089.1_16669255_17076135_0$HG01358#1#JAGYZB010000020.1_27445742_27855492_1	0.9733671455090861 1K
NA20538 HG01928#1#JAGYVQ010000053.1_16676493_17083407_0$HG02809.verkko_filt_pat.fa:haplotype2_0001251_103421111_103827972_0	0.9733669023654252 1K
NA20538 AV_HG01106#haplotype1#0000048:16666181$17262214$HG02630#1#JAHAOQ010000102.1_16672145_17079089_0	0.9733647397272142 1K
NA20538 HG00741#2#JAHALX010000013.1_51574319_51981226_0$HG03710.verkko_filt_pat.fa:haplotype2_0000488_101614437_102218208_0	0.9733451601049190 1K
NA20538 AV_HG00673#haplotype1#0000019:16627360$17129375$HG02647.verkko_filt_mat.fa:haplotype1_0000002_103892584_104321036_0	0.9733267220313760 1K
NA20538 HG02647.verkko_filt_mat.fa:haplotype1_0000002_103892584_104321036_0$HG02293.verkko_filt_pat.fa:haplotype2_0000836_148310532_148812524_1	0.9733241359804675 1K
NA20538 HG02818#2#JAHEOR010000010.1_31775319_32183091_1$HG02622#1#JAHAOO010000002.1_16673678_17080663_0	0.9733013686448346 1K
NA20538 HG00621#2#JAHBCC010000031.1_16669999_17077865_0$HG00741#2#JAHALX010000013.1_51574319_51981226_0	0.9732989268798125 1K
NA20538 HG03492#2#JAHEPH010000288.1_2098270_2432686_1$HG01071#1#JAHBCF010000053.1_26607100_27108065_1	0.9732988411073062 1K
NA20538 HG01071#1#JAHBCF010000053.1_26607100_27108065_1$HG01243#1#JAHEOY010000013.1_90081_424495_0	0.9732939520028789 1K
NA20538 HG02630#2#JAHAOP010000089.1_16669255_17076135_0$HG02071.verkko_filt_mat.fa:haplotype1_0000041_103610513_104018399_0	0.9732916619305677 1K
NA20538 HG02717#1#JAHAOS010000015.1_16660311_17067250_0$HG01358#1#JAGYZB010000020.1_27445742_27855492_1	0.9732845784104164 1K
NA20538 HG02818#1#JAHEOS010000101.1_89626_496613_0$HG03710.verkko_filt_pat.fa:haplotype2_0000488_101614437_102218208_0	0.9732803555031615 1K
NA20538 HG03453#2#JAGYVV010000088.1_22597550_23005370_1$HG00741#2#JAHALX010000013.1_51574319_51981226_0	0.9732799881778307 1K
NA20538 NA18906#2#JAHEON010000009.1_93748295_94249275_0$HG02293.verkko_filt_mat.fa:haplotype1_0000039_30204405_30517145_1	0.9732778491562266 1K
NA20538 HG03540#2#JAGYVX010000148.1_1368955_1877115_0$HG00733#1#JAHEPQ010000019.1_46106835_46420495_0	0.9732765162282465 1K
NA20538 HG03486#1#JAHEOQ010000123.1_16677696_17085575_0$HG00741#2#JAHALX010000013.1_51574319_51981226_0	0.9732750447683446 1K
NA20538 HG01928#1#JAGYVQ010000053.1_16676493_17083407_0$HG01123#1#JAGYYZ010000015.1_51528240_51935090_0	0.9732575705402728 1K
NA20538 HG03453#1#JAGYVW010000157.1_2105722_2585000_1$HG02622#2#JAHAON010000012.1_51551779_52031001_0	0.9732552528250417 1K
NA20538 HG02630#2#JAHAOP010000089.1_16669255_17076135_0$HG005#2#JAHEPN010000023.1_51542210_51950070_0	0.9732546470963572 1K
NA20538 AV_HG01106#haplotype2#0000932:16673968$17175925$HG03098#2#JAHEPL010000003.1_93803759_94117426_0	0.9732524222274855 1K
NA20538 HG03486#1#JAHEOQ010000123.1_16677696_17085575_0$HG02630#2#JAHAOP010000089.1_16669255_17076135_0	0.9732502607442211 1K
NA20538 AV_HG01106#haplotype1#0000048:16666181$17262214$HG01109#1#JAHEPA010000099.1_2104245_2511104_1	0.9732397860128719 1K
NA20538 HG005#1#JAHEPO010000002.1_51519219_51926067_0$HG02109#1#JAHEPG010000026.1_16673035_17080816_0	0.9732370220514618 1K
NA20538 HG02080#2#JAHEOV010000017.1_16662177_17164189_0$HG03098#1#JAHEPM010000059.1_16676208_17105596_0	0.9732269119631257 1K
NA20538 HG02486#2#JAGYVL010000029.1_94163344_94570162_0$HG03710.verkko_filt_pat.fa:haplotype2_0000488_101614437_102218208_0	0.9732219650237784 1K
NA20538 HG02080#2#JAHEOV010000017.1_16662177_17164189_0$HG02055#2#JAHEPJ010000017.1_24870122_25298560_1	0.9732184189901847 1K
NA20538 HG01978#1#JAGYVS010000002.1_51519970_52021951_0$HG02886#2#JAHAOT010000031.1_87393_401061_0	0.9732148896230927 1K
NA20538 HG01109#2#JAHEOZ010000047.1_16671232_17151375_0$HG03710.verkko_filt_pat.fa:haplotype2_0000488_101614437_102218208_0	0.9732124966901341 1K
NA20538 AV_HG01106#haplotype1#0000048:16666181$17262214$NA18906#1#JAHEOO010000054.1_2103477_2510435_1	0.9732076779206060 1K
NA20538 HG02886#1#JAHAOU010000178.1_62411_469262_0$HG03710.verkko_filt_pat.fa:haplotype2_0000488_101614437_102218208_0	0.9732070438942236 1K
NA20538 HG005#1#JAHEPO010000002.1_51519219_51926067_0$HG02004.verkko_filt_mat.fa:haplotype1_0000022_97828542_98235483_0	0.9732051222774006 1K
NA20538 AV_HG01106#haplotype2#0000932:16673968$17175925$HG03710.verkko_filt_mat.fa:haplotype1_0000029_102593394_102907063_0	0.9732028642461318 1K
NA20538 HG01109#1#JAHEPA010000099.1_2104245_2511104_1$HG03710.verkko_filt_pat.fa:haplotype2_0000488_101614437_102218208_0	0.9731868227991066 1K
NA20538 AV_HG01106#haplotype1#0000048:16666181$17262214$AV_HG02257#haplotype2#0001152:102843493$103251377	0.9731543406467992 1K
NA20538 HG03098#1#JAHEPM010000059.1_16676208_17105596_0$HG02293.verkko_filt_pat.fa:haplotype2_0000836_148310532_148812524_1	0.9731488898951864 1K
NA20538 HG02622#1#JAHAOO010000002.1_16673678_17080663_0$chr1_chm13_103304997_103901127_0	0.9731368605194913 1K
NA20538 AV_HG00673#haplotype1#0000019:16627360$17129375$HG03098#1#JAHEPM010000059.1_16676208_17105596_0	0.9731338654348757 1K
NA20538 HG01258#1#JAGYYV010000004.1_56955948_57456952_1$HG02647.verkko_filt_mat.fa:haplotype1_0000002_103892584_104321036_0	0.9731300268369196 1K
NA20538 HG01071#1#JAHBCF010000053.1_26607100_27108065_1$HG04228.verkko_filt_mat.fa:haplotype1_0000023_103429213_103930285_0	0.9731161627117088 1K
NA20538 AV_HG02148#haplotype2#0002863:16304803$16712699$HG02630#2#JAHAOP010000089.1_16669255_17076135_0	0.9731069475165255 1K
NA20538 AV_HG00673#haplotype1#0000019:16627360$17129375$HG02055#2#JAHEPJ010000017.1_24870122_25298560_1	0.9731019790003103 1K
NA20538 HG02080#1#JAHEOW010000048.1_16689583_17097287_0$HG03492#1#JAHEPI010000180.1_2103395_2543326_1	0.9730991774534593 1K
NA20538 AV_HG01106#haplotype1#0000048:16666181$17262214$HG01109#2#JAHEOZ010000047.1_16671232_17151375_0	0.9730944835414436 1K
NA20538 AV_HG01106#haplotype1#0000048:16666181$17262214$HG02818#1#JAHEOS010000101.1_89626_496613_0	0.9730914079833134 1K
NA20538 HG01071#1#JAHBCF010000053.1_26607100_27108065_1$HG01258#1#JAGYYV010000004.1_56955948_57456952_1	0.9730854500836740 1K
NA20538 HG02055#2#JAHEPJ010000017.1_24870122_25298560_1$HG02293.verkko_filt_pat.fa:haplotype2_0000836_148310532_148812524_1	0.9730711518463034 1K
NA20538 AV_HG02148#haplotype2#0002863:16304803$16712699$HG00741#2#JAHALX010000013.1_51574319_51981226_0	0.9730593695562301 1K
NA20538 AV_HG01106#haplotype1#0000048:16666181$17262214$HG02717#1#JAHAOS010000015.1_16660311_17067250_0	0.9730583515973337 1K
NA20538 HG01109#2#JAHEOZ010000047.1_16671232_17151375_0$chr1_chm13_103304997_103901127_0	0.9730521789605987 1K
NA20538 NA18906#2#JAHEON010000009.1_93748295_94249275_0$HG02647.verkko_filt_mat.fa:haplotype1_0000002_103892584_104321036_0	0.9730513811435622 1K
NA20538 HG01358#1#JAGYZB010000020.1_27445742_27855492_1$HG02818#1#JAHEOS010000101.1_89626_496613_0	0.9730437895041519 1K
NA20538 HG02630#2#JAHAOP010000089.1_16669255_17076135_0$HG02109#1#JAHEPG010000026.1_16673035_17080816_0	0.9730121660911291 1K
NA20538 HG01978#2#JAGYVR010000007.1_51532241_51939176_0$HG00741#2#JAHALX010000013.1_51574319_51981226_0	0.9730109192121303 1K
NA20538 AV_HG01106#haplotype2#0000932:16673968$17175925$HG02109#2#JAHEPF010000078.1_16678387_16991144_0	0.9730074967187695 1K
NA20538 HG00438#2#JAHBCA010000012.1_51513023_51826723_0$HG03540#2#JAGYVX010000148.1_1368955_1877115_0	0.9730004292520334 1K
NA20538 HG01978#1#JAGYVS010000002.1_51519970_52021951_0$HG002.verkko_filt_pat.fa:haplotype2_0000649_147937390_148315979_1	0.9729896725538805 1K
NA20538 HG02080#2#JAHEOV010000017.1_16662177_17164189_0$HG02809.verkko_filt_mat.fa:haplotype1_0000023_94161320_94589755_0	0.9729850864319324 1K
NA20538 HG02622#1#JAHAOO010000002.1_16673678_17080663_0$NA19240#1#JAHEOM010000047.1_30103390_30511199_1	0.9729841769652110 1K
NA20538 HG02622#1#JAHAOO010000002.1_16673678_17080663_0$HG03710.verkko_filt_pat.fa:haplotype2_0000488_101614437_102218208_0	0.9729825776089733 1K
NA20538 HG00438#1#JAHBCB010000015.1_33474867_33954171_0$chr1_chm13_103304997_103901127_0	0.9729783747445191 1K
NA20538 HG01071#1#JAHBCF010000053.1_26607100_27108065_1$HG02647.verkko_filt_mat.fa:haplotype1_0000002_103892584_104321036_0	0.9729721092809911 1K
NA20538 AV_HG01106#haplotype2#0000932:16673968$17175925$HG02647.verkko_filt_pat.fa:haplotype2_0000857_103738150_104051769_0	0.9729677656324576 1K
NA20538 HG01123#2#JAGYYY010000006.1_51579630_51892388_0$HG03540#2#JAGYVX010000148.1_1368955_1877115_0	0.9729663804314983 1K
NA20538 AV_HG01361#haplotype2#0001322:101872897$102186552$HG01978#1#JAGYVS010000002.1_51519970_52021951_0	0.9729646912509771 1K
NA20538 HG00438#1#JAHBCB010000015.1_33474867_33954171_0$HG03710.verkko_filt_pat.fa:haplotype2_0000488_101614437_102218208_0	0.9729464853788826 1K
NA20538 HG03492#1#JAHEPI010000180.1_2103395_2543326_1$chr1_chm13_103304997_103901127_0	0.9729458873790151 1K
NA20538 HG01258#1#JAGYYV010000004.1_56955948_57456952_1$HG02055#2#JAHEPJ010000017.1_24870122_25298560_1	0.9729448492231065 1K
NA20538 HG02559#2#JAGYVJ010000037.1_52167780_52574597_1$HG02809.verkko_filt_pat.fa:haplotype2_0001251_103421111_103827972_0	0.9729391173112141 1K
NA20538 HG02559#2#JAGYVJ010000037.1_52167780_52574597_1$HG02886#1#JAHAOU010000178.1_62411_469262_0	0.9729357393752402 1K
NA20538 HG02080#2#JAHEOV010000017.1_16662177_17164189_0$HG02886#2#JAHAOT010000031.1_87393_401061_0	0.9729251296327022 1K
NA20538 AV_HG00673#haplotype1#0000019:16627360$17129375$HG02886#2#JAHAOT010000031.1_87393_401061_0	0.9729228408745310 1K
NA20538 AV_HG01106#haplotype2#0000932:16673968$17175925$HG03579#2#JAGYVT010000094.1_51581892_51895531_0	0.9729209638068431 1K
NA20538 AV_HG01106#haplotype1#0000048:16666181$17262214$HG00438#1#JAHBCB010000015.1_33474867_33954171_0	0.9729193583833620 1K
NA20538 HG02559#2#JAGYVJ010000037.1_52167780_52574597_1$HG02486#2#JAGYVL010000029.1_94163344_94570162_0	0.9729148622352526 1K
NA20538 HG02630#2#JAHAOP010000089.1_16669255_17076135_0$HG03710.verkko_filt_pat.fa:haplotype2_0000488_101614437_102218208_0	0.9729069039820292 1K
NA20538 HG02723#1#JAHEOU010000204.1_2102082_2414876_1$HG03540#2#JAGYVX010000148.1_1368955_1877115_0	0.9728959313300768 1K
NA20538 HG01928#1#JAGYVQ010000053.1_16676493_17083407_0$HG005#1#JAHEPO010000002.1_51519219_51926067_0	0.9728953748153065 1K
NA20538 HG02809.verkko_filt_mat.fa:haplotype1_0000023_94161320_94589755_0$HG02293.verkko_filt_pat.fa:haplotype2_0000836_148310532_148812524_1	0.9728897604816978 1K
NA20538 AV_HG00673#haplotype1#0000019:16627360$17129375$HG02809.verkko_filt_mat.fa:haplotype1_0000023_94161320_94589755_0	0.9728747921323386 1K
NA20538 AV_HG01106#haplotype2#0000932:16673968$17175925$HG01978#1#JAGYVS010000002.1_51519970_52021951_0	0.9728740586639654 1K
NA20538 HG02486#1#JAGYVM010000007.1_28868414_29370339_1$HG002.verkko_filt_pat.fa:haplotype2_0000649_147937390_148315979_1	0.9728639849873340 1K
NA20538 HG02886#2#JAHAOT010000031.1_87393_401061_0$HG02293.verkko_filt_pat.fa:haplotype2_0000836_148310532_148812524_1	0.9728468622662159 1K
NA20538 AV_HG01106#haplotype1#0000048:16666181$17262214$HG02622#1#JAHAOO010000002.1_16673678_17080663_0	0.9728386494184756 1K
NA20538 NA20129#2#JAHEPD010000155.1_90039_569275_0$HG02622#2#JAHAON010000012.1_51551779_52031001_0	0.9728354641164108 1K
NA20538 HG02647.verkko_filt_mat.fa:haplotype1_0000002_103892584_104321036_0$HG02071.verkko_filt_pat.fa:haplotype2_0000736_102745972_103248026_0	0.9728352799338508 1K
NA20538 AV_HG01106#haplotype2#0000932:16673968$17175925$HG01891#1#JAGYVO010000014.1_22855818_23168577_1	0.9728108727954460 1K
NA20538 HG02622#1#JAHAOO010000002.1_16673678_17080663_0$HG01358#1#JAGYZB010000020.1_27445742_27855492_1	0.9727826387237237 1K
NA20538 HG00741#2#JAHALX010000013.1_51574319_51981226_0$HG02004.verkko_filt_mat.fa:haplotype1_0000022_97828542_98235483_0	0.9727795399344051 1K
NA20538 HG01258#2#JAGYYU010000072.1_51562603_51970395_0$HG02486#2#JAGYVL010000029.1_94163344_94570162_0	0.9727666252646564 1K
NA20538 HG01258#1#JAGYYV010000004.1_56955948_57456952_1$HG02809.verkko_filt_mat.fa:haplotype1_0000023_94161320_94589755_0	0.9727628362766521 1K
NA20538 AV_HG01106#haplotype1#0000048:16666181$17262214$HG03492#1#JAHEPI010000180.1_2103395_2543326_1	0.9727417876120509 1K
NA20538 HG01109#1#JAHEPA010000099.1_2104245_2511104_1$HG02109#1#JAHEPG010000026.1_16673035_17080816_0	0.9727358676093872 1K
NA20538 HG02630#2#JAHAOP010000089.1_16669255_17076135_0$HG02300.verkko_filt_pat.fa:haplotype2_0000620_143362344_143769323_1	0.9727287181658254 1K
NA20538 HG01258#2#JAGYYU010000072.1_51562603_51970395_0$HG02809.verkko_filt_pat.fa:haplotype2_0001251_103421111_103827972_0	0.9727194518387167 1K
NA20538 HG02109#1#JAHEPG010000026.1_16673035_17080816_0$HG00741#2#JAHALX010000013.1_51574319_51981226_0	0.9727158756190682 1K
NA20538 HG00621#1#JAHBCD010000034.1_2122997_2624098_1$HG03098#1#JAHEPM010000059.1_16676208_17105596_0	0.9727123509845954 1K
NA20538 HG02630#2#JAHAOP010000089.1_16669255_17076135_0$HG01978#2#JAGYVR010000007.1_51532241_51939176_0	0.9727048349414840 1K
NA20538 HG00741#1#JAHALY010000007.1_18781197_19307680_1$HG03540#2#JAGYVX010000148.1_1368955_1877115_0	0.9727016526226204 1K
NA20538 HG02055#2#JAHEPJ010000017.1_24870122_25298560_1$NA18906#2#JAHEON010000009.1_93748295_94249275_0	0.9726857578415046 1K
NA20538 HG00621#1#JAHBCD010000034.1_2122997_2624098_1$HG02647.verkko_filt_mat.fa:haplotype1_0000002_103892584_104321036_0	0.9726824919602257 1K
NA20538 HG01258#1#JAGYYV010000004.1_56955948_57456952_1$HG00733#1#JAHEPQ010000019.1_46106835_46420495_0	0.9726813320091052 1K
NA20538 HG00741#2#JAHALX010000013.1_51574319_51981226_0$HG02300.verkko_filt_pat.fa:haplotype2_0000620_143362344_143769323_1	0.9726650430315970 1K
NA20538 HG02622#2#JAHAON010000012.1_51551779_52031001_0$chr1_chm13_103304997_103901127_0	0.9726529225821222 1K
NA20538 HG02886#1#JAHAOU010000178.1_62411_469262_0$HG01258#2#JAGYYU010000072.1_51562603_51970395_0	0.9726508591927344 1K
NA20538 HG01928#1#JAGYVQ010000053.1_16676493_17083407_0$HG00741#2#JAHALX010000013.1_51574319_51981226_0	0.9726468970573651 1K
NA20538 HG01071#1#JAHBCF010000053.1_26607100_27108065_1$HG02055#2#JAHEPJ010000017.1_24870122_25298560_1	0.9726452774916957 1K
NA20538 HG04228.verkko_filt_mat.fa:haplotype1_0000023_103429213_103930285_0$HG02647.verkko_filt_mat.fa:haplotype1_0000002_103892584_104321036_0	0.9726340064088674 1K
NA20538 HG01109#1#JAHEPA010000099.1_2104245_2511104_1$HG002.verkko_filt_mat.fa:haplotype1_0000005_138228497_138636354_1	0.9726278959472165 1K
NA20538 HG01928#1#JAGYVQ010000053.1_16676493_17083407_0$HG02630#2#JAHAOP010000089.1_16669255_17076135_0	0.9726142516726407 1K
NA20538 AV_HG00673#haplotype1#0000019:16627360$17129375$AV_HG01106#haplotype2#0000932:16673968$17175925	0.9726126695133772 1K
NA20538 HG03098#2#JAHEPL010000003.1_93803759_94117426_0$HG01978#1#JAGYVS010000002.1_51519970_52021951_0	0.9726076277266330 1K
NA20538 AV_HG01106#haplotype2#0000932:16673968$17175925$HG02080#2#JAHEOV010000017.1_16662177_17164189_0	0.9726072875154156 1K
NA20538 HG03492#2#JAHEPH010000288.1_2098270_2432686_1$HG03710.verkko_filt_pat.fa:haplotype2_0000488_101614437_102218208_0	0.9725916385308740 1K
NA20538 HG02630#1#JAHAOQ010000102.1_16672145_17079089_0$HG02109#1#JAHEPG010000026.1_16673035_17080816_0	0.9725916167978100 1K
NA20538 HG03098#1#JAHEPM010000059.1_16676208_17105596_0$HG04228.verkko_filt_mat.fa:haplotype1_0000023_103429213_103930285_0	0.9725910127780876 1K
NA20538 HG02559#2#JAGYVJ010000037.1_52167780_52574597_1$HG01123#1#JAGYYZ010000015.1_51528240_51935090_0	0.9725829752588465 1K
NA20538 AV_HG00673#haplotype2#0001165:24014011$24421797$HG03492#1#JAHEPI010000180.1_2103395_2543326_1	0.9725817817490880 1K
NA20538 NA18906#2#JAHEON010000009.1_93748295_94249275_0$HG02809.verkko_filt_mat.fa:haplotype1_0000023_94161320_94589755_0	0.9725791158065440 1K
NA20538 HG01978#1#JAGYVS010000002.1_51519970_52021951_0$HG03710.verkko_filt_mat.fa:haplotype1_0000029_102593394_102907063_0	0.9725661503665447 1K
NA20538 HG03098#1#JAHEPM010000059.1_16676208_17105596_0$HG02071.verkko_filt_pat.fa:haplotype2_0000736_102745972_103248026_0	0.9725654030705351 1K
NA20538 HG02109#1#JAHEPG010000026.1_16673035_17080816_0$NA18906#1#JAHEOO010000054.1_2103477_2510435_1	0.9725643563006967 1K
NA20538 HG02559#2#JAGYVJ010000037.1_52167780_52574597_1$HG02717#2#JAHAOR010000006.1_19663827_20070693_1	0.9725641763823708 1K
NA20538 NA20129#2#JAHEPD010000155.1_90039_569275_0$chr1_chm13_103304997_103901127_0	0.9725526044188322 1K
NA20538 HG02145#2#JAHKSF010000206.1_1005292_1413195_1$HG02109#1#JAHEPG010000026.1_16673035_17080816_0	0.9725433562844692 1K
NA20538 HG02055#2#JAHEPJ010000017.1_24870122_25298560_1$HG02071.verkko_filt_pat.fa:haplotype2_0000736_102745972_103248026_0	0.9725376188208004 1K
NA20538 AV_HG02257#haplotype2#0001152:102843493$103251377$HG02109#1#JAHEPG010000026.1_16673035_17080816_0	0.9725332880894787 1K
NA20538 HG02080#2#JAHEOV010000017.1_16662177_17164189_0$HG002.verkko_filt_pat.fa:haplotype2_0000649_147937390_148315979_1	0.9725316040950406 1K
NA20538 HG01243#1#JAHEOY010000013.1_90081_424495_0$HG03710.verkko_filt_pat.fa:haplotype2_0000488_101614437_102218208_0	0.9725287522261921 1K
NA20538 AV_HG01106#haplotype2#0000932:16673968$17175925$HG02293.verkko_filt_pat.fa:haplotype2_0000836_148310532_148812524_1	0.9725124062820032 1K
NA20538 HG02717#1#JAHAOS010000015.1_16660311_17067250_0$HG02109#1#JAHEPG010000026.1_16673035_17080816_0	0.9725087540367804 1K
NA20538 HG02145#2#JAHKSF010000206.1_1005292_1413195_1$chr1_hg38_103456064_103863972_0	0.9724994599100079 1K
NA20538 HG02145#2#JAHKSF010000206.1_1005292_1413195_1$chr1_hg19_103998686_104406594_0	0.9724994599100079 1K
NA20538 AV_HG00673#haplotype1#0000019:16627360$17129375$HG002.verkko_filt_pat.fa:haplotype2_0000649_147937390_148315979_1	0.9724980400184907 1K
NA20538 HG01109#1#JAHEPA010000099.1_2104245_2511104_1$chr1_hg38_103456064_103863972_0	0.9724975344163037 1K
NA20538 HG01109#1#JAHEPA010000099.1_2104245_2511104_1$chr1_hg19_103998686_104406594_0	0.9724975344163037 1K
NA20538 HG03453#1#JAGYVW010000157.1_2105722_2585000_1$HG03486#2#JAHEOP010000248.1_2105565_2584784_1	0.9724941612993604 1K
NA20538 HG02630#2#JAHAOP010000089.1_16669255_17076135_0$HG02004.verkko_filt_mat.fa:haplotype1_0000022_97828542_98235483_0	0.9724900947384123 1K
NA20538 HG00621#1#JAHBCD010000034.1_2122997_2624098_1$HG02886#2#JAHAOT010000031.1_87393_401061_0	0.9724734974569129 1K
NA20538 HG02559#2#JAGYVJ010000037.1_52167780_52574597_1$HG02630#2#JAHAOP010000089.1_16669255_17076135_0	0.9724634033754892 1K
NA20538 HG02630#1#JAHAOQ010000102.1_16672145_17079089_0$chr1_hg38_103456064_103863972_0	0.9724434204235350 1K
NA20538 HG02630#1#JAHAOQ010000102.1_16672145_17079089_0$chr1_hg19_103998686_104406594_0	0.9724434204235350 1K
NA20538 HG02486#2#JAGYVL010000029.1_94163344_94570162_0$HG02809.verkko_filt_pat.fa:haplotype2_0001251_103421111_103827972_0	0.9724394871474950 1K
NA20538 HG02630#1#JAHAOQ010000102.1_16672145_17079089_0$HG002.verkko_filt_mat.fa:haplotype1_0000005_138228497_138636354_1	0.9724048713979527 1K
NA20538 HG00621#1#JAHBCD010000034.1_2122997_2624098_1$HG02055#2#JAHEPJ010000017.1_24870122_25298560_1	0.9723725646106487 1K
NA20538 HG01071#1#JAHBCF010000053.1_26607100_27108065_1$HG02809.verkko_filt_mat.fa:haplotype1_0000023_94161320_94589755_0	0.9723674620126027 1K
NA20538 AV_HG01175#haplotype1#0000070:46006269$46414083$HG01109#1#JAHEPA010000099.1_2104245_2511104_1	0.9723647273218559 1K
NA20538 HG02145#2#JAHKSF010000206.1_1005292_1413195_1$HG002.verkko_filt_mat.fa:haplotype1_0000005_138228497_138636354_1	0.9723560341929853 1K
NA20538 HG01978#1#JAGYVS010000002.1_51519970_52021951_0$HG02109#2#JAHEPF010000078.1_16678387_16991144_0	0.9723450448119824 1K
NA20538 HG00438#2#JAHBCA010000012.1_51513023_51826723_0$HG01258#1#JAGYYV010000004.1_56955948_57456952_1	0.9723323591426196 1K
NA20538 HG02886#1#JAHAOU010000178.1_62411_469262_0$HG02809.verkko_filt_pat.fa:haplotype2_0001251_103421111_103827972_0	0.9723233147983489 1K
NA20538 HG03492#1#JAHEPI010000180.1_2103395_2543326_1$NA19240#2#JAHEOL010000010.1_37445323_37853017_0	0.9723169969836523 1K
NA20538 HG02559#2#JAGYVJ010000037.1_52167780_52574597_1$HG02145#2#JAHKSF010000206.1_1005292_1413195_1	0.9723141986567529 1K
NA20538 AV_HG01361#haplotype2#0001322:101872897$102186552$HG02080#2#JAHEOV010000017.1_16662177_17164189_0	0.9723088760194357 1K
NA20538 AV_HG01175#haplotype1#0000070:46006269$46414083$HG02145#2#JAHKSF010000206.1_1005292_1413195_1	0.9723008711974005 1K
NA20538 HG005#1#JAHEPO010000002.1_51519219_51926067_0$HG02559#2#JAGYVJ010000037.1_52167780_52574597_1	0.9722943388861752 1K
NA20538 HG02293.verkko_filt_pat.fa:haplotype2_0000836_148310532_148812524_1$HG002.verkko_filt_pat.fa:haplotype2_0000649_147937390_148315979_1	0.9722900258797126 1K
NA20538 HG02809.verkko_filt_mat.fa:haplotype1_0000023_94161320_94589755_0$HG02071.verkko_filt_pat.fa:haplotype2_0000736_102745972_103248026_0	0.9722831164525558 1K
NA20538 HG01978#1#JAGYVS010000002.1_51519970_52021951_0$HG02647.verkko_filt_pat.fa:haplotype2_0000857_103738150_104051769_0	0.9722811361904417 1K
NA20538 HG02486#1#JAGYVM010000007.1_28868414_29370339_1$HG04228.verkko_filt_pat.fa:haplotype2_0000600_103806749_104119491_0	0.9722753348812412 1K
NA20538 HG02109#1#JAHEPG010000026.1_16673035_17080816_0$HG02818#1#JAHEOS010000101.1_89626_496613_0	0.9722705855259740 1K
NA20538 HG01258#1#JAGYYV010000004.1_56955948_57456952_1$HG02293.verkko_filt_mat.fa:haplotype1_0000039_30204405_30517145_1	0.9722690635126947 1K
NA20538 HG01123#1#JAGYYZ010000015.1_51528240_51935090_0$HG02809.verkko_filt_pat.fa:haplotype2_0001251_103421111_103827972_0	0.9722682962676497 1K
NA20538 AV_HG00673#haplotype1#0000019:16627360$17129375$AV_HG01361#haplotype2#0001322:101872897$102186552	0.9722594497780235 1K
NA20538 HG00621#2#JAHBCC010000031.1_16669999_17077865_0$HG01109#1#JAHEPA010000099.1_2104245_2511104_1	0.9722507786554826 1K
NA20538 AV_HG01106#haplotype1#0000048:16666181$17262214$chr1_hg38_103456064_103863972_0	0.9722445146981966 1K
NA20538 AV_HG01106#haplotype1#0000048:16666181$17262214$chr1_hg19_103998686_104406594_0	0.9722445146981966 1K
NA20538 HG02886#2#JAHAOT010000031.1_87393_401061_0$HG02071.verkko_filt_pat.fa:haplotype2_0000736_102745972_103248026_0	0.9722440331838076 1K
NA20538 HG01071#1#JAHBCF010000053.1_26607100_27108065_1$HG00733#1#JAHEPQ010000019.1_46106835_46420495_0	0.9722365367799803 1K
NA20538 HG02055#2#JAHEPJ010000017.1_24870122_25298560_1$HG04228.verkko_filt_mat.fa:haplotype1_0000023_103429213_103930285_0	0.9722167156345051 1K
NA20538 HG01109#1#JAHEPA010000099.1_2104245_2511104_1$HG03486#1#JAHEOQ010000123.1_16677696_17085575_0	0.9722113209856353 1K
NA20538 HG02486#2#JAGYVL010000029.1_94163344_94570162_0$HG02717#2#JAHAOR010000006.1_19663827_20070693_1	0.9722078440355102 1K
NA20538 AV_HG01175#haplotype1#0000070:46006269$46414083$HG02630#1#JAHAOQ010000102.1_16672145_17079089_0	0.9722037591508208 1K
NA20538 HG03579#2#JAGYVT010000094.1_51581892_51895531_0$HG01978#1#JAGYVS010000002.1_51519970_52021951_0	0.9722021868034647 1K
NA20538 AV_HG01361#haplotype2#0001322:101872897$102186552$HG02293.verkko_filt_pat.fa:haplotype2_0000836_148310532_148812524_1	0.9722003676918213 1K
NA20538 chr1_hg38_103456064_103863972_0$NA18906#1#JAHEOO010000054.1_2103477_2510435_1	0.9721977222216900 1K
NA20538 chr1_hg19_103998686_104406594_0$NA18906#1#JAHEOO010000054.1_2103477_2510435_1	0.9721977222216900 1K
NA20538 HG02109#1#JAHEPG010000026.1_16673035_17080816_0$HG02809.verkko_filt_pat.fa:haplotype2_0001251_103421111_103827972_0	0.9721946775525344 1K
NA20538 HG00621#2#JAHBCC010000031.1_16669999_17077865_0$HG02630#1#JAHAOQ010000102.1_16672145_17079089_0	0.9721940998378413 1K
NA20538 AV_HG01106#haplotype2#0000932:16673968$17175925$HG02071.verkko_filt_pat.fa:haplotype2_0000736_102745972_103248026_0	0.9721900172065521 1K
NA20538 HG02486#1#JAGYVM010000007.1_28868414_29370339_1$HG02647.verkko_filt_pat.fa:haplotype2_0000857_103738150_104051769_0	0.9721884456151041 1K
NA20538 HG00621#1#JAHBCD010000034.1_2122997_2624098_1$HG02809.verkko_filt_mat.fa:haplotype1_0000023_94161320_94589755_0	0.9721855941258740 1K
NA20538 HG02145#2#JAHKSF010000206.1_1005292_1413195_1$HG005#2#JAHEPN010000023.1_51542210_51950070_0	0.9721826245594581 1K
NA20538 AV_HG01106#haplotype1#0000048:16666181$17262214$HG02622#2#JAHAON010000012.1_51551779_52031001_0	0.9721810325269487 1K
NA20538 HG02145#2#JAHKSF010000206.1_1005292_1413195_1$HG03453#2#JAGYVV010000088.1_22597550_23005370_1	0.9721668283587960 1K
NA20538 HG01109#1#JAHEPA010000099.1_2104245_2511104_1$HG02071.verkko_filt_mat.fa:haplotype1_0000041_103610513_104018399_0	0.9721634390749667 1K
NA20538 NA18906#1#JAHEOO010000054.1_2103477_2510435_1$HG002.verkko_filt_mat.fa:haplotype1_0000005_138228497_138636354_1	0.9721510820555674 1K
NA20538 chr1_hg38_103456064_103863972_0$chr1_chm13_103304997_103901127_0	0.9721474346733260 1K
NA20538 chr1_hg19_103998686_104406594_0$chr1_chm13_103304997_103901127_0	0.9721474346733260 1K
NA20538 AV_HG01106#haplotype2#0000932:16673968$17175925$HG00621#1#JAHBCD010000034.1_2122997_2624098_1	0.9721359438373216 1K
NA20538 HG02630#2#JAHAOP010000089.1_16669255_17076135_0$HG01258#2#JAGYYU010000072.1_51562603_51970395_0	0.9721357318115649 1K
NA20538 HG01123#2#JAGYYY010000006.1_51579630_51892388_0$HG02486#1#JAGYVM010000007.1_28868414_29370339_1	0.9721342198317090 1K
NA20538 HG03579#2#JAGYVT010000094.1_51581892_51895531_0$HG02486#1#JAGYVM010000007.1_28868414_29370339_1	0.9721341082261867 1K
NA20538 HG005#1#JAHEPO010000002.1_51519219_51926067_0$HG02486#2#JAGYVL010000029.1_94163344_94570162_0	0.9721303720503487 1K
NA20538 HG02630#1#JAHAOQ010000102.1_16672145_17079089_0$HG03453#2#JAGYVV010000088.1_22597550_23005370_1	0.9721251573175601 1K
NA20538 chr1_hg38_103456064_103863972_0$HG02818#1#JAHEOS010000101.1_89626_496613_0	0.9721215578603308 1K
NA20538 chr1_hg19_103998686_104406594_0$HG02818#1#JAHEOS010000101.1_89626_496613_0	0.9721215578603308 1K
NA20538 HG01978#1#JAGYVS010000002.1_51519970_52021951_0$HG01891#1#JAGYVO010000014.1_22855818_23168577_1	0.9721161038146513 1K
NA20538 HG03486#1#JAHEOQ010000123.1_16677696_17085575_0$HG02630#1#JAHAOQ010000102.1_16672145_17079089_0	0.9721131389638267 1K
NA20538 HG02717#1#JAHAOS010000015.1_16660311_17067250_0$HG002.verkko_filt_mat.fa:haplotype1_0000005_138228497_138636354_1	0.9721116375568734 1K
NA20538 HG005#1#JAHEPO010000002.1_51519219_51926067_0$HG02886#1#JAHAOU010000178.1_62411_469262_0	0.9721111515849548 1K
NA20538 HG02630#1#JAHAOQ010000102.1_16672145_17079089_0$HG005#2#JAHEPN010000023.1_51542210_51950070_0	0.9721091144334263 1K
NA20538 HG03486#2#JAHEOP010000248.1_2105565_2584784_1$chr1_chm13_103304997_103901127_0	0.9721078859247084 1K
NA20538 HG02886#1#JAHAOU010000178.1_62411_469262_0$HG02717#2#JAHAOR010000006.1_19663827_20070693_1	0.9721002445909631 1K
NA20538 HG01109#1#JAHEPA010000099.1_2104245_2511104_1$HG005#2#JAHEPN010000023.1_51542210_51950070_0	0.9720958160811887 1K
NA20538 HG00621#2#JAHBCC010000031.1_16669999_17077865_0$HG02145#2#JAHKSF010000206.1_1005292_1413195_1	0.9720896005323949 1K
NA20538 AV_HG01106#haplotype1#0000048:16666181$17262214$HG002.verkko_filt_mat.fa:haplotype1_0000005_138228497_138636354_1	0.9720883294946204 1K
NA20538 HG02886#2#JAHAOT010000031.1_87393_401061_0$HG04228.verkko_filt_mat.fa:haplotype1_0000023_103429213_103930285_0	0.9720831787485499 1K
NA20538 HG01071#1#JAHBCF010000053.1_26607100_27108065_1$HG00438#2#JAHBCA010000012.1_51513023_51826723_0	0.9720824823824618 1K
NA20538 AV_HG01106#haplotype1#0000048:16666181$17262214$NA20129#2#JAHEPD010000155.1_90039_569275_0	0.9720806827713594 1K
NA20538 AV_HG01106#haplotype2#0000932:16673968$17175925$HG04228.verkko_filt_mat.fa:haplotype1_0000023_103429213_103930285_0	0.9720774236088930 1K
NA20538 HG02717#2#JAHAOR010000006.1_19663827_20070693_1$HG02809.verkko_filt_pat.fa:haplotype2_0001251_103421111_103827972_0	0.9720729046535482 1K
NA20538 HG02145#2#JAHKSF010000206.1_1005292_1413195_1$HG01978#2#JAGYVR010000007.1_51532241_51939176_0	0.9720672621726770 1K
NA20538 AV_HG01106#haplotype1#0000048:16666181$17262214$HG03453#2#JAGYVV010000088.1_22597550_23005370_1	0.9720640659484696 1K
NA20538 AV_HG01106#haplotype1#0000048:16666181$17262214$AV_HG01175#haplotype1#0000070:46006269$46414083	0.9720574950958134 1K
NA20538 HG01123#1#JAGYYZ010000015.1_51528240_51935090_0$HG02486#2#JAGYVL010000029.1_94163344_94570162_0	0.9720500055489770 1K
NA20538 HG03098#2#JAHEPL010000003.1_93803759_94117426_0$HG02080#2#JAHEOV010000017.1_16662177_17164189_0	0.9720481114385956 1K
NA20538 HG02717#1#JAHAOS010000015.1_16660311_17067250_0$chr1_hg38_103456064_103863972_0	0.9720450361640844 1K
NA20538 HG02717#1#JAHAOS010000015.1_16660311_17067250_0$chr1_hg19_103998686_104406594_0	0.9720450361640844 1K
NA20538 AV_HG02257#haplotype2#0001152:102843493$103251377$HG002.verkko_filt_mat.fa:haplotype1_0000005_138228497_138636354_1	0.9720312909334750 1K
NA20538 HG01123#1#JAGYYZ010000015.1_51528240_51935090_0$HG02886#1#JAHAOU010000178.1_62411_469262_0	0.9720307908778045 1K
NA20538 AV_HG00673#haplotype1#0000019:16627360$17129375$HG03098#2#JAHEPL010000003.1_93803759_94117426_0	0.9720226547165842 1K
NA20538 HG03486#1#JAHEOQ010000123.1_16677696_17085575_0$HG02145#2#JAHKSF010000206.1_1005292_1413195_1	0.9720172133617677 1K
NA20538 chr1_chm13_103304997_103901127_0$HG002.verkko_filt_mat.fa:haplotype1_0000005_138228497_138636354_1	0.9720108077734239 1K
NA20538 AV_HG00673#haplotype1#0000019:16627360$17129375$HG01978#1#JAGYVS010000002.1_51519970_52021951_0	0.9720101337944566 1K
NA20538 HG03486#2#JAHEOP010000248.1_2105565_2584784_1$HG01243#1#JAHEOY010000013.1_90081_424495_0	0.9720096956389107 1K
NA20538 AV_HG01106#haplotype1#0000048:16666181$17262214$HG02071.verkko_filt_mat.fa:haplotype1_0000041_103610513_104018399_0	0.9720079079130849 1K
NA20538 AV_HG02257#haplotype2#0001152:102843493$103251377$HG02559#2#JAGYVJ010000037.1_52167780_52574597_1	0.9720059687535471 1K
NA20538 AV_HG02257#haplotype2#0001152:102843493$103251377$chr1_hg38_103456064_103863972_0	0.9720052113805424 1K
NA20538 AV_HG02257#haplotype2#0001152:102843493$103251377$chr1_hg19_103998686_104406594_0	0.9720052113805424 1K
NA20538 HG02071.verkko_filt_pat.fa:haplotype2_0000736_102745972_103248026_0$HG002.verkko_filt_pat.fa:haplotype2_0000649_147937390_148315979_1	0.9720019819406266 1K
NA20538 HG03492#2#JAHEPH010000288.1_2098270_2432686_1$HG03486#2#JAHEOP010000248.1_2105565_2584784_1	0.9720011286065938 1K
NA20538 HG02559#2#JAGYVJ010000037.1_52167780_52574597_1$HG00741#2#JAHALX010000013.1_51574319_51981226_0	0.9719993640034167 1K
NA20538 HG03098#2#JAHEPL010000003.1_93803759_94117426_0$HG02293.verkko_filt_pat.fa:haplotype2_0000836_148310532_148812524_1	0.9719954833062618 1K
NA20538 AV_HG01175#haplotype1#0000070:46006269$46414083$NA18906#1#JAHEOO010000054.1_2103477_2510435_1	0.9719904456447090 1K
NA20538 HG02630#1#JAHAOQ010000102.1_16672145_17079089_0$HG01258#2#JAGYYU010000072.1_51562603_51970395_0	0.9719871406766964 1K
NA20538 HG02818#1#JAHEOS010000101.1_89626_496613_0$HG002.verkko_filt_mat.fa:haplotype1_0000005_138228497_138636354_1	0.9719862753948942 1K
NA20538 HG00621#2#JAHBCC010000031.1_16669999_17077865_0$NA18906#1#JAHEOO010000054.1_2103477_2510435_1	0.9719807843676693 1K
NA20538 AV_HG01175#haplotype1#0000070:46006269$46414083$chr1_chm13_103304997_103901127_0	0.9719802013682219 1K
NA20538 HG005#1#JAHEPO010000002.1_51519219_51926067_0$HG02809.verkko_filt_pat.fa:haplotype2_0001251_103421111_103827972_0	0.9719794231492812 1K
NA20538 HG01071#1#JAHBCF010000053.1_26607100_27108065_1$HG02293.verkko_filt_mat.fa:haplotype1_0000039_30204405_30517145_1	0.9719785351366520 1K
NA20538 AV_HG00673#haplotype1#0000019:16627360$17129375$HG02647.verkko_filt_pat.fa:haplotype2_0000857_103738150_104051769_0	0.9719717032269021 1K
NA20538 HG02630#1#JAHAOQ010000102.1_16672145_17079089_0$HG02071.verkko_filt_mat.fa:haplotype1_0000041_103610513_104018399_0	0.9719617224756586 1K
NA20538 HG02080#2#JAHEOV010000017.1_16662177_17164189_0$HG02647.verkko_filt_pat.fa:haplotype2_0000857_103738150_104051769_0	0.9719580965811008 1K
NA20538 HG03453#2#JAGYVV010000088.1_22597550_23005370_1$chr1_chm13_103304997_103901127_0	0.9719566734958104 1K
NA20538 HG02145#2#JAHKSF010000206.1_1005292_1413195_1$HG02071.verkko_filt_mat.fa:haplotype1_0000041_103610513_104018399_0	0.9719541771771796 1K
NA20538 HG02145#2#JAHKSF010000206.1_1005292_1413195_1$HG01258#2#JAGYYU010000072.1_51562603_51970395_0	0.9719497048733828 1K
NA20538 AV_HG00673#haplotype1#0000019:16627360$17129375$HG03710.verkko_filt_mat.fa:haplotype1_0000029_102593394_102907063_0	0.9719494709855504 1K
NA20538 HG02080#2#JAHEOV010000017.1_16662177_17164189_0$HG03710.verkko_filt_mat.fa:haplotype1_0000029_102593394_102907063_0	0.9719428625133747 1K
NA20538 HG01978#1#JAGYVS010000002.1_51519970_52021951_0$HG02293.verkko_filt_pat.fa:haplotype2_0000836_148310532_148812524_1	0.9719408373867099 1K
NA20538 HG02145#2#JAHKSF010000206.1_1005292_1413195_1$HG02004.verkko_filt_mat.fa:haplotype1_0000022_97828542_98235483_0	0.9719394524553571 1K
NA20538 HG02717#1#JAHAOS010000015.1_16660311_17067250_0$HG01258#2#JAGYYU010000072.1_51562603_51970395_0	0.9719364563115864 1K
NA20538 HG02080#2#JAHEOV010000017.1_16662177_17164189_0$HG01978#1#JAGYVS010000002.1_51519970_52021951_0	0.9719277545378660 1K
NA20538 AV_HG00673#haplotype1#0000019:16627360$17129375$HG03579#2#JAGYVT010000094.1_51581892_51895531_0	0.9719254238381908 1K
NA20538 HG03492#2#JAHEPH010000288.1_2098270_2432686_1$NA20129#2#JAHEPD010000155.1_90039_569275_0	0.9719235986827279 1K
NA20538 HG04228.verkko_filt_mat.fa:haplotype1_0000023_103429213_103930285_0$HG02809.verkko_filt_mat.fa:haplotype1_0000023_94161320_94589755_0	0.9719224831924027 1K
NA20538 HG02109#1#JAHEPG010000026.1_16673035_17080816_0$HG02622#1#JAHAOO010000002.1_16673678_17080663_0	0.9719215744363769 1K
NA20538 HG01109#1#JAHEPA010000099.1_2104245_2511104_1$HG03453#2#JAGYVV010000088.1_22597550_23005370_1	0.9719131638433434 1K
NA20538 HG02647.verkko_filt_pat.fa:haplotype2_0000857_103738150_104051769_0$HG02293.verkko_filt_pat.fa:haplotype2_0000836_148310532_148812524_1	0.9719114915314001 1K
NA20538 HG03486#1#JAHEOQ010000123.1_16677696_17085575_0$NA18906#1#JAHEOO010000054.1_2103477_2510435_1	0.9719079212407978 1K
NA20538 AV_HG01175#haplotype1#0000070:46006269$46414083$HG02818#1#JAHEOS010000101.1_89626_496613_0	0.9718989855351139 1K
NA20538 AV_HG01361#haplotype2#0001322:101872897$102186552$HG00621#1#JAHBCD010000034.1_2122997_2624098_1	0.9718977338942971 1K
NA20538 NA18906#1#JAHEOO010000054.1_2103477_2510435_1$HG005#2#JAHEPN010000023.1_51542210_51950070_0	0.9718958350713726 1K
NA20538 HG03579#2#JAGYVT010000094.1_51581892_51895531_0$HG02080#2#JAHEOV010000017.1_16662177_17164189_0	0.9718956762118448 1K
NA20538 AV_HG01106#haplotype1#0000048:16666181$17262214$HG005#2#JAHEPN010000023.1_51542210_51950070_0	0.9718945464750193 1K
NA20538 HG02004.verkko_filt_pat.fa:haplotype2_0000813_139386576_140076845_1$HG02300.verkko_filt_mat.fa:haplotype1_0000028_144052837_144460586_1	0.9718876503828582 1K
NA20538 NA18906#1#JAHEOO010000054.1_2103477_2510435_1$HG01258#2#JAGYYU010000072.1_51562603_51970395_0	0.9718867411726462 1K
NA20538 AV_HG02148#haplotype2#0002863:16304803$16712699$HG02145#2#JAHKSF010000206.1_1005292_1413195_1	0.9718816783733349 1K
NA20538 HG03453#2#JAGYVV010000088.1_22597550_23005370_1$NA18906#1#JAHEOO010000054.1_2103477_2510435_1	0.9718796371363333 1K
NA20538 AV_HG01175#haplotype1#0000070:46006269$46414083$AV_HG02257#haplotype2#0001152:102843493$103251377	0.9718795368101839 1K
NA20538 AV_HG01106#haplotype1#0000048:16666181$17262214$HG00621#2#JAHBCC010000031.1_16669999_17077865_0	0.9718721071972246 1K
NA20538 AV_HG02148#haplotype2#0002863:16304803$16712699$HG01109#1#JAHEPA010000099.1_2104245_2511104_1	0.9718678052210322 1K
NA20538 HG02559#2#JAGYVJ010000037.1_52167780_52574597_1$NA18906#1#JAHEOO010000054.1_2103477_2510435_1	0.9718660304940172 1K
NA20538 HG03579#2#JAGYVT010000094.1_51581892_51895531_0$HG02293.verkko_filt_pat.fa:haplotype2_0000836_148310532_148812524_1	0.9718652936370827 1K
NA20538 chr1_chm13_103304997_103901127_0$HG02071.verkko_filt_mat.fa:haplotype1_0000041_103610513_104018399_0	0.9718651719847363 1K
NA20538 HG02630#1#JAHAOQ010000102.1_16672145_17079089_0$HG02559#2#JAGYVJ010000037.1_52167780_52574597_1	0.9718533608264370 1K
NA20538 AV_HG02257#haplotype2#0001152:102843493$103251377$HG01258#2#JAGYYU010000072.1_51562603_51970395_0	0.9718509445338623 1K
NA20538 HG03710.verkko_filt_mat.fa:haplotype1_0000029_102593394_102907063_0$HG02293.verkko_filt_pat.fa:haplotype2_0000836_148310532_148812524_1	0.9718505158588192 1K
NA20538 HG02145#2#JAHKSF010000206.1_1005292_1413195_1$HG02300.verkko_filt_pat.fa:haplotype2_0000620_143362344_143769323_1	0.9718500359788820 1K
NA20538 AV_HG02148#haplotype2#0002863:16304803$16712699$HG02630#1#JAHAOQ010000102.1_16672145_17079089_0	0.9718481983454496 1K
NA20538 HG03492#2#JAHEPH010000288.1_2098270_2432686_1$HG02622#2#JAHAON010000012.1_51551779_52031001_0	0.9718441951224177 1K
NA20538 HG03710.verkko_filt_pat.fa:haplotype2_0000488_101614437_102218208_0$HG03927.verkko_filt_pat.fa:haplotype2_0000800_29002142_29504057_1	0.9718407468352883 1K
NA20538 AV_HG01175#haplotype1#0000070:46006269$46414083$HG02717#1#JAHAOS010000015.1_16660311_17067250_0	0.9718380185427922 1K
NA20538 AV_HG02257#haplotype2#0001152:102843493$103251377$HG00621#2#JAHBCC010000031.1_16669999_17077865_0	0.9718376414408821 1K
NA20538 HG00621#2#JAHBCC010000031.1_16669999_17077865_0$HG02717#1#JAHAOS010000015.1_16660311_17067250_0	0.9718283565240254 1K
NA20538 HG01928#1#JAGYVQ010000053.1_16676493_17083407_0$HG02145#2#JAHKSF010000206.1_1005292_1413195_1	0.9718225970476300 1K
NA20538 HG02004.verkko_filt_pat.fa:haplotype2_0000813_139386576_140076845_1$HG01099.verkko_filt_mat.fa:haplotype1_0000034_142513097_142920876_1	0.9718173853874432 1K
NA20538 HG03453#1#JAGYVW010000157.1_2105722_2585000_1$chr1_chm13_103304997_103901127_0	0.9718169376020556 1K
NA20538 HG00621#2#JAHBCC010000031.1_16669999_17077865_0$HG02818#1#JAHEOS010000101.1_89626_496613_0	0.9718167776509252 1K
NA20538 HG02717#1#JAHAOS010000015.1_16660311_17067250_0$HG03453#2#JAGYVV010000088.1_22597550_23005370_1	0.9718163665580016 1K
NA20538 HG02486#1#JAGYVM010000007.1_28868414_29370339_1$HG01891#1#JAGYVO010000014.1_22855818_23168577_1	0.9718147691923987 1K
NA20538 HG02145#2#JAHKSF010000206.1_1005292_1413195_1$HG02809.verkko_filt_pat.fa:haplotype2_0001251_103421111_103827972_0	0.9718144197701307 1K
NA20538 NA20129#2#JAHEPD010000155.1_90039_569275_0$HG01243#1#JAHEOY010000013.1_90081_424495_0	0.9718115538640265 1K
NA20538 HG02486#1#JAGYVM010000007.1_28868414_29370339_1$HG02109#2#JAHEPF010000078.1_16678387_16991144_0	0.9718105689468224 1K
NA20538 AV_HG00673#haplotype1#0000019:16627360$17129375$HG02109#2#JAHEPF010000078.1_16678387_16991144_0	0.9718105425378797 1K
NA20538 HG01109#1#JAHEPA010000099.1_2104245_2511104_1$HG02559#2#JAGYVJ010000037.1_52167780_52574597_1	0.9718028914539193 1K
NA20538 HG02080#2#JAHEOV010000017.1_16662177_17164189_0$HG02109#2#JAHEPF010000078.1_16678387_16991144_0	0.9717967962165218 1K
NA20538 chr1_hg38_103456064_103863972_0$HG02622#1#JAHAOO010000002.1_16673678_17080663_0	0.9717956292595314 1K
NA20538 chr1_hg19_103998686_104406594_0$HG02622#1#JAHAOO010000002.1_16673678_17080663_0	0.9717956292595314 1K
NA20538 HG00438#1#JAHBCB010000015.1_33474867_33954171_0$HG03492#1#JAHEPI010000180.1_2103395_2543326_1	0.9717916445225393 1K
NA20538 HG00621#2#JAHBCC010000031.1_16669999_17077865_0$chr1_chm13_103304997_103901127_0	0.9717913815888023 1K
NA20538 HG02630#2#JAHAOP010000089.1_16669255_17076135_0$HG02809.verkko_filt_pat.fa:haplotype2_0001251_103421111_103827972_0	0.9717879263399624 1K
NA20538 AV_HG01106#haplotype1#0000048:16666181$17262214$HG03486#2#JAHEOP010000248.1_2105565_2584784_1	0.9717814623302838 1K
NA20538 HG02622#2#JAHAON010000012.1_51551779_52031001_0$HG01243#1#JAHEOY010000013.1_90081_424495_0	0.9717803656849114 1K
NA20538 HG00741#2#JAHALX010000013.1_51574319_51981226_0$HG02486#2#JAGYVL010000029.1_94163344_94570162_0	0.9717779854257427 1K
NA20538 HG01258#2#JAGYYU010000072.1_51562603_51970395_0$HG02717#2#JAHAOR010000006.1_19663827_20070693_1	0.9717720736393487 1K
NA20538 HG02622#2#JAHAON010000012.1_51551779_52031001_0$HG03710.verkko_filt_pat.fa:haplotype2_0000488_101614437_102218208_0	0.9717717436673974 1K
NA20538 AV_HG01106#haplotype1#0000048:16666181$17262214$AV_HG02148#haplotype2#0002863:16304803$16712699	0.9717665093359263 1K
NA20538 AV_HG01106#haplotype1#0000048:16666181$17262214$HG03486#1#JAHEOQ010000123.1_16677696_17085575_0	0.9717661558824143 1K
NA20538 HG03486#1#JAHEOQ010000123.1_16677696_17085575_0$HG02717#1#JAHAOS010000015.1_16660311_17067250_0	0.9717637266594266 1K
NA20538 AV_HG02257#haplotype2#0001152:102843493$103251377$HG03453#2#JAGYVV010000088.1_22597550_23005370_1	0.9717541862621484 1K
NA20538 HG005#2#JAHEPN010000023.1_51542210_51950070_0$HG02818#1#JAHEOS010000101.1_89626_496613_0	0.9717488017356555 1K
NA20538 NA18906#1#JAHEOO010000054.1_2103477_2510435_1$HG02071.verkko_filt_mat.fa:haplotype1_0000041_103610513_104018399_0	0.9717483717843635 1K
NA20538 HG02630#2#JAHAOP010000089.1_16669255_17076135_0$HG02717#2#JAHAOR010000006.1_19663827_20070693_1	0.9717466636843051 1K
NA20538 AV_HG02148#haplotype2#0002863:16304803$16712699$chr1_chm13_103304997_103901127_0	0.9717397990311493 1K
NA20538 AV_HG00673#haplotype1#0000019:16627360$17129375$HG01891#1#JAGYVO010000014.1_22855818_23168577_1	0.9717264811095990 1K
NA20538 HG02717#1#JAHAOS010000015.1_16660311_17067250_0$HG02559#2#JAGYVJ010000037.1_52167780_52574597_1	0.9717220476693595 1K
NA20538 NA18906#2#JAHEON010000009.1_93748295_94249275_0$HG002.verkko_filt_pat.fa:haplotype2_0000649_147937390_148315979_1	0.9717196800132221 1K
NA20538 HG02717#1#JAHAOS010000015.1_16660311_17067250_0$HG005#2#JAHEPN010000023.1_51542210_51950070_0	0.9717194574151479 1K
NA20538 HG03453#2#JAGYVV010000088.1_22597550_23005370_1$HG02818#1#JAHEOS010000101.1_89626_496613_0	0.9717091095007798 1K
NA20538 HG005#2#JAHEPN010000023.1_51542210_51950070_0$chr1_chm13_103304997_103901127_0	0.9717066908077950 1K
NA20538 HG02109#2#JAHEPF010000078.1_16678387_16991144_0$HG02293.verkko_filt_pat.fa:haplotype2_0000836_148310532_148812524_1	0.9717023731588373 1K
NA20538 HG02145#2#JAHKSF010000206.1_1005292_1413195_1$HG01123#1#JAGYYZ010000015.1_51528240_51935090_0	0.9716991263190455 1K
NA20538 HG02630#2#JAHAOP010000089.1_16669255_17076135_0$HG01123#1#JAGYYZ010000015.1_51528240_51935090_0	0.9716929483766910 1K
NA20538 HG02717#1#JAHAOS010000015.1_16660311_17067250_0$HG02071.verkko_filt_mat.fa:haplotype1_0000041_103610513_104018399_0	0.9716929255101521 1K
NA20538 HG00621#1#JAHBCD010000034.1_2122997_2624098_1$HG002.verkko_filt_pat.fa:haplotype2_0000649_147937390_148315979_1	0.9716893959185361 1K
NA20538 HG02080#2#JAHEOV010000017.1_16662177_17164189_0$HG01891#1#JAGYVO010000014.1_22855818_23168577_1	0.9716886736235187 1K
NA20538 HG03492#1#JAHEPI010000180.1_2103395_2543326_1$HG03516#2#JAGYYS010000004.1_24452130_24859892_1	0.9716814642953856 1K
NA20538 HG03486#1#JAHEOQ010000123.1_16677696_17085575_0$HG02818#1#JAHEOS010000101.1_89626_496613_0	0.9716800323418515 1K
NA20538 NA20129#2#JAHEPD010000155.1_90039_569275_0$HG03710.verkko_filt_pat.fa:haplotype2_0000488_101614437_102218208_0	0.9716794422139204 1K
NA20538 AV_HG02257#haplotype2#0001152:102843493$103251377$HG005#2#JAHEPN010000023.1_51542210_51950070_0	0.9716731186246248 1K
NA20538 chr1_chm13_103304997_103901127_0$HG02300.verkko_filt_pat.fa:haplotype2_0000620_143362344_143769323_1	0.9716708428978951 1K
NA20538 HG02145#2#JAHKSF010000206.1_1005292_1413195_1$HG02486#2#JAGYVL010000029.1_94163344_94570162_0	0.9716690291058806 1K
NA20538 HG02622#1#JAHAOO010000002.1_16673678_17080663_0$HG002.verkko_filt_mat.fa:haplotype1_0000005_138228497_138636354_1	0.9716688422692266 1K
NA20538 AV_HG01361#haplotype2#0001322:101872897$102186552$HG04228.verkko_filt_mat.fa:haplotype1_0000023_103429213_103930285_0	0.9716614486908109 1K
NA20538 HG00621#1#JAHBCD010000034.1_2122997_2624098_1$HG03098#2#JAHEPL010000003.1_93803759_94117426_0	0.9716608570800561 1K
NA20538 AV_HG02257#haplotype2#0001152:102843493$103251377$HG03486#1#JAHEOQ010000123.1_16677696_17085575_0	0.9716606825197363 1K
NA20538 HG01891#1#JAGYVO010000014.1_22855818_23168577_1$HG02293.verkko_filt_pat.fa:haplotype2_0000836_148310532_148812524_1	0.9716583418648030 1K
NA20538 HG02145#2#JAHKSF010000206.1_1005292_1413195_1$HG02717#2#JAHAOR010000006.1_19663827_20070693_1	0.9716561184012856 1K
NA20538 HG03486#1#JAHEOQ010000123.1_16677696_17085575_0$chr1_chm13_103304997_103901127_0	0.9716551567953545 1K
NA20538 HG03492#1#JAHEPI010000180.1_2103395_2543326_1$HG03516#1#JAGYYT010000012.1_24170958_24578778_1	0.9716519689739189 1K
NA20538 HG01109#1#JAHEPA010000099.1_2104245_2511104_1$HG01978#2#JAGYVR010000007.1_51532241_51939176_0	0.9716501803640381 1K
NA20538 HG02886#1#JAHAOU010000178.1_62411_469262_0$HG00741#2#JAHALX010000013.1_51574319_51981226_0	0.9716466226604200 1K
NA20538 HG03486#2#JAHEOP010000248.1_2105565_2584784_1$HG03710.verkko_filt_pat.fa:haplotype2_0000488_101614437_102218208_0	0.9716426554559993 1K
NA20538 AV_HG01106#haplotype2#0000932:16673968$17175925$HG02293.verkko_filt_mat.fa:haplotype1_0000039_30204405_30517145_1	0.9716410373503659 1K
NA20538 HG00741#2#JAHALX010000013.1_51574319_51981226_0$HG02809.verkko_filt_pat.fa:haplotype2_0001251_103421111_103827972_0	0.9716361019161699 1K
NA20538 HG01978#1#JAGYVS010000002.1_51519970_52021951_0$HG02071.verkko_filt_pat.fa:haplotype2_0000736_102745972_103248026_0	0.9716302936780642 1K
NA20538 HG03492#1#JAHEPI010000180.1_2103395_2543326_1$HG03579#1#JAGYVU010000029.1_91404_499180_0	0.9716297139166571 1K
NA20538 HG01109#1#JAHEPA010000099.1_2104245_2511104_1$HG02486#2#JAGYVL010000029.1_94163344_94570162_0	0.9716294115415642 1K
NA20538 AV_HG01106#haplotype1#0000048:16666181$17262214$HG02300.verkko_filt_pat.fa:haplotype2_0000620_143362344_143769323_1	0.9716250288447481 1K
NA20538 HG01109#1#JAHEPA010000099.1_2104245_2511104_1$HG02300.verkko_filt_pat.fa:haplotype2_0000620_143362344_143769323_1	0.9716248565133174 1K
NA20538 HG02630#1#JAHAOQ010000102.1_16672145_17079089_0$HG02300.verkko_filt_pat.fa:haplotype2_0000620_143362344_143769323_1	0.9716235432925370 1K
NA20538 AV_HG01106#haplotype1#0000048:16666181$17262214$HG01978#2#JAGYVR010000007.1_51532241_51939176_0	0.9716184096153263 1K
NA20538 HG005#1#JAHEPO010000002.1_51519219_51926067_0$HG01258#2#JAGYYU010000072.1_51562603_51970395_0	0.9716148886609756 1K
NA20538 HG005#1#JAHEPO010000002.1_51519219_51926067_0$HG02145#2#JAHKSF010000206.1_1005292_1413195_1	0.9716107597042247 1K
NA20538 HG02630#1#JAHAOQ010000102.1_16672145_17079089_0$HG01978#2#JAGYVR010000007.1_51532241_51939176_0	0.9716064338280439 1K
NA20538 HG00741#1#JAHALY010000007.1_18781197_19307680_1$HG01358#1#JAGYZB010000020.1_27445742_27855492_1	0.9716002756692630 1K
NA20538 HG01123#1#JAGYYZ010000015.1_51528240_51935090_0$HG01258#2#JAGYYU010000072.1_51562603_51970395_0	0.9715985780668943 1K
NA20538 HG02080#1#JAHEOW010000048.1_16689583_17097287_0$HG02004.verkko_filt_pat.fa:haplotype2_0000813_139386576_140076845_1	0.9715544016746549 1K
NA20538 AV_HG01361#haplotype2#0001322:101872897$102186552$HG02071.verkko_filt_pat.fa:haplotype2_0000736_102745972_103248026_0	0.9715518924206387 1K
NA20538 HG01978#2#JAGYVR010000007.1_51532241_51939176_0$chr1_chm13_103304997_103901127_0	0.9715494623486619 1K
NA20538 HG01258#2#JAGYYU010000072.1_51562603_51970395_0$HG02818#1#JAHEOS010000101.1_89626_496613_0	0.9715488756951876 1K
NA20538 AV_HG01106#haplotype1#0000048:16666181$17262214$HG02004.verkko_filt_mat.fa:haplotype1_0000022_97828542_98235483_0	0.9715474458196856 1K
NA20538 AV_HG02257#haplotype2#0001152:102843493$103251377$HG02486#2#JAGYVL010000029.1_94163344_94570162_0	0.9715379022221333 1K
NA20538 AV_HG02257#haplotype2#0001152:102843493$103251377$HG02717#2#JAHAOR010000006.1_19663827_20070693_1	0.9715332326328150 1K
NA20538 HG01978#1#JAGYVS010000002.1_51519970_52021951_0$HG04228.verkko_filt_mat.fa:haplotype1_0000023_103429213_103930285_0	0.9715289811659347 1K
NA20538 AV_HG02257#haplotype2#0001152:102843493$103251377$HG01123#1#JAGYYZ010000015.1_51528240_51935090_0	0.9715280007488620 1K
NA20538 chr1_chm13_103304997_103901127_0$HG002.verkko_filt_pat.fa:haplotype2_0000649_147937390_148315979_1	0.9715258125781857 1K
NA20538 AV_HG02257#haplotype2#0001152:102843493$103251377$HG02071.verkko_filt_mat.fa:haplotype1_0000041_103610513_104018399_0	0.9715248958352263 1K
NA20538 HG02818#1#JAHEOS010000101.1_89626_496613_0$HG02071.verkko_filt_mat.fa:haplotype1_0000041_103610513_104018399_0	0.9715201138810838 1K
NA20538 HG00621#1#JAHBCD010000034.1_2122997_2624098_1$HG01978#1#JAGYVS010000002.1_51519970_52021951_0	0.9715180411763225 1K
NA20538 HG01109#1#JAHEPA010000099.1_2104245_2511104_1$HG02886#1#JAHAOU010000178.1_62411_469262_0	0.9715140873508028 1K
NA20538 AV_HG02148#haplotype2#0002863:16304803$16712699$NA18906#1#JAHEOO010000054.1_2103477_2510435_1	0.9715137875346790 1K
NA20538 HG01358#1#JAGYZB010000020.1_27445742_27855492_1$HG02004.verkko_filt_pat.fa:haplotype2_0000813_139386576_140076845_1	0.9715109110891553 1K
NA20538 HG02559#2#JAGYVJ010000037.1_52167780_52574597_1$HG02818#1#JAHEOS010000101.1_89626_496613_0	0.9715102209271098 1K
NA20538 AV_HG02257#haplotype2#0001152:102843493$103251377$HG02809.verkko_filt_pat.fa:haplotype2_0001251_103421111_103827972_0	0.9715061066353865 1K
NA20538 HG005#1#JAHEPO010000002.1_51519219_51926067_0$HG02630#2#JAHAOP010000089.1_16669255_17076135_0	0.9715016663620024 1K
NA20538 AV_HG01175#haplotype1#0000070:46006269$46414083$HG02622#1#JAHAOO010000002.1_16673678_17080663_0	0.9714938898651320 1K
NA20538 HG02630#2#JAHAOP010000089.1_16669255_17076135_0$HG02486#2#JAGYVL010000029.1_94163344_94570162_0	0.9714889815224571 1K
NA20538 HG01258#1#JAGYYV010000004.1_56955948_57456952_1$HG02647.verkko_filt_pat.fa:haplotype2_0000857_103738150_104051769_0	0.9714868408099304 1K
NA20538 AV_HG01106#haplotype1#0000048:16666181$17262214$HG01928#1#JAGYVQ010000053.1_16676493_17083407_0	0.9714855472898555 1K
NA20538 AV_HG01361#haplotype1#0000023:101593539$102001341$HG02004.verkko_filt_pat.fa:haplotype2_0000813_139386576_140076845_1	0.9714826382985396 1K
NA20538 HG02630#1#JAHAOQ010000102.1_16672145_17079089_0$HG02004.verkko_filt_mat.fa:haplotype1_0000022_97828542_98235483_0	0.9714622505008649 1K
NA20538 HG01928#1#JAGYVQ010000053.1_16676493_17083407_0$chr1_chm13_103304997_103901127_0	0.9714593271431620 1K
NA20538 HG00621#1#JAHBCD010000034.1_2122997_2624098_1$HG02647.verkko_filt_pat.fa:haplotype2_0000857_103738150_104051769_0	0.9714576562106298 1K
NA20538 HG02145#2#JAHKSF010000206.1_1005292_1413195_1$HG02886#1#JAHAOU010000178.1_62411_469262_0	0.9714560967348530 1K
NA20538 HG00621#1#JAHBCD010000034.1_2122997_2624098_1$HG03710.verkko_filt_mat.fa:haplotype1_0000029_102593394_102907063_0	0.9714517113938724 1K
NA20538 HG01109#1#JAHEPA010000099.1_2104245_2511104_1$HG02004.verkko_filt_mat.fa:haplotype1_0000022_97828542_98235483_0	0.9714447357912761 1K
NA20538 chr1_chm13_103304997_103901127_0$HG02004.verkko_filt_mat.fa:haplotype1_0000022_97828542_98235483_0	0.9714406560723268 1K
NA20538 HG02723#1#JAHEOU010000204.1_2102082_2414876_1$HG02486#1#JAGYVM010000007.1_28868414_29370339_1	0.9714383078245765 1K
NA20538 AV_HG01106#haplotype1#0000048:16666181$17262214$HG03453#1#JAGYVW010000157.1_2105722_2585000_1	0.9714364934640347 1K
NA20538 HG01109#1#JAHEPA010000099.1_2104245_2511104_1$HG02809.verkko_filt_pat.fa:haplotype2_0001251_103421111_103827972_0	0.9714315318862679 1K
NA20538 HG03579#2#JAGYVT010000094.1_51581892_51895531_0$HG01258#1#JAGYYV010000004.1_56955948_57456952_1	0.9714244777346359 1K
NA20538 AV_HG02148#haplotype2#0002863:16304803$16712699$HG02717#1#JAHAOS010000015.1_16660311_17067250_0	0.9714101744773600 1K
NA20538 AV_HG02257#haplotype2#0001152:102843493$103251377$HG02300.verkko_filt_pat.fa:haplotype2_0000620_143362344_143769323_1	0.9714042721732683 1K
NA20538 HG00621#1#JAHBCD010000034.1_2122997_2624098_1$HG03579#2#JAGYVT010000094.1_51581892_51895531_0	0.9714033449939939 1K
NA20538 HG02630#1#JAHAOQ010000102.1_16672145_17079089_0$HG01928#1#JAGYVQ010000053.1_16676493_17083407_0	0.9714017605549209 1K
NA20538 HG02559#1#JAGYVK010000012.1_51505852_51913611_0$HG03492#1#JAHEPI010000180.1_2103395_2543326_1	0.9714011961646463 1K
NA20538 AV_HG02257#haplotype2#0001152:102843493$103251377$HG005#1#JAHEPO010000002.1_51519219_51926067_0	0.9713995097124235 1K
NA20538 HG01258#1#JAGYYV010000004.1_56955948_57456952_1$HG002.verkko_filt_pat.fa:haplotype2_0000649_147937390_148315979_1	0.9713945178631235 1K
NA20538 HG03098#2#JAHEPL010000003.1_93803759_94117426_0$HG02071.verkko_filt_pat.fa:haplotype2_0000736_102745972_103248026_0	0.9713865713592489 1K
NA20538 AV_HG02257#haplotype2#0001152:102843493$103251377$HG01978#2#JAGYVR010000007.1_51532241_51939176_0	0.9713800021139439 1K
NA20538 HG02622#1#JAHAOO010000002.1_16673678_17080663_0$HG005#2#JAHEPN010000023.1_51542210_51950070_0	0.9713771415452886 1K
NA20538 HG02630#1#JAHAOQ010000102.1_16672145_17079089_0$HG02809.verkko_filt_pat.fa:haplotype2_0001251_103421111_103827972_0	0.9713613692389467 1K
NA20538 AV_HG02257#haplotype2#0001152:102843493$103251377$HG02886#1#JAHAOU010000178.1_62411_469262_0	0.9713491735749918 1K
NA20538 HG01109#1#JAHEPA010000099.1_2104245_2511104_1$HG01928#1#JAGYVQ010000053.1_16676493_17083407_0	0.9713363231280628 1K
NA20538 HG02622#1#JAHAOO010000002.1_16673678_17080663_0$HG01258#2#JAGYYU010000072.1_51562603_51970395_0	0.9713243776787177 1K
NA20538 HG04228.verkko_filt_mat.fa:haplotype1_0000023_103429213_103930285_0$HG002.verkko_filt_pat.fa:haplotype2_0000649_147937390_148315979_1	0.9713239927793932 1K
NA20538 HG02080#2#JAHEOV010000017.1_16662177_17164189_0$HG02293.verkko_filt_pat.fa:haplotype2_0000836_148310532_148812524_1	0.9713227939451615 1K
NA20538 NA19240#2#JAHEOL010000010.1_37445323_37853017_0$HG02004.verkko_filt_pat.fa:haplotype2_0000813_139386576_140076845_1	0.9713206007462326 1K
NA20538 HG02630#1#JAHAOQ010000102.1_16672145_17079089_0$HG01123#1#JAGYYZ010000015.1_51528240_51935090_0	0.9713019596271664 1K
NA20538 HG02647.verkko_filt_pat.fa:haplotype2_0000857_103738150_104051769_0$HG02071.verkko_filt_pat.fa:haplotype2_0000736_102745972_103248026_0	0.9712994979777871 1K
NA20538 HG02630#2#JAHAOP010000089.1_16669255_17076135_0$HG02886#1#JAHAOU010000178.1_62411_469262_0	0.9712937661461196 1K
NA20538 AV_HG02148#haplotype2#0002863:16304803$16712699$HG02818#1#JAHEOS010000101.1_89626_496613_0	0.9712869489412030 1K
NA20538 HG00621#2#JAHBCC010000031.1_16669999_17077865_0$HG02622#1#JAHAOO010000002.1_16673678_17080663_0	0.9712835186284400 1K
NA20538 AV_HG00673#haplotype1#0000019:16627360$17129375$HG02293.verkko_filt_pat.fa:haplotype2_0000836_148310532_148812524_1	0.9712796240427001 1K
NA20538 AV_HG02148#haplotype2#0002863:16304803$16712699$AV_HG02257#haplotype2#0001152:102843493$103251377	0.9712757430055866 1K
NA20538 HG01109#1#JAHEPA010000099.1_2104245_2511104_1$HG01258#2#JAGYYU010000072.1_51562603_51970395_0	0.9712692951740723 1K
NA20538 HG03492#1#JAHEPI010000180.1_2103395_2543326_1$HG01109#2#JAHEOZ010000047.1_16671232_17151375_0	0.9712692710207622 1K
NA20538 AV_HG01106#haplotype2#0000932:16673968$17175925$HG04228.verkko_filt_pat.fa:haplotype2_0000600_103806749_104119491_0	0.9712666917082747 1K
NA20538 HG02717#1#JAHAOS010000015.1_16660311_17067250_0$HG02717#2#JAHAOR010000006.1_19663827_20070693_1	0.9712563062193870 1K
NA20538 NA18906#1#JAHEOO010000054.1_2103477_2510435_1$HG01978#2#JAGYVR010000007.1_51532241_51939176_0	0.9712558021886474 1K
NA20538 NA18906#1#JAHEOO010000054.1_2103477_2510435_1$HG02809.verkko_filt_pat.fa:haplotype2_0001251_103421111_103827972_0	0.9712529110270675 1K
NA20538 HG03540#2#JAGYVX010000148.1_1368955_1877115_0$HG02647.verkko_filt_mat.fa:haplotype1_0000002_103892584_104321036_0	0.9712521492220169 1K
NA20538 AV_HG02257#haplotype2#0001152:102843493$103251377$HG01928#1#JAGYVQ010000053.1_16676493_17083407_0	0.9712487795960302 1K
NA20538 AV_HG01106#haplotype1#0000048:16666181$17262214$HG03540#2#JAGYVX010000148.1_1368955_1877115_0	0.9712482254103059 1K
NA20538 HG03579#2#JAGYVT010000094.1_51581892_51895531_0$HG02071.verkko_filt_pat.fa:haplotype2_0000736_102745972_103248026_0	0.9712455076198526 1K
NA20538 HG03710.verkko_filt_mat.fa:haplotype1_0000029_102593394_102907063_0$HG02071.verkko_filt_pat.fa:haplotype2_0000736_102745972_103248026_0	0.9712419244579199 1K
NA20538 HG02630#1#JAHAOQ010000102.1_16672145_17079089_0$HG005#1#JAHEPO010000002.1_51519219_51926067_0	0.9712295355729529 1K
NA20538 NA18906#1#JAHEOO010000054.1_2103477_2510435_1$HG02300.verkko_filt_pat.fa:haplotype2_0000620_143362344_143769323_1	0.9712241974713989 1K
NA20538 HG02717#1#JAHAOS010000015.1_16660311_17067250_0$HG02809.verkko_filt_pat.fa:haplotype2_0001251_103421111_103827972_0	0.9712219379095189 1K
NA20538 HG01928#1#JAGYVQ010000053.1_16676493_17083407_0$NA18906#1#JAHEOO010000054.1_2103477_2510435_1	0.9712206865789936 1K
NA20538 HG03453#2#JAGYVV010000088.1_22597550_23005370_1$HG02622#1#JAHAOO010000002.1_16673678_17080663_0	0.9712181752652078 1K
NA20538 HG01123#1#JAGYYZ010000015.1_51528240_51935090_0$NA18906#1#JAHEOO010000054.1_2103477_2510435_1	0.9712174993622311 1K
NA20538 HG03486#1#JAHEOQ010000123.1_16677696_17085575_0$HG02622#1#JAHAOO010000002.1_16673678_17080663_0	0.9712120005027260 1K
NA20538 HG02630#1#JAHAOQ010000102.1_16672145_17079089_0$HG02717#2#JAHAOR010000006.1_19663827_20070693_1	0.9712105640227933 1K
NA20538 HG02109#2#JAHEPF010000078.1_16678387_16991144_0$HG02071.verkko_filt_pat.fa:haplotype2_0000736_102745972_103248026_0	0.9712028657695970 1K
NA20538 HG03098#2#JAHEPL010000003.1_93803759_94117426_0$HG04228.verkko_filt_mat.fa:haplotype1_0000023_103429213_103930285_0	0.9712011071207232 1K
NA20538 HG03540#2#JAGYVX010000148.1_1368955_1877115_0$chr1_chm13_103304997_103901127_0	0.9711821317740732 1K
NA20538 HG02622#1#JAHAOO010000002.1_16673678_17080663_0$HG02071.verkko_filt_mat.fa:haplotype1_0000041_103610513_104018399_0	0.9711719776693413 1K
NA20538 HG02717#1#JAHAOS010000015.1_16660311_17067250_0$HG02300.verkko_filt_pat.fa:haplotype2_0000620_143362344_143769323_1	0.9711688392969121 1K
NA20538 AV_HG01106#haplotype2#0000932:16673968$17175925$HG02723#1#JAHEOU010000204.1_2102082_2414876_1	0.9711606099548716 1K
NA20538 NA18906#1#JAHEOO010000054.1_2103477_2510435_1$HG02717#2#JAHAOR010000006.1_19663827_20070693_1	0.9711582131289525 1K
NA20538 HG005#1#JAHEPO010000002.1_51519219_51926067_0$HG02717#2#JAHAOR010000006.1_19663827_20070693_1	0.9711539559370012 1K
NA20538 HG005#1#JAHEPO010000002.1_51519219_51926067_0$NA18906#1#JAHEOO010000054.1_2103477_2510435_1	0.9711530764326477 1K
NA20538 HG02717#1#JAHAOS010000015.1_16660311_17067250_0$HG01978#2#JAGYVR010000007.1_51532241_51939176_0	0.9711521835003502 1K
NA20538 HG01891#1#JAGYVO010000014.1_22855818_23168577_1$HG02071.verkko_filt_pat.fa:haplotype2_0000736_102745972_103248026_0	0.9711505895413994 1K
NA20538 AV_HG02257#haplotype2#0001152:102843493$103251377$HG02004.verkko_filt_mat.fa:haplotype1_0000022_97828542_98235483_0	0.9711483974362489 1K
NA20538 AV_HG00673#haplotype1#0000019:16627360$17129375$HG02080#2#JAHEOV010000017.1_16662177_17164189_0	0.9711468003335139 1K
NA20538 HG02145#2#JAHKSF010000206.1_1005292_1413195_1$HG00741#2#JAHALX010000013.1_51574319_51981226_0	0.9711464298262207 1K
NA20538 NA18906#1#JAHEOO010000054.1_2103477_2510435_1$HG02004.verkko_filt_mat.fa:haplotype1_0000022_97828542_98235483_0	0.9711440876711952 1K
NA20538 HG04228.verkko_filt_mat.fa:haplotype1_0000023_103429213_103930285_0$HG03710.verkko_filt_mat.fa:haplotype1_0000029_102593394_102907063_0	0.9711440473877374 1K
NA20538 HG01071#1#JAHBCF010000053.1_26607100_27108065_1$HG02647.verkko_filt_pat.fa:haplotype2_0000857_103738150_104051769_0	0.9711331650650415 1K
NA20538 HG02818#1#JAHEOS010000101.1_89626_496613_0$HG02300.verkko_filt_pat.fa:haplotype2_0000620_143362344_143769323_1	0.9711173735851713 1K
NA20538 HG03540#2#JAGYVX010000148.1_1368955_1877115_0$HG03098#1#JAHEPM010000059.1_16676208_17105596_0	0.9711105831354875 1K
NA20538 HG01978#2#JAGYVR010000007.1_51532241_51939176_0$HG02818#1#JAHEOS010000101.1_89626_496613_0	0.9711094782771799 1K
NA20538 HG03579#2#JAGYVT010000094.1_51581892_51895531_0$HG01071#1#JAHBCF010000053.1_26607100_27108065_1	0.9711031446738402 1K
NA20538 HG01123#1#JAGYYZ010000015.1_51528240_51935090_0$HG02717#2#JAHAOR010000006.1_19663827_20070693_1	0.9710897303045537 1K
NA20538 HG02630#1#JAHAOQ010000102.1_16672145_17079089_0$HG02486#2#JAGYVL010000029.1_94163344_94570162_0	0.9710868403678368 1K
NA20538 HG02717#1#JAHAOS010000015.1_16660311_17067250_0$HG01123#1#JAGYYZ010000015.1_51528240_51935090_0	0.9710822188865340 1K
NA20538 AV_HG01106#haplotype1#0000048:16666181$17262214$HG002.verkko_filt_pat.fa:haplotype2_0000649_147937390_148315979_1	0.9710782089149608 1K
NA20538 HG02717#1#JAHAOS010000015.1_16660311_17067250_0$HG02486#2#JAGYVL010000029.1_94163344_94570162_0	0.9710765240320747 1K
NA20538 HG02559#2#JAGYVJ010000037.1_52167780_52574597_1$HG02622#1#JAHAOO010000002.1_16673678_17080663_0	0.9710757634538174 1K
NA20538 NA18906#1#JAHEOO010000054.1_2103477_2510435_1$HG02486#2#JAGYVL010000029.1_94163344_94570162_0	0.9710752861938822 1K
NA20538 HG02818#2#JAHEOR010000010.1_31775319_32183091_1$HG03492#1#JAHEPI010000180.1_2103395_2543326_1	0.9710733493381909 1K
NA20538 HG03710.verkko_filt_pat.fa:haplotype2_0000488_101614437_102218208_0$HG002.verkko_filt_pat.fa:haplotype2_0000649_147937390_148315979_1	0.9710706198164113 1K
NA20538 HG01258#2#JAGYYU010000072.1_51562603_51970395_0$HG00741#2#JAHALX010000013.1_51574319_51981226_0	0.9710591792369391 1K
NA20538 HG02080#2#JAHEOV010000017.1_16662177_17164189_0$HG02071.verkko_filt_pat.fa:haplotype2_0000736_102745972_103248026_0	0.9710403039851713 1K
NA20538 NA18906#2#JAHEON010000009.1_93748295_94249275_0$HG02109#2#JAHEPF010000078.1_16678387_16991144_0	0.9710389420202666 1K
NA20538 HG01071#1#JAHBCF010000053.1_26607100_27108065_1$HG002.verkko_filt_pat.fa:haplotype2_0000649_147937390_148315979_1	0.9710389277440500 1K
NA20538 HG01258#1#JAGYYV010000004.1_56955948_57456952_1$HG02109#2#JAHEPF010000078.1_16678387_16991144_0	0.9710286368847150 1K
NA20538 AV_HG02257#haplotype2#0001152:102843493$103251377$HG00741#2#JAHALX010000013.1_51574319_51981226_0	0.9710155744435459 1K
NA20538 HG02630#2#JAHAOP010000089.1_16669255_17076135_0$HG00741#2#JAHALX010000013.1_51574319_51981226_0	0.9710098226178689 1K
NA20538 HG02818#1#JAHEOS010000101.1_89626_496613_0$HG02809.verkko_filt_pat.fa:haplotype2_0001251_103421111_103827972_0	0.9710022045952577 1K
NA20538 HG03492#1#JAHEPI010000180.1_2103395_2543326_1$HG03710.verkko_filt_pat.fa:haplotype2_0000488_101614437_102218208_0	0.9710020019446737 1K
NA20538 HG02717#1#JAHAOS010000015.1_16660311_17067250_0$HG005#1#JAHEPO010000002.1_51519219_51926067_0	0.9710018069865126 1K
NA20538 HG03540#2#JAGYVX010000148.1_1368955_1877115_0$HG02055#2#JAHEPJ010000017.1_24870122_25298560_1	0.9710016068634826 1K
NA20538 HG01978#1#JAGYVS010000002.1_51519970_52021951_0$HG02293.verkko_filt_mat.fa:haplotype1_0000039_30204405_30517145_1	0.9709963273579720 1K
NA20538 HG00621#1#JAHBCD010000034.1_2122997_2624098_1$HG02109#2#JAHEPF010000078.1_16678387_16991144_0	0.9709915261745627 1K
NA20538 HG01928#1#JAGYVQ010000053.1_16676493_17083407_0$HG02818#1#JAHEOS010000101.1_89626_496613_0	0.9709865106650765 1K
NA20538 HG03453#1#JAGYVW010000157.1_2105722_2585000_1$HG03710.verkko_filt_pat.fa:haplotype2_0000488_101614437_102218208_0	0.9709805416911240 1K
NA20538 HG02717#1#JAHAOS010000015.1_16660311_17067250_0$HG02886#1#JAHAOU010000178.1_62411_469262_0	0.9709763570662377 1K
NA20538 HG02080#2#JAHEOV010000017.1_16662177_17164189_0$HG04228.verkko_filt_mat.fa:haplotype1_0000023_103429213_103930285_0	0.9709728032991559 1K
NA20538 NA18906#2#JAHEON010000009.1_93748295_94249275_0$HG04228.verkko_filt_pat.fa:haplotype2_0000600_103806749_104119491_0	0.9709719636164288 1K
NA20538 HG02818#1#JAHEOS010000101.1_89626_496613_0$HG02004.verkko_filt_mat.fa:haplotype1_0000022_97828542_98235483_0	0.9709665984929509 1K
NA20538 AV_HG02148#haplotype2#0002863:16304803$16712699$HG02622#1#JAHAOO010000002.1_16673678_17080663_0	0.9709644805095732 1K
NA20538 HG02717#1#JAHAOS010000015.1_16660311_17067250_0$HG02004.verkko_filt_mat.fa:haplotype1_0000022_97828542_98235483_0	0.9709601419529145 1K
NA20538 HG03516#1#JAGYYT010000012.1_24170958_24578778_1$HG02004.verkko_filt_pat.fa:haplotype2_0000813_139386576_140076845_1	0.9709520770165395 1K
NA20538 HG01123#1#JAGYYZ010000015.1_51528240_51935090_0$HG02818#1#JAHEOS010000101.1_89626_496613_0	0.9709368382846995 1K
NA20538 HG04228.verkko_filt_mat.fa:haplotype1_0000023_103429213_103930285_0$HG02647.verkko_filt_pat.fa:haplotype2_0000857_103738150_104051769_0	0.9709303634565739 1K
NA20538 HG02886#2#JAHAOT010000031.1_87393_401061_0$HG02004.verkko_filt_pat.fa:haplotype2_0000813_139386576_140076845_1	0.9709264604602320 1K
NA20538 HG03492#1#JAHEPI010000180.1_2103395_2543326_1$NA19240#1#JAHEOM010000047.1_30103390_30511199_1	0.9709236129952239 1K
NA20538 HG00621#1#JAHBCD010000034.1_2122997_2624098_1$HG02080#2#JAHEOV010000017.1_16662177_17164189_0	0.9709149696316062 1K
NA20538 AV_HG00673#haplotype1#0000019:16627360$17129375$HG04228.verkko_filt_mat.fa:haplotype1_0000023_103429213_103930285_0	0.9709144972885962 1K
NA20538 HG02486#2#JAGYVL010000029.1_94163344_94570162_0$HG02818#1#JAHEOS010000101.1_89626_496613_0	0.9709125049336856 1K
NA20538 HG01109#1#JAHEPA010000099.1_2104245_2511104_1$HG02630#2#JAHAOP010000089.1_16669255_17076135_0	0.9709091915712527 1K
NA20538 HG005#1#JAHEPO010000002.1_51519219_51926067_0$HG01123#1#JAGYYZ010000015.1_51528240_51935090_0	0.9709086487481592 1K
NA20538 HG00621#1#JAHBCD010000034.1_2122997_2624098_1$HG01891#1#JAGYVO010000014.1_22855818_23168577_1	0.9709073117539521 1K
NA20538 HG02630#1#JAHAOQ010000102.1_16672145_17079089_0$HG00741#2#JAHALX010000013.1_51574319_51981226_0	0.9709009288766628 1K
NA20538 AV_HG00673#haplotype2#0001165:24014011$24421797$HG02004.verkko_filt_pat.fa:haplotype2_0000813_139386576_140076845_1	0.9708983776601847 1K
NA20538 HG02818#1#JAHEOS010000101.1_89626_496613_0$HG02717#2#JAHAOR010000006.1_19663827_20070693_1	0.9708941691143739 1K
NA20538 HG02717#1#JAHAOS010000015.1_16660311_17067250_0$HG01928#1#JAGYVQ010000053.1_16676493_17083407_0	0.9708915826724707 1K
NA20538 HG03579#2#JAGYVT010000094.1_51581892_51895531_0$HG04228.verkko_filt_mat.fa:haplotype1_0000023_103429213_103930285_0	0.9708843806114851 1K
NA20538 AV_HG00673#haplotype1#0000019:16627360$17129375$HG02071.verkko_filt_pat.fa:haplotype2_0000736_102745972_103248026_0	0.9708830283250848 1K
NA20538 HG02630#1#JAHAOQ010000102.1_16672145_17079089_0$HG02886#1#JAHAOU010000178.1_62411_469262_0	0.9708818367359456 1K
NA20538 NA18906#1#JAHEOO010000054.1_2103477_2510435_1$HG00741#2#JAHALX010000013.1_51574319_51981226_0	0.9708804895282065 1K
NA20538 HG02886#1#JAHAOU010000178.1_62411_469262_0$NA18906#1#JAHEOO010000054.1_2103477_2510435_1	0.9708701271105024 1K
NA20538 HG00741#1#JAHALY010000007.1_18781197_19307680_1$HG02004.verkko_filt_pat.fa:haplotype2_0000813_139386576_140076845_1	0.9708662200951862 1K
NA20538 HG01071#1#JAHBCF010000053.1_26607100_27108065_1$HG02109#2#JAHEPF010000078.1_16678387_16991144_0	0.9708603222456087 1K
NA20538 HG01258#1#JAGYYV010000004.1_56955948_57456952_1$HG01891#1#JAGYVO010000014.1_22855818_23168577_1	0.9708561779138971 1K
NA20538 AV_HG00673#haplotype1#0000019:16627360$17129375$HG00621#1#JAHBCD010000034.1_2122997_2624098_1	0.9708374014392174 1K
NA20538 HG02622#1#JAHAOO010000002.1_16673678_17080663_0$HG01978#2#JAGYVR010000007.1_51532241_51939176_0	0.9708348712056966 1K
NA20538 HG02145#2#JAHKSF010000206.1_1005292_1413195_1$HG02630#2#JAHAOP010000089.1_16669255_17076135_0	0.9708256918118274 1K
NA20538 HG005#1#JAHEPO010000002.1_51519219_51926067_0$HG02818#1#JAHEOS010000101.1_89626_496613_0	0.9708246925823163 1K
NA20538 HG04228.verkko_filt_mat.fa:haplotype1_0000023_103429213_103930285_0$HG02293.verkko_filt_pat.fa:haplotype2_0000836_148310532_148812524_1	0.9707968569827899 1K
NA20538 HG02071.verkko_filt_pat.fa:haplotype2_0000736_102745972_103248026_0$HG02293.verkko_filt_pat.fa:haplotype2_0000836_148310532_148812524_1	0.9707960856639988 1K
NA20538 HG02717#1#JAHAOS010000015.1_16660311_17067250_0$HG00741#2#JAHALX010000013.1_51574319_51981226_0	0.9707938598384644 1K
NA20538 HG03540#2#JAGYVX010000148.1_1368955_1877115_0$HG02809.verkko_filt_mat.fa:haplotype1_0000023_94161320_94589755_0	0.9707862127715809 1K
NA20538 NA18906#2#JAHEON010000009.1_93748295_94249275_0$HG02647.verkko_filt_pat.fa:haplotype2_0000857_103738150_104051769_0	0.9707839991102067 1K
NA20538 HG02622#1#JAHAOO010000002.1_16673678_17080663_0$HG02300.verkko_filt_pat.fa:haplotype2_0000620_143362344_143769323_1	0.9707694255807461 1K
NA20538 HG00621#1#JAHBCD010000034.1_2122997_2624098_1$HG02293.verkko_filt_pat.fa:haplotype2_0000836_148310532_148812524_1	0.9707691656501054 1K
NA20538 HG02622#1#JAHAOO010000002.1_16673678_17080663_0$HG02809.verkko_filt_pat.fa:haplotype2_0001251_103421111_103827972_0	0.9707682834647365 1K
NA20538 HG02622#1#JAHAOO010000002.1_16673678_17080663_0$HG02486#2#JAGYVL010000029.1_94163344_94570162_0	0.9707659558530876 1K
NA20538 HG01123#2#JAGYYY010000006.1_51579630_51892388_0$NA18906#2#JAHEON010000009.1_93748295_94249275_0	0.9707561984931091 1K
NA20538 HG03579#2#JAGYVT010000094.1_51581892_51895531_0$NA18906#2#JAHEON010000009.1_93748295_94249275_0	0.9707542583494695 1K
NA20538 HG01109#1#JAHEPA010000099.1_2104245_2511104_1$HG02145#2#JAHKSF010000206.1_1005292_1413195_1	0.9707413922909152 1K
NA20538 HG01109#1#JAHEPA010000099.1_2104245_2511104_1$HG02717#2#JAHAOR010000006.1_19663827_20070693_1	0.9707368826182325 1K
NA20538 HG02886#1#JAHAOU010000178.1_62411_469262_0$HG02818#1#JAHEOS010000101.1_89626_496613_0	0.9707080841599566 1K
NA20538 HG01109#1#JAHEPA010000099.1_2104245_2511104_1$HG01123#1#JAGYYZ010000015.1_51528240_51935090_0	0.9707068496919433 1K
NA20538 HG03492#1#JAHEPI010000180.1_2103395_2543326_1$HG03927.verkko_filt_mat.fa:haplotype1_0000009_134765170_135173010_1	0.9707041456950189 1K
NA20538 HG01071#1#JAHBCF010000053.1_26607100_27108065_1$HG01891#1#JAGYVO010000014.1_22855818_23168577_1	0.9706959212025642 1K
NA20538 HG01978#1#JAGYVS010000002.1_51519970_52021951_0$HG04228.verkko_filt_pat.fa:haplotype2_0000600_103806749_104119491_0	0.9706936243505481 1K
NA20538 HG02109#2#JAHEPF010000078.1_16678387_16991144_0$HG04228.verkko_filt_mat.fa:haplotype1_0000023_103429213_103930285_0	0.9706896734674668 1K
NA20538 HG01123#1#JAGYYZ010000015.1_51528240_51935090_0$HG02622#1#JAHAOO010000002.1_16673678_17080663_0	0.9706811575134411 1K
NA20538 chr1_hg19_103998686_104406594_0$HG03492#1#JAHEPI010000180.1_2103395_2543326_1	0.9706566779407664 1K
NA20538 HG03492#1#JAHEPI010000180.1_2103395_2543326_1$chr1_hg38_103456064_103863972_0	0.9706566779407664 1K
NA20538 HG02622#1#JAHAOO010000002.1_16673678_17080663_0$HG02717#2#JAHAOR010000006.1_19663827_20070693_1	0.9706549900201898 1K
NA20538 HG02622#1#JAHAOO010000002.1_16673678_17080663_0$HG02004.verkko_filt_mat.fa:haplotype1_0000022_97828542_98235483_0	0.9706371898356958 1K
NA20538 HG03492#1#JAHEPI010000180.1_2103395_2543326_1$HG002.verkko_filt_mat.fa:haplotype1_0000005_138228497_138636354_1	0.9706359841271254 1K
NA20538 AV_HG01106#haplotype1#0000048:16666181$17262214$HG03927.verkko_filt_pat.fa:haplotype2_0000800_29002142_29504057_1	0.9706137418845501 1K
NA20538 HG00741#2#JAHALX010000013.1_51574319_51981226_0$HG02717#2#JAHAOR010000006.1_19663827_20070693_1	0.9705986681843807 1K
NA20538 HG01109#1#JAHEPA010000099.1_2104245_2511104_1$HG005#1#JAHEPO010000002.1_51519219_51926067_0	0.9705958053008491 1K
NA20538 HG01891#1#JAGYVO010000014.1_22855818_23168577_1$HG04228.verkko_filt_mat.fa:haplotype1_0000023_103429213_103930285_0	0.9705652685913118 1K
NA20538 HG02886#1#JAHAOU010000178.1_62411_469262_0$HG02622#1#JAHAOO010000002.1_16673678_17080663_0	0.9705622723440672 1K
NA20538 chr1_chm13_103304997_103901127_0$HG03927.verkko_filt_pat.fa:haplotype2_0000800_29002142_29504057_1	0.9705495084551468 1K
NA20538 HG02080#2#JAHEOV010000017.1_16662177_17164189_0$HG02293.verkko_filt_mat.fa:haplotype1_0000039_30204405_30517145_1	0.9705277739387499 1K
NA20538 HG005#1#JAHEPO010000002.1_51519219_51926067_0$HG02622#1#JAHAOO010000002.1_16673678_17080663_0	0.9705136243634127 1K
NA20538 HG01928#1#JAGYVQ010000053.1_16676493_17083407_0$HG02622#1#JAHAOO010000002.1_16673678_17080663_0	0.9705126587365992 1K
NA20538 AV_HG01106#haplotype2#0000932:16673968$17175925$HG00733#1#JAHEPQ010000019.1_46106835_46420495_0	0.9705113264988530 1K
NA20538 HG02630#1#JAHAOQ010000102.1_16672145_17079089_0$HG02630#2#JAHAOP010000089.1_16669255_17076135_0	0.9705073977688172 1K
NA20538 AV_HG00673#haplotype1#0000019:16627360$17129375$HG02293.verkko_filt_mat.fa:haplotype1_0000039_30204405_30517145_1	0.9705029747380105 1K
NA20538 HG02723#1#JAHEOU010000204.1_2102082_2414876_1$HG01978#1#JAGYVS010000002.1_51519970_52021951_0	0.9704992482895008 1K
NA20538 AV_HG01175#haplotype1#0000070:46006269$46414083$HG03492#1#JAHEPI010000180.1_2103395_2543326_1	0.9704672597335600 1K
NA20538 HG00621#2#JAHBCC010000031.1_16669999_17077865_0$HG03492#1#JAHEPI010000180.1_2103395_2543326_1	0.9704649034662057 1K
NA20538 HG03579#1#JAGYVU010000029.1_91404_499180_0$HG02004.verkko_filt_pat.fa:haplotype2_0000813_139386576_140076845_1	0.9704433190050089 1K
NA20538 HG02293.verkko_filt_mat.fa:haplotype1_0000039_30204405_30517145_1$HG02293.verkko_filt_pat.fa:haplotype2_0000836_148310532_148812524_1	0.9704364765273013 1K
NA20538 HG03453#1#JAGYVW010000157.1_2105722_2585000_1$HG03492#2#JAHEPH010000288.1_2098270_2432686_1	0.9704355149586181 1K
NA20538 HG02559#2#JAGYVJ010000037.1_52167780_52574597_1$HG02004.verkko_filt_pat.fa:haplotype2_0000813_139386576_140076845_1	0.9704262290599959 1K
NA20538 AV_HG02257#haplotype2#0001152:102843493$103251377$HG02630#2#JAHAOP010000089.1_16669255_17076135_0	0.9704228022921255 1K
NA20538 HG03453#1#JAGYVW010000157.1_2105722_2585000_1$HG01243#1#JAHEOY010000013.1_90081_424495_0	0.9704201847115613 1K
NA20538 HG03516#2#JAGYYS010000004.1_24452130_24859892_1$HG02004.verkko_filt_pat.fa:haplotype2_0000813_139386576_140076845_1	0.9704069148488382 1K
NA20538 NA20129#2#JAHEPD010000155.1_90039_569275_0$HG03492#1#JAHEPI010000180.1_2103395_2543326_1	0.9704023669555402 1K
NA20538 HG00741#2#JAHALX010000013.1_51574319_51981226_0$HG02818#1#JAHEOS010000101.1_89626_496613_0	0.9704017367918498 1K
NA20538 HG02004.verkko_filt_pat.fa:haplotype2_0000813_139386576_140076845_1$HG03927.verkko_filt_mat.fa:haplotype1_0000009_134765170_135173010_1	0.9703982129665958 1K
NA20538 AV_HG01106#haplotype2#0000932:16673968$17175925$HG03710.verkko_filt_pat.fa:haplotype2_0000488_101614437_102218208_0	0.9703945400986264 1K
NA20538 HG02559#1#JAGYVK010000012.1_51505852_51913611_0$HG02004.verkko_filt_pat.fa:haplotype2_0000813_139386576_140076845_1	0.9703880801977924 1K
NA20538 HG04228.verkko_filt_mat.fa:haplotype1_0000023_103429213_103930285_0$HG02071.verkko_filt_pat.fa:haplotype2_0000736_102745972_103248026_0	0.9703627759985455 1K
NA20538 AV_HG01361#haplotype2#0001322:101872897$102186552$HG02004.verkko_filt_pat.fa:haplotype2_0000813_139386576_140076845_1	0.9703593220859393 1K
NA20538 chr1_hg38_103456064_103863972_0$HG002.verkko_filt_mat.fa:haplotype1_0000005_138228497_138636354_1	0.9703539036470925 1K
NA20538 chr1_hg19_103998686_104406594_0$HG002.verkko_filt_mat.fa:haplotype1_0000005_138228497_138636354_1	0.9703539036470925 1K
NA20538 AV_HG01106#haplotype2#0000932:16673968$17175925$HG00438#2#JAHBCA010000012.1_51513023_51826723_0	0.9703519244695644 1K
NA20538 HG03098#1#JAHEPM010000059.1_16676208_17105596_0$HG02004.verkko_filt_pat.fa:haplotype2_0000813_139386576_140076845_1	0.9703455932478614 1K
NA20538 HG02004.verkko_filt_pat.fa:haplotype2_0000813_139386576_140076845_1$HG02647.verkko_filt_mat.fa:haplotype1_0000002_103892584_104321036_0	0.9703332908678090 1K
NA20538 HG02622#2#JAHAON010000012.1_51551779_52031001_0$HG03492#1#JAHEPI010000180.1_2103395_2543326_1	0.9703286219172413 1K
NA20538 HG00741#1#JAHALY010000007.1_18781197_19307680_1$HG01243#1#JAHEOY010000013.1_90081_424495_0	0.9703134720316886 1K
NA20538 AV_HG01175#haplotype1#0000070:46006269$46414083$HG002.verkko_filt_mat.fa:haplotype1_0000005_138228497_138636354_1	0.9703100975785991 1K
NA20538 HG03453#2#JAGYVV010000088.1_22597550_23005370_1$HG002.verkko_filt_mat.fa:haplotype1_0000005_138228497_138636354_1	0.9703090240647938 1K
NA20538 HG005#1#JAHEPO010000002.1_51519219_51926067_0$HG00741#2#JAHALX010000013.1_51574319_51981226_0	0.9703065045852479 1K
NA20538 HG02723#1#JAHEOU010000204.1_2102082_2414876_1$NA18906#2#JAHEON010000009.1_93748295_94249275_0	0.9702995626754983 1K
NA20538 HG00741#1#JAHALY010000007.1_18781197_19307680_1$HG03492#2#JAHEPH010000288.1_2098270_2432686_1	0.9702973526988439 1K
NA20538 HG01109#1#JAHEPA010000099.1_2104245_2511104_1$HG02630#1#JAHAOQ010000102.1_16672145_17079089_0	0.9702708061522317 1K
NA20538 HG02630#2#JAHAOP010000089.1_16669255_17076135_0$NA18906#1#JAHEOO010000054.1_2103477_2510435_1	0.9702621267893516 1K
NA20538 HG03486#1#JAHEOQ010000123.1_16677696_17085575_0$HG03492#1#JAHEPI010000180.1_2103395_2543326_1	0.9702382348498455 1K
NA20538 HG03492#1#JAHEPI010000180.1_2103395_2543326_1$HG02071.verkko_filt_mat.fa:haplotype1_0000041_103610513_104018399_0	0.9702342296002507 1K
NA20538 HG02717#1#JAHAOS010000015.1_16660311_17067250_0$HG02630#2#JAHAOP010000089.1_16669255_17076135_0	0.9702320130107185 1K
NA20538 AV_HG02257#haplotype2#0001152:102843493$103251377$HG01109#1#JAHEPA010000099.1_2104245_2511104_1	0.9702103292983245 1K
NA20538 HG03098#1#JAHEPM010000059.1_16676208_17105596_0$HG03710.verkko_filt_pat.fa:haplotype2_0000488_101614437_102218208_0	0.9702070804398386 1K
NA20538 HG03492#1#JAHEPI010000180.1_2103395_2543326_1$HG02300.verkko_filt_pat.fa:haplotype2_0000620_143362344_143769323_1	0.9702011853396716 1K
NA20538 chr1_hg38_103456064_103863972_0$HG03453#2#JAGYVV010000088.1_22597550_23005370_1	0.9701955130775172 1K
NA20538 chr1_hg19_103998686_104406594_0$HG03453#2#JAGYVV010000088.1_22597550_23005370_1	0.9701955130775172 1K
NA20538 HG03492#1#JAHEPI010000180.1_2103395_2543326_1$HG005#2#JAHEPN010000023.1_51542210_51950070_0	0.9701938760366607 1K
NA20538 HG02080#2#JAHEOV010000017.1_16662177_17164189_0$HG04228.verkko_filt_pat.fa:haplotype2_0000600_103806749_104119491_0	0.9701831640770627 1K
NA20538 HG00621#2#JAHBCC010000031.1_16669999_17077865_0$chr1_hg38_103456064_103863972_0	0.9701787415674189 1K
NA20538 HG00621#2#JAHBCC010000031.1_16669999_17077865_0$chr1_hg19_103998686_104406594_0	0.9701787415674189 1K
NA20538 HG02818#2#JAHEOR010000010.1_31775319_32183091_1$HG02004.verkko_filt_pat.fa:haplotype2_0000813_139386576_140076845_1	0.9701780684455595 1K
NA20538 AV_HG01175#haplotype1#0000070:46006269$46414083$chr1_hg38_103456064_103863972_0	0.9701644357696918 1K
NA20538 AV_HG01175#haplotype1#0000070:46006269$46414083$chr1_hg19_103998686_104406594_0	0.9701644357696918 1K
NA20538 HG01978#1#JAGYVS010000002.1_51519970_52021951_0$HG03710.verkko_filt_pat.fa:haplotype2_0000488_101614437_102218208_0	0.9701625383253569 1K
NA20538 HG03098#2#JAHEPL010000003.1_93803759_94117426_0$HG02004.verkko_filt_pat.fa:haplotype2_0000813_139386576_140076845_1	0.9701620983050360 1K
NA20538 AV_HG00673#haplotype1#0000019:16627360$17129375$HG04228.verkko_filt_pat.fa:haplotype2_0000600_103806749_104119491_0	0.9701580308005155 1K
NA20538 HG02055#2#JAHEPJ010000017.1_24870122_25298560_1$HG02004.verkko_filt_pat.fa:haplotype2_0000813_139386576_140076845_1	0.9701409781229366 1K
NA20538 HG00621#1#JAHBCD010000034.1_2122997_2624098_1$HG04228.verkko_filt_mat.fa:haplotype1_0000023_103429213_103930285_0	0.9701143125577887 1K
NA20538 AV_HG01106#haplotype2#0000932:16673968$17175925$HG01123#2#JAGYYY010000006.1_51579630_51892388_0	0.9701117989991369 1K
NA20538 AV_HG02148#haplotype2#0002863:16304803$16712699$HG03492#1#JAHEPI010000180.1_2103395_2543326_1	0.9701032511216148 1K
NA20538 HG01109#1#JAHEPA010000099.1_2104245_2511104_1$NA18906#1#JAHEOO010000054.1_2103477_2510435_1	0.9700976551723186 1K
NA20538 NA19240#1#JAHEOM010000047.1_30103390_30511199_1$HG02004.verkko_filt_pat.fa:haplotype2_0000813_139386576_140076845_1	0.9700945767162239 1K
NA20538 HG03492#1#JAHEPI010000180.1_2103395_2543326_1$HG01978#2#JAGYVR010000007.1_51532241_51939176_0	0.9700862794425541 1K
NA20538 HG00621#1#JAHBCD010000034.1_2122997_2624098_1$HG02071.verkko_filt_pat.fa:haplotype2_0000736_102745972_103248026_0	0.9700833096758174 1K
NA20538 HG04228.verkko_filt_pat.fa:haplotype2_0000600_103806749_104119491_0$HG02293.verkko_filt_pat.fa:haplotype2_0000836_148310532_148812524_1	0.9700831930320586 1K
NA20538 HG01123#1#JAGYYZ010000015.1_51528240_51935090_0$HG00741#2#JAHALX010000013.1_51574319_51981226_0	0.9700753036066851 1K
NA20538 HG02071.verkko_filt_mat.fa:haplotype1_0000041_103610513_104018399_0$HG002.verkko_filt_mat.fa:haplotype1_0000005_138228497_138636354_1	0.9700686434749093 1K
NA20538 NA18906#2#JAHEON010000009.1_93748295_94249275_0$HG01891#1#JAGYVO010000014.1_22855818_23168577_1	0.9700529044098402 1K
NA20538 HG02004.verkko_filt_pat.fa:haplotype2_0000813_139386576_140076845_1$HG03710.verkko_filt_mat.fa:haplotype1_0000029_102593394_102907063_0	0.9700517079851609 1K
NA20538 HG02004.verkko_filt_pat.fa:haplotype2_0000813_139386576_140076845_1$HG02809.verkko_filt_mat.fa:haplotype1_0000023_94161320_94589755_0	0.9700502794066528 1K
NA20538 HG00621#2#JAHBCC010000031.1_16669999_17077865_0$HG002.verkko_filt_mat.fa:haplotype1_0000005_138228497_138636354_1	0.9700367038821530 1K
NA20538 HG02723#1#JAHEOU010000204.1_2102082_2414876_1$HG01258#1#JAGYYV010000004.1_56955948_57456952_1	0.9700309597938255 1K
NA20538 HG03492#1#JAHEPI010000180.1_2103395_2543326_1$HG01358#1#JAGYZB010000020.1_27445742_27855492_1	0.9700284499834018 1K
NA20538 HG01109#1#JAHEPA010000099.1_2104245_2511104_1$HG02717#1#JAHAOS010000015.1_16660311_17067250_0	0.9700194422359399 1K
NA20538 HG03453#2#JAGYVV010000088.1_22597550_23005370_1$HG02071.verkko_filt_mat.fa:haplotype1_0000041_103610513_104018399_0	0.9700144506413300 1K
NA20538 HG005#2#JAHEPN010000023.1_51542210_51950070_0$HG002.verkko_filt_mat.fa:haplotype1_0000005_138228497_138636354_1	0.9699953190070021 1K
NA20538 HG03486#1#JAHEOQ010000123.1_16677696_17085575_0$chr1_hg38_103456064_103863972_0	0.9699803216288386 1K
NA20538 HG03486#1#JAHEOQ010000123.1_16677696_17085575_0$chr1_hg19_103998686_104406594_0	0.9699803216288386 1K
NA20538 HG02004.verkko_filt_pat.fa:haplotype2_0000813_139386576_140076845_1$HG02647.verkko_filt_pat.fa:haplotype2_0000857_103738150_104051769_0	0.9699728336229577 1K
NA20538 HG00741#1#JAHALY010000007.1_18781197_19307680_1$HG03492#1#JAHEPI010000180.1_2103395_2543326_1	0.9699580773962336 1K
NA20538 AV_HG01175#haplotype1#0000070:46006269$46414083$HG00621#2#JAHBCC010000031.1_16669999_17077865_0	0.9699514085196558 1K
NA20538 HG02109#1#JAHEPG010000026.1_16673035_17080816_0$HG02004.verkko_filt_pat.fa:haplotype2_0000813_139386576_140076845_1	0.9699514025337965 1K
NA20538 HG03710.verkko_filt_pat.fa:haplotype2_0000488_101614437_102218208_0$HG01099.verkko_filt_pat.fa:haplotype2_0000583_143544270_144046196_1	0.9699497278482754 1K
NA20538 HG03579#2#JAGYVT010000094.1_51581892_51895531_0$HG02004.verkko_filt_pat.fa:haplotype2_0000813_139386576_140076845_1	0.9699494341544035 1K
NA20538 AV_HG01175#haplotype1#0000070:46006269$46414083$HG005#2#JAHEPN010000023.1_51542210_51950070_0	0.9699420994937451 1K
NA20538 HG03492#1#JAHEPI010000180.1_2103395_2543326_1$HG03453#2#JAGYVV010000088.1_22597550_23005370_1	0.9699412211494347 1K
NA20538 AV_HG01175#haplotype1#0000070:46006269$46414083$HG03453#2#JAGYVV010000088.1_22597550_23005370_1	0.9699288051829507 1K
NA20538 HG03453#2#JAGYVV010000088.1_22597550_23005370_1$HG005#2#JAHEPN010000023.1_51542210_51950070_0	0.9699260872367699 1K
NA20538 HG01109#1#JAHEPA010000099.1_2104245_2511104_1$HG00741#2#JAHALX010000013.1_51574319_51981226_0	0.9699228407201441 1K
NA20538 AV_HG01175#haplotype1#0000070:46006269$46414083$HG03486#1#JAHEOQ010000123.1_16677696_17085575_0	0.9699208513063885 1K
NA20538 chr1_hg38_103456064_103863972_0$HG02300.verkko_filt_pat.fa:haplotype2_0000620_143362344_143769323_1	0.9699202212034405 1K
NA20538 chr1_hg19_103998686_104406594_0$HG02300.verkko_filt_pat.fa:haplotype2_0000620_143362344_143769323_1	0.9699202212034405 1K
NA20538 AV_HG01175#haplotype1#0000070:46006269$46414083$HG01978#2#JAGYVR010000007.1_51532241_51939176_0	0.9699190202542954 1K
NA20538 HG03486#1#JAHEOQ010000123.1_16677696_17085575_0$HG03453#2#JAGYVV010000088.1_22597550_23005370_1	0.9699126982655960 1K
NA20538 AV_HG02148#haplotype2#0002863:16304803$16712699$HG002.verkko_filt_mat.fa:haplotype1_0000005_138228497_138636354_1	0.9699109482186501 1K
NA20538 HG02622#1#JAHAOO010000002.1_16673678_17080663_0$HG00741#2#JAHALX010000013.1_51574319_51981226_0	0.9699095570986170 1K
NA20538 chr1_hg38_103456064_103863972_0$HG02071.verkko_filt_mat.fa:haplotype1_0000041_103610513_104018399_0	0.9698990259617454 1K
NA20538 chr1_hg19_103998686_104406594_0$HG02071.verkko_filt_mat.fa:haplotype1_0000041_103610513_104018399_0	0.9698990259617454 1K
NA20538 HG02630#2#JAHAOP010000089.1_16669255_17076135_0$HG02818#1#JAHEOS010000101.1_89626_496613_0	0.9698979377552949 1K
NA20538 HG00621#2#JAHBCC010000031.1_16669999_17077865_0$HG02071.verkko_filt_mat.fa:haplotype1_0000041_103610513_104018399_0	0.9698856759927056 1K
NA20538 AV_HG00673#haplotype1#0000019:16627360$17129375$HG02723#1#JAHEOU010000204.1_2102082_2414876_1	0.9698848532379457 1K
NA20538 HG02293.verkko_filt_mat.fa:haplotype1_0000039_30204405_30517145_1$HG02071.verkko_filt_pat.fa:haplotype2_0000736_102745972_103248026_0	0.9698843457249433 1K
NA20538 HG02723#1#JAHEOU010000204.1_2102082_2414876_1$HG02080#2#JAHEOV010000017.1_16662177_17164189_0	0.9698697381745265 1K
NA20538 HG01109#1#JAHEPA010000099.1_2104245_2511104_1$HG02818#1#JAHEOS010000101.1_89626_496613_0	0.9698612061514725 1K
NA20538 HG02486#2#JAGYVL010000029.1_94163344_94570162_0$HG02004.verkko_filt_pat.fa:haplotype2_0000813_139386576_140076845_1	0.9698598385250674 1K
NA20538 HG01258#2#JAGYYU010000072.1_51562603_51970395_0$HG02004.verkko_filt_pat.fa:haplotype2_0000813_139386576_140076845_1	0.9698529859222128 1K
NA20538 HG002.verkko_filt_mat.fa:haplotype1_0000005_138228497_138636354_1$HG02300.verkko_filt_pat.fa:haplotype2_0000620_143362344_143769323_1	0.9698420142682294 1K
NA20538 HG00621#2#JAHBCC010000031.1_16669999_17077865_0$HG005#2#JAHEPN010000023.1_51542210_51950070_0	0.9698287503048486 1K
NA20538 HG02723#1#JAHEOU010000204.1_2102082_2414876_1$HG01071#1#JAHBCF010000053.1_26607100_27108065_1	0.9698162545628798 1K
NA20538 HG02080#2#JAHEOV010000017.1_16662177_17164189_0$HG03710.verkko_filt_pat.fa:haplotype2_0000488_101614437_102218208_0	0.9698157049168874 1K
NA20538 HG03453#2#JAGYVV010000088.1_22597550_23005370_1$HG01978#2#JAGYVR010000007.1_51532241_51939176_0	0.9698147136251982 1K
NA20538 HG01978#1#JAGYVS010000002.1_51519970_52021951_0$HG00733#1#JAHEPQ010000019.1_46106835_46420495_0	0.9698112350635454 1K
NA20538 HG02723#1#JAHEOU010000204.1_2102082_2414876_1$HG02293.verkko_filt_pat.fa:haplotype2_0000836_148310532_148812524_1	0.9698023060891280 1K
NA20538 HG03492#1#JAHEPI010000180.1_2103395_2543326_1$HG02004.verkko_filt_mat.fa:haplotype1_0000022_97828542_98235483_0	0.9698003380459853 1K
NA20538 HG03710.verkko_filt_pat.fa:haplotype2_0000488_101614437_102218208_0$HG02647.verkko_filt_mat.fa:haplotype1_0000002_103892584_104321036_0	0.9697993265473578 1K
NA20538 HG01978#2#JAGYVR010000007.1_51532241_51939176_0$HG002.verkko_filt_mat.fa:haplotype1_0000005_138228497_138636354_1	0.9697886736169162 1K
NA20538 HG02109#2#JAHEPF010000078.1_16678387_16991144_0$HG02004.verkko_filt_pat.fa:haplotype2_0000813_139386576_140076845_1	0.9697882619077640 1K
NA20538 HG00621#2#JAHBCC010000031.1_16669999_17077865_0$HG03453#2#JAGYVV010000088.1_22597550_23005370_1	0.9697677394381533 1K
NA20538 HG02717#2#JAHAOR010000006.1_19663827_20070693_1$HG02004.verkko_filt_pat.fa:haplotype2_0000813_139386576_140076845_1	0.9697628097289857 1K
NA20538 HG02630#2#JAHAOP010000089.1_16669255_17076135_0$HG02622#1#JAHAOO010000002.1_16673678_17080663_0	0.9697583245748864 1K
NA20538 AV_HG02148#haplotype2#0002863:16304803$16712699$chr1_hg38_103456064_103863972_0	0.9697575165499221 1K
NA20538 AV_HG02148#haplotype2#0002863:16304803$16712699$chr1_hg19_103998686_104406594_0	0.9697575165499221 1K
NA20538 AV_HG00673#haplotype1#0000019:16627360$17129375$HG03710.verkko_filt_pat.fa:haplotype2_0000488_101614437_102218208_0	0.9697542558973045 1K
NA20538 HG005#2#JAHEPN010000023.1_51542210_51950070_0$HG02071.verkko_filt_mat.fa:haplotype1_0000041_103610513_104018399_0	0.9697486286397028 1K
NA20538 HG00621#2#JAHBCC010000031.1_16669999_17077865_0$HG01978#2#JAGYVR010000007.1_51532241_51939176_0	0.9697416317827250 1K
NA20538 HG02004.verkko_filt_pat.fa:haplotype2_0000813_139386576_140076845_1$HG02809.verkko_filt_pat.fa:haplotype2_0001251_103421111_103827972_0	0.9697287204423843 1K
NA20538 HG01928#1#JAGYVQ010000053.1_16676493_17083407_0$HG002.verkko_filt_mat.fa:haplotype1_0000005_138228497_138636354_1	0.9697238988781844 1K
NA20538 HG03492#1#JAHEPI010000180.1_2103395_2543326_1$HG02109#1#JAHEPG010000026.1_16673035_17080816_0	0.9697165749916916 1K
NA20538 chr1_hg38_103456064_103863972_0$HG005#2#JAHEPN010000023.1_51542210_51950070_0	0.9697143367057166 1K
NA20538 chr1_hg19_103998686_104406594_0$HG005#2#JAHEPN010000023.1_51542210_51950070_0	0.9697143367057166 1K
NA20538 HG01928#1#JAGYVQ010000053.1_16676493_17083407_0$HG03492#1#JAHEPI010000180.1_2103395_2543326_1	0.9697050744970844 1K
NA20538 HG03486#1#JAHEOQ010000123.1_16677696_17085575_0$HG002.verkko_filt_mat.fa:haplotype1_0000005_138228497_138636354_1	0.9697027877350675 1K
NA20538 HG02886#1#JAHAOU010000178.1_62411_469262_0$HG02004.verkko_filt_pat.fa:haplotype2_0000813_139386576_140076845_1	0.9696955532438828 1K
NA20538 HG01978#2#JAGYVR010000007.1_51532241_51939176_0$HG02071.verkko_filt_mat.fa:haplotype1_0000041_103610513_104018399_0	0.9696935414413450 1K
NA20538 AV_HG01175#haplotype1#0000070:46006269$46414083$HG02071.verkko_filt_mat.fa:haplotype1_0000041_103610513_104018399_0	0.9696877575384673 1K
NA20538 HG01891#1#JAGYVO010000014.1_22855818_23168577_1$HG02004.verkko_filt_pat.fa:haplotype2_0000813_139386576_140076845_1	0.9696744761352167 1K
NA20538 HG005#2#JAHEPN010000023.1_51542210_51950070_0$HG02300.verkko_filt_pat.fa:haplotype2_0000620_143362344_143769323_1	0.9696733905760626 1K
NA20538 HG01123#1#JAGYYZ010000015.1_51528240_51935090_0$HG02004.verkko_filt_pat.fa:haplotype2_0000813_139386576_140076845_1	0.9696704064746511 1K
NA20538 HG01258#1#JAGYYV010000004.1_56955948_57456952_1$HG04228.verkko_filt_pat.fa:haplotype2_0000600_103806749_104119491_0	0.9696643016175999 1K
NA20538 AV_HG02148#haplotype2#0002863:16304803$16712699$HG005#2#JAHEPN010000023.1_51542210_51950070_0	0.9696634518419462 1K
NA20538 chr1_hg38_103456064_103863972_0$HG01978#2#JAGYVR010000007.1_51532241_51939176_0	0.9696431366900429 1K
NA20538 chr1_hg19_103998686_104406594_0$HG01978#2#JAGYVR010000007.1_51532241_51939176_0	0.9696431366900429 1K
NA20538 HG03486#1#JAHEOQ010000123.1_16677696_17085575_0$HG02071.verkko_filt_mat.fa:haplotype1_0000041_103610513_104018399_0	0.9696316270118090 1K
NA20538 HG00438#2#JAHBCA010000012.1_51513023_51826723_0$HG01978#1#JAGYVS010000002.1_51519970_52021951_0	0.9696287758586665 1K
NA20538 AV_HG01175#haplotype1#0000070:46006269$46414083$HG02300.verkko_filt_pat.fa:haplotype2_0000620_143362344_143769323_1	0.9696126367524702 1K
NA20538 HG02004.verkko_filt_mat.fa:haplotype1_0000022_97828542_98235483_0$HG002.verkko_filt_mat.fa:haplotype1_0000005_138228497_138636354_1	0.9696088225775349 1K
NA20538 HG01109#2#JAHEOZ010000047.1_16671232_17151375_0$HG002.verkko_filt_pat.fa:haplotype2_0000649_147937390_148315979_1	0.9696048810036885 1K
NA20538 AV_HG01175#haplotype1#0000070:46006269$46414083$HG02004.verkko_filt_mat.fa:haplotype1_0000022_97828542_98235483_0	0.9695876076891570 1K
NA20538 HG01928#1#JAGYVQ010000053.1_16676493_17083407_0$HG03453#2#JAGYVV010000088.1_22597550_23005370_1	0.9695830846318241 1K
NA20538 HG01123#2#JAGYYY010000006.1_51579630_51892388_0$HG01258#1#JAGYYV010000004.1_56955948_57456952_1	0.9695761620344187 1K
NA20538 AV_HG01175#haplotype1#0000070:46006269$46414083$HG01928#1#JAGYVQ010000053.1_16676493_17083407_0	0.9695749829823014 1K
NA20538 HG005#1#JAHEPO010000002.1_51519219_51926067_0$HG02004.verkko_filt_pat.fa:haplotype2_0000813_139386576_140076845_1	0.9695738234345607 1K
NA20538 HG03710.verkko_filt_pat.fa:haplotype2_0000488_101614437_102218208_0$HG02293.verkko_filt_pat.fa:haplotype2_0000836_148310532_148812524_1	0.9695664368657703 1K
NA20538 HG02055#2#JAHEPJ010000017.1_24870122_25298560_1$HG03710.verkko_filt_pat.fa:haplotype2_0000488_101614437_102218208_0	0.9695455573470980 1K
NA20538 HG02723#2#JAHEOT010000034.1_19776337_20321518_1$chr1_chm13_103304997_103901127_0	0.9695435168605416 1K
NA20538 HG01071#1#JAHBCF010000053.1_26607100_27108065_1$HG04228.verkko_filt_pat.fa:haplotype2_0000600_103806749_104119491_0	0.9695382338816314 1K
NA20538 HG00621#2#JAHBCC010000031.1_16669999_17077865_0$HG01928#1#JAGYVQ010000053.1_16676493_17083407_0	0.9695334128050835 1K
NA20538 HG00621#1#JAHBCD010000034.1_2122997_2624098_1$HG02293.verkko_filt_mat.fa:haplotype1_0000039_30204405_30517145_1	0.9695179444581962 1K
NA20538 HG03453#2#JAGYVV010000088.1_22597550_23005370_1$HG02004.verkko_filt_mat.fa:haplotype1_0000022_97828542_98235483_0	0.9695161597432234 1K
NA20538 HG02071.verkko_filt_mat.fa:haplotype1_0000041_103610513_104018399_0$HG02300.verkko_filt_pat.fa:haplotype2_0000620_143362344_143769323_1	0.9695149588026203 1K
NA20538 HG02886#1#JAHAOU010000178.1_62411_469262_0$HG02486#2#JAGYVL010000029.1_94163344_94570162_0	0.9695103413278970 1K
NA20538 HG03540#1#JAGYVY010000208.1_95187_596142_0$HG03710.verkko_filt_pat.fa:haplotype2_0000488_101614437_102218208_0	0.9695095302089163 1K
NA20538 HG00621#2#JAHBCC010000031.1_16669999_17077865_0$HG02004.verkko_filt_mat.fa:haplotype1_0000022_97828542_98235483_0	0.9694982099757709 1K
NA20538 HG03486#1#JAHEOQ010000123.1_16677696_17085575_0$HG01978#2#JAGYVR010000007.1_51532241_51939176_0	0.9694956757715864 1K
NA20538 HG01123#2#JAGYYY010000006.1_51579630_51892388_0$HG01071#1#JAHBCF010000053.1_26607100_27108065_1	0.9694891998029209 1K
NA20538 HG03710.verkko_filt_pat.fa:haplotype2_0000488_101614437_102218208_0$HG02071.verkko_filt_pat.fa:haplotype2_0000736_102745972_103248026_0	0.9694806799212436 1K
NA20538 HG02080#2#JAHEOV010000017.1_16662177_17164189_0$HG00438#2#JAHBCA010000012.1_51513023_51826723_0	0.9694771938806418 1K
NA20538 HG02071.verkko_filt_mat.fa:haplotype1_0000041_103610513_104018399_0$HG02004.verkko_filt_mat.fa:haplotype1_0000022_97828542_98235483_0	0.9694738410725388 1K
NA20538 HG03486#1#JAHEOQ010000123.1_16677696_17085575_0$HG005#2#JAHEPN010000023.1_51542210_51950070_0	0.9694717509692560 1K
NA20538 HG03453#2#JAGYVV010000088.1_22597550_23005370_1$HG02300.verkko_filt_pat.fa:haplotype2_0000620_143362344_143769323_1	0.9694684721237941 1K
NA20538 HG01928#1#JAGYVQ010000053.1_16676493_17083407_0$chr1_hg38_103456064_103863972_0	0.9694668218410890 1K
NA20538 HG01928#1#JAGYVQ010000053.1_16676493_17083407_0$chr1_hg19_103998686_104406594_0	0.9694668218410890 1K
NA20538 chr1_hg38_103456064_103863972_0$HG02004.verkko_filt_mat.fa:haplotype1_0000022_97828542_98235483_0	0.9694555302375224 1K
NA20538 chr1_hg19_103998686_104406594_0$HG02004.verkko_filt_mat.fa:haplotype1_0000022_97828542_98235483_0	0.9694555302375224 1K
NA20538 HG01928#1#JAGYVQ010000053.1_16676493_17083407_0$HG02071.verkko_filt_mat.fa:haplotype1_0000041_103610513_104018399_0	0.9694532449020007 1K
NA20538 AV_HG02148#haplotype2#0002863:16304803$16712699$HG03453#2#JAGYVV010000088.1_22597550_23005370_1	0.9694434585127539 1K
NA20538 HG00621#2#JAHBCC010000031.1_16669999_17077865_0$HG03486#1#JAHEOQ010000123.1_16677696_17085575_0	0.9694407595308911 1K
NA20538 AV_HG00673#haplotype1#0000019:16627360$17129375$HG00438#2#JAHBCA010000012.1_51513023_51826723_0	0.9694218588122595 1K
NA20538 HG04228.verkko_filt_pat.fa:haplotype2_0000600_103806749_104119491_0$HG02071.verkko_filt_pat.fa:haplotype2_0000736_102745972_103248026_0	0.9694184645501580 1K
NA20538 AV_HG01106#haplotype1#0000048:16666181$17262214$HG01099.verkko_filt_pat.fa:haplotype2_0000583_143544270_144046196_1	0.9694149100066926 1K
NA20538 HG00741#1#JAHALY010000007.1_18781197_19307680_1$HG002.verkko_filt_pat.fa:haplotype2_0000649_147937390_148315979_1	0.9694088769131288 1K
NA20538 chr1_chm13_103304997_103901127_0$HG01099.verkko_filt_pat.fa:haplotype2_0000583_143544270_144046196_1	0.9694031287774202 1K
NA20538 AV_HG01175#haplotype1#0000070:46006269$46414083$AV_HG02148#haplotype2#0002863:16304803$16712699	0.9693792638149288 1K
NA20538 AV_HG02148#haplotype2#0002863:16304803$16712699$HG03486#1#JAHEOQ010000123.1_16677696_17085575_0	0.9693791712427154 1K
NA20538 HG01109#1#JAHEPA010000099.1_2104245_2511104_1$HG02622#1#JAHAOO010000002.1_16673678_17080663_0	0.9693786742010377 1K
NA20538 HG00621#1#JAHBCD010000034.1_2122997_2624098_1$HG04228.verkko_filt_pat.fa:haplotype2_0000600_103806749_104119491_0	0.9693716228198316 1K
NA20538 AV_HG01106#haplotype1#0000048:16666181$17262214$HG02723#2#JAHEOT010000034.1_19776337_20321518_1	0.9693610406497309 1K
NA20538 HG03710.verkko_filt_pat.fa:haplotype2_0000488_101614437_102218208_0$HG02809.verkko_filt_mat.fa:haplotype1_0000023_94161320_94589755_0	0.9693542043523219 1K
NA20538 AV_HG02148#haplotype2#0002863:16304803$16712699$HG01978#2#JAGYVR010000007.1_51532241_51939176_0	0.9693447591334218 1K
NA20538 chr1_hg19_103998686_104406594_0$chr1_hg38_103456064_103863972_0	0.9693378681313164 1K
NA20538 HG00438#2#JAHBCA010000012.1_51513023_51826723_0$HG02293.verkko_filt_pat.fa:haplotype2_0000836_148310532_148812524_1	0.9693248546639023 1K
NA20538 AV_HG00673#haplotype1#0000019:16627360$17129375$HG00733#1#JAHEPQ010000019.1_46106835_46420495_0	0.9693070129976444 1K
NA20538 HG03492#1#JAHEPI010000180.1_2103395_2543326_1$HG02486#2#JAGYVL010000029.1_94163344_94570162_0	0.9692832702714721 1K
NA20538 HG02080#2#JAHEOV010000017.1_16662177_17164189_0$HG00733#1#JAHEPQ010000019.1_46106835_46420495_0	0.9692830594576357 1K
NA20538 AV_HG02148#haplotype2#0002863:16304803$16712699$HG02071.verkko_filt_mat.fa:haplotype1_0000041_103610513_104018399_0	0.9692654288190532 1K
NA20538 HG03486#1#JAHEOQ010000123.1_16677696_17085575_0$HG02004.verkko_filt_mat.fa:haplotype1_0000022_97828542_98235483_0	0.9692528421391746 1K
NA20538 AV_HG02148#haplotype2#0002863:16304803$16712699$HG00621#2#JAHBCC010000031.1_16669999_17077865_0	0.9692500958841466 1K
NA20538 HG02723#1#JAHEOU010000204.1_2102082_2414876_1$HG02071.verkko_filt_pat.fa:haplotype2_0000736_102745972_103248026_0	0.9692497399713261 1K
NA20538 HG03486#1#JAHEOQ010000123.1_16677696_17085575_0$HG01928#1#JAGYVQ010000053.1_16676493_17083407_0	0.9692481104020518 1K
NA20538 HG02723#2#JAHEOT010000034.1_19776337_20321518_1$HG03927.verkko_filt_pat.fa:haplotype2_0000800_29002142_29504057_1	0.9692475147663603 1K
NA20538 HG00621#1#JAHBCD010000034.1_2122997_2624098_1$HG03710.verkko_filt_pat.fa:haplotype2_0000488_101614437_102218208_0	0.9692324684730367 1K
NA20538 HG00438#1#JAHBCB010000015.1_33474867_33954171_0$HG002.verkko_filt_pat.fa:haplotype2_0000649_147937390_148315979_1	0.9692304787541601 1K
NA20538 HG04228.verkko_filt_mat.fa:haplotype1_0000023_103429213_103930285_0$HG02293.verkko_filt_mat.fa:haplotype1_0000039_30204405_30517145_1	0.9692128005535126 1K
NA20538 HG00741#2#JAHALX010000013.1_51574319_51981226_0$HG02004.verkko_filt_pat.fa:haplotype2_0000813_139386576_140076845_1	0.9692074676838991 1K
NA20538 HG03486#1#JAHEOQ010000123.1_16677696_17085575_0$HG02300.verkko_filt_pat.fa:haplotype2_0000620_143362344_143769323_1	0.9692051666938183 1K
NA20538 HG01123#2#JAGYYY010000006.1_51579630_51892388_0$HG01978#1#JAGYVS010000002.1_51519970_52021951_0	0.9692019938473957 1K
NA20538 HG02886#1#JAHAOU010000178.1_62411_469262_0$HG03492#1#JAHEPI010000180.1_2103395_2543326_1	0.9691620778079135 1K
NA20538 AV_HG02148#haplotype2#0002863:16304803$16712699$HG01928#1#JAGYVQ010000053.1_16676493_17083407_0	0.9691450779258004 1K
NA20538 HG01978#2#JAGYVR010000007.1_51532241_51939176_0$HG02300.verkko_filt_pat.fa:haplotype2_0000620_143362344_143769323_1	0.9691231940293578 1K
NA20538 HG04228.verkko_filt_pat.fa:haplotype2_0000600_103806749_104119491_0$HG04228.verkko_filt_mat.fa:haplotype1_0000023_103429213_103930285_0	0.9691127795795165 1K
NA20538 HG00621#1#JAHBCD010000034.1_2122997_2624098_1$HG02723#1#JAHEOU010000204.1_2102082_2414876_1	0.9690986170332591 1K
NA20538 HG03540#1#JAGYVY010000208.1_95187_596142_0$chr1_chm13_103304997_103901127_0	0.9690659927683520 1K
NA20538 HG01978#2#JAGYVR010000007.1_51532241_51939176_0$HG005#2#JAHEPN010000023.1_51542210_51950070_0	0.9690628728710612 1K
NA20538 HG00621#2#JAHBCC010000031.1_16669999_17077865_0$HG02300.verkko_filt_pat.fa:haplotype2_0000620_143362344_143769323_1	0.9690600769708092 1K
NA20538 HG01928#1#JAGYVQ010000053.1_16676493_17083407_0$HG02300.verkko_filt_pat.fa:haplotype2_0000620_143362344_143769323_1	0.9690426808067647 1K
NA20538 AV_HG00673#haplotype1#0000019:16627360$17129375$HG01123#2#JAGYYY010000006.1_51579630_51892388_0	0.9690385267729493 1K
NA20538 AV_HG02148#haplotype2#0002863:16304803$16712699$HG02004.verkko_filt_mat.fa:haplotype1_0000022_97828542_98235483_0	0.9690383725567748 1K
NA20538 HG02486#1#JAGYVM010000007.1_28868414_29370339_1$HG03710.verkko_filt_pat.fa:haplotype2_0000488_101614437_102218208_0	0.9690096999481577 1K
NA20538 HG03492#1#JAHEPI010000180.1_2103395_2543326_1$HG03486#2#JAHEOP010000248.1_2105565_2584784_1	0.9689953391090812 1K
NA20538 HG00733#1#JAHEPQ010000019.1_46106835_46420495_0$HG02293.verkko_filt_pat.fa:haplotype2_0000836_148310532_148812524_1	0.9689950650619739 1K
NA20538 HG04228.verkko_filt_mat.fa:haplotype1_0000023_103429213_103930285_0$HG03710.verkko_filt_pat.fa:haplotype2_0000488_101614437_102218208_0	0.9689796119904137 1K
NA20538 HG01123#2#JAGYYY010000006.1_51579630_51892388_0$HG02293.verkko_filt_pat.fa:haplotype2_0000836_148310532_148812524_1	0.9689722472064835 1K
NA20538 AV_HG01106#haplotype1#0000048:16666181$17262214$HG03540#1#JAGYVY010000208.1_95187_596142_0	0.9689719639731161 1K
NA20538 HG02145#1#JAHKSG010000134.1_2102465_2647653_1$chr1_chm13_103304997_103901127_0	0.9689550243726843 1K
NA20538 HG01258#1#JAGYYV010000004.1_56955948_57456952_1$HG03710.verkko_filt_pat.fa:haplotype2_0000488_101614437_102218208_0	0.9689521434332395 1K
NA20538 HG005#2#JAHEPN010000023.1_51542210_51950070_0$HG02004.verkko_filt_mat.fa:haplotype1_0000022_97828542_98235483_0	0.9689401534335630 1K
NA20538 HG00621#1#JAHBCD010000034.1_2122997_2624098_1$HG00438#2#JAHBCA010000012.1_51513023_51826723_0	0.9689311388929908 1K
NA20538 HG02559#2#JAGYVJ010000037.1_52167780_52574597_1$HG03492#1#JAHEPI010000180.1_2103395_2543326_1	0.9689294732582560 1K
NA20538 HG02004.verkko_filt_pat.fa:haplotype2_0000813_139386576_140076845_1$HG02293.verkko_filt_mat.fa:haplotype1_0000039_30204405_30517145_1	0.9689246079587391 1K
NA20538 HG01123#2#JAGYYY010000006.1_51579630_51892388_0$HG02080#2#JAHEOV010000017.1_16662177_17164189_0	0.9689112644704647 1K
NA20538 HG01928#1#JAGYVQ010000053.1_16676493_17083407_0$HG005#2#JAHEPN010000023.1_51542210_51950070_0	0.9688955819642867 1K
NA20538 AV_HG01106#haplotype1#0000048:16666181$17262214$HG02145#1#JAHKSG010000134.1_2102465_2647653_1	0.9688800725886899 1K
NA20538 HG02004.verkko_filt_mat.fa:haplotype1_0000022_97828542_98235483_0$HG02300.verkko_filt_pat.fa:haplotype2_0000620_143362344_143769323_1	0.9688639495476949 1K
NA20538 HG02486#1#JAGYVM010000007.1_28868414_29370339_1$chr1_chm13_103304997_103901127_0	0.9688348776769481 1K
NA20538 HG02723#1#JAHEOU010000204.1_2102082_2414876_1$HG04228.verkko_filt_mat.fa:haplotype1_0000023_103429213_103930285_0	0.9688085840745083 1K
NA20538 HG02630#2#JAHAOP010000089.1_16669255_17076135_0$HG02004.verkko_filt_pat.fa:haplotype2_0000813_139386576_140076845_1	0.9687891435795886 1K
NA20538 NA18906#2#JAHEON010000009.1_93748295_94249275_0$HG03710.verkko_filt_pat.fa:haplotype2_0000488_101614437_102218208_0	0.9687862870698869 1K
NA20538 AV_HG01106#haplotype1#0000048:16666181$17262214$HG02486#1#JAGYVM010000007.1_28868414_29370339_1	0.9687356394632100 1K
NA20538 HG00621#1#JAHBCD010000034.1_2122997_2624098_1$HG00733#1#JAHEPQ010000019.1_46106835_46420495_0	0.9687127101812570 1K
NA20538 HG03492#1#JAHEPI010000180.1_2103395_2543326_1$HG02809.verkko_filt_pat.fa:haplotype2_0001251_103421111_103827972_0	0.9687109702833450 1K
NA20538 HG00438#2#JAHBCA010000012.1_51513023_51826723_0$HG02071.verkko_filt_pat.fa:haplotype2_0000736_102745972_103248026_0	0.9686883742972655 1K
NA20538 HG01109#2#JAHEOZ010000047.1_16671232_17151375_0$HG02004.verkko_filt_pat.fa:haplotype2_0000813_139386576_140076845_1	0.9686824984949637 1K
NA20538 HG00733#1#JAHEPQ010000019.1_46106835_46420495_0$HG02071.verkko_filt_pat.fa:haplotype2_0000736_102745972_103248026_0	0.9686752969350926 1K
NA20538 HG01071#1#JAHBCF010000053.1_26607100_27108065_1$HG03710.verkko_filt_pat.fa:haplotype2_0000488_101614437_102218208_0	0.9686324599407508 1K
NA20538 HG02145#1#JAHKSG010000134.1_2102465_2647653_1$HG03927.verkko_filt_pat.fa:haplotype2_0000800_29002142_29504057_1	0.9685808429159294 1K
NA20538 HG02145#2#JAHKSF010000206.1_1005292_1413195_1$HG02004.verkko_filt_pat.fa:haplotype2_0000813_139386576_140076845_1	0.9685733019203390 1K
NA20538 NA18906#2#JAHEON010000009.1_93748295_94249275_0$chr1_chm13_103304997_103901127_0	0.9685480511392184 1K
NA20538 HG01123#2#JAGYYY010000006.1_51579630_51892388_0$HG02071.verkko_filt_pat.fa:haplotype2_0000736_102745972_103248026_0	0.9685315497779221 1K
NA20538 HG02630#1#JAHAOQ010000102.1_16672145_17079089_0$HG02004.verkko_filt_pat.fa:haplotype2_0000813_139386576_140076845_1	0.9685173895988504 1K
NA20538 HG00438#2#JAHBCA010000012.1_51513023_51826723_0$HG04228.verkko_filt_mat.fa:haplotype1_0000023_103429213_103930285_0	0.9685171696684524 1K
NA20538 HG04228.verkko_filt_pat.fa:haplotype2_0000600_103806749_104119491_0$HG02004.verkko_filt_pat.fa:haplotype2_0000813_139386576_140076845_1	0.9685169670656855 1K
NA20538 AV_HG02148#haplotype2#0002863:16304803$16712699$HG02300.verkko_filt_pat.fa:haplotype2_0000620_143362344_143769323_1	0.9684884442118312 1K
NA20538 HG00438#1#JAHBCB010000015.1_33474867_33954171_0$HG02004.verkko_filt_pat.fa:haplotype2_0000813_139386576_140076845_1	0.9684862876278608 1K
NA20538 HG00733#1#JAHEPQ010000019.1_46106835_46420495_0$HG04228.verkko_filt_mat.fa:haplotype1_0000023_103429213_103930285_0	0.9684805078716615 1K
NA20538 HG01109#1#JAHEPA010000099.1_2104245_2511104_1$HG02004.verkko_filt_pat.fa:haplotype2_0000813_139386576_140076845_1	0.9684497352863423 1K
NA20538 NA18906#1#JAHEOO010000054.1_2103477_2510435_1$HG02004.verkko_filt_pat.fa:haplotype2_0000813_139386576_140076845_1	0.9684062463603752 1K
NA20538 HG01928#1#JAGYVQ010000053.1_16676493_17083407_0$HG01978#2#JAGYVR010000007.1_51532241_51939176_0	0.9683378445303513 1K
NA20538 HG00438#2#JAHBCA010000012.1_51513023_51826723_0$HG02004.verkko_filt_pat.fa:haplotype2_0000813_139386576_140076845_1	0.9683009875799269 1K
NA20538 HG03492#1#JAHEPI010000180.1_2103395_2543326_1$NA18906#1#JAHEOO010000054.1_2103477_2510435_1	0.9682976707371990 1K
NA20538 HG02630#1#JAHAOQ010000102.1_16672145_17079089_0$HG03492#1#JAHEPI010000180.1_2103395_2543326_1	0.9682898858037905 1K
NA20538 AV_HG02257#haplotype2#0001152:102843493$103251377$HG02004.verkko_filt_pat.fa:haplotype2_0000813_139386576_140076845_1	0.9682755686594881 1K
NA20538 HG02723#2#JAHEOT010000034.1_19776337_20321518_1$HG01099.verkko_filt_pat.fa:haplotype2_0000583_143544270_144046196_1	0.9682706211572569 1K
NA20538 HG02145#2#JAHKSF010000206.1_1005292_1413195_1$HG03492#1#JAHEPI010000180.1_2103395_2543326_1	0.9682693946749292 1K
NA20538 HG02717#1#JAHAOS010000015.1_16660311_17067250_0$HG03492#1#JAHEPI010000180.1_2103395_2543326_1	0.9682576469634991 1K
NA20538 HG02630#2#JAHAOP010000089.1_16669255_17076135_0$HG03492#1#JAHEPI010000180.1_2103395_2543326_1	0.9682481023477691 1K
NA20538 HG02723#1#JAHEOU010000204.1_2102082_2414876_1$HG02004.verkko_filt_pat.fa:haplotype2_0000813_139386576_140076845_1	0.9682442035977054 1K
NA20538 HG02717#1#JAHAOS010000015.1_16660311_17067250_0$HG02004.verkko_filt_pat.fa:haplotype2_0000813_139386576_140076845_1	0.9682276038380818 1K
NA20538 HG00621#1#JAHBCD010000034.1_2122997_2624098_1$HG01123#2#JAGYYY010000006.1_51579630_51892388_0	0.9682122231881516 1K
NA20538 HG03492#1#JAHEPI010000180.1_2103395_2543326_1$HG02004.verkko_filt_pat.fa:haplotype2_0000813_139386576_140076845_1	0.9682015544603464 1K
NA20538 HG02818#1#JAHEOS010000101.1_89626_496613_0$HG02004.verkko_filt_pat.fa:haplotype2_0000813_139386576_140076845_1	0.9681863869890885 1K
NA20538 AV_HG01106#haplotype1#0000048:16666181$17262214$NA18906#2#JAHEON010000009.1_93748295_94249275_0	0.9681662671073674 1K
NA20538 HG02622#2#JAHAON010000012.1_51551779_52031001_0$HG02004.verkko_filt_pat.fa:haplotype2_0000813_139386576_140076845_1	0.9681456200705395 1K
NA20538 AV_HG02257#haplotype2#0001152:102843493$103251377$HG03492#1#JAHEPI010000180.1_2103395_2543326_1	0.9681437128237054 1K
NA20538 HG01928#1#JAGYVQ010000053.1_16676493_17083407_0$HG02004.verkko_filt_mat.fa:haplotype1_0000022_97828542_98235483_0	0.9681363225195890 1K
NA20538 HG01123#2#JAGYYY010000006.1_51579630_51892388_0$HG04228.verkko_filt_mat.fa:haplotype1_0000023_103429213_103930285_0	0.9681300107512205 1K
NA20538 HG02723#2#JAHEOT010000034.1_19776337_20321518_1$HG03540#1#JAGYVY010000208.1_95187_596142_0	0.9680957466392057 1K
NA20538 NA20129#2#JAHEPD010000155.1_90039_569275_0$HG02004.verkko_filt_pat.fa:haplotype2_0000813_139386576_140076845_1	0.9680458463610392 1K
NA20538 HG03453#1#JAGYVW010000157.1_2105722_2585000_1$HG03492#1#JAHEPI010000180.1_2103395_2543326_1	0.9680337761413694 1K
NA20538 HG03492#1#JAHEPI010000180.1_2103395_2543326_1$HG01258#2#JAGYYU010000072.1_51562603_51970395_0	0.9680322597557331 1K
NA20538 HG01978#2#JAGYVR010000007.1_51532241_51939176_0$HG02004.verkko_filt_mat.fa:haplotype1_0000022_97828542_98235483_0	0.9680169374204964 1K
NA20538 HG00733#1#JAHEPQ010000019.1_46106835_46420495_0$HG02004.verkko_filt_pat.fa:haplotype2_0000813_139386576_140076845_1	0.9680025843576932 1K
NA20538 HG02622#1#JAHAOO010000002.1_16673678_17080663_0$HG02004.verkko_filt_pat.fa:haplotype2_0000813_139386576_140076845_1	0.9678678333220802 1K
NA20538 HG01123#1#JAGYYZ010000015.1_51528240_51935090_0$HG03492#1#JAHEPI010000180.1_2103395_2543326_1	0.9678639422007498 1K
NA20538 HG03492#2#JAHEPH010000288.1_2098270_2432686_1$HG02004.verkko_filt_pat.fa:haplotype2_0000813_139386576_140076845_1	0.9677880083014897 1K
NA20538 HG03453#1#JAGYVW010000157.1_2105722_2585000_1$HG02004.verkko_filt_pat.fa:haplotype2_0000813_139386576_140076845_1	0.9677853158301611 1K
NA20538 HG01358#1#JAGYZB010000020.1_27445742_27855492_1$HG03710.verkko_filt_pat.fa:haplotype2_0000488_101614437_102218208_0	0.9677664652211505 1K
NA20538 HG03486#2#JAHEOP010000248.1_2105565_2584784_1$HG02004.verkko_filt_pat.fa:haplotype2_0000813_139386576_140076845_1	0.9677479750511414 1K
NA20538 HG03492#1#JAHEPI010000180.1_2103395_2543326_1$HG02717#2#JAHAOR010000006.1_19663827_20070693_1	0.9677304326793060 1K
NA20538 HG01243#1#JAHEOY010000013.1_90081_424495_0$HG02004.verkko_filt_pat.fa:haplotype2_0000813_139386576_140076845_1	0.9677181747464138 1K
NA20538 HG03492#1#JAHEPI010000180.1_2103395_2543326_1$HG02818#1#JAHEOS010000101.1_89626_496613_0	0.9676880512618385 1K
NA20538 HG01123#2#JAGYYY010000006.1_51579630_51892388_0$HG02004.verkko_filt_pat.fa:haplotype2_0000813_139386576_140076845_1	0.9676647916518638 1K
NA20538 HG005#1#JAHEPO010000002.1_51519219_51926067_0$HG03492#1#JAHEPI010000180.1_2103395_2543326_1	0.9676269560534634 1K
NA20538 HG02145#1#JAHKSG010000134.1_2102465_2647653_1$HG01099.verkko_filt_pat.fa:haplotype2_0000583_143544270_144046196_1	0.9676216288528176 1K
NA20538 NA20129#2#JAHEPD010000155.1_90039_569275_0$HG002.verkko_filt_pat.fa:haplotype2_0000649_147937390_148315979_1	0.9676111318009136 1K
NA20538 HG02622#2#JAHAON010000012.1_51551779_52031001_0$HG002.verkko_filt_pat.fa:haplotype2_0000649_147937390_148315979_1	0.9675115212196201 1K
NA20538 HG02145#1#JAHKSG010000134.1_2102465_2647653_1$HG03540#1#JAGYVY010000208.1_95187_596142_0	0.9673513838789614 1K
NA20538 HG03492#1#JAHEPI010000180.1_2103395_2543326_1$HG02622#1#JAHAOO010000002.1_16673678_17080663_0	0.9670906502858938 1K
NA20538 HG01109#1#JAHEPA010000099.1_2104245_2511104_1$HG03492#1#JAHEPI010000180.1_2103395_2543326_1	0.9670421697715121 1K
NA20538 AV_HG01175#haplotype1#0000070:46006269$46414083$HG02004.verkko_filt_pat.fa:haplotype2_0000813_139386576_140076845_1	0.9670231124082549 1K
NA20538 HG01258#1#JAGYYV010000004.1_56955948_57456952_1$chr1_chm13_103304997_103901127_0	0.9669402558570132 1K
NA20538 HG03492#1#JAHEPI010000180.1_2103395_2543326_1$HG00741#2#JAHALX010000013.1_51574319_51981226_0	0.9669097113192060 1K
NA20538 HG03453#2#JAGYVV010000088.1_22597550_23005370_1$HG02004.verkko_filt_pat.fa:haplotype2_0000813_139386576_140076845_1	0.9668975605671323 1K
NA20538 HG02717#1#JAHAOS010000015.1_16660311_17067250_0$HG02145#2#JAHKSF010000206.1_1005292_1413195_1	0.9668716082620649 1K
NA20538 AV_HG01106#haplotype2#0000932:16673968$17175925$HG02723#2#JAHEOT010000034.1_19776337_20321518_1	0.9668697606307829 1K
NA20538 HG03540#2#JAGYVX010000148.1_1368955_1877115_0$HG02004.verkko_filt_pat.fa:haplotype2_0000813_139386576_140076845_1	0.9668458961323552 1K
NA20538 HG03486#2#JAHEOP010000248.1_2105565_2584784_1$HG002.verkko_filt_pat.fa:haplotype2_0000649_147937390_148315979_1	0.9668337613004109 1K
NA20538 AV_HG02257#haplotype2#0001152:102843493$103251377$HG02145#2#JAHKSF010000206.1_1005292_1413195_1	0.9668112569102497 1K
NA20538 HG02004.verkko_filt_pat.fa:haplotype2_0000813_139386576_140076845_1$HG02071.verkko_filt_mat.fa:haplotype1_0000041_103610513_104018399_0	0.9668060300842438 1K
NA20538 HG00621#2#JAHBCC010000031.1_16669999_17077865_0$HG02004.verkko_filt_pat.fa:haplotype2_0000813_139386576_140076845_1	0.9667965977751831 1K
NA20538 HG01071#1#JAHBCF010000053.1_26607100_27108065_1$chr1_chm13_103304997_103901127_0	0.9667709654942719 1K
NA20538 AV_HG02148#haplotype2#0002863:16304803$16712699$HG02004.verkko_filt_pat.fa:haplotype2_0000813_139386576_140076845_1	0.9667617838072388 1K
NA20538 HG02630#1#JAHAOQ010000102.1_16672145_17079089_0$HG02145#2#JAHKSF010000206.1_1005292_1413195_1	0.9667474818194117 1K
NA20538 HG02004.verkko_filt_pat.fa:haplotype2_0000813_139386576_140076845_1$HG002.verkko_filt_mat.fa:haplotype1_0000005_138228497_138636354_1	0.9667466902222490 1K
NA20538 chr1_hg38_103456064_103863972_0$HG02004.verkko_filt_pat.fa:haplotype2_0000813_139386576_140076845_1	0.9667263659955905 1K
NA20538 chr1_hg19_103998686_104406594_0$HG02004.verkko_filt_pat.fa:haplotype2_0000813_139386576_140076845_1	0.9667263659955905 1K
NA20538 AV_HG02257#haplotype2#0001152:102843493$103251377$HG02630#1#JAHAOQ010000102.1_16672145_17079089_0	0.9667042396712991 1K
NA20538 HG00741#1#JAHALY010000007.1_18781197_19307680_1$HG03710.verkko_filt_pat.fa:haplotype2_0000488_101614437_102218208_0	0.9666913379880134 1K
NA20538 HG02004.verkko_filt_pat.fa:haplotype2_0000813_139386576_140076845_1$HG02300.verkko_filt_pat.fa:haplotype2_0000620_143362344_143769323_1	0.9666062696486423 1K
NA20538 HG02145#2#JAHKSF010000206.1_1005292_1413195_1$NA18906#1#JAHEOO010000054.1_2103477_2510435_1	0.9665658028407804 1K
NA20538 AV_HG01106#haplotype1#0000048:16666181$17262214$HG01258#1#JAGYYV010000004.1_56955948_57456952_1	0.9665150964132547 1K
NA20538 HG02004.verkko_filt_pat.fa:haplotype2_0000813_139386576_140076845_1$HG03927.verkko_filt_pat.fa:haplotype2_0000800_29002142_29504057_1	0.9664651390571817 1K
NA20538 HG02630#1#JAHAOQ010000102.1_16672145_17079089_0$HG02717#1#JAHAOS010000015.1_16660311_17067250_0	0.9664142074445872 1K
NA20538 HG02723#2#JAHEOT010000034.1_19776337_20321518_1$HG02486#1#JAGYVM010000007.1_28868414_29370339_1	0.9664109235831364 1K
NA20538 HG02723#2#JAHEOT010000034.1_19776337_20321518_1$HG01258#1#JAGYYV010000004.1_56955948_57456952_1	0.9664079093567678 1K
NA20538 HG005#2#JAHEPN010000023.1_51542210_51950070_0$HG02004.verkko_filt_pat.fa:haplotype2_0000813_139386576_140076845_1	0.9663903044724519 1K
NA20538 HG02723#2#JAHEOT010000034.1_19776337_20321518_1$HG01978#1#JAGYVS010000002.1_51519970_52021951_0	0.9663772578977735 1K
NA20538 AV_HG01106#haplotype1#0000048:16666181$17262214$HG01071#1#JAHBCF010000053.1_26607100_27108065_1	0.9663655641165442 1K
NA20538 HG03486#1#JAHEOQ010000123.1_16677696_17085575_0$HG02004.verkko_filt_pat.fa:haplotype2_0000813_139386576_140076845_1	0.9663570048002378 1K
NA20538 HG01071#1#JAHBCF010000053.1_26607100_27108065_1$HG02723#2#JAHEOT010000034.1_19776337_20321518_1	0.9663416584801872 1K
NA20538 HG02723#2#JAHEOT010000034.1_19776337_20321518_1$NA18906#2#JAHEON010000009.1_93748295_94249275_0	0.9663173950308634 1K
NA20538 AV_HG02257#haplotype2#0001152:102843493$103251377$HG02622#1#JAHAOO010000002.1_16673678_17080663_0	0.9662620001721470 1K
NA20538 AV_HG02257#haplotype2#0001152:102843493$103251377$NA18906#1#JAHEOO010000054.1_2103477_2510435_1	0.9662354971125519 1K
NA20538 HG02145#2#JAHKSF010000206.1_1005292_1413195_1$HG02818#1#JAHEOS010000101.1_89626_496613_0	0.9662089629247949 1K
NA20538 AV_HG01106#haplotype2#0000932:16673968$17175925$HG02145#1#JAHKSG010000134.1_2102465_2647653_1	0.9661909213248709 1K
NA20538 AV_HG02257#haplotype2#0001152:102843493$103251377$HG02818#1#JAHEOS010000101.1_89626_496613_0	0.9661893870318072 1K
NA20538 HG02145#2#JAHKSF010000206.1_1005292_1413195_1$HG02622#1#JAHAOO010000002.1_16673678_17080663_0	0.9661707444803134 1K
NA20538 HG02630#1#JAHAOQ010000102.1_16672145_17079089_0$NA18906#1#JAHEOO010000054.1_2103477_2510435_1	0.9661480575022520 1K
NA20538 HG01978#2#JAGYVR010000007.1_51532241_51939176_0$HG02004.verkko_filt_pat.fa:haplotype2_0000813_139386576_140076845_1	0.9661317813873554 1K
NA20538 HG02717#1#JAHAOS010000015.1_16660311_17067250_0$HG02622#1#JAHAOO010000002.1_16673678_17080663_0	0.9660970736119149 1K
NA20538 HG02004.verkko_filt_pat.fa:haplotype2_0000813_139386576_140076845_1$HG02004.verkko_filt_mat.fa:haplotype1_0000022_97828542_98235483_0	0.9660367525340262 1K
NA20538 HG02717#1#JAHAOS010000015.1_16660311_17067250_0$HG02818#1#JAHEOS010000101.1_89626_496613_0	0.9660333813013633 1K
NA20538 HG02080#2#JAHEOV010000017.1_16662177_17164189_0$HG02723#2#JAHEOT010000034.1_19776337_20321518_1	0.9659603908803673 1K
NA20538 HG02630#1#JAHAOQ010000102.1_16672145_17079089_0$HG02818#1#JAHEOS010000101.1_89626_496613_0	0.9659495290614037 1K
NA20538 HG02717#1#JAHAOS010000015.1_16660311_17067250_0$NA18906#1#JAHEOO010000054.1_2103477_2510435_1	0.9659449489730402 1K
NA20538 AV_HG00673#haplotype1#0000019:16627360$17129375$HG02723#2#JAHEOT010000034.1_19776337_20321518_1	0.9659089621873953 1K
NA20538 HG02723#2#JAHEOT010000034.1_19776337_20321518_1$HG02293.verkko_filt_pat.fa:haplotype2_0000836_148310532_148812524_1	0.9658907589623970 1K
NA20538 HG02622#1#JAHAOO010000002.1_16673678_17080663_0$NA18906#1#JAHEOO010000054.1_2103477_2510435_1	0.9658795294232241 1K
NA20538 HG01928#1#JAGYVQ010000053.1_16676493_17083407_0$HG02004.verkko_filt_pat.fa:haplotype2_0000813_139386576_140076845_1	0.9658740632345572 1K
NA20538 AV_HG02257#haplotype2#0001152:102843493$103251377$HG02717#1#JAHAOS010000015.1_16660311_17067250_0	0.9658481101346852 1K
NA20538 HG02630#1#JAHAOQ010000102.1_16672145_17079089_0$HG02622#1#JAHAOO010000002.1_16673678_17080663_0	0.9658468973790959 1K
NA20538 HG02004.verkko_filt_pat.fa:haplotype2_0000813_139386576_140076845_1$HG002.verkko_filt_pat.fa:haplotype2_0000649_147937390_148315979_1	0.9658050589229822 1K
NA20538 HG01978#1#JAGYVS010000002.1_51519970_52021951_0$HG02145#1#JAHKSG010000134.1_2102465_2647653_1	0.9657204109600142 1K
NA20538 NA18906#1#JAHEOO010000054.1_2103477_2510435_1$HG02818#1#JAHEOS010000101.1_89626_496613_0	0.9656881508013104 1K
NA20538 HG02723#2#JAHEOT010000034.1_19776337_20321518_1$HG04228.verkko_filt_mat.fa:haplotype1_0000023_103429213_103930285_0	0.9656325570195197 1K
NA20538 HG01258#1#JAGYYV010000004.1_56955948_57456952_1$HG02145#1#JAHKSG010000134.1_2102465_2647653_1	0.9656113562261500 1K
NA20538 HG03453#1#JAGYVW010000157.1_2105722_2585000_1$HG002.verkko_filt_pat.fa:haplotype2_0000649_147937390_148315979_1	0.9655777707913754 1K
NA20538 HG02004.verkko_filt_pat.fa:haplotype2_0000813_139386576_140076845_1$HG01099.verkko_filt_pat.fa:haplotype2_0000583_143544270_144046196_1	0.9655673319747026 1K
NA20538 HG02145#1#JAHKSG010000134.1_2102465_2647653_1$NA18906#2#JAHEON010000009.1_93748295_94249275_0	0.9655673261859404 1K
NA20538 AV_HG01106#haplotype1#0000048:16666181$17262214$AV_HG01106#haplotype2#0000932:16673968$17175925	0.9655510967363790 1K
NA20538 AV_HG01106#haplotype2#0000932:16673968$17175925$chr1_chm13_103304997_103901127_0	0.9655441952145600 1K
NA20538 HG02145#1#JAHKSG010000134.1_2102465_2647653_1$HG02486#1#JAGYVM010000007.1_28868414_29370339_1	0.9654967924477496 1K
NA20538 HG00621#1#JAHBCD010000034.1_2122997_2624098_1$HG02723#2#JAHEOT010000034.1_19776337_20321518_1	0.9654958489844405 1K
NA20538 HG02723#2#JAHEOT010000034.1_19776337_20321518_1$HG02071.verkko_filt_pat.fa:haplotype2_0000736_102745972_103248026_0	0.9654803248038354 1K
NA20538 HG01071#1#JAHBCF010000053.1_26607100_27108065_1$HG02145#1#JAHKSG010000134.1_2102465_2647653_1	0.9654022840788703 1K
NA20538 HG02622#1#JAHAOO010000002.1_16673678_17080663_0$HG02818#1#JAHEOS010000101.1_89626_496613_0	0.9653372313881129 1K
NA20538 HG03540#1#JAGYVY010000208.1_95187_596142_0$HG02004.verkko_filt_pat.fa:haplotype2_0000813_139386576_140076845_1	0.9652867428402565 1K
NA20538 HG02080#2#JAHEOV010000017.1_16662177_17164189_0$HG02145#1#JAHKSG010000134.1_2102465_2647653_1	0.9650927977408374 1K
NA20538 HG02145#1#JAHKSG010000134.1_2102465_2647653_1$HG02293.verkko_filt_pat.fa:haplotype2_0000836_148310532_148812524_1	0.9650914764884109 1K
NA20538 HG02486#1#JAGYVM010000007.1_28868414_29370339_1$HG02004.verkko_filt_pat.fa:haplotype2_0000813_139386576_140076845_1	0.9650444369937009 1K
NA20538 AV_HG00673#haplotype1#0000019:16627360$17129375$HG02145#1#JAHKSG010000134.1_2102465_2647653_1	0.9650178043956402 1K
NA20538 AV_HG00673#haplotype1#0000019:16627360$17129375$AV_HG01106#haplotype1#0000048:16666181$17262214	0.9649499501479184 1K
NA20538 AV_HG01106#haplotype1#0000048:16666181$17262214$HG02080#2#JAHEOV010000017.1_16662177_17164189_0	0.9648777493162581 1K
NA20538 AV_HG00673#haplotype1#0000019:16627360$17129375$chr1_chm13_103304997_103901127_0	0.9648236936486245 1K
NA20538 HG02080#2#JAHEOV010000017.1_16662177_17164189_0$chr1_chm13_103304997_103901127_0	0.9647935902330470 1K
NA20538 AV_HG01106#haplotype1#0000048:16666181$17262214$HG02293.verkko_filt_pat.fa:haplotype2_0000836_148310532_148812524_1	0.9647826782661590 1K
NA20538 HG00621#1#JAHBCD010000034.1_2122997_2624098_1$HG02145#1#JAHKSG010000134.1_2102465_2647653_1	0.9647165872025558 1K
NA20538 AV_HG01106#haplotype1#0000048:16666181$17262214$HG01978#1#JAGYVS010000002.1_51519970_52021951_0	0.9647059237213331 1K
NA20538 chr1_chm13_103304997_103901127_0$HG02293.verkko_filt_pat.fa:haplotype2_0000836_148310532_148812524_1	0.9646879483510098 1K
NA20538 AV_HG01106#haplotype1#0000048:16666181$17262214$HG02071.verkko_filt_pat.fa:haplotype2_0000736_102745972_103248026_0	0.9646740256972693 1K
NA20538 HG01978#1#JAGYVS010000002.1_51519970_52021951_0$chr1_chm13_103304997_103901127_0	0.9646692003773218 1K
NA20538 HG02145#1#JAHKSG010000134.1_2102465_2647653_1$HG02071.verkko_filt_pat.fa:haplotype2_0000736_102745972_103248026_0	0.9646297562565532 1K
NA20538 HG02145#1#JAHKSG010000134.1_2102465_2647653_1$HG04228.verkko_filt_mat.fa:haplotype1_0000023_103429213_103930285_0	0.9646103018623571 1K
NA20538 NA18906#2#JAHEON010000009.1_93748295_94249275_0$HG02004.verkko_filt_pat.fa:haplotype2_0000813_139386576_140076845_1	0.9646056931250639 1K
NA20538 HG02723#2#JAHEOT010000034.1_19776337_20321518_1$HG02004.verkko_filt_pat.fa:haplotype2_0000813_139386576_140076845_1	0.9645761121587582 1K
NA20538 chr1_chm13_103304997_103901127_0$HG02071.verkko_filt_pat.fa:haplotype2_0000736_102745972_103248026_0	0.9644980914047775 1K
NA20538 AV_HG01106#haplotype1#0000048:16666181$17262214$HG00621#1#JAHBCD010000034.1_2122997_2624098_1	0.9644619494502511 1K
NA20538 HG00438#1#JAHBCB010000015.1_33474867_33954171_0$HG03098#1#JAHEPM010000059.1_16676208_17105596_0	0.9644513029615647 1K
NA20538 HG00621#1#JAHBCD010000034.1_2122997_2624098_1$chr1_chm13_103304997_103901127_0	0.9643924002317251 1K
NA20538 AV_HG01106#haplotype1#0000048:16666181$17262214$HG04228.verkko_filt_mat.fa:haplotype1_0000023_103429213_103930285_0	0.9643010302372357 1K
NA20538 chr1_chm13_103304997_103901127_0$HG04228.verkko_filt_mat.fa:haplotype1_0000023_103429213_103930285_0	0.9642547320175492 1K
NA20538 HG00438#1#JAHBCB010000015.1_33474867_33954171_0$HG02647.verkko_filt_mat.fa:haplotype1_0000002_103892584_104321036_0	0.9641824961535831 1K
NA20538 HG02145#1#JAHKSG010000134.1_2102465_2647653_1$HG02004.verkko_filt_pat.fa:haplotype2_0000813_139386576_140076845_1	0.9641566995889046 1K
NA20538 HG00438#1#JAHBCB010000015.1_33474867_33954171_0$HG02055#2#JAHEPJ010000017.1_24870122_25298560_1	0.9640664570426197 1K
NA20538 HG00438#1#JAHBCB010000015.1_33474867_33954171_0$HG02809.verkko_filt_mat.fa:haplotype1_0000023_94161320_94589755_0	0.9638351382213508 1K
NA20538 HG01109#2#JAHEOZ010000047.1_16671232_17151375_0$HG02647.verkko_filt_mat.fa:haplotype1_0000002_103892584_104321036_0	0.9632340228559754 1K
NA20538 HG01258#1#JAGYYV010000004.1_56955948_57456952_1$HG02004.verkko_filt_pat.fa:haplotype2_0000813_139386576_140076845_1	0.9632262507105936 1K
NA20538 HG01071#1#JAHBCF010000053.1_26607100_27108065_1$HG02004.verkko_filt_pat.fa:haplotype2_0000813_139386576_140076845_1	0.9631147431900228 1K
NA20538 chr1_chm13_103304997_103901127_0$HG03710.verkko_filt_pat.fa:haplotype2_0000488_101614437_102218208_0	0.9631037972114922 1K
NA20538 HG03098#1#JAHEPM010000059.1_16676208_17105596_0$HG01109#2#JAHEOZ010000047.1_16671232_17151375_0	0.9629642207661402 1K
NA20538 AV_HG01361#haplotype2#0001322:101872897$102186552$HG00438#1#JAHBCB010000015.1_33474867_33954171_0	0.9629333082815466 1K
NA20538 HG01109#2#JAHEOZ010000047.1_16671232_17151375_0$HG02055#2#JAHEPJ010000017.1_24870122_25298560_1	0.9628924749260461 1K
NA20538 HG00438#1#JAHBCB010000015.1_33474867_33954171_0$HG02886#2#JAHAOT010000031.1_87393_401061_0	0.9628527706813415 1K
NA20538 AV_HG01106#haplotype1#0000048:16666181$17262214$HG03710.verkko_filt_pat.fa:haplotype2_0000488_101614437_102218208_0	0.9627989913236705 1K
NA20538 NA20129#2#JAHEPD010000155.1_90039_569275_0$HG02886#2#JAHAOT010000031.1_87393_401061_0	0.9627191877836840 1K
NA20538 HG01109#2#JAHEOZ010000047.1_16671232_17151375_0$HG02809.verkko_filt_mat.fa:haplotype1_0000023_94161320_94589755_0	0.9627011712782403 1K
NA20538 AV_HG01361#haplotype2#0001322:101872897$102186552$NA20129#2#JAHEPD010000155.1_90039_569275_0	0.9626710328098484 1K
NA20538 HG00438#1#JAHBCB010000015.1_33474867_33954171_0$HG03710.verkko_filt_mat.fa:haplotype1_0000029_102593394_102907063_0	0.9626680043869995 1K
NA20538 HG02622#2#JAHAON010000012.1_51551779_52031001_0$HG02886#2#JAHAOT010000031.1_87393_401061_0	0.9625722971869379 1K
NA20538 HG03098#2#JAHEPL010000003.1_93803759_94117426_0$HG00438#1#JAHBCB010000015.1_33474867_33954171_0	0.9625063054703832 1K
NA20538 AV_HG01361#haplotype2#0001322:101872897$102186552$HG02622#2#JAHAON010000012.1_51551779_52031001_0	0.9625058870653953 1K
NA20538 NA20129#2#JAHEPD010000155.1_90039_569275_0$HG03098#1#JAHEPM010000059.1_16676208_17105596_0	0.9624803101417037 1K
NA20538 HG02300.verkko_filt_mat.fa:haplotype1_0000028_144052837_144460586_1$HG002.verkko_filt_pat.fa:haplotype2_0000649_147937390_148315979_1	0.9624519241975574 1K
NA20538 HG02622#2#JAHAON010000012.1_51551779_52031001_0$HG03098#1#JAHEPM010000059.1_16676208_17105596_0	0.9624166429577600 1K
NA20538 NA20129#2#JAHEPD010000155.1_90039_569275_0$HG03098#2#JAHEPL010000003.1_93803759_94117426_0	0.9623804376523538 1K
NA20538 HG03098#2#JAHEPL010000003.1_93803759_94117426_0$HG02622#2#JAHAON010000012.1_51551779_52031001_0	0.9622609206495655 1K
NA20538 HG01099.verkko_filt_mat.fa:haplotype1_0000034_142513097_142920876_1$HG002.verkko_filt_pat.fa:haplotype2_0000649_147937390_148315979_1	0.9621534918787433 1K
NA20538 AV_HG01361#haplotype1#0000023:101593539$102001341$HG002.verkko_filt_pat.fa:haplotype2_0000649_147937390_148315979_1	0.9621417191346000 1K
NA20538 HG02723#2#JAHEOT010000034.1_19776337_20321518_1$HG03710.verkko_filt_pat.fa:haplotype2_0000488_101614437_102218208_0	0.9621402209109710 1K
NA20538 HG00438#1#JAHBCB010000015.1_33474867_33954171_0$HG02647.verkko_filt_pat.fa:haplotype2_0000857_103738150_104051769_0	0.9621037854541978 1K
NA20538 HG00438#1#JAHBCB010000015.1_33474867_33954171_0$HG00733#1#JAHEPQ010000019.1_46106835_46420495_0	0.9620736118632661 1K
NA20538 HG03579#2#JAGYVT010000094.1_51581892_51895531_0$HG00438#1#JAHBCB010000015.1_33474867_33954171_0	0.9620548599737579 1K
NA20538 HG02080#1#JAHEOW010000048.1_16689583_17097287_0$HG002.verkko_filt_pat.fa:haplotype2_0000649_147937390_148315979_1	0.9620409150095608 1K
NA20538 NA20129#2#JAHEPD010000155.1_90039_569275_0$HG03710.verkko_filt_mat.fa:haplotype1_0000029_102593394_102907063_0	0.9619948632806183 1K
NA20538 HG00438#1#JAHBCB010000015.1_33474867_33954171_0$HG00438#2#JAHBCA010000012.1_51513023_51826723_0	0.9619419961274123 1K
NA20538 HG02723#2#JAHEOT010000034.1_19776337_20321518_1$HG03540#2#JAGYVX010000148.1_1368955_1877115_0	0.9619108054960440 1K
NA20538 HG02886#2#JAHAOT010000031.1_87393_401061_0$HG01109#2#JAHEOZ010000047.1_16671232_17151375_0	0.9618911380098333 1K
NA20538 HG02622#2#JAHAON010000012.1_51551779_52031001_0$HG03710.verkko_filt_mat.fa:haplotype1_0000029_102593394_102907063_0	0.9618752730744892 1K
NA20538 NA20129#2#JAHEPD010000155.1_90039_569275_0$HG00438#2#JAHBCA010000012.1_51513023_51826723_0	0.9618344438162315 1K
NA20538 AV_HG01106#haplotype2#0000932:16673968$17175925$HG02004.verkko_filt_pat.fa:haplotype2_0000813_139386576_140076845_1	0.9617593076735027 1K
NA20538 HG02622#2#JAHAON010000012.1_51551779_52031001_0$HG00438#2#JAHBCA010000012.1_51513023_51826723_0	0.9617148621512354 1K
NA20538 AV_HG01361#haplotype2#0001322:101872897$102186552$HG01109#2#JAHEOZ010000047.1_16671232_17151375_0	0.9616833125386491 1K
NA20538 HG00438#1#JAHBCB010000015.1_33474867_33954171_0$HG04228.verkko_filt_pat.fa:haplotype2_0000600_103806749_104119491_0	0.9616655829438795 1K
NA20538 NA20129#2#JAHEPD010000155.1_90039_569275_0$HG02647.verkko_filt_mat.fa:haplotype1_0000002_103892584_104321036_0	0.9616587786901194 1K
NA20538 HG02145#1#JAHKSG010000134.1_2102465_2647653_1$HG03710.verkko_filt_pat.fa:haplotype2_0000488_101614437_102218208_0	0.9616582939633852 1K
NA20538 HG00438#1#JAHBCB010000015.1_33474867_33954171_0$HG02109#2#JAHEPF010000078.1_16678387_16991144_0	0.9616184379730134 1K
NA20538 HG02622#2#JAHAON010000012.1_51551779_52031001_0$HG02647.verkko_filt_mat.fa:haplotype1_0000002_103892584_104321036_0	0.9615887261642239 1K
NA20538 AV_HG00673#haplotype2#0001165:24014011$24421797$HG002.verkko_filt_pat.fa:haplotype2_0000649_147937390_148315979_1	0.9615719850021183 1K
NA20538 HG03486#2#JAHEOP010000248.1_2105565_2584784_1$HG02886#2#JAHAOT010000031.1_87393_401061_0	0.9615669708074073 1K
NA20538 NA19240#2#JAHEOL010000010.1_37445323_37853017_0$HG002.verkko_filt_pat.fa:haplotype2_0000649_147937390_148315979_1	0.9614551017852455 1K
NA20538 NA20129#2#JAHEPD010000155.1_90039_569275_0$HG02055#2#JAHEPJ010000017.1_24870122_25298560_1	0.9614310663612621 1K
NA20538 HG00438#1#JAHBCB010000015.1_33474867_33954171_0$HG02293.verkko_filt_mat.fa:haplotype1_0000039_30204405_30517145_1	0.9613925733639594 1K
NA20538 HG00438#1#JAHBCB010000015.1_33474867_33954171_0$HG01891#1#JAGYVO010000014.1_22855818_23168577_1	0.9613857303963333 1K
NA20538 NA20129#2#JAHEPD010000155.1_90039_569275_0$HG02809.verkko_filt_mat.fa:haplotype1_0000023_94161320_94589755_0	0.9613532993728702 1K
NA20538 HG02622#2#JAHAON010000012.1_51551779_52031001_0$HG02055#2#JAHEPJ010000017.1_24870122_25298560_1	0.9613483104287822 1K
NA20538 HG02723#1#JAHEOU010000204.1_2102082_2414876_1$HG00438#1#JAHBCB010000015.1_33474867_33954171_0	0.9613335934905658 1K
NA20538 NA20129#2#JAHEPD010000155.1_90039_569275_0$HG00733#1#JAHEPQ010000019.1_46106835_46420495_0	0.9613092077937007 1K
NA20538 HG02622#2#JAHAON010000012.1_51551779_52031001_0$HG02809.verkko_filt_mat.fa:haplotype1_0000023_94161320_94589755_0	0.9612705062209890 1K
NA20538 HG01123#2#JAGYYY010000006.1_51579630_51892388_0$HG00438#1#JAHBCB010000015.1_33474867_33954171_0	0.9612545647559572 1K
NA20538 HG01978#1#JAGYVS010000002.1_51519970_52021951_0$HG02004.verkko_filt_pat.fa:haplotype2_0000813_139386576_140076845_1	0.9612445884300078 1K
NA20538 NA20129#2#JAHEPD010000155.1_90039_569275_0$HG02293.verkko_filt_mat.fa:haplotype1_0000039_30204405_30517145_1	0.9612382851716762 1K
NA20538 HG03540#2#JAGYVX010000148.1_1368955_1877115_0$HG02145#1#JAHKSG010000134.1_2102465_2647653_1	0.9612255307931002 1K
NA20538 HG02622#2#JAHAON010000012.1_51551779_52031001_0$HG00733#1#JAHEPQ010000019.1_46106835_46420495_0	0.9611895572322048 1K
NA20538 AV_HG01361#haplotype2#0001322:101872897$102186552$HG03486#2#JAHEOP010000248.1_2105565_2584784_1	0.9611320943247337 1K
NA20538 HG02622#2#JAHAON010000012.1_51551779_52031001_0$HG02293.verkko_filt_mat.fa:haplotype1_0000039_30204405_30517145_1	0.9611094721953832 1K
NA20538 HG03098#2#JAHEPL010000003.1_93803759_94117426_0$HG01109#2#JAHEOZ010000047.1_16671232_17151375_0	0.9611030129629888 1K
NA20538 HG01109#2#JAHEOZ010000047.1_16671232_17151375_0$HG03710.verkko_filt_mat.fa:haplotype1_0000029_102593394_102907063_0	0.9610918740610668 1K
NA20538 HG03486#2#JAHEOP010000248.1_2105565_2584784_1$HG03098#1#JAHEPM010000059.1_16676208_17105596_0	0.9610299320565816 1K
NA20538 HG01109#2#JAHEOZ010000047.1_16671232_17151375_0$HG02293.verkko_filt_mat.fa:haplotype1_0000039_30204405_30517145_1	0.9610043405445150 1K
NA20538 HG01109#2#JAHEOZ010000047.1_16671232_17151375_0$HG04228.verkko_filt_pat.fa:haplotype2_0000600_103806749_104119491_0	0.9609645288070108 1K
NA20538 HG03098#2#JAHEPL010000003.1_93803759_94117426_0$HG03486#2#JAHEOP010000248.1_2105565_2584784_1	0.9609499347155437 1K
NA20538 HG03486#2#JAHEOP010000248.1_2105565_2584784_1$HG03710.verkko_filt_mat.fa:haplotype1_0000029_102593394_102907063_0	0.9609478276311272 1K
NA20538 HG03516#1#JAGYYT010000012.1_24170958_24578778_1$HG002.verkko_filt_pat.fa:haplotype2_0000649_147937390_148315979_1	0.9609327216161999 1K
NA20538 HG01109#2#JAHEOZ010000047.1_16671232_17151375_0$HG02109#2#JAHEPF010000078.1_16678387_16991144_0	0.9609281601387801 1K
NA20538 HG03453#1#JAGYVW010000157.1_2105722_2585000_1$HG03098#1#JAHEPM010000059.1_16676208_17105596_0	0.9608196779706591 1K
NA20538 HG01109#2#JAHEOZ010000047.1_16671232_17151375_0$HG00733#1#JAHEPQ010000019.1_46106835_46420495_0	0.9607738323170650 1K
NA20538 AV_HG00673#haplotype1#0000019:16627360$17129375$HG02004.verkko_filt_pat.fa:haplotype2_0000813_139386576_140076845_1	0.9607334224998553 1K
NA20538 HG02080#2#JAHEOV010000017.1_16662177_17164189_0$HG02004.verkko_filt_pat.fa:haplotype2_0000813_139386576_140076845_1	0.9607177515236731 1K
NA20538 HG01123#2#JAGYYY010000006.1_51579630_51892388_0$HG01109#2#JAHEOZ010000047.1_16671232_17151375_0	0.9606894518945437 1K
NA20538 HG00438#2#JAHBCA010000012.1_51513023_51826723_0$HG01109#2#JAHEOZ010000047.1_16671232_17151375_0	0.9606825251652275 1K
NA20538 HG03492#2#JAHEPH010000288.1_2098270_2432686_1$HG02300.verkko_filt_mat.fa:haplotype1_0000028_144052837_144460586_1	0.9606625806020105 1K
NA20538 HG01243#1#JAHEOY010000013.1_90081_424495_0$HG02300.verkko_filt_mat.fa:haplotype1_0000028_144052837_144460586_1	0.9606486940619813 1K
NA20538 HG03540#2#JAGYVX010000148.1_1368955_1877115_0$HG03710.verkko_filt_pat.fa:haplotype2_0000488_101614437_102218208_0	0.9606418574441024 1K
NA20538 HG03486#2#JAHEOP010000248.1_2105565_2584784_1$HG00733#1#JAHEPQ010000019.1_46106835_46420495_0	0.9605037273954626 1K
NA20538 HG03486#2#JAHEOP010000248.1_2105565_2584784_1$HG02647.verkko_filt_mat.fa:haplotype1_0000002_103892584_104321036_0	0.9604711769830863 1K
NA20538 HG00438#2#JAHBCA010000012.1_51513023_51826723_0$HG03486#2#JAHEOP010000248.1_2105565_2584784_1	0.9604026776200842 1K
NA20538 HG04228.verkko_filt_mat.fa:haplotype1_0000023_103429213_103930285_0$HG02004.verkko_filt_pat.fa:haplotype2_0000813_139386576_140076845_1	0.9603886863376100 1K
NA20538 HG01109#2#JAHEOZ010000047.1_16671232_17151375_0$HG02647.verkko_filt_pat.fa:haplotype2_0000857_103738150_104051769_0	0.9603574825466629 1K
NA20538 HG02723#1#JAHEOU010000204.1_2102082_2414876_1$HG01109#2#JAHEOZ010000047.1_16671232_17151375_0	0.9603521690883234 1K
NA20538 HG02004.verkko_filt_pat.fa:haplotype2_0000813_139386576_140076845_1$HG02071.verkko_filt_pat.fa:haplotype2_0000736_102745972_103248026_0	0.9603334050184873 1K
NA20538 HG03516#2#JAGYYS010000004.1_24452130_24859892_1$HG002.verkko_filt_pat.fa:haplotype2_0000649_147937390_148315979_1	0.9603246772484352 1K
NA20538 HG03579#2#JAGYVT010000094.1_51581892_51895531_0$HG01109#2#JAHEOZ010000047.1_16671232_17151375_0	0.9603183697432633 1K
NA20538 HG02004.verkko_filt_pat.fa:haplotype2_0000813_139386576_140076845_1$HG02293.verkko_filt_pat.fa:haplotype2_0000836_148310532_148812524_1	0.9602789292683414 1K
NA20538 HG03486#2#JAHEOP010000248.1_2105565_2584784_1$HG02055#2#JAHEPJ010000017.1_24870122_25298560_1	0.9602777538465096 1K
NA20538 HG03492#2#JAHEPH010000288.1_2098270_2432686_1$HG01099.verkko_filt_mat.fa:haplotype1_0000034_142513097_142920876_1	0.9602766219294941 1K
NA20538 HG03579#1#JAGYVU010000029.1_91404_499180_0$HG002.verkko_filt_pat.fa:haplotype2_0000649_147937390_148315979_1	0.9602720956273362 1K
NA20538 HG01243#1#JAHEOY010000013.1_90081_424495_0$HG01099.verkko_filt_mat.fa:haplotype1_0000034_142513097_142920876_1	0.9602627721622220 1K
NA20538 AV_HG01361#haplotype2#0001322:101872897$102186552$HG03453#1#JAGYVW010000157.1_2105722_2585000_1	0.9602565050635442 1K
NA20538 HG03453#1#JAGYVW010000157.1_2105722_2585000_1$HG02647.verkko_filt_mat.fa:haplotype1_0000002_103892584_104321036_0	0.9602355567040636 1K
NA20538 HG00621#1#JAHBCD010000034.1_2122997_2624098_1$HG02004.verkko_filt_pat.fa:haplotype2_0000813_139386576_140076845_1	0.9602291177591469 1K
NA20538 AV_HG01361#haplotype1#0000023:101593539$102001341$HG03492#2#JAHEPH010000288.1_2098270_2432686_1	0.9601949857283215 1K
NA20538 HG01109#2#JAHEOZ010000047.1_16671232_17151375_0$HG01891#1#JAGYVO010000014.1_22855818_23168577_1	0.9601871907569102 1K
NA20538 AV_HG01361#haplotype1#0000023:101593539$102001341$HG01243#1#JAHEOY010000013.1_90081_424495_0	0.9601599971344883 1K
NA20538 HG02080#1#JAHEOW010000048.1_16689583_17097287_0$HG03492#2#JAHEPH010000288.1_2098270_2432686_1	0.9601497646746836 1K
NA20538 HG03486#2#JAHEOP010000248.1_2105565_2584784_1$HG02293.verkko_filt_mat.fa:haplotype1_0000039_30204405_30517145_1	0.9601441404775812 1K
NA20538 HG02559#1#JAGYVK010000012.1_51505852_51913611_0$HG002.verkko_filt_pat.fa:haplotype2_0000649_147937390_148315979_1	0.9601064853301998 1K
NA20538 HG02080#1#JAHEOW010000048.1_16689583_17097287_0$HG01243#1#JAHEOY010000013.1_90081_424495_0	0.9600935971860646 1K
NA20538 HG03486#2#JAHEOP010000248.1_2105565_2584784_1$HG02809.verkko_filt_mat.fa:haplotype1_0000023_94161320_94589755_0	0.9600578877887236 1K
NA20538 HG03453#1#JAGYVW010000157.1_2105722_2585000_1$HG02886#2#JAHAOT010000031.1_87393_401061_0	0.9600015284130058 1K
NA20538 HG03453#1#JAGYVW010000157.1_2105722_2585000_1$HG03710.verkko_filt_mat.fa:haplotype1_0000029_102593394_102907063_0	0.9598820598175875 1K
NA20538 HG02004.verkko_filt_pat.fa:haplotype2_0000813_139386576_140076845_1$HG03710.verkko_filt_pat.fa:haplotype2_0000488_101614437_102218208_0	0.9598735853407860 1K
NA20538 HG03492#2#JAHEPH010000288.1_2098270_2432686_1$NA19240#2#JAHEOL010000010.1_37445323_37853017_0	0.9598733561843010 1K
NA20538 HG01243#1#JAHEOY010000013.1_90081_424495_0$NA19240#2#JAHEOL010000010.1_37445323_37853017_0	0.9598384461279947 1K
NA20538 HG02818#2#JAHEOR010000010.1_31775319_32183091_1$HG002.verkko_filt_pat.fa:haplotype2_0000649_147937390_148315979_1	0.9598346459531024 1K
NA20538 HG01358#1#JAGYZB010000020.1_27445742_27855492_1$HG002.verkko_filt_pat.fa:haplotype2_0000649_147937390_148315979_1	0.9598175738730818 1K
NA20538 HG03453#1#JAGYVW010000157.1_2105722_2585000_1$HG02055#2#JAHEPJ010000017.1_24870122_25298560_1	0.9598046831740595 1K
NA20538 AV_HG00673#haplotype2#0001165:24014011$24421797$HG03492#2#JAHEPH010000288.1_2098270_2432686_1	0.9596919418653801 1K
NA20538 NA19240#1#JAHEOM010000047.1_30103390_30511199_1$HG002.verkko_filt_pat.fa:haplotype2_0000649_147937390_148315979_1	0.9596511246943057 1K
NA20538 AV_HG00673#haplotype2#0001165:24014011$24421797$HG01243#1#JAHEOY010000013.1_90081_424495_0	0.9596464514796660 1K
NA20538 HG03453#1#JAGYVW010000157.1_2105722_2585000_1$HG02809.verkko_filt_mat.fa:haplotype1_0000023_94161320_94589755_0	0.9596167174696193 1K
NA20538 HG03927.verkko_filt_mat.fa:haplotype1_0000009_134765170_135173010_1$HG002.verkko_filt_pat.fa:haplotype2_0000649_147937390_148315979_1	0.9595950942018164 1K
NA20538 HG03492#2#JAHEPH010000288.1_2098270_2432686_1$HG03516#1#JAGYYT010000012.1_24170958_24578778_1	0.9595097487261302 1K
NA20538 HG03453#1#JAGYVW010000157.1_2105722_2585000_1$HG00733#1#JAHEPQ010000019.1_46106835_46420495_0	0.9594981016387782 1K
NA20538 HG01243#1#JAHEOY010000013.1_90081_424495_0$HG03516#1#JAGYYT010000012.1_24170958_24578778_1	0.9594645227133415 1K
NA20538 HG03453#1#JAGYVW010000157.1_2105722_2585000_1$HG03098#2#JAHEPL010000003.1_93803759_94117426_0	0.9594058279106753 1K
NA20538 HG03453#1#JAGYVW010000157.1_2105722_2585000_1$HG02293.verkko_filt_mat.fa:haplotype1_0000039_30204405_30517145_1	0.9591223826869565 1K
NA20538 chr1_hg38_103456064_103863972_0$HG002.verkko_filt_pat.fa:haplotype2_0000649_147937390_148315979_1	0.9590715260998450 1K
NA20538 chr1_hg19_103998686_104406594_0$HG002.verkko_filt_pat.fa:haplotype2_0000649_147937390_148315979_1	0.9590715260998450 1K
NA20538 HG002.verkko_filt_mat.fa:haplotype1_0000005_138228497_138636354_1$HG002.verkko_filt_pat.fa:haplotype2_0000649_147937390_148315979_1	0.9589477906197613 1K
NA20538 AV_HG01175#haplotype1#0000070:46006269$46414083$HG002.verkko_filt_pat.fa:haplotype2_0000649_147937390_148315979_1	0.9589476662047088 1K
NA20538 HG03453#1#JAGYVW010000157.1_2105722_2585000_1$HG00438#2#JAHBCA010000012.1_51513023_51826723_0	0.9589115523571204 1K
NA20538 HG00621#2#JAHBCC010000031.1_16669999_17077865_0$HG002.verkko_filt_pat.fa:haplotype2_0000649_147937390_148315979_1	0.9587751380254405 1K
NA20538 NA20129#2#JAHEPD010000155.1_90039_569275_0$HG02647.verkko_filt_pat.fa:haplotype2_0000857_103738150_104051769_0	0.9586417088500021 1K
NA20538 HG005#2#JAHEPN010000023.1_51542210_51950070_0$HG002.verkko_filt_pat.fa:haplotype2_0000649_147937390_148315979_1	0.9586237267327732 1K
NA20538 NA20129#2#JAHEPD010000155.1_90039_569275_0$HG02109#2#JAHEPF010000078.1_16678387_16991144_0	0.9586040436570860 1K
NA20538 HG02071.verkko_filt_mat.fa:haplotype1_0000041_103610513_104018399_0$HG002.verkko_filt_pat.fa:haplotype2_0000649_147937390_148315979_1	0.9586039045206662 1K
NA20538 HG03486#1#JAHEOQ010000123.1_16677696_17085575_0$HG002.verkko_filt_pat.fa:haplotype2_0000649_147937390_148315979_1	0.9585834657069930 1K
NA20538 NA20129#2#JAHEPD010000155.1_90039_569275_0$HG03579#2#JAGYVT010000094.1_51581892_51895531_0	0.9585754193819045 1K
NA20538 HG03453#2#JAGYVV010000088.1_22597550_23005370_1$HG002.verkko_filt_pat.fa:haplotype2_0000649_147937390_148315979_1	0.9585585047199603 1K
NA20538 NA20129#2#JAHEPD010000155.1_90039_569275_0$HG04228.verkko_filt_pat.fa:haplotype2_0000600_103806749_104119491_0	0.9585028006242187 1K
NA20538 HG02622#2#JAHAON010000012.1_51551779_52031001_0$HG02647.verkko_filt_pat.fa:haplotype2_0000857_103738150_104051769_0	0.9584761828059197 1K
NA20538 HG02622#2#JAHAON010000012.1_51551779_52031001_0$HG02109#2#JAHEPF010000078.1_16678387_16991144_0	0.9584566679097534 1K
NA20538 HG01243#1#JAHEOY010000013.1_90081_424495_0$HG03516#2#JAGYYS010000004.1_24452130_24859892_1	0.9584300485476142 1K
NA20538 HG03579#2#JAGYVT010000094.1_51581892_51895531_0$HG02622#2#JAHAON010000012.1_51551779_52031001_0	0.9584280426841852 1K
NA20538 HG03492#2#JAHEPH010000288.1_2098270_2432686_1$HG03516#2#JAGYYS010000004.1_24452130_24859892_1	0.9584227086818514 1K
NA20538 AV_HG02148#haplotype2#0002863:16304803$16712699$HG002.verkko_filt_pat.fa:haplotype2_0000649_147937390_148315979_1	0.9584115012353702 1K
NA20538 HG02622#2#JAHAON010000012.1_51551779_52031001_0$HG04228.verkko_filt_pat.fa:haplotype2_0000600_103806749_104119491_0	0.9583917410370230 1K
NA20538 HG02559#1#JAGYVK010000012.1_51505852_51913611_0$HG03492#2#JAHEPH010000288.1_2098270_2432686_1	0.9583785128572191 1K
NA20538 HG03492#2#JAHEPH010000288.1_2098270_2432686_1$HG03579#1#JAGYVU010000029.1_91404_499180_0	0.9583754733618689 1K
NA20538 HG02109#1#JAHEPG010000026.1_16673035_17080816_0$HG002.verkko_filt_pat.fa:haplotype2_0000649_147937390_148315979_1	0.9583650191438170 1K
NA20538 HG02559#1#JAGYVK010000012.1_51505852_51913611_0$HG01243#1#JAHEOY010000013.1_90081_424495_0	0.9583648334334987 1K
NA20538 HG01243#1#JAHEOY010000013.1_90081_424495_0$HG03579#1#JAGYVU010000029.1_91404_499180_0	0.9583197417710047 1K
NA20538 NA20129#2#JAHEPD010000155.1_90039_569275_0$HG01123#2#JAGYYY010000006.1_51579630_51892388_0	0.9582805858849106 1K
NA20538 HG02723#1#JAHEOU010000204.1_2102082_2414876_1$NA20129#2#JAHEPD010000155.1_90039_569275_0	0.9582635984062203 1K
NA20538 HG02818#2#JAHEOR010000010.1_31775319_32183091_1$HG01243#1#JAHEOY010000013.1_90081_424495_0	0.9582461449459013 1K
NA20538 HG01978#2#JAGYVR010000007.1_51532241_51939176_0$HG002.verkko_filt_pat.fa:haplotype2_0000649_147937390_148315979_1	0.9582198546597368 1K
NA20538 HG02818#2#JAHEOR010000010.1_31775319_32183091_1$HG03492#2#JAHEPH010000288.1_2098270_2432686_1	0.9582072991596601 1K
NA20538 HG01123#2#JAGYYY010000006.1_51579630_51892388_0$HG02622#2#JAHAON010000012.1_51551779_52031001_0	0.9581604296553312 1K
NA20538 HG02723#1#JAHEOU010000204.1_2102082_2414876_1$HG02622#2#JAHAON010000012.1_51551779_52031001_0	0.9581343283361853 1K
NA20538 NA20129#2#JAHEPD010000155.1_90039_569275_0$HG01891#1#JAGYVO010000014.1_22855818_23168577_1	0.9580629568762796 1K
NA20538 HG01243#1#JAHEOY010000013.1_90081_424495_0$NA19240#1#JAHEOM010000047.1_30103390_30511199_1	0.9580490584611780 1K
NA20538 HG02300.verkko_filt_pat.fa:haplotype2_0000620_143362344_143769323_1$HG002.verkko_filt_pat.fa:haplotype2_0000649_147937390_148315979_1	0.9580250597280393 1K
NA20538 HG03492#2#JAHEPH010000288.1_2098270_2432686_1$NA19240#1#JAHEOM010000047.1_30103390_30511199_1	0.9580207076476621 1K
NA20538 HG02004.verkko_filt_mat.fa:haplotype1_0000022_97828542_98235483_0$HG002.verkko_filt_pat.fa:haplotype2_0000649_147937390_148315979_1	0.9580093220746233 1K
NA20538 HG03492#1#JAHEPI010000180.1_2103395_2543326_1$HG01243#1#JAHEOY010000013.1_90081_424495_0	0.9579547242197393 1K
NA20538 HG01243#1#JAHEOY010000013.1_90081_424495_0$HG03927.verkko_filt_mat.fa:haplotype1_0000009_134765170_135173010_1	0.9579471078176630 1K
NA20538 HG03492#2#JAHEPH010000288.1_2098270_2432686_1$HG03927.verkko_filt_mat.fa:haplotype1_0000009_134765170_135173010_1	0.9579397311492890 1K
NA20538 HG03492#2#JAHEPH010000288.1_2098270_2432686_1$HG03492#1#JAHEPI010000180.1_2103395_2543326_1	0.9579186213922247 1K
NA20538 HG01928#1#JAGYVQ010000053.1_16676493_17083407_0$HG002.verkko_filt_pat.fa:haplotype2_0000649_147937390_148315979_1	0.9579020042360544 1K
NA20538 HG03486#2#JAHEOP010000248.1_2105565_2584784_1$HG02647.verkko_filt_pat.fa:haplotype2_0000857_103738150_104051769_0	0.9578688182987205 1K
NA20538 HG02622#2#JAHAON010000012.1_51551779_52031001_0$HG01891#1#JAGYVO010000014.1_22855818_23168577_1	0.9578520619351348 1K
NA20538 HG03579#2#JAGYVT010000094.1_51581892_51895531_0$HG03486#2#JAHEOP010000248.1_2105565_2584784_1	0.9578483145279286 1K
NA20538 HG03486#2#JAHEOP010000248.1_2105565_2584784_1$HG02109#2#JAHEPF010000078.1_16678387_16991144_0	0.9575789218860223 1K
NA20538 HG03492#2#JAHEPH010000288.1_2098270_2432686_1$HG01358#1#JAGYZB010000020.1_27445742_27855492_1	0.9575632714768166 1K
NA20538 HG01243#1#JAHEOY010000013.1_90081_424495_0$HG01358#1#JAGYZB010000020.1_27445742_27855492_1	0.9575502238714955 1K
NA20538 HG02300.verkko_filt_mat.fa:haplotype1_0000028_144052837_144460586_1$HG02647.verkko_filt_mat.fa:haplotype1_0000002_103892584_104321036_0	0.9574971459754269 1K
NA20538 HG03486#2#JAHEOP010000248.1_2105565_2584784_1$HG04228.verkko_filt_pat.fa:haplotype2_0000600_103806749_104119491_0	0.9574938801390380 1K
NA20538 HG03098#1#JAHEPM010000059.1_16676208_17105596_0$HG02300.verkko_filt_mat.fa:haplotype1_0000028_144052837_144460586_1	0.9573538899311977 1K
NA20538 HG03492#2#JAHEPH010000288.1_2098270_2432686_1$chr1_hg38_103456064_103863972_0	0.9573347164700855 1K
NA20538 HG03492#2#JAHEPH010000288.1_2098270_2432686_1$chr1_hg19_103998686_104406594_0	0.9573347164700855 1K
NA20538 HG02559#2#JAGYVJ010000037.1_52167780_52574597_1$HG002.verkko_filt_pat.fa:haplotype2_0000649_147937390_148315979_1	0.9573287684018865 1K
NA20538 chr1_hg38_103456064_103863972_0$HG01243#1#JAHEOY010000013.1_90081_424495_0	0.9573104465234232 1K
NA20538 chr1_hg19_103998686_104406594_0$HG01243#1#JAHEOY010000013.1_90081_424495_0	0.9573104465234232 1K
NA20538 AV_HG01175#haplotype1#0000070:46006269$46414083$HG03492#2#JAHEPH010000288.1_2098270_2432686_1	0.9572794551163205 1K
NA20538 AV_HG01175#haplotype1#0000070:46006269$46414083$HG01243#1#JAHEOY010000013.1_90081_424495_0	0.9572552093758500 1K
NA20538 HG01243#1#JAHEOY010000013.1_90081_424495_0$HG002.verkko_filt_mat.fa:haplotype1_0000005_138228497_138636354_1	0.9572518883112384 1K
NA20538 HG03492#2#JAHEPH010000288.1_2098270_2432686_1$HG002.verkko_filt_mat.fa:haplotype1_0000005_138228497_138636354_1	0.9572445411605652 1K
NA20538 HG01123#2#JAGYYY010000006.1_51579630_51892388_0$HG03486#2#JAHEOP010000248.1_2105565_2584784_1	0.9572241005972612 1K
NA20538 HG02055#2#JAHEPJ010000017.1_24870122_25298560_1$HG02300.verkko_filt_mat.fa:haplotype1_0000028_144052837_144460586_1	0.9571500772644538 1K
NA20538 HG01099.verkko_filt_mat.fa:haplotype1_0000034_142513097_142920876_1$HG02647.verkko_filt_mat.fa:haplotype1_0000002_103892584_104321036_0	0.9571348705365744 1K
NA20538 HG02486#2#JAGYVL010000029.1_94163344_94570162_0$HG002.verkko_filt_pat.fa:haplotype2_0000649_147937390_148315979_1	0.9570923097087398 1K
NA20538 HG02300.verkko_filt_mat.fa:haplotype1_0000028_144052837_144460586_1$HG02809.verkko_filt_mat.fa:haplotype1_0000023_94161320_94589755_0	0.9570280369448925 1K
NA20538 HG00621#2#JAHBCC010000031.1_16669999_17077865_0$HG03492#2#JAHEPH010000288.1_2098270_2432686_1	0.9570168941882650 1K
NA20538 HG00621#2#JAHBCC010000031.1_16669999_17077865_0$HG01243#1#JAHEOY010000013.1_90081_424495_0	0.9570137287842710 1K
NA20538 HG03098#1#JAHEPM010000059.1_16676208_17105596_0$HG01099.verkko_filt_mat.fa:haplotype1_0000034_142513097_142920876_1	0.9569929828480993 1K
NA20538 AV_HG01361#haplotype1#0000023:101593539$102001341$HG02647.verkko_filt_mat.fa:haplotype1_0000002_103892584_104321036_0	0.9569667296971940 1K
NA20538 HG03486#2#JAHEOP010000248.1_2105565_2584784_1$HG01891#1#JAGYVO010000014.1_22855818_23168577_1	0.9569412780015768 1K
NA20538 HG03486#1#JAHEOQ010000123.1_16677696_17085575_0$HG03492#2#JAHEPH010000288.1_2098270_2432686_1	0.9569223261655631 1K
NA20538 HG03492#2#JAHEPH010000288.1_2098270_2432686_1$HG03453#2#JAGYVV010000088.1_22597550_23005370_1	0.9569165491644094 1K
NA20538 HG03453#2#JAGYVV010000088.1_22597550_23005370_1$HG01243#1#JAHEOY010000013.1_90081_424495_0	0.9569134225013330 1K
NA20538 HG03492#2#JAHEPH010000288.1_2098270_2432686_1$HG02071.verkko_filt_mat.fa:haplotype1_0000041_103610513_104018399_0	0.9569080712806289 1K
NA20538 AV_HG01361#haplotype1#0000023:101593539$102001341$HG03098#1#JAHEPM010000059.1_16676208_17105596_0	0.9569068615415227 1K
NA20538 HG03492#2#JAHEPH010000288.1_2098270_2432686_1$HG005#2#JAHEPN010000023.1_51542210_51950070_0	0.9569006432054585 1K
NA20538 HG03486#1#JAHEOQ010000123.1_16677696_17085575_0$HG01243#1#JAHEOY010000013.1_90081_424495_0	0.9568981460975643 1K
NA20538 HG02055#2#JAHEPJ010000017.1_24870122_25298560_1$HG01099.verkko_filt_mat.fa:haplotype1_0000034_142513097_142920876_1	0.9568949631673055 1K
NA20538 HG02886#1#JAHAOU010000178.1_62411_469262_0$HG002.verkko_filt_pat.fa:haplotype2_0000649_147937390_148315979_1	0.9568867943226972 1K
NA20538 HG01243#1#JAHEOY010000013.1_90081_424495_0$HG005#2#JAHEPN010000023.1_51542210_51950070_0	0.9568659732740312 1K
NA20538 HG01243#1#JAHEOY010000013.1_90081_424495_0$HG02071.verkko_filt_mat.fa:haplotype1_0000041_103610513_104018399_0	0.9568627926509644 1K
NA20538 HG02809.verkko_filt_pat.fa:haplotype2_0001251_103421111_103827972_0$HG002.verkko_filt_pat.fa:haplotype2_0000649_147937390_148315979_1	0.9568410874286090 1K
NA20538 AV_HG01106#haplotype1#0000048:16666181$17262214$chr1_chm13_103304997_103901127_0	0.9568285849738618 1K
NA20538 HG02630#2#JAHAOP010000089.1_16669255_17076135_0$HG002.verkko_filt_pat.fa:haplotype2_0000649_147937390_148315979_1	0.9567854659777626 1K
NA20538 HG01099.verkko_filt_mat.fa:haplotype1_0000034_142513097_142920876_1$HG02809.verkko_filt_mat.fa:haplotype1_0000023_94161320_94589755_0	0.9567813837737174 1K
NA20538 AV_HG01361#haplotype1#0000023:101593539$102001341$HG02055#2#JAHEPJ010000017.1_24870122_25298560_1	0.9567678832232757 1K
NA20538 AV_HG02148#haplotype2#0002863:16304803$16712699$HG03492#2#JAHEPH010000288.1_2098270_2432686_1	0.9567545134209015 1K
NA20538 AV_HG02148#haplotype2#0002863:16304803$16712699$HG01243#1#JAHEOY010000013.1_90081_424495_0	0.9567408566821275 1K
NA20538 HG02723#1#JAHEOU010000204.1_2102082_2414876_1$HG03486#2#JAHEOP010000248.1_2105565_2584784_1	0.9567338174425981 1K
NA20538 HG02080#1#JAHEOW010000048.1_16689583_17097287_0$HG02647.verkko_filt_mat.fa:haplotype1_0000002_103892584_104321036_0	0.9567267227962406 1K
NA20538 HG02080#1#JAHEOW010000048.1_16689583_17097287_0$HG03098#1#JAHEPM010000059.1_16676208_17105596_0	0.9567079852101744 1K
NA20538 AV_HG01361#haplotype1#0000023:101593539$102001341$HG02809.verkko_filt_mat.fa:haplotype1_0000023_94161320_94589755_0	0.9566788826227695 1K
NA20538 HG01258#2#JAGYYU010000072.1_51562603_51970395_0$HG002.verkko_filt_pat.fa:haplotype2_0000649_147937390_148315979_1	0.9566310764798475 1K
NA20538 HG03453#1#JAGYVW010000157.1_2105722_2585000_1$HG04228.verkko_filt_pat.fa:haplotype2_0000600_103806749_104119491_0	0.9565315107452209 1K
NA20538 HG03492#2#JAHEPH010000288.1_2098270_2432686_1$HG01978#2#JAGYVR010000007.1_51532241_51939176_0	0.9565201360620228 1K
NA20538 NA19240#2#JAHEOL010000010.1_37445323_37853017_0$HG02647.verkko_filt_mat.fa:haplotype1_0000002_103892584_104321036_0	0.9565046428835513 1K
NA20538 HG02080#1#JAHEOW010000048.1_16689583_17097287_0$HG02055#2#JAHEPJ010000017.1_24870122_25298560_1	0.9564869875857585 1K
NA20538 HG01243#1#JAHEOY010000013.1_90081_424495_0$HG01978#2#JAGYVR010000007.1_51532241_51939176_0	0.9564644092870892 1K
NA20538 HG03453#1#JAGYVW010000157.1_2105722_2585000_1$HG01123#2#JAGYYY010000006.1_51579630_51892388_0	0.9564136964658507 1K
NA20538 HG02080#1#JAHEOW010000048.1_16689583_17097287_0$HG02809.verkko_filt_mat.fa:haplotype1_0000023_94161320_94589755_0	0.9563980935833073 1K
NA20538 HG03492#2#JAHEPH010000288.1_2098270_2432686_1$HG02004.verkko_filt_mat.fa:haplotype1_0000022_97828542_98235483_0	0.9563839769899927 1K
NA20538 HG03098#1#JAHEPM010000059.1_16676208_17105596_0$NA19240#2#JAHEOL010000010.1_37445323_37853017_0	0.9563571718006326 1K
NA20538 HG03492#2#JAHEPH010000288.1_2098270_2432686_1$HG02109#1#JAHEPG010000026.1_16673035_17080816_0	0.9563570759875704 1K
NA20538 HG02109#1#JAHEPG010000026.1_16673035_17080816_0$HG01243#1#JAHEOY010000013.1_90081_424495_0	0.9563434965243421 1K
NA20538 HG01243#1#JAHEOY010000013.1_90081_424495_0$HG02004.verkko_filt_mat.fa:haplotype1_0000022_97828542_98235483_0	0.9563283527714089 1K
NA20538 HG01243#1#JAHEOY010000013.1_90081_424495_0$HG02300.verkko_filt_pat.fa:haplotype2_0000620_143362344_143769323_1	0.9563094059995531 1K
NA20538 HG01928#1#JAGYVQ010000053.1_16676493_17083407_0$HG03492#2#JAHEPH010000288.1_2098270_2432686_1	0.9562995361779227 1K
NA20538 HG03492#2#JAHEPH010000288.1_2098270_2432686_1$HG02300.verkko_filt_pat.fa:haplotype2_0000620_143362344_143769323_1	0.9562494183244187 1K
NA20538 HG02145#2#JAHKSF010000206.1_1005292_1413195_1$HG002.verkko_filt_pat.fa:haplotype2_0000649_147937390_148315979_1	0.9562454907419516 1K
NA20538 HG01928#1#JAGYVQ010000053.1_16676493_17083407_0$HG01243#1#JAHEOY010000013.1_90081_424495_0	0.9562439147772382 1K
NA20538 HG03453#1#JAGYVW010000157.1_2105722_2585000_1$HG02109#2#JAHEPF010000078.1_16678387_16991144_0	0.9562403809078452 1K
NA20538 HG00438#1#JAHBCB010000015.1_33474867_33954171_0$HG02723#2#JAHEOT010000034.1_19776337_20321518_1	0.9562380800010456 1K
NA20538 HG02055#2#JAHEPJ010000017.1_24870122_25298560_1$NA19240#2#JAHEOL010000010.1_37445323_37853017_0	0.9562330874734969 1K
NA20538 AV_HG00673#haplotype2#0001165:24014011$24421797$HG03098#1#JAHEPM010000059.1_16676208_17105596_0	0.9561434945854841 1K
NA20538 HG03516#1#JAGYYT010000012.1_24170958_24578778_1$HG02647.verkko_filt_mat.fa:haplotype1_0000002_103892584_104321036_0	0.9560997560465175 1K
NA20538 AV_HG00673#haplotype2#0001165:24014011$24421797$HG02647.verkko_filt_mat.fa:haplotype1_0000002_103892584_104321036_0	0.9560945200423995 1K
NA20538 HG02723#2#JAHEOT010000034.1_19776337_20321518_1$HG01109#2#JAHEOZ010000047.1_16671232_17151375_0	0.9560912062210005 1K
NA20538 NA19240#2#JAHEOL010000010.1_37445323_37853017_0$HG02809.verkko_filt_mat.fa:haplotype1_0000023_94161320_94589755_0	0.9560304799611092 1K
NA20538 HG00438#1#JAHBCB010000015.1_33474867_33954171_0$HG02145#1#JAHKSG010000134.1_2102465_2647653_1	0.9560221096691196 1K
NA20538 AV_HG02257#haplotype2#0001152:102843493$103251377$HG002.verkko_filt_pat.fa:haplotype2_0000649_147937390_148315979_1	0.9560176187093454 1K
NA20538 AV_HG00673#haplotype2#0001165:24014011$24421797$HG02055#2#JAHEPJ010000017.1_24870122_25298560_1	0.9559294766796034 1K
NA20538 HG02717#2#JAHAOR010000006.1_19663827_20070693_1$HG002.verkko_filt_pat.fa:haplotype2_0000649_147937390_148315979_1	0.9559079050623801 1K
NA20538 HG03098#1#JAHEPM010000059.1_16676208_17105596_0$HG03516#1#JAGYYT010000012.1_24170958_24578778_1	0.9558750582651443 1K
NA20538 HG01123#1#JAGYYZ010000015.1_51528240_51935090_0$HG002.verkko_filt_pat.fa:haplotype2_0000649_147937390_148315979_1	0.9558674906805364 1K
NA20538 AV_HG00673#haplotype2#0001165:24014011$24421797$HG02809.verkko_filt_mat.fa:haplotype1_0000023_94161320_94589755_0	0.9558575744313198 1K
NA20538 HG02630#1#JAHAOQ010000102.1_16672145_17079089_0$HG002.verkko_filt_pat.fa:haplotype2_0000649_147937390_148315979_1	0.9558272914759252 1K
NA20538 HG03516#1#JAGYYT010000012.1_24170958_24578778_1$HG02055#2#JAHEPJ010000017.1_24870122_25298560_1	0.9558056359892922 1K
NA20538 HG02717#1#JAHAOS010000015.1_16660311_17067250_0$HG002.verkko_filt_pat.fa:haplotype2_0000649_147937390_148315979_1	0.9557969079242465 1K
NA20538 NA18906#1#JAHEOO010000054.1_2103477_2510435_1$HG002.verkko_filt_pat.fa:haplotype2_0000649_147937390_148315979_1	0.9557681983393485 1K
NA20538 HG005#1#JAHEPO010000002.1_51519219_51926067_0$HG002.verkko_filt_pat.fa:haplotype2_0000649_147937390_148315979_1	0.9557020548281667 1K
NA20538 HG02723#1#JAHEOU010000204.1_2102082_2414876_1$HG03453#1#JAGYVW010000157.1_2105722_2585000_1	0.9556481796127503 1K
NA20538 HG03516#1#JAGYYT010000012.1_24170958_24578778_1$HG02809.verkko_filt_mat.fa:haplotype1_0000023_94161320_94589755_0	0.9555720693346447 1K
NA20538 HG02559#2#JAGYVJ010000037.1_52167780_52574597_1$HG01243#1#JAHEOY010000013.1_90081_424495_0	0.9555600464574886 1K
NA20538 HG02559#2#JAGYVJ010000037.1_52167780_52574597_1$HG03492#2#JAHEPH010000288.1_2098270_2432686_1	0.9555212430415736 1K
NA20538 HG02818#1#JAHEOS010000101.1_89626_496613_0$HG002.verkko_filt_pat.fa:haplotype2_0000649_147937390_148315979_1	0.9553895264566440 1K
NA20538 HG03927.verkko_filt_mat.fa:haplotype1_0000009_134765170_135173010_1$HG02647.verkko_filt_mat.fa:haplotype1_0000002_103892584_104321036_0	0.9553325857703855 1K
NA20538 HG01109#1#JAHEPA010000099.1_2104245_2511104_1$HG002.verkko_filt_pat.fa:haplotype2_0000649_147937390_148315979_1	0.9553073454103100 1K
NA20538 HG03453#1#JAGYVW010000157.1_2105722_2585000_1$HG02647.verkko_filt_pat.fa:haplotype2_0000857_103738150_104051769_0	0.9552647145914760 1K
NA20538 HG03453#1#JAGYVW010000157.1_2105722_2585000_1$HG03579#2#JAGYVT010000094.1_51581892_51895531_0	0.9552180150149764 1K
NA20538 HG03098#1#JAHEPM010000059.1_16676208_17105596_0$HG03927.verkko_filt_mat.fa:haplotype1_0000009_134765170_135173010_1	0.9551666820013341 1K
NA20538 HG02055#2#JAHEPJ010000017.1_24870122_25298560_1$HG03927.verkko_filt_mat.fa:haplotype1_0000009_134765170_135173010_1	0.9550962005704812 1K
NA20538 HG00741#2#JAHALX010000013.1_51574319_51981226_0$HG002.verkko_filt_pat.fa:haplotype2_0000649_147937390_148315979_1	0.9550961459748232 1K
NA20538 HG03579#1#JAGYVU010000029.1_91404_499180_0$HG02647.verkko_filt_mat.fa:haplotype1_0000002_103892584_104321036_0	0.9550946339834296 1K
NA20538 HG03098#1#JAHEPM010000059.1_16676208_17105596_0$HG03516#2#JAGYYS010000004.1_24452130_24859892_1	0.9550535538235588 1K
NA20538 HG03098#1#JAHEPM010000059.1_16676208_17105596_0$HG03579#1#JAGYVU010000029.1_91404_499180_0	0.9550332494627610 1K
NA20538 HG00741#1#JAHALY010000007.1_18781197_19307680_1$HG02886#2#JAHAOT010000031.1_87393_401061_0	0.9550106714339646 1K
NA20538 HG02055#2#JAHEPJ010000017.1_24870122_25298560_1$HG03579#1#JAGYVU010000029.1_91404_499180_0	0.9550043901266423 1K
NA20538 HG02622#1#JAHAOO010000002.1_16673678_17080663_0$HG002.verkko_filt_pat.fa:haplotype2_0000649_147937390_148315979_1	0.9550021892367823 1K
NA20538 HG03516#2#JAGYYS010000004.1_24452130_24859892_1$HG02647.verkko_filt_mat.fa:haplotype1_0000002_103892584_104321036_0	0.9549929455183254 1K
NA20538 HG02055#2#JAHEPJ010000017.1_24870122_25298560_1$HG03516#2#JAGYYS010000004.1_24452130_24859892_1	0.9549516124210132 1K
NA20538 HG02559#1#JAGYVK010000012.1_51505852_51913611_0$HG02647.verkko_filt_mat.fa:haplotype1_0000002_103892584_104321036_0	0.9549391763144958 1K
NA20538 HG02559#1#JAGYVK010000012.1_51505852_51913611_0$HG02055#2#JAHEPJ010000017.1_24870122_25298560_1	0.9548654379361081 1K
NA20538 HG01109#2#JAHEOZ010000047.1_16671232_17151375_0$HG02145#1#JAHKSG010000134.1_2102465_2647653_1	0.9548653058205200 1K
NA20538 HG03927.verkko_filt_mat.fa:haplotype1_0000009_134765170_135173010_1$HG02809.verkko_filt_mat.fa:haplotype1_0000023_94161320_94589755_0	0.9548632160619696 1K
NA20538 HG03492#2#JAHEPH010000288.1_2098270_2432686_1$HG02809.verkko_filt_pat.fa:haplotype2_0001251_103421111_103827972_0	0.9548611828758801 1K
NA20538 HG03516#2#JAGYYS010000004.1_24452130_24859892_1$HG02809.verkko_filt_mat.fa:haplotype1_0000023_94161320_94589755_0	0.9548480600319830 1K
NA20538 HG03579#1#JAGYVU010000029.1_91404_499180_0$HG02809.verkko_filt_mat.fa:haplotype1_0000023_94161320_94589755_0	0.9548357705963770 1K
NA20538 HG02559#1#JAGYVK010000012.1_51505852_51913611_0$HG03098#1#JAHEPM010000059.1_16676208_17105596_0	0.9548297116617392 1K
NA20538 HG01243#1#JAHEOY010000013.1_90081_424495_0$HG02809.verkko_filt_pat.fa:haplotype2_0001251_103421111_103827972_0	0.9548058648861517 1K
NA20538 NA20129#2#JAHEPD010000155.1_90039_569275_0$HG02723#2#JAHEOT010000034.1_19776337_20321518_1	0.9547541831840809 1K
NA20538 HG02622#2#JAHAON010000012.1_51551779_52031001_0$HG02723#2#JAHEOT010000034.1_19776337_20321518_1	0.9547418692920741 1K
NA20538 HG02559#1#JAGYVK010000012.1_51505852_51913611_0$HG02809.verkko_filt_mat.fa:haplotype1_0000023_94161320_94589755_0	0.9546889027194593 1K
NA20538 HG03453#1#JAGYVW010000157.1_2105722_2585000_1$HG01891#1#JAGYVO010000014.1_22855818_23168577_1	0.9546826573452527 1K
NA20538 HG02818#2#JAHEOR010000010.1_31775319_32183091_1$HG02647.verkko_filt_mat.fa:haplotype1_0000002_103892584_104321036_0	0.9546622242873419 1K
NA20538 NA19240#1#JAHEOM010000047.1_30103390_30511199_1$HG02647.verkko_filt_mat.fa:haplotype1_0000002_103892584_104321036_0	0.9546576239683650 1K
NA20538 HG03453#1#JAGYVW010000157.1_2105722_2585000_1$HG02723#2#JAHEOT010000034.1_19776337_20321518_1	0.9545657153154529 1K
NA20538 HG03492#2#JAHEPH010000288.1_2098270_2432686_1$HG01258#2#JAGYYU010000072.1_51562603_51970395_0	0.9545480342395427 1K
NA20538 AV_HG01361#haplotype2#0001322:101872897$102186552$HG00741#1#JAHALY010000007.1_18781197_19307680_1	0.9545362455558347 1K
NA20538 chr1_chm13_103304997_103901127_0$HG02004.verkko_filt_pat.fa:haplotype2_0000813_139386576_140076845_1	0.9545353439258031 1K
NA20538 AV_HG01106#haplotype1#0000048:16666181$17262214$HG02004.verkko_filt_pat.fa:haplotype2_0000813_139386576_140076845_1	0.9545028781573139 1K
NA20538 NA20129#2#JAHEPD010000155.1_90039_569275_0$HG02145#1#JAHKSG010000134.1_2102465_2647653_1	0.9545003826587432 1K
NA20538 HG02723#2#JAHEOT010000034.1_19776337_20321518_1$HG03486#2#JAHEOP010000248.1_2105565_2584784_1	0.9544815416882594 1K
NA20538 HG02818#2#JAHEOR010000010.1_31775319_32183091_1$HG02055#2#JAHEPJ010000017.1_24870122_25298560_1	0.9544752694735655 1K
NA20538 HG02818#2#JAHEOR010000010.1_31775319_32183091_1$HG03098#1#JAHEPM010000059.1_16676208_17105596_0	0.9544656477446625 1K
NA20538 HG03492#2#JAHEPH010000288.1_2098270_2432686_1$HG02630#2#JAHAOP010000089.1_16669255_17076135_0	0.9544635921926212 1K
NA20538 HG03098#1#JAHEPM010000059.1_16676208_17105596_0$NA19240#1#JAHEOM010000047.1_30103390_30511199_1	0.9544525446002886 1K
NA20538 HG01243#1#JAHEOY010000013.1_90081_424495_0$HG01258#2#JAGYYU010000072.1_51562603_51970395_0	0.9544514909892512 1K
NA20538 HG03492#2#JAHEPH010000288.1_2098270_2432686_1$HG02486#2#JAGYVL010000029.1_94163344_94570162_0	0.9544510671995043 1K
NA20538 HG02055#2#JAHEPJ010000017.1_24870122_25298560_1$NA19240#1#JAHEOM010000047.1_30103390_30511199_1	0.9544379923733626 1K
NA20538 HG02622#2#JAHAON010000012.1_51551779_52031001_0$HG02145#1#JAHKSG010000134.1_2102465_2647653_1	0.9544336951506239 1K
NA20538 HG01243#1#JAHEOY010000013.1_90081_424495_0$HG02486#2#JAGYVL010000029.1_94163344_94570162_0	0.9544166521086235 1K
NA20538 HG02630#2#JAHAOP010000089.1_16669255_17076135_0$HG01243#1#JAHEOY010000013.1_90081_424495_0	0.9543774591415077 1K
NA20538 HG02818#2#JAHEOR010000010.1_31775319_32183091_1$HG02809.verkko_filt_mat.fa:haplotype1_0000023_94161320_94589755_0	0.9543077680804944 1K
NA20538 HG03492#2#JAHEPH010000288.1_2098270_2432686_1$HG02886#1#JAHAOU010000178.1_62411_469262_0	0.9542686201312026 1K
NA20538 HG02886#1#JAHAOU010000178.1_62411_469262_0$HG01243#1#JAHEOY010000013.1_90081_424495_0	0.9542446985111372 1K
NA20538 NA19240#1#JAHEOM010000047.1_30103390_30511199_1$HG02809.verkko_filt_mat.fa:haplotype1_0000023_94161320_94589755_0	0.9542054436925622 1K
NA20538 HG00741#1#JAHALY010000007.1_18781197_19307680_1$HG02647.verkko_filt_pat.fa:haplotype2_0000857_103738150_104051769_0	0.9541714342772356 1K
NA20538 HG00741#1#JAHALY010000007.1_18781197_19307680_1$HG03579#2#JAGYVT010000094.1_51581892_51895531_0	0.9541108317337823 1K
NA20538 HG03492#2#JAHEPH010000288.1_2098270_2432686_1$HG02145#2#JAHKSF010000206.1_1005292_1413195_1	0.9540223154088943 1K
NA20538 HG02145#2#JAHKSF010000206.1_1005292_1413195_1$HG01243#1#JAHEOY010000013.1_90081_424495_0	0.9539879013490756 1K
NA20538 HG00741#1#JAHALY010000007.1_18781197_19307680_1$HG03098#2#JAHEPL010000003.1_93803759_94117426_0	0.9539701453778165 1K
NA20538 HG00741#1#JAHALY010000007.1_18781197_19307680_1$HG01891#1#JAGYVO010000014.1_22855818_23168577_1	0.9539168699755177 1K
NA20538 HG03492#2#JAHEPH010000288.1_2098270_2432686_1$HG02717#2#JAHAOR010000006.1_19663827_20070693_1	0.9539051971496059 1K
NA20538 HG00741#1#JAHALY010000007.1_18781197_19307680_1$HG00438#2#JAHBCA010000012.1_51513023_51826723_0	0.9538987154126557 1K
NA20538 HG01243#1#JAHEOY010000013.1_90081_424495_0$HG02717#2#JAHAOR010000006.1_19663827_20070693_1	0.9538918974439781 1K
NA20538 HG00741#1#JAHALY010000007.1_18781197_19307680_1$HG03710.verkko_filt_mat.fa:haplotype1_0000029_102593394_102907063_0	0.9538583343962593 1K
NA20538 HG00741#1#JAHALY010000007.1_18781197_19307680_1$HG02293.verkko_filt_mat.fa:haplotype1_0000039_30204405_30517145_1	0.9538200079193581 1K
NA20538 HG00741#1#JAHALY010000007.1_18781197_19307680_1$HG00733#1#JAHEPQ010000019.1_46106835_46420495_0	0.9537998069402565 1K
NA20538 AV_HG02257#haplotype2#0001152:102843493$103251377$HG03492#2#JAHEPH010000288.1_2098270_2432686_1	0.9537926586324270 1K
NA20538 HG005#1#JAHEPO010000002.1_51519219_51926067_0$HG03492#2#JAHEPH010000288.1_2098270_2432686_1	0.9537585572006329 1K
NA20538 AV_HG02257#haplotype2#0001152:102843493$103251377$HG01243#1#JAHEOY010000013.1_90081_424495_0	0.9537268863649802 1K
NA20538 AV_HG01175#haplotype1#0000070:46006269$46414083$HG02647.verkko_filt_mat.fa:haplotype1_0000002_103892584_104321036_0	0.9537188743319036 1K
NA20538 HG005#1#JAHEPO010000002.1_51519219_51926067_0$HG01243#1#JAHEOY010000013.1_90081_424495_0	0.9537140920120559 1K
NA20538 HG02723#2#JAHEOT010000034.1_19776337_20321518_1$HG02300.verkko_filt_mat.fa:haplotype1_0000028_144052837_144460586_1	0.9536306769742688 1K
NA20538 HG00741#1#JAHALY010000007.1_18781197_19307680_1$HG04228.verkko_filt_pat.fa:haplotype2_0000600_103806749_104119491_0	0.9536203098745583 1K
NA20538 HG03492#2#JAHEPH010000288.1_2098270_2432686_1$HG01123#1#JAGYYZ010000015.1_51528240_51935090_0	0.9535854977168152 1K
NA20538 HG00621#2#JAHBCC010000031.1_16669999_17077865_0$HG02647.verkko_filt_mat.fa:haplotype1_0000002_103892584_104321036_0	0.9535702887269681 1K
NA20538 HG002.verkko_filt_mat.fa:haplotype1_0000005_138228497_138636354_1$HG02647.verkko_filt_mat.fa:haplotype1_0000002_103892584_104321036_0	0.9535616627605552 1K
NA20538 HG00741#1#JAHALY010000007.1_18781197_19307680_1$HG01123#2#JAGYYY010000006.1_51579630_51892388_0	0.9535220740516562 1K
NA20538 HG03453#2#JAGYVV010000088.1_22597550_23005370_1$HG02647.verkko_filt_mat.fa:haplotype1_0000002_103892584_104321036_0	0.9535208815420620 1K
NA20538 HG01123#1#JAGYYZ010000015.1_51528240_51935090_0$HG01243#1#JAHEOY010000013.1_90081_424495_0	0.9534995070190591 1K
NA20538 HG00741#1#JAHALY010000007.1_18781197_19307680_1$HG02109#2#JAHEPF010000078.1_16678387_16991144_0	0.9534955913565439 1K
NA20538 chr1_hg38_103456064_103863972_0$HG02647.verkko_filt_mat.fa:haplotype1_0000002_103892584_104321036_0	0.9534781973058452 1K
NA20538 chr1_hg19_103998686_104406594_0$HG02647.verkko_filt_mat.fa:haplotype1_0000002_103892584_104321036_0	0.9534781973058452 1K
NA20538 HG02630#1#JAHAOQ010000102.1_16672145_17079089_0$HG03492#2#JAHEPH010000288.1_2098270_2432686_1	0.9534210333284275 1K
NA20538 HG02717#1#JAHAOS010000015.1_16660311_17067250_0$HG03492#2#JAHEPH010000288.1_2098270_2432686_1	0.9534208041447557 1K
NA20538 HG02071.verkko_filt_mat.fa:haplotype1_0000041_103610513_104018399_0$HG02647.verkko_filt_mat.fa:haplotype1_0000002_103892584_104321036_0	0.9534157905774499 1K
NA20538 HG03098#1#JAHEPM010000059.1_16676208_17105596_0$HG002.verkko_filt_mat.fa:haplotype1_0000005_138228497_138636354_1	0.9534039211824414 1K
NA20538 HG01109#1#JAHEPA010000099.1_2104245_2511104_1$HG01243#1#JAHEOY010000013.1_90081_424495_0	0.9533964417355918 1K
NA20538 AV_HG01175#haplotype1#0000070:46006269$46414083$HG03098#1#JAHEPM010000059.1_16676208_17105596_0	0.9533821013958738 1K
NA20538 HG02630#1#JAHAOQ010000102.1_16672145_17079089_0$HG01243#1#JAHEOY010000013.1_90081_424495_0	0.9533761084428320 1K
NA20538 HG02717#1#JAHAOS010000015.1_16660311_17067250_0$HG01243#1#JAHEOY010000013.1_90081_424495_0	0.9533653798206607 1K
NA20538 HG03492#2#JAHEPH010000288.1_2098270_2432686_1$NA18906#1#JAHEOO010000054.1_2103477_2510435_1	0.9533606386311432 1K
NA20538 AV_HG01175#haplotype1#0000070:46006269$46414083$HG02055#2#JAHEPJ010000017.1_24870122_25298560_1	0.9533599026270052 1K
NA20538 HG01109#1#JAHEPA010000099.1_2104245_2511104_1$HG03492#2#JAHEPH010000288.1_2098270_2432686_1	0.9533578062134761 1K
NA20538 HG02055#2#JAHEPJ010000017.1_24870122_25298560_1$HG002.verkko_filt_mat.fa:haplotype1_0000005_138228497_138636354_1	0.9533494359047667 1K
NA20538 HG00621#2#JAHBCC010000031.1_16669999_17077865_0$HG03098#1#JAHEPM010000059.1_16676208_17105596_0	0.9533478878466290 1K
NA20538 HG02723#2#JAHEOT010000034.1_19776337_20321518_1$HG01099.verkko_filt_mat.fa:haplotype1_0000034_142513097_142920876_1	0.9533397576264792 1K
NA20538 HG01243#1#JAHEOY010000013.1_90081_424495_0$NA18906#1#JAHEOO010000054.1_2103477_2510435_1	0.9533366378797927 1K
NA20538 HG03486#1#JAHEOQ010000123.1_16677696_17085575_0$HG02647.verkko_filt_mat.fa:haplotype1_0000002_103892584_104321036_0	0.9533265791844160 1K
NA20538 HG00621#2#JAHBCC010000031.1_16669999_17077865_0$HG02055#2#JAHEPJ010000017.1_24870122_25298560_1	0.9533011849665356 1K
NA20538 HG03492#2#JAHEPH010000288.1_2098270_2432686_1$HG02818#1#JAHEOS010000101.1_89626_496613_0	0.9532816968205118 1K
NA20538 HG02723#1#JAHEOU010000204.1_2102082_2414876_1$HG00741#1#JAHALY010000007.1_18781197_19307680_1	0.9532615351575306 1K
NA20538 HG02055#2#JAHEPJ010000017.1_24870122_25298560_1$HG02071.verkko_filt_mat.fa:haplotype1_0000041_103610513_104018399_0	0.9532362713463277 1K
NA20538 HG005#2#JAHEPN010000023.1_51542210_51950070_0$HG02647.verkko_filt_mat.fa:haplotype1_0000002_103892584_104321036_0	0.9532175950790270 1K
NA20538 HG01243#1#JAHEOY010000013.1_90081_424495_0$HG02818#1#JAHEOS010000101.1_89626_496613_0	0.9532055923794680 1K
NA20538 HG03453#2#JAGYVV010000088.1_22597550_23005370_1$HG02055#2#JAHEPJ010000017.1_24870122_25298560_1	0.9532038633188845 1K
NA20538 chr1_hg38_103456064_103863972_0$HG02055#2#JAHEPJ010000017.1_24870122_25298560_1	0.9532009405827654 1K
NA20538 chr1_hg19_103998686_104406594_0$HG02055#2#JAHEPJ010000017.1_24870122_25298560_1	0.9532009405827654 1K
NA20538 chr1_hg38_103456064_103863972_0$HG03098#1#JAHEPM010000059.1_16676208_17105596_0	0.9531989452269992 1K
NA20538 chr1_hg19_103998686_104406594_0$HG03098#1#JAHEPM010000059.1_16676208_17105596_0	0.9531989452269992 1K
NA20538 HG02809.verkko_filt_mat.fa:haplotype1_0000023_94161320_94589755_0$HG002.verkko_filt_mat.fa:haplotype1_0000005_138228497_138636354_1	0.9531975073204872 1K
NA20538 HG03098#1#JAHEPM010000059.1_16676208_17105596_0$HG02071.verkko_filt_mat.fa:haplotype1_0000041_103610513_104018399_0	0.9531933531964961 1K
NA20538 HG03492#2#JAHEPH010000288.1_2098270_2432686_1$HG00741#2#JAHALX010000013.1_51574319_51981226_0	0.9531745413260639 1K
NA20538 HG03492#2#JAHEPH010000288.1_2098270_2432686_1$HG02622#1#JAHAOO010000002.1_16673678_17080663_0	0.9531667244746522 1K
NA20538 AV_HG02148#haplotype2#0002863:16304803$16712699$HG02647.verkko_filt_mat.fa:haplotype1_0000002_103892584_104321036_0	0.9531645206464443 1K
NA20538 HG03453#1#JAGYVW010000157.1_2105722_2585000_1$HG02145#1#JAHKSG010000134.1_2102465_2647653_1	0.9531591503853436 1K
NA20538 HG01243#1#JAHEOY010000013.1_90081_424495_0$HG00741#2#JAHALX010000013.1_51574319_51981226_0	0.9531509709927715 1K
NA20538 HG03486#1#JAHEOQ010000123.1_16677696_17085575_0$HG03098#1#JAHEPM010000059.1_16676208_17105596_0	0.9531300376985804 1K
NA20538 AV_HG01361#haplotype1#0000023:101593539$102001341$HG02723#2#JAHEOT010000034.1_19776337_20321518_1	0.9531284718959891 1K
NA20538 HG03486#2#JAHEOP010000248.1_2105565_2584784_1$HG02145#1#JAHKSG010000134.1_2102465_2647653_1	0.9531247418481340 1K
NA20538 HG03453#2#JAGYVV010000088.1_22597550_23005370_1$HG03098#1#JAHEPM010000059.1_16676208_17105596_0	0.9531220536470580 1K
NA20538 HG02622#1#JAHAOO010000002.1_16673678_17080663_0$HG01243#1#JAHEOY010000013.1_90081_424495_0	0.9531117465569745 1K
NA20538 AV_HG02148#haplotype2#0002863:16304803$16712699$HG03098#1#JAHEPM010000059.1_16676208_17105596_0	0.9530901054137760 1K
NA20538 HG02080#1#JAHEOW010000048.1_16689583_17097287_0$HG02723#2#JAHEOT010000034.1_19776337_20321518_1	0.9530849181128266 1K
NA20538 HG03486#1#JAHEOQ010000123.1_16677696_17085575_0$HG02055#2#JAHEPJ010000017.1_24870122_25298560_1	0.9530825195122702 1K
NA20538 HG03098#1#JAHEPM010000059.1_16676208_17105596_0$HG02300.verkko_filt_pat.fa:haplotype2_0000620_143362344_143769323_1	0.9530683257313152 1K
NA20538 HG00621#2#JAHBCC010000031.1_16669999_17077865_0$HG02809.verkko_filt_mat.fa:haplotype1_0000023_94161320_94589755_0	0.9530681096217400 1K
NA20538 AV_HG01175#haplotype1#0000070:46006269$46414083$HG02809.verkko_filt_mat.fa:haplotype1_0000023_94161320_94589755_0	0.9530616858993165 1K
NA20538 HG02723#2#JAHEOT010000034.1_19776337_20321518_1$NA19240#2#JAHEOL010000010.1_37445323_37853017_0	0.9530424506899627 1K
NA20538 chr1_hg38_103456064_103863972_0$HG02809.verkko_filt_mat.fa:haplotype1_0000023_94161320_94589755_0	0.9530248098140793 1K
NA20538 chr1_hg19_103998686_104406594_0$HG02809.verkko_filt_mat.fa:haplotype1_0000023_94161320_94589755_0	0.9530248098140793 1K
NA20538 HG02559#2#JAGYVJ010000037.1_52167780_52574597_1$HG03098#1#JAHEPM010000059.1_16676208_17105596_0	0.9529935345691500 1K
NA20538 HG02109#1#JAHEPG010000026.1_16673035_17080816_0$HG02647.verkko_filt_mat.fa:haplotype1_0000002_103892584_104321036_0	0.9529726969939573 1K
NA20538 HG03098#1#JAHEPM010000059.1_16676208_17105596_0$HG02717#2#JAHAOR010000006.1_19663827_20070693_1	0.9529661062453484 1K
NA20538 HG03098#1#JAHEPM010000059.1_16676208_17105596_0$HG01258#2#JAGYYU010000072.1_51562603_51970395_0	0.9529654027407810 1K
NA20538 HG02071.verkko_filt_mat.fa:haplotype1_0000041_103610513_104018399_0$HG02809.verkko_filt_mat.fa:haplotype1_0000023_94161320_94589755_0	0.9529542035232040 1K
NA20538 HG02145#1#JAHKSG010000134.1_2102465_2647653_1$HG02300.verkko_filt_mat.fa:haplotype1_0000028_144052837_144460586_1	0.9529464286730326 1K
NA20538 HG03453#2#JAGYVV010000088.1_22597550_23005370_1$HG02809.verkko_filt_mat.fa:haplotype1_0000023_94161320_94589755_0	0.9529391638652418 1K
NA20538 AV_HG02148#haplotype2#0002863:16304803$16712699$HG02055#2#JAHEPJ010000017.1_24870122_25298560_1	0.9529287410017935 1K
NA20538 HG02055#2#JAHEPJ010000017.1_24870122_25298560_1$HG005#2#JAHEPN010000023.1_51542210_51950070_0	0.9529251100526438 1K
NA20538 HG01123#1#JAGYYZ010000015.1_51528240_51935090_0$HG03098#1#JAHEPM010000059.1_16676208_17105596_0	0.9529191471795985 1K
NA20538 HG03486#1#JAHEOQ010000123.1_16677696_17085575_0$HG02809.verkko_filt_mat.fa:haplotype1_0000023_94161320_94589755_0	0.9528662179855231 1K
NA20538 HG03098#1#JAHEPM010000059.1_16676208_17105596_0$HG005#2#JAHEPN010000023.1_51542210_51950070_0	0.9528516445232539 1K
NA20538 HG02109#1#JAHEPG010000026.1_16673035_17080816_0$HG02055#2#JAHEPJ010000017.1_24870122_25298560_1	0.9528189692355858 1K
NA20538 HG02300.verkko_filt_pat.fa:haplotype2_0000620_143362344_143769323_1$HG02647.verkko_filt_mat.fa:haplotype1_0000002_103892584_104321036_0	0.9527774637996245 1K
NA20538 HG03098#1#JAHEPM010000059.1_16676208_17105596_0$HG02486#2#JAGYVL010000029.1_94163344_94570162_0	0.9527477320055101 1K
NA20538 HG03098#1#JAHEPM010000059.1_16676208_17105596_0$HG01978#2#JAGYVR010000007.1_51532241_51939176_0	0.9527220091480125 1K
NA20538 HG02109#1#JAHEPG010000026.1_16673035_17080816_0$HG03098#1#JAHEPM010000059.1_16676208_17105596_0	0.9527137900872544 1K
NA20538 HG005#2#JAHEPN010000023.1_51542210_51950070_0$HG02809.verkko_filt_mat.fa:haplotype1_0000023_94161320_94589755_0	0.9526929653157140 1K
NA20538 HG02723#2#JAHEOT010000034.1_19776337_20321518_1$HG03516#1#JAGYYT010000012.1_24170958_24578778_1	0.9526915033599326 1K
NA20538 HG03098#1#JAHEPM010000059.1_16676208_17105596_0$HG02809.verkko_filt_pat.fa:haplotype2_0001251_103421111_103827972_0	0.9526794302227227 1K
NA20538 HG01978#2#JAGYVR010000007.1_51532241_51939176_0$HG02647.verkko_filt_mat.fa:haplotype1_0000002_103892584_104321036_0	0.9526656067755598 1K
NA20538 HG02109#1#JAHEPG010000026.1_16673035_17080816_0$HG02809.verkko_filt_mat.fa:haplotype1_0000023_94161320_94589755_0	0.9526602065692295 1K
NA20538 AV_HG02148#haplotype2#0002863:16304803$16712699$HG02809.verkko_filt_mat.fa:haplotype1_0000023_94161320_94589755_0	0.9526557057908153 1K
NA20538 HG02145#1#JAHKSG010000134.1_2102465_2647653_1$HG01099.verkko_filt_mat.fa:haplotype1_0000034_142513097_142920876_1	0.9526287188406782 1K
NA20538 HG02886#1#JAHAOU010000178.1_62411_469262_0$HG03098#1#JAHEPM010000059.1_16676208_17105596_0	0.9525499551748936 1K
NA20538 HG02055#2#JAHEPJ010000017.1_24870122_25298560_1$HG02300.verkko_filt_pat.fa:haplotype2_0000620_143362344_143769323_1	0.9524924874014968 1K
NA20538 HG03098#1#JAHEPM010000059.1_16676208_17105596_0$HG02004.verkko_filt_mat.fa:haplotype1_0000022_97828542_98235483_0	0.9524749148714257 1K
NA20538 HG02004.verkko_filt_mat.fa:haplotype1_0000022_97828542_98235483_0$HG02647.verkko_filt_mat.fa:haplotype1_0000002_103892584_104321036_0	0.9524657340344235 1K
NA20538 HG01258#2#JAGYYU010000072.1_51562603_51970395_0$HG02647.verkko_filt_mat.fa:haplotype1_0000002_103892584_104321036_0	0.9524442636713288 1K
NA20538 AV_HG00673#haplotype2#0001165:24014011$24421797$HG02723#2#JAHEOT010000034.1_19776337_20321518_1	0.9524426273250237 1K
NA20538 AV_HG01361#haplotype1#0000023:101593539$102001341$HG02145#1#JAHKSG010000134.1_2102465_2647653_1	0.9524011562652179 1K
NA20538 HG01928#1#JAGYVQ010000053.1_16676493_17083407_0$HG03098#1#JAHEPM010000059.1_16676208_17105596_0	0.9523971736273789 1K
NA20538 HG01978#2#JAGYVR010000007.1_51532241_51939176_0$HG02055#2#JAHEPJ010000017.1_24870122_25298560_1	0.9523651727741236 1K
NA20538 HG005#1#JAHEPO010000002.1_51519219_51926067_0$HG03098#1#JAHEPM010000059.1_16676208_17105596_0	0.9523615464492533 1K
NA20538 HG02809.verkko_filt_mat.fa:haplotype1_0000023_94161320_94589755_0$HG02300.verkko_filt_pat.fa:haplotype2_0000620_143362344_143769323_1	0.9523492325612080 1K
NA20538 HG01928#1#JAGYVQ010000053.1_16676493_17083407_0$HG02647.verkko_filt_mat.fa:haplotype1_0000002_103892584_104321036_0	0.9523391176141786 1K
NA20538 HG02080#1#JAHEOW010000048.1_16689583_17097287_0$HG02145#1#JAHKSG010000134.1_2102465_2647653_1	0.9523286922800149 1K
NA20538 HG02055#2#JAHEPJ010000017.1_24870122_25298560_1$HG01258#2#JAGYYU010000072.1_51562603_51970395_0	0.9522919997632963 1K
NA20538 HG02145#2#JAHKSF010000206.1_1005292_1413195_1$HG03098#1#JAHEPM010000059.1_16676208_17105596_0	0.9522276904637501 1K
NA20538 HG02559#2#JAGYVJ010000037.1_52167780_52574597_1$HG02647.verkko_filt_mat.fa:haplotype1_0000002_103892584_104321036_0	0.9522052525229313 1K
NA20538 HG02055#2#JAHEPJ010000017.1_24870122_25298560_1$HG02004.verkko_filt_mat.fa:haplotype1_0000022_97828542_98235483_0	0.9521742437413360 1K
NA20538 HG03098#1#JAHEPM010000059.1_16676208_17105596_0$HG00741#2#JAHALX010000013.1_51574319_51981226_0	0.9521633641118414 1K
NA20538 HG01978#2#JAGYVR010000007.1_51532241_51939176_0$HG02809.verkko_filt_mat.fa:haplotype1_0000023_94161320_94589755_0	0.9521413161253349 1K
NA20538 HG02630#1#JAHAOQ010000102.1_16672145_17079089_0$HG03098#1#JAHEPM010000059.1_16676208_17105596_0	0.9520808800836327 1K
NA20538 HG03098#1#JAHEPM010000059.1_16676208_17105596_0$NA18906#1#JAHEOO010000054.1_2103477_2510435_1	0.9520673154883506 1K
NA20538 HG02717#2#JAHAOR010000006.1_19663827_20070693_1$HG02647.verkko_filt_mat.fa:haplotype1_0000002_103892584_104321036_0	0.9520642697182994 1K
NA20538 HG02145#1#JAHKSG010000134.1_2102465_2647653_1$NA19240#2#JAHEOL010000010.1_37445323_37853017_0	0.9520621866397571 1K
NA20538 HG01258#2#JAGYYU010000072.1_51562603_51970395_0$HG02809.verkko_filt_mat.fa:haplotype1_0000023_94161320_94589755_0	0.9520538267559212 1K
NA20538 HG02723#2#JAHEOT010000034.1_19776337_20321518_1$HG03516#2#JAGYYS010000004.1_24452130_24859892_1	0.9520023975425889 1K
NA20538 HG02559#1#JAGYVK010000012.1_51505852_51913611_0$HG02723#2#JAHEOT010000034.1_19776337_20321518_1	0.9519540033414101 1K
NA20538 HG02723#2#JAHEOT010000034.1_19776337_20321518_1$HG03579#1#JAGYVU010000029.1_91404_499180_0	0.9519480705157007 1K
NA20538 AV_HG02257#haplotype2#0001152:102843493$103251377$HG03098#1#JAHEPM010000059.1_16676208_17105596_0	0.9519321491973566 1K
NA20538 HG01123#1#JAGYYZ010000015.1_51528240_51935090_0$HG02647.verkko_filt_mat.fa:haplotype1_0000002_103892584_104321036_0	0.9519281155317364 1K
NA20538 HG02717#1#JAHAOS010000015.1_16660311_17067250_0$HG03098#1#JAHEPM010000059.1_16676208_17105596_0	0.9519148869208490 1K
NA20538 HG02723#2#JAHEOT010000034.1_19776337_20321518_1$HG03927.verkko_filt_mat.fa:haplotype1_0000009_134765170_135173010_1	0.9519144021281924 1K
NA20538 HG02647.verkko_filt_mat.fa:haplotype1_0000002_103892584_104321036_0$HG02809.verkko_filt_pat.fa:haplotype2_0001251_103421111_103827972_0	0.9518909188551344 1K
NA20538 HG01928#1#JAGYVQ010000053.1_16676493_17083407_0$HG02055#2#JAHEPJ010000017.1_24870122_25298560_1	0.9518854991868455 1K
NA20538 HG02486#2#JAGYVL010000029.1_94163344_94570162_0$HG02647.verkko_filt_mat.fa:haplotype1_0000002_103892584_104321036_0	0.9518780560931692 1K
NA20538 HG01109#1#JAHEPA010000099.1_2104245_2511104_1$HG03098#1#JAHEPM010000059.1_16676208_17105596_0	0.9518508460540928 1K
NA20538 HG02004.verkko_filt_mat.fa:haplotype1_0000022_97828542_98235483_0$HG02809.verkko_filt_mat.fa:haplotype1_0000023_94161320_94589755_0	0.9518457207333360 1K
NA20538 HG02630#2#JAHAOP010000089.1_16669255_17076135_0$HG03098#1#JAHEPM010000059.1_16676208_17105596_0	0.9517929001788906 1K
NA20538 HG02055#2#JAHEPJ010000017.1_24870122_25298560_1$HG02717#2#JAHAOR010000006.1_19663827_20070693_1	0.9517908113639673 1K
NA20538 HG02818#2#JAHEOR010000010.1_31775319_32183091_1$HG02723#2#JAHEOT010000034.1_19776337_20321518_1	0.9517855610180682 1K
NA20538 HG03098#1#JAHEPM010000059.1_16676208_17105596_0$HG02818#1#JAHEOS010000101.1_89626_496613_0	0.9517641891192039 1K
NA20538 HG02559#2#JAGYVJ010000037.1_52167780_52574597_1$HG02055#2#JAHEPJ010000017.1_24870122_25298560_1	0.9517528592744924 1K
NA20538 HG02145#2#JAHKSF010000206.1_1005292_1413195_1$HG02647.verkko_filt_mat.fa:haplotype1_0000002_103892584_104321036_0	0.9517398928701534 1K
NA20538 AV_HG00673#haplotype2#0001165:24014011$24421797$HG02145#1#JAHKSG010000134.1_2102465_2647653_1	0.9516958876797129 1K
NA20538 HG02886#1#JAHAOU010000178.1_62411_469262_0$HG02647.verkko_filt_mat.fa:haplotype1_0000002_103892584_104321036_0	0.9516801127020319 1K
NA20538 HG02055#2#JAHEPJ010000017.1_24870122_25298560_1$HG02809.verkko_filt_pat.fa:haplotype2_0001251_103421111_103827972_0	0.9516406896790630 1K
NA20538 HG01928#1#JAGYVQ010000053.1_16676493_17083407_0$HG02809.verkko_filt_mat.fa:haplotype1_0000023_94161320_94589755_0	0.9516221682284247 1K
NA20538 HG02717#2#JAHAOR010000006.1_19663827_20070693_1$HG02809.verkko_filt_mat.fa:haplotype1_0000023_94161320_94589755_0	0.9516175928630449 1K
NA20538 HG01123#1#JAGYYZ010000015.1_51528240_51935090_0$HG02055#2#JAHEPJ010000017.1_24870122_25298560_1	0.9515899840001760 1K
NA20538 HG02055#2#JAHEPJ010000017.1_24870122_25298560_1$HG02486#2#JAGYVL010000029.1_94163344_94570162_0	0.9515865698428665 1K
NA20538 HG02723#2#JAHEOT010000034.1_19776337_20321518_1$NA19240#1#JAHEOM010000047.1_30103390_30511199_1	0.9515694682113875 1K
NA20538 HG005#1#JAHEPO010000002.1_51519219_51926067_0$HG02647.verkko_filt_mat.fa:haplotype1_0000002_103892584_104321036_0	0.9515482378076456 1K
NA20538 HG02559#2#JAGYVJ010000037.1_52167780_52574597_1$HG02809.verkko_filt_mat.fa:haplotype1_0000023_94161320_94589755_0	0.9515307891956489 1K
NA20538 HG02809.verkko_filt_mat.fa:haplotype1_0000023_94161320_94589755_0$HG02809.verkko_filt_pat.fa:haplotype2_0001251_103421111_103827972_0	0.9515152035060169 1K
NA20538 HG03516#1#JAGYYT010000012.1_24170958_24578778_1$HG02145#1#JAHKSG010000134.1_2102465_2647653_1	0.9514864927874240 1K
NA20538 HG02886#1#JAHAOU010000178.1_62411_469262_0$HG02055#2#JAHEPJ010000017.1_24870122_25298560_1	0.9514783066525422 1K
NA20538 HG02145#2#JAHKSF010000206.1_1005292_1413195_1$HG02055#2#JAHEPJ010000017.1_24870122_25298560_1	0.9514642564304441 1K
NA20538 AV_HG02257#haplotype2#0001152:102843493$103251377$HG02647.verkko_filt_mat.fa:haplotype1_0000002_103892584_104321036_0	0.9514113323747738 1K
NA20538 HG02486#2#JAGYVL010000029.1_94163344_94570162_0$HG02809.verkko_filt_mat.fa:haplotype1_0000023_94161320_94589755_0	0.9513552869113581 1K
NA20538 HG01123#1#JAGYYZ010000015.1_51528240_51935090_0$HG02809.verkko_filt_mat.fa:haplotype1_0000023_94161320_94589755_0	0.9513280595302925 1K
NA20538 HG02622#1#JAHAOO010000002.1_16673678_17080663_0$HG03098#1#JAHEPM010000059.1_16676208_17105596_0	0.9513250105427670 1K
NA20538 HG02145#2#JAHKSF010000206.1_1005292_1413195_1$HG02809.verkko_filt_mat.fa:haplotype1_0000023_94161320_94589755_0	0.9513137525543335 1K
NA20538 HG00741#2#JAHALX010000013.1_51574319_51981226_0$HG02647.verkko_filt_mat.fa:haplotype1_0000002_103892584_104321036_0	0.9513013478433323 1K
NA20538 HG02630#1#JAHAOQ010000102.1_16672145_17079089_0$HG02647.verkko_filt_mat.fa:haplotype1_0000002_103892584_104321036_0	0.9512839099632672 1K
NA20538 HG02886#1#JAHAOU010000178.1_62411_469262_0$HG02809.verkko_filt_mat.fa:haplotype1_0000023_94161320_94589755_0	0.9512634610012415 1K
NA20538 NA18906#1#JAHEOO010000054.1_2103477_2510435_1$HG02647.verkko_filt_mat.fa:haplotype1_0000002_103892584_104321036_0	0.9512214520913881 1K
NA20538 HG01109#1#JAHEPA010000099.1_2104245_2511104_1$HG02647.verkko_filt_mat.fa:haplotype1_0000002_103892584_104321036_0	0.9511904703038768 1K
NA20538 AV_HG02257#haplotype2#0001152:102843493$103251377$HG02055#2#JAHEPJ010000017.1_24870122_25298560_1	0.9511767077818958 1K
NA20538 HG02717#1#JAHAOS010000015.1_16660311_17067250_0$HG02647.verkko_filt_mat.fa:haplotype1_0000002_103892584_104321036_0	0.9511177564054295 1K
NA20538 HG005#1#JAHEPO010000002.1_51519219_51926067_0$HG02055#2#JAHEPJ010000017.1_24870122_25298560_1	0.9510979310656925 1K
NA20538 HG02145#1#JAHKSG010000134.1_2102465_2647653_1$HG03516#2#JAGYYS010000004.1_24452130_24859892_1	0.9510662293492451 1K
NA20538 HG02630#1#JAHAOQ010000102.1_16672145_17079089_0$HG02055#2#JAHEPJ010000017.1_24870122_25298560_1	0.9510647891936386 1K
NA20538 HG02055#2#JAHEPJ010000017.1_24870122_25298560_1$HG00741#2#JAHALX010000013.1_51574319_51981226_0	0.9510295144330965 1K
NA20538 HG02145#1#JAHKSG010000134.1_2102465_2647653_1$HG03579#1#JAGYVU010000029.1_91404_499180_0	0.9510240941266757 1K
NA20538 HG02630#2#JAHAOP010000089.1_16669255_17076135_0$HG02647.verkko_filt_mat.fa:haplotype1_0000002_103892584_104321036_0	0.9510031719144498 1K
NA20538 NA18906#1#JAHEOO010000054.1_2103477_2510435_1$HG02055#2#JAHEPJ010000017.1_24870122_25298560_1	0.9509777067159344 1K
NA20538 HG03098#1#JAHEPM010000059.1_16676208_17105596_0$HG01358#1#JAGYZB010000020.1_27445742_27855492_1	0.9509490601806031 1K
NA20538 AV_HG02257#haplotype2#0001152:102843493$103251377$HG02809.verkko_filt_mat.fa:haplotype1_0000023_94161320_94589755_0	0.9509453616684597 1K
NA20538 HG02818#1#JAHEOS010000101.1_89626_496613_0$HG02647.verkko_filt_mat.fa:haplotype1_0000002_103892584_104321036_0	0.9509423885221470 1K
NA20538 HG02559#1#JAGYVK010000012.1_51505852_51913611_0$HG02145#1#JAHKSG010000134.1_2102465_2647653_1	0.9509007243182529 1K
NA20538 HG005#1#JAHEPO010000002.1_51519219_51926067_0$HG02809.verkko_filt_mat.fa:haplotype1_0000023_94161320_94589755_0	0.9508449662652010 1K
NA20538 HG01109#1#JAHEPA010000099.1_2104245_2511104_1$HG02055#2#JAHEPJ010000017.1_24870122_25298560_1	0.9508379545082558 1K
NA20538 AV_HG01175#haplotype1#0000070:46006269$46414083$HG02723#2#JAHEOT010000034.1_19776337_20321518_1	0.9508277991734319 1K
NA20538 NA18906#1#JAHEOO010000054.1_2103477_2510435_1$HG02809.verkko_filt_mat.fa:haplotype1_0000023_94161320_94589755_0	0.9508185890108960 1K
NA20538 HG02630#1#JAHAOQ010000102.1_16672145_17079089_0$HG02809.verkko_filt_mat.fa:haplotype1_0000023_94161320_94589755_0	0.9508164437715038 1K
NA20538 HG02145#1#JAHKSG010000134.1_2102465_2647653_1$HG03927.verkko_filt_mat.fa:haplotype1_0000009_134765170_135173010_1	0.9508139151659659 1K
NA20538 HG02630#2#JAHAOP010000089.1_16669255_17076135_0$HG02055#2#JAHEPJ010000017.1_24870122_25298560_1	0.9508044886613704 1K
NA20538 HG03492#1#JAHEPI010000180.1_2103395_2543326_1$HG002.verkko_filt_pat.fa:haplotype2_0000649_147937390_148315979_1	0.9507717192491290 1K
NA20538 HG02055#2#JAHEPJ010000017.1_24870122_25298560_1$HG02818#1#JAHEOS010000101.1_89626_496613_0	0.9507408611710227 1K
NA20538 HG02622#1#JAHAOO010000002.1_16673678_17080663_0$HG02647.verkko_filt_mat.fa:haplotype1_0000002_103892584_104321036_0	0.9507293200963285 1K
NA20538 HG02717#1#JAHAOS010000015.1_16660311_17067250_0$HG02055#2#JAHEPJ010000017.1_24870122_25298560_1	0.9507198499804468 1K
NA20538 HG02723#2#JAHEOT010000034.1_19776337_20321518_1$HG03453#2#JAGYVV010000088.1_22597550_23005370_1	0.9507115640910402 1K
NA20538 HG00741#2#JAHALX010000013.1_51574319_51981226_0$HG02809.verkko_filt_mat.fa:haplotype1_0000023_94161320_94589755_0	0.9506804307146999 1K
NA20538 HG02559#2#JAGYVJ010000037.1_52167780_52574597_1$HG02723#2#JAHEOT010000034.1_19776337_20321518_1	0.9506646403711599 1K
NA20538 HG02818#2#JAHEOR010000010.1_31775319_32183091_1$HG02145#1#JAHKSG010000134.1_2102465_2647653_1	0.9506338795498687 1K
NA20538 HG02630#2#JAHAOP010000089.1_16669255_17076135_0$HG02809.verkko_filt_mat.fa:haplotype1_0000023_94161320_94589755_0	0.9506248813976267 1K
NA20538 HG02723#2#JAHEOT010000034.1_19776337_20321518_1$HG02071.verkko_filt_mat.fa:haplotype1_0000041_103610513_104018399_0	0.9505998306500631 1K
NA20538 HG02723#2#JAHEOT010000034.1_19776337_20321518_1$HG002.verkko_filt_mat.fa:haplotype1_0000005_138228497_138636354_1	0.9505776613124561 1K
NA20538 AV_HG02148#haplotype2#0002863:16304803$16712699$HG02723#2#JAHEOT010000034.1_19776337_20321518_1	0.9505365179163729 1K
NA20538 HG00621#2#JAHBCC010000031.1_16669999_17077865_0$HG02723#2#JAHEOT010000034.1_19776337_20321518_1	0.9505014056489124 1K
NA20538 HG02818#1#JAHEOS010000101.1_89626_496613_0$HG02809.verkko_filt_mat.fa:haplotype1_0000023_94161320_94589755_0	0.9504938806788010 1K
NA20538 HG02717#1#JAHAOS010000015.1_16660311_17067250_0$HG02809.verkko_filt_mat.fa:haplotype1_0000023_94161320_94589755_0	0.9504881398944316 1K
NA20538 chr1_hg19_103998686_104406594_0$HG02723#2#JAHEOT010000034.1_19776337_20321518_1	0.9504878374935292 1K
NA20538 HG02723#2#JAHEOT010000034.1_19776337_20321518_1$chr1_hg38_103456064_103863972_0	0.9504878374935292 1K
NA20538 HG01109#1#JAHEPA010000099.1_2104245_2511104_1$HG02809.verkko_filt_mat.fa:haplotype1_0000023_94161320_94589755_0	0.9504809257927860 1K
NA20538 HG03486#1#JAHEOQ010000123.1_16677696_17085575_0$HG02723#2#JAHEOT010000034.1_19776337_20321518_1	0.9504239243537905 1K
NA20538 HG02622#1#JAHAOO010000002.1_16673678_17080663_0$HG02055#2#JAHEPJ010000017.1_24870122_25298560_1	0.9504160636947881 1K
NA20538 HG02145#1#JAHKSG010000134.1_2102465_2647653_1$NA19240#1#JAHEOM010000047.1_30103390_30511199_1	0.9504130297092618 1K
NA20538 HG02723#2#JAHEOT010000034.1_19776337_20321518_1$HG005#2#JAHEPN010000023.1_51542210_51950070_0	0.9502888112651277 1K
NA20538 HG02723#2#JAHEOT010000034.1_19776337_20321518_1$HG01258#2#JAGYYU010000072.1_51562603_51970395_0	0.9502812233120834 1K
NA20538 HG02723#2#JAHEOT010000034.1_19776337_20321518_1$HG02717#2#JAHAOR010000006.1_19663827_20070693_1	0.9502199470583741 1K
NA20538 HG01123#1#JAGYYZ010000015.1_51528240_51935090_0$HG02723#2#JAHEOT010000034.1_19776337_20321518_1	0.9501976661184538 1K
NA20538 HG02723#2#JAHEOT010000034.1_19776337_20321518_1$HG02300.verkko_filt_pat.fa:haplotype2_0000620_143362344_143769323_1	0.9501901300111044 1K
NA20538 HG02723#2#JAHEOT010000034.1_19776337_20321518_1$HG02486#2#JAGYVL010000029.1_94163344_94570162_0	0.9500796145329518 1K
NA20538 HG02723#2#JAHEOT010000034.1_19776337_20321518_1$HG01978#2#JAGYVR010000007.1_51532241_51939176_0	0.9500681867393168 1K
NA20538 HG02622#1#JAHAOO010000002.1_16673678_17080663_0$HG02809.verkko_filt_mat.fa:haplotype1_0000023_94161320_94589755_0	0.9500659017580216 1K
NA20538 HG02723#2#JAHEOT010000034.1_19776337_20321518_1$HG02109#1#JAHEPG010000026.1_16673035_17080816_0	0.9500576083833163 1K
NA20538 HG01358#1#JAGYZB010000020.1_27445742_27855492_1$HG02647.verkko_filt_mat.fa:haplotype1_0000002_103892584_104321036_0	0.9500547274522508 1K
NA20538 HG02723#2#JAHEOT010000034.1_19776337_20321518_1$HG02809.verkko_filt_pat.fa:haplotype2_0001251_103421111_103827972_0	0.9500506408195597 1K
NA20538 HG02723#2#JAHEOT010000034.1_19776337_20321518_1$HG02004.verkko_filt_mat.fa:haplotype1_0000022_97828542_98235483_0	0.9499834186312895 1K
NA20538 HG02723#2#JAHEOT010000034.1_19776337_20321518_1$HG02886#1#JAHAOU010000178.1_62411_469262_0	0.9498955956737681 1K
NA20538 HG02055#2#JAHEPJ010000017.1_24870122_25298560_1$HG01358#1#JAGYZB010000020.1_27445742_27855492_1	0.9498810394537072 1K
NA20538 HG01928#1#JAGYVQ010000053.1_16676493_17083407_0$HG02723#2#JAHEOT010000034.1_19776337_20321518_1	0.9498416190397736 1K
NA20538 HG005#1#JAHEPO010000002.1_51519219_51926067_0$HG02723#2#JAHEOT010000034.1_19776337_20321518_1	0.9497830653022349 1K
NA20538 HG02145#2#JAHKSF010000206.1_1005292_1413195_1$HG02723#2#JAHEOT010000034.1_19776337_20321518_1	0.9497621420674910 1K
NA20538 AV_HG02257#haplotype2#0001152:102843493$103251377$HG02723#2#JAHEOT010000034.1_19776337_20321518_1	0.9497199387828923 1K
NA20538 HG01109#1#JAHEPA010000099.1_2104245_2511104_1$HG02723#2#JAHEOT010000034.1_19776337_20321518_1	0.9497136396181627 1K
NA20538 AV_HG01175#haplotype1#0000070:46006269$46414083$HG02145#1#JAHKSG010000134.1_2102465_2647653_1	0.9497016471895223 1K
NA20538 HG02630#1#JAHAOQ010000102.1_16672145_17079089_0$HG02723#2#JAHEOT010000034.1_19776337_20321518_1	0.9496630382936450 1K
NA20538 HG02723#2#JAHEOT010000034.1_19776337_20321518_1$HG00741#2#JAHALX010000013.1_51574319_51981226_0	0.9496372439295280 1K
NA20538 HG02145#1#JAHKSG010000134.1_2102465_2647653_1$HG002.verkko_filt_mat.fa:haplotype1_0000005_138228497_138636354_1	0.9496212942626037 1K
NA20538 HG02723#2#JAHEOT010000034.1_19776337_20321518_1$NA18906#1#JAHEOO010000054.1_2103477_2510435_1	0.9495842766159412 1K
NA20538 HG01358#1#JAGYZB010000020.1_27445742_27855492_1$HG02809.verkko_filt_mat.fa:haplotype1_0000023_94161320_94589755_0	0.9495760360279493 1K
NA20538 HG02723#2#JAHEOT010000034.1_19776337_20321518_1$HG02818#1#JAHEOS010000101.1_89626_496613_0	0.9495460743775006 1K
NA20538 HG03453#2#JAGYVV010000088.1_22597550_23005370_1$HG02145#1#JAHKSG010000134.1_2102465_2647653_1	0.9495269542704813 1K
NA20538 chr1_hg38_103456064_103863972_0$HG02145#1#JAHKSG010000134.1_2102465_2647653_1	0.9495264557115578 1K
NA20538 chr1_hg19_103998686_104406594_0$HG02145#1#JAHKSG010000134.1_2102465_2647653_1	0.9495264557115578 1K
NA20538 HG02717#1#JAHAOS010000015.1_16660311_17067250_0$HG02723#2#JAHEOT010000034.1_19776337_20321518_1	0.9495248725440933 1K
NA20538 HG00621#2#JAHBCC010000031.1_16669999_17077865_0$HG02145#1#JAHKSG010000134.1_2102465_2647653_1	0.9494954631570657 1K
NA20538 HG02145#1#JAHKSG010000134.1_2102465_2647653_1$HG02071.verkko_filt_mat.fa:haplotype1_0000041_103610513_104018399_0	0.9494685178320234 1K
NA20538 AV_HG02148#haplotype2#0002863:16304803$16712699$HG02145#1#JAHKSG010000134.1_2102465_2647653_1	0.9493282728266981 1K
NA20538 HG03486#1#JAHEOQ010000123.1_16677696_17085575_0$HG02145#1#JAHKSG010000134.1_2102465_2647653_1	0.9493180149363921 1K
NA20538 HG02723#2#JAHEOT010000034.1_19776337_20321518_1$HG02622#1#JAHAOO010000002.1_16673678_17080663_0	0.9493030357968785 1K
NA20538 HG02145#1#JAHKSG010000134.1_2102465_2647653_1$HG01258#2#JAGYYU010000072.1_51562603_51970395_0	0.9492704714739872 1K
NA20538 HG02145#1#JAHKSG010000134.1_2102465_2647653_1$HG02486#2#JAGYVL010000029.1_94163344_94570162_0	0.9492702839049396 1K
NA20538 HG02145#1#JAHKSG010000134.1_2102465_2647653_1$HG02717#2#JAHAOR010000006.1_19663827_20070693_1	0.9492136739000222 1K
NA20538 HG02630#2#JAHAOP010000089.1_16669255_17076135_0$HG02723#2#JAHEOT010000034.1_19776337_20321518_1	0.9492112344089881 1K
NA20538 HG02559#2#JAGYVJ010000037.1_52167780_52574597_1$HG02145#1#JAHKSG010000134.1_2102465_2647653_1	0.9492102835315070 1K
NA20538 HG01123#1#JAGYYZ010000015.1_51528240_51935090_0$HG02145#1#JAHKSG010000134.1_2102465_2647653_1	0.9491796664403265 1K
NA20538 HG005#2#JAHEPN010000023.1_51542210_51950070_0$HG02145#1#JAHKSG010000134.1_2102465_2647653_1	0.9491619604865570 1K
NA20538 HG02145#1#JAHKSG010000134.1_2102465_2647653_1$HG02300.verkko_filt_pat.fa:haplotype2_0000620_143362344_143769323_1	0.9491438133987169 1K
NA20538 HG02886#1#JAHAOU010000178.1_62411_469262_0$HG02145#1#JAHKSG010000134.1_2102465_2647653_1	0.9490987940695672 1K
NA20538 HG02109#1#JAHEPG010000026.1_16673035_17080816_0$HG02145#1#JAHKSG010000134.1_2102465_2647653_1	0.9490509064835126 1K
NA20538 HG01978#2#JAGYVR010000007.1_51532241_51939176_0$HG02145#1#JAHKSG010000134.1_2102465_2647653_1	0.9490132688701691 1K
NA20538 HG02145#1#JAHKSG010000134.1_2102465_2647653_1$HG02809.verkko_filt_pat.fa:haplotype2_0001251_103421111_103827972_0	0.9490130981977889 1K
NA20538 HG02145#1#JAHKSG010000134.1_2102465_2647653_1$HG02004.verkko_filt_mat.fa:haplotype1_0000022_97828542_98235483_0	0.9488126090503116 1K
NA20538 HG02630#1#JAHAOQ010000102.1_16672145_17079089_0$HG02145#1#JAHKSG010000134.1_2102465_2647653_1	0.9486988824660199 1K
NA20538 HG02145#2#JAHKSF010000206.1_1005292_1413195_1$HG02145#1#JAHKSG010000134.1_2102465_2647653_1	0.9486941706471003 1K
NA20538 HG01928#1#JAGYVQ010000053.1_16676493_17083407_0$HG02145#1#JAHKSG010000134.1_2102465_2647653_1	0.9486602327724469 1K
NA20538 NA18906#1#JAHEOO010000054.1_2103477_2510435_1$HG02145#1#JAHKSG010000134.1_2102465_2647653_1	0.9486195920382057 1K
NA20538 HG005#1#JAHEPO010000002.1_51519219_51926067_0$HG02145#1#JAHKSG010000134.1_2102465_2647653_1	0.9486057224157221 1K
NA20538 AV_HG02257#haplotype2#0001152:102843493$103251377$HG02145#1#JAHKSG010000134.1_2102465_2647653_1	0.9485280008437499 1K
NA20538 HG02717#1#JAHAOS010000015.1_16660311_17067250_0$HG02145#1#JAHKSG010000134.1_2102465_2647653_1	0.9484315285201543 1K
NA20538 HG02145#1#JAHKSG010000134.1_2102465_2647653_1$HG00741#2#JAHALX010000013.1_51574319_51981226_0	0.9484007782248037 1K
NA20538 HG02145#1#JAHKSG010000134.1_2102465_2647653_1$HG02818#1#JAHEOS010000101.1_89626_496613_0	0.9483717952082249 1K
NA20538 HG01109#1#JAHEPA010000099.1_2104245_2511104_1$HG02145#1#JAHKSG010000134.1_2102465_2647653_1	0.9483527910690231 1K
NA20538 HG02630#2#JAHAOP010000089.1_16669255_17076135_0$HG02145#1#JAHKSG010000134.1_2102465_2647653_1	0.9481122368224179 1K
NA20538 HG02622#1#JAHAOO010000002.1_16673678_17080663_0$HG02145#1#JAHKSG010000134.1_2102465_2647653_1	0.9479499500946680 1K
NA20538 HG00741#1#JAHALY010000007.1_18781197_19307680_1$HG02647.verkko_filt_mat.fa:haplotype1_0000002_103892584_104321036_0	0.9473059743168020 1K
NA20538 HG00741#1#JAHALY010000007.1_18781197_19307680_1$HG03098#1#JAHEPM010000059.1_16676208_17105596_0	0.9472183861784624 1K
NA20538 HG00741#1#JAHALY010000007.1_18781197_19307680_1$HG02055#2#JAHEPJ010000017.1_24870122_25298560_1	0.9470480331060240 1K
NA20538 HG00741#1#JAHALY010000007.1_18781197_19307680_1$HG02809.verkko_filt_mat.fa:haplotype1_0000023_94161320_94589755_0	0.9469613921764467 1K
NA20538 HG02723#2#JAHEOT010000034.1_19776337_20321518_1$HG01358#1#JAGYZB010000020.1_27445742_27855492_1	0.9468817443201547 1K
NA20538 HG03492#1#JAHEPI010000180.1_2103395_2543326_1$HG03098#1#JAHEPM010000059.1_16676208_17105596_0	0.9463835688281698 1K
NA20538 HG03492#1#JAHEPI010000180.1_2103395_2543326_1$HG02647.verkko_filt_mat.fa:haplotype1_0000002_103892584_104321036_0	0.9462570927371022 1K
NA20538 HG03492#1#JAHEPI010000180.1_2103395_2543326_1$HG02055#2#JAHEPJ010000017.1_24870122_25298560_1	0.9459193694532860 1K
NA20538 HG02145#1#JAHKSG010000134.1_2102465_2647653_1$HG01358#1#JAGYZB010000020.1_27445742_27855492_1	0.9457844129765555 1K
NA20538 HG03492#1#JAHEPI010000180.1_2103395_2543326_1$HG02809.verkko_filt_mat.fa:haplotype1_0000023_94161320_94589755_0	0.9454685567132249 1K
NA20538 HG02723#2#JAHEOT010000034.1_19776337_20321518_1$HG03492#1#JAHEPI010000180.1_2103395_2543326_1	0.9439906519160670 1K
NA20538 HG02886#2#JAHAOT010000031.1_87393_401061_0$HG01358#1#JAGYZB010000020.1_27445742_27855492_1	0.9426953623571658 1K
NA20538 AV_HG01361#haplotype2#0001322:101872897$102186552$HG01358#1#JAGYZB010000020.1_27445742_27855492_1	0.9425091772186007 1K
NA20538 HG03098#2#JAHEPL010000003.1_93803759_94117426_0$HG02300.verkko_filt_mat.fa:haplotype1_0000028_144052837_144460586_1	0.9423820561011472 1K
NA20538 HG03492#1#JAHEPI010000180.1_2103395_2543326_1$HG02145#1#JAHKSG010000134.1_2102465_2647653_1	0.9422055543943115 1K
NA20538 HG03710.verkko_filt_mat.fa:haplotype1_0000029_102593394_102907063_0$HG02300.verkko_filt_mat.fa:haplotype1_0000028_144052837_144460586_1	0.9421013243678706 1K
NA20538 HG02109#2#JAHEPF010000078.1_16678387_16991144_0$HG02300.verkko_filt_mat.fa:haplotype1_0000028_144052837_144460586_1	0.9420236119565543 1K
NA20538 HG03710.verkko_filt_mat.fa:haplotype1_0000029_102593394_102907063_0$HG01099.verkko_filt_mat.fa:haplotype1_0000034_142513097_142920876_1	0.9419781136908644 1K
NA20538 HG03098#2#JAHEPL010000003.1_93803759_94117426_0$HG01099.verkko_filt_mat.fa:haplotype1_0000034_142513097_142920876_1	0.9419107981913177 1K
NA20538 AV_HG01361#haplotype2#0001322:101872897$102186552$HG02300.verkko_filt_mat.fa:haplotype1_0000028_144052837_144460586_1	0.9418397153364026 1K
NA20538 AV_HG01361#haplotype1#0000023:101593539$102001341$HG03710.verkko_filt_mat.fa:haplotype1_0000029_102593394_102907063_0	0.9418381629738304 1K
NA20538 HG01358#1#JAGYZB010000020.1_27445742_27855492_1$HG03710.verkko_filt_mat.fa:haplotype1_0000029_102593394_102907063_0	0.9418316055296065 1K
NA20538 HG02293.verkko_filt_mat.fa:haplotype1_0000039_30204405_30517145_1$HG02300.verkko_filt_mat.fa:haplotype1_0000028_144052837_144460586_1	0.9417531107545285 1K
NA20538 HG02647.verkko_filt_pat.fa:haplotype2_0000857_103738150_104051769_0$HG02300.verkko_filt_mat.fa:haplotype1_0000028_144052837_144460586_1	0.9417258376134662 1K
NA20538 HG01358#1#JAGYZB010000020.1_27445742_27855492_1$HG00733#1#JAHEPQ010000019.1_46106835_46420495_0	0.9417219216899374 1K
NA20538 HG01891#1#JAGYVO010000014.1_22855818_23168577_1$HG02300.verkko_filt_mat.fa:haplotype1_0000028_144052837_144460586_1	0.9417151754238624 1K
NA20538 HG03579#2#JAGYVT010000094.1_51581892_51895531_0$HG02300.verkko_filt_mat.fa:haplotype1_0000028_144052837_144460586_1	0.9416834668530465 1K
NA20538 HG02886#2#JAHAOT010000031.1_87393_401061_0$HG02300.verkko_filt_mat.fa:haplotype1_0000028_144052837_144460586_1	0.9416284041983946 1K
NA20538 AV_HG01361#haplotype1#0000023:101593539$102001341$HG03098#2#JAHEPL010000003.1_93803759_94117426_0	0.9416269650838586 1K
NA20538 HG01123#2#JAGYYY010000006.1_51579630_51892388_0$HG02300.verkko_filt_mat.fa:haplotype1_0000028_144052837_144460586_1	0.9416154389842075 1K
NA20538 HG00438#2#JAHBCA010000012.1_51513023_51826723_0$HG02300.verkko_filt_mat.fa:haplotype1_0000028_144052837_144460586_1	0.9415855320825393 1K
NA20538 HG02723#1#JAHEOU010000204.1_2102082_2414876_1$HG02300.verkko_filt_mat.fa:haplotype1_0000028_144052837_144460586_1	0.9415786015399249 1K
NA20538 HG00733#1#JAHEPQ010000019.1_46106835_46420495_0$HG02300.verkko_filt_mat.fa:haplotype1_0000028_144052837_144460586_1	0.9415710209838510 1K
NA20538 HG02109#2#JAHEPF010000078.1_16678387_16991144_0$HG01099.verkko_filt_mat.fa:haplotype1_0000034_142513097_142920876_1	0.9415380078912140 1K
NA20538 HG00733#1#JAHEPQ010000019.1_46106835_46420495_0$HG01099.verkko_filt_mat.fa:haplotype1_0000034_142513097_142920876_1	0.9415196784340401 1K
NA20538 HG04228.verkko_filt_pat.fa:haplotype2_0000600_103806749_104119491_0$HG02300.verkko_filt_mat.fa:haplotype1_0000028_144052837_144460586_1	0.9415022383928382 1K
NA20538 HG01099.verkko_filt_mat.fa:haplotype1_0000034_142513097_142920876_1$HG02293.verkko_filt_mat.fa:haplotype1_0000039_30204405_30517145_1	0.9414852168242981 1K
NA20538 HG01099.verkko_filt_mat.fa:haplotype1_0000034_142513097_142920876_1$HG02647.verkko_filt_pat.fa:haplotype2_0000857_103738150_104051769_0	0.9414695292396530 1K
NA20538 HG02080#1#JAHEOW010000048.1_16689583_17097287_0$HG03098#2#JAHEPL010000003.1_93803759_94117426_0	0.9414303194564269 1K
NA20538 HG00438#2#JAHBCA010000012.1_51513023_51826723_0$HG01358#1#JAGYZB010000020.1_27445742_27855492_1	0.9414293790275166 1K
NA20538 AV_HG01361#haplotype1#0000023:101593539$102001341$HG00733#1#JAHEPQ010000019.1_46106835_46420495_0	0.9414277431139348 1K
NA20538 HG03579#2#JAGYVT010000094.1_51581892_51895531_0$HG01099.verkko_filt_mat.fa:haplotype1_0000034_142513097_142920876_1	0.9414272385310108 1K
NA20538 AV_HG01361#haplotype2#0001322:101872897$102186552$HG01099.verkko_filt_mat.fa:haplotype1_0000034_142513097_142920876_1	0.9413937198727452 1K
NA20538 HG03098#2#JAHEPL010000003.1_93803759_94117426_0$HG01358#1#JAGYZB010000020.1_27445742_27855492_1	0.9413902041813056 1K
NA20538 AV_HG01361#haplotype1#0000023:101593539$102001341$HG02109#2#JAHEPF010000078.1_16678387_16991144_0	0.9413376194553819 1K
NA20538 HG02080#1#JAHEOW010000048.1_16689583_17097287_0$HG03710.verkko_filt_mat.fa:haplotype1_0000029_102593394_102907063_0	0.9413297798725518 1K
NA20538 HG01891#1#JAGYVO010000014.1_22855818_23168577_1$HG01099.verkko_filt_mat.fa:haplotype1_0000034_142513097_142920876_1	0.9412658304531596 1K
NA20538 AV_HG01361#haplotype1#0000023:101593539$102001341$HG02647.verkko_filt_pat.fa:haplotype2_0000857_103738150_104051769_0	0.9412570996352264 1K
NA20538 HG02080#1#JAHEOW010000048.1_16689583_17097287_0$HG02109#2#JAHEPF010000078.1_16678387_16991144_0	0.9412374123520735 1K
NA20538 AV_HG01361#haplotype1#0000023:101593539$102001341$HG02293.verkko_filt_mat.fa:haplotype1_0000039_30204405_30517145_1	0.9412369057345955 1K
NA20538 AV_HG01361#haplotype1#0000023:101593539$102001341$HG03579#2#JAGYVT010000094.1_51581892_51895531_0	0.9412268825057868 1K
NA20538 HG01123#2#JAGYYY010000006.1_51579630_51892388_0$HG01099.verkko_filt_mat.fa:haplotype1_0000034_142513097_142920876_1	0.9412131589558442 1K
NA20538 HG00438#2#JAHBCA010000012.1_51513023_51826723_0$HG01099.verkko_filt_mat.fa:haplotype1_0000034_142513097_142920876_1	0.9412100676811754 1K
NA20538 HG02886#2#JAHAOT010000031.1_87393_401061_0$HG01099.verkko_filt_mat.fa:haplotype1_0000034_142513097_142920876_1	0.9411700656433453 1K
NA20538 AV_HG01361#haplotype1#0000023:101593539$102001341$HG00438#2#JAHBCA010000012.1_51513023_51826723_0	0.9411540286245205 1K
NA20538 AV_HG01361#haplotype1#0000023:101593539$102001341$HG01891#1#JAGYVO010000014.1_22855818_23168577_1	0.9411497790998998 1K
NA20538 HG01358#1#JAGYZB010000020.1_27445742_27855492_1$HG02293.verkko_filt_mat.fa:haplotype1_0000039_30204405_30517145_1	0.9411392709764426 1K
NA20538 AV_HG01361#haplotype1#0000023:101593539$102001341$HG01123#2#JAGYYY010000006.1_51579630_51892388_0	0.9411333752181552 1K
NA20538 HG02723#1#JAHEOU010000204.1_2102082_2414876_1$HG01099.verkko_filt_mat.fa:haplotype1_0000034_142513097_142920876_1	0.9411049806477173 1K
NA20538 HG03098#2#JAHEPL010000003.1_93803759_94117426_0$NA19240#2#JAHEOL010000010.1_37445323_37853017_0	0.9410927256516577 1K
NA20538 AV_HG01361#haplotype1#0000023:101593539$102001341$HG02886#2#JAHAOT010000031.1_87393_401061_0	0.9410899150607307 1K
NA20538 HG04228.verkko_filt_pat.fa:haplotype2_0000600_103806749_104119491_0$HG01099.verkko_filt_mat.fa:haplotype1_0000034_142513097_142920876_1	0.9410889678434626 1K
NA20538 HG02080#1#JAHEOW010000048.1_16689583_17097287_0$HG01891#1#JAGYVO010000014.1_22855818_23168577_1	0.9410254265965075 1K
NA20538 AV_HG01361#haplotype1#0000023:101593539$102001341$AV_HG01361#haplotype2#0001322:101872897$102186552	0.9410147319406251 1K
NA20538 HG02080#1#JAHEOW010000048.1_16689583_17097287_0$HG02723#1#JAHEOU010000204.1_2102082_2414876_1	0.9409972605982182 1K
NA20538 HG02080#1#JAHEOW010000048.1_16689583_17097287_0$HG02647.verkko_filt_pat.fa:haplotype2_0000857_103738150_104051769_0	0.9409760733828356 1K
NA20538 HG02080#1#JAHEOW010000048.1_16689583_17097287_0$HG01123#2#JAGYYY010000006.1_51579630_51892388_0	0.9409609019932071 1K
NA20538 HG02080#1#JAHEOW010000048.1_16689583_17097287_0$HG02293.verkko_filt_mat.fa:haplotype1_0000039_30204405_30517145_1	0.9409440054142388 1K
NA20538 AV_HG01361#haplotype1#0000023:101593539$102001341$HG02723#1#JAHEOU010000204.1_2102082_2414876_1	0.9409406868979795 1K
NA20538 HG02080#1#JAHEOW010000048.1_16689583_17097287_0$HG00438#2#JAHBCA010000012.1_51513023_51826723_0	0.9409332795111506 1K
NA20538 HG02080#1#JAHEOW010000048.1_16689583_17097287_0$HG03579#2#JAGYVT010000094.1_51581892_51895531_0	0.9409217846958953 1K
NA20538 AV_HG00673#haplotype2#0001165:24014011$24421797$HG03710.verkko_filt_mat.fa:haplotype1_0000029_102593394_102907063_0	0.9409133415333979 1K
NA20538 HG02080#1#JAHEOW010000048.1_16689583_17097287_0$HG00733#1#JAHEPQ010000019.1_46106835_46420495_0	0.9408458765549411 1K
NA20538 AV_HG00673#haplotype2#0001165:24014011$24421797$HG03098#2#JAHEPL010000003.1_93803759_94117426_0	0.9408222243183536 1K
NA20538 AV_HG01361#haplotype1#0000023:101593539$102001341$HG04228.verkko_filt_pat.fa:haplotype2_0000600_103806749_104119491_0	0.9408041469594501 1K
NA20538 NA19240#2#JAHEOL010000010.1_37445323_37853017_0$HG03710.verkko_filt_mat.fa:haplotype1_0000029_102593394_102907063_0	0.9407892679057021 1K
NA20538 HG02080#1#JAHEOW010000048.1_16689583_17097287_0$HG04228.verkko_filt_pat.fa:haplotype2_0000600_103806749_104119491_0	0.9407761624441791 1K
NA20538 HG03516#1#JAGYYT010000012.1_24170958_24578778_1$HG03710.verkko_filt_mat.fa:haplotype1_0000029_102593394_102907063_0	0.9407196165073602 1K
NA20538 HG02109#2#JAHEPF010000078.1_16678387_16991144_0$NA19240#2#JAHEOL010000010.1_37445323_37853017_0	0.9407157232450051 1K
NA20538 HG02080#1#JAHEOW010000048.1_16689583_17097287_0$HG02886#2#JAHAOT010000031.1_87393_401061_0	0.9407016412917876 1K
NA20538 NA19240#2#JAHEOL010000010.1_37445323_37853017_0$HG01891#1#JAGYVO010000014.1_22855818_23168577_1	0.9406360294526213 1K
NA20538 AV_HG01361#haplotype2#0001322:101872897$102186552$HG03579#1#JAGYVU010000029.1_91404_499180_0	0.9406036502120384 1K
NA20538 AV_HG01361#haplotype2#0001322:101872897$102186552$HG03516#2#JAGYYS010000004.1_24452130_24859892_1	0.9405752774381184 1K
NA20538 NA19240#2#JAHEOL010000010.1_37445323_37853017_0$HG02647.verkko_filt_pat.fa:haplotype2_0000857_103738150_104051769_0	0.9405632835341161 1K
NA20538 NA19240#2#JAHEOL010000010.1_37445323_37853017_0$HG02293.verkko_filt_mat.fa:haplotype1_0000039_30204405_30517145_1	0.9405567785925055 1K
NA20538 HG01123#2#JAGYYY010000006.1_51579630_51892388_0$NA19240#2#JAHEOL010000010.1_37445323_37853017_0	0.9405451147683737 1K
NA20538 HG00438#2#JAHBCA010000012.1_51513023_51826723_0$NA19240#2#JAHEOL010000010.1_37445323_37853017_0	0.9405231097143434 1K
NA20538 HG03098#2#JAHEPL010000003.1_93803759_94117426_0$HG03516#1#JAGYYT010000012.1_24170958_24578778_1	0.9405098559672112 1K
NA20538 AV_HG01361#haplotype2#0001322:101872897$102186552$HG02080#1#JAHEOW010000048.1_16689583_17097287_0	0.9405073573632722 1K
NA20538 HG03579#2#JAGYVT010000094.1_51581892_51895531_0$NA19240#2#JAHEOL010000010.1_37445323_37853017_0	0.9404972952519772 1K
NA20538 AV_HG01361#haplotype2#0001322:101872897$102186552$HG03927.verkko_filt_mat.fa:haplotype1_0000009_134765170_135173010_1	0.9404934572045219 1K
NA20538 HG02886#2#JAHAOT010000031.1_87393_401061_0$HG03927.verkko_filt_mat.fa:haplotype1_0000009_134765170_135173010_1	0.9404714237805487 1K
NA20538 AV_HG00673#haplotype2#0001165:24014011$24421797$HG02647.verkko_filt_pat.fa:haplotype2_0000857_103738150_104051769_0	0.9404610083190512 1K
NA20538 AV_HG00673#haplotype2#0001165:24014011$24421797$HG02109#2#JAHEPF010000078.1_16678387_16991144_0	0.9404451816712792 1K
NA20538 HG02723#1#JAHEOU010000204.1_2102082_2414876_1$NA19240#2#JAHEOL010000010.1_37445323_37853017_0	0.9404388988039216 1K
NA20538 AV_HG01361#haplotype2#0001322:101872897$102186552$NA19240#2#JAHEOL010000010.1_37445323_37853017_0	0.9404350710873068 1K
NA20538 AV_HG01361#haplotype2#0001322:101872897$102186552$HG02486#2#JAGYVL010000029.1_94163344_94570162_0	0.9404265008197152 1K
NA20538 AV_HG01361#haplotype2#0001322:101872897$102186552$HG02559#1#JAGYVK010000012.1_51505852_51913611_0	0.9404250777110962 1K
NA20538 NA19240#2#JAHEOL010000010.1_37445323_37853017_0$HG04228.verkko_filt_pat.fa:haplotype2_0000600_103806749_104119491_0	0.9403988234323875 1K
NA20538 AV_HG00673#haplotype2#0001165:24014011$24421797$HG01891#1#JAGYVO010000014.1_22855818_23168577_1	0.9403895334436770 1K
NA20538 HG02886#2#JAHAOT010000031.1_87393_401061_0$HG03516#2#JAGYYS010000004.1_24452130_24859892_1	0.9403870194876337 1K
NA20538 HG00733#1#JAHEPQ010000019.1_46106835_46420495_0$NA19240#2#JAHEOL010000010.1_37445323_37853017_0	0.9403742354558414 1K
NA20538 AV_HG00673#haplotype2#0001165:24014011$24421797$HG03579#2#JAGYVT010000094.1_51581892_51895531_0	0.9403708807031141 1K
NA20538 HG03516#1#JAGYYT010000012.1_24170958_24578778_1$HG00733#1#JAHEPQ010000019.1_46106835_46420495_0	0.9403616368008194 1K
NA20538 AV_HG00673#haplotype2#0001165:24014011$24421797$HG00438#2#JAHBCA010000012.1_51513023_51826723_0	0.9403602699519054 1K
NA20538 HG02886#2#JAHAOT010000031.1_87393_401061_0$HG03579#1#JAGYVU010000029.1_91404_499180_0	0.9403555824562451 1K
NA20538 AV_HG01361#haplotype2#0001322:101872897$102186552$HG02818#2#JAHEOR010000010.1_31775319_32183091_1	0.9403405762583069 1K
NA20538 HG02886#2#JAHAOT010000031.1_87393_401061_0$NA19240#2#JAHEOL010000010.1_37445323_37853017_0	0.9403299170869758 1K
NA20538 AV_HG00673#haplotype2#0001165:24014011$24421797$HG00733#1#JAHEPQ010000019.1_46106835_46420495_0	0.9402956153760085 1K
NA20538 HG02559#1#JAGYVK010000012.1_51505852_51913611_0$HG02886#2#JAHAOT010000031.1_87393_401061_0	0.9402604486102848 1K
NA20538 HG03710.verkko_filt_mat.fa:haplotype1_0000029_102593394_102907063_0$HG03927.verkko_filt_mat.fa:haplotype1_0000009_134765170_135173010_1	0.9402507374698872 1K
NA20538 AV_HG00673#haplotype2#0001165:24014011$24421797$HG02886#2#JAHAOT010000031.1_87393_401061_0	0.9402382727991023 1K
NA20538 HG03516#1#JAGYYT010000012.1_24170958_24578778_1$HG02647.verkko_filt_pat.fa:haplotype2_0000857_103738150_104051769_0	0.9402261035227100 1K
NA20538 AV_HG01361#haplotype2#0001322:101872897$102186552$HG02886#1#JAHAOU010000178.1_62411_469262_0	0.9401868559728535 1K
NA20538 HG03516#1#JAGYYT010000012.1_24170958_24578778_1$HG02109#2#JAHEPF010000078.1_16678387_16991144_0	0.9401744972662950 1K
NA20538 HG03516#1#JAGYYT010000012.1_24170958_24578778_1$HG02293.verkko_filt_mat.fa:haplotype1_0000039_30204405_30517145_1	0.9401739344754257 1K
NA20538 HG01123#2#JAGYYY010000006.1_51579630_51892388_0$HG03516#1#JAGYYT010000012.1_24170958_24578778_1	0.9401557316357891 1K
NA20538 HG02886#2#JAHAOT010000031.1_87393_401061_0$HG01258#2#JAGYYU010000072.1_51562603_51970395_0	0.9401497013208054 1K
NA20538 HG03579#2#JAGYVT010000094.1_51581892_51895531_0$HG03516#1#JAGYYT010000012.1_24170958_24578778_1	0.9401247262559811 1K
NA20538 HG02109#1#JAHEPG010000026.1_16673035_17080816_0$HG02886#2#JAHAOT010000031.1_87393_401061_0	0.9400809181999563 1K
NA20538 HG02818#2#JAHEOR010000010.1_31775319_32183091_1$HG02886#2#JAHAOT010000031.1_87393_401061_0	0.9400802228057753 1K
NA20538 HG01123#1#JAGYYZ010000015.1_51528240_51935090_0$HG02886#2#JAHAOT010000031.1_87393_401061_0	0.9400783028387528 1K
NA20538 AV_HG01361#haplotype2#0001322:101872897$102186552$HG01258#2#JAGYYU010000072.1_51562603_51970395_0	0.9400752627891924 1K
NA20538 AV_HG01361#haplotype2#0001322:101872897$102186552$HG01123#1#JAGYYZ010000015.1_51528240_51935090_0	0.9400749426705929 1K
NA20538 AV_HG01361#haplotype2#0001322:101872897$102186552$HG02717#2#JAHAOR010000006.1_19663827_20070693_1	0.9400555431016537 1K
NA20538 AV_HG01361#haplotype2#0001322:101872897$102186552$HG02109#1#JAHEPG010000026.1_16673035_17080816_0	0.9400533680579215 1K
NA20538 HG03516#1#JAGYYT010000012.1_24170958_24578778_1$HG01891#1#JAGYVO010000014.1_22855818_23168577_1	0.9400224589142073 1K
NA20538 AV_HG01361#haplotype2#0001322:101872897$102186552$NA19240#1#JAHEOM010000047.1_30103390_30511199_1	0.9400223905133057 1K
NA20538 HG00438#2#JAHBCA010000012.1_51513023_51826723_0$HG03516#1#JAGYYT010000012.1_24170958_24578778_1	0.9399988258264762 1K
NA20538 AV_HG00673#haplotype2#0001165:24014011$24421797$HG02723#1#JAHEOU010000204.1_2102082_2414876_1	0.9399878389698988 1K
NA20538 HG02886#2#JAHAOT010000031.1_87393_401061_0$HG02717#2#JAHAOR010000006.1_19663827_20070693_1	0.9399868566157119 1K
NA20538 HG02630#2#JAHAOP010000089.1_16669255_17076135_0$HG02886#2#JAHAOT010000031.1_87393_401061_0	0.9399867385460249 1K
NA20538 AV_HG00673#haplotype2#0001165:24014011$24421797$HG02293.verkko_filt_mat.fa:haplotype1_0000039_30204405_30517145_1	0.9399624466755406 1K
NA20538 AV_HG01361#haplotype2#0001322:101872897$102186552$HG02809.verkko_filt_pat.fa:haplotype2_0001251_103421111_103827972_0	0.9399540576033286 1K
NA20538 HG03098#2#JAHEPL010000003.1_93803759_94117426_0$HG03927.verkko_filt_mat.fa:haplotype1_0000009_134765170_135173010_1	0.9399457697225048 1K
NA20538 HG02886#2#JAHAOT010000031.1_87393_401061_0$HG02809.verkko_filt_pat.fa:haplotype2_0001251_103421111_103827972_0	0.9399343256667374 1K
NA20538 HG02886#2#JAHAOT010000031.1_87393_401061_0$HG03516#1#JAGYYT010000012.1_24170958_24578778_1	0.9399167685824206 1K
NA20538 HG02723#2#JAHEOT010000034.1_19776337_20321518_1$HG002.verkko_filt_pat.fa:haplotype2_0000649_147937390_148315979_1	0.9399130945674677 1K
NA20538 HG02717#2#JAHAOR010000006.1_19663827_20070693_1$HG03710.verkko_filt_mat.fa:haplotype1_0000029_102593394_102907063_0	0.9399086291254642 1K
NA20538 AV_HG01361#haplotype2#0001322:101872897$102186552$HG02630#2#JAHAOP010000089.1_16669255_17076135_0	0.9399005735199391 1K
NA20538 AV_HG01361#haplotype2#0001322:101872897$102186552$HG03516#1#JAGYYT010000012.1_24170958_24578778_1	0.9398926768777788 1K
NA20538 AV_HG00673#haplotype2#0001165:24014011$24421797$HG01123#2#JAGYYY010000006.1_51579630_51892388_0	0.9398886437186803 1K
NA20538 HG01258#2#JAGYYU010000072.1_51562603_51970395_0$HG03710.verkko_filt_mat.fa:haplotype1_0000029_102593394_102907063_0	0.9398803736692642 1K
NA20538 HG02109#1#JAHEPG010000026.1_16673035_17080816_0$HG03710.verkko_filt_mat.fa:haplotype1_0000029_102593394_102907063_0	0.9398707245145749 1K
NA20538 HG03516#2#JAGYYS010000004.1_24452130_24859892_1$HG03710.verkko_filt_mat.fa:haplotype1_0000029_102593394_102907063_0	0.9398670937815458 1K
NA20538 HG03516#2#JAGYYS010000004.1_24452130_24859892_1$HG00733#1#JAHEPQ010000019.1_46106835_46420495_0	0.9398573269460186 1K
NA20538 HG02886#2#JAHAOT010000031.1_87393_401061_0$HG02486#2#JAGYVL010000029.1_94163344_94570162_0	0.9398543687790478 1K
NA20538 HG02886#2#JAHAOT010000031.1_87393_401061_0$NA19240#1#JAHEOM010000047.1_30103390_30511199_1	0.9398333524480403 1K
NA20538 HG03579#1#JAGYVU010000029.1_91404_499180_0$HG02293.verkko_filt_mat.fa:haplotype1_0000039_30204405_30517145_1	0.9398164737720436 1K
NA20538 HG02723#1#JAHEOU010000204.1_2102082_2414876_1$HG03516#1#JAGYYT010000012.1_24170958_24578778_1	0.9398012931194454 1K
NA20538 HG00733#1#JAHEPQ010000019.1_46106835_46420495_0$HG03579#1#JAGYVU010000029.1_91404_499180_0	0.9397894834536326 1K
NA20538 HG03579#1#JAGYVU010000029.1_91404_499180_0$HG03710.verkko_filt_mat.fa:haplotype1_0000029_102593394_102907063_0	0.9397883173594576 1K
NA20538 HG01123#1#JAGYYZ010000015.1_51528240_51935090_0$HG03710.verkko_filt_mat.fa:haplotype1_0000029_102593394_102907063_0	0.9397606099586064 1K
NA20538 HG02559#1#JAGYVK010000012.1_51505852_51913611_0$HG00733#1#JAHEPQ010000019.1_46106835_46420495_0	0.9397538836503333 1K
NA20538 HG03516#2#JAGYYS010000004.1_24452130_24859892_1$HG02293.verkko_filt_mat.fa:haplotype1_0000039_30204405_30517145_1	0.9397523493316362 1K
NA20538 HG005#1#JAHEPO010000002.1_51519219_51926067_0$HG02886#2#JAHAOT010000031.1_87393_401061_0	0.9397431420804271 1K
NA20538 HG03516#1#JAGYYT010000012.1_24170958_24578778_1$HG04228.verkko_filt_pat.fa:haplotype2_0000600_103806749_104119491_0	0.9397374046398885 1K
NA20538 HG02559#1#JAGYVK010000012.1_51505852_51913611_0$HG02293.verkko_filt_mat.fa:haplotype1_0000039_30204405_30517145_1	0.9397210675791559 1K
NA20538 HG00733#1#JAHEPQ010000019.1_46106835_46420495_0$HG03927.verkko_filt_mat.fa:haplotype1_0000009_134765170_135173010_1	0.9397127984333112 1K
NA20538 HG02559#2#JAGYVJ010000037.1_52167780_52574597_1$HG03098#2#JAHEPL010000003.1_93803759_94117426_0	0.9397013457906573 1K
NA20538 HG02559#1#JAGYVK010000012.1_51505852_51913611_0$HG03710.verkko_filt_mat.fa:haplotype1_0000029_102593394_102907063_0	0.9396934501799996 1K
NA20538 HG02559#2#JAGYVJ010000037.1_52167780_52574597_1$HG03710.verkko_filt_mat.fa:haplotype1_0000029_102593394_102907063_0	0.9396847697905278 1K
NA20538 HG02109#2#JAHEPF010000078.1_16678387_16991144_0$HG03927.verkko_filt_mat.fa:haplotype1_0000009_134765170_135173010_1	0.9396809507049334 1K
NA20538 HG03516#2#JAGYYS010000004.1_24452130_24859892_1$HG04228.verkko_filt_pat.fa:haplotype2_0000600_103806749_104119491_0	0.9396531164636129 1K
NA20538 HG03710.verkko_filt_mat.fa:haplotype1_0000029_102593394_102907063_0$HG02809.verkko_filt_pat.fa:haplotype2_0001251_103421111_103827972_0	0.9396396732774353 1K
NA20538 HG03927.verkko_filt_mat.fa:haplotype1_0000009_134765170_135173010_1$HG02647.verkko_filt_pat.fa:haplotype2_0000857_103738150_104051769_0	0.9396368381628611 1K
NA20538 HG02886#1#JAHAOU010000178.1_62411_469262_0$HG02886#2#JAHAOT010000031.1_87393_401061_0	0.9396268427637247 1K
NA20538 HG04228.verkko_filt_pat.fa:haplotype2_0000600_103806749_104119491_0$HG03927.verkko_filt_mat.fa:haplotype1_0000009_134765170_135173010_1	0.9396268047262842 1K
NA20538 HG03098#2#JAHEPL010000003.1_93803759_94117426_0$HG02717#2#JAHAOR010000006.1_19663827_20070693_1	0.9396143109857930 1K
NA20538 AV_HG01361#haplotype2#0001322:101872897$102186552$HG005#1#JAHEPO010000002.1_51519219_51926067_0	0.9395851777249875 1K
NA20538 HG02559#1#JAGYVK010000012.1_51505852_51913611_0$HG04228.verkko_filt_pat.fa:haplotype2_0000600_103806749_104119491_0	0.9395732239855906 1K
NA20538 HG02818#2#JAHEOR010000010.1_31775319_32183091_1$HG00733#1#JAHEPQ010000019.1_46106835_46420495_0	0.9395721745316257 1K
NA20538 HG02818#2#JAHEOR010000010.1_31775319_32183091_1$HG02293.verkko_filt_mat.fa:haplotype1_0000039_30204405_30517145_1	0.9395637817966928 1K
NA20538 HG03579#2#JAGYVT010000094.1_51581892_51895531_0$HG03927.verkko_filt_mat.fa:haplotype1_0000009_134765170_135173010_1	0.9395475072726348 1K
NA20538 HG03579#1#JAGYVU010000029.1_91404_499180_0$HG04228.verkko_filt_pat.fa:haplotype2_0000600_103806749_104119491_0	0.9395248811015905 1K
NA20538 AV_HG00673#haplotype2#0001165:24014011$24421797$AV_HG01361#haplotype2#0001322:101872897$102186552	0.9394973282296440 1K
NA20538 AV_HG00673#haplotype2#0001165:24014011$24421797$HG04228.verkko_filt_pat.fa:haplotype2_0000600_103806749_104119491_0	0.9394911331908989 1K
NA20538 HG01258#2#JAGYYU010000072.1_51562603_51970395_0$HG00733#1#JAHEPQ010000019.1_46106835_46420495_0	0.9394879498826928 1K
NA20538 HG02818#2#JAHEOR010000010.1_31775319_32183091_1$HG04228.verkko_filt_pat.fa:haplotype2_0000600_103806749_104119491_0	0.9394864881543702 1K
NA20538 HG03927.verkko_filt_mat.fa:haplotype1_0000009_134765170_135173010_1$HG02293.verkko_filt_mat.fa:haplotype1_0000039_30204405_30517145_1	0.9394777582628814 1K
NA20538 HG03098#2#JAHEPL010000003.1_93803759_94117426_0$HG02809.verkko_filt_pat.fa:haplotype2_0001251_103421111_103827972_0	0.9394764207183578 1K
NA20538 HG02886#2#JAHAOT010000031.1_87393_401061_0$HG00741#2#JAHALX010000013.1_51574319_51981226_0	0.9394576446301365 1K
NA20538 HG02818#2#JAHEOR010000010.1_31775319_32183091_1$HG03710.verkko_filt_mat.fa:haplotype1_0000029_102593394_102907063_0	0.9394549129917356 1K
NA20538 HG01891#1#JAGYVO010000014.1_22855818_23168577_1$HG03927.verkko_filt_mat.fa:haplotype1_0000009_134765170_135173010_1	0.9394450681451358 1K
NA20538 HG03098#2#JAHEPL010000003.1_93803759_94117426_0$HG02109#1#JAHEPG010000026.1_16673035_17080816_0	0.9394445089691164 1K
NA20538 HG01123#2#JAGYYY010000006.1_51579630_51892388_0$HG03927.verkko_filt_mat.fa:haplotype1_0000009_134765170_135173010_1	0.9394214681930259 1K
NA20538 HG03098#2#JAHEPL010000003.1_93803759_94117426_0$HG01258#2#JAGYYU010000072.1_51562603_51970395_0	0.9394194000633532 1K
NA20538 HG01123#2#JAGYYY010000006.1_51579630_51892388_0$HG03516#2#JAGYYS010000004.1_24452130_24859892_1	0.9394128900463822 1K
NA20538 HG02559#1#JAGYVK010000012.1_51505852_51913611_0$HG01123#2#JAGYYY010000006.1_51579630_51892388_0	0.9393807614152240 1K
NA20538 HG01109#1#JAHEPA010000099.1_2104245_2511104_1$HG02886#2#JAHAOT010000031.1_87393_401061_0	0.9393647998726626 1K
NA20538 HG01123#2#JAGYYY010000006.1_51579630_51892388_0$HG03579#1#JAGYVU010000029.1_91404_499180_0	0.9393564347905340 1K
NA20538 NA19240#1#JAHEOM010000047.1_30103390_30511199_1$HG03710.verkko_filt_mat.fa:haplotype1_0000029_102593394_102907063_0	0.9393390854208205 1K
NA20538 HG03516#2#JAGYYS010000004.1_24452130_24859892_1$HG02647.verkko_filt_pat.fa:haplotype2_0000857_103738150_104051769_0	0.9393261537244615 1K
NA20538 HG00733#1#JAHEPQ010000019.1_46106835_46420495_0$HG02717#2#JAHAOR010000006.1_19663827_20070693_1	0.9393132867029270 1K
NA20538 HG03098#2#JAHEPL010000003.1_93803759_94117426_0$HG01123#1#JAGYYZ010000015.1_51528240_51935090_0	0.9392989884447281 1K
NA20538 NA19240#1#JAHEOM010000047.1_30103390_30511199_1$HG00733#1#JAHEPQ010000019.1_46106835_46420495_0	0.9392889187459719 1K
NA20538 HG00741#2#JAHALX010000013.1_51574319_51981226_0$HG03710.verkko_filt_mat.fa:haplotype1_0000029_102593394_102907063_0	0.9392843250953701 1K
NA20538 HG005#1#JAHEPO010000002.1_51519219_51926067_0$HG03710.verkko_filt_mat.fa:haplotype1_0000029_102593394_102907063_0	0.9392826337161110 1K
NA20538 HG02109#1#JAHEPG010000026.1_16673035_17080816_0$HG00733#1#JAHEPQ010000019.1_46106835_46420495_0	0.9392760491370241 1K
NA20538 HG02559#2#JAGYVJ010000037.1_52167780_52574597_1$HG02886#2#JAHAOT010000031.1_87393_401061_0	0.9392724648923999 1K
NA20538 HG03579#2#JAGYVT010000094.1_51581892_51895531_0$HG03516#2#JAGYYS010000004.1_24452130_24859892_1	0.9392605044116564 1K
NA20538 HG02886#1#JAHAOU010000178.1_62411_469262_0$HG03710.verkko_filt_mat.fa:haplotype1_0000029_102593394_102907063_0	0.9392599739282637 1K
NA20538 HG00438#2#JAHBCA010000012.1_51513023_51826723_0$HG03927.verkko_filt_mat.fa:haplotype1_0000009_134765170_135173010_1	0.9392437034400399 1K
NA20538 AV_HG01361#haplotype2#0001322:101872897$102186552$HG00741#2#JAHALX010000013.1_51574319_51981226_0	0.9392412353691669 1K
NA20538 HG01258#2#JAGYYU010000072.1_51562603_51970395_0$HG02293.verkko_filt_mat.fa:haplotype1_0000039_30204405_30517145_1	0.9392393904330700 1K
NA20538 HG02109#1#JAHEPG010000026.1_16673035_17080816_0$HG02293.verkko_filt_mat.fa:haplotype1_0000039_30204405_30517145_1	0.9392306529424692 1K
NA20538 HG02723#1#JAHEOU010000204.1_2102082_2414876_1$HG03927.verkko_filt_mat.fa:haplotype1_0000009_134765170_135173010_1	0.9392237950972717 1K
NA20538 AV_HG01361#haplotype2#0001322:101872897$102186552$HG01109#1#JAHEPA010000099.1_2104245_2511104_1	0.9392078319775381 1K
NA20538 HG03516#2#JAGYYS010000004.1_24452130_24859892_1$HG01891#1#JAGYVO010000014.1_22855818_23168577_1	0.9392062110912852 1K
NA20538 HG03579#1#JAGYVU010000029.1_91404_499180_0$HG01891#1#JAGYVO010000014.1_22855818_23168577_1	0.9391984339215507 1K
NA20538 HG02818#2#JAHEOR010000010.1_31775319_32183091_1$HG01123#2#JAGYYY010000006.1_51579630_51892388_0	0.9391972816921478 1K
NA20538 HG02559#2#JAGYVJ010000037.1_52167780_52574597_1$HG00438#2#JAHBCA010000012.1_51513023_51826723_0	0.9391787494905132 1K
NA20538 HG005#1#JAHEPO010000002.1_51519219_51926067_0$HG03098#2#JAHEPL010000003.1_93803759_94117426_0	0.9391678129815413 1K
NA20538 NA19240#1#JAHEOM010000047.1_30103390_30511199_1$HG02293.verkko_filt_mat.fa:haplotype1_0000039_30204405_30517145_1	0.9391612676808401 1K
NA20538 HG02559#1#JAGYVK010000012.1_51505852_51913611_0$HG02647.verkko_filt_pat.fa:haplotype2_0000857_103738150_104051769_0	0.9391511126823822 1K
NA20538 HG03579#1#JAGYVU010000029.1_91404_499180_0$HG02647.verkko_filt_pat.fa:haplotype2_0000857_103738150_104051769_0	0.9391507139792395 1K
NA20538 HG02486#2#JAGYVL010000029.1_94163344_94570162_0$HG03710.verkko_filt_mat.fa:haplotype1_0000029_102593394_102907063_0	0.9391389893520143 1K
NA20538 HG02559#1#JAGYVK010000012.1_51505852_51913611_0$HG01891#1#JAGYVO010000014.1_22855818_23168577_1	0.9391269162521110 1K
NA20538 AV_HG01361#haplotype2#0001322:101872897$102186552$HG02559#2#JAGYVJ010000037.1_52167780_52574597_1	0.9391268517864909 1K
NA20538 HG02559#2#JAGYVJ010000037.1_52167780_52574597_1$HG00733#1#JAHEPQ010000019.1_46106835_46420495_0	0.9391135593226874 1K
NA20538 HG02723#1#JAHEOU010000204.1_2102082_2414876_1$HG03579#1#JAGYVU010000029.1_91404_499180_0	0.9391089310040251 1K
NA20538 HG02723#1#JAHEOU010000204.1_2102082_2414876_1$HG03516#2#JAGYYS010000004.1_24452130_24859892_1	0.9391047679679038 1K
NA20538 HG01123#1#JAGYYZ010000015.1_51528240_51935090_0$HG00733#1#JAHEPQ010000019.1_46106835_46420495_0	0.9390931066000719 1K
NA20538 HG02559#1#JAGYVK010000012.1_51505852_51913611_0$HG03579#2#JAGYVT010000094.1_51581892_51895531_0	0.9390856121142914 1K
NA20538 HG02886#1#JAHAOU010000178.1_62411_469262_0$HG00733#1#JAHEPQ010000019.1_46106835_46420495_0	0.9390754364088300 1K
NA20538 HG03579#2#JAGYVT010000094.1_51581892_51895531_0$HG03579#1#JAGYVU010000029.1_91404_499180_0	0.9390732309153633 1K
NA20538 HG02630#2#JAHAOP010000089.1_16669255_17076135_0$HG03710.verkko_filt_mat.fa:haplotype1_0000029_102593394_102907063_0	0.9390494952999393 1K
NA20538 HG00438#2#JAHBCA010000012.1_51513023_51826723_0$HG03516#2#JAGYYS010000004.1_24452130_24859892_1	0.9390381778846734 1K
NA20538 HG02818#2#JAHEOR010000010.1_31775319_32183091_1$HG02647.verkko_filt_pat.fa:haplotype2_0000857_103738150_104051769_0	0.9390297833057937 1K
NA20538 HG03516#2#JAGYYS010000004.1_24452130_24859892_1$HG02109#2#JAHEPF010000078.1_16678387_16991144_0	0.9390108899656708 1K
NA20538 HG02723#1#JAHEOU010000204.1_2102082_2414876_1$HG02559#1#JAGYVK010000012.1_51505852_51913611_0	0.9390014046836167 1K
NA20538 HG02818#2#JAHEOR010000010.1_31775319_32183091_1$HG03579#2#JAGYVT010000094.1_51581892_51895531_0	0.9390003301029390 1K
NA20538 HG00438#2#JAHBCA010000012.1_51513023_51826723_0$HG02717#2#JAHAOR010000006.1_19663827_20070693_1	0.9389956661662857 1K
NA20538 HG02818#2#JAHEOR010000010.1_31775319_32183091_1$HG01891#1#JAGYVO010000014.1_22855818_23168577_1	0.9389933704921558 1K
NA20538 HG02109#2#JAHEPF010000078.1_16678387_16991144_0$HG03579#1#JAGYVU010000029.1_91404_499180_0	0.9389913456144053 1K
NA20538 HG00438#2#JAHBCA010000012.1_51513023_51826723_0$HG03579#1#JAGYVU010000029.1_91404_499180_0	0.9389713737228471 1K
NA20538 HG00438#2#JAHBCA010000012.1_51513023_51826723_0$HG02109#1#JAHEPG010000026.1_16673035_17080816_0	0.9389694691152891 1K
NA20538 HG00438#2#JAHBCA010000012.1_51513023_51826723_0$HG01258#2#JAGYYU010000072.1_51562603_51970395_0	0.9389557379301258 1K
NA20538 HG02486#2#JAGYVL010000029.1_94163344_94570162_0$HG00733#1#JAHEPQ010000019.1_46106835_46420495_0	0.9389540868627309 1K
NA20538 HG01123#2#JAGYYY010000006.1_51579630_51892388_0$NA19240#1#JAHEOM010000047.1_30103390_30511199_1	0.9389373291864812 1K
NA20538 HG03098#2#JAHEPL010000003.1_93803759_94117426_0$HG02486#2#JAGYVL010000029.1_94163344_94570162_0	0.9389277359890030 1K
NA20538 HG02559#1#JAGYVK010000012.1_51505852_51913611_0$HG02109#2#JAHEPF010000078.1_16678387_16991144_0	0.9388960443053435 1K
NA20538 HG02559#1#JAGYVK010000012.1_51505852_51913611_0$HG00438#2#JAHBCA010000012.1_51513023_51826723_0	0.9388884103263913 1K
NA20538 HG02486#2#JAGYVL010000029.1_94163344_94570162_0$HG02293.verkko_filt_mat.fa:haplotype1_0000039_30204405_30517145_1	0.9388717942050949 1K
NA20538 HG02818#2#JAHEOR010000010.1_31775319_32183091_1$HG02109#2#JAHEPF010000078.1_16678387_16991144_0	0.9388707126603244 1K
NA20538 NA19240#1#JAHEOM010000047.1_30103390_30511199_1$HG04228.verkko_filt_pat.fa:haplotype2_0000600_103806749_104119491_0	0.9388674398766099 1K
NA20538 HG00733#1#JAHEPQ010000019.1_46106835_46420495_0$HG02809.verkko_filt_pat.fa:haplotype2_0001251_103421111_103827972_0	0.9388532250884611 1K
NA20538 HG01123#1#JAGYYZ010000015.1_51528240_51935090_0$HG00438#2#JAHBCA010000012.1_51513023_51826723_0	0.9388475217676262 1K
NA20538 HG02886#1#JAHAOU010000178.1_62411_469262_0$HG02293.verkko_filt_mat.fa:haplotype1_0000039_30204405_30517145_1	0.9387884219959645 1K
NA20538 HG02818#2#JAHEOR010000010.1_31775319_32183091_1$HG02723#1#JAHEOU010000204.1_2102082_2414876_1	0.9387720125230102 1K
NA20538 HG01109#1#JAHEPA010000099.1_2104245_2511104_1$HG03710.verkko_filt_mat.fa:haplotype1_0000029_102593394_102907063_0	0.9387382870711186 1K
NA20538 HG02559#2#JAGYVJ010000037.1_52167780_52574597_1$HG02293.verkko_filt_mat.fa:haplotype1_0000039_30204405_30517145_1	0.9387325577093129 1K
NA20538 HG03098#2#JAHEPL010000003.1_93803759_94117426_0$HG02886#1#JAHAOU010000178.1_62411_469262_0	0.9387011192276805 1K
NA20538 HG00438#2#JAHBCA010000012.1_51513023_51826723_0$HG02809.verkko_filt_pat.fa:haplotype2_0001251_103421111_103827972_0	0.9386539644739524 1K
NA20538 HG02818#2#JAHEOR010000010.1_31775319_32183091_1$HG00438#2#JAHBCA010000012.1_51513023_51826723_0	0.9386499229499824 1K
NA20538 HG005#1#JAHEPO010000002.1_51519219_51926067_0$HG00733#1#JAHEPQ010000019.1_46106835_46420495_0	0.9386374350805055 1K
NA20538 NA19240#1#JAHEOM010000047.1_30103390_30511199_1$HG02647.verkko_filt_pat.fa:haplotype2_0000857_103738150_104051769_0	0.9386271186487829 1K
NA20538 NA19240#1#JAHEOM010000047.1_30103390_30511199_1$HG01891#1#JAGYVO010000014.1_22855818_23168577_1	0.9386263868419537 1K
NA20538 HG02630#2#JAHAOP010000089.1_16669255_17076135_0$HG00733#1#JAHEPQ010000019.1_46106835_46420495_0	0.9386179961108808 1K
NA20538 HG02717#2#JAHAOR010000006.1_19663827_20070693_1$HG02293.verkko_filt_mat.fa:haplotype1_0000039_30204405_30517145_1	0.9385855448849691 1K
NA20538 AV_HG01361#haplotype2#0001322:101872897$102186552$NA18906#1#JAHEOO010000054.1_2103477_2510435_1	0.9385835589062210 1K
NA20538 HG03579#2#JAGYVT010000094.1_51581892_51895531_0$NA19240#1#JAHEOM010000047.1_30103390_30511199_1	0.9385738725326634 1K
NA20538 HG005#1#JAHEPO010000002.1_51519219_51926067_0$HG00438#2#JAHBCA010000012.1_51513023_51826723_0	0.9385726595697335 1K
NA20538 HG03098#2#JAHEPL010000003.1_93803759_94117426_0$HG00741#2#JAHALX010000013.1_51574319_51981226_0	0.9385620109608984 1K
NA20538 chr1_hg38_103456064_103863972_0$HG02886#2#JAHAOT010000031.1_87393_401061_0	0.9385569342370593 1K
NA20538 chr1_hg19_103998686_104406594_0$HG02886#2#JAHAOT010000031.1_87393_401061_0	0.9385569342370593 1K
NA20538 HG00741#2#JAHALX010000013.1_51574319_51981226_0$HG00733#1#JAHEPQ010000019.1_46106835_46420495_0	0.9385547596340927 1K
NA20538 HG00438#2#JAHBCA010000012.1_51513023_51826723_0$HG02486#2#JAGYVL010000029.1_94163344_94570162_0	0.9385369121895585 1K
NA20538 HG01109#1#JAHEPA010000099.1_2104245_2511104_1$HG03098#2#JAHEPL010000003.1_93803759_94117426_0	0.9385165076952671 1K
NA20538 HG02293.verkko_filt_mat.fa:haplotype1_0000039_30204405_30517145_1$HG02809.verkko_filt_pat.fa:haplotype2_0001251_103421111_103827972_0	0.9385074507188736 1K
NA20538 AV_HG01361#haplotype2#0001322:101872897$102186552$HG02717#1#JAHAOS010000015.1_16660311_17067250_0	0.9384950153353231 1K
NA20538 AV_HG01361#haplotype2#0001322:101872897$102186552$HG02630#1#JAHAOQ010000102.1_16672145_17079089_0	0.9384949084935454 1K
NA20538 HG02630#2#JAHAOP010000089.1_16669255_17076135_0$HG03098#2#JAHEPL010000003.1_93803759_94117426_0	0.9384706612195057 1K
NA20538 NA19240#1#JAHEOM010000047.1_30103390_30511199_1$HG02109#2#JAHEPF010000078.1_16678387_16991144_0	0.9384562465904782 1K
NA20538 HG02886#2#JAHAOT010000031.1_87393_401061_0$HG002.verkko_filt_mat.fa:haplotype1_0000005_138228497_138636354_1	0.9384556245541563 1K
NA20538 HG02723#1#JAHEOU010000204.1_2102082_2414876_1$NA19240#1#JAHEOM010000047.1_30103390_30511199_1	0.9384408364723820 1K
NA20538 HG02717#1#JAHAOS010000015.1_16660311_17067250_0$HG02886#2#JAHAOT010000031.1_87393_401061_0	0.9384394131913765 1K
NA20538 HG02145#1#JAHKSG010000134.1_2102465_2647653_1$HG002.verkko_filt_pat.fa:haplotype2_0000649_147937390_148315979_1	0.9384342424057299 1K
NA20538 AV_HG01361#haplotype2#0001322:101872897$102186552$HG02145#2#JAHKSF010000206.1_1005292_1413195_1	0.9384335123149412 1K
NA20538 AV_HG01175#haplotype1#0000070:46006269$46414083$HG02886#2#JAHAOT010000031.1_87393_401061_0	0.9384223610843528 1K
NA20538 AV_HG01175#haplotype1#0000070:46006269$46414083$AV_HG01361#haplotype2#0001322:101872897$102186552	0.9384207510596653 1K
NA20538 AV_HG02257#haplotype2#0001152:102843493$103251377$HG02886#2#JAHAOT010000031.1_87393_401061_0	0.9384018652006525 1K
NA20538 HG02630#2#JAHAOP010000089.1_16669255_17076135_0$HG00438#2#JAHBCA010000012.1_51513023_51826723_0	0.9383990088664912 1K
NA20538 HG00438#2#JAHBCA010000012.1_51513023_51826723_0$NA19240#1#JAHEOM010000047.1_30103390_30511199_1	0.9383912285613295 1K
NA20538 HG02886#2#JAHAOT010000031.1_87393_401061_0$HG01978#2#JAGYVR010000007.1_51532241_51939176_0	0.9383642236127787 1K
NA20538 HG02630#2#JAHAOP010000089.1_16669255_17076135_0$HG02293.verkko_filt_mat.fa:haplotype1_0000039_30204405_30517145_1	0.9383469870305470 1K
NA20538 AV_HG01361#haplotype2#0001322:101872897$102186552$HG002.verkko_filt_mat.fa:haplotype1_0000005_138228497_138636354_1	0.9383464158319489 1K
NA20538 HG02145#2#JAHKSF010000206.1_1005292_1413195_1$HG02886#2#JAHAOT010000031.1_87393_401061_0	0.9383287636305060 1K
NA20538 AV_HG01361#haplotype2#0001322:101872897$102186552$AV_HG02257#haplotype2#0001152:102843493$103251377	0.9383027952171832 1K
NA20538 HG02886#2#JAHAOT010000031.1_87393_401061_0$NA18906#1#JAHEOO010000054.1_2103477_2510435_1	0.9382994717718198 1K
NA20538 HG02886#1#JAHAOU010000178.1_62411_469262_0$HG00438#2#JAHBCA010000012.1_51513023_51826723_0	0.9382978553341925 1K
NA20538 HG02630#1#JAHAOQ010000102.1_16672145_17079089_0$HG02886#2#JAHAOT010000031.1_87393_401061_0	0.9382587781510331 1K
NA20538 HG02886#2#JAHAOT010000031.1_87393_401061_0$HG005#2#JAHEPN010000023.1_51542210_51950070_0	0.9382544710982260 1K
NA20538 HG03579#2#JAGYVT010000094.1_51581892_51895531_0$HG01358#1#JAGYZB010000020.1_27445742_27855492_1	0.9382348659696639 1K
NA20538 AV_HG01361#haplotype2#0001322:101872897$102186552$chr1_hg38_103456064_103863972_0	0.9382328841696390 1K
NA20538 AV_HG01361#haplotype2#0001322:101872897$102186552$chr1_hg19_103998686_104406594_0	0.9382328841696390 1K
NA20538 HG01358#1#JAGYZB010000020.1_27445742_27855492_1$HG02647.verkko_filt_pat.fa:haplotype2_0000857_103738150_104051769_0	0.9382274058947621 1K
NA20538 HG03098#2#JAHEPL010000003.1_93803759_94117426_0$HG03579#1#JAGYVU010000029.1_91404_499180_0	0.9382110068144857 1K
NA20538 HG03492#1#JAHEPI010000180.1_2103395_2543326_1$HG02886#2#JAHAOT010000031.1_87393_401061_0	0.9381984006090841 1K
NA20538 HG03453#2#JAGYVV010000088.1_22597550_23005370_1$HG02886#2#JAHAOT010000031.1_87393_401061_0	0.9381754220398932 1K
NA20538 HG02886#2#JAHAOT010000031.1_87393_401061_0$HG02004.verkko_filt_mat.fa:haplotype1_0000022_97828542_98235483_0	0.9381565961980287 1K
NA20538 HG00621#2#JAHBCC010000031.1_16669999_17077865_0$HG02886#2#JAHAOT010000031.1_87393_401061_0	0.9381497363459687 1K
NA20538 HG01123#1#JAGYYZ010000015.1_51528240_51935090_0$HG02293.verkko_filt_mat.fa:haplotype1_0000039_30204405_30517145_1	0.9381383887356586 1K
NA20538 HG00438#2#JAHBCA010000012.1_51513023_51826723_0$HG00741#2#JAHALX010000013.1_51574319_51981226_0	0.9381210648010663 1K
NA20538 HG01928#1#JAGYVQ010000053.1_16676493_17083407_0$HG02886#2#JAHAOT010000031.1_87393_401061_0	0.9381153386237960 1K
NA20538 HG03486#1#JAHEOQ010000123.1_16677696_17085575_0$HG02886#2#JAHAOT010000031.1_87393_401061_0	0.9381121825403496 1K
NA20538 HG03098#2#JAHEPL010000003.1_93803759_94117426_0$HG03516#2#JAGYYS010000004.1_24452130_24859892_1	0.9380749393816841 1K
NA20538 AV_HG01361#haplotype2#0001322:101872897$102186552$HG02818#1#JAHEOS010000101.1_89626_496613_0	0.9380741431924755 1K
NA20538 HG02886#2#JAHAOT010000031.1_87393_401061_0$HG02818#1#JAHEOS010000101.1_89626_496613_0	0.9380650313331171 1K
NA20538 chr1_hg19_103998686_104406594_0$HG03098#2#JAHEPL010000003.1_93803759_94117426_0	0.9380179344929318 1K
NA20538 HG03098#2#JAHEPL010000003.1_93803759_94117426_0$chr1_hg38_103456064_103863972_0	0.9380179344929318 1K
NA20538 AV_HG01361#haplotype2#0001322:101872897$102186552$HG00621#2#JAHBCC010000031.1_16669999_17077865_0	0.9380175149916294 1K
NA20538 AV_HG01361#haplotype2#0001322:101872897$102186552$HG03486#1#JAHEOQ010000123.1_16677696_17085575_0	0.9380160093824884 1K
NA20538 HG02886#2#JAHAOT010000031.1_87393_401061_0$HG02071.verkko_filt_mat.fa:haplotype1_0000041_103610513_104018399_0	0.9380110183089733 1K
NA20538 HG02145#2#JAHKSF010000206.1_1005292_1413195_1$HG03710.verkko_filt_mat.fa:haplotype1_0000029_102593394_102907063_0	0.9379988841128069 1K
NA20538 HG02886#2#JAHAOT010000031.1_87393_401061_0$HG02300.verkko_filt_pat.fa:haplotype2_0000620_143362344_143769323_1	0.9379880071725079 1K
NA20538 HG00741#1#JAHALY010000007.1_18781197_19307680_1$HG02723#2#JAHEOT010000034.1_19776337_20321518_1	0.9379820064437951 1K
NA20538 AV_HG02148#haplotype2#0002863:16304803$16712699$HG02886#2#JAHAOT010000031.1_87393_401061_0	0.9379662415374330 1K
NA20538 AV_HG01361#haplotype2#0001322:101872897$102186552$HG03453#2#JAGYVV010000088.1_22597550_23005370_1	0.9379609614783181 1K
NA20538 HG03710.verkko_filt_mat.fa:haplotype1_0000029_102593394_102907063_0$HG002.verkko_filt_mat.fa:haplotype1_0000005_138228497_138636354_1	0.9379480258396510 1K
NA20538 AV_HG01361#haplotype2#0001322:101872897$102186552$HG005#2#JAHEPN010000023.1_51542210_51950070_0	0.9379203035092561 1K
NA20538 AV_HG01361#haplotype2#0001322:101872897$102186552$HG01978#2#JAGYVR010000007.1_51532241_51939176_0	0.9379091693790732 1K
NA20538 AV_HG01361#haplotype2#0001322:101872897$102186552$HG02300.verkko_filt_pat.fa:haplotype2_0000620_143362344_143769323_1	0.9379025945356635 1K
NA20538 NA18906#1#JAHEOO010000054.1_2103477_2510435_1$HG03710.verkko_filt_mat.fa:haplotype1_0000029_102593394_102907063_0	0.9378959718896193 1K
NA20538 HG02630#1#JAHAOQ010000102.1_16672145_17079089_0$HG03710.verkko_filt_mat.fa:haplotype1_0000029_102593394_102907063_0	0.9378917584091878 1K
NA20538 AV_HG01361#haplotype2#0001322:101872897$102186552$HG02071.verkko_filt_mat.fa:haplotype1_0000041_103610513_104018399_0	0.9378905844580850 1K
NA20538 HG005#1#JAHEPO010000002.1_51519219_51926067_0$HG02293.verkko_filt_mat.fa:haplotype1_0000039_30204405_30517145_1	0.9378519369219576 1K
NA20538 AV_HG01361#haplotype2#0001322:101872897$102186552$HG03492#1#JAHEPI010000180.1_2103395_2543326_1	0.9378450698851357 1K
NA20538 AV_HG01175#haplotype1#0000070:46006269$46414083$HG02109#2#JAHEPF010000078.1_16678387_16991144_0	0.9378216851989221 1K
NA20538 HG02559#1#JAGYVK010000012.1_51505852_51913611_0$HG03098#2#JAHEPL010000003.1_93803759_94117426_0	0.9378204638601250 1K
NA20538 AV_HG01175#haplotype1#0000070:46006269$46414083$HG03098#2#JAHEPL010000003.1_93803759_94117426_0	0.9378123970293933 1K
NA20538 AV_HG02257#haplotype2#0001152:102843493$103251377$HG03710.verkko_filt_mat.fa:haplotype1_0000029_102593394_102907063_0	0.9378082643981229 1K
NA20538 HG03492#1#JAHEPI010000180.1_2103395_2543326_1$HG03710.verkko_filt_mat.fa:haplotype1_0000029_102593394_102907063_0	0.9377927096536559 1K
NA20538 AV_HG01361#haplotype2#0001322:101872897$102186552$AV_HG02148#haplotype2#0002863:16304803$16712699	0.9377868937327521 1K
NA20538 chr1_hg38_103456064_103863972_0$HG02109#2#JAHEPF010000078.1_16678387_16991144_0	0.9377772258031876 1K
NA20538 chr1_hg19_103998686_104406594_0$HG02109#2#JAHEPF010000078.1_16678387_16991144_0	0.9377772258031876 1K
NA20538 HG03098#2#JAHEPL010000003.1_93803759_94117426_0$HG002.verkko_filt_mat.fa:haplotype1_0000005_138228497_138636354_1	0.9377737162677389 1K
NA20538 chr1_hg38_103456064_103863972_0$HG01891#1#JAGYVO010000014.1_22855818_23168577_1	0.9377688154212503 1K
NA20538 chr1_hg19_103998686_104406594_0$HG01891#1#JAGYVO010000014.1_22855818_23168577_1	0.9377688154212503 1K
NA20538 HG02622#1#JAHAOO010000002.1_16673678_17080663_0$HG02886#2#JAHAOT010000031.1_87393_401061_0	0.9377643300462232 1K
NA20538 HG02717#1#JAHAOS010000015.1_16660311_17067250_0$HG03710.verkko_filt_mat.fa:haplotype1_0000029_102593394_102907063_0	0.9377236326919324 1K
NA20538 AV_HG01361#haplotype2#0001322:101872897$102186552$HG02622#1#JAHAOO010000002.1_16673678_17080663_0	0.9377155045527430 1K
NA20538 chr1_hg38_103456064_103863972_0$HG03710.verkko_filt_mat.fa:haplotype1_0000029_102593394_102907063_0	0.9377152917464751 1K
NA20538 chr1_hg19_103998686_104406594_0$HG03710.verkko_filt_mat.fa:haplotype1_0000029_102593394_102907063_0	0.9377152917464751 1K
NA20538 AV_HG01361#haplotype2#0001322:101872897$102186552$HG02004.verkko_filt_mat.fa:haplotype1_0000022_97828542_98235483_0	0.9377149712734305 1K
NA20538 HG00741#2#JAHALX010000013.1_51574319_51981226_0$HG02293.verkko_filt_mat.fa:haplotype1_0000039_30204405_30517145_1	0.9376990491877242 1K
NA20538 chr1_hg38_103456064_103863972_0$HG02647.verkko_filt_pat.fa:haplotype2_0000857_103738150_104051769_0	0.9376850257802908 1K
NA20538 chr1_hg19_103998686_104406594_0$HG02647.verkko_filt_pat.fa:haplotype2_0000857_103738150_104051769_0	0.9376850257802908 1K
NA20538 HG03098#2#JAHEPL010000003.1_93803759_94117426_0$HG01978#2#JAGYVR010000007.1_51532241_51939176_0	0.9376821401171753 1K
NA20538 HG00621#2#JAHBCC010000031.1_16669999_17077865_0$HG03710.verkko_filt_mat.fa:haplotype1_0000029_102593394_102907063_0	0.9376787023249732 1K
NA20538 HG02818#1#JAHEOS010000101.1_89626_496613_0$HG03710.verkko_filt_mat.fa:haplotype1_0000029_102593394_102907063_0	0.9376633819609057 1K
NA20538 HG02109#2#JAHEPF010000078.1_16678387_16991144_0$HG002.verkko_filt_mat.fa:haplotype1_0000005_138228497_138636354_1	0.9376276131027171 1K
NA20538 HG03492#1#JAHEPI010000180.1_2103395_2543326_1$HG00733#1#JAHEPQ010000019.1_46106835_46420495_0	0.9376199001419058 1K
NA20538 HG03579#2#JAGYVT010000094.1_51581892_51895531_0$chr1_hg38_103456064_103863972_0	0.9376194179657156 1K
NA20538 HG03579#2#JAGYVT010000094.1_51581892_51895531_0$chr1_hg19_103998686_104406594_0	0.9376194179657156 1K
NA20538 HG03710.verkko_filt_mat.fa:haplotype1_0000029_102593394_102907063_0$HG02300.verkko_filt_pat.fa:haplotype2_0000620_143362344_143769323_1	0.9375994934759578 1K
NA20538 HG03453#2#JAGYVV010000088.1_22597550_23005370_1$HG03710.verkko_filt_mat.fa:haplotype1_0000029_102593394_102907063_0	0.9375984255926345 1K
NA20538 HG03453#2#JAGYVV010000088.1_22597550_23005370_1$HG02109#2#JAHEPF010000078.1_16678387_16991144_0	0.9375960248547462 1K
NA20538 HG01123#2#JAGYYY010000006.1_51579630_51892388_0$HG01358#1#JAGYZB010000020.1_27445742_27855492_1	0.9375834190785127 1K
NA20538 HG02818#2#JAHEOR010000010.1_31775319_32183091_1$HG03098#2#JAHEPL010000003.1_93803759_94117426_0	0.9375738963785298 1K
NA20538 AV_HG01361#haplotype2#0001322:101872897$102186552$HG01928#1#JAGYVQ010000053.1_16676493_17083407_0	0.9375665644121891 1K
NA20538 HG01358#1#JAGYZB010000020.1_27445742_27855492_1$HG04228.verkko_filt_pat.fa:haplotype2_0000600_103806749_104119491_0	0.9375657232714412 1K
NA20538 HG03486#1#JAHEOQ010000123.1_16677696_17085575_0$HG03710.verkko_filt_mat.fa:haplotype1_0000029_102593394_102907063_0	0.9375581875934283 1K
NA20538 AV_HG01175#haplotype1#0000070:46006269$46414083$HG03710.verkko_filt_mat.fa:haplotype1_0000029_102593394_102907063_0	0.9375577270566904 1K
NA20538 HG03098#2#JAHEPL010000003.1_93803759_94117426_0$HG005#2#JAHEPN010000023.1_51542210_51950070_0	0.9375503330952982 1K
NA20538 HG03098#2#JAHEPL010000003.1_93803759_94117426_0$NA18906#1#JAHEOO010000054.1_2103477_2510435_1	0.9375403033930702 1K
NA20538 HG02717#1#JAHAOS010000015.1_16660311_17067250_0$HG03098#2#JAHEPL010000003.1_93803759_94117426_0	0.9375362354730019 1K
NA20538 HG02647.verkko_filt_pat.fa:haplotype2_0000857_103738150_104051769_0$HG002.verkko_filt_mat.fa:haplotype1_0000005_138228497_138636354_1	0.9375234625723821 1K
NA20538 HG01358#1#JAGYZB010000020.1_27445742_27855492_1$HG01891#1#JAGYVO010000014.1_22855818_23168577_1	0.9375226030478248 1K
NA20538 HG03098#2#JAHEPL010000003.1_93803759_94117426_0$NA19240#1#JAHEOM010000047.1_30103390_30511199_1	0.9375169775653894 1K
NA20538 HG03098#2#JAHEPL010000003.1_93803759_94117426_0$HG03492#1#JAHEPI010000180.1_2103395_2543326_1	0.9375039169422491 1K
NA20538 HG02630#1#JAHAOQ010000102.1_16672145_17079089_0$HG03098#2#JAHEPL010000003.1_93803759_94117426_0	0.9374884326538617 1K
NA20538 HG03579#2#JAGYVT010000094.1_51581892_51895531_0$HG002.verkko_filt_mat.fa:haplotype1_0000005_138228497_138636354_1	0.9374699012254371 1K
NA20538 HG02071.verkko_filt_mat.fa:haplotype1_0000041_103610513_104018399_0$HG03710.verkko_filt_mat.fa:haplotype1_0000029_102593394_102907063_0	0.9374444924828669 1K
NA20538 HG02145#2#JAHKSF010000206.1_1005292_1413195_1$HG03098#2#JAHEPL010000003.1_93803759_94117426_0	0.9374412540847471 1K
NA20538 HG005#2#JAHEPN010000023.1_51542210_51950070_0$HG02109#2#JAHEPF010000078.1_16678387_16991144_0	0.9374368569068325 1K
NA20538 AV_HG02148#haplotype2#0002863:16304803$16712699$HG03710.verkko_filt_mat.fa:haplotype1_0000029_102593394_102907063_0	0.9374361330908286 1K
NA20538 HG03492#1#JAHEPI010000180.1_2103395_2543326_1$HG02293.verkko_filt_mat.fa:haplotype1_0000039_30204405_30517145_1	0.9374307573562897 1K
NA20538 HG00621#2#JAHBCC010000031.1_16669999_17077865_0$HG02109#2#JAHEPF010000078.1_16678387_16991144_0	0.9374281746426624 1K
NA20538 HG01978#2#JAGYVR010000007.1_51532241_51939176_0$HG03710.verkko_filt_mat.fa:haplotype1_0000029_102593394_102907063_0	0.9374273047686088 1K
NA20538 AV_HG01175#haplotype1#0000070:46006269$46414083$HG01891#1#JAGYVO010000014.1_22855818_23168577_1	0.9374174780130030 1K
NA20538 HG01891#1#JAGYVO010000014.1_22855818_23168577_1$HG002.verkko_filt_mat.fa:haplotype1_0000005_138228497_138636354_1	0.9374031999359458 1K
NA20538 HG03098#2#JAHEPL010000003.1_93803759_94117426_0$HG02004.verkko_filt_mat.fa:haplotype1_0000022_97828542_98235483_0	0.9373925123655837 1K
NA20538 HG00621#2#JAHBCC010000031.1_16669999_17077865_0$HG03098#2#JAHEPL010000003.1_93803759_94117426_0	0.9373855864613642 1K
NA20538 AV_HG02257#haplotype2#0001152:102843493$103251377$HG03098#2#JAHEPL010000003.1_93803759_94117426_0	0.9373822019209651 1K
NA20538 HG005#2#JAHEPN010000023.1_51542210_51950070_0$HG02647.verkko_filt_pat.fa:haplotype2_0000857_103738150_104051769_0	0.9373568319762580 1K
NA20538 HG005#2#JAHEPN010000023.1_51542210_51950070_0$HG01891#1#JAGYVO010000014.1_22855818_23168577_1	0.9373321950158712 1K
NA20538 HG01978#2#JAGYVR010000007.1_51532241_51939176_0$HG02647.verkko_filt_pat.fa:haplotype2_0000857_103738150_104051769_0	0.9373121720705132 1K
NA20538 HG005#2#JAHEPN010000023.1_51542210_51950070_0$HG03710.verkko_filt_mat.fa:haplotype1_0000029_102593394_102907063_0	0.9373080204834908 1K
NA20538 HG03098#2#JAHEPL010000003.1_93803759_94117426_0$HG03453#2#JAGYVV010000088.1_22597550_23005370_1	0.9373059578641486 1K
NA20538 HG02723#1#JAHEOU010000204.1_2102082_2414876_1$HG01358#1#JAGYZB010000020.1_27445742_27855492_1	0.9373017312695126 1K
NA20538 HG03098#2#JAHEPL010000003.1_93803759_94117426_0$HG02300.verkko_filt_pat.fa:haplotype2_0000620_143362344_143769323_1	0.9372938072569889 1K
NA20538 AV_HG01175#haplotype1#0000070:46006269$46414083$HG02647.verkko_filt_pat.fa:haplotype2_0000857_103738150_104051769_0	0.9372742881392814 1K
NA20538 HG03098#2#JAHEPL010000003.1_93803759_94117426_0$HG02071.verkko_filt_mat.fa:haplotype1_0000041_103610513_104018399_0	0.9372703927857698 1K
NA20538 HG01928#1#JAGYVQ010000053.1_16676493_17083407_0$HG03098#2#JAHEPL010000003.1_93803759_94117426_0	0.9372678517319595 1K
NA20538 HG03486#1#JAHEOQ010000123.1_16677696_17085575_0$HG03098#2#JAHEPL010000003.1_93803759_94117426_0	0.9372653366190662 1K
NA20538 HG03453#2#JAGYVV010000088.1_22597550_23005370_1$HG02647.verkko_filt_pat.fa:haplotype2_0000857_103738150_104051769_0	0.9372650496014047 1K
NA20538 HG03453#2#JAGYVV010000088.1_22597550_23005370_1$HG01891#1#JAGYVO010000014.1_22855818_23168577_1	0.9372521693951295 1K
NA20538 HG02622#1#JAHAOO010000002.1_16673678_17080663_0$HG03710.verkko_filt_mat.fa:haplotype1_0000029_102593394_102907063_0	0.9372455047152912 1K
NA20538 HG03579#2#JAGYVT010000094.1_51581892_51895531_0$HG005#2#JAHEPN010000023.1_51542210_51950070_0	0.9372437070563098 1K
NA20538 HG03579#2#JAGYVT010000094.1_51581892_51895531_0$HG01978#2#JAGYVR010000007.1_51532241_51939176_0	0.9372226974900220 1K
NA20538 HG03486#1#JAHEOQ010000123.1_16677696_17085575_0$HG02109#2#JAHEPF010000078.1_16678387_16991144_0	0.9372225769501038 1K
NA20538 HG03579#2#JAGYVT010000094.1_51581892_51895531_0$HG03453#2#JAGYVV010000088.1_22597550_23005370_1	0.9372118484318334 1K
NA20538 AV_HG01175#haplotype1#0000070:46006269$46414083$HG03579#2#JAGYVT010000094.1_51581892_51895531_0	0.9372089117196272 1K
NA20538 HG00621#2#JAHBCC010000031.1_16669999_17077865_0$HG01891#1#JAGYVO010000014.1_22855818_23168577_1	0.9372037827673411 1K
NA20538 HG02004.verkko_filt_mat.fa:haplotype1_0000022_97828542_98235483_0$HG03710.verkko_filt_mat.fa:haplotype1_0000029_102593394_102907063_0	0.9371857723833648 1K
NA20538 AV_HG02148#haplotype2#0002863:16304803$16712699$HG03098#2#JAHEPL010000003.1_93803759_94117426_0	0.9371789650347303 1K
NA20538 HG00621#2#JAHBCC010000031.1_16669999_17077865_0$HG02647.verkko_filt_pat.fa:haplotype2_0000857_103738150_104051769_0	0.9371565476144681 1K
NA20538 HG02109#2#JAHEPF010000078.1_16678387_16991144_0$HG02071.verkko_filt_mat.fa:haplotype1_0000041_103610513_104018399_0	0.9371337811047324 1K
NA20538 HG02145#2#JAHKSF010000206.1_1005292_1413195_1$HG02293.verkko_filt_mat.fa:haplotype1_0000039_30204405_30517145_1	0.9371287889623133 1K
NA20538 HG02004.verkko_filt_mat.fa:haplotype1_0000022_97828542_98235483_0$HG02647.verkko_filt_pat.fa:haplotype2_0000857_103738150_104051769_0	0.9371274863673723 1K
NA20538 HG03486#1#JAHEOQ010000123.1_16677696_17085575_0$HG01891#1#JAGYVO010000014.1_22855818_23168577_1	0.9370939273489243 1K
NA20538 HG00621#2#JAHBCC010000031.1_16669999_17077865_0$HG03579#2#JAGYVT010000094.1_51581892_51895531_0	0.9370912160263964 1K
NA20538 HG03098#2#JAHEPL010000003.1_93803759_94117426_0$HG02818#1#JAHEOS010000101.1_89626_496613_0	0.9370700844921087 1K
NA20538 HG03579#2#JAGYVT010000094.1_51581892_51895531_0$HG02004.verkko_filt_mat.fa:haplotype1_0000022_97828542_98235483_0	0.9370621792891159 1K
NA20538 HG03486#1#JAHEOQ010000123.1_16677696_17085575_0$HG02647.verkko_filt_pat.fa:haplotype2_0000857_103738150_104051769_0	0.9370349454932608 1K
NA20538 HG00741#1#JAHALY010000007.1_18781197_19307680_1$HG02145#1#JAHKSG010000134.1_2102465_2647653_1	0.9370277768551314 1K
NA20538 HG00438#2#JAHBCA010000012.1_51513023_51826723_0$HG03492#1#JAHEPI010000180.1_2103395_2543326_1	0.9370134641590617 1K
NA20538 AV_HG02148#haplotype2#0002863:16304803$16712699$HG02109#2#JAHEPF010000078.1_16678387_16991144_0	0.9369926291327625 1K
NA20538 HG03486#1#JAHEOQ010000123.1_16677696_17085575_0$HG03579#2#JAGYVT010000094.1_51581892_51895531_0	0.9369577787079815 1K
NA20538 HG02071.verkko_filt_mat.fa:haplotype1_0000041_103610513_104018399_0$HG02647.verkko_filt_pat.fa:haplotype2_0000857_103738150_104051769_0	0.9369459562368834 1K
NA20538 HG01891#1#JAGYVO010000014.1_22855818_23168577_1$HG02071.verkko_filt_mat.fa:haplotype1_0000041_103610513_104018399_0	0.9369093422435514 1K
NA20538 HG01928#1#JAGYVQ010000053.1_16676493_17083407_0$HG03710.verkko_filt_mat.fa:haplotype1_0000029_102593394_102907063_0	0.9369066134418994 1K
NA20538 HG01978#2#JAGYVR010000007.1_51532241_51939176_0$HG02109#2#JAHEPF010000078.1_16678387_16991144_0	0.9369012240393654 1K
NA20538 HG01928#1#JAGYVQ010000053.1_16676493_17083407_0$HG02647.verkko_filt_pat.fa:haplotype2_0000857_103738150_104051769_0	0.9368828601898337 1K
NA20538 AV_HG02148#haplotype2#0002863:16304803$16712699$HG02647.verkko_filt_pat.fa:haplotype2_0000857_103738150_104051769_0	0.9368648287007688 1K
NA20538 HG03579#2#JAGYVT010000094.1_51581892_51895531_0$HG02071.verkko_filt_mat.fa:haplotype1_0000041_103610513_104018399_0	0.9368566947146306 1K
NA20538 HG02647.verkko_filt_pat.fa:haplotype2_0000857_103738150_104051769_0$HG02300.verkko_filt_pat.fa:haplotype2_0000620_143362344_143769323_1	0.9368515821974340 1K
NA20538 HG01978#2#JAGYVR010000007.1_51532241_51939176_0$HG01891#1#JAGYVO010000014.1_22855818_23168577_1	0.9368204329316677 1K
NA20538 HG01928#1#JAGYVQ010000053.1_16676493_17083407_0$HG03579#2#JAGYVT010000094.1_51581892_51895531_0	0.9368176265166100 1K
NA20538 HG01109#1#JAHEPA010000099.1_2104245_2511104_1$HG00733#1#JAHEPQ010000019.1_46106835_46420495_0	0.9368146001728669 1K
NA20538 HG03579#2#JAGYVT010000094.1_51581892_51895531_0$HG02300.verkko_filt_pat.fa:haplotype2_0000620_143362344_143769323_1	0.9367860892760924 1K
NA20538 AV_HG02148#haplotype2#0002863:16304803$16712699$HG03579#2#JAGYVT010000094.1_51581892_51895531_0	0.9367757502074194 1K
NA20538 HG02109#2#JAHEPF010000078.1_16678387_16991144_0$HG02004.verkko_filt_mat.fa:haplotype1_0000022_97828542_98235483_0	0.9367530990462060 1K
NA20538 HG03098#2#JAHEPL010000003.1_93803759_94117426_0$HG02622#1#JAHAOO010000002.1_16673678_17080663_0	0.9367262837195950 1K
NA20538 AV_HG02148#haplotype2#0002863:16304803$16712699$HG01891#1#JAGYVO010000014.1_22855818_23168577_1	0.9367204126832803 1K
NA20538 HG02109#1#JAHEPG010000026.1_16673035_17080816_0$HG02109#2#JAHEPF010000078.1_16678387_16991144_0	0.9366700484589249 1K
NA20538 HG01928#1#JAGYVQ010000053.1_16676493_17083407_0$HG02109#2#JAHEPF010000078.1_16678387_16991144_0	0.9366639788609928 1K
NA20538 HG02630#1#JAHAOQ010000102.1_16672145_17079089_0$HG02293.verkko_filt_mat.fa:haplotype1_0000039_30204405_30517145_1	0.9366614256473891 1K
NA20538 HG01891#1#JAGYVO010000014.1_22855818_23168577_1$HG02004.verkko_filt_mat.fa:haplotype1_0000022_97828542_98235483_0	0.9366243172754392 1K
NA20538 HG01928#1#JAGYVQ010000053.1_16676493_17083407_0$HG01891#1#JAGYVO010000014.1_22855818_23168577_1	0.9366069093447430 1K
NA20538 HG02109#2#JAHEPF010000078.1_16678387_16991144_0$HG02300.verkko_filt_pat.fa:haplotype2_0000620_143362344_143769323_1	0.9365842920022135 1K
NA20538 HG02109#1#JAHEPG010000026.1_16673035_17080816_0$HG04228.verkko_filt_pat.fa:haplotype2_0000600_103806749_104119491_0	0.9365540229797998 1K
NA20538 AV_HG02257#haplotype2#0001152:102843493$103251377$HG02293.verkko_filt_mat.fa:haplotype1_0000039_30204405_30517145_1	0.9364707164504208 1K
NA20538 HG02145#2#JAHKSF010000206.1_1005292_1413195_1$HG00733#1#JAHEPQ010000019.1_46106835_46420495_0	0.9364539836987515 1K
NA20538 HG01109#1#JAHEPA010000099.1_2104245_2511104_1$HG00438#2#JAHBCA010000012.1_51513023_51826723_0	0.9364460560757130 1K
NA20538 HG01123#2#JAGYYY010000006.1_51579630_51892388_0$HG02109#1#JAHEPG010000026.1_16673035_17080816_0	0.9363336354017766 1K
NA20538 HG02723#2#JAHEOT010000034.1_19776337_20321518_1$HG01243#1#JAHEOY010000013.1_90081_424495_0	0.9363255624448333 1K
NA20538 HG02109#1#JAHEPG010000026.1_16673035_17080816_0$HG02647.verkko_filt_pat.fa:haplotype2_0000857_103738150_104051769_0	0.9363160781631173 1K
NA20538 HG03492#2#JAHEPH010000288.1_2098270_2432686_1$HG02723#2#JAHEOT010000034.1_19776337_20321518_1	0.9363090750222908 1K
NA20538 HG01891#1#JAGYVO010000014.1_22855818_23168577_1$HG02300.verkko_filt_pat.fa:haplotype2_0000620_143362344_143769323_1	0.9362879147381437 1K
NA20538 HG03579#2#JAGYVT010000094.1_51581892_51895531_0$HG02109#1#JAHEPG010000026.1_16673035_17080816_0	0.9362870293098539 1K
NA20538 HG02630#1#JAHAOQ010000102.1_16672145_17079089_0$HG00733#1#JAHEPQ010000019.1_46106835_46420495_0	0.9362738192368912 1K
NA20538 HG01109#1#JAHEPA010000099.1_2104245_2511104_1$HG02293.verkko_filt_mat.fa:haplotype1_0000039_30204405_30517145_1	0.9362375894778310 1K
NA20538 HG02818#1#JAHEOS010000101.1_89626_496613_0$HG02293.verkko_filt_mat.fa:haplotype1_0000039_30204405_30517145_1	0.9362180170308865 1K
NA20538 HG02109#2#JAHEPF010000078.1_16678387_16991144_0$HG01358#1#JAGYZB010000020.1_27445742_27855492_1	0.9362102151081995 1K
NA20538 HG02723#1#JAHEOU010000204.1_2102082_2414876_1$HG02109#1#JAHEPG010000026.1_16673035_17080816_0	0.9361404379077966 1K
NA20538 HG02109#1#JAHEPG010000026.1_16673035_17080816_0$HG01891#1#JAGYVO010000014.1_22855818_23168577_1	0.9360880867092146 1K
NA20538 NA18906#1#JAHEOO010000054.1_2103477_2510435_1$HG02293.verkko_filt_mat.fa:haplotype1_0000039_30204405_30517145_1	0.9360769571832639 1K
NA20538 HG02622#1#JAHAOO010000002.1_16673678_17080663_0$HG02293.verkko_filt_mat.fa:haplotype1_0000039_30204405_30517145_1	0.9360518924795889 1K
NA20538 HG00733#1#JAHEPQ010000019.1_46106835_46420495_0$HG02818#1#JAHEOS010000101.1_89626_496613_0	0.9360343337760715 1K
NA20538 HG02293.verkko_filt_mat.fa:haplotype1_0000039_30204405_30517145_1$HG002.verkko_filt_mat.fa:haplotype1_0000005_138228497_138636354_1	0.9360040752143811 1K
NA20538 AV_HG02257#haplotype2#0001152:102843493$103251377$HG00733#1#JAHEPQ010000019.1_46106835_46420495_0	0.9359759052524070 1K
NA20538 NA18906#1#JAHEOO010000054.1_2103477_2510435_1$HG00733#1#JAHEPQ010000019.1_46106835_46420495_0	0.9359413777964156 1K
NA20538 HG01258#2#JAGYYU010000072.1_51562603_51970395_0$HG04228.verkko_filt_pat.fa:haplotype2_0000600_103806749_104119491_0	0.9359364984607536 1K
NA20538 chr1_hg38_103456064_103863972_0$HG02293.verkko_filt_mat.fa:haplotype1_0000039_30204405_30517145_1	0.9358907918387467 1K
NA20538 chr1_hg19_103998686_104406594_0$HG02293.verkko_filt_mat.fa:haplotype1_0000039_30204405_30517145_1	0.9358907918387467 1K
NA20538 HG02717#1#JAHAOS010000015.1_16660311_17067250_0$HG02293.verkko_filt_mat.fa:haplotype1_0000039_30204405_30517145_1	0.9358692769652762 1K
NA20538 HG02559#2#JAGYVJ010000037.1_52167780_52574597_1$HG02647.verkko_filt_pat.fa:haplotype2_0000857_103738150_104051769_0	0.9358332283204409 1K
NA20538 HG01258#2#JAGYYU010000072.1_51562603_51970395_0$HG02647.verkko_filt_pat.fa:haplotype2_0000857_103738150_104051769_0	0.9358320163716616 1K
NA20538 HG02145#2#JAHKSF010000206.1_1005292_1413195_1$HG00438#2#JAHBCA010000012.1_51513023_51826723_0	0.9358177384695868 1K
NA20538 AV_HG01175#haplotype1#0000070:46006269$46414083$HG02293.verkko_filt_mat.fa:haplotype1_0000039_30204405_30517145_1	0.9357695189082559 1K
NA20538 HG01258#2#JAGYYU010000072.1_51562603_51970395_0$HG02109#2#JAHEPF010000078.1_16678387_16991144_0	0.9357572041823775 1K
NA20538 HG03579#2#JAGYVT010000094.1_51581892_51895531_0$HG01258#2#JAGYYU010000072.1_51562603_51970395_0	0.9357558678707901 1K
NA20538 HG02630#1#JAHAOQ010000102.1_16672145_17079089_0$HG00438#2#JAHBCA010000012.1_51513023_51826723_0	0.9357542299931926 1K
NA20538 HG04228.verkko_filt_pat.fa:haplotype2_0000600_103806749_104119491_0$HG002.verkko_filt_mat.fa:haplotype1_0000005_138228497_138636354_1	0.9357535355698360 1K
NA20538 HG02717#2#JAHAOR010000006.1_19663827_20070693_1$HG02647.verkko_filt_pat.fa:haplotype2_0000857_103738150_104051769_0	0.9357499222792486 1K
NA20538 HG02559#2#JAGYVJ010000037.1_52167780_52574597_1$HG03579#2#JAGYVT010000094.1_51581892_51895531_0	0.9357448546204181 1K
NA20538 HG02723#1#JAHEOU010000204.1_2102082_2414876_1$chr1_hg38_103456064_103863972_0	0.9357395283723122 1K
NA20538 HG02723#1#JAHEOU010000204.1_2102082_2414876_1$chr1_hg19_103998686_104406594_0	0.9357395283723122 1K
NA20538 HG02622#1#JAHAOO010000002.1_16673678_17080663_0$HG00733#1#JAHEPQ010000019.1_46106835_46420495_0	0.9357368732842891 1K
NA20538 AV_HG01175#haplotype1#0000070:46006269$46414083$HG02723#1#JAHEOU010000204.1_2102082_2414876_1	0.9357368418190163 1K
NA20538 HG01243#1#JAHEOY010000013.1_90081_424495_0$HG02145#1#JAHKSG010000134.1_2102465_2647653_1	0.9357359407374513 1K
NA20538 HG02717#1#JAHAOS010000015.1_16660311_17067250_0$HG00733#1#JAHEPQ010000019.1_46106835_46420495_0	0.9357335452727821 1K
NA20538 HG01258#2#JAGYYU010000072.1_51562603_51970395_0$HG01891#1#JAGYVO010000014.1_22855818_23168577_1	0.9357110136349606 1K
NA20538 HG02723#1#JAHEOU010000204.1_2102082_2414876_1$HG002.verkko_filt_mat.fa:haplotype1_0000005_138228497_138636354_1	0.9357099256666602 1K
NA20538 HG03579#2#JAGYVT010000094.1_51581892_51895531_0$HG02717#2#JAHAOR010000006.1_19663827_20070693_1	0.9356973981816329 1K
NA20538 HG03492#2#JAHEPH010000288.1_2098270_2432686_1$HG02145#1#JAHKSG010000134.1_2102465_2647653_1	0.9356912420747350 1K
NA20538 HG03453#2#JAGYVV010000088.1_22597550_23005370_1$HG02293.verkko_filt_mat.fa:haplotype1_0000039_30204405_30517145_1	0.9356811664561221 1K
NA20538 HG01123#2#JAGYYY010000006.1_51579630_51892388_0$HG01258#2#JAGYYU010000072.1_51562603_51970395_0	0.9356426549439220 1K
NA20538 HG02723#1#JAHEOU010000204.1_2102082_2414876_1$HG01258#2#JAGYYU010000072.1_51562603_51970395_0	0.9356317088591164 1K
NA20538 HG02071.verkko_filt_mat.fa:haplotype1_0000041_103610513_104018399_0$HG02293.verkko_filt_mat.fa:haplotype1_0000039_30204405_30517145_1	0.9355963121609955 1K
NA20538 chr1_hg38_103456064_103863972_0$HG04228.verkko_filt_pat.fa:haplotype2_0000600_103806749_104119491_0	0.9355921853433398 1K
NA20538 chr1_hg19_103998686_104406594_0$HG04228.verkko_filt_pat.fa:haplotype2_0000600_103806749_104119491_0	0.9355921853433398 1K
NA20538 AV_HG01175#haplotype1#0000070:46006269$46414083$HG04228.verkko_filt_pat.fa:haplotype2_0000600_103806749_104119491_0	0.9355895637218037 1K
NA20538 HG03486#1#JAHEOQ010000123.1_16677696_17085575_0$HG02293.verkko_filt_mat.fa:haplotype1_0000039_30204405_30517145_1	0.9355684084713610 1K
NA20538 HG02559#2#JAGYVJ010000037.1_52167780_52574597_1$HG02109#2#JAHEPF010000078.1_16678387_16991144_0	0.9355679439358009 1K
NA20538 HG00621#2#JAHBCC010000031.1_16669999_17077865_0$HG02293.verkko_filt_mat.fa:haplotype1_0000039_30204405_30517145_1	0.9355336547371041 1K
NA20538 HG02717#1#JAHAOS010000015.1_16660311_17067250_0$HG00438#2#JAHBCA010000012.1_51513023_51826723_0	0.9355263601827566 1K
NA20538 HG02630#2#JAHAOP010000089.1_16669255_17076135_0$HG02647.verkko_filt_pat.fa:haplotype2_0000857_103738150_104051769_0	0.9354799980708219 1K
NA20538 HG00438#2#JAHBCA010000012.1_51513023_51826723_0$HG02818#1#JAHEOS010000101.1_89626_496613_0	0.9354705412734217 1K
NA20538 HG00438#2#JAHBCA010000012.1_51513023_51826723_0$NA18906#1#JAHEOO010000054.1_2103477_2510435_1	0.9354700163611499 1K
NA20538 HG03453#2#JAGYVV010000088.1_22597550_23005370_1$HG04228.verkko_filt_pat.fa:haplotype2_0000600_103806749_104119491_0	0.9354639513158368 1K
NA20538 AV_HG02257#haplotype2#0001152:102843493$103251377$HG00438#2#JAHBCA010000012.1_51513023_51826723_0	0.9354603714434963 1K
NA20538 HG005#2#JAHEPN010000023.1_51542210_51950070_0$HG02293.verkko_filt_mat.fa:haplotype1_0000039_30204405_30517145_1	0.9354378414938070 1K
NA20538 HG01123#1#JAGYYZ010000015.1_51528240_51935090_0$HG02647.verkko_filt_pat.fa:haplotype2_0000857_103738150_104051769_0	0.9354233362737915 1K
NA20538 HG00621#2#JAHBCC010000031.1_16669999_17077865_0$HG02723#1#JAHEOU010000204.1_2102082_2414876_1	0.9354167643939612 1K
NA20538 HG03579#2#JAGYVT010000094.1_51581892_51895531_0$HG02630#2#JAHAOP010000089.1_16669255_17076135_0	0.9354158378284352 1K
NA20538 HG005#2#JAHEPN010000023.1_51542210_51950070_0$HG04228.verkko_filt_pat.fa:haplotype2_0000600_103806749_104119491_0	0.9353871866027126 1K
NA20538 HG02723#1#JAHEOU010000204.1_2102082_2414876_1$HG03453#2#JAGYVV010000088.1_22597550_23005370_1	0.9353848602750113 1K
NA20538 HG02723#1#JAHEOU010000204.1_2102082_2414876_1$HG005#2#JAHEPN010000023.1_51542210_51950070_0	0.9353794482695067 1K
NA20538 HG03579#2#JAGYVT010000094.1_51581892_51895531_0$HG01123#1#JAGYYZ010000015.1_51528240_51935090_0	0.9353590137987148 1K
NA20538 HG02647.verkko_filt_pat.fa:haplotype2_0000857_103738150_104051769_0$HG02809.verkko_filt_pat.fa:haplotype2_0001251_103421111_103827972_0	0.9353542528510589 1K
NA20538 HG02486#2#JAGYVL010000029.1_94163344_94570162_0$HG04228.verkko_filt_pat.fa:haplotype2_0000600_103806749_104119491_0	0.9353399517126584 1K
NA20538 HG02109#2#JAHEPF010000078.1_16678387_16991144_0$HG02717#2#JAHAOR010000006.1_19663827_20070693_1	0.9353071034048219 1K
NA20538 HG02486#2#JAGYVL010000029.1_94163344_94570162_0$HG02647.verkko_filt_pat.fa:haplotype2_0000857_103738150_104051769_0	0.9352930667379166 1K
NA20538 HG02723#1#JAHEOU010000204.1_2102082_2414876_1$HG03486#1#JAHEOQ010000123.1_16677696_17085575_0	0.9352844985087089 1K
NA20538 HG03579#2#JAGYVT010000094.1_51581892_51895531_0$HG02809.verkko_filt_pat.fa:haplotype2_0001251_103421111_103827972_0	0.9352777103154174 1K
NA20538 HG02559#2#JAGYVJ010000037.1_52167780_52574597_1$HG01123#2#JAGYYY010000006.1_51579630_51892388_0	0.9352640466434853 1K
NA20538 HG02717#2#JAHAOR010000006.1_19663827_20070693_1$HG04228.verkko_filt_pat.fa:haplotype2_0000600_103806749_104119491_0	0.9352603377845282 1K
NA20538 HG02559#2#JAGYVJ010000037.1_52167780_52574597_1$HG01891#1#JAGYVO010000014.1_22855818_23168577_1	0.9352485181621228 1K
NA20538 HG005#1#JAHEPO010000002.1_51519219_51926067_0$HG02647.verkko_filt_pat.fa:haplotype2_0000857_103738150_104051769_0	0.9352461131661943 1K
NA20538 HG03486#1#JAHEOQ010000123.1_16677696_17085575_0$HG04228.verkko_filt_pat.fa:haplotype2_0000600_103806749_104119491_0	0.9352446105513057 1K
NA20538 HG02109#2#JAHEPF010000078.1_16678387_16991144_0$HG02809.verkko_filt_pat.fa:haplotype2_0001251_103421111_103827972_0	0.9352434669944918 1K
NA20538 HG04228.verkko_filt_pat.fa:haplotype2_0000600_103806749_104119491_0$HG02071.verkko_filt_mat.fa:haplotype1_0000041_103610513_104018399_0	0.9352375164702048 1K
NA20538 HG04228.verkko_filt_pat.fa:haplotype2_0000600_103806749_104119491_0$HG02809.verkko_filt_pat.fa:haplotype2_0001251_103421111_103827972_0	0.9352335474924269 1K
NA20538 HG03579#2#JAGYVT010000094.1_51581892_51895531_0$HG02486#2#JAGYVL010000029.1_94163344_94570162_0	0.9352163180018459 1K
NA20538 HG02886#1#JAHAOU010000178.1_62411_469262_0$HG02647.verkko_filt_pat.fa:haplotype2_0000857_103738150_104051769_0	0.9351991589047339 1K
NA20538 HG00621#2#JAHBCC010000031.1_16669999_17077865_0$HG04228.verkko_filt_pat.fa:haplotype2_0000600_103806749_104119491_0	0.9351862275284412 1K
NA20538 HG01123#1#JAGYYZ010000015.1_51528240_51935090_0$HG02109#2#JAHEPF010000078.1_16678387_16991144_0	0.9351823558908339 1K
NA20538 HG02723#1#JAHEOU010000204.1_2102082_2414876_1$HG02071.verkko_filt_mat.fa:haplotype1_0000041_103610513_104018399_0	0.9351820706417382 1K
NA20538 HG01123#1#JAGYYZ010000015.1_51528240_51935090_0$HG01891#1#JAGYVO010000014.1_22855818_23168577_1	0.9351597974309481 1K
NA20538 HG005#1#JAHEPO010000002.1_51519219_51926067_0$HG03579#2#JAGYVT010000094.1_51581892_51895531_0	0.9351581801093838 1K
NA20538 HG02717#2#JAHAOR010000006.1_19663827_20070693_1$HG01891#1#JAGYVO010000014.1_22855818_23168577_1	0.9351302821588164 1K
NA20538 HG03579#2#JAGYVT010000094.1_51581892_51895531_0$HG02886#1#JAHAOU010000178.1_62411_469262_0	0.9351224785950457 1K
NA20538 HG02886#1#JAHAOU010000178.1_62411_469262_0$HG04228.verkko_filt_pat.fa:haplotype2_0000600_103806749_104119491_0	0.9351025475041468 1K
NA20538 HG00438#2#JAHBCA010000012.1_51513023_51826723_0$HG02622#1#JAHAOO010000002.1_16673678_17080663_0	0.9350949080008601 1K
NA20538 HG02723#1#JAHEOU010000204.1_2102082_2414876_1$HG01123#1#JAGYYZ010000015.1_51528240_51935090_0	0.9350922631484019 1K
NA20538 HG01123#1#JAGYYZ010000015.1_51528240_51935090_0$HG04228.verkko_filt_pat.fa:haplotype2_0000600_103806749_104119491_0	0.9350405576631551 1K
NA20538 HG01123#2#JAGYYY010000006.1_51579630_51892388_0$HG02717#2#JAHAOR010000006.1_19663827_20070693_1	0.9350372067196838 1K
NA20538 HG02630#2#JAHAOP010000089.1_16669255_17076135_0$HG04228.verkko_filt_pat.fa:haplotype2_0000600_103806749_104119491_0	0.9350023959606307 1K
NA20538 HG01123#2#JAGYYY010000006.1_51579630_51892388_0$HG01123#1#JAGYYZ010000015.1_51528240_51935090_0	0.9349838501724914 1K
NA20538 HG02723#1#JAHEOU010000204.1_2102082_2414876_1$HG02717#2#JAHAOR010000006.1_19663827_20070693_1	0.9349795792306318 1K
NA20538 HG02723#1#JAHEOU010000204.1_2102082_2414876_1$HG02559#2#JAGYVJ010000037.1_52167780_52574597_1	0.9349671687340599 1K
NA20538 AV_HG02148#haplotype2#0002863:16304803$16712699$HG02293.verkko_filt_mat.fa:haplotype1_0000039_30204405_30517145_1	0.9349597708991416 1K
NA20538 HG01109#1#JAHEPA010000099.1_2104245_2511104_1$HG02647.verkko_filt_pat.fa:haplotype2_0000857_103738150_104051769_0	0.9349550892937718 1K
NA20538 HG005#1#JAHEPO010000002.1_51519219_51926067_0$HG02109#2#JAHEPF010000078.1_16678387_16991144_0	0.9349342253797592 1K
NA20538 HG00741#2#JAHALX010000013.1_51574319_51981226_0$HG02647.verkko_filt_pat.fa:haplotype2_0000857_103738150_104051769_0	0.9349305787827894 1K
NA20538 HG02559#2#JAGYVJ010000037.1_52167780_52574597_1$HG04228.verkko_filt_pat.fa:haplotype2_0000600_103806749_104119491_0	0.9348916836970489 1K
NA20538 HG01109#1#JAHEPA010000099.1_2104245_2511104_1$HG03579#2#JAGYVT010000094.1_51581892_51895531_0	0.9348910425481313 1K
NA20538 AV_HG02148#haplotype2#0002863:16304803$16712699$HG02723#1#JAHEOU010000204.1_2102082_2414876_1	0.9348885012640702 1K
NA20538 HG02630#2#JAHAOP010000089.1_16669255_17076135_0$HG01891#1#JAGYVO010000014.1_22855818_23168577_1	0.9348848735797064 1K
NA20538 HG01123#2#JAGYYY010000006.1_51579630_51892388_0$HG02486#2#JAGYVL010000029.1_94163344_94570162_0	0.9348796499670834 1K
NA20538 HG03579#2#JAGYVT010000094.1_51581892_51895531_0$HG00741#2#JAHALX010000013.1_51574319_51981226_0	0.9348547783570863 1K
NA20538 HG02723#1#JAHEOU010000204.1_2102082_2414876_1$HG01978#2#JAGYVR010000007.1_51532241_51939176_0	0.9348311782479555 1K
NA20538 HG005#1#JAHEPO010000002.1_51519219_51926067_0$HG01891#1#JAGYVO010000014.1_22855818_23168577_1	0.9348284654559178 1K
NA20538 HG01978#2#JAGYVR010000007.1_51532241_51939176_0$HG04228.verkko_filt_pat.fa:haplotype2_0000600_103806749_104119491_0	0.9348150966231930 1K
NA20538 HG02486#2#JAGYVL010000029.1_94163344_94570162_0$HG01891#1#JAGYVO010000014.1_22855818_23168577_1	0.9348145072167474 1K
NA20538 HG02630#2#JAHAOP010000089.1_16669255_17076135_0$HG02109#2#JAHEPF010000078.1_16678387_16991144_0	0.9347303992368622 1K
NA20538 HG01123#2#JAGYYY010000006.1_51579630_51892388_0$HG02809.verkko_filt_pat.fa:haplotype2_0001251_103421111_103827972_0	0.9347132568196171 1K
NA20538 HG02723#1#JAHEOU010000204.1_2102082_2414876_1$HG02486#2#JAGYVL010000029.1_94163344_94570162_0	0.9346996795064217 1K
NA20538 HG005#1#JAHEPO010000002.1_51519219_51926067_0$HG04228.verkko_filt_pat.fa:haplotype2_0000600_103806749_104119491_0	0.9346734579858426 1K
NA20538 AV_HG02148#haplotype2#0002863:16304803$16712699$HG04228.verkko_filt_pat.fa:haplotype2_0000600_103806749_104119491_0	0.9346464802367885 1K
NA20538 HG02723#1#JAHEOU010000204.1_2102082_2414876_1$HG02809.verkko_filt_pat.fa:haplotype2_0001251_103421111_103827972_0	0.9346422851396647 1K
NA20538 HG01123#2#JAGYYY010000006.1_51579630_51892388_0$HG02886#1#JAHAOU010000178.1_62411_469262_0	0.9346419808041178 1K
NA20538 HG02723#1#JAHEOU010000204.1_2102082_2414876_1$HG02004.verkko_filt_mat.fa:haplotype1_0000022_97828542_98235483_0	0.9346143703139178 1K
NA20538 HG04228.verkko_filt_pat.fa:haplotype2_0000600_103806749_104119491_0$HG02004.verkko_filt_mat.fa:haplotype1_0000022_97828542_98235483_0	0.9346101762407512 1K
NA20538 HG01978#2#JAGYVR010000007.1_51532241_51939176_0$HG02293.verkko_filt_mat.fa:haplotype1_0000039_30204405_30517145_1	0.9346051390233679 1K
NA20538 HG005#1#JAHEPO010000002.1_51519219_51926067_0$HG01123#2#JAGYYY010000006.1_51579630_51892388_0	0.9345682243094816 1K
NA20538 HG02886#1#JAHAOU010000178.1_62411_469262_0$HG01891#1#JAGYVO010000014.1_22855818_23168577_1	0.9345659487107431 1K
NA20538 HG02723#1#JAHEOU010000204.1_2102082_2414876_1$HG01928#1#JAGYVQ010000053.1_16676493_17083407_0	0.9345609103696896 1K
NA20538 HG01891#1#JAGYVO010000014.1_22855818_23168577_1$HG02809.verkko_filt_pat.fa:haplotype2_0001251_103421111_103827972_0	0.9345314193175345 1K
NA20538 HG03492#1#JAHEPI010000180.1_2103395_2543326_1$HG02109#2#JAHEPF010000078.1_16678387_16991144_0	0.9345266034540505 1K
NA20538 HG02723#1#JAHEOU010000204.1_2102082_2414876_1$HG005#1#JAHEPO010000002.1_51519219_51926067_0	0.9345235390146128 1K
NA20538 HG01928#1#JAGYVQ010000053.1_16676493_17083407_0$HG04228.verkko_filt_pat.fa:haplotype2_0000600_103806749_104119491_0	0.9345210533600253 1K
NA20538 HG02109#2#JAHEPF010000078.1_16678387_16991144_0$HG02486#2#JAGYVL010000029.1_94163344_94570162_0	0.9345033278425039 1K
NA20538 HG00741#2#JAHALX010000013.1_51574319_51981226_0$HG01891#1#JAGYVO010000014.1_22855818_23168577_1	0.9344897290298613 1K
NA20538 HG00741#2#JAHALX010000013.1_51574319_51981226_0$HG02109#2#JAHEPF010000078.1_16678387_16991144_0	0.9344774533078694 1K
NA20538 HG02723#1#JAHEOU010000204.1_2102082_2414876_1$HG02300.verkko_filt_pat.fa:haplotype2_0000620_143362344_143769323_1	0.9344656558317220 1K
NA20538 HG02293.verkko_filt_mat.fa:haplotype1_0000039_30204405_30517145_1$HG02300.verkko_filt_pat.fa:haplotype2_0000620_143362344_143769323_1	0.9344531803846586 1K
NA20538 HG02723#1#JAHEOU010000204.1_2102082_2414876_1$HG02886#1#JAHAOU010000178.1_62411_469262_0	0.9344390850043528 1K
NA20538 HG01123#2#JAGYYY010000006.1_51579630_51892388_0$HG03492#1#JAHEPI010000180.1_2103395_2543326_1	0.9344345035687114 1K
NA20538 HG01123#2#JAGYYY010000006.1_51579630_51892388_0$HG02630#2#JAHAOP010000089.1_16669255_17076135_0	0.9344104458203473 1K
NA20538 HG03492#1#JAHEPI010000180.1_2103395_2543326_1$HG04228.verkko_filt_pat.fa:haplotype2_0000600_103806749_104119491_0	0.9344088068567933 1K
NA20538 HG01109#1#JAHEPA010000099.1_2104245_2511104_1$HG01891#1#JAGYVO010000014.1_22855818_23168577_1	0.9344075253352437 1K
NA20538 HG01109#1#JAHEPA010000099.1_2104245_2511104_1$HG02109#2#JAHEPF010000078.1_16678387_16991144_0	0.9344070274532451 1K
NA20538 HG03492#1#JAHEPI010000180.1_2103395_2543326_1$HG02647.verkko_filt_pat.fa:haplotype2_0000857_103738150_104051769_0	0.9344043167362742 1K
NA20538 HG02004.verkko_filt_mat.fa:haplotype1_0000022_97828542_98235483_0$HG02293.verkko_filt_mat.fa:haplotype1_0000039_30204405_30517145_1	0.9344022551589960 1K
NA20538 HG01123#2#JAGYYY010000006.1_51579630_51892388_0$HG00741#2#JAHALX010000013.1_51574319_51981226_0	0.9343823159875193 1K
NA20538 HG03579#2#JAGYVT010000094.1_51581892_51895531_0$HG03492#1#JAHEPI010000180.1_2103395_2543326_1	0.9343750682266506 1K
NA20538 HG03492#1#JAHEPI010000180.1_2103395_2543326_1$HG01891#1#JAGYVO010000014.1_22855818_23168577_1	0.9343198722852019 1K
NA20538 HG01928#1#JAGYVQ010000053.1_16676493_17083407_0$HG02293.verkko_filt_mat.fa:haplotype1_0000039_30204405_30517145_1	0.9343132323161408 1K
NA20538 HG03453#2#JAGYVV010000088.1_22597550_23005370_1$HG00733#1#JAHEPQ010000019.1_46106835_46420495_0	0.9343125324019654 1K
NA20538 chr1_hg19_103998686_104406594_0$HG00438#2#JAHBCA010000012.1_51513023_51826723_0	0.9343086535178908 1K
NA20538 HG00438#2#JAHBCA010000012.1_51513023_51826723_0$chr1_hg38_103456064_103863972_0	0.9343086535178908 1K
NA20538 chr1_hg38_103456064_103863972_0$HG00733#1#JAHEPQ010000019.1_46106835_46420495_0	0.9342815545418881 1K
NA20538 chr1_hg19_103998686_104406594_0$HG00733#1#JAHEPQ010000019.1_46106835_46420495_0	0.9342815545418881 1K
NA20538 HG02886#1#JAHAOU010000178.1_62411_469262_0$HG02109#2#JAHEPF010000078.1_16678387_16991144_0	0.9342434104570805 1K
NA20538 HG00733#1#JAHEPQ010000019.1_46106835_46420495_0$HG002.verkko_filt_mat.fa:haplotype1_0000005_138228497_138636354_1	0.9342402391490413 1K
NA20538 HG02723#1#JAHEOU010000204.1_2102082_2414876_1$HG02630#2#JAHAOP010000089.1_16669255_17076135_0	0.9342369348816812 1K
NA20538 HG04228.verkko_filt_pat.fa:haplotype2_0000600_103806749_104119491_0$HG02300.verkko_filt_pat.fa:haplotype2_0000620_143362344_143769323_1	0.9342352229116473 1K
NA20538 HG01123#2#JAGYYY010000006.1_51579630_51892388_0$HG002.verkko_filt_mat.fa:haplotype1_0000005_138228497_138636354_1	0.9342316744434321 1K
NA20538 HG03098#1#JAHEPM010000059.1_16676208_17105596_0$HG002.verkko_filt_pat.fa:haplotype2_0000649_147937390_148315979_1	0.9342153736216630 1K
NA20538 HG02723#1#JAHEOU010000204.1_2102082_2414876_1$HG00741#2#JAHALX010000013.1_51574319_51981226_0	0.9341849739339956 1K
NA20538 AV_HG01175#haplotype1#0000070:46006269$46414083$HG01123#2#JAGYYY010000006.1_51579630_51892388_0	0.9341399686895971 1K
NA20538 HG00438#2#JAHBCA010000012.1_51513023_51826723_0$HG002.verkko_filt_mat.fa:haplotype1_0000005_138228497_138636354_1	0.9341373931607503 1K
NA20538 HG00741#2#JAHALX010000013.1_51574319_51981226_0$HG04228.verkko_filt_pat.fa:haplotype2_0000600_103806749_104119491_0	0.9341215857076310 1K
NA20538 HG01123#2#JAGYYY010000006.1_51579630_51892388_0$chr1_hg38_103456064_103863972_0	0.9340826481195684 1K
NA20538 HG01123#2#JAGYYY010000006.1_51579630_51892388_0$chr1_hg19_103998686_104406594_0	0.9340826481195684 1K
NA20538 HG02145#2#JAHKSF010000206.1_1005292_1413195_1$HG02109#2#JAHEPF010000078.1_16678387_16991144_0	0.9340809403827494 1K
NA20538 HG00621#2#JAHBCC010000031.1_16669999_17077865_0$HG00733#1#JAHEPQ010000019.1_46106835_46420495_0	0.9340448428393938 1K
NA20538 HG01123#2#JAGYYY010000006.1_51579630_51892388_0$HG03453#2#JAGYVV010000088.1_22597550_23005370_1	0.9340282083567696 1K
NA20538 HG02723#1#JAHEOU010000204.1_2102082_2414876_1$HG03492#1#JAHEPI010000180.1_2103395_2543326_1	0.9339986238722930 1K
NA20538 HG00438#2#JAHBCA010000012.1_51513023_51826723_0$HG01978#2#JAGYVR010000007.1_51532241_51939176_0	0.9339977520753489 1K
NA20538 HG00733#1#JAHEPQ010000019.1_46106835_46420495_0$HG02071.verkko_filt_mat.fa:haplotype1_0000041_103610513_104018399_0	0.9339522627692457 1K
NA20538 HG00438#2#JAHBCA010000012.1_51513023_51826723_0$HG005#2#JAHEPN010000023.1_51542210_51950070_0	0.9338967065434181 1K
NA20538 HG02145#2#JAHKSF010000206.1_1005292_1413195_1$HG02647.verkko_filt_pat.fa:haplotype2_0000857_103738150_104051769_0	0.9338704774567799 1K
NA20538 HG03486#1#JAHEOQ010000123.1_16677696_17085575_0$HG01123#2#JAGYYY010000006.1_51579630_51892388_0	0.9338674833705349 1K
NA20538 HG01123#2#JAGYYY010000006.1_51579630_51892388_0$HG02071.verkko_filt_mat.fa:haplotype1_0000041_103610513_104018399_0	0.9338474278126253 1K
NA20538 HG02630#1#JAHAOQ010000102.1_16672145_17079089_0$HG02647.verkko_filt_pat.fa:haplotype2_0000857_103738150_104051769_0	0.9338392970519686 1K
NA20538 HG02630#1#JAHAOQ010000102.1_16672145_17079089_0$HG03579#2#JAGYVT010000094.1_51581892_51895531_0	0.9338222287240331 1K
NA20538 AV_HG01175#haplotype1#0000070:46006269$46414083$HG00733#1#JAHEPQ010000019.1_46106835_46420495_0	0.9338182881250611 1K
NA20538 AV_HG01175#haplotype1#0000070:46006269$46414083$HG00438#2#JAHBCA010000012.1_51513023_51826723_0	0.9337994706682110 1K
NA20538 HG00438#2#JAHBCA010000012.1_51513023_51826723_0$HG03453#2#JAGYVV010000088.1_22597550_23005370_1	0.9337986893263254 1K
NA20538 HG02145#2#JAHKSF010000206.1_1005292_1413195_1$HG01891#1#JAGYVO010000014.1_22855818_23168577_1	0.9337967956145766 1K
NA20538 HG02145#2#JAHKSF010000206.1_1005292_1413195_1$HG03579#2#JAGYVT010000094.1_51581892_51895531_0	0.9337941841251293 1K
NA20538 AV_HG02148#haplotype2#0002863:16304803$16712699$HG00733#1#JAHEPQ010000019.1_46106835_46420495_0	0.9337924796756770 1K
NA20538 HG005#2#JAHEPN010000023.1_51542210_51950070_0$HG00733#1#JAHEPQ010000019.1_46106835_46420495_0	0.9337852324362418 1K
NA20538 NA18906#1#JAHEOO010000054.1_2103477_2510435_1$HG02647.verkko_filt_pat.fa:haplotype2_0000857_103738150_104051769_0	0.9337815626559395 1K
NA20538 HG03486#1#JAHEOQ010000123.1_16677696_17085575_0$HG00733#1#JAHEPQ010000019.1_46106835_46420495_0	0.9337727043183027 1K
NA20538 HG01978#2#JAGYVR010000007.1_51532241_51939176_0$HG00733#1#JAHEPQ010000019.1_46106835_46420495_0	0.9337689564327215 1K
NA20538 AV_HG02257#haplotype2#0001152:102843493$103251377$HG02647.verkko_filt_pat.fa:haplotype2_0000857_103738150_104051769_0	0.9337394729414593 1K
NA20538 AV_HG02257#haplotype2#0001152:102843493$103251377$HG02109#2#JAHEPF010000078.1_16678387_16991144_0	0.9337358452898036 1K
NA20538 HG01928#1#JAGYVQ010000053.1_16676493_17083407_0$HG00438#2#JAHBCA010000012.1_51513023_51826723_0	0.9337193872907321 1K
NA20538 HG03579#2#JAGYVT010000094.1_51581892_51895531_0$NA18906#1#JAHEOO010000054.1_2103477_2510435_1	0.9337167277002562 1K
NA20538 HG00438#2#JAHBCA010000012.1_51513023_51826723_0$HG02004.verkko_filt_mat.fa:haplotype1_0000022_97828542_98235483_0	0.9336904035044248 1K
NA20538 HG00621#2#JAHBCC010000031.1_16669999_17077865_0$HG01123#2#JAGYYY010000006.1_51579630_51892388_0	0.9336899274174583 1K
NA20538 AV_HG02257#haplotype2#0001152:102843493$103251377$HG03579#2#JAGYVT010000094.1_51581892_51895531_0	0.9336750704223675 1K
NA20538 HG03486#1#JAHEOQ010000123.1_16677696_17085575_0$HG00438#2#JAHBCA010000012.1_51513023_51826723_0	0.9336717490496926 1K
NA20538 HG00438#2#JAHBCA010000012.1_51513023_51826723_0$HG02071.verkko_filt_mat.fa:haplotype1_0000041_103610513_104018399_0	0.9336610534985557 1K
NA20538 AV_HG02257#haplotype2#0001152:102843493$103251377$HG01891#1#JAGYVO010000014.1_22855818_23168577_1	0.9336538732540215 1K
NA20538 HG00733#1#JAHEPQ010000019.1_46106835_46420495_0$HG02300.verkko_filt_pat.fa:haplotype2_0000620_143362344_143769323_1	0.9336400466014508 1K
NA20538 HG01123#2#JAGYYY010000006.1_51579630_51892388_0$HG005#2#JAHEPN010000023.1_51542210_51950070_0	0.9336182634939090 1K
NA20538 HG02818#1#JAHEOS010000101.1_89626_496613_0$HG02647.verkko_filt_pat.fa:haplotype2_0000857_103738150_104051769_0	0.9335947274290630 1K
NA20538 HG00733#1#JAHEPQ010000019.1_46106835_46420495_0$HG02004.verkko_filt_mat.fa:haplotype1_0000022_97828542_98235483_0	0.9335789159034287 1K
NA20538 NA18906#1#JAHEOO010000054.1_2103477_2510435_1$HG02109#2#JAHEPF010000078.1_16678387_16991144_0	0.9335512249356662 1K
NA20538 HG02630#1#JAHAOQ010000102.1_16672145_17079089_0$HG02109#2#JAHEPF010000078.1_16678387_16991144_0	0.9335257124559728 1K
NA20538 HG02717#1#JAHAOS010000015.1_16660311_17067250_0$HG02647.verkko_filt_pat.fa:haplotype2_0000857_103738150_104051769_0	0.9335042928683706 1K
NA20538 HG00438#2#JAHBCA010000012.1_51513023_51826723_0$HG02300.verkko_filt_pat.fa:haplotype2_0000620_143362344_143769323_1	0.9335020281031648 1K
NA20538 HG02717#1#JAHAOS010000015.1_16660311_17067250_0$HG03579#2#JAGYVT010000094.1_51581892_51895531_0	0.9334872873155019 1K
NA20538 HG03579#2#JAGYVT010000094.1_51581892_51895531_0$HG02818#1#JAHEOS010000101.1_89626_496613_0	0.9334828177491238 1K
NA20538 HG02145#2#JAHKSF010000206.1_1005292_1413195_1$HG04228.verkko_filt_pat.fa:haplotype2_0000600_103806749_104119491_0	0.9334751701709030 1K
NA20538 HG02717#1#JAHAOS010000015.1_16660311_17067250_0$HG02109#2#JAHEPF010000078.1_16678387_16991144_0	0.9334172245843386 1K
NA20538 AV_HG02148#haplotype2#0002863:16304803$16712699$HG01123#2#JAGYYY010000006.1_51579630_51892388_0	0.9334007750638605 1K
NA20538 HG01928#1#JAGYVQ010000053.1_16676493_17083407_0$HG00733#1#JAHEPQ010000019.1_46106835_46420495_0	0.9333953644849096 1K
NA20538 HG02630#1#JAHAOQ010000102.1_16672145_17079089_0$HG01891#1#JAGYVO010000014.1_22855818_23168577_1	0.9333485404012558 1K
NA20538 HG02723#1#JAHEOU010000204.1_2102082_2414876_1$HG01109#1#JAHEPA010000099.1_2104245_2511104_1	0.9333463462461189 1K
NA20538 HG02647.verkko_filt_mat.fa:haplotype1_0000002_103892584_104321036_0$HG002.verkko_filt_pat.fa:haplotype2_0000649_147937390_148315979_1	0.9333377884978711 1K
NA20538 AV_HG02148#haplotype2#0002863:16304803$16712699$HG00438#2#JAHBCA010000012.1_51513023_51826723_0	0.9333376825300842 1K
NA20538 HG02622#1#JAHAOO010000002.1_16673678_17080663_0$HG02647.verkko_filt_pat.fa:haplotype2_0000857_103738150_104051769_0	0.9333302308029375 1K
NA20538 HG02717#1#JAHAOS010000015.1_16660311_17067250_0$HG01891#1#JAGYVO010000014.1_22855818_23168577_1	0.9333234630339501 1K
NA20538 HG03579#2#JAGYVT010000094.1_51581892_51895531_0$HG02622#1#JAHAOO010000002.1_16673678_17080663_0	0.9332900178712782 1K
NA20538 NA18906#1#JAHEOO010000054.1_2103477_2510435_1$HG01891#1#JAGYVO010000014.1_22855818_23168577_1	0.9332309538185942 1K
NA20538 HG02109#2#JAHEPF010000078.1_16678387_16991144_0$HG02818#1#JAHEOS010000101.1_89626_496613_0	0.9332227820387696 1K
NA20538 HG00621#2#JAHBCC010000031.1_16669999_17077865_0$HG00438#2#JAHBCA010000012.1_51513023_51826723_0	0.9331764734262972 1K
NA20538 HG01123#2#JAGYYY010000006.1_51579630_51892388_0$HG01978#2#JAGYVR010000007.1_51532241_51939176_0	0.9331761940979261 1K
NA20538 HG02622#1#JAHAOO010000002.1_16673678_17080663_0$HG02109#2#JAHEPF010000078.1_16678387_16991144_0	0.9330899688652998 1K
NA20538 HG02630#1#JAHAOQ010000102.1_16672145_17079089_0$HG04228.verkko_filt_pat.fa:haplotype2_0000600_103806749_104119491_0	0.9330623637167755 1K
NA20538 HG01928#1#JAGYVQ010000053.1_16676493_17083407_0$HG01123#2#JAGYYY010000006.1_51579630_51892388_0	0.9330617221795368 1K
NA20538 HG01123#2#JAGYYY010000006.1_51579630_51892388_0$HG02004.verkko_filt_mat.fa:haplotype1_0000022_97828542_98235483_0	0.9330441518353616 1K
NA20538 AV_HG02257#haplotype2#0001152:102843493$103251377$HG04228.verkko_filt_pat.fa:haplotype2_0000600_103806749_104119491_0	0.9330112517189102 1K
NA20538 HG02055#2#JAHEPJ010000017.1_24870122_25298560_1$HG002.verkko_filt_pat.fa:haplotype2_0000649_147937390_148315979_1	0.9329950503131539 1K
NA20538 HG02818#1#JAHEOS010000101.1_89626_496613_0$HG01891#1#JAGYVO010000014.1_22855818_23168577_1	0.9329861965183094 1K
NA20538 HG02145#2#JAHKSF010000206.1_1005292_1413195_1$HG01123#2#JAGYYY010000006.1_51579630_51892388_0	0.9329179391333877 1K
NA20538 HG01123#2#JAGYYY010000006.1_51579630_51892388_0$HG02300.verkko_filt_pat.fa:haplotype2_0000620_143362344_143769323_1	0.9329170283734344 1K
NA20538 HG02622#1#JAHAOO010000002.1_16673678_17080663_0$HG01891#1#JAGYVO010000014.1_22855818_23168577_1	0.9328299452670483 1K
NA20538 NA18906#1#JAHEOO010000054.1_2103477_2510435_1$HG04228.verkko_filt_pat.fa:haplotype2_0000600_103806749_104119491_0	0.9327659368272437 1K
NA20538 HG01109#1#JAHEPA010000099.1_2104245_2511104_1$HG04228.verkko_filt_pat.fa:haplotype2_0000600_103806749_104119491_0	0.9327406203874301 1K
NA20538 HG02818#1#JAHEOS010000101.1_89626_496613_0$HG04228.verkko_filt_pat.fa:haplotype2_0000600_103806749_104119491_0	0.9327239740765093 1K
NA20538 HG02809.verkko_filt_mat.fa:haplotype1_0000023_94161320_94589755_0$HG002.verkko_filt_pat.fa:haplotype2_0000649_147937390_148315979_1	0.9327029814780285 1K
NA20538 HG01109#1#JAHEPA010000099.1_2104245_2511104_1$HG01123#2#JAGYYY010000006.1_51579630_51892388_0	0.9326782771357663 1K
NA20538 HG02717#1#JAHAOS010000015.1_16660311_17067250_0$HG04228.verkko_filt_pat.fa:haplotype2_0000600_103806749_104119491_0	0.9326322425237697 1K
NA20538 HG02622#1#JAHAOO010000002.1_16673678_17080663_0$HG04228.verkko_filt_pat.fa:haplotype2_0000600_103806749_104119491_0	0.9324259927338471 1K
NA20538 HG02723#1#JAHEOU010000204.1_2102082_2414876_1$HG02145#2#JAHKSF010000206.1_1005292_1413195_1	0.9323159834252388 1K
NA20538 AV_HG02257#haplotype2#0001152:102843493$103251377$HG01123#2#JAGYYY010000006.1_51579630_51892388_0	0.9322872911557905 1K
NA20538 HG02630#1#JAHAOQ010000102.1_16672145_17079089_0$HG01123#2#JAGYYY010000006.1_51579630_51892388_0	0.9322188722759409 1K
NA20538 HG01123#2#JAGYYY010000006.1_51579630_51892388_0$HG02818#1#JAHEOS010000101.1_89626_496613_0	0.9320949454362862 1K
NA20538 HG01123#2#JAGYYY010000006.1_51579630_51892388_0$HG02622#1#JAHAOO010000002.1_16673678_17080663_0	0.9319981427818587 1K
NA20538 HG01123#2#JAGYYY010000006.1_51579630_51892388_0$NA18906#1#JAHEOO010000054.1_2103477_2510435_1	0.9318746342480634 1K
NA20538 HG02717#1#JAHAOS010000015.1_16660311_17067250_0$HG01123#2#JAGYYY010000006.1_51579630_51892388_0	0.9318601515184276 1K
NA20538 HG02723#1#JAHEOU010000204.1_2102082_2414876_1$HG02630#1#JAHAOQ010000102.1_16672145_17079089_0	0.9317230484490179 1K
NA20538 AV_HG02257#haplotype2#0001152:102843493$103251377$HG02723#1#JAHEOU010000204.1_2102082_2414876_1	0.9316994721896458 1K
NA20538 HG02723#1#JAHEOU010000204.1_2102082_2414876_1$NA18906#1#JAHEOO010000054.1_2103477_2510435_1	0.9316284629800018 1K
NA20538 HG02723#1#JAHEOU010000204.1_2102082_2414876_1$HG02717#1#JAHAOS010000015.1_16660311_17067250_0	0.9314720670876134 1K
NA20538 HG02723#1#JAHEOU010000204.1_2102082_2414876_1$HG02818#1#JAHEOS010000101.1_89626_496613_0	0.9313893477692979 1K
NA20538 HG02723#1#JAHEOU010000204.1_2102082_2414876_1$HG02622#1#JAHAOO010000002.1_16673678_17080663_0	0.9311206863940822 1K
NA20538 HG01243#1#JAHEOY010000013.1_90081_424495_0$HG03098#1#JAHEPM010000059.1_16676208_17105596_0	0.9283372895103352 1K
NA20538 HG03492#2#JAHEPH010000288.1_2098270_2432686_1$HG03098#1#JAHEPM010000059.1_16676208_17105596_0	0.9282773274349276 1K
NA20538 HG01243#1#JAHEOY010000013.1_90081_424495_0$HG02647.verkko_filt_mat.fa:haplotype1_0000002_103892584_104321036_0	0.9270361834765866 1K
NA20538 HG03492#2#JAHEPH010000288.1_2098270_2432686_1$HG02647.verkko_filt_mat.fa:haplotype1_0000002_103892584_104321036_0	0.9269970411645192 1K
NA20538 HG01243#1#JAHEOY010000013.1_90081_424495_0$HG002.verkko_filt_pat.fa:haplotype2_0000649_147937390_148315979_1	0.9269880796773620 1K
NA20538 HG03492#2#JAHEPH010000288.1_2098270_2432686_1$HG002.verkko_filt_pat.fa:haplotype2_0000649_147937390_148315979_1	0.9269232787573618 1K
NA20538 HG01243#1#JAHEOY010000013.1_90081_424495_0$HG02055#2#JAHEPJ010000017.1_24870122_25298560_1	0.9268238474483012 1K
NA20538 HG03492#2#JAHEPH010000288.1_2098270_2432686_1$HG02055#2#JAHEPJ010000017.1_24870122_25298560_1	0.9267327360817342 1K
NA20538 HG01243#1#JAHEOY010000013.1_90081_424495_0$HG02809.verkko_filt_mat.fa:haplotype1_0000023_94161320_94589755_0	0.9266829953800394 1K
NA20538 HG03492#2#JAHEPH010000288.1_2098270_2432686_1$HG02809.verkko_filt_mat.fa:haplotype1_0000023_94161320_94589755_0	0.9266543140460138 1K
NA20538 HG03492#2#JAHEPH010000288.1_2098270_2432686_1$HG01243#1#JAHEOY010000013.1_90081_424495_0	0.9093901339282925 1K
NA20538 HG02723#2#JAHEOT010000034.1_19776337_20321518_1$HG02886#2#JAHAOT010000031.1_87393_401061_0	0.9082666659666985 1K
NA20538 AV_HG01361#haplotype2#0001322:101872897$102186552$HG02723#2#JAHEOT010000034.1_19776337_20321518_1	0.9080460169631978 1K
NA20538 HG03098#2#JAHEPL010000003.1_93803759_94117426_0$HG02723#2#JAHEOT010000034.1_19776337_20321518_1	0.9074738967095245 1K
NA20538 HG02723#2#JAHEOT010000034.1_19776337_20321518_1$HG00438#2#JAHBCA010000012.1_51513023_51826723_0	0.9074063111545121 1K
NA20538 HG02723#2#JAHEOT010000034.1_19776337_20321518_1$HG03710.verkko_filt_mat.fa:haplotype1_0000029_102593394_102907063_0	0.9073751909259190 1K
NA20538 HG02723#2#JAHEOT010000034.1_19776337_20321518_1$HG02293.verkko_filt_mat.fa:haplotype1_0000039_30204405_30517145_1	0.9071554788209274 1K
NA20538 HG02723#2#JAHEOT010000034.1_19776337_20321518_1$HG00733#1#JAHEPQ010000019.1_46106835_46420495_0	0.9071492153129447 1K
NA20538 HG02886#2#JAHAOT010000031.1_87393_401061_0$HG02145#1#JAHKSG010000134.1_2102465_2647653_1	0.9068015556329924 1K
NA20538 AV_HG01361#haplotype2#0001322:101872897$102186552$HG02145#1#JAHKSG010000134.1_2102465_2647653_1	0.9064586380551306 1K
NA20538 HG03098#2#JAHEPL010000003.1_93803759_94117426_0$HG02145#1#JAHKSG010000134.1_2102465_2647653_1	0.9058366405535866 1K
NA20538 HG00438#2#JAHBCA010000012.1_51513023_51826723_0$HG02145#1#JAHKSG010000134.1_2102465_2647653_1	0.9058309148632203 1K
NA20538 HG02145#1#JAHKSG010000134.1_2102465_2647653_1$HG03710.verkko_filt_mat.fa:haplotype1_0000029_102593394_102907063_0	0.9058137247962901 1K
NA20538 HG02145#1#JAHKSG010000134.1_2102465_2647653_1$HG00733#1#JAHEPQ010000019.1_46106835_46420495_0	0.9057140403099040 1K
NA20538 HG02145#1#JAHKSG010000134.1_2102465_2647653_1$HG02293.verkko_filt_mat.fa:haplotype1_0000039_30204405_30517145_1	0.9056846196466622 1K
NA20538 HG02723#2#JAHEOT010000034.1_19776337_20321518_1$HG02647.verkko_filt_pat.fa:haplotype2_0000857_103738150_104051769_0	0.9056608811052890 1K
NA20538 HG03579#2#JAGYVT010000094.1_51581892_51895531_0$HG02723#2#JAHEOT010000034.1_19776337_20321518_1	0.9056604097876078 1K
NA20538 HG02723#2#JAHEOT010000034.1_19776337_20321518_1$HG01891#1#JAGYVO010000014.1_22855818_23168577_1	0.9055114106105162 1K
NA20538 HG02723#1#JAHEOU010000204.1_2102082_2414876_1$HG02723#2#JAHEOT010000034.1_19776337_20321518_1	0.9052356979157054 1K
NA20538 HG02723#2#JAHEOT010000034.1_19776337_20321518_1$HG04228.verkko_filt_pat.fa:haplotype2_0000600_103806749_104119491_0	0.9052206014857662 1K
NA20538 HG02723#2#JAHEOT010000034.1_19776337_20321518_1$HG02109#2#JAHEPF010000078.1_16678387_16991144_0	0.9050955552142947 1K
NA20538 HG01123#2#JAGYYY010000006.1_51579630_51892388_0$HG02723#2#JAHEOT010000034.1_19776337_20321518_1	0.9050568132945057 1K
NA20538 HG02723#2#JAHEOT010000034.1_19776337_20321518_1$HG02647.verkko_filt_mat.fa:haplotype1_0000002_103892584_104321036_0	0.9050024137694095 1K
NA20538 HG02723#2#JAHEOT010000034.1_19776337_20321518_1$HG03098#1#JAHEPM010000059.1_16676208_17105596_0	0.9049381118498430 1K
NA20538 HG02723#2#JAHEOT010000034.1_19776337_20321518_1$HG02055#2#JAHEPJ010000017.1_24870122_25298560_1	0.9048514730181001 1K
NA20538 HG02723#2#JAHEOT010000034.1_19776337_20321518_1$HG02809.verkko_filt_mat.fa:haplotype1_0000023_94161320_94589755_0	0.9048099122073883 1K
NA20538 HG02145#1#JAHKSG010000134.1_2102465_2647653_1$HG02647.verkko_filt_pat.fa:haplotype2_0000857_103738150_104051769_0	0.9041918588300565 1K
NA20538 HG03579#2#JAGYVT010000094.1_51581892_51895531_0$HG02145#1#JAHKSG010000134.1_2102465_2647653_1	0.9041843473876953 1K
NA20538 HG02145#1#JAHKSG010000134.1_2102465_2647653_1$HG01891#1#JAGYVO010000014.1_22855818_23168577_1	0.9039974404174727 1K
NA20538 HG01123#2#JAGYYY010000006.1_51579630_51892388_0$HG02145#1#JAHKSG010000134.1_2102465_2647653_1	0.9037424108410058 1K
NA20538 HG02145#1#JAHKSG010000134.1_2102465_2647653_1$HG04228.verkko_filt_pat.fa:haplotype2_0000600_103806749_104119491_0	0.9037299228757254 1K
NA20538 AV_HG01361#haplotype2#0001322:101872897$102186552$HG002.verkko_filt_pat.fa:haplotype2_0000649_147937390_148315979_1	0.9037064244340569 1K
NA20538 HG02145#1#JAHKSG010000134.1_2102465_2647653_1$HG02647.verkko_filt_mat.fa:haplotype1_0000002_103892584_104321036_0	0.9036750896824478 1K
NA20538 HG02886#2#JAHAOT010000031.1_87393_401061_0$HG002.verkko_filt_pat.fa:haplotype2_0000649_147937390_148315979_1	0.9036646090615948 1K
NA20538 HG02723#1#JAHEOU010000204.1_2102082_2414876_1$HG02145#1#JAHKSG010000134.1_2102465_2647653_1	0.9036328500742371 1K
NA20538 HG02145#1#JAHKSG010000134.1_2102465_2647653_1$HG02109#2#JAHEPF010000078.1_16678387_16991144_0	0.9035644490549414 1K
NA20538 HG02055#2#JAHEPJ010000017.1_24870122_25298560_1$HG02145#1#JAHKSG010000134.1_2102465_2647653_1	0.9034805406170443 1K
NA20538 HG03098#1#JAHEPM010000059.1_16676208_17105596_0$HG02145#1#JAHKSG010000134.1_2102465_2647653_1	0.9033862947614776 1K
NA20538 HG03710.verkko_filt_mat.fa:haplotype1_0000029_102593394_102907063_0$HG002.verkko_filt_pat.fa:haplotype2_0000649_147937390_148315979_1	0.9032354453685937 1K
NA20538 HG02145#1#JAHKSG010000134.1_2102465_2647653_1$HG02809.verkko_filt_mat.fa:haplotype1_0000023_94161320_94589755_0	0.9032297109032255 1K
NA20538 HG03098#1#JAHEPM010000059.1_16676208_17105596_0$HG02647.verkko_filt_mat.fa:haplotype1_0000002_103892584_104321036_0	0.9029538630863559 1K
NA20538 HG03098#2#JAHEPL010000003.1_93803759_94117426_0$HG002.verkko_filt_pat.fa:haplotype2_0000649_147937390_148315979_1	0.9028485716938409 1K
NA20538 HG00733#1#JAHEPQ010000019.1_46106835_46420495_0$HG002.verkko_filt_pat.fa:haplotype2_0000649_147937390_148315979_1	0.9026644084453360 1K
NA20538 HG03098#1#JAHEPM010000059.1_16676208_17105596_0$HG02055#2#JAHEPJ010000017.1_24870122_25298560_1	0.9026635877659001 1K
NA20538 HG03098#1#JAHEPM010000059.1_16676208_17105596_0$HG02809.verkko_filt_mat.fa:haplotype1_0000023_94161320_94589755_0	0.9025669777926340 1K
NA20538 HG00438#2#JAHBCA010000012.1_51513023_51826723_0$HG002.verkko_filt_pat.fa:haplotype2_0000649_147937390_148315979_1	0.9022481213745714 1K
NA20538 HG02293.verkko_filt_mat.fa:haplotype1_0000039_30204405_30517145_1$HG002.verkko_filt_pat.fa:haplotype2_0000649_147937390_148315979_1	0.9020784568718447 1K
NA20538 HG02809.verkko_filt_mat.fa:haplotype1_0000023_94161320_94589755_0$HG02647.verkko_filt_mat.fa:haplotype1_0000002_103892584_104321036_0	0.9016850336325668 1K
NA20538 HG02055#2#JAHEPJ010000017.1_24870122_25298560_1$HG02647.verkko_filt_mat.fa:haplotype1_0000002_103892584_104321036_0	0.9016181139649470 1K
NA20538 HG02055#2#JAHEPJ010000017.1_24870122_25298560_1$HG02809.verkko_filt_mat.fa:haplotype1_0000023_94161320_94589755_0	0.9013294661430287 1K
NA20538 HG02723#2#JAHEOT010000034.1_19776337_20321518_1$HG02145#1#JAHKSG010000134.1_2102465_2647653_1	0.8995822772514553 1K
NA20538 HG02647.verkko_filt_pat.fa:haplotype2_0000857_103738150_104051769_0$HG002.verkko_filt_pat.fa:haplotype2_0000649_147937390_148315979_1	0.8987934901636503 1K
NA20538 HG03579#2#JAGYVT010000094.1_51581892_51895531_0$HG002.verkko_filt_pat.fa:haplotype2_0000649_147937390_148315979_1	0.8987334218793467 1K
NA20538 HG02109#2#JAHEPF010000078.1_16678387_16991144_0$HG002.verkko_filt_pat.fa:haplotype2_0000649_147937390_148315979_1	0.8983221779958438 1K
NA20538 HG04228.verkko_filt_pat.fa:haplotype2_0000600_103806749_104119491_0$HG002.verkko_filt_pat.fa:haplotype2_0000649_147937390_148315979_1	0.8983037463372973 1K
NA20538 HG01123#2#JAGYYY010000006.1_51579630_51892388_0$HG002.verkko_filt_pat.fa:haplotype2_0000649_147937390_148315979_1	0.8982335784929609 1K
NA20538 HG01891#1#JAGYVO010000014.1_22855818_23168577_1$HG002.verkko_filt_pat.fa:haplotype2_0000649_147937390_148315979_1	0.8982286660810623 1K
NA20538 HG02723#1#JAHEOU010000204.1_2102082_2414876_1$HG002.verkko_filt_pat.fa:haplotype2_0000649_147937390_148315979_1	0.8979702256476464 1K
NA20538 HG02886#2#JAHAOT010000031.1_87393_401061_0$HG02647.verkko_filt_mat.fa:haplotype1_0000002_103892584_104321036_0	0.8904555427854705 1K
NA20538 HG02886#2#JAHAOT010000031.1_87393_401061_0$HG02055#2#JAHEPJ010000017.1_24870122_25298560_1	0.8902073866972775 1K
NA20538 HG02886#2#JAHAOT010000031.1_87393_401061_0$HG03098#1#JAHEPM010000059.1_16676208_17105596_0	0.8900882142949605 1K
NA20538 AV_HG01361#haplotype2#0001322:101872897$102186552$HG02647.verkko_filt_mat.fa:haplotype1_0000002_103892584_104321036_0	0.8900250950935581 1K
NA20538 HG02886#2#JAHAOT010000031.1_87393_401061_0$HG02809.verkko_filt_mat.fa:haplotype1_0000023_94161320_94589755_0	0.8899923351378262 1K
NA20538 AV_HG01361#haplotype2#0001322:101872897$102186552$HG02055#2#JAHEPJ010000017.1_24870122_25298560_1	0.8898790371992295 1K
NA20538 AV_HG01361#haplotype2#0001322:101872897$102186552$HG03098#1#JAHEPM010000059.1_16676208_17105596_0	0.8897959477659850 1K
NA20538 AV_HG01361#haplotype2#0001322:101872897$102186552$HG02809.verkko_filt_mat.fa:haplotype1_0000023_94161320_94589755_0	0.8896541679667643 1K
NA20538 HG03710.verkko_filt_mat.fa:haplotype1_0000029_102593394_102907063_0$HG02647.verkko_filt_mat.fa:haplotype1_0000002_103892584_104321036_0	0.8893930888352231 1K
NA20538 HG00438#2#JAHBCA010000012.1_51513023_51826723_0$HG02647.verkko_filt_mat.fa:haplotype1_0000002_103892584_104321036_0	0.8892516586242105 1K
NA20538 HG03098#2#JAHEPL010000003.1_93803759_94117426_0$HG02647.verkko_filt_mat.fa:haplotype1_0000002_103892584_104321036_0	0.8891509664494731 1K
NA20538 HG03098#2#JAHEPL010000003.1_93803759_94117426_0$HG02055#2#JAHEPJ010000017.1_24870122_25298560_1	0.8890837852181247 1K
NA20538 HG03098#1#JAHEPM010000059.1_16676208_17105596_0$HG02293.verkko_filt_mat.fa:haplotype1_0000039_30204405_30517145_1	0.8890798565413103 1K
NA20538 HG00733#1#JAHEPQ010000019.1_46106835_46420495_0$HG02647.verkko_filt_mat.fa:haplotype1_0000002_103892584_104321036_0	0.8890028787621025 1K
NA20538 HG02055#2#JAHEPJ010000017.1_24870122_25298560_1$HG03710.verkko_filt_mat.fa:haplotype1_0000029_102593394_102907063_0	0.8890023127640916 1K
NA20538 HG00438#2#JAHBCA010000012.1_51513023_51826723_0$HG02055#2#JAHEPJ010000017.1_24870122_25298560_1	0.8889821122215029 1K
NA20538 HG03098#2#JAHEPL010000003.1_93803759_94117426_0$HG03098#1#JAHEPM010000059.1_16676208_17105596_0	0.8889802753820223 1K
NA20538 HG03098#1#JAHEPM010000059.1_16676208_17105596_0$HG03710.verkko_filt_mat.fa:haplotype1_0000029_102593394_102907063_0	0.8889324385567868 1K
NA20538 HG03098#1#JAHEPM010000059.1_16676208_17105596_0$HG00733#1#JAHEPQ010000019.1_46106835_46420495_0	0.8888709389003518 1K
NA20538 HG03098#2#JAHEPL010000003.1_93803759_94117426_0$HG02809.verkko_filt_mat.fa:haplotype1_0000023_94161320_94589755_0	0.8888374637187945 1K
NA20538 HG00438#2#JAHBCA010000012.1_51513023_51826723_0$HG03098#1#JAHEPM010000059.1_16676208_17105596_0	0.8887649867049394 1K
NA20538 HG03710.verkko_filt_mat.fa:haplotype1_0000029_102593394_102907063_0$HG02809.verkko_filt_mat.fa:haplotype1_0000023_94161320_94589755_0	0.8887228014811581 1K
NA20538 HG02293.verkko_filt_mat.fa:haplotype1_0000039_30204405_30517145_1$HG02647.verkko_filt_mat.fa:haplotype1_0000002_103892584_104321036_0	0.8887075398426003 1K
NA20538 HG02055#2#JAHEPJ010000017.1_24870122_25298560_1$HG00733#1#JAHEPQ010000019.1_46106835_46420495_0	0.8886766009723505 1K
NA20538 HG00438#2#JAHBCA010000012.1_51513023_51826723_0$HG02809.verkko_filt_mat.fa:haplotype1_0000023_94161320_94589755_0	0.8886675829800537 1K
NA20538 HG00733#1#JAHEPQ010000019.1_46106835_46420495_0$HG02809.verkko_filt_mat.fa:haplotype1_0000023_94161320_94589755_0	0.8884283887123419 1K
NA20538 HG02055#2#JAHEPJ010000017.1_24870122_25298560_1$HG02293.verkko_filt_mat.fa:haplotype1_0000039_30204405_30517145_1	0.8882485334056133 1K
NA20538 HG02293.verkko_filt_mat.fa:haplotype1_0000039_30204405_30517145_1$HG02809.verkko_filt_mat.fa:haplotype1_0000023_94161320_94589755_0	0.8881019183601699 1K
NA20538 HG03098#1#JAHEPM010000059.1_16676208_17105596_0$HG01891#1#JAGYVO010000014.1_22855818_23168577_1	0.8867904939648108 1K
NA20538 HG03098#1#JAHEPM010000059.1_16676208_17105596_0$HG02647.verkko_filt_pat.fa:haplotype2_0000857_103738150_104051769_0	0.8867341748451346 1K
NA20538 HG03579#2#JAGYVT010000094.1_51581892_51895531_0$HG03098#1#JAHEPM010000059.1_16676208_17105596_0	0.8867244012412582 1K
NA20538 AV_HG01361#haplotype2#0001322:101872897$102186552$HG01243#1#JAHEOY010000013.1_90081_424495_0	0.8866452255974290 1K
NA20538 AV_HG01361#haplotype2#0001322:101872897$102186552$HG03492#2#JAHEPH010000288.1_2098270_2432686_1	0.8866249489362101 1K
NA20538 HG03098#1#JAHEPM010000059.1_16676208_17105596_0$HG04228.verkko_filt_pat.fa:haplotype2_0000600_103806749_104119491_0	0.8865997063100216 1K
NA20538 HG02723#1#JAHEOU010000204.1_2102082_2414876_1$HG03098#1#JAHEPM010000059.1_16676208_17105596_0	0.8863610753209779 1K
NA20538 HG01123#2#JAGYYY010000006.1_51579630_51892388_0$HG03098#1#JAHEPM010000059.1_16676208_17105596_0	0.8863233922765531 1K
NA20538 HG03098#1#JAHEPM010000059.1_16676208_17105596_0$HG02109#2#JAHEPF010000078.1_16678387_16991144_0	0.8862994163759041 1K
NA20538 HG02886#2#JAHAOT010000031.1_87393_401061_0$HG01243#1#JAHEOY010000013.1_90081_424495_0	0.8862281302556024 1K
NA20538 HG03492#2#JAHEPH010000288.1_2098270_2432686_1$HG02886#2#JAHAOT010000031.1_87393_401061_0	0.8862078439507135 1K
NA20538 HG01243#1#JAHEOY010000013.1_90081_424495_0$HG03710.verkko_filt_mat.fa:haplotype1_0000029_102593394_102907063_0	0.8861309519492717 1K
NA20538 HG03492#2#JAHEPH010000288.1_2098270_2432686_1$HG03710.verkko_filt_mat.fa:haplotype1_0000029_102593394_102907063_0	0.8861106652705418 1K
NA20538 HG03579#2#JAGYVT010000094.1_51581892_51895531_0$HG02647.verkko_filt_mat.fa:haplotype1_0000002_103892584_104321036_0	0.8859672705153173 1K
NA20538 HG02647.verkko_filt_pat.fa:haplotype2_0000857_103738150_104051769_0$HG02647.verkko_filt_mat.fa:haplotype1_0000002_103892584_104321036_0	0.8859549011179706 1K
NA20538 HG02055#2#JAHEPJ010000017.1_24870122_25298560_1$HG02647.verkko_filt_pat.fa:haplotype2_0000857_103738150_104051769_0	0.8856016102281038 1K
NA20538 HG03579#2#JAGYVT010000094.1_51581892_51895531_0$HG02055#2#JAHEPJ010000017.1_24870122_25298560_1	0.8855475876306286 1K
NA20538 HG03098#2#JAHEPL010000003.1_93803759_94117426_0$HG01243#1#JAHEOY010000013.1_90081_424495_0	0.8855440947453057 1K
NA20538 HG03492#2#JAHEPH010000288.1_2098270_2432686_1$HG03098#2#JAHEPL010000003.1_93803759_94117426_0	0.8854781411618537 1K
NA20538 HG01891#1#JAGYVO010000014.1_22855818_23168577_1$HG02647.verkko_filt_mat.fa:haplotype1_0000002_103892584_104321036_0	0.8854669678340386 1K
NA20538 HG02647.verkko_filt_pat.fa:haplotype2_0000857_103738150_104051769_0$HG02809.verkko_filt_mat.fa:haplotype1_0000023_94161320_94589755_0	0.8853476280732852 1K
NA20538 HG02055#2#JAHEPJ010000017.1_24870122_25298560_1$HG01891#1#JAGYVO010000014.1_22855818_23168577_1	0.8853249159111971 1K
NA20538 HG03579#2#JAGYVT010000094.1_51581892_51895531_0$HG02809.verkko_filt_mat.fa:haplotype1_0000023_94161320_94589755_0	0.8853159443206591 1K
NA20538 HG04228.verkko_filt_pat.fa:haplotype2_0000600_103806749_104119491_0$HG02647.verkko_filt_mat.fa:haplotype1_0000002_103892584_104321036_0	0.8851648371620718 1K
NA20538 HG02723#1#JAHEOU010000204.1_2102082_2414876_1$HG02647.verkko_filt_mat.fa:haplotype1_0000002_103892584_104321036_0	0.8851260039216570 1K
NA20538 HG01891#1#JAGYVO010000014.1_22855818_23168577_1$HG02809.verkko_filt_mat.fa:haplotype1_0000023_94161320_94589755_0	0.8851042977238314 1K
NA20538 HG02055#2#JAHEPJ010000017.1_24870122_25298560_1$HG04228.verkko_filt_pat.fa:haplotype2_0000600_103806749_104119491_0	0.8850561679784745 1K
NA20538 HG01243#1#JAHEOY010000013.1_90081_424495_0$HG00733#1#JAHEPQ010000019.1_46106835_46420495_0	0.8850385002209280 1K
NA20538 HG03492#2#JAHEPH010000288.1_2098270_2432686_1$HG00733#1#JAHEPQ010000019.1_46106835_46420495_0	0.8850181845115760 1K
NA20538 HG01123#2#JAGYYY010000006.1_51579630_51892388_0$HG02647.verkko_filt_mat.fa:haplotype1_0000002_103892584_104321036_0	0.8849876364040664 1K
NA20538 HG02109#2#JAHEPF010000078.1_16678387_16991144_0$HG02647.verkko_filt_mat.fa:haplotype1_0000002_103892584_104321036_0	0.8848652741192473 1K
NA20538 HG02723#1#JAHEOU010000204.1_2102082_2414876_1$HG02055#2#JAHEPJ010000017.1_24870122_25298560_1	0.8848622990177698 1K
NA20538 HG01123#2#JAGYYY010000006.1_51579630_51892388_0$HG02055#2#JAHEPJ010000017.1_24870122_25298560_1	0.8848338544505566 1K
NA20538 HG02055#2#JAHEPJ010000017.1_24870122_25298560_1$HG02109#2#JAHEPF010000078.1_16678387_16991144_0	0.8847797957683952 1K
NA20538 HG00438#2#JAHBCA010000012.1_51513023_51826723_0$HG01243#1#JAHEOY010000013.1_90081_424495_0	0.8847416894397081 1K
NA20538 HG04228.verkko_filt_pat.fa:haplotype2_0000600_103806749_104119491_0$HG02809.verkko_filt_mat.fa:haplotype1_0000023_94161320_94589755_0	0.8847028685996192 1K
NA20538 HG02723#1#JAHEOU010000204.1_2102082_2414876_1$HG02809.verkko_filt_mat.fa:haplotype1_0000023_94161320_94589755_0	0.8846974177396880 1K
NA20538 HG03492#2#JAHEPH010000288.1_2098270_2432686_1$HG00438#2#JAHBCA010000012.1_51513023_51826723_0	0.8846909093033873 1K
NA20538 HG01123#2#JAGYYY010000006.1_51579630_51892388_0$HG02809.verkko_filt_mat.fa:haplotype1_0000023_94161320_94589755_0	0.8846125164229112 1K
NA20538 HG02109#2#JAHEPF010000078.1_16678387_16991144_0$HG02809.verkko_filt_mat.fa:haplotype1_0000023_94161320_94589755_0	0.8845274081382761 1K
NA20538 HG01243#1#JAHEOY010000013.1_90081_424495_0$HG02293.verkko_filt_mat.fa:haplotype1_0000039_30204405_30517145_1	0.8844120020234315 1K
NA20538 HG03492#2#JAHEPH010000288.1_2098270_2432686_1$HG02293.verkko_filt_mat.fa:haplotype1_0000039_30204405_30517145_1	0.8843307147789035 1K
NA20538 HG03492#2#JAHEPH010000288.1_2098270_2432686_1$HG02647.verkko_filt_pat.fa:haplotype2_0000857_103738150_104051769_0	0.8805845810511128 1K
NA20538 HG01243#1#JAHEOY010000013.1_90081_424495_0$HG02647.verkko_filt_pat.fa:haplotype2_0000857_103738150_104051769_0	0.8805597003596799 1K
NA20538 HG03492#2#JAHEPH010000288.1_2098270_2432686_1$HG03579#2#JAGYVT010000094.1_51581892_51895531_0	0.8804767148982005 1K
NA20538 HG03579#2#JAGYVT010000094.1_51581892_51895531_0$HG01243#1#JAHEOY010000013.1_90081_424495_0	0.8804217197885827 1K
NA20538 HG01243#1#JAHEOY010000013.1_90081_424495_0$HG04228.verkko_filt_pat.fa:haplotype2_0000600_103806749_104119491_0	0.8802442970071170 1K
NA20538 HG03492#2#JAHEPH010000288.1_2098270_2432686_1$HG04228.verkko_filt_pat.fa:haplotype2_0000600_103806749_104119491_0	0.8802390143925312 1K
NA20538 HG01243#1#JAHEOY010000013.1_90081_424495_0$HG02109#2#JAHEPF010000078.1_16678387_16991144_0	0.8802370179999764 1K
NA20538 HG03492#2#JAHEPH010000288.1_2098270_2432686_1$HG02109#2#JAHEPF010000078.1_16678387_16991144_0	0.8802015797378221 1K
NA20538 HG02723#1#JAHEOU010000204.1_2102082_2414876_1$HG01243#1#JAHEOY010000013.1_90081_424495_0	0.8801862111169132 1K
NA20538 HG01243#1#JAHEOY010000013.1_90081_424495_0$HG01891#1#JAGYVO010000014.1_22855818_23168577_1	0.8801551058117963 1K
NA20538 HG02723#1#JAHEOU010000204.1_2102082_2414876_1$HG03492#2#JAHEPH010000288.1_2098270_2432686_1	0.8801054723234527 1K
NA20538 HG03492#2#JAHEPH010000288.1_2098270_2432686_1$HG01891#1#JAGYVO010000014.1_22855818_23168577_1	0.8800744365983353 1K
NA20538 HG01123#2#JAGYYY010000006.1_51579630_51892388_0$HG01243#1#JAHEOY010000013.1_90081_424495_0	0.8797395592274302 1K
NA20538 HG03492#2#JAHEPH010000288.1_2098270_2432686_1$HG01123#2#JAGYYY010000006.1_51579630_51892388_0	0.8797342832522441 1K
NA20538 AV_HG01361#haplotype2#0001322:101872897$102186552$HG03710.verkko_filt_mat.fa:haplotype1_0000029_102593394_102907063_0	0.8261024114240247 1K
NA20538 HG02886#2#JAHAOT010000031.1_87393_401061_0$HG03710.verkko_filt_mat.fa:haplotype1_0000029_102593394_102907063_0	0.8259411807322748 1K
NA20538 AV_HG01361#haplotype2#0001322:101872897$102186552$HG03098#2#JAHEPL010000003.1_93803759_94117426_0	0.8258872443384833 1K
NA20538 HG03098#2#JAHEPL010000003.1_93803759_94117426_0$HG02886#2#JAHAOT010000031.1_87393_401061_0	0.8257575233361687 1K
NA20538 AV_HG01361#haplotype2#0001322:101872897$102186552$HG02109#2#JAHEPF010000078.1_16678387_16991144_0	0.8257102837317877 1K
NA20538 AV_HG01361#haplotype2#0001322:101872897$102186552$HG01891#1#JAGYVO010000014.1_22855818_23168577_1	0.8256868417085661 1K
NA20538 AV_HG01361#haplotype2#0001322:101872897$102186552$HG02647.verkko_filt_pat.fa:haplotype2_0000857_103738150_104051769_0	0.8255725891528070 1K
NA20538 AV_HG01361#haplotype2#0001322:101872897$102186552$HG03579#2#JAGYVT010000094.1_51581892_51895531_0	0.8255543986031502 1K
NA20538 HG02886#2#JAHAOT010000031.1_87393_401061_0$HG02109#2#JAHEPF010000078.1_16678387_16991144_0	0.8254386658185257 1K
NA20538 HG02886#2#JAHAOT010000031.1_87393_401061_0$HG02293.verkko_filt_mat.fa:haplotype1_0000039_30204405_30517145_1	0.8254210066178409 1K
NA20538 AV_HG01361#haplotype2#0001322:101872897$102186552$HG02293.verkko_filt_mat.fa:haplotype1_0000039_30204405_30517145_1	0.8253737463094019 1K
NA20538 AV_HG01361#haplotype2#0001322:101872897$102186552$HG00733#1#JAHEPQ010000019.1_46106835_46420495_0	0.8253674885898686 1K
NA20538 HG01891#1#JAGYVO010000014.1_22855818_23168577_1$HG03710.verkko_filt_mat.fa:haplotype1_0000029_102593394_102907063_0	0.8253626697292872 1K
NA20538 AV_HG01361#haplotype2#0001322:101872897$102186552$HG02723#1#JAHEOU010000204.1_2102082_2414876_1	0.8253343595656590 1K
NA20538 AV_HG01361#haplotype2#0001322:101872897$102186552$HG02886#2#JAHAOT010000031.1_87393_401061_0	0.8253277571627250 1K
NA20538 HG02723#1#JAHEOU010000204.1_2102082_2414876_1$HG02886#2#JAHAOT010000031.1_87393_401061_0	0.8252875687994030 1K
NA20538 HG02886#2#JAHAOT010000031.1_87393_401061_0$HG01891#1#JAGYVO010000014.1_22855818_23168577_1	0.8252387897044442 1K
NA20538 HG02886#2#JAHAOT010000031.1_87393_401061_0$HG00733#1#JAHEPQ010000019.1_46106835_46420495_0	0.8252072323495970 1K
NA20538 HG04228.verkko_filt_pat.fa:haplotype2_0000600_103806749_104119491_0$HG03710.verkko_filt_mat.fa:haplotype1_0000029_102593394_102907063_0	0.8252001864246002 1K
NA20538 AV_HG01361#haplotype2#0001322:101872897$102186552$HG01123#2#JAGYYY010000006.1_51579630_51892388_0	0.8251947157379286 1K
NA20538 AV_HG01361#haplotype2#0001322:101872897$102186552$HG00438#2#JAHBCA010000012.1_51513023_51826723_0	0.8251861583957261 1K
NA20538 HG03098#2#JAHEPL010000003.1_93803759_94117426_0$HG03710.verkko_filt_mat.fa:haplotype1_0000029_102593394_102907063_0	0.8251176560749148 1K
NA20538 HG02886#2#JAHAOT010000031.1_87393_401061_0$HG04228.verkko_filt_pat.fa:haplotype2_0000600_103806749_104119491_0	0.8251083778834915 1K
NA20538 HG01123#2#JAGYYY010000006.1_51579630_51892388_0$HG02886#2#JAHAOT010000031.1_87393_401061_0	0.8250523972694469 1K
NA20538 AV_HG01361#haplotype2#0001322:101872897$102186552$HG04228.verkko_filt_pat.fa:haplotype2_0000600_103806749_104119491_0	0.8250273000742195 1K
NA20538 HG02886#2#JAHAOT010000031.1_87393_401061_0$HG02647.verkko_filt_pat.fa:haplotype2_0000857_103738150_104051769_0	0.8249962886393252 1K
NA20538 HG03579#2#JAGYVT010000094.1_51581892_51895531_0$HG02886#2#JAHAOT010000031.1_87393_401061_0	0.8249621218612798 1K
NA20538 HG03098#2#JAHEPL010000003.1_93803759_94117426_0$HG02293.verkko_filt_mat.fa:haplotype1_0000039_30204405_30517145_1	0.8249608272417605 1K
NA20538 HG03098#2#JAHEPL010000003.1_93803759_94117426_0$HG00733#1#JAHEPQ010000019.1_46106835_46420495_0	0.8248905913158201 1K
NA20538 HG02109#2#JAHEPF010000078.1_16678387_16991144_0$HG03710.verkko_filt_mat.fa:haplotype1_0000029_102593394_102907063_0	0.8248414062103141 1K
NA20538 HG03710.verkko_filt_mat.fa:haplotype1_0000029_102593394_102907063_0$HG02647.verkko_filt_pat.fa:haplotype2_0000857_103738150_104051769_0	0.8248158672737580 1K
NA20538 HG03710.verkko_filt_mat.fa:haplotype1_0000029_102593394_102907063_0$HG02293.verkko_filt_mat.fa:haplotype1_0000039_30204405_30517145_1	0.8248096771901391 1K
NA20538 HG03579#2#JAGYVT010000094.1_51581892_51895531_0$HG03710.verkko_filt_mat.fa:haplotype1_0000029_102593394_102907063_0	0.8247978072501854 1K
NA20538 HG03098#2#JAHEPL010000003.1_93803759_94117426_0$HG04228.verkko_filt_pat.fa:haplotype2_0000600_103806749_104119491_0	0.8247904873401217 1K
NA20538 HG02723#1#JAHEOU010000204.1_2102082_2414876_1$HG03710.verkko_filt_mat.fa:haplotype1_0000029_102593394_102907063_0	0.8247854319713271 1K
NA20538 HG00438#2#JAHBCA010000012.1_51513023_51826723_0$HG02886#2#JAHAOT010000031.1_87393_401061_0	0.8246900236638555 1K
NA20538 HG03098#2#JAHEPL010000003.1_93803759_94117426_0$HG01891#1#JAGYVO010000014.1_22855818_23168577_1	0.8246648899671664 1K
NA20538 HG01123#2#JAGYYY010000006.1_51579630_51892388_0$HG03710.verkko_filt_mat.fa:haplotype1_0000029_102593394_102907063_0	0.8245648042288753 1K
NA20538 HG01123#2#JAGYYY010000006.1_51579630_51892388_0$HG03098#2#JAHEPL010000003.1_93803759_94117426_0	0.8245563275914968 1K
NA20538 HG02723#1#JAHEOU010000204.1_2102082_2414876_1$HG03098#2#JAHEPL010000003.1_93803759_94117426_0	0.8245044927026182 1K
NA20538 HG03098#2#JAHEPL010000003.1_93803759_94117426_0$HG02647.verkko_filt_pat.fa:haplotype2_0000857_103738150_104051769_0	0.8244235917938817 1K
NA20538 HG00438#2#JAHBCA010000012.1_51513023_51826723_0$HG03710.verkko_filt_mat.fa:haplotype1_0000029_102593394_102907063_0	0.8244156399530407 1K
NA20538 HG03579#2#JAGYVT010000094.1_51581892_51895531_0$HG03098#2#JAHEPL010000003.1_93803759_94117426_0	0.8243737264592472 1K
NA20538 HG02109#2#JAHEPF010000078.1_16678387_16991144_0$HG00733#1#JAHEPQ010000019.1_46106835_46420495_0	0.8242859534616894 1K
NA20538 HG03098#2#JAHEPL010000003.1_93803759_94117426_0$HG02109#2#JAHEPF010000078.1_16678387_16991144_0	0.8242733723164343 1K
NA20538 HG00733#1#JAHEPQ010000019.1_46106835_46420495_0$HG03710.verkko_filt_mat.fa:haplotype1_0000029_102593394_102907063_0	0.8241966545358999 1K
NA20538 HG00438#2#JAHBCA010000012.1_51513023_51826723_0$HG02109#2#JAHEPF010000078.1_16678387_16991144_0	0.8241638370269009 1K
NA20538 HG03098#2#JAHEPL010000003.1_93803759_94117426_0$HG00438#2#JAHBCA010000012.1_51513023_51826723_0	0.8241369217459905 1K
NA20538 HG00733#1#JAHEPQ010000019.1_46106835_46420495_0$HG01891#1#JAGYVO010000014.1_22855818_23168577_1	0.8241019125340235 1K
NA20538 HG02647.verkko_filt_pat.fa:haplotype2_0000857_103738150_104051769_0$HG02293.verkko_filt_mat.fa:haplotype1_0000039_30204405_30517145_1	0.8239278867925937 1K
NA20538 HG03579#2#JAGYVT010000094.1_51581892_51895531_0$HG02293.verkko_filt_mat.fa:haplotype1_0000039_30204405_30517145_1	0.8238775803346780 1K
NA20538 HG02109#2#JAHEPF010000078.1_16678387_16991144_0$HG02293.verkko_filt_mat.fa:haplotype1_0000039_30204405_30517145_1	0.8238572042882192 1K
NA20538 HG00438#2#JAHBCA010000012.1_51513023_51826723_0$HG01891#1#JAGYVO010000014.1_22855818_23168577_1	0.8238353669606783 1K
NA20538 HG01891#1#JAGYVO010000014.1_22855818_23168577_1$HG02293.verkko_filt_mat.fa:haplotype1_0000039_30204405_30517145_1	0.8238335109006938 1K
NA20538 HG00733#1#JAHEPQ010000019.1_46106835_46420495_0$HG02647.verkko_filt_pat.fa:haplotype2_0000857_103738150_104051769_0	0.8237619884951455 1K
NA20538 HG03579#2#JAGYVT010000094.1_51581892_51895531_0$HG00733#1#JAHEPQ010000019.1_46106835_46420495_0	0.8236955570728484 1K
NA20538 HG00438#2#JAHBCA010000012.1_51513023_51826723_0$HG02647.verkko_filt_pat.fa:haplotype2_0000857_103738150_104051769_0	0.8234178545750320 1K
NA20538 HG03579#2#JAGYVT010000094.1_51581892_51895531_0$HG00438#2#JAHBCA010000012.1_51513023_51826723_0	0.8233999758649873 1K
NA20538 HG02723#1#JAHEOU010000204.1_2102082_2414876_1$HG02293.verkko_filt_mat.fa:haplotype1_0000039_30204405_30517145_1	0.8228388429964032 1K
NA20538 HG02723#1#JAHEOU010000204.1_2102082_2414876_1$HG00733#1#JAHEPQ010000019.1_46106835_46420495_0	0.8222878885397589 1K
NA20538 HG02723#1#JAHEOU010000204.1_2102082_2414876_1$HG00438#2#JAHBCA010000012.1_51513023_51826723_0	0.8222511974478895 1K
NA20538 HG00438#2#JAHBCA010000012.1_51513023_51826723_0$HG02293.verkko_filt_mat.fa:haplotype1_0000039_30204405_30517145_1	0.8222200763327631 1K
NA20538 HG00438#2#JAHBCA010000012.1_51513023_51826723_0$HG04228.verkko_filt_pat.fa:haplotype2_0000600_103806749_104119491_0	0.8221368966353311 1K
NA20538 HG00733#1#JAHEPQ010000019.1_46106835_46420495_0$HG04228.verkko_filt_pat.fa:haplotype2_0000600_103806749_104119491_0	0.8217415067259192 1K
NA20538 HG00733#1#JAHEPQ010000019.1_46106835_46420495_0$HG02293.verkko_filt_mat.fa:haplotype1_0000039_30204405_30517145_1	0.8216485744987752 1K
NA20538 HG04228.verkko_filt_pat.fa:haplotype2_0000600_103806749_104119491_0$HG02293.verkko_filt_mat.fa:haplotype1_0000039_30204405_30517145_1	0.8214619817558658 1K
NA20538 HG01123#2#JAGYYY010000006.1_51579630_51892388_0$HG02293.verkko_filt_mat.fa:haplotype1_0000039_30204405_30517145_1	0.8211420788106223 1K
NA20538 HG00438#2#JAHBCA010000012.1_51513023_51826723_0$HG00733#1#JAHEPQ010000019.1_46106835_46420495_0	0.8200423225199437 1K
NA20538 HG01123#2#JAGYYY010000006.1_51579630_51892388_0$HG00438#2#JAHBCA010000012.1_51513023_51826723_0	0.8198426600772279 1K
NA20538 HG01123#2#JAGYYY010000006.1_51579630_51892388_0$HG00733#1#JAHEPQ010000019.1_46106835_46420495_0	0.8195712736259589 1K
NA20538 HG02109#2#JAHEPF010000078.1_16678387_16991144_0$HG02647.verkko_filt_pat.fa:haplotype2_0000857_103738150_104051769_0	0.8194924334947440 1K
NA20538 HG03579#2#JAGYVT010000094.1_51581892_51895531_0$HG02109#2#JAHEPF010000078.1_16678387_16991144_0	0.8194598006072922 1K
NA20538 HG04228.verkko_filt_pat.fa:haplotype2_0000600_103806749_104119491_0$HG02647.verkko_filt_pat.fa:haplotype2_0000857_103738150_104051769_0	0.8194583760414169 1K
NA20538 HG03579#2#JAGYVT010000094.1_51581892_51895531_0$HG04228.verkko_filt_pat.fa:haplotype2_0000600_103806749_104119491_0	0.8193779592733395 1K
NA20538 HG02723#1#JAHEOU010000204.1_2102082_2414876_1$HG02647.verkko_filt_pat.fa:haplotype2_0000857_103738150_104051769_0	0.8193025205589507 1K
NA20538 HG02723#1#JAHEOU010000204.1_2102082_2414876_1$HG03579#2#JAGYVT010000094.1_51581892_51895531_0	0.8192539088967220 1K
NA20538 HG01891#1#JAGYVO010000014.1_22855818_23168577_1$HG04228.verkko_filt_pat.fa:haplotype2_0000600_103806749_104119491_0	0.8190601470641546 1K
NA20538 HG01123#2#JAGYYY010000006.1_51579630_51892388_0$HG02647.verkko_filt_pat.fa:haplotype2_0000857_103738150_104051769_0	0.8190395159608743 1K
NA20538 HG01123#2#JAGYYY010000006.1_51579630_51892388_0$HG03579#2#JAGYVT010000094.1_51581892_51895531_0	0.8189906313858134 1K
NA20538 HG02109#2#JAHEPF010000078.1_16678387_16991144_0$HG01891#1#JAGYVO010000014.1_22855818_23168577_1	0.8189680421120561 1K
NA20538 HG02109#2#JAHEPF010000078.1_16678387_16991144_0$HG04228.verkko_filt_pat.fa:haplotype2_0000600_103806749_104119491_0	0.8189131268897756 1K
NA20538 HG02723#1#JAHEOU010000204.1_2102082_2414876_1$HG02109#2#JAHEPF010000078.1_16678387_16991144_0	0.8188526079502239 1K
NA20538 HG01123#2#JAGYYY010000006.1_51579630_51892388_0$HG02109#2#JAHEPF010000078.1_16678387_16991144_0	0.8187312963011776 1K
NA20538 HG01123#2#JAGYYY010000006.1_51579630_51892388_0$HG01891#1#JAGYVO010000014.1_22855818_23168577_1	0.8186725852461761 1K
NA20538 HG02723#1#JAHEOU010000204.1_2102082_2414876_1$HG01891#1#JAGYVO010000014.1_22855818_23168577_1	0.8186667209324795 1K
NA20538 HG01891#1#JAGYVO010000014.1_22855818_23168577_1$HG02647.verkko_filt_pat.fa:haplotype2_0000857_103738150_104051769_0	0.8185158497320913 1K
NA20538 HG03579#2#JAGYVT010000094.1_51581892_51895531_0$HG01891#1#JAGYVO010000014.1_22855818_23168577_1	0.8184993223220299 1K
NA20538 HG02723#1#JAHEOU010000204.1_2102082_2414876_1$HG04228.verkko_filt_pat.fa:haplotype2_0000600_103806749_104119491_0	0.8181209104968753 1K
NA20538 HG02723#1#JAHEOU010000204.1_2102082_2414876_1$HG01123#2#JAGYYY010000006.1_51579630_51892388_0	0.8167819495900983 1K
NA20538 HG03579#2#JAGYVT010000094.1_51581892_51895531_0$HG02647.verkko_filt_pat.fa:haplotype2_0000857_103738150_104051769_0	0.8165376280393470 1K
NA20538 HG01123#2#JAGYYY010000006.1_51579630_51892388_0$HG04228.verkko_filt_pat.fa:haplotype2_0000600_103806749_104119491_0	0.8163369097622560 1K
