VK61 AV_HG01106#haplotype1#0000048:16666181_17262214$chr1_chm13_103304997_103901127_0	0.0926642014828944 Allentoft
VK61 AV_HG01106#haplotype1#0000048:16666181_17262214$HG02004.verkko_filt_pat.fa:haplotype2_0000813_139386576_140076845_1	0.0922588496023305 Allentoft
VK61 chr1_chm13_103304997_103901127_0$HG02004.verkko_filt_pat.fa:haplotype2_0000813_139386576_140076845_1	0.0921905297048660 Allentoft
VK61 AV_HG01106#haplotype1#0000048:16666181_17262214$HG02486#1#JAGYVM010000007.1_28868414_29370339_1	0.0915970790062470 Allentoft
VK61 AV_HG01106#haplotype1#0000048:16666181_17262214$HG03710.verkko_filt_pat.fa:haplotype2_0000488_101614437_102218208_0	0.0915752939240918 Allentoft
VK61 chr1_chm13_103304997_103901127_0$HG03710.verkko_filt_pat.fa:haplotype2_0000488_101614437_102218208_0	0.0915344682011949 Allentoft
VK61 AV_HG01106#haplotype1#0000048:16666181_17262214$HG01099.verkko_filt_pat.fa:haplotype2_0000583_143544270_144046196_1	0.0915264822831338 Allentoft
VK61 HG02486#1#JAGYVM010000007.1_28868414_29370339_1$chr1_chm13_103304997_103901127_0	0.0915259440044668 Allentoft
VK61 AV_HG01106#haplotype1#0000048:16666181_17262214$HG03540#1#JAGYVY010000208.1_95187_596142_0	0.0915041516963555 Allentoft
VK61 chr1_chm13_103304997_103901127_0$HG01099.verkko_filt_pat.fa:haplotype2_0000583_143544270_144046196_1	0.0914450411753549 Allentoft
VK61 HG03540#1#JAGYVY010000208.1_95187_596142_0$chr1_chm13_103304997_103901127_0	0.0914326961765927 Allentoft
VK61 AV_HG01106#haplotype1#0000048:16666181_17262214$AV_HG01106#haplotype2#0000932:16673968_17175925	0.0913739917339033 Allentoft
VK61 AV_HG01106#haplotype1#0000048:16666181_17262214$HG01978#1#JAGYVS010000002.1_51519970_52021951_0	0.0913271629831952 Allentoft
VK61 AV_HG01106#haplotype2#0000932:16673968_17175925$chr1_chm13_103304997_103901127_0	0.0912929566507965 Allentoft
VK61 AV_HG01106#haplotype1#0000048:16666181_17262214$HG02080#2#JAHEOV010000017.1_16662177_17164189_0	0.0912685280125107 Allentoft
VK61 AV_HG01106#haplotype1#0000048:16666181_17262214$HG00621#1#JAHBCD010000034.1_2122997_2624098_1	0.0912559875899376 Allentoft
VK61 AV_HG00673#haplotype1#0000019:16627360_17129375$AV_HG01106#haplotype1#0000048:16666181_17262214	0.0912513196041642 Allentoft
VK61 HG01978#1#JAGYVS010000002.1_51519970_52021951_0$chr1_chm13_103304997_103901127_0	0.0912433190091525 Allentoft
VK61 AV_HG01106#haplotype1#0000048:16666181_17262214$NA18906#2#JAHEON010000009.1_93748295_94249275_0	0.0912362281674162 Allentoft
VK61 AV_HG01106#haplotype1#0000048:16666181_17262214$HG02293.verkko_filt_pat.fa:haplotype2_0000836_148310532_148812524_1	0.0912158663067072 Allentoft
VK61 AV_HG01106#haplotype1#0000048:16666181_17262214$HG02071.verkko_filt_pat.fa:haplotype2_0000736_102745972_103248026_0	0.0911992201885078 Allentoft
VK61 AV_HG01106#haplotype1#0000048:16666181_17262214$HG04228.verkko_filt_mat.fa:haplotype1_0000023_103429213_103930285_0	0.0911986876631940 Allentoft
VK61 NA18906#2#JAHEON010000009.1_93748295_94249275_0$chr1_chm13_103304997_103901127_0	0.0911920290434400 Allentoft
VK61 HG02080#2#JAHEOV010000017.1_16662177_17164189_0$chr1_chm13_103304997_103901127_0	0.0911803212504645 Allentoft
VK61 HG00621#1#JAHBCD010000034.1_2122997_2624098_1$chr1_chm13_103304997_103901127_0	0.0911691471262373 Allentoft
VK61 AV_HG00673#haplotype1#0000019:16627360_17129375$chr1_chm13_103304997_103901127_0	0.0911591737003294 Allentoft
VK61 AV_HG01106#haplotype1#0000048:16666181_17262214$HG01071#1#JAHBCF010000053.1_26607100_27108065_1	0.0911390747909951 Allentoft
VK61 chr1_chm13_103304997_103901127_0$HG02293.verkko_filt_pat.fa:haplotype2_0000836_148310532_148812524_1	0.0911267494530524 Allentoft
VK61 chr1_chm13_103304997_103901127_0$HG04228.verkko_filt_mat.fa:haplotype1_0000023_103429213_103930285_0	0.0911141346129601 Allentoft
VK61 chr1_chm13_103304997_103901127_0$HG02071.verkko_filt_pat.fa:haplotype2_0000736_102745972_103248026_0	0.0911024539602589 Allentoft
VK61 HG01071#1#JAHBCF010000053.1_26607100_27108065_1$chr1_chm13_103304997_103901127_0	0.0910971513243973 Allentoft
VK61 HG02004.verkko_filt_pat.fa:haplotype2_0000813_139386576_140076845_1$HG03710.verkko_filt_pat.fa:haplotype2_0000488_101614437_102218208_0	0.0910530123069151 Allentoft
VK61 HG02486#1#JAGYVM010000007.1_28868414_29370339_1$HG02004.verkko_filt_pat.fa:haplotype2_0000813_139386576_140076845_1	0.0909668630824683 Allentoft
VK61 HG02004.verkko_filt_pat.fa:haplotype2_0000813_139386576_140076845_1$HG01099.verkko_filt_pat.fa:haplotype2_0000583_143544270_144046196_1	0.0908826890935815 Allentoft
VK61 HG03540#1#JAGYVY010000208.1_95187_596142_0$HG02004.verkko_filt_pat.fa:haplotype2_0000813_139386576_140076845_1	0.0908755753702927 Allentoft
VK61 AV_HG01106#haplotype1#0000048:16666181_17262214$HG03927.verkko_filt_pat.fa:haplotype2_0000800_29002142_29504057_1	0.0907778528522275 Allentoft
VK61 AV_HG01106#haplotype2#0000932:16673968_17175925$HG02004.verkko_filt_pat.fa:haplotype2_0000813_139386576_140076845_1	0.0907344374116526 Allentoft
VK61 HG01978#1#JAGYVS010000002.1_51519970_52021951_0$HG02004.verkko_filt_pat.fa:haplotype2_0000813_139386576_140076845_1	0.0907187086165618 Allentoft
VK61 chr1_chm13_103304997_103901127_0$HG03927.verkko_filt_pat.fa:haplotype2_0000800_29002142_29504057_1	0.0906922675538904 Allentoft
VK61 NA18906#2#JAHEON010000009.1_93748295_94249275_0$HG02004.verkko_filt_pat.fa:haplotype2_0000813_139386576_140076845_1	0.0906207287772614 Allentoft
VK61 AV_HG01106#haplotype1#0000048:16666181_17262214$HG03540#2#JAGYVX010000148.1_1368955_1877115_0	0.0906013943961959 Allentoft
VK61 HG02080#2#JAHEOV010000017.1_16662177_17164189_0$HG02004.verkko_filt_pat.fa:haplotype2_0000813_139386576_140076845_1	0.0905948685261643 Allentoft
VK61 HG00621#1#JAHBCD010000034.1_2122997_2624098_1$HG02004.verkko_filt_pat.fa:haplotype2_0000813_139386576_140076845_1	0.0905752993736798 Allentoft
VK61 AV_HG00673#haplotype1#0000019:16627360_17129375$HG02004.verkko_filt_pat.fa:haplotype2_0000813_139386576_140076845_1	0.0905725607041710 Allentoft
VK61 HG01071#1#JAHBCF010000053.1_26607100_27108065_1$HG02004.verkko_filt_pat.fa:haplotype2_0000813_139386576_140076845_1	0.0905525092344400 Allentoft
VK61 HG04228.verkko_filt_mat.fa:haplotype1_0000023_103429213_103930285_0$HG02004.verkko_filt_pat.fa:haplotype2_0000813_139386576_140076845_1	0.0905487056657306 Allentoft
VK61 HG03540#2#JAGYVX010000148.1_1368955_1877115_0$chr1_chm13_103304997_103901127_0	0.0905166679161114 Allentoft
VK61 HG02004.verkko_filt_pat.fa:haplotype2_0000813_139386576_140076845_1$HG02293.verkko_filt_pat.fa:haplotype2_0000836_148310532_148812524_1	0.0905102904736306 Allentoft
VK61 HG02004.verkko_filt_pat.fa:haplotype2_0000813_139386576_140076845_1$HG02071.verkko_filt_pat.fa:haplotype2_0000736_102745972_103248026_0	0.0905091192531703 Allentoft
VK61 AV_HG01106#haplotype1#0000048:16666181_17262214$HG01258#1#JAGYYV010000004.1_56955948_57456952_1	0.0904428290491992 Allentoft
VK61 HG01258#1#JAGYYV010000004.1_56955948_57456952_1$chr1_chm13_103304997_103901127_0	0.0904030257854267 Allentoft
VK61 HG02004.verkko_filt_pat.fa:haplotype2_0000813_139386576_140076845_1$HG03927.verkko_filt_pat.fa:haplotype2_0000800_29002142_29504057_1	0.0901120144008388 Allentoft
VK61 AV_HG01106#haplotype1#0000048:16666181_17262214$HG03492#2#JAHEPH010000288.1_2098270_2432686_1	0.0899370215384086 Allentoft
VK61 AV_HG01106#haplotype1#0000048:16666181_17262214$HG01243#1#JAHEOY010000013.1_90081_424495_0	0.0899295000743422 Allentoft
VK61 HG03540#2#JAGYVX010000148.1_1368955_1877115_0$HG02004.verkko_filt_pat.fa:haplotype2_0000813_139386576_140076845_1	0.0899165086425943 Allentoft
VK61 HG01978#1#JAGYVS010000002.1_51519970_52021951_0$HG03710.verkko_filt_pat.fa:haplotype2_0000488_101614437_102218208_0	0.0899082162037735 Allentoft
VK61 AV_HG01106#haplotype2#0000932:16673968_17175925$HG03710.verkko_filt_pat.fa:haplotype2_0000488_101614437_102218208_0	0.0898977582453364 Allentoft
VK61 HG03492#2#JAHEPH010000288.1_2098270_2432686_1$chr1_chm13_103304997_103901127_0	0.0898905955812006 Allentoft
VK61 HG01243#1#JAHEOY010000013.1_90081_424495_0$chr1_chm13_103304997_103901127_0	0.0898817606904641 Allentoft
VK61 HG01258#1#JAGYYV010000004.1_56955948_57456952_1$HG02004.verkko_filt_pat.fa:haplotype2_0000813_139386576_140076845_1	0.0898570996776160 Allentoft
VK61 HG02080#2#JAHEOV010000017.1_16662177_17164189_0$HG03710.verkko_filt_pat.fa:haplotype2_0000488_101614437_102218208_0	0.0898039276625715 Allentoft
VK61 HG00621#1#JAHBCD010000034.1_2122997_2624098_1$HG03710.verkko_filt_pat.fa:haplotype2_0000488_101614437_102218208_0	0.0897757214342688 Allentoft
VK61 AV_HG00673#haplotype1#0000019:16627360_17129375$HG03710.verkko_filt_pat.fa:haplotype2_0000488_101614437_102218208_0	0.0897750864648593 Allentoft
VK61 HG03710.verkko_filt_pat.fa:haplotype2_0000488_101614437_102218208_0$HG02293.verkko_filt_pat.fa:haplotype2_0000836_148310532_148812524_1	0.0897387886257383 Allentoft
VK61 HG03710.verkko_filt_pat.fa:haplotype2_0000488_101614437_102218208_0$HG02071.verkko_filt_pat.fa:haplotype2_0000736_102745972_103248026_0	0.0897247128579922 Allentoft
VK61 HG04228.verkko_filt_mat.fa:haplotype1_0000023_103429213_103930285_0$HG03710.verkko_filt_pat.fa:haplotype2_0000488_101614437_102218208_0	0.0897117842066846 Allentoft
VK61 HG02486#1#JAGYVM010000007.1_28868414_29370339_1$HG03710.verkko_filt_pat.fa:haplotype2_0000488_101614437_102218208_0	0.0896944280445499 Allentoft
VK61 HG03710.verkko_filt_pat.fa:haplotype2_0000488_101614437_102218208_0$HG01099.verkko_filt_pat.fa:haplotype2_0000583_143544270_144046196_1	0.0896521566613499 Allentoft
VK61 HG03540#1#JAGYVY010000208.1_95187_596142_0$HG03710.verkko_filt_pat.fa:haplotype2_0000488_101614437_102218208_0	0.0896301587068140 Allentoft
VK61 AV_HG01106#haplotype1#0000048:16666181_17262214$HG02080#1#JAHEOW010000048.1_16689583_17097287_0	0.0895016211275149 Allentoft
VK61 AV_HG01106#haplotype1#0000048:16666181_17262214$HG02300.verkko_filt_mat.fa:haplotype1_0000028_144052837_144460586_1	0.0894982311072070 Allentoft
VK61 AV_HG01106#haplotype1#0000048:16666181_17262214$HG01099.verkko_filt_mat.fa:haplotype1_0000034_142513097_142920876_1	0.0894960902402116 Allentoft
VK61 AV_HG01106#haplotype1#0000048:16666181_17262214$NA18906#1#JAHEOO010000054.1_2103477_2510435_1	0.0894898469222246 Allentoft
VK61 AV_HG01106#haplotype1#0000048:16666181_17262214$AV_HG01361#haplotype1#0000023:101593539_102001341	0.0894873499608568 Allentoft
VK61 AV_HG01106#haplotype1#0000048:16666181_17262214$HG02630#1#JAHAOQ010000102.1_16672145_17079089_0	0.0894832482637474 Allentoft
VK61 AV_HG01106#haplotype1#0000048:16666181_17262214$HG02486#2#JAGYVL010000029.1_94163344_94570162_0	0.0894675600195664 Allentoft
VK61 AV_HG01106#haplotype1#0000048:16666181_17262214$HG02717#1#JAHAOS010000015.1_16660311_17067250_0	0.0894652431374845 Allentoft
VK61 AV_HG00673#haplotype2#0001165:24014011_24421797$AV_HG01106#haplotype1#0000048:16666181_17262214	0.0894598971734198 Allentoft
VK61 HG01978#1#JAGYVS010000002.1_51519970_52021951_0$HG02486#1#JAGYVM010000007.1_28868414_29370339_1	0.0894477832019845 Allentoft
VK61 AV_HG01106#haplotype2#0000932:16673968_17175925$HG02486#1#JAGYVM010000007.1_28868414_29370339_1	0.0894449335708775 Allentoft
VK61 NA18906#1#JAHEOO010000054.1_2103477_2510435_1$chr1_chm13_103304997_103901127_0	0.0894410157727664 Allentoft
VK61 AV_HG01106#haplotype1#0000048:16666181_17262214$HG02809.verkko_filt_pat.fa:haplotype2_0001251_103421111_103827972_0	0.0894354961127612 Allentoft
VK61 AV_HG01106#haplotype1#0000048:16666181_17262214$HG02559#2#JAGYVJ010000037.1_52167780_52574597_1	0.0894347839730006 Allentoft
VK61 chr1_chm13_103304997_103901127_0$HG02486#2#JAGYVL010000029.1_94163344_94570162_0	0.0894340718502512 Allentoft
VK61 HG02630#1#JAHAOQ010000102.1_16672145_17079089_0$chr1_chm13_103304997_103901127_0	0.0894333597445123 Allentoft
VK61 AV_HG01106#haplotype1#0000048:16666181_17262214$HG02109#1#JAHEPG010000026.1_16673035_17080816_0	0.0894297994709520 Allentoft
VK61 HG01071#1#JAHBCF010000053.1_26607100_27108065_1$HG03710.verkko_filt_pat.fa:haplotype2_0000488_101614437_102218208_0	0.0894296076621902 Allentoft
VK61 AV_HG01106#haplotype1#0000048:16666181_17262214$HG02145#2#JAHKSF010000206.1_1005292_1413195_1	0.0894239259490466 Allentoft
VK61 HG02717#1#JAHAOS010000015.1_16660311_17067250_0$chr1_chm13_103304997_103901127_0	0.0894207226975623 Allentoft
VK61 HG02080#1#JAHEOW010000048.1_16689583_17097287_0$chr1_chm13_103304997_103901127_0	0.0894104034505867 Allentoft
VK61 chr1_chm13_103304997_103901127_0$HG02300.verkko_filt_mat.fa:haplotype1_0000028_144052837_144460586_1	0.0894063123245430 Allentoft
VK61 AV_HG01106#haplotype1#0000048:16666181_17262214$HG02818#1#JAHEOS010000101.1_89626_496613_0	0.0894009769170614 Allentoft
VK61 chr1_chm13_103304997_103901127_0$HG01099.verkko_filt_mat.fa:haplotype1_0000034_142513097_142920876_1	0.0893995543030459 Allentoft
VK61 AV_HG01106#haplotype1#0000048:16666181_17262214$AV_HG02257#haplotype2#0001152:102843493_103251377	0.0893990208402986 Allentoft
VK61 AV_HG01106#haplotype1#0000048:16666181_17262214$HG03516#2#JAGYYS010000004.1_24452130_24859892_1	0.0893970648919260 Allentoft
VK61 AV_HG01361#haplotype1#0000023:101593539_102001341$chr1_chm13_103304997_103901127_0	0.0893915533644241 Allentoft
VK61 AV_HG01106#haplotype1#0000048:16666181_17262214$HG03579#1#JAGYVU010000029.1_91404_499180_0	0.0893881758352596 Allentoft
VK61 HG02559#2#JAGYVJ010000037.1_52167780_52574597_1$chr1_chm13_103304997_103901127_0	0.0893871093266383 Allentoft
VK61 chr1_chm13_103304997_103901127_0$HG02809.verkko_filt_pat.fa:haplotype2_0001251_103421111_103827972_0	0.0893853318970978 Allentoft
VK61 AV_HG01106#haplotype1#0000048:16666181_17262214$HG02559#1#JAGYVK010000012.1_51505852_51913611_0	0.0893794671318138 Allentoft
VK61 NA18906#2#JAHEON010000009.1_93748295_94249275_0$HG03710.verkko_filt_pat.fa:haplotype2_0000488_101614437_102218208_0	0.0893741188107746 Allentoft
VK61 HG02145#2#JAHKSF010000206.1_1005292_1413195_1$chr1_chm13_103304997_103901127_0	0.0893656095470163 Allentoft
VK61 AV_HG00673#haplotype2#0001165:24014011_24421797$chr1_chm13_103304997_103901127_0	0.0893641886206809 Allentoft
VK61 AV_HG01106#haplotype1#0000048:16666181_17262214$HG01123#1#JAGYYZ010000015.1_51528240_51935090_0	0.0893586831712539 Allentoft
VK61 HG02109#1#JAHEPG010000026.1_16673035_17080816_0$chr1_chm13_103304997_103901127_0	0.0893544215865743 Allentoft
VK61 HG01978#1#JAGYVS010000002.1_51519970_52021951_0$HG01099.verkko_filt_pat.fa:haplotype2_0000583_143544270_144046196_1	0.0893538889313588 Allentoft
VK61 AV_HG01106#haplotype1#0000048:16666181_17262214$HG02717#2#JAHAOR010000006.1_19663827_20070693_1	0.0893526461062329 Allentoft
VK61 AV_HG01106#haplotype2#0000932:16673968_17175925$HG01099.verkko_filt_pat.fa:haplotype2_0000583_143544270_144046196_1	0.0893499830841537 Allentoft
VK61 HG01978#1#JAGYVS010000002.1_51519970_52021951_0$HG03540#1#JAGYVY010000208.1_95187_596142_0	0.0893443027660829 Allentoft
VK61 AV_HG01106#haplotype2#0000932:16673968_17175925$HG03540#1#JAGYVY010000208.1_95187_596142_0	0.0893435928024950 Allentoft
VK61 AV_HG02257#haplotype2#0001152:102843493_103251377$chr1_chm13_103304997_103901127_0	0.0893432378270479 Allentoft
VK61 chr1_chm13_103304997_103901127_0$HG02818#1#JAHEOS010000101.1_89626_496613_0	0.0893419954463021 Allentoft
VK61 AV_HG01106#haplotype1#0000048:16666181_17262214$HG005#1#JAHEPO010000002.1_51519219_51926067_0	0.0893398657713132 Allentoft
VK61 AV_HG01106#haplotype1#0000048:16666181_17262214$NA19240#1#JAHEOM010000047.1_30103390_30511199_1	0.0893379137030230 Allentoft
VK61 AV_HG01106#haplotype1#0000048:16666181_17262214$HG01258#2#JAGYYU010000072.1_51562603_51970395_0	0.0893377362486143 Allentoft
VK61 AV_HG01106#haplotype1#0000048:16666181_17262214$HG03927.verkko_filt_mat.fa:haplotype1_0000009_134765170_135173010_1	0.0893372038917328 Allentoft
VK61 HG02080#2#JAHEOV010000017.1_16662177_17164189_0$HG02486#1#JAGYVM010000007.1_28868414_29370339_1	0.0893363166514117 Allentoft
VK61 AV_HG01106#haplotype1#0000048:16666181_17262214$HG02818#2#JAHEOR010000010.1_31775319_32183091_1	0.0893299293013514 Allentoft
VK61 HG00621#1#JAHBCD010000034.1_2122997_2624098_1$HG02486#1#JAGYVM010000007.1_28868414_29370339_1	0.0893246075560674 Allentoft
VK61 HG01123#1#JAGYYZ010000015.1_51528240_51935090_0$chr1_chm13_103304997_103901127_0	0.0893182227170221 Allentoft
VK61 AV_HG00673#haplotype1#0000019:16627360_17129375$HG02486#1#JAGYVM010000007.1_28868414_29370339_1	0.0893063434664854 Allentoft
VK61 chr1_chm13_103304997_103901127_0$HG02717#2#JAHAOR010000006.1_19663827_20070693_1	0.0893054571452960 Allentoft
VK61 HG03516#2#JAGYYS010000004.1_24452130_24859892_1$chr1_chm13_103304997_103901127_0	0.0893001397722696 Allentoft
VK61 HG005#1#JAHEPO010000002.1_51519219_51926067_0$chr1_chm13_103304997_103901127_0	0.0892990764116372 Allentoft
VK61 AV_HG01106#haplotype1#0000048:16666181_17262214$HG02622#1#JAHAOO010000002.1_16673678_17080663_0	0.0892978358722422 Allentoft
VK61 chr1_chm13_103304997_103901127_0$HG03579#1#JAGYVU010000029.1_91404_499180_0	0.0892930514188277 Allentoft
VK61 AV_HG01106#haplotype1#0000048:16666181_17262214$HG00741#2#JAHALX010000013.1_51574319_51981226_0	0.0892884448941526 Allentoft
VK61 HG01258#2#JAGYYU010000072.1_51562603_51970395_0$chr1_chm13_103304997_103901127_0	0.0892806508608893 Allentoft
VK61 HG02559#1#JAGYVK010000012.1_51505852_51913611_0$chr1_chm13_103304997_103901127_0	0.0892790568782374 Allentoft
VK61 HG02486#1#JAGYVM010000007.1_28868414_29370339_1$HG02293.verkko_filt_pat.fa:haplotype2_0000836_148310532_148812524_1	0.0892684325085867 Allentoft
VK61 HG02080#2#JAHEOV010000017.1_16662177_17164189_0$HG01099.verkko_filt_pat.fa:haplotype2_0000583_143544270_144046196_1	0.0892562191712773 Allentoft
VK61 HG02486#1#JAGYVM010000007.1_28868414_29370339_1$HG04228.verkko_filt_mat.fa:haplotype1_0000023_103429213_103930285_0	0.0892480797308178 Allentoft
VK61 HG02486#1#JAGYVM010000007.1_28868414_29370339_1$HG02071.verkko_filt_pat.fa:haplotype2_0000736_102745972_103248026_0	0.0892417112869588 Allentoft
VK61 HG02080#2#JAHEOV010000017.1_16662177_17164189_0$HG03540#1#JAGYVY010000208.1_95187_596142_0	0.0892417112869588 Allentoft
VK61 NA19240#1#JAHEOM010000047.1_30103390_30511199_1$chr1_chm13_103304997_103901127_0	0.0892387044401012 Allentoft
VK61 chr1_chm13_103304997_103901127_0$HG03927.verkko_filt_mat.fa:haplotype1_0000009_134765170_135173010_1	0.0892358747442103 Allentoft
VK61 HG00741#2#JAHALX010000013.1_51574319_51981226_0$chr1_chm13_103304997_103901127_0	0.0892353442061978 Allentoft
VK61 HG02622#1#JAHAOO010000002.1_16673678_17080663_0$chr1_chm13_103304997_103901127_0	0.0892344599972047 Allentoft
VK61 HG00621#1#JAHBCD010000034.1_2122997_2624098_1$HG01099.verkko_filt_pat.fa:haplotype2_0000583_143544270_144046196_1	0.0892339294844251 Allentoft
VK61 HG02818#2#JAHEOR010000010.1_31775319_32183091_1$chr1_chm13_103304997_103901127_0	0.0892314538832222 Allentoft
VK61 AV_HG00673#haplotype1#0000019:16627360_17129375$HG01099.verkko_filt_pat.fa:haplotype2_0000583_143544270_144046196_1	0.0892249122146027 Allentoft
VK61 AV_HG01106#haplotype1#0000048:16666181_17262214$chr1_hg38_103456064_103863972_0	0.0892167813351780 Allentoft
VK61 AV_HG01106#haplotype1#0000048:16666181_17262214$chr1_hg19_103998686_104406594_0	0.0892167813351780 Allentoft
VK61 AV_HG00673#haplotype1#0000019:16627360_17129375$HG03540#1#JAGYVY010000208.1_95187_596142_0	0.0892136002917390 Allentoft
VK61 HG00621#1#JAHBCD010000034.1_2122997_2624098_1$HG03540#1#JAGYVY010000208.1_95187_596142_0	0.0892095361202447 Allentoft
VK61 AV_HG01106#haplotype1#0000048:16666181_17262214$HG02300.verkko_filt_pat.fa:haplotype2_0000620_143362344_143769323_1	0.0892095361202447 Allentoft
VK61 AV_HG01106#haplotype1#0000048:16666181_17262214$HG02071.verkko_filt_mat.fa:haplotype1_0000041_103610513_104018399_0	0.0892040592026078 Allentoft
VK61 AV_HG01106#haplotype1#0000048:16666181_17262214$HG002.verkko_filt_mat.fa:haplotype1_0000005_138228497_138636354_1	0.0892033525770334 Allentoft
VK61 HG02486#1#JAGYVM010000007.1_28868414_29370339_1$HG01099.verkko_filt_pat.fa:haplotype2_0000583_143544270_144046196_1	0.0892012328010608 Allentoft
VK61 AV_HG01106#haplotype2#0000932:16673968_17175925$HG01978#1#JAGYVS010000002.1_51519970_52021951_0	0.0891984066681576 Allentoft
VK61 HG03540#1#JAGYVY010000208.1_95187_596142_0$HG02486#1#JAGYVM010000007.1_28868414_29370339_1	0.0891955808038557 Allentoft
VK61 AV_HG01106#haplotype1#0000048:16666181_17262214$AV_HG01175#haplotype1#0000070:46006269_46414083	0.0891881641877055 Allentoft
VK61 HG02293.verkko_filt_pat.fa:haplotype2_0000836_148310532_148812524_1$HG01099.verkko_filt_pat.fa:haplotype2_0000583_143544270_144046196_1	0.0891803963833363 Allentoft
VK61 HG03540#1#JAGYVY010000208.1_95187_596142_0$HG02293.verkko_filt_pat.fa:haplotype2_0000836_148310532_148812524_1	0.0891754542917073 Allentoft
VK61 AV_HG01106#haplotype1#0000048:16666181_17262214$HG01978#2#JAGYVR010000007.1_51532241_51939176_0	0.0891731600284377 Allentoft
VK61 AV_HG01106#haplotype1#0000048:16666181_17262214$HG00621#2#JAHBCC010000031.1_16669999_17077865_0	0.0891722776666373 Allentoft
VK61 HG04228.verkko_filt_mat.fa:haplotype1_0000023_103429213_103930285_0$HG01099.verkko_filt_pat.fa:haplotype2_0000583_143544270_144046196_1	0.0891682191396912 Allentoft
VK61 AV_HG01106#haplotype1#0000048:16666181_17262214$HG02886#1#JAHAOU010000178.1_62411_469262_0	0.0891592284021579 Allentoft
VK61 AV_HG01106#haplotype1#0000048:16666181_17262214$AV_HG02148#haplotype2#0002863:16304803_16712699	0.0891576342859234 Allentoft
VK61 AV_HG01106#haplotype1#0000048:16666181_17262214$NA19240#2#JAHEOL010000010.1_37445323_37853017_0	0.0891510618330301 Allentoft
VK61 AV_HG01106#haplotype1#0000048:16666181_17262214$HG005#2#JAHEPN010000023.1_51542210_51950070_0	0.0891500507923867 Allentoft
VK61 AV_HG01106#haplotype1#0000048:16666181_17262214$HG03486#1#JAHEOQ010000123.1_16677696_17085575_0	0.0891495217836523 Allentoft
VK61 HG03540#1#JAGYVY010000208.1_95187_596142_0$HG02071.verkko_filt_pat.fa:haplotype2_0000736_102745972_103248026_0	0.0891459952994031 Allentoft
VK61 HG02071.verkko_filt_pat.fa:haplotype2_0000736_102745972_103248026_0$HG01099.verkko_filt_pat.fa:haplotype2_0000583_143544270_144046196_1	0.0891452900527709 Allentoft
VK61 AV_HG01106#haplotype1#0000048:16666181_17262214$HG03453#2#JAGYVV010000088.1_22597550_23005370_1	0.0891415877825384 Allentoft
VK61 AV_HG01106#haplotype1#0000048:16666181_17262214$HG01928#1#JAGYVQ010000053.1_16676493_17083407_0	0.0891407063576121 Allentoft
VK61 AV_HG01106#haplotype1#0000048:16666181_17262214$HG02004.verkko_filt_mat.fa:haplotype1_0000022_97828542_98235483_0	0.0891400012364961 Allentoft
VK61 HG03540#1#JAGYVY010000208.1_95187_596142_0$HG04228.verkko_filt_mat.fa:haplotype1_0000023_103429213_103930285_0	0.0891318935461582 Allentoft
VK61 chr1_chm13_103304997_103901127_0$HG02300.verkko_filt_pat.fa:haplotype2_0000620_143362344_143769323_1	0.0891230833479983 Allentoft
VK61 HG02886#1#JAHAOU010000178.1_62411_469262_0$chr1_chm13_103304997_103901127_0	0.0891216098205796 Allentoft
VK61 chr1_hg38_103456064_103863972_0$chr1_chm13_103304997_103901127_0	0.0891172700481480 Allentoft
VK61 chr1_hg19_103998686_104406594_0$chr1_chm13_103304997_103901127_0	0.0891172700481480 Allentoft
VK61 chr1_chm13_103304997_103901127_0$HG002.verkko_filt_mat.fa:haplotype1_0000005_138228497_138636354_1	0.0891056468603286 Allentoft
VK61 chr1_chm13_103304997_103901127_0$HG02071.verkko_filt_mat.fa:haplotype1_0000041_103610513_104018399_0	0.0891003650963585 Allentoft
VK61 AV_HG01175#haplotype1#0000070:46006269_46414083$chr1_chm13_103304997_103901127_0	0.0890905083160755 Allentoft
VK61 AV_HG01106#haplotype2#0000932:16673968_17175925$HG02080#2#JAHEOV010000017.1_16662177_17164189_0	0.0890896284054752 Allentoft
VK61 AV_HG01106#haplotype2#0000932:16673968_17175925$HG00621#1#JAHBCD010000034.1_2122997_2624098_1	0.0890766087761254 Allentoft
VK61 HG01978#2#JAGYVR010000007.1_51532241_51939176_0$chr1_chm13_103304997_103901127_0	0.0890762569734679 Allentoft
VK61 HG00621#2#JAHBCC010000031.1_16669999_17077865_0$chr1_chm13_103304997_103901127_0	0.0890743221333568 Allentoft
VK61 HG02080#2#JAHEOV010000017.1_16662177_17164189_0$HG01978#1#JAGYVS010000002.1_51519970_52021951_0	0.0890646498236593 Allentoft
VK61 AV_HG02148#haplotype2#0002863:16304803_16712699$chr1_chm13_103304997_103901127_0	0.0890646498236593 Allentoft
VK61 AV_HG00673#haplotype1#0000019:16627360_17129375$AV_HG01106#haplotype2#0000932:16673968_17175925	0.0890630673820354 Allentoft
VK61 HG00621#1#JAHBCD010000034.1_2122997_2624098_1$HG01978#1#JAGYVS010000002.1_51519970_52021951_0	0.0890572658176367 Allentoft
VK61 chr1_chm13_103304997_103901127_0$NA19240#2#JAHEOL010000010.1_37445323_37853017_0	0.0890571303424904 Allentoft
VK61 HG01978#1#JAGYVS010000002.1_51519970_52021951_0$NA18906#2#JAHEON010000009.1_93748295_94249275_0	0.0890548300916623 Allentoft
VK61 AV_HG01106#haplotype1#0000048:16666181_17262214$HG03516#1#JAGYYT010000012.1_24170958_24578778_1	0.0890534146412803 Allentoft
VK61 AV_HG01106#haplotype2#0000932:16673968_17175925$NA18906#2#JAHEON010000009.1_93748295_94249275_0	0.0890523530977844 Allentoft
VK61 HG03486#1#JAHEOQ010000123.1_16677696_17085575_0$chr1_chm13_103304997_103901127_0	0.0890488292020161 Allentoft
VK61 HG01928#1#JAGYVQ010000053.1_16676493_17083407_0$chr1_chm13_103304997_103901127_0	0.0890477747936406 Allentoft
VK61 AV_HG00673#haplotype1#0000019:16627360_17129375$HG01978#1#JAGYVS010000002.1_51519970_52021951_0	0.0890451389365592 Allentoft
VK61 HG005#2#JAHEPN010000023.1_51542210_51950070_0$chr1_chm13_103304997_103901127_0	0.0890423276136512 Allentoft
VK61 HG03453#2#JAGYVV010000088.1_22597550_23005370_1$chr1_chm13_103304997_103901127_0	0.0890412734362080 Allentoft
VK61 chr1_chm13_103304997_103901127_0$HG02004.verkko_filt_mat.fa:haplotype1_0000022_97828542_98235483_0	0.0890396922402434 Allentoft
VK61 AV_HG01106#haplotype2#0000932:16673968_17175925$HG02293.verkko_filt_pat.fa:haplotype2_0000836_148310532_148812524_1	0.0890317875237764 Allentoft
VK61 HG03492#2#JAHEPH010000288.1_2098270_2432686_1$HG02004.verkko_filt_pat.fa:haplotype2_0000813_139386576_140076845_1	0.0890294514639678 Allentoft
VK61 AV_HG01106#haplotype2#0000932:16673968_17175925$HG04228.verkko_filt_mat.fa:haplotype1_0000023_103429213_103930285_0	0.0890238849122174 Allentoft
VK61 HG01243#1#JAHEOY010000013.1_90081_424495_0$HG02004.verkko_filt_pat.fa:haplotype2_0000813_139386576_140076845_1	0.0890212971492683 Allentoft
VK61 HG01978#1#JAGYVS010000002.1_51519970_52021951_0$HG02293.verkko_filt_pat.fa:haplotype2_0000836_148310532_148812524_1	0.0890166865867992 Allentoft
VK61 HG03540#1#JAGYVY010000208.1_95187_596142_0$HG01099.verkko_filt_pat.fa:haplotype2_0000583_143544270_144046196_1	0.0890152822390818 Allentoft
VK61 HG01978#1#JAGYVS010000002.1_51519970_52021951_0$HG04228.verkko_filt_mat.fa:haplotype1_0000023_103429213_103930285_0	0.0890108940808210 Allentoft
VK61 AV_HG01106#haplotype2#0000932:16673968_17175925$HG02071.verkko_filt_pat.fa:haplotype2_0000736_102745972_103248026_0	0.0889951020828351 Allentoft
VK61 HG03710.verkko_filt_pat.fa:haplotype2_0000488_101614437_102218208_0$HG03927.verkko_filt_pat.fa:haplotype2_0000800_29002142_29504057_1	0.0889842812618841 Allentoft
VK61 HG01978#1#JAGYVS010000002.1_51519970_52021951_0$HG02071.verkko_filt_pat.fa:haplotype2_0000736_102745972_103248026_0	0.0889810718053063 Allentoft
VK61 HG01071#1#JAHBCF010000053.1_26607100_27108065_1$HG01978#1#JAGYVS010000002.1_51519970_52021951_0	0.0889806100627385 Allentoft
VK61 AV_HG01106#haplotype2#0000932:16673968_17175925$HG01071#1#JAHBCF010000053.1_26607100_27108065_1	0.0889654355043599 Allentoft
VK61 HG01071#1#JAHBCF010000053.1_26607100_27108065_1$HG02486#1#JAGYVM010000007.1_28868414_29370339_1	0.0889580274945389 Allentoft
VK61 HG03516#1#JAGYYT010000012.1_24170958_24578778_1$chr1_chm13_103304997_103901127_0	0.0889502687068423 Allentoft
VK61 HG01071#1#JAHBCF010000053.1_26607100_27108065_1$HG01099.verkko_filt_pat.fa:haplotype2_0000583_143544270_144046196_1	0.0889411018473055 Allentoft
VK61 HG02080#2#JAHEOV010000017.1_16662177_17164189_0$NA18906#2#JAHEON010000009.1_93748295_94249275_0	0.0889381056040432 Allentoft
VK61 AV_HG01106#haplotype1#0000048:16666181_17262214$HG01358#1#JAGYZB010000020.1_27445742_27855492_1	0.0889337685629072 Allentoft
VK61 AV_HG01106#haplotype1#0000048:16666181_17262214$HG01109#1#JAHEPA010000099.1_2104245_2511104_1	0.0889319378212846 Allentoft
VK61 HG00621#1#JAHBCD010000034.1_2122997_2624098_1$HG02080#2#JAHEOV010000017.1_16662177_17164189_0	0.0889178426081110 Allentoft
VK61 HG00621#1#JAHBCD010000034.1_2122997_2624098_1$NA18906#2#JAHEON010000009.1_93748295_94249275_0	0.0889120334498461 Allentoft
VK61 AV_HG00673#haplotype1#0000019:16627360_17129375$NA18906#2#JAHEON010000009.1_93748295_94249275_0	0.0889118573646208 Allentoft
VK61 HG01071#1#JAHBCF010000053.1_26607100_27108065_1$HG03540#1#JAGYVY010000208.1_95187_596142_0	0.0889037585750055 Allentoft
VK61 NA18906#2#JAHEON010000009.1_93748295_94249275_0$HG02486#1#JAGYVM010000007.1_28868414_29370339_1	0.0889009421234230 Allentoft
VK61 AV_HG00673#haplotype1#0000019:16627360_17129375$HG00621#1#JAHBCD010000034.1_2122997_2624098_1	0.0888837443526597 Allentoft
VK61 AV_HG00673#haplotype1#0000019:16627360_17129375$HG02080#2#JAHEOV010000017.1_16662177_17164189_0	0.0888819967814344 Allentoft
VK61 chr1_chm13_103304997_103901127_0$HG01358#1#JAGYZB010000020.1_27445742_27855492_1	0.0888816472795586 Allentoft
VK61 HG01109#1#JAHEPA010000099.1_2104245_2511104_1$chr1_chm13_103304997_103901127_0	0.0888770130873355 Allentoft
VK61 NA18906#2#JAHEON010000009.1_93748295_94249275_0$HG02293.verkko_filt_pat.fa:haplotype2_0000836_148310532_148812524_1	0.0888763095846396 Allentoft
VK61 HG02080#2#JAHEOV010000017.1_16662177_17164189_0$HG02293.verkko_filt_pat.fa:haplotype2_0000836_148310532_148812524_1	0.0888760558102056 Allentoft
VK61 HG02080#2#JAHEOV010000017.1_16662177_17164189_0$HG04228.verkko_filt_mat.fa:haplotype1_0000023_103429213_103930285_0	0.0888758810937917 Allentoft
VK61 HG02080#2#JAHEOV010000017.1_16662177_17164189_0$HG01071#1#JAHBCF010000053.1_26607100_27108065_1	0.0888698029765558 Allentoft
VK61 NA18906#2#JAHEON010000009.1_93748295_94249275_0$HG01099.verkko_filt_pat.fa:haplotype2_0000583_143544270_144046196_1	0.0888661106724820 Allentoft
VK61 HG00621#1#JAHBCD010000034.1_2122997_2624098_1$HG02293.verkko_filt_pat.fa:haplotype2_0000836_148310532_148812524_1	0.0888554463834511 Allentoft
VK61 NA18906#2#JAHEON010000009.1_93748295_94249275_0$HG02071.verkko_filt_pat.fa:haplotype2_0000736_102745972_103248026_0	0.0888490617145247 Allentoft
VK61 NA18906#2#JAHEON010000009.1_93748295_94249275_0$HG04228.verkko_filt_mat.fa:haplotype1_0000023_103429213_103930285_0	0.0888487102928569 Allentoft
VK61 HG03540#1#JAGYVY010000208.1_95187_596142_0$NA18906#2#JAHEON010000009.1_93748295_94249275_0	0.0888457233770307 Allentoft
VK61 AV_HG00673#haplotype1#0000019:16627360_17129375$HG02293.verkko_filt_pat.fa:haplotype2_0000836_148310532_148812524_1	0.0888451470451187 Allentoft
VK61 AV_HG00673#haplotype1#0000019:16627360_17129375$HG04228.verkko_filt_mat.fa:haplotype1_0000023_103429213_103930285_0	0.0888435762744169 Allentoft
VK61 HG02080#2#JAHEOV010000017.1_16662177_17164189_0$HG02071.verkko_filt_pat.fa:haplotype2_0000736_102745972_103248026_0	0.0888430527026966 Allentoft
VK61 AV_HG00673#haplotype1#0000019:16627360_17129375$HG01071#1#JAHBCF010000053.1_26607100_27108065_1	0.0888415070674831 Allentoft
VK61 HG00621#1#JAHBCD010000034.1_2122997_2624098_1$HG01071#1#JAHBCF010000053.1_26607100_27108065_1	0.0888374670007266 Allentoft
VK61 HG00621#1#JAHBCD010000034.1_2122997_2624098_1$HG04228.verkko_filt_mat.fa:haplotype1_0000023_103429213_103930285_0	0.0888273498540938 Allentoft
VK61 HG04228.verkko_filt_mat.fa:haplotype1_0000023_103429213_103930285_0$HG02293.verkko_filt_pat.fa:haplotype2_0000836_148310532_148812524_1	0.0888107836547354 Allentoft
VK61 HG01071#1#JAHBCF010000053.1_26607100_27108065_1$HG02293.verkko_filt_pat.fa:haplotype2_0000836_148310532_148812524_1	0.0888070963265844 Allentoft
VK61 AV_HG00673#haplotype1#0000019:16627360_17129375$HG02071.verkko_filt_pat.fa:haplotype2_0000736_102745972_103248026_0	0.0888017197646561 Allentoft
VK61 HG00621#1#JAHBCD010000034.1_2122997_2624098_1$HG02071.verkko_filt_pat.fa:haplotype2_0000736_102745972_103248026_0	0.0887855162634090 Allentoft
VK61 HG01071#1#JAHBCF010000053.1_26607100_27108065_1$HG02071.verkko_filt_pat.fa:haplotype2_0000736_102745972_103248026_0	0.0887788602531285 Allentoft
VK61 HG02071.verkko_filt_pat.fa:haplotype2_0000736_102745972_103248026_0$HG02293.verkko_filt_pat.fa:haplotype2_0000836_148310532_148812524_1	0.0887717589641903 Allentoft
VK61 AV_HG01106#haplotype1#0000048:16666181_17262214$HG02622#2#JAHAON010000012.1_51551779_52031001_0	0.0887681407163782 Allentoft
VK61 HG04228.verkko_filt_mat.fa:haplotype1_0000023_103429213_103930285_0$HG02071.verkko_filt_pat.fa:haplotype2_0000736_102745972_103248026_0	0.0887639253862357 Allentoft
VK61 HG01258#1#JAGYYV010000004.1_56955948_57456952_1$HG03710.verkko_filt_pat.fa:haplotype2_0000488_101614437_102218208_0	0.0887610010930811 Allentoft
VK61 HG01071#1#JAHBCF010000053.1_26607100_27108065_1$HG04228.verkko_filt_mat.fa:haplotype1_0000023_103429213_103930285_0	0.0887592336444872 Allentoft
VK61 AV_HG01106#haplotype1#0000048:16666181_17262214$NA20129#2#JAHEPD010000155.1_90039_569275_0	0.0887445019483190 Allentoft
VK61 NA18906#1#JAHEOO010000054.1_2103477_2510435_1$HG02004.verkko_filt_pat.fa:haplotype2_0000813_139386576_140076845_1	0.0887306992658619 Allentoft
VK61 HG02486#2#JAGYVL010000029.1_94163344_94570162_0$HG02004.verkko_filt_pat.fa:haplotype2_0000813_139386576_140076845_1	0.0887305254052896 Allentoft
VK61 HG02622#2#JAHAON010000012.1_51551779_52031001_0$chr1_chm13_103304997_103901127_0	0.0887292845180490 Allentoft
VK61 HG02630#1#JAHAOQ010000102.1_16672145_17079089_0$HG02004.verkko_filt_pat.fa:haplotype2_0000813_139386576_140076845_1	0.0887200956408430 Allentoft
VK61 AV_HG01106#haplotype1#0000048:16666181_17262214$HG00438#1#JAHBCB010000015.1_33474867_33954171_0	0.0887161024087037 Allentoft
VK61 NA20129#2#JAHEPD010000155.1_90039_569275_0$chr1_chm13_103304997_103901127_0	0.0887056767701211 Allentoft
VK61 HG02717#1#JAHAOS010000015.1_16660311_17067250_0$HG02004.verkko_filt_pat.fa:haplotype2_0000813_139386576_140076845_1	0.0887035893662783 Allentoft
VK61 HG02080#1#JAHEOW010000048.1_16689583_17097287_0$HG02004.verkko_filt_pat.fa:haplotype2_0000813_139386576_140076845_1	0.0886969894355907 Allentoft
VK61 HG02004.verkko_filt_pat.fa:haplotype2_0000813_139386576_140076845_1$HG02300.verkko_filt_mat.fa:haplotype1_0000028_144052837_144460586_1	0.0886923009062921 Allentoft
VK61 HG02004.verkko_filt_pat.fa:haplotype2_0000813_139386576_140076845_1$HG01099.verkko_filt_mat.fa:haplotype1_0000034_142513097_142920876_1	0.0886884811728376 Allentoft
VK61 AV_HG01106#haplotype1#0000048:16666181_17262214$HG01109#2#JAHEOZ010000047.1_16671232_17151375_0	0.0886878748039675 Allentoft
VK61 HG02559#2#JAGYVJ010000037.1_52167780_52574597_1$HG02004.verkko_filt_pat.fa:haplotype2_0000813_139386576_140076845_1	0.0886860506903059 Allentoft
VK61 HG02004.verkko_filt_pat.fa:haplotype2_0000813_139386576_140076845_1$HG02809.verkko_filt_pat.fa:haplotype2_0001251_103421111_103827972_0	0.0886749424571105 Allentoft
VK61 AV_HG01361#haplotype1#0000023:101593539_102001341$HG02004.verkko_filt_pat.fa:haplotype2_0000813_139386576_140076845_1	0.0886695634069949 Allentoft
VK61 AV_HG01106#haplotype1#0000048:16666181_17262214$HG02630#2#JAHAOP010000089.1_16669255_17076135_0	0.0886633820008618 Allentoft
VK61 HG02145#2#JAHKSF010000206.1_1005292_1413195_1$HG02004.verkko_filt_pat.fa:haplotype2_0000813_139386576_140076845_1	0.0886508311333068 Allentoft
VK61 HG02109#1#JAHEPG010000026.1_16673035_17080816_0$HG02004.verkko_filt_pat.fa:haplotype2_0000813_139386576_140076845_1	0.0886399094547470 Allentoft
VK61 HG00438#1#JAHBCB010000015.1_33474867_33954171_0$chr1_chm13_103304997_103901127_0	0.0886397329714817 Allentoft
VK61 AV_HG02257#haplotype2#0001152:102843493_103251377$HG02004.verkko_filt_pat.fa:haplotype2_0000813_139386576_140076845_1	0.0886338435994926 Allentoft
VK61 HG02818#1#JAHEOS010000101.1_89626_496613_0$HG02004.verkko_filt_pat.fa:haplotype2_0000813_139386576_140076845_1	0.0886333237269851 Allentoft
VK61 AV_HG00673#haplotype2#0001165:24014011_24421797$HG02004.verkko_filt_pat.fa:haplotype2_0000813_139386576_140076845_1	0.0886321107267082 Allentoft
VK61 AV_HG01106#haplotype1#0000048:16666181_17262214$HG03486#2#JAHEOP010000248.1_2105565_2584784_1	0.0886268795064422 Allentoft
VK61 HG02630#2#JAHAOP010000089.1_16669255_17076135_0$chr1_chm13_103304997_103901127_0	0.0886096450164306 Allentoft
VK61 HG01109#2#JAHEOZ010000047.1_16671232_17151375_0$chr1_chm13_103304997_103901127_0	0.0886023434768345 Allentoft
VK61 HG01123#1#JAGYYZ010000015.1_51528240_51935090_0$HG02004.verkko_filt_pat.fa:haplotype2_0000813_139386576_140076845_1	0.0885979938428574 Allentoft
VK61 HG03516#2#JAGYYS010000004.1_24452130_24859892_1$HG02004.verkko_filt_pat.fa:haplotype2_0000813_139386576_140076845_1	0.0885969553680920 Allentoft
VK61 AV_HG01106#haplotype1#0000048:16666181_17262214$HG03453#1#JAGYVW010000157.1_2105722_2585000_1	0.0885948424074019 Allentoft
VK61 HG02717#2#JAHAOR010000006.1_19663827_20070693_1$HG02004.verkko_filt_pat.fa:haplotype2_0000813_139386576_140076845_1	0.0885934940492529 Allentoft
VK61 HG03579#1#JAGYVU010000029.1_91404_499180_0$HG02004.verkko_filt_pat.fa:haplotype2_0000813_139386576_140076845_1	0.0885879567828298 Allentoft
VK61 HG005#1#JAHEPO010000002.1_51519219_51926067_0$HG02004.verkko_filt_pat.fa:haplotype2_0000813_139386576_140076845_1	0.0885831125263200 Allentoft
VK61 HG02559#1#JAGYVK010000012.1_51505852_51913611_0$HG02004.verkko_filt_pat.fa:haplotype2_0000813_139386576_140076845_1	0.0885801717582717 Allentoft
VK61 HG03486#2#JAHEOP010000248.1_2105565_2584784_1$chr1_chm13_103304997_103901127_0	0.0885749449561542 Allentoft
VK61 HG01258#2#JAGYYU010000072.1_51562603_51970395_0$HG02004.verkko_filt_pat.fa:haplotype2_0000813_139386576_140076845_1	0.0885716970652760 Allentoft
VK61 HG03453#1#JAGYVW010000157.1_2105722_2585000_1$chr1_chm13_103304997_103901127_0	0.0885478598430599 Allentoft
VK61 NA19240#1#JAHEOM010000047.1_30103390_30511199_1$HG02004.verkko_filt_pat.fa:haplotype2_0000813_139386576_140076845_1	0.0885345409178273 Allentoft
VK61 HG02818#2#JAHEOR010000010.1_31775319_32183091_1$HG02004.verkko_filt_pat.fa:haplotype2_0000813_139386576_140076845_1	0.0885305688423139 Allentoft
VK61 HG00741#2#JAHALX010000013.1_51574319_51981226_0$HG02004.verkko_filt_pat.fa:haplotype2_0000813_139386576_140076845_1	0.0885253886776053 Allentoft
VK61 HG02622#1#JAHAOO010000002.1_16673678_17080663_0$HG02004.verkko_filt_pat.fa:haplotype2_0000813_139386576_140076845_1	0.0885252160211085 Allentoft
VK61 HG02004.verkko_filt_pat.fa:haplotype2_0000813_139386576_140076845_1$HG03927.verkko_filt_mat.fa:haplotype1_0000009_134765170_135173010_1	0.0885221083769038 Allentoft
VK61 HG01071#1#JAHBCF010000053.1_26607100_27108065_1$NA18906#2#JAHEON010000009.1_93748295_94249275_0	0.0885141784838825 Allentoft
VK61 HG01978#1#JAGYVS010000002.1_51519970_52021951_0$HG03927.verkko_filt_pat.fa:haplotype2_0000800_29002142_29504057_1	0.0884534784288509 Allentoft
VK61 AV_HG01106#haplotype2#0000932:16673968_17175925$HG03927.verkko_filt_pat.fa:haplotype2_0000800_29002142_29504057_1	0.0884348614874448 Allentoft
VK61 HG02004.verkko_filt_pat.fa:haplotype2_0000813_139386576_140076845_1$HG02300.verkko_filt_pat.fa:haplotype2_0000620_143362344_143769323_1	0.0884326451583557 Allentoft
VK61 HG02886#1#JAHAOU010000178.1_62411_469262_0$HG02004.verkko_filt_pat.fa:haplotype2_0000813_139386576_140076845_1	0.0884190736167303 Allentoft
VK61 HG02004.verkko_filt_pat.fa:haplotype2_0000813_139386576_140076845_1$HG02071.verkko_filt_mat.fa:haplotype1_0000041_103610513_104018399_0	0.0884107946648027 Allentoft
VK61 AV_HG01175#haplotype1#0000070:46006269_46414083$HG02004.verkko_filt_pat.fa:haplotype2_0000813_139386576_140076845_1	0.0884104506920734 Allentoft
VK61 HG02004.verkko_filt_pat.fa:haplotype2_0000813_139386576_140076845_1$HG002.verkko_filt_mat.fa:haplotype1_0000005_138228497_138636354_1	0.0883973827025887 Allentoft
VK61 chr1_hg38_103456064_103863972_0$HG02004.verkko_filt_pat.fa:haplotype2_0000813_139386576_140076845_1	0.0883946322852231 Allentoft
VK61 chr1_hg19_103998686_104406594_0$HG02004.verkko_filt_pat.fa:haplotype2_0000813_139386576_140076845_1	0.0883946322852231 Allentoft
VK61 HG02486#1#JAGYVM010000007.1_28868414_29370339_1$HG03927.verkko_filt_pat.fa:haplotype2_0000800_29002142_29504057_1	0.0883927533223635 Allentoft
VK61 HG00621#2#JAHBCC010000031.1_16669999_17077865_0$HG02004.verkko_filt_pat.fa:haplotype2_0000813_139386576_140076845_1	0.0883908508805055 Allentoft
VK61 AV_HG02148#haplotype2#0002863:16304803_16712699$HG02004.verkko_filt_pat.fa:haplotype2_0000813_139386576_140076845_1	0.0883827740505246 Allentoft
VK61 HG01978#2#JAGYVR010000007.1_51532241_51939176_0$HG02004.verkko_filt_pat.fa:haplotype2_0000813_139386576_140076845_1	0.0883539217707672 Allentoft
VK61 HG03453#2#JAGYVV010000088.1_22597550_23005370_1$HG02004.verkko_filt_pat.fa:haplotype2_0000813_139386576_140076845_1	0.0883523769102220 Allentoft
VK61 NA19240#2#JAHEOL010000010.1_37445323_37853017_0$HG02004.verkko_filt_pat.fa:haplotype2_0000813_139386576_140076845_1	0.0883502312021656 Allentoft
VK61 HG03486#1#JAHEOQ010000123.1_16677696_17085575_0$HG02004.verkko_filt_pat.fa:haplotype2_0000813_139386576_140076845_1	0.0883377905562442 Allentoft
VK61 HG005#2#JAHEPN010000023.1_51542210_51950070_0$HG02004.verkko_filt_pat.fa:haplotype2_0000813_139386576_140076845_1	0.0883297282615776 Allentoft
VK61 HG02080#2#JAHEOV010000017.1_16662177_17164189_0$HG03927.verkko_filt_pat.fa:haplotype2_0000800_29002142_29504057_1	0.0883204327864624 Allentoft
VK61 HG02004.verkko_filt_pat.fa:haplotype2_0000813_139386576_140076845_1$HG02004.verkko_filt_mat.fa:haplotype1_0000022_97828542_98235483_0	0.0883189248177276 Allentoft
VK61 HG00621#1#JAHBCD010000034.1_2122997_2624098_1$HG03927.verkko_filt_pat.fa:haplotype2_0000800_29002142_29504057_1	0.0883141372249186 Allentoft
VK61 HG01928#1#JAGYVQ010000053.1_16676493_17083407_0$HG02004.verkko_filt_pat.fa:haplotype2_0000813_139386576_140076845_1	0.0883103534768452 Allentoft
VK61 HG01099.verkko_filt_pat.fa:haplotype2_0000583_143544270_144046196_1$HG03927.verkko_filt_pat.fa:haplotype2_0000800_29002142_29504057_1	0.0883048712087908 Allentoft
VK61 HG03540#1#JAGYVY010000208.1_95187_596142_0$HG03927.verkko_filt_pat.fa:haplotype2_0000800_29002142_29504057_1	0.0883003266821850 Allentoft
VK61 AV_HG00673#haplotype1#0000019:16627360_17129375$HG03927.verkko_filt_pat.fa:haplotype2_0000800_29002142_29504057_1	0.0882968313698954 Allentoft
VK61 HG04228.verkko_filt_mat.fa:haplotype1_0000023_103429213_103930285_0$HG03927.verkko_filt_pat.fa:haplotype2_0000800_29002142_29504057_1	0.0882715027631581 Allentoft
VK61 HG02293.verkko_filt_pat.fa:haplotype2_0000836_148310532_148812524_1$HG03927.verkko_filt_pat.fa:haplotype2_0000800_29002142_29504057_1	0.0882660905093386 Allentoft
VK61 HG03516#1#JAGYYT010000012.1_24170958_24578778_1$HG02004.verkko_filt_pat.fa:haplotype2_0000813_139386576_140076845_1	0.0882458911251462 Allentoft
VK61 HG02071.verkko_filt_pat.fa:haplotype2_0000736_102745972_103248026_0$HG03927.verkko_filt_pat.fa:haplotype2_0000800_29002142_29504057_1	0.0882334634996692 Allentoft
VK61 HG01978#1#JAGYVS010000002.1_51519970_52021951_0$HG03540#2#JAGYVX010000148.1_1368955_1877115_0	0.0882237516903372 Allentoft
VK61 AV_HG01106#haplotype2#0000932:16673968_17175925$HG03540#2#JAGYVX010000148.1_1368955_1877115_0	0.0882114496007369 Allentoft
VK61 HG01109#1#JAHEPA010000099.1_2104245_2511104_1$HG02004.verkko_filt_pat.fa:haplotype2_0000813_139386576_140076845_1	0.0881795132816874 Allentoft
VK61 HG01978#1#JAGYVS010000002.1_51519970_52021951_0$HG01258#1#JAGYYV010000004.1_56955948_57456952_1	0.0881638158319362 Allentoft
VK61 HG01358#1#JAGYZB010000020.1_27445742_27855492_1$HG02004.verkko_filt_pat.fa:haplotype2_0000813_139386576_140076845_1	0.0881602462319116 Allentoft
VK61 HG01258#1#JAGYYV010000004.1_56955948_57456952_1$HG02486#1#JAGYVM010000007.1_28868414_29370339_1	0.0881519095162664 Allentoft
VK61 AV_HG01106#haplotype2#0000932:16673968_17175925$HG01258#1#JAGYYV010000004.1_56955948_57456952_1	0.0881512092949686 Allentoft
VK61 HG03540#2#JAGYVX010000148.1_1368955_1877115_0$HG02486#1#JAGYVM010000007.1_28868414_29370339_1	0.0881305891024914 Allentoft
VK61 HG01258#1#JAGYYV010000004.1_56955948_57456952_1$HG01099.verkko_filt_pat.fa:haplotype2_0000583_143544270_144046196_1	0.0881277615197889 Allentoft
VK61 AV_HG01106#haplotype1#0000048:16666181_17262214$HG00741#1#JAHALY010000007.1_18781197_19307680_1	0.0881173194309296 Allentoft
VK61 HG02622#2#JAHAON010000012.1_51551779_52031001_0$HG02004.verkko_filt_pat.fa:haplotype2_0000813_139386576_140076845_1	0.0881137342758481 Allentoft
VK61 HG01258#1#JAGYYV010000004.1_56955948_57456952_1$HG03540#1#JAGYVY010000208.1_95187_596142_0	0.0880997886700631 Allentoft
VK61 NA20129#2#JAHEPD010000155.1_90039_569275_0$HG02004.verkko_filt_pat.fa:haplotype2_0000813_139386576_140076845_1	0.0880903307613014 Allentoft
VK61 HG02080#2#JAHEOV010000017.1_16662177_17164189_0$HG03540#2#JAGYVX010000148.1_1368955_1877115_0	0.0880878605205205 Allentoft
VK61 HG00621#1#JAHBCD010000034.1_2122997_2624098_1$HG03540#2#JAGYVX010000148.1_1368955_1877115_0	0.0880796963942687 Allentoft
VK61 HG01071#1#JAHBCF010000053.1_26607100_27108065_1$HG03927.verkko_filt_pat.fa:haplotype2_0000800_29002142_29504057_1	0.0880622420641635 Allentoft
VK61 HG02080#2#JAHEOV010000017.1_16662177_17164189_0$HG01258#1#JAGYYV010000004.1_56955948_57456952_1	0.0880577047972917 Allentoft
VK61 AV_HG00673#haplotype1#0000019:16627360_17129375$HG03540#2#JAGYVX010000148.1_1368955_1877115_0	0.0880547078714657 Allentoft
VK61 HG03540#2#JAGYVX010000148.1_1368955_1877115_0$HG01099.verkko_filt_pat.fa:haplotype2_0000583_143544270_144046196_1	0.0880513097158302 Allentoft
VK61 HG03540#2#JAGYVX010000148.1_1368955_1877115_0$HG03540#1#JAGYVY010000208.1_95187_596142_0	0.0880475721989920 Allentoft
VK61 HG00621#1#JAHBCD010000034.1_2122997_2624098_1$HG01258#1#JAGYYV010000004.1_56955948_57456952_1	0.0880371213968221 Allentoft
VK61 HG00741#1#JAHALY010000007.1_18781197_19307680_1$chr1_chm13_103304997_103901127_0	0.0880335327802919 Allentoft
VK61 AV_HG00673#haplotype1#0000019:16627360_17129375$HG01258#1#JAGYYV010000004.1_56955948_57456952_1	0.0880310189259623 Allentoft
VK61 HG00438#1#JAHBCB010000015.1_33474867_33954171_0$HG02004.verkko_filt_pat.fa:haplotype2_0000813_139386576_140076845_1	0.0880265976545053 Allentoft
VK61 HG03540#2#JAGYVX010000148.1_1368955_1877115_0$HG02293.verkko_filt_pat.fa:haplotype2_0000836_148310532_148812524_1	0.0880200651320447 Allentoft
VK61 HG03540#2#JAGYVX010000148.1_1368955_1877115_0$HG04228.verkko_filt_mat.fa:haplotype1_0000023_103429213_103930285_0	0.0880192165585752 Allentoft
VK61 HG01109#2#JAHEOZ010000047.1_16671232_17151375_0$HG02004.verkko_filt_pat.fa:haplotype2_0000813_139386576_140076845_1	0.0880007190615597 Allentoft
VK61 HG01258#1#JAGYYV010000004.1_56955948_57456952_1$HG02293.verkko_filt_pat.fa:haplotype2_0000836_148310532_148812524_1	0.0879961719916592 Allentoft
VK61 HG03540#2#JAGYVX010000148.1_1368955_1877115_0$HG02071.verkko_filt_pat.fa:haplotype2_0000736_102745972_103248026_0	0.0879927533882875 Allentoft
VK61 HG03453#1#JAGYVW010000157.1_2105722_2585000_1$HG02004.verkko_filt_pat.fa:haplotype2_0000813_139386576_140076845_1	0.0879766992766777 Allentoft
VK61 HG03486#2#JAHEOP010000248.1_2105565_2584784_1$HG02004.verkko_filt_pat.fa:haplotype2_0000813_139386576_140076845_1	0.0879738747125367 Allentoft
VK61 HG01258#1#JAGYYV010000004.1_56955948_57456952_1$HG02071.verkko_filt_pat.fa:haplotype2_0000736_102745972_103248026_0	0.0879726736914422 Allentoft
VK61 HG01258#1#JAGYYV010000004.1_56955948_57456952_1$HG04228.verkko_filt_mat.fa:haplotype1_0000023_103429213_103930285_0	0.0879667585679733 Allentoft
VK61 NA18906#2#JAHEON010000009.1_93748295_94249275_0$HG03927.verkko_filt_pat.fa:haplotype2_0000800_29002142_29504057_1	0.0879622360432526 Allentoft
VK61 HG02630#2#JAHAOP010000089.1_16669255_17076135_0$HG02004.verkko_filt_pat.fa:haplotype2_0000813_139386576_140076845_1	0.0878970531592136 Allentoft
VK61 HG01071#1#JAHBCF010000053.1_26607100_27108065_1$HG03540#2#JAGYVX010000148.1_1368955_1877115_0	0.0878571607810257 Allentoft
VK61 HG03540#2#JAGYVX010000148.1_1368955_1877115_0$NA18906#2#JAHEON010000009.1_93748295_94249275_0	0.0877879265867183 Allentoft
VK61 HG03540#2#JAGYVX010000148.1_1368955_1877115_0$HG03710.verkko_filt_pat.fa:haplotype2_0000488_101614437_102218208_0	0.0877505650172838 Allentoft
VK61 HG01258#1#JAGYYV010000004.1_56955948_57456952_1$NA18906#2#JAHEON010000009.1_93748295_94249275_0	0.0877255954163522 Allentoft
VK61 HG01071#1#JAHBCF010000053.1_26607100_27108065_1$HG01258#1#JAGYYV010000004.1_56955948_57456952_1	0.0876347254179827 Allentoft
VK61 HG03492#2#JAHEPH010000288.1_2098270_2432686_1$HG03710.verkko_filt_pat.fa:haplotype2_0000488_101614437_102218208_0	0.0874103618465079 Allentoft
VK61 HG00741#1#JAHALY010000007.1_18781197_19307680_1$HG02004.verkko_filt_pat.fa:haplotype2_0000813_139386576_140076845_1	0.0874051300390433 Allentoft
VK61 HG01243#1#JAHEOY010000013.1_90081_424495_0$HG03710.verkko_filt_pat.fa:haplotype2_0000488_101614437_102218208_0	0.0874030504689516 Allentoft
VK61 chr1_hg38_103456064_103863972_0$HG03710.verkko_filt_pat.fa:haplotype2_0000488_101614437_102218208_0	0.0873469604406601 Allentoft
VK61 chr1_hg19_103998686_104406594_0$HG03710.verkko_filt_pat.fa:haplotype2_0000488_101614437_102218208_0	0.0873469604406601 Allentoft
VK61 NA18906#1#JAHEOO010000054.1_2103477_2510435_1$HG03710.verkko_filt_pat.fa:haplotype2_0000488_101614437_102218208_0	0.0873433118971653 Allentoft
VK61 HG03710.verkko_filt_pat.fa:haplotype2_0000488_101614437_102218208_0$HG02300.verkko_filt_pat.fa:haplotype2_0000620_143362344_143769323_1	0.0873414877968621 Allentoft
VK61 HG03710.verkko_filt_pat.fa:haplotype2_0000488_101614437_102218208_0$HG002.verkko_filt_mat.fa:haplotype1_0000005_138228497_138636354_1	0.0873380057408858 Allentoft
VK61 HG02071.verkko_filt_mat.fa:haplotype1_0000041_103610513_104018399_0$HG03710.verkko_filt_pat.fa:haplotype2_0000488_101614437_102218208_0	0.0873330320975561 Allentoft
VK61 HG02080#1#JAHEOW010000048.1_16689583_17097287_0$HG03710.verkko_filt_pat.fa:haplotype2_0000488_101614437_102218208_0	0.0873297168073547 Allentoft
VK61 AV_HG01361#haplotype1#0000023:101593539_102001341$HG03710.verkko_filt_pat.fa:haplotype2_0000488_101614437_102218208_0	0.0873290537946205 Allentoft
VK61 AV_HG00673#haplotype2#0001165:24014011_24421797$HG03710.verkko_filt_pat.fa:haplotype2_0000488_101614437_102218208_0	0.0873290537946205 Allentoft
VK61 HG03710.verkko_filt_pat.fa:haplotype2_0000488_101614437_102218208_0$HG02300.verkko_filt_mat.fa:haplotype1_0000028_144052837_144460586_1	0.0873278935586712 Allentoft
VK61 HG03710.verkko_filt_pat.fa:haplotype2_0000488_101614437_102218208_0$HG01099.verkko_filt_mat.fa:haplotype1_0000034_142513097_142920876_1	0.0873265676313528 Allentoft
VK61 HG02630#1#JAHAOQ010000102.1_16672145_17079089_0$HG03710.verkko_filt_pat.fa:haplotype2_0000488_101614437_102218208_0	0.0873219273613118 Allentoft
VK61 HG02717#1#JAHAOS010000015.1_16660311_17067250_0$HG03710.verkko_filt_pat.fa:haplotype2_0000488_101614437_102218208_0	0.0873217616510623 Allentoft
VK61 HG00621#2#JAHBCC010000031.1_16669999_17077865_0$HG03710.verkko_filt_pat.fa:haplotype2_0000488_101614437_102218208_0	0.0873184476441748 Allentoft
VK61 AV_HG01175#haplotype1#0000070:46006269_46414083$HG03710.verkko_filt_pat.fa:haplotype2_0000488_101614437_102218208_0	0.0873134773412355 Allentoft
VK61 HG01978#2#JAGYVR010000007.1_51532241_51939176_0$HG03710.verkko_filt_pat.fa:haplotype2_0000488_101614437_102218208_0	0.0873060234779804 Allentoft
VK61 AV_HG02148#haplotype2#0002863:16304803_16712699$HG03710.verkko_filt_pat.fa:haplotype2_0000488_101614437_102218208_0	0.0873010552962276 Allentoft
VK61 HG03486#1#JAHEOQ010000123.1_16677696_17085575_0$HG03710.verkko_filt_pat.fa:haplotype2_0000488_101614437_102218208_0	0.0872881419919523 Allentoft
VK61 HG005#2#JAHEPN010000023.1_51542210_51950070_0$HG03710.verkko_filt_pat.fa:haplotype2_0000488_101614437_102218208_0	0.0872856593210923 Allentoft
VK61 HG02145#2#JAHKSF010000206.1_1005292_1413195_1$HG03710.verkko_filt_pat.fa:haplotype2_0000488_101614437_102218208_0	0.0872849973113060 Allentoft
VK61 AV_HG02257#haplotype2#0001152:102843493_103251377$HG03710.verkko_filt_pat.fa:haplotype2_0000488_101614437_102218208_0	0.0872717602779707 Allentoft
VK61 HG02004.verkko_filt_mat.fa:haplotype1_0000022_97828542_98235483_0$HG03710.verkko_filt_pat.fa:haplotype2_0000488_101614437_102218208_0	0.0872623325649506 Allentoft
VK61 HG01928#1#JAGYVQ010000053.1_16676493_17083407_0$HG03710.verkko_filt_pat.fa:haplotype2_0000488_101614437_102218208_0	0.0872586946156392 Allentoft
VK61 HG03453#2#JAGYVV010000088.1_22597550_23005370_1$HG03710.verkko_filt_pat.fa:haplotype2_0000488_101614437_102218208_0	0.0872496017325955 Allentoft
VK61 HG01258#1#JAGYYV010000004.1_56955948_57456952_1$HG03927.verkko_filt_pat.fa:haplotype2_0000800_29002142_29504057_1	0.0872492546677782 Allentoft
VK61 HG02818#1#JAHEOS010000101.1_89626_496613_0$HG03710.verkko_filt_pat.fa:haplotype2_0000488_101614437_102218208_0	0.0872477834970751 Allentoft
VK61 HG02109#1#JAHEPG010000026.1_16673035_17080816_0$HG03710.verkko_filt_pat.fa:haplotype2_0000488_101614437_102218208_0	0.0872415031943377 Allentoft
VK61 HG03710.verkko_filt_pat.fa:haplotype2_0000488_101614437_102218208_0$HG02809.verkko_filt_pat.fa:haplotype2_0001251_103421111_103827972_0	0.0872150746835449 Allentoft
VK61 HG02559#2#JAGYVJ010000037.1_52167780_52574597_1$HG03710.verkko_filt_pat.fa:haplotype2_0000488_101614437_102218208_0	0.0872025295519864 Allentoft
VK61 HG03516#2#JAGYYS010000004.1_24452130_24859892_1$HG03710.verkko_filt_pat.fa:haplotype2_0000488_101614437_102218208_0	0.0871979090258545 Allentoft
VK61 HG02486#2#JAGYVL010000029.1_94163344_94570162_0$HG03710.verkko_filt_pat.fa:haplotype2_0000488_101614437_102218208_0	0.0871886701765775 Allentoft
VK61 HG03540#2#JAGYVX010000148.1_1368955_1877115_0$HG03927.verkko_filt_pat.fa:haplotype2_0000800_29002142_29504057_1	0.0871874293952144 Allentoft
VK61 HG03579#1#JAGYVU010000029.1_91404_499180_0$HG03710.verkko_filt_pat.fa:haplotype2_0000488_101614437_102218208_0	0.0871827324668238 Allentoft
VK61 HG02559#1#JAGYVK010000012.1_51505852_51913611_0$HG03710.verkko_filt_pat.fa:haplotype2_0000488_101614437_102218208_0	0.0871739930458053 Allentoft
VK61 HG03710.verkko_filt_pat.fa:haplotype2_0000488_101614437_102218208_0$HG03927.verkko_filt_mat.fa:haplotype1_0000009_134765170_135173010_1	0.0871683880083775 Allentoft
VK61 HG02622#1#JAHAOO010000002.1_16673678_17080663_0$HG03710.verkko_filt_pat.fa:haplotype2_0000488_101614437_102218208_0	0.0871449904159761 Allentoft
VK61 NA19240#1#JAHEOM010000047.1_30103390_30511199_1$HG03710.verkko_filt_pat.fa:haplotype2_0000488_101614437_102218208_0	0.0871347804731686 Allentoft
VK61 HG01123#1#JAGYYZ010000015.1_51528240_51935090_0$HG03710.verkko_filt_pat.fa:haplotype2_0000488_101614437_102218208_0	0.0871211179399342 Allentoft
VK61 HG02818#2#JAHEOR010000010.1_31775319_32183091_1$HG03710.verkko_filt_pat.fa:haplotype2_0000488_101614437_102218208_0	0.0871204596669120 Allentoft
VK61 HG02717#2#JAHAOR010000006.1_19663827_20070693_1$HG03710.verkko_filt_pat.fa:haplotype2_0000488_101614437_102218208_0	0.0871171685256075 Allentoft
VK61 HG01258#2#JAGYYU010000072.1_51562603_51970395_0$HG03710.verkko_filt_pat.fa:haplotype2_0000488_101614437_102218208_0	0.0871161812559465 Allentoft
VK61 HG005#1#JAHEPO010000002.1_51519219_51926067_0$HG03710.verkko_filt_pat.fa:haplotype2_0000488_101614437_102218208_0	0.0871046655894392 Allentoft
VK61 HG00741#2#JAHALX010000013.1_51574319_51981226_0$HG03710.verkko_filt_pat.fa:haplotype2_0000488_101614437_102218208_0	0.0870596338629075 Allentoft
VK61 HG01258#1#JAGYYV010000004.1_56955948_57456952_1$HG03540#2#JAGYVX010000148.1_1368955_1877115_0	0.0870568421074412 Allentoft
VK61 NA19240#2#JAHEOL010000010.1_37445323_37853017_0$HG03710.verkko_filt_pat.fa:haplotype2_0000488_101614437_102218208_0	0.0869932572051004 Allentoft
VK61 HG03516#1#JAGYYT010000012.1_24170958_24578778_1$HG03710.verkko_filt_pat.fa:haplotype2_0000488_101614437_102218208_0	0.0869018653404703 Allentoft
VK61 HG02886#1#JAHAOU010000178.1_62411_469262_0$HG03710.verkko_filt_pat.fa:haplotype2_0000488_101614437_102218208_0	0.0868961115401583 Allentoft
VK61 HG01109#1#JAHEPA010000099.1_2104245_2511104_1$HG03710.verkko_filt_pat.fa:haplotype2_0000488_101614437_102218208_0	0.0867729261267388 Allentoft
VK61 HG02622#2#JAHAON010000012.1_51551779_52031001_0$HG03710.verkko_filt_pat.fa:haplotype2_0000488_101614437_102218208_0	0.0867721634265312 Allentoft
VK61 HG00438#1#JAHBCB010000015.1_33474867_33954171_0$HG03710.verkko_filt_pat.fa:haplotype2_0000488_101614437_102218208_0	0.0867628145473937 Allentoft
VK61 NA20129#2#JAHEPD010000155.1_90039_569275_0$HG03710.verkko_filt_pat.fa:haplotype2_0000488_101614437_102218208_0	0.0867500832542037 Allentoft
VK61 HG01109#2#JAHEOZ010000047.1_16671232_17151375_0$HG03710.verkko_filt_pat.fa:haplotype2_0000488_101614437_102218208_0	0.0867442612327197 Allentoft
VK61 HG03486#2#JAHEOP010000248.1_2105565_2584784_1$HG03710.verkko_filt_pat.fa:haplotype2_0000488_101614437_102218208_0	0.0866604458918366 Allentoft
VK61 HG03453#1#JAGYVW010000157.1_2105722_2585000_1$HG03710.verkko_filt_pat.fa:haplotype2_0000488_101614437_102218208_0	0.0866008417881086 Allentoft
VK61 HG02630#2#JAHAOP010000089.1_16669255_17076135_0$HG03710.verkko_filt_pat.fa:haplotype2_0000488_101614437_102218208_0	0.0864402523590491 Allentoft
VK61 AV_HG01106#haplotype1#0000048:16666181_17262214$HG03492#1#JAHEPI010000180.1_2103395_2543326_1	0.0860653239159496 Allentoft
VK61 HG01978#1#JAGYVS010000002.1_51519970_52021951_0$NA18906#1#JAHEOO010000054.1_2103477_2510435_1	0.0860511093223793 Allentoft
VK61 HG01978#1#JAGYVS010000002.1_51519970_52021951_0$HG02486#2#JAGYVL010000029.1_94163344_94570162_0	0.0860474769463438 Allentoft
VK61 AV_HG01106#haplotype2#0000932:16673968_17175925$HG02486#2#JAGYVL010000029.1_94163344_94570162_0	0.0860469926642929 Allentoft
VK61 HG02630#1#JAHAOQ010000102.1_16672145_17079089_0$HG01978#1#JAGYVS010000002.1_51519970_52021951_0	0.0860445713766834 Allentoft
VK61 AV_HG01106#haplotype2#0000932:16673968_17175925$NA18906#1#JAHEOO010000054.1_2103477_2510435_1	0.0860404556568006 Allentoft
VK61 HG02717#1#JAHAOS010000015.1_16660311_17067250_0$HG01978#1#JAGYVS010000002.1_51519970_52021951_0	0.0860351303076611 Allentoft
VK61 AV_HG01106#haplotype2#0000932:16673968_17175925$HG02630#1#JAHAOQ010000102.1_16672145_17079089_0	0.0860344042002976 Allentoft
VK61 AV_HG01106#haplotype2#0000932:16673968_17175925$HG02717#1#JAHAOS010000015.1_16660311_17067250_0	0.0860235147954890 Allentoft
VK61 HG01358#1#JAGYZB010000020.1_27445742_27855492_1$HG03710.verkko_filt_pat.fa:haplotype2_0000488_101614437_102218208_0	0.0860107970094927 Allentoft
VK61 HG02080#1#JAHEOW010000048.1_16689583_17097287_0$HG01978#1#JAGYVS010000002.1_51519970_52021951_0	0.0860022319031287 Allentoft
VK61 HG03492#1#JAHEPI010000180.1_2103395_2543326_1$chr1_chm13_103304997_103901127_0	0.0859990809232341 Allentoft
VK61 HG02559#2#JAGYVJ010000037.1_52167780_52574597_1$HG01978#1#JAGYVS010000002.1_51519970_52021951_0	0.0859971553652839 Allentoft
VK61 HG01978#1#JAGYVS010000002.1_51519970_52021951_0$HG02300.verkko_filt_mat.fa:haplotype1_0000028_144052837_144460586_1	0.0859966719323730 Allentoft
VK61 AV_HG01106#haplotype2#0000932:16673968_17175925$HG02559#2#JAGYVJ010000037.1_52167780_52574597_1	0.0859932881302614 Allentoft
VK61 AV_HG01106#haplotype2#0000932:16673968_17175925$HG02080#1#JAHEOW010000048.1_16689583_17097287_0	0.0859906297088022 Allentoft
VK61 HG01978#1#JAGYVS010000002.1_51519970_52021951_0$HG01099.verkko_filt_mat.fa:haplotype1_0000034_142513097_142920876_1	0.0859894214169129 Allentoft
VK61 AV_HG01106#haplotype2#0000932:16673968_17175925$HG02809.verkko_filt_pat.fa:haplotype2_0001251_103421111_103827972_0	0.0859894214169129 Allentoft
VK61 HG01978#1#JAGYVS010000002.1_51519970_52021951_0$HG02809.verkko_filt_pat.fa:haplotype2_0001251_103421111_103827972_0	0.0859884548200736 Allentoft
VK61 AV_HG01106#haplotype2#0000932:16673968_17175925$HG02300.verkko_filt_mat.fa:haplotype1_0000028_144052837_144460586_1	0.0859879715338774 Allentoft
VK61 AV_HG01361#haplotype1#0000023:101593539_102001341$HG01978#1#JAGYVS010000002.1_51519970_52021951_0	0.0859819311438918 Allentoft
VK61 AV_HG01106#haplotype2#0000932:16673968_17175925$HG01099.verkko_filt_mat.fa:haplotype1_0000034_142513097_142920876_1	0.0859787906441293 Allentoft
VK61 AV_HG01106#haplotype2#0000932:16673968_17175925$AV_HG01361#haplotype1#0000023:101593539_102001341	0.0859751674181282 Allentoft
VK61 HG02145#2#JAHKSF010000206.1_1005292_1413195_1$HG01978#1#JAGYVS010000002.1_51519970_52021951_0	0.0859703371625852 Allentoft
VK61 NA18906#1#JAHEOO010000054.1_2103477_2510435_1$HG02486#1#JAGYVM010000007.1_28868414_29370339_1	0.0859621275962353 Allentoft
VK61 AV_HG01106#haplotype2#0000932:16673968_17175925$HG02145#2#JAHKSF010000206.1_1005292_1413195_1	0.0859582650846027 Allentoft
VK61 HG01978#1#JAGYVS010000002.1_51519970_52021951_0$HG02818#1#JAHEOS010000101.1_89626_496613_0	0.0859531963281367 Allentoft
VK61 AV_HG02257#haplotype2#0001152:102843493_103251377$HG01978#1#JAGYVS010000002.1_51519970_52021951_0	0.0859515069418993 Allentoft
VK61 AV_HG01106#haplotype2#0000932:16673968_17175925$HG02109#1#JAHEPG010000026.1_16673035_17080816_0	0.0859503002984300 Allentoft
VK61 HG01978#1#JAGYVS010000002.1_51519970_52021951_0$HG02109#1#JAHEPG010000026.1_16673035_17080816_0	0.0859478871639402 Allentoft
VK61 HG02717#1#JAHAOS010000015.1_16660311_17067250_0$HG02486#1#JAGYVM010000007.1_28868414_29370339_1	0.0859457155166718 Allentoft
VK61 AV_HG00673#haplotype2#0001165:24014011_24421797$HG01978#1#JAGYVS010000002.1_51519970_52021951_0	0.0859428202430290 Allentoft
VK61 AV_HG01106#haplotype2#0000932:16673968_17175925$HG02818#1#JAHEOS010000101.1_89626_496613_0	0.0859420964703361 Allentoft
VK61 HG02080#2#JAHEOV010000017.1_16662177_17164189_0$HG02486#2#JAGYVL010000029.1_94163344_94570162_0	0.0859404077384952 Allentoft
VK61 HG02486#1#JAGYVM010000007.1_28868414_29370339_1$HG02300.verkko_filt_mat.fa:haplotype1_0000028_144052837_144460586_1	0.0859396840267513 Allentoft
VK61 AV_HG01106#haplotype2#0000932:16673968_17175925$AV_HG02257#haplotype2#0001152:102843493_103251377	0.0859384778811399 Allentoft
VK61 HG02630#1#JAHAOQ010000102.1_16672145_17079089_0$HG02486#1#JAGYVM010000007.1_28868414_29370339_1	0.0859372717863111 Allentoft
VK61 AV_HG00673#haplotype2#0001165:24014011_24421797$AV_HG01106#haplotype2#0000932:16673968_17175925	0.0859297951316223 Allentoft
VK61 HG02080#2#JAHEOV010000017.1_16662177_17164189_0$NA18906#1#JAHEOO010000054.1_2103477_2510435_1	0.0859281071248143 Allentoft
VK61 HG02080#1#JAHEOW010000048.1_16689583_17097287_0$HG02486#1#JAGYVM010000007.1_28868414_29370339_1	0.0859278659891051 Allentoft
VK61 NA18906#1#JAHEOO010000054.1_2103477_2510435_1$HG01099.verkko_filt_pat.fa:haplotype2_0000583_143544270_144046196_1	0.0859273837237769 Allentoft
VK61 HG02486#1#JAGYVM010000007.1_28868414_29370339_1$HG02300.verkko_filt_pat.fa:haplotype2_0000620_143362344_143769323_1	0.0859266603410094 Allentoft
VK61 HG02486#1#JAGYVM010000007.1_28868414_29370339_1$HG01099.verkko_filt_mat.fa:haplotype1_0000034_142513097_142920876_1	0.0859261780959807 Allentoft
VK61 chr1_hg38_103456064_103863972_0$HG02486#1#JAGYVM010000007.1_28868414_29370339_1	0.0859259369765111 Allentoft
VK61 chr1_hg19_103998686_104406594_0$HG02486#1#JAGYVM010000007.1_28868414_29370339_1	0.0859259369765111 Allentoft
VK61 HG02717#1#JAHAOS010000015.1_16660311_17067250_0$HG01099.verkko_filt_pat.fa:haplotype2_0000583_143544270_144046196_1	0.0859201507181223 Allentoft
VK61 AV_HG01361#haplotype1#0000023:101593539_102001341$HG02486#1#JAGYVM010000007.1_28868414_29370339_1	0.0859187043361629 Allentoft
VK61 HG01123#1#JAGYYZ010000015.1_51528240_51935090_0$HG01978#1#JAGYVS010000002.1_51519970_52021951_0	0.0859184632796045 Allentoft
VK61 HG02630#1#JAHAOQ010000102.1_16672145_17079089_0$HG02080#2#JAHEOV010000017.1_16662177_17164189_0	0.0859162938618783 Allentoft
VK61 NA18906#1#JAHEOO010000054.1_2103477_2510435_1$HG03540#1#JAGYVY010000208.1_95187_596142_0	0.0859124375249771 Allentoft
VK61 HG02630#1#JAHAOQ010000102.1_16672145_17079089_0$HG01099.verkko_filt_pat.fa:haplotype2_0000583_143544270_144046196_1	0.0859112325261829 Allentoft
VK61 AV_HG00673#haplotype1#0000019:16627360_17129375$HG02486#2#JAGYVL010000029.1_94163344_94570162_0	0.0859112325261829 Allentoft
VK61 AV_HG00673#haplotype2#0001165:24014011_24421797$HG02486#1#JAGYVM010000007.1_28868414_29370339_1	0.0859061720848733 Allentoft
VK61 AV_HG01106#haplotype2#0000932:16673968_17175925$HG01123#1#JAGYYZ010000015.1_51528240_51935090_0	0.0859049673496914 Allentoft
VK61 HG02486#1#JAGYVM010000007.1_28868414_29370339_1$HG002.verkko_filt_mat.fa:haplotype1_0000005_138228497_138636354_1	0.0859042445329106 Allentoft
VK61 HG01978#2#JAGYVR010000007.1_51532241_51939176_0$HG02486#1#JAGYVM010000007.1_28868414_29370339_1	0.0859035217343752 Allentoft
VK61 HG01978#1#JAGYVS010000002.1_51519970_52021951_0$HG02717#2#JAHAOR010000006.1_19663827_20070693_1	0.0859011125376859 Allentoft
VK61 HG00621#1#JAHBCD010000034.1_2122997_2624098_1$HG02486#2#JAGYVL010000029.1_94163344_94570162_0	0.0859008716291654 Allentoft
VK61 AV_HG00673#haplotype1#0000019:16627360_17129375$NA18906#1#JAHEOO010000054.1_2103477_2510435_1	0.0858960538843576 Allentoft
VK61 AV_HG01106#haplotype2#0000932:16673968_17175925$HG02717#2#JAHAOR010000006.1_19663827_20070693_1	0.0858948495748080 Allentoft
VK61 HG02486#1#JAGYVM010000007.1_28868414_29370339_1$HG02071.verkko_filt_mat.fa:haplotype1_0000041_103610513_104018399_0	0.0858946087189766 Allentoft
VK61 HG02717#1#JAHAOS010000015.1_16660311_17067250_0$HG02080#2#JAHEOV010000017.1_16662177_17164189_0	0.0858943678651714 Allentoft
VK61 HG005#1#JAHEPO010000002.1_51519219_51926067_0$HG01978#1#JAGYVS010000002.1_51519970_52021951_0	0.0858943678651714 Allentoft
VK61 AV_HG01106#haplotype2#0000932:16673968_17175925$HG03516#2#JAGYYS010000004.1_24452130_24859892_1	0.0858943678651714 Allentoft
VK61 AV_HG01175#haplotype1#0000070:46006269_46414083$HG02486#1#JAGYVM010000007.1_28868414_29370339_1	0.0858931636265361 Allentoft
VK61 HG02630#1#JAHAOQ010000102.1_16672145_17079089_0$HG03540#1#JAGYVY010000208.1_95187_596142_0	0.0858929227848870 Allentoft
VK61 HG01978#1#JAGYVS010000002.1_51519970_52021951_0$HG03516#2#JAGYYS010000004.1_24452130_24859892_1	0.0858929227848870 Allentoft
VK61 HG02717#1#JAHAOS010000015.1_16660311_17067250_0$HG03540#1#JAGYVY010000208.1_95187_596142_0	0.0858926819452638 Allentoft
VK61 AV_HG01106#haplotype2#0000932:16673968_17175925$HG005#1#JAHEPO010000002.1_51519219_51926067_0	0.0858924411076666 Allentoft
VK61 AV_HG00673#haplotype1#0000019:16627360_17129375$HG02630#1#JAHAOQ010000102.1_16672145_17079089_0	0.0858847353740576 Allentoft
VK61 HG00621#2#JAHBCC010000031.1_16669999_17077865_0$HG02486#1#JAGYVM010000007.1_28868414_29370339_1	0.0858844946032990 Allentoft
VK61 HG01978#1#JAGYVS010000002.1_51519970_52021951_0$HG03579#1#JAGYVU010000029.1_91404_499180_0	0.0858832907798794 Allentoft
VK61 HG00621#1#JAHBCD010000034.1_2122997_2624098_1$NA18906#1#JAHEOO010000054.1_2103477_2510435_1	0.0858789574346748 Allentoft
VK61 HG02080#1#JAHEOW010000048.1_16689583_17097287_0$HG02080#2#JAHEOV010000017.1_16662177_17164189_0	0.0858784759923629 Allentoft
VK61 HG00621#1#JAHBCD010000034.1_2122997_2624098_1$HG02630#1#JAHAOQ010000102.1_16672145_17079089_0	0.0858782352742433 Allentoft
VK61 HG02080#2#JAHEOV010000017.1_16662177_17164189_0$HG02300.verkko_filt_mat.fa:haplotype1_0000028_144052837_144460586_1	0.0858777538440766 Allentoft
VK61 AV_HG01106#haplotype2#0000932:16673968_17175925$HG03579#1#JAGYVU010000029.1_91404_499180_0	0.0858770317140075 Allentoft
VK61 HG02080#1#JAHEOW010000048.1_16689583_17097287_0$HG00621#1#JAHBCD010000034.1_2122997_2624098_1	0.0858751061228796 Allentoft
VK61 AV_HG01106#haplotype2#0000932:16673968_17175925$HG02559#1#JAGYVK010000012.1_51505852_51913611_0	0.0858748654330962 Allentoft
VK61 HG01978#1#JAGYVS010000002.1_51519970_52021951_0$HG01258#2#JAGYYU010000072.1_51562603_51970395_0	0.0858746247453365 Allentoft
VK61 HG02559#1#JAGYVK010000012.1_51505852_51913611_0$HG01978#1#JAGYVS010000002.1_51519970_52021951_0	0.0858729399876826 Allentoft
VK61 HG02486#2#JAGYVL010000029.1_94163344_94570162_0$HG02293.verkko_filt_pat.fa:haplotype2_0000836_148310532_148812524_1	0.0858726993161123 Allentoft
VK61 AV_HG01106#haplotype2#0000932:16673968_17175925$HG01258#2#JAGYYU010000072.1_51562603_51970395_0	0.0858702927116991 Allentoft
VK61 HG00621#1#JAHBCD010000034.1_2122997_2624098_1$HG02300.verkko_filt_mat.fa:haplotype1_0000028_144052837_144460586_1	0.0858686082089953 Allentoft
VK61 HG02080#2#JAHEOV010000017.1_16662177_17164189_0$HG01099.verkko_filt_mat.fa:haplotype1_0000034_142513097_142920876_1	0.0858676456805297 Allentoft
VK61 NA18906#1#JAHEOO010000054.1_2103477_2510435_1$HG02293.verkko_filt_pat.fa:haplotype2_0000836_148310532_148812524_1	0.0858637958903204 Allentoft
VK61 HG02559#2#JAGYVJ010000037.1_52167780_52574597_1$HG02080#2#JAHEOV010000017.1_16662177_17164189_0	0.0858637958903204 Allentoft
VK61 HG02080#2#JAHEOV010000017.1_16662177_17164189_0$HG02809.verkko_filt_pat.fa:haplotype2_0001251_103421111_103827972_0	0.0858628335236723 Allentoft
VK61 AV_HG00673#haplotype1#0000019:16627360_17129375$HG02717#1#JAHAOS010000015.1_16660311_17067250_0	0.0858628335236723 Allentoft
VK61 HG00621#1#JAHBCD010000034.1_2122997_2624098_1$HG01099.verkko_filt_mat.fa:haplotype1_0000034_142513097_142920876_1	0.0858623523524826 Allentoft
VK61 AV_HG02148#haplotype2#0002863:16304803_16712699$HG02486#1#JAGYVM010000007.1_28868414_29370339_1	0.0858616306108655 Allentoft
VK61 AV_HG01361#haplotype1#0000023:101593539_102001341$HG00621#1#JAHBCD010000034.1_2122997_2624098_1	0.0858601871822309 Allentoft
VK61 HG02145#2#JAHKSF010000206.1_1005292_1413195_1$HG02486#1#JAGYVM010000007.1_28868414_29370339_1	0.0858599466178692 Allentoft
VK61 AV_HG02257#haplotype2#0001152:102843493_103251377$HG02486#1#JAGYVM010000007.1_28868414_29370339_1	0.0858594654952118 Allentoft
VK61 HG01928#1#JAGYVQ010000053.1_16676493_17083407_0$HG02486#1#JAGYVM010000007.1_28868414_29370339_1	0.0858582627239527 Allentoft
VK61 HG02486#1#JAGYVM010000007.1_28868414_29370339_1$HG02004.verkko_filt_mat.fa:haplotype1_0000022_97828542_98235483_0	0.0858563383950724 Allentoft
VK61 HG005#2#JAHEPN010000023.1_51542210_51950070_0$HG02486#1#JAGYVM010000007.1_28868414_29370339_1	0.0858551357552256 Allentoft
VK61 HG02630#1#JAHAOQ010000102.1_16672145_17079089_0$HG02293.verkko_filt_pat.fa:haplotype2_0000836_148310532_148812524_1	0.0858539331659156 Allentoft
VK61 AV_HG01361#haplotype1#0000023:101593539_102001341$HG02080#2#JAHEOV010000017.1_16662177_17164189_0	0.0858529711308518 Allentoft
VK61 HG00621#1#JAHBCD010000034.1_2122997_2624098_1$HG02717#1#JAHAOS010000015.1_16660311_17067250_0	0.0858496042627899 Allentoft
VK61 AV_HG00673#haplotype1#0000019:16627360_17129375$HG02080#1#JAHEOW010000048.1_16689583_17097287_0	0.0858493637873711 Allentoft
VK61 AV_HG00673#haplotype1#0000019:16627360_17129375$HG02300.verkko_filt_mat.fa:haplotype1_0000028_144052837_144460586_1	0.0858486423732394 Allentoft
VK61 HG03486#1#JAHEOQ010000123.1_16677696_17085575_0$HG02486#1#JAGYVM010000007.1_28868414_29370339_1	0.0858471995995345 Allentoft
VK61 HG02486#1#JAGYVM010000007.1_28868414_29370339_1$HG02818#1#JAHEOS010000101.1_89626_496613_0	0.0858404676172556 Allentoft
VK61 HG02145#2#JAHKSF010000206.1_1005292_1413195_1$HG03540#1#JAGYVY010000208.1_95187_596142_0	0.0858397464273692 Allentoft
VK61 HG01978#1#JAGYVS010000002.1_51519970_52021951_0$HG02622#1#JAHAOO010000002.1_16673678_17080663_0	0.0858392656442100 Allentoft
VK61 AV_HG00673#haplotype1#0000019:16627360_17129375$HG01099.verkko_filt_mat.fa:haplotype1_0000034_142513097_142920876_1	0.0858385444846181 Allentoft
VK61 HG02145#2#JAHKSF010000206.1_1005292_1413195_1$HG02080#2#JAHEOV010000017.1_16662177_17164189_0	0.0858380637216544 Allentoft
VK61 AV_HG02257#haplotype2#0001152:102843493_103251377$HG01099.verkko_filt_pat.fa:haplotype2_0000583_143544270_144046196_1	0.0858373425923549 Allentoft
VK61 AV_HG01106#haplotype1#0000048:16666181_17262214$HG01891#1#JAGYVO010000014.1_22855818_23168577_1	0.0858371022199605 Allentoft
VK61 AV_HG00673#haplotype1#0000019:16627360_17129375$HG02809.verkko_filt_pat.fa:haplotype2_0001251_103421111_103827972_0	0.0858371022199605 Allentoft
VK61 AV_HG02257#haplotype2#0001152:102843493_103251377$HG03540#1#JAGYVY010000208.1_95187_596142_0	0.0858363811148933 Allentoft
VK61 HG01978#1#JAGYVS010000002.1_51519970_52021951_0$HG00741#2#JAHALX010000013.1_51574319_51981226_0	0.0858346986070763 Allentoft
VK61 AV_HG01106#haplotype1#0000048:16666181_17262214$HG02109#2#JAHEPF010000078.1_16678387_16991144_0	0.0858346986070763 Allentoft
VK61 HG02717#1#JAHAOS010000015.1_16660311_17067250_0$HG02293.verkko_filt_pat.fa:haplotype2_0000836_148310532_148812524_1	0.0858339775625842 Allentoft
VK61 AV_HG01106#haplotype1#0000048:16666181_17262214$HG02647.verkko_filt_pat.fa:haplotype2_0000857_103738150_104051769_0	0.0858339775625842 Allentoft
VK61 HG02486#1#JAGYVM010000007.1_28868414_29370339_1$HG02809.verkko_filt_pat.fa:haplotype2_0001251_103421111_103827972_0	0.0858332565362629 Allentoft
VK61 HG00621#1#JAHBCD010000034.1_2122997_2624098_1$HG02809.verkko_filt_pat.fa:haplotype2_0001251_103421111_103827972_0	0.0858320548661049 Allentoft
VK61 HG00621#1#JAHBCD010000034.1_2122997_2624098_1$HG02559#2#JAGYVJ010000037.1_52167780_52574597_1	0.0858291710636324 Allentoft
VK61 AV_HG01106#haplotype2#0000932:16673968_17175925$NA19240#1#JAHEOM010000047.1_30103390_30511199_1	0.0858291710636324 Allentoft
VK61 HG02486#2#JAGYVL010000029.1_94163344_94570162_0$HG02071.verkko_filt_pat.fa:haplotype2_0000736_102745972_103248026_0	0.0858277292713938 Allentoft
VK61 HG01978#1#JAGYVS010000002.1_51519970_52021951_0$NA19240#1#JAHEOM010000047.1_30103390_30511199_1	0.0858277292713938 Allentoft
VK61 HG00621#1#JAHBCD010000034.1_2122997_2624098_1$HG02109#1#JAHEPG010000026.1_16673035_17080816_0	0.0858272486901272 Allentoft
VK61 AV_HG01106#haplotype1#0000048:16666181_17262214$HG02886#2#JAHAOT010000031.1_87393_401061_0	0.0858262875518121 Allentoft
VK61 AV_HG00673#haplotype1#0000019:16627360_17129375$AV_HG01361#haplotype1#0000023:101593539_102001341	0.0858262875518121 Allentoft
VK61 AV_HG01106#haplotype2#0000932:16673968_17175925$HG02622#1#JAHAOO010000002.1_16673678_17080663_0	0.0858258069947632 Allentoft
VK61 AV_HG01106#haplotype2#0000932:16673968_17175925$HG00741#2#JAHALX010000013.1_51574319_51981226_0	0.0858255667192657 Allentoft
VK61 chr1_hg38_103456064_103863972_0$HG03540#1#JAGYVY010000208.1_95187_596142_0	0.0858253264457863 Allentoft
VK61 chr1_hg19_103998686_104406594_0$HG03540#1#JAGYVY010000208.1_95187_596142_0	0.0858253264457863 Allentoft
VK61 HG02145#2#JAHKSF010000206.1_1005292_1413195_1$HG01099.verkko_filt_pat.fa:haplotype2_0000583_143544270_144046196_1	0.0858253264457863 Allentoft
VK61 AV_HG01106#haplotype1#0000048:16666181_17262214$HG03579#2#JAGYVT010000094.1_51581892_51895531_0	0.0858253264457863 Allentoft
VK61 AV_HG00673#haplotype1#0000019:16627360_17129375$HG02559#2#JAGYVJ010000037.1_52167780_52574597_1	0.0858250861743248 Allentoft
VK61 HG02080#1#JAHEOW010000048.1_16689583_17097287_0$HG01099.verkko_filt_pat.fa:haplotype2_0000583_143544270_144046196_1	0.0858243653720479 Allentoft
VK61 chr1_hg38_103456064_103863972_0$HG01099.verkko_filt_pat.fa:haplotype2_0000583_143544270_144046196_1	0.0858234043305951 Allentoft
VK61 chr1_hg19_103998686_104406594_0$HG01099.verkko_filt_pat.fa:haplotype2_0000583_143544270_144046196_1	0.0858234043305951 Allentoft
VK61 HG02486#2#JAGYVL010000029.1_94163344_94570162_0$HG04228.verkko_filt_mat.fa:haplotype1_0000023_103429213_103930285_0	0.0858234043305951 Allentoft
VK61 NA18906#1#JAHEOO010000054.1_2103477_2510435_1$HG04228.verkko_filt_mat.fa:haplotype1_0000023_103429213_103930285_0	0.0858222030741781 Allentoft
VK61 HG02809.verkko_filt_pat.fa:haplotype2_0001251_103421111_103827972_0$HG01099.verkko_filt_pat.fa:haplotype2_0000583_143544270_144046196_1	0.0858222030741781 Allentoft
VK61 HG00621#1#JAHBCD010000034.1_2122997_2624098_1$HG02145#2#JAHKSF010000206.1_1005292_1413195_1	0.0858217225857347 Allentoft
VK61 HG02080#1#JAHEOW010000048.1_16689583_17097287_0$HG03540#1#JAGYVY010000208.1_95187_596142_0	0.0858214823445394 Allentoft
VK61 HG02559#2#JAGYVJ010000037.1_52167780_52574597_1$HG02486#1#JAGYVM010000007.1_28868414_29370339_1	0.0858207616330582 Allentoft
VK61 HG02559#2#JAGYVJ010000037.1_52167780_52574597_1$HG01099.verkko_filt_pat.fa:haplotype2_0000583_143544270_144046196_1	0.0858207616330582 Allentoft
VK61 HG02080#2#JAHEOV010000017.1_16662177_17164189_0$HG02109#1#JAHEPG010000026.1_16673035_17080816_0	0.0858195604876045 Allentoft
VK61 HG02818#2#JAHEOR010000010.1_31775319_32183091_1$HG01978#1#JAGYVS010000002.1_51519970_52021951_0	0.0858193202645657 Allentoft
VK61 HG02080#1#JAHEOW010000048.1_16689583_17097287_0$HG02293.verkko_filt_pat.fa:haplotype2_0000836_148310532_148812524_1	0.0858190800435442 Allentoft
VK61 HG03540#1#JAGYVY010000208.1_95187_596142_0$HG02300.verkko_filt_mat.fa:haplotype1_0000028_144052837_144460586_1	0.0858188398245400 Allentoft
VK61 AV_HG01106#haplotype2#0000932:16673968_17175925$HG02818#2#JAHEOR010000010.1_31775319_32183091_1	0.0858188398245400 Allentoft
VK61 HG03540#1#JAGYVY010000208.1_95187_596142_0$HG01099.verkko_filt_mat.fa:haplotype1_0000034_142513097_142920876_1	0.0858173985528746 Allentoft
VK61 HG02818#1#JAHEOS010000101.1_89626_496613_0$HG01099.verkko_filt_pat.fa:haplotype2_0000583_143544270_144046196_1	0.0858173985528746 Allentoft
VK61 HG02080#2#JAHEOV010000017.1_16662177_17164189_0$HG02818#1#JAHEOS010000101.1_89626_496613_0	0.0858161975486221 Allentoft
VK61 NA18906#1#JAHEOO010000054.1_2103477_2510435_1$HG02071.verkko_filt_pat.fa:haplotype2_0000736_102745972_103248026_0	0.0858159573538224 Allentoft
VK61 HG02300.verkko_filt_mat.fa:haplotype1_0000028_144052837_144460586_1$HG01099.verkko_filt_pat.fa:haplotype2_0000583_143544270_144046196_1	0.0858159573538224 Allentoft
VK61 HG02630#1#JAHAOQ010000102.1_16672145_17079089_0$HG04228.verkko_filt_mat.fa:haplotype1_0000023_103429213_103930285_0	0.0858147564100764 Allentoft
VK61 HG02300.verkko_filt_pat.fa:haplotype2_0000620_143362344_143769323_1$HG01099.verkko_filt_pat.fa:haplotype2_0000583_143544270_144046196_1	0.0858140358680296 Allentoft
VK61 HG03453#2#JAGYVV010000088.1_22597550_23005370_1$HG02486#1#JAGYVM010000007.1_28868414_29370339_1	0.0858113940358003 Allentoft
VK61 HG02300.verkko_filt_mat.fa:haplotype1_0000028_144052837_144460586_1$HG02293.verkko_filt_pat.fa:haplotype2_0000836_148310532_148812524_1	0.0858111538813325 Allentoft
VK61 HG01978#1#JAGYVS010000002.1_51519970_52021951_0$HG03927.verkko_filt_mat.fa:haplotype1_0000009_134765170_135173010_1	0.0858099531392377 Allentoft
VK61 AV_HG01361#haplotype1#0000023:101593539_102001341$HG03540#1#JAGYVY010000208.1_95187_596142_0	0.0858099531392377 Allentoft
VK61 HG01099.verkko_filt_mat.fa:haplotype1_0000034_142513097_142920876_1$HG01099.verkko_filt_pat.fa:haplotype2_0000583_143544270_144046196_1	0.0858087524475467 Allentoft
VK61 HG03540#1#JAGYVY010000208.1_95187_596142_0$HG02809.verkko_filt_pat.fa:haplotype2_0001251_103421111_103827972_0	0.0858082721849827 Allentoft
VK61 AV_HG01106#haplotype2#0000932:16673968_17175925$HG03927.verkko_filt_mat.fa:haplotype1_0000009_134765170_135173010_1	0.0858075518062563 Allentoft
VK61 HG02486#1#JAGYVM010000007.1_28868414_29370339_1$HG02486#2#JAGYVL010000029.1_94163344_94570162_0	0.0858063512153628 Allentoft
VK61 AV_HG00673#haplotype2#0001165:24014011_24421797$HG03540#1#JAGYVY010000208.1_95187_596142_0	0.0858051506748626 Allentoft
VK61 AV_HG00673#haplotype2#0001165:24014011_24421797$HG00621#1#JAHBCD010000034.1_2122997_2624098_1	0.0858039501847524 Allentoft
VK61 HG04228.verkko_filt_mat.fa:haplotype1_0000023_103429213_103930285_0$HG02300.verkko_filt_mat.fa:haplotype1_0000028_144052837_144460586_1	0.0858037100927768 Allentoft
VK61 HG02630#1#JAHAOQ010000102.1_16672145_17079089_0$HG02071.verkko_filt_pat.fa:haplotype2_0000736_102745972_103248026_0	0.0858037100927768 Allentoft
VK61 AV_HG00673#haplotype1#0000019:16627360_17129375$HG02145#2#JAHKSF010000206.1_1005292_1413195_1	0.0858037100927768 Allentoft
VK61 AV_HG02257#haplotype2#0001152:102843493_103251377$HG02080#2#JAHEOV010000017.1_16662177_17164189_0	0.0858034700028167 Allentoft
VK61 HG03540#1#JAGYVY010000208.1_95187_596142_0$HG02300.verkko_filt_pat.fa:haplotype2_0000620_143362344_143769323_1	0.0858029898289425 Allentoft
VK61 HG02080#1#JAHEOW010000048.1_16689583_17097287_0$HG04228.verkko_filt_mat.fa:haplotype1_0000023_103429213_103930285_0	0.0858029898289425 Allentoft
VK61 HG01099.verkko_filt_mat.fa:haplotype1_0000034_142513097_142920876_1$HG02293.verkko_filt_pat.fa:haplotype2_0000836_148310532_148812524_1	0.0858029898289425 Allentoft
VK61 AV_HG00673#haplotype2#0001165:24014011_24421797$HG02080#2#JAHEOV010000017.1_16662177_17164189_0	0.0858025096631298 Allentoft
VK61 HG01978#2#JAGYVR010000007.1_51532241_51939176_0$HG01099.verkko_filt_pat.fa:haplotype2_0000583_143544270_144046196_1	0.0858020295053781 Allentoft
VK61 HG03540#1#JAGYVY010000208.1_95187_596142_0$HG02818#1#JAHEOS010000101.1_89626_496613_0	0.0858010692140574 Allentoft
VK61 HG03540#1#JAGYVY010000208.1_95187_596142_0$HG002.verkko_filt_mat.fa:haplotype1_0000005_138228497_138636354_1	0.0858008291462651 Allentoft
VK61 AV_HG01361#haplotype1#0000023:101593539_102001341$HG01099.verkko_filt_pat.fa:haplotype2_0000583_143544270_144046196_1	0.0857984285791670 Allentoft
VK61 HG02293.verkko_filt_pat.fa:haplotype2_0000836_148310532_148812524_1$HG02809.verkko_filt_pat.fa:haplotype2_0001251_103421111_103827972_0	0.0857972283711749 Allentoft
VK61 AV_HG00673#haplotype1#0000019:16627360_17129375$HG02109#1#JAHEPG010000026.1_16673035_17080816_0	0.0857972283711749 Allentoft
VK61 AV_HG00673#haplotype2#0001165:24014011_24421797$HG01099.verkko_filt_pat.fa:haplotype2_0000583_143544270_144046196_1	0.0857965082705559 Allentoft
VK61 HG02559#2#JAGYVJ010000037.1_52167780_52574597_1$HG02293.verkko_filt_pat.fa:haplotype2_0000836_148310532_148812524_1	0.0857957881880681 Allentoft
VK61 HG02080#2#JAHEOV010000017.1_16662177_17164189_0$HG01123#1#JAGYYZ010000015.1_51528240_51935090_0	0.0857955481646012 Allentoft
VK61 HG04228.verkko_filt_mat.fa:haplotype1_0000023_103429213_103930285_0$HG01099.verkko_filt_mat.fa:haplotype1_0000034_142513097_142920876_1	0.0857950681237107 Allentoft
VK61 AV_HG01361#haplotype1#0000023:101593539_102001341$HG04228.verkko_filt_mat.fa:haplotype1_0000023_103429213_103930285_0	0.0857933880440466 Allentoft
VK61 AV_HG01361#haplotype1#0000023:101593539_102001341$HG02293.verkko_filt_pat.fa:haplotype2_0000836_148310532_148812524_1	0.0857926680401186 Allentoft
VK61 AV_HG01175#haplotype1#0000070:46006269_46414083$HG01099.verkko_filt_pat.fa:haplotype2_0000583_143544270_144046196_1	0.0857926680401186 Allentoft
VK61 HG03540#1#JAGYVY010000208.1_95187_596142_0$HG02071.verkko_filt_mat.fa:haplotype1_0000041_103610513_104018399_0	0.0857921880475707 Allentoft
VK61 HG02071.verkko_filt_mat.fa:haplotype1_0000041_103610513_104018399_0$HG01099.verkko_filt_pat.fa:haplotype2_0000583_143544270_144046196_1	0.0857921880475707 Allentoft
VK61 HG002.verkko_filt_mat.fa:haplotype1_0000005_138228497_138636354_1$HG01099.verkko_filt_pat.fa:haplotype2_0000583_143544270_144046196_1	0.0857917080630790 Allentoft
VK61 HG02486#2#JAGYVL010000029.1_94163344_94570162_0$HG01099.verkko_filt_pat.fa:haplotype2_0000583_143544270_144046196_1	0.0857905081370946 Allentoft
VK61 HG02559#2#JAGYVJ010000037.1_52167780_52574597_1$HG03540#1#JAGYVY010000208.1_95187_596142_0	0.0857866687122585 Allentoft
VK61 HG02622#2#JAHAON010000012.1_51551779_52031001_0$HG01978#1#JAGYVS010000002.1_51519970_52021951_0	0.0857859335339012 Allentoft
VK61 chr1_chm13_103304997_103901127_0$HG02647.verkko_filt_pat.fa:haplotype2_0000857_103738150_104051769_0	0.0857849891259802 Allentoft
VK61 AV_HG01175#haplotype1#0000070:46006269_46414083$HG03540#1#JAGYVY010000208.1_95187_596142_0	0.0857825898881332 Allentoft
VK61 HG02717#1#JAHAOS010000015.1_16660311_17067250_0$HG04228.verkko_filt_mat.fa:haplotype1_0000023_103429213_103930285_0	0.0857823499754202 Allentoft
VK61 HG02109#1#JAHEPG010000026.1_16673035_17080816_0$HG03540#1#JAGYVY010000208.1_95187_596142_0	0.0857809105414123 Allentoft
VK61 AV_HG00673#haplotype1#0000019:16627360_17129375$HG02818#1#JAHEOS010000101.1_89626_496613_0	0.0857809105414123 Allentoft
VK61 HG02080#2#JAHEOV010000017.1_16662177_17164189_0$HG02717#2#JAHAOR010000006.1_19663827_20070693_1	0.0857806706427891 Allentoft
VK61 HG02080#1#JAHEOW010000048.1_16689583_17097287_0$HG02071.verkko_filt_pat.fa:haplotype2_0000736_102745972_103248026_0	0.0857804307461787 Allentoft
VK61 chr1_chm13_103304997_103901127_0$HG01891#1#JAGYVO010000014.1_22855818_23168577_1	0.0857785116457495 Allentoft
VK61 HG02717#1#JAHAOS010000015.1_16660311_17067250_0$HG02071.verkko_filt_pat.fa:haplotype2_0000736_102745972_103248026_0	0.0857785116457495 Allentoft
VK61 HG01978#2#JAGYVR010000007.1_51532241_51939176_0$HG03540#1#JAGYVY010000208.1_95187_596142_0	0.0857785116457495 Allentoft
VK61 HG02109#2#JAHEPF010000078.1_16678387_16991144_0$chr1_chm13_103304997_103901127_0	0.0857780318907675 Allentoft
VK61 AV_HG00673#haplotype1#0000019:16627360_17129375$AV_HG00673#haplotype2#0001165:24014011_24421797	0.0857773122733874 Allentoft
VK61 AV_HG02257#haplotype2#0001152:102843493_103251377$HG00621#1#JAHBCD010000034.1_2122997_2624098_1	0.0857770724049521 Allentoft
VK61 HG03579#2#JAGYVT010000094.1_51581892_51895531_0$chr1_chm13_103304997_103901127_0	0.0857763528117198 Allentoft
VK61 AV_HG01106#haplotype2#0000932:16673968_17175925$HG02622#2#JAHAON010000012.1_51551779_52031001_0	0.0857763349359065 Allentoft
VK61 HG02080#2#JAHEOV010000017.1_16662177_17164189_0$HG03516#2#JAGYYS010000004.1_24452130_24859892_1	0.0857758730929594 Allentoft
VK61 HG00621#2#JAHBCC010000031.1_16669999_17077865_0$HG03540#1#JAGYVY010000208.1_95187_596142_0	0.0857758730929594 Allentoft
VK61 HG02109#1#JAHEPG010000026.1_16673035_17080816_0$HG02486#1#JAGYVM010000007.1_28868414_29370339_1	0.0857727551171922 Allentoft
VK61 HG02300.verkko_filt_mat.fa:haplotype1_0000028_144052837_144460586_1$HG02071.verkko_filt_pat.fa:haplotype2_0000736_102745972_103248026_0	0.0857720356326082 Allentoft
VK61 HG02145#2#JAHKSF010000206.1_1005292_1413195_1$HG02293.verkko_filt_pat.fa:haplotype2_0000836_148310532_148812524_1	0.0857720356326082 Allentoft
VK61 AV_HG01106#haplotype1#0000048:16666181_17262214$HG03710.verkko_filt_mat.fa:haplotype1_0000029_102593394_102907063_0	0.0857710763479932 Allentoft
VK61 HG00621#1#JAHBCD010000034.1_2122997_2624098_1$HG02818#1#JAHEOS010000101.1_89626_496613_0	0.0857705967177554 Allentoft
VK61 HG00621#1#JAHBCD010000034.1_2122997_2624098_1$HG03516#2#JAGYYS010000004.1_24452130_24859892_1	0.0857691578753181 Allentoft
VK61 AV_HG01106#haplotype1#0000048:16666181_17262214$AV_HG01361#haplotype2#0001322:101872897_102186552	0.0857684384812533 Allentoft
VK61 AV_HG00673#haplotype1#0000019:16627360_17129375$AV_HG02257#haplotype2#0001152:102843493_103251377	0.0857681986872544 Allentoft
VK61 HG02109#1#JAHEPG010000026.1_16673035_17080816_0$HG01099.verkko_filt_pat.fa:haplotype2_0000583_143544270_144046196_1	0.0857679588952667 Allentoft
VK61 HG00621#2#JAHBCC010000031.1_16669999_17077865_0$HG01099.verkko_filt_pat.fa:haplotype2_0000583_143544270_144046196_1	0.0857677191052902 Allentoft
VK61 HG03540#1#JAGYVY010000208.1_95187_596142_0$HG02486#2#JAGYVL010000029.1_94163344_94570162_0	0.0857665201855752 Allentoft
VK61 AV_HG01106#haplotype1#0000048:16666181_17262214$HG04228.verkko_filt_pat.fa:haplotype2_0000600_103806749_104119491_0	0.0857662804076655 Allentoft
VK61 HG02080#2#JAHEOV010000017.1_16662177_17164189_0$HG03579#1#JAGYVU010000029.1_91404_499180_0	0.0857658008578792 Allentoft
VK61 AV_HG01106#haplotype1#0000048:16666181_17262214$HG03098#2#JAHEPL010000003.1_93803759_94117426_0	0.0857650815482820 Allentoft
VK61 HG01099.verkko_filt_mat.fa:haplotype1_0000034_142513097_142920876_1$HG02071.verkko_filt_pat.fa:haplotype2_0000736_102745972_103248026_0	0.0857643622567828 Allentoft
VK61 HG01928#1#JAGYVQ010000053.1_16676493_17083407_0$HG01099.verkko_filt_pat.fa:haplotype2_0000583_143544270_144046196_1	0.0857641224969714 Allentoft
VK61 HG005#2#JAHEPN010000023.1_51542210_51950070_0$HG01099.verkko_filt_pat.fa:haplotype2_0000583_143544270_144046196_1	0.0857638827391708 Allentoft
VK61 NA20129#2#JAHEPD010000155.1_90039_569275_0$HG01978#1#JAGYVS010000002.1_51519970_52021951_0	0.0857638615740035 Allentoft
VK61 HG02109#1#JAHEPG010000026.1_16673035_17080816_0$HG02293.verkko_filt_pat.fa:haplotype2_0000836_148310532_148812524_1	0.0857631634778333 Allentoft
VK61 AV_HG01106#haplotype1#0000048:16666181_17262214$HG02293.verkko_filt_mat.fa:haplotype1_0000039_30204405_30517145_1	0.0857605263410783 Allentoft
VK61 AV_HG00673#haplotype1#0000019:16627360_17129375$HG01123#1#JAGYYZ010000015.1_51528240_51935090_0	0.0857602866134360 Allentoft
VK61 HG04228.verkko_filt_mat.fa:haplotype1_0000023_103429213_103930285_0$HG02809.verkko_filt_pat.fa:haplotype2_0001251_103421111_103827972_0	0.0857600468878041 Allentoft
VK61 HG02071.verkko_filt_pat.fa:haplotype2_0000736_102745972_103248026_0$HG02809.verkko_filt_pat.fa:haplotype2_0001251_103421111_103827972_0	0.0857595674425711 Allentoft
VK61 HG00621#1#JAHBCD010000034.1_2122997_2624098_1$HG03579#1#JAGYVU010000029.1_91404_499180_0	0.0857595674425711 Allentoft
VK61 HG02486#1#JAGYVM010000007.1_28868414_29370339_1$HG03516#2#JAGYYS010000004.1_24452130_24859892_1	0.0857569306375161 Allentoft
VK61 HG02145#2#JAHKSF010000206.1_1005292_1413195_1$HG04228.verkko_filt_mat.fa:haplotype1_0000023_103429213_103930285_0	0.0857564512445455 Allentoft
VK61 HG005#1#JAHEPO010000002.1_51519219_51926067_0$HG02080#2#JAHEOV010000017.1_16662177_17164189_0	0.0857562115510750 Allentoft
VK61 HG03492#2#JAHEPH010000288.1_2098270_2432686_1$HG01978#1#JAGYVS010000002.1_51519970_52021951_0	0.0857559614400626 Allentoft
VK61 HG02109#1#JAHEPG010000026.1_16673035_17080816_0$HG04228.verkko_filt_mat.fa:haplotype1_0000023_103429213_103930285_0	0.0857547734324581 Allentoft
VK61 AV_HG01106#haplotype2#0000932:16673968_17175925$HG03492#2#JAHEPH010000288.1_2098270_2432686_1	0.0857547293230312 Allentoft
VK61 HG005#2#JAHEPN010000023.1_51542210_51950070_0$HG03540#1#JAGYVY010000208.1_95187_596142_0	0.0857542940756636 Allentoft
VK61 HG00621#1#JAHBCD010000034.1_2122997_2624098_1$HG01123#1#JAGYYZ010000015.1_51528240_51935090_0	0.0857538147269076 Allentoft
VK61 AV_HG01106#haplotype2#0000932:16673968_17175925$NA20129#2#JAHEPD010000155.1_90039_569275_0	0.0857535032258335 Allentoft
VK61 HG02004.verkko_filt_mat.fa:haplotype1_0000022_97828542_98235483_0$HG01099.verkko_filt_pat.fa:haplotype2_0000583_143544270_144046196_1	0.0857530957188453 Allentoft
VK61 HG02486#1#JAGYVM010000007.1_28868414_29370339_1$HG03579#1#JAGYVU010000029.1_91404_499180_0	0.0857516577569762 Allentoft
VK61 AV_HG02148#haplotype2#0002863:16304803_16712699$HG01099.verkko_filt_pat.fa:haplotype2_0000583_143544270_144046196_1	0.0857511784524281 Allentoft
VK61 AV_HG00673#haplotype1#0000019:16627360_17129375$HG02717#2#JAHAOR010000006.1_19663827_20070693_1	0.0857511784524281 Allentoft
VK61 AV_HG02148#haplotype2#0002863:16304803_16712699$HG03540#1#JAGYVY010000208.1_95187_596142_0	0.0857506991559169 Allentoft
VK61 HG02559#2#JAGYVJ010000037.1_52167780_52574597_1$HG02071.verkko_filt_pat.fa:haplotype2_0000736_102745972_103248026_0	0.0857504595106752 Allentoft
VK61 AV_HG01361#haplotype1#0000023:101593539_102001341$HG02071.verkko_filt_pat.fa:haplotype2_0000736_102745972_103248026_0	0.0857502198674426 Allentoft
VK61 AV_HG00673#haplotype2#0001165:24014011_24421797$HG04228.verkko_filt_mat.fa:haplotype1_0000023_103429213_103930285_0	0.0857497405870049 Allentoft
VK61 HG02818#1#JAHEOS010000101.1_89626_496613_0$HG02293.verkko_filt_pat.fa:haplotype2_0000836_148310532_148812524_1	0.0857492613146036 Allentoft
VK61 HG02559#1#JAGYVK010000012.1_51505852_51913611_0$HG02080#2#JAHEOV010000017.1_16662177_17164189_0	0.0857487820502385 Allentoft
VK61 HG01978#1#JAGYVS010000002.1_51519970_52021951_0$HG01243#1#JAHEOY010000013.1_90081_424495_0	0.0857485695343966 Allentoft
VK61 HG02559#2#JAGYVJ010000037.1_52167780_52574597_1$HG04228.verkko_filt_mat.fa:haplotype1_0000023_103429213_103930285_0	0.0857475839244824 Allentoft
VK61 AV_HG01106#haplotype2#0000932:16673968_17175925$HG01243#1#JAHEOY010000013.1_90081_424495_0	0.0857473377359475 Allentoft
VK61 HG00621#1#JAHBCD010000034.1_2122997_2624098_1$HG02559#1#JAGYVK010000012.1_51505852_51913611_0	0.0857468650731350 Allentoft
VK61 HG00621#1#JAHBCD010000034.1_2122997_2624098_1$HG01258#2#JAGYYU010000072.1_51562603_51970395_0	0.0857466254600368 Allentoft
VK61 AV_HG00673#haplotype2#0001165:24014011_24421797$HG02293.verkko_filt_pat.fa:haplotype2_0000836_148310532_148812524_1	0.0857461462398665 Allentoft
VK61 AV_HG00673#haplotype1#0000019:16627360_17129375$HG03516#2#JAGYYS010000004.1_24452130_24859892_1	0.0857459066327943 Allentoft
VK61 HG02080#2#JAHEOV010000017.1_16662177_17164189_0$HG01258#2#JAGYYU010000072.1_51562603_51970395_0	0.0857451878236297 Allentoft
VK61 HG00621#1#JAHBCD010000034.1_2122997_2624098_1$HG02717#2#JAHAOR010000006.1_19663827_20070693_1	0.0857418336198683 Allentoft
VK61 HG03486#1#JAHEOQ010000123.1_16677696_17085575_0$HG03540#1#JAGYVY010000208.1_95187_596142_0	0.0857415940489475 Allentoft
VK61 AV_HG02257#haplotype2#0001152:102843493_103251377$HG02293.verkko_filt_pat.fa:haplotype2_0000836_148310532_148812524_1	0.0857403962244652 Allentoft
VK61 HG02559#1#JAGYVK010000012.1_51505852_51913611_0$HG02486#1#JAGYVM010000007.1_28868414_29370339_1	0.0857389589013501 Allentoft
VK61 HG02486#1#JAGYVM010000007.1_28868414_29370339_1$HG03927.verkko_filt_mat.fa:haplotype1_0000009_134765170_135173010_1	0.0857389589013501 Allentoft
VK61 AV_HG01106#haplotype1#0000048:16666181_17262214$HG02723#1#JAHEOU010000204.1_2102082_2414876_1	0.0857389589013501 Allentoft
VK61 AV_HG00673#haplotype1#0000019:16627360_17129375$HG03579#1#JAGYVU010000029.1_91404_499180_0	0.0857372821157384 Allentoft
VK61 HG03486#1#JAHEOQ010000123.1_16677696_17085575_0$HG01099.verkko_filt_pat.fa:haplotype2_0000583_143544270_144046196_1	0.0857358449492266 Allentoft
VK61 AV_HG01106#haplotype1#0000048:16666181_17262214$HG01123#2#JAGYYY010000006.1_51579630_51892388_0	0.0857356054285010 Allentoft
VK61 HG005#1#JAHEPO010000002.1_51519219_51926067_0$HG02486#1#JAGYVM010000007.1_28868414_29370339_1	0.0857305759569375 Allentoft
VK61 HG03540#1#JAGYVY010000208.1_95187_596142_0$HG02004.verkko_filt_mat.fa:haplotype1_0000022_97828542_98235483_0	0.0857300970058074 Allentoft
VK61 HG00621#1#JAHBCD010000034.1_2122997_2624098_1$HG005#1#JAHEPO010000002.1_51519219_51926067_0	0.0857284207400647 Allentoft
VK61 HG02486#1#JAGYVM010000007.1_28868414_29370339_1$HG02717#2#JAHAOR010000006.1_19663827_20070693_1	0.0857272234675898 Allentoft
VK61 HG01928#1#JAGYVQ010000053.1_16676493_17083407_0$HG03540#1#JAGYVY010000208.1_95187_596142_0	0.0857262656857264 Allentoft
VK61 HG005#1#JAHEPO010000002.1_51519219_51926067_0$HG01099.verkko_filt_pat.fa:haplotype2_0000583_143544270_144046196_1	0.0857248290731210 Allentoft
VK61 HG01123#1#JAGYYZ010000015.1_51528240_51935090_0$HG02486#1#JAGYVM010000007.1_28868414_29370339_1	0.0857243502183023 Allentoft
VK61 AV_HG00673#haplotype1#0000019:16627360_17129375$HG005#1#JAHEPO010000002.1_51519219_51926067_0	0.0857243502183023 Allentoft
VK61 HG02622#1#JAHAOO010000002.1_16673678_17080663_0$HG02486#1#JAGYVM010000007.1_28868414_29370339_1	0.0857231531163622 Allentoft
VK61 AV_HG01106#haplotype1#0000048:16666181_17262214$HG00733#1#JAHEPQ010000019.1_46106835_46420495_0	0.0857219560645716 Allentoft
VK61 HG02109#1#JAHEPG010000026.1_16673035_17080816_0$HG02071.verkko_filt_pat.fa:haplotype2_0000736_102745972_103248026_0	0.0857202802763095 Allentoft
VK61 HG01123#1#JAGYYZ010000015.1_51528240_51935090_0$HG02293.verkko_filt_pat.fa:haplotype2_0000836_148310532_148812524_1	0.0857200408860091 Allentoft
VK61 AV_HG00673#haplotype1#0000019:16627360_17129375$HG02559#1#JAGYVK010000012.1_51505852_51913611_0	0.0857183652100623 Allentoft
VK61 AV_HG00673#haplotype1#0000019:16627360_17129375$HG01258#2#JAGYYU010000072.1_51562603_51970395_0	0.0857176470933099 Allentoft
VK61 HG02145#2#JAHKSF010000206.1_1005292_1413195_1$HG02071.verkko_filt_pat.fa:haplotype2_0000736_102745972_103248026_0	0.0857157322035363 Allentoft
VK61 AV_HG02257#haplotype2#0001152:102843493_103251377$HG04228.verkko_filt_mat.fa:haplotype1_0000023_103429213_103930285_0	0.0857147748067731 Allentoft
VK61 chr1_chm13_103304997_103901127_0$HG04228.verkko_filt_pat.fa:haplotype2_0000600_103806749_104119491_0	0.0857130994396291 Allentoft
VK61 HG03453#2#JAGYVV010000088.1_22597550_23005370_1$HG03540#1#JAGYVY010000208.1_95187_596142_0	0.0857111848546095 Allentoft
VK61 HG03453#2#JAGYVV010000088.1_22597550_23005370_1$HG01099.verkko_filt_pat.fa:haplotype2_0000583_143544270_144046196_1	0.0857111848546095 Allentoft
VK61 HG01978#1#JAGYVS010000002.1_51519970_52021951_0$HG02300.verkko_filt_pat.fa:haplotype2_0000620_143362344_143769323_1	0.0857090310998123 Allentoft
VK61 HG02717#2#JAHAOR010000006.1_19663827_20070693_1$HG02293.verkko_filt_pat.fa:haplotype2_0000836_148310532_148812524_1	0.0857080739275718 Allentoft
VK61 HG02717#2#JAHAOR010000006.1_19663827_20070693_1$HG01099.verkko_filt_pat.fa:haplotype2_0000583_143544270_144046196_1	0.0857080739275718 Allentoft
VK61 HG01123#1#JAGYYZ010000015.1_51528240_51935090_0$HG01099.verkko_filt_pat.fa:haplotype2_0000583_143544270_144046196_1	0.0857056811372620 Allentoft
VK61 HG03516#2#JAGYYS010000004.1_24452130_24859892_1$HG02293.verkko_filt_pat.fa:haplotype2_0000836_148310532_148812524_1	0.0857047240772500 Allentoft
VK61 HG02886#2#JAHAOT010000031.1_87393_401061_0$chr1_chm13_103304997_103901127_0	0.0857030492993751 Allentoft
VK61 HG02622#1#JAHAOO010000002.1_16673678_17080663_0$HG01099.verkko_filt_pat.fa:haplotype2_0000583_143544270_144046196_1	0.0857025708094440 Allentoft
VK61 HG02818#1#JAHEOS010000101.1_89626_496613_0$HG04228.verkko_filt_mat.fa:haplotype1_0000023_103429213_103930285_0	0.0857016138536244 Allentoft
VK61 HG02080#2#JAHEOV010000017.1_16662177_17164189_0$NA19240#1#JAHEOM010000047.1_30103390_30511199_1	0.0857013746196782 Allentoft
VK61 HG02080#2#JAHEOV010000017.1_16662177_17164189_0$HG00741#2#JAHALX010000013.1_51574319_51981226_0	0.0856982647606806 Allentoft
VK61 AV_HG00673#haplotype2#0001165:24014011_24421797$HG02071.verkko_filt_pat.fa:haplotype2_0000736_102745972_103248026_0	0.0856980255547800 Allentoft
VK61 HG02486#1#JAGYVM010000007.1_28868414_29370339_1$HG01258#2#JAGYYU010000072.1_51562603_51970395_0	0.0856970687512077 Allentoft
VK61 HG02080#2#JAHEOV010000017.1_16662177_17164189_0$HG02622#1#JAHAOO010000002.1_16673678_17080663_0	0.0856970687512077 Allentoft
VK61 HG02818#2#JAHEOR010000010.1_31775319_32183091_1$HG02080#2#JAHEOV010000017.1_16662177_17164189_0	0.0856968295553220 Allentoft
VK61 HG03579#1#JAGYVU010000029.1_91404_499180_0$HG02293.verkko_filt_pat.fa:haplotype2_0000836_148310532_148812524_1	0.0856965903614393 Allentoft
VK61 AV_HG01106#haplotype2#0000932:16673968_17175925$HG002.verkko_filt_mat.fa:haplotype1_0000005_138228497_138636354_1	0.0856963511695594 Allentoft
VK61 HG02818#1#JAHEOS010000101.1_89626_496613_0$HG02071.verkko_filt_pat.fa:haplotype2_0000736_102745972_103248026_0	0.0856944377066205 Allentoft
VK61 HG03540#1#JAGYVY010000208.1_95187_596142_0$HG02717#2#JAHAOR010000006.1_19663827_20070693_1	0.0856937201910625 Allentoft
VK61 HG03516#2#JAGYYS010000004.1_24452130_24859892_1$HG04228.verkko_filt_mat.fa:haplotype1_0000023_103429213_103930285_0	0.0856925243718497 Allentoft
VK61 HG02486#1#JAGYVM010000007.1_28868414_29370339_1$NA19240#1#JAHEOM010000047.1_30103390_30511199_1	0.0856925243718497 Allentoft
VK61 HG005#1#JAHEPO010000002.1_51519219_51926067_0$HG03540#1#JAGYVY010000208.1_95187_596142_0	0.0856922852140144 Allentoft
VK61 HG005#1#JAHEPO010000002.1_51519219_51926067_0$HG02293.verkko_filt_pat.fa:haplotype2_0000836_148310532_148812524_1	0.0856918069043510 Allentoft
VK61 HG00621#1#JAHBCD010000034.1_2122997_2624098_1$NA19240#1#JAHEOM010000047.1_30103390_30511199_1	0.0856898937457878 Allentoft
VK61 HG01123#2#JAGYYY010000006.1_51579630_51892388_0$chr1_chm13_103304997_103901127_0	0.0856896546099771 Allentoft
VK61 HG03540#1#JAGYVY010000208.1_95187_596142_0$HG01258#2#JAGYYU010000072.1_51562603_51970395_0	0.0856889372145573 Allentoft
VK61 AV_HG02257#haplotype2#0001152:102843493_103251377$HG02071.verkko_filt_pat.fa:haplotype2_0000736_102745972_103248026_0	0.0856870242481898 Allentoft
VK61 HG01258#2#JAGYYU010000072.1_51562603_51970395_0$HG01099.verkko_filt_pat.fa:haplotype2_0000583_143544270_144046196_1	0.0856855896074888 Allentoft
VK61 HG02818#2#JAHEOR010000010.1_31775319_32183091_1$HG02486#1#JAGYVM010000007.1_28868414_29370339_1	0.0856841550388451 Allentoft
VK61 AV_HG01106#haplotype2#0000932:16673968_17175925$HG02300.verkko_filt_pat.fa:haplotype2_0000620_143362344_143769323_1	0.0856836768653089 Allentoft
VK61 HG00621#1#JAHBCD010000034.1_2122997_2624098_1$HG03927.verkko_filt_mat.fa:haplotype1_0000009_134765170_135173010_1	0.0856831986997782 Allentoft
VK61 HG02080#2#JAHEOV010000017.1_16662177_17164189_0$HG03927.verkko_filt_mat.fa:haplotype1_0000009_134765170_135173010_1	0.0856827205422527 Allentoft
VK61 AV_HG01106#haplotype2#0000932:16673968_17175925$HG02886#1#JAHAOU010000178.1_62411_469262_0	0.0856825014926196 Allentoft
VK61 HG01123#1#JAGYYZ010000015.1_51528240_51935090_0$HG03540#1#JAGYVY010000208.1_95187_596142_0	0.0856822423927323 Allentoft
VK61 HG02622#1#JAHAOO010000002.1_16673678_17080663_0$HG03540#1#JAGYVY010000208.1_95187_596142_0	0.0856820033209738 Allentoft
VK61 HG00621#1#JAHBCD010000034.1_2122997_2624098_1$HG02818#2#JAHEOR010000010.1_31775319_32183091_1	0.0856820033209738 Allentoft
VK61 HG02559#1#JAGYVK010000012.1_51505852_51913611_0$HG02293.verkko_filt_pat.fa:haplotype2_0000836_148310532_148812524_1	0.0856810470539516 Allentoft
VK61 HG02723#1#JAHEOU010000204.1_2102082_2414876_1$chr1_chm13_103304997_103901127_0	0.0856800908189464 Allentoft
VK61 HG01258#2#JAGYYU010000072.1_51562603_51970395_0$HG02293.verkko_filt_pat.fa:haplotype2_0000836_148310532_148812524_1	0.0856793736637025 Allentoft
VK61 AV_HG01106#haplotype2#0000932:16673968_17175925$HG02071.verkko_filt_mat.fa:haplotype1_0000041_103610513_104018399_0	0.0856781784449797 Allentoft
VK61 AV_HG01106#haplotype2#0000932:16673968_17175925$HG00438#1#JAHBCB010000015.1_33474867_33954171_0	0.0856780390711139 Allentoft
VK61 HG01978#1#JAGYVS010000002.1_51519970_52021951_0$HG002.verkko_filt_mat.fa:haplotype1_0000005_138228497_138636354_1	0.0856777003714958 Allentoft
VK61 HG02886#1#JAHAOU010000178.1_62411_469262_0$HG01978#1#JAGYVS010000002.1_51519970_52021951_0	0.0856776812885455 Allentoft
VK61 HG00438#1#JAHBCB010000015.1_33474867_33954171_0$HG01978#1#JAGYVS010000002.1_51519970_52021951_0	0.0856776565124080 Allentoft
VK61 AV_HG01106#haplotype2#0000932:16673968_17175925$chr1_hg38_103456064_103863972_0	0.0856767442485360 Allentoft
VK61 AV_HG01106#haplotype2#0000932:16673968_17175925$chr1_hg19_103998686_104406594_0	0.0856767442485360 Allentoft
VK61 HG03579#1#JAGYVU010000029.1_91404_499180_0$HG04228.verkko_filt_mat.fa:haplotype1_0000023_103429213_103930285_0	0.0856753101241123 Allentoft
VK61 HG01978#1#JAGYVS010000002.1_51519970_52021951_0$HG02071.verkko_filt_mat.fa:haplotype1_0000041_103610513_104018399_0	0.0856748320986412 Allentoft
VK61 HG01123#1#JAGYYZ010000015.1_51528240_51935090_0$HG04228.verkko_filt_mat.fa:haplotype1_0000023_103429213_103930285_0	0.0856733980702350 Allentoft
VK61 chr1_hg19_103998686_104406594_0$HG01978#1#JAGYVS010000002.1_51519970_52021951_0	0.0856724420913013 Allentoft
VK61 HG02717#2#JAHAOR010000006.1_19663827_20070693_1$HG04228.verkko_filt_mat.fa:haplotype1_0000023_103429213_103930285_0	0.0856724420913013 Allentoft
VK61 HG01978#1#JAGYVS010000002.1_51519970_52021951_0$chr1_hg38_103456064_103863972_0	0.0856724420913013 Allentoft
VK61 HG03516#2#JAGYYS010000004.1_24452130_24859892_1$HG02071.verkko_filt_pat.fa:haplotype2_0000736_102745972_103248026_0	0.0856710081829018 Allentoft
VK61 HG01123#1#JAGYYZ010000015.1_51528240_51935090_0$HG02071.verkko_filt_pat.fa:haplotype2_0000736_102745972_103248026_0	0.0856710081829018 Allentoft
VK61 HG02717#2#JAHAOR010000006.1_19663827_20070693_1$HG02071.verkko_filt_pat.fa:haplotype2_0000736_102745972_103248026_0	0.0856705302294347 Allentoft
VK61 HG02080#2#JAHEOV010000017.1_16662177_17164189_0$HG02622#2#JAHAON010000012.1_51551779_52031001_0	0.0856696239631453 Allentoft
VK61 HG01258#2#JAGYYU010000072.1_51562603_51970395_0$HG04228.verkko_filt_mat.fa:haplotype1_0000023_103429213_103930285_0	0.0856676626766104 Allentoft
VK61 AV_HG00673#haplotype1#0000019:16627360_17129375$NA19240#1#JAHEOM010000047.1_30103390_30511199_1	0.0856676626766104 Allentoft
VK61 AV_HG01175#haplotype1#0000070:46006269_46414083$HG01978#1#JAGYVS010000002.1_51519970_52021951_0	0.0856667068896553 Allentoft
VK61 HG02559#1#JAGYVK010000012.1_51505852_51913611_0$HG04228.verkko_filt_mat.fa:haplotype1_0000023_103429213_103930285_0	0.0856655122009474 Allentoft
VK61 HG00621#1#JAHBCD010000034.1_2122997_2624098_1$HG00741#2#JAHALX010000013.1_51574319_51981226_0	0.0856638397207240 Allentoft
VK61 AV_HG01106#haplotype2#0000932:16673968_17175925$HG01978#2#JAGYVR010000007.1_51532241_51939176_0	0.0856631229734718 Allentoft
VK61 AV_HG00673#haplotype1#0000019:16627360_17129375$HG02818#2#JAHEOR010000010.1_31775319_32183091_1	0.0856631229734718 Allentoft
VK61 AV_HG00673#haplotype1#0000019:16627360_17129375$HG00741#2#JAHALX010000013.1_51574319_51981226_0	0.0856612117354183 Allentoft
VK61 AV_HG00673#haplotype1#0000019:16627360_17129375$HG02622#1#JAHAOO010000002.1_16673678_17080663_0	0.0856566730576934 Allentoft
VK61 chr1_chm13_103304997_103901127_0$HG02293.verkko_filt_mat.fa:haplotype1_0000039_30204405_30517145_1	0.0856561953441093 Allentoft
VK61 AV_HG01106#haplotype2#0000932:16673968_17175925$AV_HG01175#haplotype1#0000070:46006269_46414083	0.0856561953441093 Allentoft
VK61 AV_HG01106#haplotype2#0000932:16673968_17175925$HG00621#2#JAHBCC010000031.1_16669999_17077865_0	0.0856547622513119 Allentoft
VK61 HG02486#1#JAGYVM010000007.1_28868414_29370339_1$HG00741#2#JAHALX010000013.1_51574319_51981226_0	0.0856545234095055 Allentoft
VK61 HG00621#1#JAHBCD010000034.1_2122997_2624098_1$HG02622#1#JAHAOO010000002.1_16673678_17080663_0	0.0856540457318865 Allentoft
VK61 AV_HG00673#haplotype1#0000019:16627360_17129375$HG03927.verkko_filt_mat.fa:haplotype1_0000009_134765170_135173010_1	0.0856518962814944 Allentoft
VK61 HG00621#2#JAHBCC010000031.1_16669999_17077865_0$HG01978#1#JAGYVS010000002.1_51519970_52021951_0	0.0856509410221493 Allentoft
VK61 HG03579#1#JAGYVU010000029.1_91404_499180_0$HG02071.verkko_filt_pat.fa:haplotype2_0000736_102745972_103248026_0	0.0856504634044622 Allentoft
VK61 chr1_chm13_103304997_103901127_0$HG03710.verkko_filt_mat.fa:haplotype1_0000029_102593394_102907063_0	0.0856495081930577 Allentoft
VK61 NA20129#2#JAHEPD010000155.1_90039_569275_0$HG02080#2#JAHEOV010000017.1_16662177_17164189_0	0.0856487881205677 Allentoft
VK61 HG005#1#JAHEPO010000002.1_51519219_51926067_0$HG02071.verkko_filt_pat.fa:haplotype2_0000736_102745972_103248026_0	0.0856471203043590 Allentoft
VK61 AV_HG01106#haplotype1#0000048:16666181_17262214$HG00438#2#JAHBCA010000012.1_51513023_51826723_0	0.0856456876670025 Allentoft
VK61 HG02559#1#JAGYVK010000012.1_51505852_51913611_0$HG02071.verkko_filt_pat.fa:haplotype2_0000736_102745972_103248026_0	0.0856444938574547 Allentoft
VK61 AV_HG00673#haplotype1#0000019:16627360_17129375$HG02622#2#JAHAON010000012.1_51551779_52031001_0	0.0856438203483157 Allentoft
VK61 HG01258#2#JAGYYU010000072.1_51562603_51970395_0$HG02071.verkko_filt_pat.fa:haplotype2_0000736_102745972_103248026_0	0.0856409127283169 Allentoft
VK61 HG00621#1#JAHBCD010000034.1_2122997_2624098_1$HG02622#2#JAHAON010000012.1_51551779_52031001_0	0.0856405726568704 Allentoft
VK61 HG005#1#JAHEPO010000002.1_51519219_51926067_0$HG04228.verkko_filt_mat.fa:haplotype1_0000023_103429213_103930285_0	0.0856394804024389 Allentoft
VK61 AV_HG01106#haplotype2#0000932:16673968_17175925$HG03486#1#JAHEOQ010000123.1_16677696_17085575_0	0.0856382868524367 Allentoft
VK61 HG02622#2#JAHAON010000012.1_51551779_52031001_0$HG02486#1#JAGYVM010000007.1_28868414_29370339_1	0.0856377073535738 Allentoft
VK61 HG01978#1#JAGYVS010000002.1_51519970_52021951_0$HG01978#2#JAGYVR010000007.1_51532241_51939176_0	0.0856373320483644 Allentoft
VK61 AV_HG02148#haplotype2#0002863:16304803_16712699$HG01978#1#JAGYVS010000002.1_51519970_52021951_0	0.0856368546583041 Allentoft
VK61 HG03098#2#JAHEPL010000003.1_93803759_94117426_0$chr1_chm13_103304997_103901127_0	0.0856354225360241 Allentoft
VK61 AV_HG01361#haplotype2#0001322:101872897_102186552$chr1_chm13_103304997_103901127_0	0.0856335131514111 Allentoft
VK61 HG00741#2#JAHALX010000013.1_51574319_51981226_0$HG01099.verkko_filt_pat.fa:haplotype2_0000583_143544270_144046196_1	0.0856325585069979 Allentoft
VK61 AV_HG01106#haplotype2#0000932:16673968_17175925$HG01928#1#JAGYVQ010000053.1_16676493_17083407_0	0.0856311266002397 Allentoft
VK61 HG03540#1#JAGYVY010000208.1_95187_596142_0$HG03927.verkko_filt_mat.fa:haplotype1_0000009_134765170_135173010_1	0.0856304106737966 Allentoft
VK61 HG01978#1#JAGYVS010000002.1_51519970_52021951_0$HG01109#2#JAHEOZ010000047.1_16671232_17151375_0	0.0856281584192585 Allentoft
VK61 NA19240#1#JAHEOM010000047.1_30103390_30511199_1$HG02293.verkko_filt_pat.fa:haplotype2_0000836_148310532_148812524_1	0.0856265927026791 Allentoft
VK61 HG00741#2#JAHALX010000013.1_51574319_51981226_0$HG02293.verkko_filt_pat.fa:haplotype2_0000836_148310532_148812524_1	0.0856263540964405 Allentoft
VK61 AV_HG01106#haplotype2#0000932:16673968_17175925$HG005#2#JAHEPN010000023.1_51542210_51950070_0	0.0856251610951670 Allentoft
VK61 HG02818#2#JAHEOR010000010.1_31775319_32183091_1$HG02293.verkko_filt_pat.fa:haplotype2_0000836_148310532_148812524_1	0.0856249225008961 Allentoft
VK61 HG02622#1#JAHAOO010000002.1_16673678_17080663_0$HG02293.verkko_filt_pat.fa:haplotype2_0000836_148310532_148812524_1	0.0856242067300502 Allentoft
VK61 HG03486#1#JAHEOQ010000123.1_16677696_17085575_0$HG01978#1#JAGYVS010000002.1_51519970_52021951_0	0.0856234909771543 Allentoft
VK61 HG02622#2#JAHAON010000012.1_51551779_52031001_0$HG01099.verkko_filt_pat.fa:haplotype2_0000583_143544270_144046196_1	0.0856231942356050 Allentoft
VK61 AV_HG00673#haplotype1#0000019:16627360_17129375$NA20129#2#JAHEPD010000155.1_90039_569275_0	0.0856230033227060 Allentoft
VK61 AV_HG01106#haplotype2#0000932:16673968_17175925$HG01109#2#JAHEOZ010000047.1_16671232_17151375_0	0.0856224305916713 Allentoft
VK61 HG03927.verkko_filt_mat.fa:haplotype1_0000009_134765170_135173010_1$HG01099.verkko_filt_pat.fa:haplotype2_0000583_143544270_144046196_1	0.0856218209568646 Allentoft
VK61 AV_HG01106#haplotype2#0000932:16673968_17175925$HG02004.verkko_filt_mat.fa:haplotype1_0000022_97828542_98235483_0	0.0856215823905143 Allentoft
VK61 HG03540#1#JAGYVY010000208.1_95187_596142_0$HG00741#2#JAHALX010000013.1_51574319_51981226_0	0.0856182426709814 Allentoft
VK61 NA20129#2#JAHEPD010000155.1_90039_569275_0$HG02486#1#JAGYVM010000007.1_28868414_29370339_1	0.0856180400355270 Allentoft
VK61 HG03492#2#JAHEPH010000288.1_2098270_2432686_1$HG02080#2#JAHEOV010000017.1_16662177_17164189_0	0.0856155347164298 Allentoft
VK61 HG01978#1#JAGYVS010000002.1_51519970_52021951_0$HG03486#2#JAHEOP010000248.1_2105565_2584784_1	0.0856151769932026 Allentoft
VK61 HG00621#1#JAHBCD010000034.1_2122997_2624098_1$NA20129#2#JAHEPD010000155.1_90039_569275_0	0.0856147952759265 Allentoft
VK61 HG03927.verkko_filt_mat.fa:haplotype1_0000009_134765170_135173010_1$HG02293.verkko_filt_pat.fa:haplotype2_0000836_148310532_148812524_1	0.0856141878226054 Allentoft
VK61 HG01978#1#JAGYVS010000002.1_51519970_52021951_0$HG03453#2#JAGYVV010000088.1_22597550_23005370_1	0.0856141878226054 Allentoft
VK61 HG02622#2#JAHAON010000012.1_51551779_52031001_0$HG02293.verkko_filt_pat.fa:haplotype2_0000836_148310532_148812524_1	0.0856113600501820 Allentoft
VK61 HG01928#1#JAGYVQ010000053.1_16676493_17083407_0$HG01978#1#JAGYVS010000002.1_51519970_52021951_0	0.0856091796875569 Allentoft
VK61 AV_HG01106#haplotype2#0000932:16673968_17175925$HG03486#2#JAHEOP010000248.1_2105565_2584784_1	0.0856086884937990 Allentoft
VK61 HG02080#2#JAHEOV010000017.1_16662177_17164189_0$HG01243#1#JAHEOY010000013.1_90081_424495_0	0.0856081790613032 Allentoft
VK61 AV_HG01106#haplotype2#0000932:16673968_17175925$AV_HG02148#haplotype2#0002863:16304803_16712699	0.0856072720577512 Allentoft
VK61 NA19240#1#JAHEOM010000047.1_30103390_30511199_1$HG04228.verkko_filt_mat.fa:haplotype1_0000023_103429213_103930285_0	0.0856058414190810 Allentoft
VK61 HG00438#1#JAHBCB010000015.1_33474867_33954171_0$HG02486#1#JAGYVM010000007.1_28868414_29370339_1	0.0856054447972586 Allentoft
VK61 HG02622#2#JAHAON010000012.1_51551779_52031001_0$HG03540#1#JAGYVY010000208.1_95187_596142_0	0.0856044908390318 Allentoft
VK61 chr1_chm13_103304997_103901127_0$HG00733#1#JAHEPQ010000019.1_46106835_46420495_0	0.0856039340124216 Allentoft
VK61 HG01978#1#JAGYVS010000002.1_51519970_52021951_0$HG02004.verkko_filt_mat.fa:haplotype1_0000022_97828542_98235483_0	0.0856039340124216 Allentoft
VK61 HG02818#2#JAHEOR010000010.1_31775319_32183091_1$HG04228.verkko_filt_mat.fa:haplotype1_0000023_103429213_103930285_0	0.0856036955955538 Allentoft
VK61 AV_HG01106#haplotype2#0000932:16673968_17175925$HG03453#2#JAGYVV010000088.1_22597550_23005370_1	0.0856022651361789 Allentoft
VK61 HG04228.verkko_filt_mat.fa:haplotype1_0000023_103429213_103930285_0$HG03927.verkko_filt_mat.fa:haplotype1_0000009_134765170_135173010_1	0.0856001195815665 Allentoft
VK61 NA20129#2#JAHEPD010000155.1_90039_569275_0$HG01099.verkko_filt_pat.fa:haplotype2_0000583_143544270_144046196_1	0.0855970510592251 Allentoft
VK61 HG01978#1#JAGYVS010000002.1_51519970_52021951_0$HG005#2#JAHEPN010000023.1_51542210_51950070_0	0.0855936838855798 Allentoft
VK61 HG03453#1#JAGYVW010000157.1_2105722_2585000_1$HG01978#1#JAGYVS010000002.1_51519970_52021951_0	0.0855919015785899 Allentoft
VK61 HG02080#2#JAHEOV010000017.1_16662177_17164189_0$HG02300.verkko_filt_pat.fa:haplotype2_0000620_143362344_143769323_1	0.0855893942279288 Allentoft
VK61 NA20129#2#JAHEPD010000155.1_90039_569275_0$HG02293.verkko_filt_pat.fa:haplotype2_0000836_148310532_148812524_1	0.0855882784270572 Allentoft
VK61 HG02818#2#JAHEOR010000010.1_31775319_32183091_1$HG02071.verkko_filt_pat.fa:haplotype2_0000736_102745972_103248026_0	0.0855870113634531 Allentoft
VK61 HG01978#1#JAGYVS010000002.1_51519970_52021951_0$NA19240#2#JAHEOL010000010.1_37445323_37853017_0	0.0855862516992698 Allentoft
VK61 HG02622#2#JAHAON010000012.1_51551779_52031001_0$HG04228.verkko_filt_mat.fa:haplotype1_0000023_103429213_103930285_0	0.0855833211757480 Allentoft
VK61 HG02622#2#JAHAON010000012.1_51551779_52031001_0$HG02071.verkko_filt_pat.fa:haplotype2_0000736_102745972_103248026_0	0.0855825585981506 Allentoft
VK61 NA19240#1#JAHEOM010000047.1_30103390_30511199_1$HG02071.verkko_filt_pat.fa:haplotype2_0000736_102745972_103248026_0	0.0855824844692000 Allentoft
VK61 AV_HG00673#haplotype1#0000019:16627360_17129375$HG03492#2#JAHEPH010000288.1_2098270_2432686_1	0.0855821430222654 Allentoft
VK61 AV_HG01106#haplotype2#0000932:16673968_17175925$HG03453#1#JAGYVW010000157.1_2105722_2585000_1	0.0855819866783297 Allentoft
VK61 NA20129#2#JAHEPD010000155.1_90039_569275_0$HG03540#1#JAGYVY010000208.1_95187_596142_0	0.0855806522433357 Allentoft
VK61 HG00741#2#JAHALX010000013.1_51574319_51981226_0$HG04228.verkko_filt_mat.fa:haplotype1_0000023_103429213_103930285_0	0.0855765291236307 Allentoft
VK61 AV_HG00673#haplotype1#0000019:16627360_17129375$HG01243#1#JAHEOY010000013.1_90081_424495_0	0.0855760203469614 Allentoft
VK61 HG03927.verkko_filt_mat.fa:haplotype1_0000009_134765170_135173010_1$HG02071.verkko_filt_pat.fa:haplotype2_0000736_102745972_103248026_0	0.0855758145657041 Allentoft
VK61 AV_HG01106#haplotype2#0000932:16673968_17175925$NA19240#2#JAHEOL010000010.1_37445323_37853017_0	0.0855742432678677 Allentoft
VK61 HG00438#1#JAHBCB010000015.1_33474867_33954171_0$HG02080#2#JAHEOV010000017.1_16662177_17164189_0	0.0855735998380373 Allentoft
VK61 HG00621#1#JAHBCD010000034.1_2122997_2624098_1$HG03492#2#JAHEPH010000288.1_2098270_2432686_1	0.0855732655717588 Allentoft
VK61 HG02622#1#JAHAOO010000002.1_16673678_17080663_0$HG04228.verkko_filt_mat.fa:haplotype1_0000023_103429213_103930285_0	0.0855724801987021 Allentoft
VK61 HG03540#1#JAGYVY010000208.1_95187_596142_0$HG03516#2#JAGYYS010000004.1_24452130_24859892_1	0.0855715275940021 Allentoft
VK61 HG00741#2#JAHALX010000013.1_51574319_51981226_0$HG02071.verkko_filt_pat.fa:haplotype2_0000736_102745972_103248026_0	0.0855712894477979 Allentoft
VK61 HG02080#2#JAHEOV010000017.1_16662177_17164189_0$HG02886#1#JAHAOU010000178.1_62411_469262_0	0.0855706417239857 Allentoft
VK61 HG01071#1#JAHBCF010000053.1_26607100_27108065_1$HG01099.verkko_filt_mat.fa:haplotype1_0000034_142513097_142920876_1	0.0855684810159156 Allentoft
VK61 AV_HG01361#haplotype1#0000023:101593539_102001341$HG01071#1#JAHBCF010000053.1_26607100_27108065_1	0.0855658403727613 Allentoft
VK61 HG02080#1#JAHEOW010000048.1_16689583_17097287_0$HG01071#1#JAHBCF010000053.1_26607100_27108065_1	0.0855653602820891 Allentoft
VK61 HG03516#2#JAGYYS010000004.1_24452130_24859892_1$HG01099.verkko_filt_pat.fa:haplotype2_0000583_143544270_144046196_1	0.0855653364388118 Allentoft
VK61 HG00621#1#JAHBCD010000034.1_2122997_2624098_1$HG01243#1#JAHEOY010000013.1_90081_424495_0	0.0855646968610359 Allentoft
VK61 HG02622#1#JAHAOO010000002.1_16673678_17080663_0$HG02071.verkko_filt_pat.fa:haplotype2_0000736_102745972_103248026_0	0.0855624794357690 Allentoft
VK61 HG03540#1#JAGYVY010000208.1_95187_596142_0$HG03579#1#JAGYVU010000029.1_91404_499180_0	0.0855620032964180 Allentoft
VK61 NA20129#2#JAHEPD010000155.1_90039_569275_0$HG04228.verkko_filt_mat.fa:haplotype1_0000023_103429213_103930285_0	0.0855617862015486 Allentoft
VK61 HG00621#1#JAHBCD010000034.1_2122997_2624098_1$HG02300.verkko_filt_pat.fa:haplotype2_0000620_143362344_143769323_1	0.0855617652297234 Allentoft
VK61 HG01071#1#JAHBCF010000053.1_26607100_27108065_1$HG02300.verkko_filt_mat.fa:haplotype1_0000028_144052837_144460586_1	0.0855607998237084 Allentoft
VK61 HG03492#2#JAHEPH010000288.1_2098270_2432686_1$HG02486#1#JAGYVM010000007.1_28868414_29370339_1	0.0855576602024996 Allentoft
VK61 HG03492#2#JAHEPH010000288.1_2098270_2432686_1$HG01099.verkko_filt_pat.fa:haplotype2_0000583_143544270_144046196_1	0.0855570484011888 Allentoft
VK61 AV_HG00673#haplotype1#0000019:16627360_17129375$HG02300.verkko_filt_pat.fa:haplotype2_0000620_143362344_143769323_1	0.0855567662881292 Allentoft
VK61 HG03579#1#JAGYVU010000029.1_91404_499180_0$HG01099.verkko_filt_pat.fa:haplotype2_0000583_143544270_144046196_1	0.0855553381800273 Allentoft
VK61 NA20129#2#JAHEPD010000155.1_90039_569275_0$HG02071.verkko_filt_pat.fa:haplotype2_0000736_102745972_103248026_0	0.0855553098326087 Allentoft
VK61 HG01243#1#JAHEOY010000013.1_90081_424495_0$HG02486#1#JAGYVM010000007.1_28868414_29370339_1	0.0855527661594683 Allentoft
VK61 HG02559#1#JAGYVK010000012.1_51505852_51913611_0$HG01099.verkko_filt_pat.fa:haplotype2_0000583_143544270_144046196_1	0.0855517682226214 Allentoft
VK61 HG02080#2#JAHEOV010000017.1_16662177_17164189_0$HG002.verkko_filt_mat.fa:haplotype1_0000005_138228497_138636354_1	0.0855510542847655 Allentoft
VK61 AV_HG00673#haplotype1#0000019:16627360_17129375$HG00438#1#JAHBCB010000015.1_33474867_33954171_0	0.0855505487347416 Allentoft
VK61 HG01243#1#JAHEOY010000013.1_90081_424495_0$HG01099.verkko_filt_pat.fa:haplotype2_0000583_143544270_144046196_1	0.0855503194528727 Allentoft
VK61 AV_HG01175#haplotype1#0000070:46006269_46414083$HG02080#2#JAHEOV010000017.1_16662177_17164189_0	0.0855486746209935 Allentoft
VK61 HG02559#1#JAGYVK010000012.1_51505852_51913611_0$HG03540#1#JAGYVY010000208.1_95187_596142_0	0.0855465330933726 Allentoft
VK61 HG00621#1#JAHBCD010000034.1_2122997_2624098_1$HG002.verkko_filt_mat.fa:haplotype1_0000005_138228497_138636354_1	0.0855462951557866 Allentoft
VK61 HG01109#2#JAHEOZ010000047.1_16671232_17151375_0$HG02486#1#JAGYVM010000007.1_28868414_29370339_1	0.0855438845328877 Allentoft
VK61 AV_HG00673#haplotype1#0000019:16627360_17129375$HG02886#1#JAHAOU010000178.1_62411_469262_0	0.0855420855803520 Allentoft
VK61 HG00621#1#JAHBCD010000034.1_2122997_2624098_1$HG00438#1#JAHBCB010000015.1_33474867_33954171_0	0.0855419807612466 Allentoft
VK61 AV_HG00673#haplotype2#0001165:24014011_24421797$HG01071#1#JAHBCF010000053.1_26607100_27108065_1	0.0855408863681400 Allentoft
VK61 HG02080#2#JAHEOV010000017.1_16662177_17164189_0$HG02071.verkko_filt_mat.fa:haplotype1_0000041_103610513_104018399_0	0.0855396337093386 Allentoft
VK61 HG00621#1#JAHBCD010000034.1_2122997_2624098_1$HG02071.verkko_filt_mat.fa:haplotype1_0000041_103610513_104018399_0	0.0855396337093386 Allentoft
VK61 HG00621#2#JAHBCC010000031.1_16669999_17077865_0$HG02080#2#JAHEOV010000017.1_16662177_17164189_0	0.0855382064589783 Allentoft
VK61 HG03492#2#JAHEPH010000288.1_2098270_2432686_1$HG02293.verkko_filt_pat.fa:haplotype2_0000836_148310532_148812524_1	0.0855380890678936 Allentoft
VK61 HG00621#2#JAHBCC010000031.1_16669999_17077865_0$HG00621#1#JAHBCD010000034.1_2122997_2624098_1	0.0855377307247340 Allentoft
VK61 HG03492#2#JAHEPH010000288.1_2098270_2432686_1$HG03540#1#JAGYVY010000208.1_95187_596142_0	0.0855362549625261 Allentoft
VK61 AV_HG01175#haplotype1#0000070:46006269_46414083$HG00621#1#JAHBCD010000034.1_2122997_2624098_1	0.0855339251365120 Allentoft
VK61 HG00621#1#JAHBCD010000034.1_2122997_2624098_1$HG02886#1#JAHAOU010000178.1_62411_469262_0	0.0855332126041039 Allentoft
VK61 HG01243#1#JAHEOY010000013.1_90081_424495_0$HG02293.verkko_filt_pat.fa:haplotype2_0000836_148310532_148812524_1	0.0855319758421068 Allentoft
VK61 chr1_hg19_103998686_104406594_0$HG02080#2#JAHEOV010000017.1_16662177_17164189_0	0.0855315469017926 Allentoft
VK61 HG02080#2#JAHEOV010000017.1_16662177_17164189_0$chr1_hg38_103456064_103863972_0	0.0855315469017926 Allentoft
VK61 HG01243#1#JAHEOY010000013.1_90081_424495_0$HG03540#1#JAGYVY010000208.1_95187_596142_0	0.0855313645916139 Allentoft
VK61 AV_HG00673#haplotype1#0000019:16627360_17129375$HG002.verkko_filt_mat.fa:haplotype1_0000005_138228497_138636354_1	0.0855203718552741 Allentoft
VK61 HG00621#1#JAHBCD010000034.1_2122997_2624098_1$chr1_hg38_103456064_103863972_0	0.0855191832782962 Allentoft
VK61 HG00621#1#JAHBCD010000034.1_2122997_2624098_1$chr1_hg19_103998686_104406594_0	0.0855191832782962 Allentoft
VK61 HG00438#1#JAHBCB010000015.1_33474867_33954171_0$HG02293.verkko_filt_pat.fa:haplotype2_0000836_148310532_148812524_1	0.0855174334971242 Allentoft
VK61 HG00438#2#JAHBCA010000012.1_51513023_51826723_0$chr1_chm13_103304997_103901127_0	0.0855165685833762 Allentoft
VK61 HG02300.verkko_filt_pat.fa:haplotype2_0000620_143362344_143769323_1$HG02293.verkko_filt_pat.fa:haplotype2_0000836_148310532_148812524_1	0.0855153801649646 Allentoft
VK61 AV_HG00673#haplotype1#0000019:16627360_17129375$AV_HG01175#haplotype1#0000070:46006269_46414083	0.0855141917960977 Allentoft
VK61 AV_HG00673#haplotype1#0000019:16627360_17129375$HG02071.verkko_filt_mat.fa:haplotype1_0000041_103610513_104018399_0	0.0855127658188517 Allentoft
VK61 HG02486#1#JAGYVM010000007.1_28868414_29370339_1$NA19240#2#JAHEOL010000010.1_37445323_37853017_0	0.0855118808025402 Allentoft
VK61 AV_HG02148#haplotype2#0002863:16304803_16712699$HG02080#2#JAHEOV010000017.1_16662177_17164189_0	0.0855113399129393 Allentoft
VK61 HG02080#2#JAHEOV010000017.1_16662177_17164189_0$HG01109#2#JAHEOZ010000047.1_16671232_17151375_0	0.0855102065485283 Allentoft
VK61 AV_HG00673#haplotype1#0000019:16627360_17129375$HG00621#2#JAHBCC010000031.1_16669999_17077865_0	0.0855046866283610 Allentoft
VK61 HG01071#1#JAHBCF010000053.1_26607100_27108065_1$NA18906#1#JAHEOO010000054.1_2103477_2510435_1	0.0855034962631487 Allentoft
VK61 HG00438#1#JAHBCB010000015.1_33474867_33954171_0$HG01099.verkko_filt_pat.fa:haplotype2_0000583_143544270_144046196_1	0.0855033616554794 Allentoft
VK61 HG02886#1#JAHAOU010000178.1_62411_469262_0$HG02293.verkko_filt_pat.fa:haplotype2_0000836_148310532_148812524_1	0.0855027777030987 Allentoft
VK61 HG02818#2#JAHEOR010000010.1_31775319_32183091_1$HG01099.verkko_filt_pat.fa:haplotype2_0000583_143544270_144046196_1	0.0855025484023945 Allentoft
VK61 HG00621#1#JAHBCD010000034.1_2122997_2624098_1$HG01109#2#JAHEOZ010000047.1_16671232_17151375_0	0.0855014605879960 Allentoft
VK61 NA19240#1#JAHEOM010000047.1_30103390_30511199_1$HG01099.verkko_filt_pat.fa:haplotype2_0000583_143544270_144046196_1	0.0854999352329335 Allentoft
VK61 HG03540#1#JAGYVY010000208.1_95187_596142_0$NA19240#1#JAHEOM010000047.1_30103390_30511199_1	0.0854999352329335 Allentoft
VK61 HG03492#2#JAHEPH010000288.1_2098270_2432686_1$HG02071.verkko_filt_pat.fa:haplotype2_0000736_102745972_103248026_0	0.0854999028964124 Allentoft
VK61 HG03492#2#JAHEPH010000288.1_2098270_2432686_1$HG04228.verkko_filt_mat.fa:haplotype1_0000023_103429213_103930285_0	0.0854986817832287 Allentoft
VK61 HG02080#2#JAHEOV010000017.1_16662177_17164189_0$HG01978#2#JAGYVR010000007.1_51532241_51939176_0	0.0854975598322337 Allentoft
VK61 AV_HG00673#haplotype1#0000019:16627360_17129375$chr1_hg38_103456064_103863972_0	0.0854975598322337 Allentoft
VK61 AV_HG00673#haplotype1#0000019:16627360_17129375$chr1_hg19_103998686_104406594_0	0.0854975598322337 Allentoft
VK61 AV_HG02148#haplotype2#0002863:16304803_16712699$HG00621#1#JAHBCD010000034.1_2122997_2624098_1	0.0854956596542154 Allentoft
VK61 HG02630#1#JAHAOQ010000102.1_16672145_17079089_0$HG01071#1#JAHBCF010000053.1_26607100_27108065_1	0.0854955930988396 Allentoft
VK61 HG00438#1#JAHBCB010000015.1_33474867_33954171_0$HG02071.verkko_filt_pat.fa:haplotype2_0000736_102745972_103248026_0	0.0854929073532477 Allentoft
VK61 HG00438#1#JAHBCB010000015.1_33474867_33954171_0$HG04228.verkko_filt_mat.fa:haplotype1_0000023_103429213_103930285_0	0.0854910069829812 Allentoft
VK61 HG02080#2#JAHEOV010000017.1_16662177_17164189_0$HG03453#2#JAGYVV010000088.1_22597550_23005370_1	0.0854897224143903 Allentoft
VK61 HG01243#1#JAHEOY010000013.1_90081_424495_0$HG04228.verkko_filt_mat.fa:haplotype1_0000023_103429213_103930285_0	0.0854895251017438 Allentoft
VK61 HG04228.verkko_filt_mat.fa:haplotype1_0000023_103429213_103930285_0$HG02300.verkko_filt_pat.fa:haplotype2_0000620_143362344_143769323_1	0.0854890100287302 Allentoft
VK61 HG02818#2#JAHEOR010000010.1_31775319_32183091_1$HG03540#1#JAGYVY010000208.1_95187_596142_0	0.0854878227588709 Allentoft
VK61 HG02071.verkko_filt_mat.fa:haplotype1_0000041_103610513_104018399_0$HG02293.verkko_filt_pat.fa:haplotype2_0000836_148310532_148812524_1	0.0854871104206988 Allentoft
VK61 HG03486#1#JAHEOQ010000123.1_16677696_17085575_0$HG02080#2#JAHEOV010000017.1_16662177_17164189_0	0.0854866355384767 Allentoft
VK61 HG01243#1#JAHEOY010000013.1_90081_424495_0$HG02071.verkko_filt_pat.fa:haplotype2_0000736_102745972_103248026_0	0.0854864735282908 Allentoft
VK61 HG02080#2#JAHEOV010000017.1_16662177_17164189_0$HG03486#2#JAHEOP010000248.1_2105565_2584784_1	0.0854862566116882 Allentoft
VK61 HG00438#1#JAHBCB010000015.1_33474867_33954171_0$HG03540#1#JAGYVY010000208.1_95187_596142_0	0.0854854966257648 Allentoft
VK61 AV_HG01175#haplotype1#0000070:46006269_46414083$HG02293.verkko_filt_pat.fa:haplotype2_0000836_148310532_148812524_1	0.0854852109392925 Allentoft
VK61 HG00621#1#JAHBCD010000034.1_2122997_2624098_1$HG03486#1#JAHEOQ010000123.1_16677696_17085575_0	0.0854847360887244 Allentoft
VK61 HG03453#1#JAGYVW010000157.1_2105722_2585000_1$HG02080#2#JAHEOV010000017.1_16662177_17164189_0	0.0854835967496302 Allentoft
VK61 HG02717#1#JAHAOS010000015.1_16660311_17067250_0$HG01071#1#JAHBCF010000053.1_26607100_27108065_1	0.0854833834270091 Allentoft
VK61 HG02300.verkko_filt_pat.fa:haplotype2_0000620_143362344_143769323_1$HG02071.verkko_filt_pat.fa:haplotype2_0000736_102745972_103248026_0	0.0854809375690283 Allentoft
VK61 AV_HG00673#haplotype1#0000019:16627360_17129375$HG01109#2#JAHEOZ010000047.1_16671232_17151375_0	0.0854807471729228 Allentoft
VK61 HG04228.verkko_filt_mat.fa:haplotype1_0000023_103429213_103930285_0$HG002.verkko_filt_mat.fa:haplotype1_0000005_138228497_138636354_1	0.0854807001783598 Allentoft
VK61 AV_HG00673#haplotype1#0000019:16627360_17129375$AV_HG02148#haplotype2#0002863:16304803_16712699	0.0854788011242092 Allentoft
VK61 AV_HG01106#haplotype1#0000048:16666181_17262214$HG02647.verkko_filt_mat.fa:haplotype1_0000002_103892584_104321036_0	0.0854766161527107 Allentoft
VK61 HG00621#1#JAHBCD010000034.1_2122997_2624098_1$HG03453#2#JAGYVV010000088.1_22597550_23005370_1	0.0854764274844994 Allentoft
VK61 chr1_hg38_103456064_103863972_0$HG02293.verkko_filt_pat.fa:haplotype2_0000836_148310532_148812524_1	0.0854757154311446 Allentoft
VK61 chr1_hg19_103998686_104406594_0$HG02293.verkko_filt_pat.fa:haplotype2_0000836_148310532_148812524_1	0.0854757154311446 Allentoft
VK61 HG01978#1#JAGYVS010000002.1_51519970_52021951_0$HG03516#1#JAGYYT010000012.1_24170958_24578778_1	0.0854752465513057 Allentoft
VK61 HG002.verkko_filt_mat.fa:haplotype1_0000005_138228497_138636354_1$HG02293.verkko_filt_pat.fa:haplotype2_0000836_148310532_148812524_1	0.0854747660543523 Allentoft
VK61 NA18906#2#JAHEON010000009.1_93748295_94249275_0$HG002.verkko_filt_mat.fa:haplotype1_0000005_138228497_138636354_1	0.0854699827520825 Allentoft
VK61 chr1_hg38_103456064_103863972_0$HG04228.verkko_filt_mat.fa:haplotype1_0000023_103429213_103930285_0	0.0854697823451373 Allentoft
VK61 chr1_hg19_103998686_104406594_0$HG04228.verkko_filt_mat.fa:haplotype1_0000023_103429213_103930285_0	0.0854697823451373 Allentoft
VK61 HG03486#2#JAHEOP010000248.1_2105565_2584784_1$HG01099.verkko_filt_pat.fa:haplotype2_0000583_143544270_144046196_1	0.0854666934306715 Allentoft
VK61 HG02886#1#JAHAOU010000178.1_62411_469262_0$HG04228.verkko_filt_mat.fa:haplotype1_0000023_103429213_103930285_0	0.0854666335679554 Allentoft
VK61 HG00621#2#JAHBCC010000031.1_16669999_17077865_0$HG02293.verkko_filt_pat.fa:haplotype2_0000836_148310532_148812524_1	0.0854662230865141 Allentoft
VK61 AV_HG01106#haplotype2#0000932:16673968_17175925$HG03516#1#JAGYYT010000012.1_24170958_24578778_1	0.0854661551452197 Allentoft
VK61 HG00621#1#JAHBCD010000034.1_2122997_2624098_1$HG03486#2#JAHEOP010000248.1_2105565_2584784_1	0.0854661238305571 Allentoft
VK61 HG04228.verkko_filt_mat.fa:haplotype1_0000023_103429213_103930285_0$HG02071.verkko_filt_mat.fa:haplotype1_0000041_103610513_104018399_0	0.0854659858184157 Allentoft
VK61 chr1_hg38_103456064_103863972_0$NA18906#2#JAHEON010000009.1_93748295_94249275_0	0.0854656767305182 Allentoft
VK61 chr1_hg19_103998686_104406594_0$NA18906#2#JAHEON010000009.1_93748295_94249275_0	0.0854656767305182 Allentoft
VK61 HG00621#2#JAHBCC010000031.1_16669999_17077865_0$HG04228.verkko_filt_mat.fa:haplotype1_0000023_103429213_103930285_0	0.0854655112881471 Allentoft
VK61 AV_HG01175#haplotype1#0000070:46006269_46414083$HG04228.verkko_filt_mat.fa:haplotype1_0000023_103429213_103930285_0	0.0854650367657826 Allentoft
VK61 NA18906#2#JAHEON010000009.1_93748295_94249275_0$HG01099.verkko_filt_mat.fa:haplotype1_0000034_142513097_142920876_1	0.0854644807289126 Allentoft
VK61 HG01928#1#JAGYVQ010000053.1_16676493_17083407_0$HG02080#2#JAHEOV010000017.1_16662177_17164189_0	0.0854643249970555 Allentoft
VK61 NA18906#2#JAHEON010000009.1_93748295_94249275_0$HG02300.verkko_filt_pat.fa:haplotype2_0000620_143362344_143769323_1	0.0854640023423290 Allentoft
VK61 NA18906#2#JAHEON010000009.1_93748295_94249275_0$HG02071.verkko_filt_mat.fa:haplotype1_0000041_103610513_104018399_0	0.0854632847775159 Allentoft
VK61 AV_HG00673#haplotype1#0000019:16627360_17129375$HG01978#2#JAGYVR010000007.1_51532241_51939176_0	0.0854631387553609 Allentoft
VK61 HG03486#2#JAHEOP010000248.1_2105565_2584784_1$HG02486#1#JAGYVM010000007.1_28868414_29370339_1	0.0854628963116766 Allentoft
VK61 HG02080#1#JAHEOW010000048.1_16689583_17097287_0$NA18906#2#JAHEON010000009.1_93748295_94249275_0	0.0854623280525467 Allentoft
VK61 AV_HG00673#haplotype1#0000019:16627360_17129375$HG03486#2#JAHEOP010000248.1_2105565_2584784_1	0.0854621369486074 Allentoft
VK61 NA18906#2#JAHEON010000009.1_93748295_94249275_0$HG02300.verkko_filt_mat.fa:haplotype1_0000028_144052837_144460586_1	0.0854620888763247 Allentoft
VK61 NA18906#1#JAHEOO010000054.1_2103477_2510435_1$NA18906#2#JAHEON010000009.1_93748295_94249275_0	0.0854618497021108 Allentoft
VK61 HG02080#2#JAHEOV010000017.1_16662177_17164189_0$NA19240#2#JAHEOL010000010.1_37445323_37853017_0	0.0854604146989953 Allentoft
VK61 HG02886#1#JAHAOU010000178.1_62411_469262_0$HG02071.verkko_filt_pat.fa:haplotype2_0000736_102745972_103248026_0	0.0854599363806868 Allentoft
VK61 HG00621#1#JAHBCD010000034.1_2122997_2624098_1$NA19240#2#JAHEOL010000010.1_37445323_37853017_0	0.0854594580704096 Allentoft
VK61 HG02080#2#JAHEOV010000017.1_16662177_17164189_0$HG02004.verkko_filt_mat.fa:haplotype1_0000022_97828542_98235483_0	0.0854586314873619 Allentoft
VK61 HG00621#1#JAHBCD010000034.1_2122997_2624098_1$HG03453#1#JAGYVW010000157.1_2105722_2585000_1	0.0854562525710529 Allentoft
VK61 HG01109#2#JAHEOZ010000047.1_16671232_17151375_0$HG01099.verkko_filt_pat.fa:haplotype2_0000583_143544270_144046196_1	0.0854549240088488 Allentoft
VK61 AV_HG02148#haplotype2#0002863:16304803_16712699$HG02293.verkko_filt_pat.fa:haplotype2_0000836_148310532_148812524_1	0.0854541249324185 Allentoft
VK61 AV_HG00673#haplotype1#0000019:16627360_17129375$HG03486#1#JAHEOQ010000123.1_16677696_17085575_0	0.0854541249324185 Allentoft
VK61 AV_HG00673#haplotype1#0000019:16627360_17129375$HG03453#1#JAGYVW010000157.1_2105722_2585000_1	0.0854530261703275 Allentoft
VK61 HG01071#1#JAHBCF010000053.1_26607100_27108065_1$HG03516#2#JAGYYS010000004.1_24452130_24859892_1	0.0854530016676165 Allentoft
VK61 AV_HG00673#haplotype1#0000019:16627360_17129375$HG03453#2#JAGYVV010000088.1_22597550_23005370_1	0.0854529391153969 Allentoft
VK61 HG03486#2#JAHEOP010000248.1_2105565_2584784_1$HG03540#1#JAGYVY010000208.1_95187_596142_0	0.0854515079905477 Allentoft
VK61 AV_HG01361#haplotype1#0000023:101593539_102001341$NA18906#2#JAHEON010000009.1_93748295_94249275_0	0.0854503717007895 Allentoft
VK61 HG01109#2#JAHEOZ010000047.1_16671232_17151375_0$HG03540#1#JAGYVY010000208.1_95187_596142_0	0.0854499898916820 Allentoft
VK61 HG01109#2#JAHEOZ010000047.1_16671232_17151375_0$HG02293.verkko_filt_pat.fa:haplotype2_0000836_148310532_148812524_1	0.0854492308725898 Allentoft
VK61 AV_HG01175#haplotype1#0000070:46006269_46414083$NA18906#2#JAHEON010000009.1_93748295_94249275_0	0.0854475029229924 Allentoft
VK61 HG00621#2#JAHBCC010000031.1_16669999_17077865_0$NA18906#2#JAHEON010000009.1_93748295_94249275_0	0.0854465467279327 Allentoft
VK61 HG02630#1#JAHAOQ010000102.1_16672145_17079089_0$NA18906#2#JAHEON010000009.1_93748295_94249275_0	0.0854463076841834 Allentoft
VK61 HG00621#1#JAHBCD010000034.1_2122997_2624098_1$HG01978#2#JAGYVR010000007.1_51532241_51939176_0	0.0854444026898617 Allentoft
VK61 HG01071#1#JAHBCF010000053.1_26607100_27108065_1$HG03579#1#JAGYVU010000029.1_91404_499180_0	0.0854439173570287 Allentoft
VK61 HG02886#1#JAHAOU010000178.1_62411_469262_0$HG02486#1#JAGYVM010000007.1_28868414_29370339_1	0.0854434393156700 Allentoft
VK61 HG002.verkko_filt_mat.fa:haplotype1_0000005_138228497_138636354_1$HG02071.verkko_filt_pat.fa:haplotype2_0000736_102745972_103248026_0	0.0854427431264045 Allentoft
VK61 HG01071#1#JAHBCF010000053.1_26607100_27108065_1$HG02486#2#JAGYVL010000029.1_94163344_94570162_0	0.0854420052397341 Allentoft
VK61 HG02145#2#JAHKSF010000206.1_1005292_1413195_1$HG01071#1#JAHBCF010000053.1_26607100_27108065_1	0.0854408102316117 Allentoft
VK61 HG02080#2#JAHEOV010000017.1_16662177_17164189_0$HG005#2#JAHEPN010000023.1_51542210_51950070_0	0.0854403724892012 Allentoft
VK61 HG00741#1#JAHALY010000007.1_18781197_19307680_1$HG03710.verkko_filt_pat.fa:haplotype2_0000488_101614437_102218208_0	0.0854393619116957 Allentoft
VK61 HG02071.verkko_filt_mat.fa:haplotype1_0000041_103610513_104018399_0$HG02071.verkko_filt_pat.fa:haplotype2_0000736_102745972_103248026_0	0.0854375279850060 Allentoft
VK61 HG00621#1#JAHBCD010000034.1_2122997_2624098_1$HG005#2#JAHEPN010000023.1_51542210_51950070_0	0.0854365798800723 Allentoft
VK61 HG01978#2#JAGYVR010000007.1_51532241_51939176_0$HG02293.verkko_filt_pat.fa:haplotype2_0000836_148310532_148812524_1	0.0854361058394417 Allentoft
VK61 AV_HG00673#haplotype1#0000019:16627360_17129375$NA19240#2#JAHEOL010000010.1_37445323_37853017_0	0.0854343580540713 Allentoft
VK61 AV_HG01175#haplotype1#0000070:46006269_46414083$HG02071.verkko_filt_pat.fa:haplotype2_0000736_102745972_103248026_0	0.0854332617613504 Allentoft
VK61 HG02717#1#JAHAOS010000015.1_16660311_17067250_0$NA18906#2#JAHEON010000009.1_93748295_94249275_0	0.0854322076530326 Allentoft
VK61 HG03486#2#JAHEOP010000248.1_2105565_2584784_1$HG02293.verkko_filt_pat.fa:haplotype2_0000836_148310532_148812524_1	0.0854306412206850 Allentoft
VK61 HG02559#1#JAGYVK010000012.1_51505852_51913611_0$HG01071#1#JAHBCF010000053.1_26607100_27108065_1	0.0854293407042196 Allentoft
VK61 HG01109#2#JAHEOZ010000047.1_16671232_17151375_0$HG04228.verkko_filt_mat.fa:haplotype1_0000023_103429213_103930285_0	0.0854277969363038 Allentoft
VK61 chr1_chm13_103304997_103901127_0$HG02647.verkko_filt_mat.fa:haplotype1_0000002_103892584_104321036_0	0.0854271590175705 Allentoft
VK61 AV_HG00673#haplotype1#0000019:16627360_17129375$HG01928#1#JAGYVQ010000053.1_16676493_17083407_0	0.0854271005664022 Allentoft
VK61 AV_HG01106#haplotype1#0000048:16666181_17262214$HG02055#2#JAHEPJ010000017.1_24870122_25298560_1	0.0854269799811070 Allentoft
VK61 HG02886#1#JAHAOU010000178.1_62411_469262_0$HG01099.verkko_filt_pat.fa:haplotype2_0000583_143544270_144046196_1	0.0854228911245446 Allentoft
VK61 HG00621#2#JAHBCC010000031.1_16669999_17077865_0$HG02071.verkko_filt_pat.fa:haplotype2_0000736_102745972_103248026_0	0.0854223620926257 Allentoft
VK61 HG01071#1#JAHBCF010000053.1_26607100_27108065_1$HG02109#1#JAHEPG010000026.1_16673035_17080816_0	0.0854214580829802 Allentoft
VK61 HG01071#1#JAHBCF010000053.1_26607100_27108065_1$HG002.verkko_filt_mat.fa:haplotype1_0000005_138228497_138636354_1	0.0854212192497312 Allentoft
VK61 AV_HG02148#haplotype2#0002863:16304803_16712699$HG04228.verkko_filt_mat.fa:haplotype1_0000023_103429213_103930285_0	0.0854211775973799 Allentoft
VK61 HG03453#1#JAGYVW010000157.1_2105722_2585000_1$HG02293.verkko_filt_pat.fa:haplotype2_0000836_148310532_148812524_1	0.0854211613773810 Allentoft
VK61 HG01978#2#JAGYVR010000007.1_51532241_51939176_0$NA18906#2#JAHEON010000009.1_93748295_94249275_0	0.0854200251135349 Allentoft
VK61 AV_HG00673#haplotype2#0001165:24014011_24421797$NA18906#2#JAHEON010000009.1_93748295_94249275_0	0.0854197862923052 Allentoft
VK61 chr1_hg38_103456064_103863972_0$HG02071.verkko_filt_pat.fa:haplotype2_0000736_102745972_103248026_0	0.0854185718812732 Allentoft
VK61 chr1_hg19_103998686_104406594_0$HG02071.verkko_filt_pat.fa:haplotype2_0000736_102745972_103248026_0	0.0854185718812732 Allentoft
VK61 AV_HG02257#haplotype2#0001152:102843493_103251377$HG01071#1#JAHBCF010000053.1_26607100_27108065_1	0.0854183534069911 Allentoft
VK61 AV_HG00673#haplotype1#0000019:16627360_17129375$HG02004.verkko_filt_mat.fa:haplotype1_0000022_97828542_98235483_0	0.0854166769647813 Allentoft
VK61 chr1_hg19_103998686_104406594_0$HG01071#1#JAHBCF010000053.1_26607100_27108065_1	0.0854164430054028 Allentoft
VK61 HG01071#1#JAHBCF010000053.1_26607100_27108065_1$chr1_hg38_103456064_103863972_0	0.0854164430054028 Allentoft
VK61 HG01109#2#JAHEOZ010000047.1_16671232_17151375_0$HG02071.verkko_filt_pat.fa:haplotype2_0000736_102745972_103248026_0	0.0854160435740003 Allentoft
VK61 AV_HG02148#haplotype2#0002863:16304803_16712699$NA18906#2#JAHEON010000009.1_93748295_94249275_0	0.0854152490694993 Allentoft
VK61 HG03486#1#JAHEOQ010000123.1_16677696_17085575_0$NA18906#2#JAHEON010000009.1_93748295_94249275_0	0.0854142939568232 Allentoft
VK61 HG00621#1#JAHBCD010000034.1_2122997_2624098_1$HG01928#1#JAGYVQ010000053.1_16676493_17083407_0	0.0854140716605068 Allentoft
VK61 HG03486#1#JAHEOQ010000123.1_16677696_17085575_0$HG04228.verkko_filt_mat.fa:haplotype1_0000023_103429213_103930285_0	0.0854126506859243 Allentoft
VK61 HG03453#2#JAGYVV010000088.1_22597550_23005370_1$HG02293.verkko_filt_pat.fa:haplotype2_0000836_148310532_148812524_1	0.0854121770434897 Allentoft
VK61 NA19240#2#JAHEOL010000010.1_37445323_37853017_0$HG01099.verkko_filt_pat.fa:haplotype2_0000583_143544270_144046196_1	0.0854114288110244 Allentoft
VK61 HG01109#1#JAHEPA010000099.1_2104245_2511104_1$HG01978#1#JAGYVS010000002.1_51519970_52021951_0	0.0854092801408793 Allentoft
VK61 AV_HG01106#haplotype2#0000932:16673968_17175925$HG01358#1#JAGYZB010000020.1_27445742_27855492_1	0.0854090985597168 Allentoft
VK61 HG03540#1#JAGYVY010000208.1_95187_596142_0$NA19240#2#JAHEOL010000010.1_37445323_37853017_0	0.0854090414097619 Allentoft
VK61 HG01978#1#JAGYVS010000002.1_51519970_52021951_0$HG01358#1#JAGYZB010000020.1_27445742_27855492_1	0.0854076778333178 Allentoft
VK61 AV_HG00673#haplotype1#0000019:16627360_17129375$HG005#2#JAHEPN010000023.1_51542210_51950070_0	0.0854064939488091 Allentoft
VK61 HG02886#1#JAHAOU010000178.1_62411_469262_0$HG03540#1#JAGYVY010000208.1_95187_596142_0	0.0854061767924888 Allentoft
VK61 HG01071#1#JAHBCF010000053.1_26607100_27108065_1$HG02809.verkko_filt_pat.fa:haplotype2_0001251_103421111_103827972_0	0.0854033124634339 Allentoft
VK61 HG005#2#JAHEPN010000023.1_51542210_51950070_0$NA18906#2#JAHEON010000009.1_93748295_94249275_0	0.0854021190780473 Allentoft
VK61 HG01071#1#JAHBCF010000053.1_26607100_27108065_1$HG02300.verkko_filt_pat.fa:haplotype2_0000620_143362344_143769323_1	0.0854018804069733 Allentoft
VK61 HG03486#1#JAHEOQ010000123.1_16677696_17085575_0$HG02293.verkko_filt_pat.fa:haplotype2_0000836_148310532_148812524_1	0.0854010487141004 Allentoft
VK61 NA19240#2#JAHEOL010000010.1_37445323_37853017_0$HG02293.verkko_filt_pat.fa:haplotype2_0000836_148310532_148812524_1	0.0854009257426867 Allentoft
VK61 AV_HG01106#haplotype1#0000048:16666181_17262214$HG03098#1#JAHEPM010000059.1_16676208_17105596_0	0.0854008527307641 Allentoft
VK61 AV_HG01106#haplotype2#0000932:16673968_17175925$HG01109#1#JAHEPA010000099.1_2104245_2511104_1	0.0853992551572190 Allentoft
VK61 HG01978#2#JAGYVR010000007.1_51532241_51939176_0$HG04228.verkko_filt_mat.fa:haplotype1_0000023_103429213_103930285_0	0.0853989182535775 Allentoft
VK61 HG00621#1#JAHBCD010000034.1_2122997_2624098_1$HG02004.verkko_filt_mat.fa:haplotype1_0000022_97828542_98235483_0	0.0853979714334118 Allentoft
VK61 HG01071#1#JAHBCF010000053.1_26607100_27108065_1$HG02818#1#JAHEOS010000101.1_89626_496613_0	0.0853975846697857 Allentoft
VK61 AV_HG02148#haplotype2#0002863:16304803_16712699$HG02071.verkko_filt_pat.fa:haplotype2_0000736_102745972_103248026_0	0.0853960778875533 Allentoft
VK61 HG03486#2#JAHEOP010000248.1_2105565_2584784_1$HG02071.verkko_filt_pat.fa:haplotype2_0000736_102745972_103248026_0	0.0853955815552475 Allentoft
VK61 HG03453#2#JAGYVV010000088.1_22597550_23005370_1$HG04228.verkko_filt_mat.fa:haplotype1_0000023_103429213_103930285_0	0.0853944211382479 Allentoft
VK61 HG005#2#JAHEPN010000023.1_51542210_51950070_0$HG02293.verkko_filt_pat.fa:haplotype2_0000836_148310532_148812524_1	0.0853941844676472 Allentoft
VK61 HG03486#2#JAHEOP010000248.1_2105565_2584784_1$HG04228.verkko_filt_mat.fa:haplotype1_0000023_103429213_103930285_0	0.0853940664350817 Allentoft
VK61 HG03516#1#JAGYYT010000012.1_24170958_24578778_1$HG02486#1#JAGYVM010000007.1_28868414_29370339_1	0.0853940053839290 Allentoft
VK61 HG01071#1#JAHBCF010000053.1_26607100_27108065_1$HG02071.verkko_filt_mat.fa:haplotype1_0000041_103610513_104018399_0	0.0853925737955973 Allentoft
VK61 AV_HG01106#haplotype1#0000048:16666181_17262214$HG02809.verkko_filt_mat.fa:haplotype1_0000023_94161320_94589755_0	0.0853924470029809 Allentoft
VK61 HG01928#1#JAGYVQ010000053.1_16676493_17083407_0$HG02293.verkko_filt_pat.fa:haplotype2_0000836_148310532_148812524_1	0.0853920545207877 Allentoft
VK61 HG02004.verkko_filt_mat.fa:haplotype1_0000022_97828542_98235483_0$HG02293.verkko_filt_pat.fa:haplotype2_0000836_148310532_148812524_1	0.0853911079288963 Allentoft
VK61 HG005#2#JAHEPN010000023.1_51542210_51950070_0$HG04228.verkko_filt_mat.fa:haplotype1_0000023_103429213_103930285_0	0.0853892148395485 Allentoft
VK61 HG03453#1#JAGYVW010000157.1_2105722_2585000_1$HG02486#1#JAGYVM010000007.1_28868414_29370339_1	0.0853881961060694 Allentoft
VK61 HG02145#2#JAHKSF010000206.1_1005292_1413195_1$NA18906#2#JAHEON010000009.1_93748295_94249275_0	0.0853878023544374 Allentoft
VK61 HG02055#2#JAHEPJ010000017.1_24870122_25298560_1$chr1_chm13_103304997_103901127_0	0.0853865465919457 Allentoft
VK61 HG03453#1#JAGYVW010000157.1_2105722_2585000_1$HG02071.verkko_filt_pat.fa:haplotype2_0000736_102745972_103248026_0	0.0853857347154651 Allentoft
VK61 HG00621#2#JAHBCC010000031.1_16669999_17077865_0$HG01071#1#JAHBCF010000053.1_26607100_27108065_1	0.0853854169337759 Allentoft
VK61 NA18906#2#JAHEON010000009.1_93748295_94249275_0$HG02486#2#JAGYVL010000029.1_94163344_94570162_0	0.0853808851852438 Allentoft
VK61 NA19240#2#JAHEOL010000010.1_37445323_37853017_0$HG04228.verkko_filt_mat.fa:haplotype1_0000023_103429213_103930285_0	0.0853801697119591 Allentoft
VK61 NA18906#2#JAHEON010000009.1_93748295_94249275_0$HG02004.verkko_filt_mat.fa:haplotype1_0000022_97828542_98235483_0	0.0853789772964536 Allentoft
VK61 HG01978#2#JAGYVR010000007.1_51532241_51939176_0$HG02071.verkko_filt_pat.fa:haplotype2_0000736_102745972_103248026_0	0.0853780954817963 Allentoft
VK61 HG03453#2#JAGYVV010000088.1_22597550_23005370_1$NA18906#2#JAHEON010000009.1_93748295_94249275_0	0.0853777849309064 Allentoft
VK61 HG01071#1#JAHBCF010000053.1_26607100_27108065_1$NA19240#1#JAHEOM010000047.1_30103390_30511199_1	0.0853773079986750 Allentoft
VK61 AV_HG02257#haplotype2#0001152:102843493_103251377$NA18906#2#JAHEON010000009.1_93748295_94249275_0	0.0853768310744362 Allentoft
VK61 HG01071#1#JAHBCF010000053.1_26607100_27108065_1$HG01978#2#JAGYVR010000007.1_51532241_51939176_0	0.0853765926153139 Allentoft
VK61 NA18906#2#JAHEON010000009.1_93748295_94249275_0$HG03516#2#JAGYYS010000004.1_24452130_24859892_1	0.0853761157030635 Allentoft
VK61 HG01928#1#JAGYVQ010000053.1_16676493_17083407_0$NA18906#2#JAHEON010000009.1_93748295_94249275_0	0.0853751619025383 Allentoft
VK61 HG03486#1#JAHEOQ010000123.1_16677696_17085575_0$HG02071.verkko_filt_pat.fa:haplotype2_0000736_102745972_103248026_0	0.0853733651575392 Allentoft
VK61 HG03453#2#JAGYVV010000088.1_22597550_23005370_1$HG02071.verkko_filt_pat.fa:haplotype2_0000736_102745972_103248026_0	0.0853731286619648 Allentoft
VK61 HG02559#2#JAGYVJ010000037.1_52167780_52574597_1$HG01071#1#JAHBCF010000053.1_26607100_27108065_1	0.0853727775410735 Allentoft
VK61 HG03492#1#JAHEPI010000180.1_2103395_2543326_1$HG02004.verkko_filt_pat.fa:haplotype2_0000813_139386576_140076845_1	0.0853695644129831 Allentoft
VK61 HG02818#2#JAHEOR010000010.1_31775319_32183091_1$HG01071#1#JAHBCF010000053.1_26607100_27108065_1	0.0853684861938145 Allentoft
VK61 HG03453#1#JAGYVW010000157.1_2105722_2585000_1$HG01099.verkko_filt_pat.fa:haplotype2_0000583_143544270_144046196_1	0.0853662404496804 Allentoft
VK61 HG03486#1#JAHEOQ010000123.1_16677696_17085575_0$HG01071#1#JAHBCF010000053.1_26607100_27108065_1	0.0853656256551304 Allentoft
VK61 NA18906#2#JAHEON010000009.1_93748295_94249275_0$HG03579#1#JAGYVU010000029.1_91404_499180_0	0.0853651489266391 Allentoft
VK61 NA19240#2#JAHEOL010000010.1_37445323_37853017_0$HG02071.verkko_filt_pat.fa:haplotype2_0000736_102745972_103248026_0	0.0853601437596442 Allentoft
VK61 HG03453#1#JAGYVW010000157.1_2105722_2585000_1$HG04228.verkko_filt_mat.fa:haplotype1_0000023_103429213_103930285_0	0.0853596192234154 Allentoft
VK61 HG01928#1#JAGYVQ010000053.1_16676493_17083407_0$HG04228.verkko_filt_mat.fa:haplotype1_0000023_103429213_103930285_0	0.0853587061473926 Allentoft
VK61 AV_HG01175#haplotype1#0000070:46006269_46414083$HG01071#1#JAHBCF010000053.1_26607100_27108065_1	0.0853572840594683 Allentoft
VK61 HG01071#1#JAHBCF010000053.1_26607100_27108065_1$HG005#2#JAHEPN010000023.1_51542210_51950070_0	0.0853563308899441 Allentoft
VK61 HG02559#1#JAGYVK010000012.1_51505852_51913611_0$NA18906#2#JAHEON010000009.1_93748295_94249275_0	0.0853544246466866 Allentoft
VK61 HG04228.verkko_filt_mat.fa:haplotype1_0000023_103429213_103930285_0$HG02004.verkko_filt_mat.fa:haplotype1_0000022_97828542_98235483_0	0.0853539790449901 Allentoft
VK61 NA18906#2#JAHEON010000009.1_93748295_94249275_0$HG02818#1#JAHEOS010000101.1_89626_496613_0	0.0853489449086528 Allentoft
VK61 HG01071#1#JAHBCF010000053.1_26607100_27108065_1$HG03927.verkko_filt_mat.fa:haplotype1_0000009_134765170_135173010_1	0.0853487066831134 Allentoft
VK61 chr1_chm13_103304997_103901127_0$HG02809.verkko_filt_mat.fa:haplotype1_0000023_94161320_94589755_0	0.0853470632165268 Allentoft
VK61 HG005#2#JAHEPN010000023.1_51542210_51950070_0$HG02071.verkko_filt_pat.fa:haplotype2_0000736_102745972_103248026_0	0.0853433459353726 Allentoft
VK61 HG03453#1#JAGYVW010000157.1_2105722_2585000_1$HG03540#1#JAGYVY010000208.1_95187_596142_0	0.0853397647848678 Allentoft
VK61 AV_HG02148#haplotype2#0002863:16304803_16712699$HG01071#1#JAHBCF010000053.1_26607100_27108065_1	0.0853394174427362 Allentoft
VK61 HG02080#2#JAHEOV010000017.1_16662177_17164189_0$HG03516#1#JAGYYT010000012.1_24170958_24578778_1	0.0853384648716199 Allentoft
VK61 HG00621#1#JAHBCD010000034.1_2122997_2624098_1$HG03516#1#JAGYYT010000012.1_24170958_24578778_1	0.0853341786963029 Allentoft
VK61 HG01928#1#JAGYVQ010000053.1_16676493_17083407_0$HG02071.verkko_filt_pat.fa:haplotype2_0000736_102745972_103248026_0	0.0853312998804926 Allentoft
VK61 HG01071#1#JAHBCF010000053.1_26607100_27108065_1$HG02004.verkko_filt_mat.fa:haplotype1_0000022_97828542_98235483_0	0.0853308454508508 Allentoft
VK61 HG02004.verkko_filt_mat.fa:haplotype1_0000022_97828542_98235483_0$HG02071.verkko_filt_pat.fa:haplotype2_0000736_102745972_103248026_0	0.0853261051176270 Allentoft
VK61 HG01928#1#JAGYVQ010000053.1_16676493_17083407_0$HG01071#1#JAHBCF010000053.1_26607100_27108065_1	0.0853260843491341 Allentoft
VK61 HG03098#1#JAHEPM010000059.1_16676208_17105596_0$chr1_chm13_103304997_103901127_0	0.0853158369284399 Allentoft
VK61 HG01109#1#JAHEPA010000099.1_2104245_2511104_1$HG01099.verkko_filt_pat.fa:haplotype2_0000583_143544270_144046196_1	0.0853110920861574 Allentoft
VK61 AV_HG00673#haplotype1#0000019:16627360_17129375$HG03516#1#JAGYYT010000012.1_24170958_24578778_1	0.0853077615452320 Allentoft
VK61 NA18906#2#JAHEON010000009.1_93748295_94249275_0$NA19240#1#JAHEOM010000047.1_30103390_30511199_1	0.0853068100337541 Allentoft
VK61 HG01071#1#JAHBCF010000053.1_26607100_27108065_1$HG03453#2#JAGYVV010000088.1_22597550_23005370_1	0.0853058585541146 Allentoft
VK61 HG01109#1#JAHEPA010000099.1_2104245_2511104_1$HG02486#1#JAGYVM010000007.1_28868414_29370339_1	0.0853039556903437 Allentoft
VK61 HG02818#2#JAHEOR010000010.1_31775319_32183091_1$NA18906#2#JAHEON010000009.1_93748295_94249275_0	0.0853018151208026 Allentoft
VK61 HG03516#1#JAGYYT010000012.1_24170958_24578778_1$HG03540#1#JAGYVY010000208.1_95187_596142_0	0.0852987234714880 Allentoft
VK61 HG02559#2#JAGYVJ010000037.1_52167780_52574597_1$NA18906#2#JAHEON010000009.1_93748295_94249275_0	0.0852980100616910 Allentoft
VK61 HG03516#1#JAGYYT010000012.1_24170958_24578778_1$HG01099.verkko_filt_pat.fa:haplotype2_0000583_143544270_144046196_1	0.0852934922152871 Allentoft
VK61 HG01109#1#JAHEPA010000099.1_2104245_2511104_1$HG03540#1#JAGYVY010000208.1_95187_596142_0	0.0852801806322753 Allentoft
VK61 HG01071#1#JAHBCF010000053.1_26607100_27108065_1$HG02622#1#JAHAOO010000002.1_16673678_17080663_0	0.0852754280057024 Allentoft
VK61 HG01109#1#JAHEPA010000099.1_2104245_2511104_1$HG02080#2#JAHEOV010000017.1_16662177_17164189_0	0.0852718640571734 Allentoft
VK61 NA18906#2#JAHEON010000009.1_93748295_94249275_0$HG03927.verkko_filt_mat.fa:haplotype1_0000009_134765170_135173010_1	0.0852716264764924 Allentoft
VK61 HG03516#1#JAGYYT010000012.1_24170958_24578778_1$HG02293.verkko_filt_pat.fa:haplotype2_0000836_148310532_148812524_1	0.0852716264764924 Allentoft
VK61 HG02109#1#JAHEPG010000026.1_16673035_17080816_0$NA18906#2#JAHEON010000009.1_93748295_94249275_0	0.0852666377408693 Allentoft
VK61 HG01123#1#JAGYYZ010000015.1_51528240_51935090_0$HG01071#1#JAHBCF010000053.1_26607100_27108065_1	0.0852614123854110 Allentoft
VK61 HG02080#2#JAHEOV010000017.1_16662177_17164189_0$HG01358#1#JAGYZB010000020.1_27445742_27855492_1	0.0852610149631248 Allentoft
VK61 HG005#1#JAHEPO010000002.1_51519219_51926067_0$HG01071#1#JAHBCF010000053.1_26607100_27108065_1	0.0852609374007316 Allentoft
VK61 HG01071#1#JAHBCF010000053.1_26607100_27108065_1$HG01258#2#JAGYYU010000072.1_51562603_51970395_0	0.0852590375413943 Allentoft
VK61 HG01071#1#JAHBCF010000053.1_26607100_27108065_1$HG02717#2#JAHAOR010000006.1_19663827_20070693_1	0.0852576127302341 Allentoft
VK61 HG03516#1#JAGYYT010000012.1_24170958_24578778_1$HG04228.verkko_filt_mat.fa:haplotype1_0000023_103429213_103930285_0	0.0852542884486335 Allentoft
VK61 NA18906#2#JAHEON010000009.1_93748295_94249275_0$HG02809.verkko_filt_pat.fa:haplotype2_0001251_103421111_103827972_0	0.0852485905847375 Allentoft
VK61 AV_HG00673#haplotype1#0000019:16627360_17129375$HG01109#1#JAHEPA010000099.1_2104245_2511104_1	0.0852379101684237 Allentoft
VK61 HG00621#1#JAHBCD010000034.1_2122997_2624098_1$HG01109#1#JAHEPA010000099.1_2104245_2511104_1	0.0852348254621003 Allentoft
VK61 HG02622#1#JAHAOO010000002.1_16673678_17080663_0$NA18906#2#JAHEON010000009.1_93748295_94249275_0	0.0852322155875433 Allentoft
VK61 HG02622#2#JAHAON010000012.1_51551779_52031001_0$HG01071#1#JAHBCF010000053.1_26607100_27108065_1	0.0852303499830682 Allentoft
VK61 HG00438#1#JAHBCB010000015.1_33474867_33954171_0$HG01071#1#JAHBCF010000053.1_26607100_27108065_1	0.0852286429615813 Allentoft
VK61 HG03516#1#JAGYYT010000012.1_24170958_24578778_1$HG02071.verkko_filt_pat.fa:haplotype2_0000736_102745972_103248026_0	0.0852267593517176 Allentoft
VK61 AV_HG00673#haplotype1#0000019:16627360_17129375$HG01358#1#JAGYZB010000020.1_27445742_27855492_1	0.0852264081208862 Allentoft
VK61 HG00621#1#JAHBCD010000034.1_2122997_2624098_1$HG01358#1#JAGYZB010000020.1_27445742_27855492_1	0.0852252317583348 Allentoft
VK61 NA20129#2#JAHEPD010000155.1_90039_569275_0$HG01071#1#JAHBCF010000053.1_26607100_27108065_1	0.0852119574873822 Allentoft
VK61 HG02486#1#JAGYVM010000007.1_28868414_29370339_1$HG01358#1#JAGYZB010000020.1_27445742_27855492_1	0.0852024199594790 Allentoft
VK61 NA18906#2#JAHEON010000009.1_93748295_94249275_0$HG01258#2#JAGYYU010000072.1_51562603_51970395_0	0.0851992569054989 Allentoft
VK61 HG01123#1#JAGYYZ010000015.1_51528240_51935090_0$NA18906#2#JAHEON010000009.1_93748295_94249275_0	0.0851992569054989 Allentoft
VK61 HG01109#1#JAHEPA010000099.1_2104245_2511104_1$HG02293.verkko_filt_pat.fa:haplotype2_0000836_148310532_148812524_1	0.0851990199311841 Allentoft
VK61 HG01358#1#JAGYZB010000020.1_27445742_27855492_1$HG02293.verkko_filt_pat.fa:haplotype2_0000836_148310532_148812524_1	0.0851958385165397 Allentoft
VK61 HG01071#1#JAHBCF010000053.1_26607100_27108065_1$HG01109#2#JAHEOZ010000047.1_16671232_17151375_0	0.0851920614993587 Allentoft
VK61 HG01358#1#JAGYZB010000020.1_27445742_27855492_1$HG01099.verkko_filt_pat.fa:haplotype2_0000583_143544270_144046196_1	0.0851916083942191 Allentoft
VK61 NA18906#2#JAHEON010000009.1_93748295_94249275_0$HG02717#2#JAHAOR010000006.1_19663827_20070693_1	0.0851883581331685 Allentoft
VK61 HG01071#1#JAHBCF010000053.1_26607100_27108065_1$HG00741#2#JAHALX010000013.1_51574319_51981226_0	0.0851803052065133 Allentoft
VK61 HG005#1#JAHEPO010000002.1_51519219_51926067_0$NA18906#2#JAHEON010000009.1_93748295_94249275_0	0.0851793579535126 Allentoft
VK61 HG03540#1#JAGYVY010000208.1_95187_596142_0$HG01358#1#JAGYZB010000020.1_27445742_27855492_1	0.0851714065031387 Allentoft
VK61 HG01358#1#JAGYZB010000020.1_27445742_27855492_1$HG04228.verkko_filt_mat.fa:haplotype1_0000023_103429213_103930285_0	0.0851678843892213 Allentoft
VK61 HG01109#1#JAHEPA010000099.1_2104245_2511104_1$HG02071.verkko_filt_pat.fa:haplotype2_0000736_102745972_103248026_0	0.0851571066014164 Allentoft
VK61 HG00438#1#JAHBCB010000015.1_33474867_33954171_0$NA18906#2#JAHEON010000009.1_93748295_94249275_0	0.0851532570837102 Allentoft
VK61 HG01358#1#JAGYZB010000020.1_27445742_27855492_1$HG02071.verkko_filt_pat.fa:haplotype2_0000736_102745972_103248026_0	0.0851523922773352 Allentoft
VK61 HG01109#1#JAHEPA010000099.1_2104245_2511104_1$HG04228.verkko_filt_mat.fa:haplotype1_0000023_103429213_103930285_0	0.0851476432285735 Allentoft
VK61 HG01071#1#JAHBCF010000053.1_26607100_27108065_1$NA19240#2#JAHEOL010000010.1_37445323_37853017_0	0.0851378091334630 Allentoft
VK61 NA18906#2#JAHEON010000009.1_93748295_94249275_0$HG00741#2#JAHALX010000013.1_51574319_51981226_0	0.0851249439997444 Allentoft
VK61 AV_HG01106#haplotype2#0000932:16673968_17175925$HG02630#2#JAHAOP010000089.1_16669255_17076135_0	0.0851044520297247 Allentoft
VK61 HG02630#2#JAHAOP010000089.1_16669255_17076135_0$HG01978#1#JAGYVS010000002.1_51519970_52021951_0	0.0850963569343238 Allentoft
VK61 HG01071#1#JAHBCF010000053.1_26607100_27108065_1$HG02886#1#JAHAOU010000178.1_62411_469262_0	0.0850925482768893 Allentoft
VK61 HG01071#1#JAHBCF010000053.1_26607100_27108065_1$HG03486#2#JAHEOP010000248.1_2105565_2584784_1	0.0850752411346816 Allentoft
VK61 HG02622#2#JAHAON010000012.1_51551779_52031001_0$NA18906#2#JAHEON010000009.1_93748295_94249275_0	0.0850590226406610 Allentoft
VK61 HG03492#2#JAHEPH010000288.1_2098270_2432686_1$HG01071#1#JAHBCF010000053.1_26607100_27108065_1	0.0850512487641605 Allentoft
VK61 NA20129#2#JAHEPD010000155.1_90039_569275_0$NA18906#2#JAHEON010000009.1_93748295_94249275_0	0.0850501629639423 Allentoft
VK61 HG01071#1#JAHBCF010000053.1_26607100_27108065_1$HG01243#1#JAHEOY010000013.1_90081_424495_0	0.0850488225238142 Allentoft
VK61 NA18906#2#JAHEON010000009.1_93748295_94249275_0$NA19240#2#JAHEOL010000010.1_37445323_37853017_0	0.0850411814029401 Allentoft
VK61 HG01071#1#JAHBCF010000053.1_26607100_27108065_1$HG03516#1#JAGYYT010000012.1_24170958_24578778_1	0.0850300166693655 Allentoft
VK61 HG02886#1#JAHAOU010000178.1_62411_469262_0$NA18906#2#JAHEON010000009.1_93748295_94249275_0	0.0850183815214605 Allentoft
VK61 HG03453#1#JAGYVW010000157.1_2105722_2585000_1$HG01071#1#JAHBCF010000053.1_26607100_27108065_1	0.0850002612248309 Allentoft
VK61 HG03492#2#JAHEPH010000288.1_2098270_2432686_1$NA18906#2#JAHEON010000009.1_93748295_94249275_0	0.0849876286846572 Allentoft
VK61 HG01109#2#JAHEOZ010000047.1_16671232_17151375_0$NA18906#2#JAHEON010000009.1_93748295_94249275_0	0.0849852138013595 Allentoft
VK61 HG01243#1#JAHEOY010000013.1_90081_424495_0$NA18906#2#JAHEON010000009.1_93748295_94249275_0	0.0849821821756731 Allentoft
VK61 HG02630#2#JAHAOP010000089.1_16669255_17076135_0$HG02080#2#JAHEOV010000017.1_16662177_17164189_0	0.0849517496193199 Allentoft
VK61 HG03486#2#JAHEOP010000248.1_2105565_2584784_1$NA18906#2#JAHEON010000009.1_93748295_94249275_0	0.0849367402499172 Allentoft
VK61 HG02630#2#JAHAOP010000089.1_16669255_17076135_0$HG02486#1#JAGYVM010000007.1_28868414_29370339_1	0.0849344651731853 Allentoft
VK61 HG03516#1#JAGYYT010000012.1_24170958_24578778_1$NA18906#2#JAHEON010000009.1_93748295_94249275_0	0.0849294948889634 Allentoft
VK61 AV_HG00673#haplotype1#0000019:16627360_17129375$HG02630#2#JAHAOP010000089.1_16669255_17076135_0	0.0849283116165626 Allentoft
VK61 HG00621#1#JAHBCD010000034.1_2122997_2624098_1$HG02630#2#JAHAOP010000089.1_16669255_17076135_0	0.0849252353397667 Allentoft
VK61 HG02004.verkko_filt_pat.fa:haplotype2_0000813_139386576_140076845_1$HG02647.verkko_filt_pat.fa:haplotype2_0000857_103738150_104051769_0	0.0848928708113502 Allentoft
VK61 HG02630#2#JAHAOP010000089.1_16669255_17076135_0$HG02293.verkko_filt_pat.fa:haplotype2_0000836_148310532_148812524_1	0.0848923637238957 Allentoft
VK61 HG01891#1#JAGYVO010000014.1_22855818_23168577_1$HG02004.verkko_filt_pat.fa:haplotype2_0000813_139386576_140076845_1	0.0848856634272626 Allentoft
VK61 NA18906#1#JAHEOO010000054.1_2103477_2510435_1$HG03927.verkko_filt_pat.fa:haplotype2_0000800_29002142_29504057_1	0.0848852059382879 Allentoft
VK61 HG03579#2#JAGYVT010000094.1_51581892_51895531_0$HG02004.verkko_filt_pat.fa:haplotype2_0000813_139386576_140076845_1	0.0848849660358967 Allentoft
VK61 HG02630#2#JAHAOP010000089.1_16669255_17076135_0$HG01099.verkko_filt_pat.fa:haplotype2_0000583_143544270_144046196_1	0.0848810212378637 Allentoft
VK61 HG02109#2#JAHEPF010000078.1_16678387_16991144_0$HG02004.verkko_filt_pat.fa:haplotype2_0000813_139386576_140076845_1	0.0848759015120189 Allentoft
VK61 HG02630#1#JAHAOQ010000102.1_16672145_17079089_0$HG03927.verkko_filt_pat.fa:haplotype2_0000800_29002142_29504057_1	0.0848697246947132 Allentoft
VK61 HG02630#2#JAHAOP010000089.1_16669255_17076135_0$HG03540#1#JAGYVY010000208.1_95187_596142_0	0.0848673217978407 Allentoft
VK61 HG02630#2#JAHAOP010000089.1_16669255_17076135_0$HG04228.verkko_filt_mat.fa:haplotype1_0000023_103429213_103930285_0	0.0848637799186351 Allentoft
VK61 HG00741#1#JAHALY010000007.1_18781197_19307680_1$HG01978#1#JAGYVS010000002.1_51519970_52021951_0	0.0848627483377777 Allentoft
VK61 AV_HG01106#haplotype2#0000932:16673968_17175925$HG00741#1#JAHALY010000007.1_18781197_19307680_1	0.0848592383201838 Allentoft
VK61 HG02717#1#JAHAOS010000015.1_16660311_17067250_0$HG03927.verkko_filt_pat.fa:haplotype2_0000800_29002142_29504057_1	0.0848590118712707 Allentoft
VK61 HG02630#2#JAHAOP010000089.1_16669255_17076135_0$HG02071.verkko_filt_pat.fa:haplotype2_0000736_102745972_103248026_0	0.0848566974903812 Allentoft
VK61 HG03453#1#JAGYVW010000157.1_2105722_2585000_1$NA18906#2#JAHEON010000009.1_93748295_94249275_0	0.0848314370514646 Allentoft
VK61 HG02486#2#JAGYVL010000029.1_94163344_94570162_0$HG03927.verkko_filt_pat.fa:haplotype2_0000800_29002142_29504057_1	0.0848230940200930 Allentoft
VK61 HG02886#2#JAHAOT010000031.1_87393_401061_0$HG02004.verkko_filt_pat.fa:haplotype2_0000813_139386576_140076845_1	0.0848125310498002 Allentoft
VK61 HG04228.verkko_filt_pat.fa:haplotype2_0000600_103806749_104119491_0$HG02004.verkko_filt_pat.fa:haplotype2_0000813_139386576_140076845_1	0.0848078941034391 Allentoft
VK61 HG01071#1#JAHBCF010000053.1_26607100_27108065_1$HG01358#1#JAGYZB010000020.1_27445742_27855492_1	0.0848053095126926 Allentoft
VK61 HG01123#2#JAGYYY010000006.1_51579630_51892388_0$HG02004.verkko_filt_pat.fa:haplotype2_0000813_139386576_140076845_1	0.0848000130397756 Allentoft
VK61 HG00741#1#JAHALY010000007.1_18781197_19307680_1$HG02486#1#JAGYVM010000007.1_28868414_29370339_1	0.0847905297812457 Allentoft
VK61 HG01109#1#JAHEPA010000099.1_2104245_2511104_1$NA18906#2#JAHEON010000009.1_93748295_94249275_0	0.0847883253114525 Allentoft
VK61 HG02145#2#JAHKSF010000206.1_1005292_1413195_1$HG03927.verkko_filt_pat.fa:haplotype2_0000800_29002142_29504057_1	0.0847862720982156 Allentoft
VK61 HG02723#1#JAHEOU010000204.1_2102082_2414876_1$HG02004.verkko_filt_pat.fa:haplotype2_0000813_139386576_140076845_1	0.0847824044861519 Allentoft
VK61 AV_HG02257#haplotype2#0001152:102843493_103251377$HG03927.verkko_filt_pat.fa:haplotype2_0000800_29002142_29504057_1	0.0847763027997561 Allentoft
VK61 HG02818#1#JAHEOS010000101.1_89626_496613_0$HG03927.verkko_filt_pat.fa:haplotype2_0000800_29002142_29504057_1	0.0847732177771403 Allentoft
VK61 HG02300.verkko_filt_pat.fa:haplotype2_0000620_143362344_143769323_1$HG03927.verkko_filt_pat.fa:haplotype2_0000800_29002142_29504057_1	0.0847589835743102 Allentoft
VK61 HG02004.verkko_filt_pat.fa:haplotype2_0000813_139386576_140076845_1$HG02293.verkko_filt_mat.fa:haplotype1_0000039_30204405_30517145_1	0.0847472202612990 Allentoft
VK61 HG01109#1#JAHEPA010000099.1_2104245_2511104_1$HG01071#1#JAHBCF010000053.1_26607100_27108065_1	0.0847445597060192 Allentoft
VK61 HG02809.verkko_filt_pat.fa:haplotype2_0001251_103421111_103827972_0$HG03927.verkko_filt_pat.fa:haplotype2_0000800_29002142_29504057_1	0.0847404898255236 Allentoft
VK61 HG03098#2#JAHEPL010000003.1_93803759_94117426_0$HG02004.verkko_filt_pat.fa:haplotype2_0000813_139386576_140076845_1	0.0847400499075587 Allentoft
VK61 HG002.verkko_filt_mat.fa:haplotype1_0000005_138228497_138636354_1$HG03927.verkko_filt_pat.fa:haplotype2_0000800_29002142_29504057_1	0.0847378827066027 Allentoft
VK61 NA18906#2#JAHEON010000009.1_93748295_94249275_0$HG01358#1#JAGYZB010000020.1_27445742_27855492_1	0.0847310894193087 Allentoft
VK61 HG02004.verkko_filt_pat.fa:haplotype2_0000813_139386576_140076845_1$HG03710.verkko_filt_mat.fa:haplotype1_0000029_102593394_102907063_0	0.0847296445673376 Allentoft
VK61 HG02071.verkko_filt_mat.fa:haplotype1_0000041_103610513_104018399_0$HG03927.verkko_filt_pat.fa:haplotype2_0000800_29002142_29504057_1	0.0847293519995373 Allentoft
VK61 HG00741#1#JAHALY010000007.1_18781197_19307680_1$HG02080#2#JAHEOV010000017.1_16662177_17164189_0	0.0847281009242798 Allentoft
VK61 AV_HG01175#haplotype1#0000070:46006269_46414083$HG03927.verkko_filt_pat.fa:haplotype2_0000800_29002142_29504057_1	0.0847236662926203 Allentoft
VK61 HG00621#1#JAHBCD010000034.1_2122997_2624098_1$HG00741#1#JAHALY010000007.1_18781197_19307680_1	0.0847225117920303 Allentoft
VK61 AV_HG01361#haplotype2#0001322:101872897_102186552$HG02004.verkko_filt_pat.fa:haplotype2_0000813_139386576_140076845_1	0.0847210919362565 Allentoft
VK61 chr1_hg38_103456064_103863972_0$HG03927.verkko_filt_pat.fa:haplotype2_0000800_29002142_29504057_1	0.0847165607683164 Allentoft
VK61 chr1_hg19_103998686_104406594_0$HG03927.verkko_filt_pat.fa:haplotype2_0000800_29002142_29504057_1	0.0847165607683164 Allentoft
VK61 HG00621#2#JAHBCC010000031.1_16669999_17077865_0$HG03927.verkko_filt_pat.fa:haplotype2_0000800_29002142_29504057_1	0.0847141926574650 Allentoft
VK61 HG00741#1#JAHALY010000007.1_18781197_19307680_1$HG01099.verkko_filt_pat.fa:haplotype2_0000583_143544270_144046196_1	0.0847118605718054 Allentoft
VK61 HG02109#1#JAHEPG010000026.1_16673035_17080816_0$HG03927.verkko_filt_pat.fa:haplotype2_0000800_29002142_29504057_1	0.0847101673247410 Allentoft
VK61 HG00741#1#JAHALY010000007.1_18781197_19307680_1$HG03540#1#JAGYVY010000208.1_95187_596142_0	0.0847097657226179 Allentoft
VK61 HG01978#2#JAGYVR010000007.1_51532241_51939176_0$HG03927.verkko_filt_pat.fa:haplotype2_0000800_29002142_29504057_1	0.0847002248445895 Allentoft
VK61 AV_HG01106#haplotype1#0000048:16666181_17262214$HG02723#2#JAHEOT010000034.1_19776337_20321518_1	0.0846986865673450 Allentoft
VK61 AV_HG00673#haplotype1#0000019:16627360_17129375$HG00741#1#JAHALY010000007.1_18781197_19307680_1	0.0846971998902963 Allentoft
VK61 HG03486#1#JAHEOQ010000123.1_16677696_17085575_0$HG03927.verkko_filt_pat.fa:haplotype2_0000800_29002142_29504057_1	0.0846959648532286 Allentoft
VK61 AV_HG02148#haplotype2#0002863:16304803_16712699$HG03927.verkko_filt_pat.fa:haplotype2_0000800_29002142_29504057_1	0.0846931252160553 Allentoft
VK61 HG00733#1#JAHEPQ010000019.1_46106835_46420495_0$HG02004.verkko_filt_pat.fa:haplotype2_0000813_139386576_140076845_1	0.0846924479374879 Allentoft
VK61 HG02004.verkko_filt_pat.fa:haplotype2_0000813_139386576_140076845_1$HG02647.verkko_filt_mat.fa:haplotype1_0000002_103892584_104321036_0	0.0846774897848709 Allentoft
VK61 HG00741#1#JAHALY010000007.1_18781197_19307680_1$HG04228.verkko_filt_mat.fa:haplotype1_0000023_103429213_103930285_0	0.0846715620031683 Allentoft
VK61 HG01928#1#JAGYVQ010000053.1_16676493_17083407_0$HG03927.verkko_filt_pat.fa:haplotype2_0000800_29002142_29504057_1	0.0846708912686564 Allentoft
VK61 HG02622#1#JAHAOO010000002.1_16673678_17080663_0$HG03927.verkko_filt_pat.fa:haplotype2_0000800_29002142_29504057_1	0.0846697091023105 Allentoft
VK61 HG00741#1#JAHALY010000007.1_18781197_19307680_1$HG02293.verkko_filt_pat.fa:haplotype2_0000836_148310532_148812524_1	0.0846692958273737 Allentoft
VK61 HG03516#2#JAGYYS010000004.1_24452130_24859892_1$HG03927.verkko_filt_pat.fa:haplotype2_0000800_29002142_29504057_1	0.0846685269854792 Allentoft
VK61 HG005#2#JAHEPN010000023.1_51542210_51950070_0$HG03927.verkko_filt_pat.fa:haplotype2_0000800_29002142_29504057_1	0.0846630898857033 Allentoft
VK61 HG01123#1#JAGYYZ010000015.1_51528240_51935090_0$HG03927.verkko_filt_pat.fa:haplotype2_0000800_29002142_29504057_1	0.0846604899038808 Allentoft
VK61 HG02004.verkko_filt_mat.fa:haplotype1_0000022_97828542_98235483_0$HG03927.verkko_filt_pat.fa:haplotype2_0000800_29002142_29504057_1	0.0846581264918907 Allentoft
VK61 HG02559#2#JAGYVJ010000037.1_52167780_52574597_1$HG03927.verkko_filt_pat.fa:haplotype2_0000800_29002142_29504057_1	0.0846562359048041 Allentoft
VK61 HG00438#2#JAHBCA010000012.1_51513023_51826723_0$HG02004.verkko_filt_pat.fa:haplotype2_0000813_139386576_140076845_1	0.0846562225848247 Allentoft
VK61 HG03579#1#JAGYVU010000029.1_91404_499180_0$HG03927.verkko_filt_pat.fa:haplotype2_0000800_29002142_29504057_1	0.0846510374433448 Allentoft
VK61 HG02559#1#JAGYVK010000012.1_51505852_51913611_0$HG03927.verkko_filt_pat.fa:haplotype2_0000800_29002142_29504057_1	0.0846484385717124 Allentoft
VK61 HG02080#1#JAHEOW010000048.1_16689583_17097287_0$HG03927.verkko_filt_pat.fa:haplotype2_0000800_29002142_29504057_1	0.0846451312630688 Allentoft
VK61 HG03453#2#JAGYVV010000088.1_22597550_23005370_1$HG03927.verkko_filt_pat.fa:haplotype2_0000800_29002142_29504057_1	0.0846380454783073 Allentoft
VK61 HG02723#2#JAHEOT010000034.1_19776337_20321518_1$chr1_chm13_103304997_103901127_0	0.0846367941387782 Allentoft
VK61 HG02055#2#JAHEPJ010000017.1_24870122_25298560_1$HG02004.verkko_filt_pat.fa:haplotype2_0000813_139386576_140076845_1	0.0846348027019799 Allentoft
VK61 HG00741#1#JAHALY010000007.1_18781197_19307680_1$HG02071.verkko_filt_pat.fa:haplotype2_0000736_102745972_103248026_0	0.0846346286012534 Allentoft
VK61 HG02622#2#JAHAON010000012.1_51551779_52031001_0$HG03927.verkko_filt_pat.fa:haplotype2_0000800_29002142_29504057_1	0.0846329074565141 Allentoft
VK61 HG02300.verkko_filt_mat.fa:haplotype1_0000028_144052837_144460586_1$HG03927.verkko_filt_pat.fa:haplotype2_0000800_29002142_29504057_1	0.0846321420168082 Allentoft
VK61 HG02717#2#JAHAOR010000006.1_19663827_20070693_1$HG03927.verkko_filt_pat.fa:haplotype2_0000800_29002142_29504057_1	0.0846283644496660 Allentoft
VK61 HG01099.verkko_filt_mat.fa:haplotype1_0000034_142513097_142920876_1$HG03927.verkko_filt_pat.fa:haplotype2_0000800_29002142_29504057_1	0.0846278922893390 Allentoft
VK61 HG005#1#JAHEPO010000002.1_51519219_51926067_0$HG03927.verkko_filt_pat.fa:haplotype2_0000800_29002142_29504057_1	0.0846278922893390 Allentoft
VK61 AV_HG01361#haplotype1#0000023:101593539_102001341$HG03927.verkko_filt_pat.fa:haplotype2_0000800_29002142_29504057_1	0.0846257676656611 Allentoft
VK61 HG01258#2#JAGYYU010000072.1_51562603_51970395_0$HG03927.verkko_filt_pat.fa:haplotype2_0000800_29002142_29504057_1	0.0846250594933275 Allentoft
VK61 NA20129#2#JAHEPD010000155.1_90039_569275_0$HG03927.verkko_filt_pat.fa:haplotype2_0000800_29002142_29504057_1	0.0846199070532363 Allentoft
VK61 HG03540#2#JAGYVX010000148.1_1368955_1877115_0$NA18906#1#JAHEOO010000054.1_2103477_2510435_1	0.0846145172287051 Allentoft
VK61 HG02818#2#JAHEOR010000010.1_31775319_32183091_1$HG03927.verkko_filt_pat.fa:haplotype2_0000800_29002142_29504057_1	0.0846075968683817 Allentoft
VK61 NA19240#1#JAHEOM010000047.1_30103390_30511199_1$HG03927.verkko_filt_pat.fa:haplotype2_0000800_29002142_29504057_1	0.0846068891521214 Allentoft
VK61 HG02080#1#JAHEOW010000048.1_16689583_17097287_0$HG01258#1#JAGYYV010000004.1_56955948_57456952_1	0.0846047729652273 Allentoft
VK61 HG02004.verkko_filt_pat.fa:haplotype2_0000813_139386576_140076845_1$HG02809.verkko_filt_mat.fa:haplotype1_0000023_94161320_94589755_0	0.0846033079619597 Allentoft
VK61 HG01258#1#JAGYYV010000004.1_56955948_57456952_1$HG02300.verkko_filt_mat.fa:haplotype1_0000028_144052837_144460586_1	0.0845993032160006 Allentoft
VK61 HG02630#1#JAHAOQ010000102.1_16672145_17079089_0$HG03540#2#JAGYVX010000148.1_1368955_1877115_0	0.0845940327677364 Allentoft
VK61 HG01258#1#JAGYYV010000004.1_56955948_57456952_1$HG01099.verkko_filt_mat.fa:haplotype1_0000034_142513097_142920876_1	0.0845912194426542 Allentoft
VK61 AV_HG01361#haplotype1#0000023:101593539_102001341$HG01258#1#JAGYYV010000004.1_56955948_57456952_1	0.0845829003313330 Allentoft
VK61 HG02717#1#JAHAOS010000015.1_16660311_17067250_0$HG03540#2#JAGYVX010000148.1_1368955_1877115_0	0.0845781617905495 Allentoft
VK61 HG00741#2#JAHALX010000013.1_51574319_51981226_0$HG03927.verkko_filt_pat.fa:haplotype2_0000800_29002142_29504057_1	0.0845760028509435 Allentoft
VK61 HG03098#1#JAHEPM010000059.1_16676208_17105596_0$HG02004.verkko_filt_pat.fa:haplotype2_0000813_139386576_140076845_1	0.0845749753639727 Allentoft
VK61 AV_HG00673#haplotype2#0001165:24014011_24421797$HG01258#1#JAGYYV010000004.1_56955948_57456952_1	0.0845586700561531 Allentoft
VK61 HG03927.verkko_filt_mat.fa:haplotype1_0000009_134765170_135173010_1$HG03927.verkko_filt_pat.fa:haplotype2_0000800_29002142_29504057_1	0.0845583350735426 Allentoft
VK61 AV_HG00673#haplotype2#0001165:24014011_24421797$HG03927.verkko_filt_pat.fa:haplotype2_0000800_29002142_29504057_1	0.0845583350735426 Allentoft
VK61 AV_HG01106#haplotype1#0000048:16666181_17262214$HG02145#1#JAHKSG010000134.1_2102465_2647653_1	0.0845560204559244 Allentoft
VK61 HG00438#1#JAHBCB010000015.1_33474867_33954171_0$HG03927.verkko_filt_pat.fa:haplotype2_0000800_29002142_29504057_1	0.0845499209914619 Allentoft
VK61 HG01258#1#JAGYYV010000004.1_56955948_57456952_1$NA18906#1#JAHEOO010000054.1_2103477_2510435_1	0.0845358841031509 Allentoft
VK61 HG02630#2#JAHAOP010000089.1_16669255_17076135_0$HG01071#1#JAHBCF010000053.1_26607100_27108065_1	0.0845324423503043 Allentoft
VK61 HG02630#1#JAHAOQ010000102.1_16672145_17079089_0$HG01258#1#JAGYYV010000004.1_56955948_57456952_1	0.0845299532836836 Allentoft
VK61 HG02717#1#JAHAOS010000015.1_16660311_17067250_0$HG01258#1#JAGYYV010000004.1_56955948_57456952_1	0.0845221265130028 Allentoft
VK61 HG02145#2#JAHKSF010000206.1_1005292_1413195_1$HG03540#2#JAGYVX010000148.1_1368955_1877115_0	0.0845120140343825 Allentoft
VK61 HG03540#2#JAGYVX010000148.1_1368955_1877115_0$HG02818#1#JAHEOS010000101.1_89626_496613_0	0.0845026097806486 Allentoft
VK61 HG03540#2#JAGYVX010000148.1_1368955_1877115_0$HG02486#2#JAGYVL010000029.1_94163344_94570162_0	0.0845026097806486 Allentoft
VK61 AV_HG02257#haplotype2#0001152:102843493_103251377$HG03540#2#JAGYVX010000148.1_1368955_1877115_0	0.0844968770201296 Allentoft
VK61 HG00741#1#JAHALY010000007.1_18781197_19307680_1$HG01071#1#JAHBCF010000053.1_26607100_27108065_1	0.0844931844841615 Allentoft
VK61 HG01109#2#JAHEOZ010000047.1_16671232_17151375_0$HG03927.verkko_filt_pat.fa:haplotype2_0000800_29002142_29504057_1	0.0844881692008793 Allentoft
VK61 HG02145#1#JAHKSG010000134.1_2102465_2647653_1$chr1_chm13_103304997_103901127_0	0.0844849572144619 Allentoft
VK61 HG01258#1#JAGYYV010000004.1_56955948_57456952_1$HG02486#2#JAGYVL010000029.1_94163344_94570162_0	0.0844834988745887 Allentoft
VK61 HG03486#2#JAHEOP010000248.1_2105565_2584784_1$HG03927.verkko_filt_pat.fa:haplotype2_0000800_29002142_29504057_1	0.0844829199747495 Allentoft
VK61 HG02080#1#JAHEOW010000048.1_16689583_17097287_0$HG03540#2#JAGYVX010000148.1_1368955_1877115_0	0.0844785400240326 Allentoft
VK61 HG03540#2#JAGYVX010000148.1_1368955_1877115_0$HG02300.verkko_filt_mat.fa:haplotype1_0000028_144052837_144460586_1	0.0844778526188933 Allentoft
VK61 HG01258#1#JAGYYV010000004.1_56955948_57456952_1$HG03516#2#JAGYYS010000004.1_24452130_24859892_1	0.0844778158413211 Allentoft
VK61 HG02559#2#JAGYVJ010000037.1_52167780_52574597_1$HG03540#2#JAGYVX010000148.1_1368955_1877115_0	0.0844773943581228 Allentoft
VK61 HG02145#2#JAHKSF010000206.1_1005292_1413195_1$HG01258#1#JAGYYV010000004.1_56955948_57456952_1	0.0844723706771418 Allentoft
VK61 HG03540#2#JAGYVX010000148.1_1368955_1877115_0$HG02809.verkko_filt_pat.fa:haplotype2_0001251_103421111_103827972_0	0.0844705213413629 Allentoft
VK61 HG01258#1#JAGYYV010000004.1_56955948_57456952_1$HG03579#1#JAGYVU010000029.1_91404_499180_0	0.0844683466672492 Allentoft
VK61 HG02886#1#JAHAOU010000178.1_62411_469262_0$HG03927.verkko_filt_pat.fa:haplotype2_0000800_29002142_29504057_1	0.0844643232323770 Allentoft
VK61 HG03540#2#JAGYVX010000148.1_1368955_1877115_0$HG01099.verkko_filt_mat.fa:haplotype1_0000034_142513097_142920876_1	0.0844613599279967 Allentoft
VK61 HG02559#1#JAGYVK010000012.1_51505852_51913611_0$HG01258#1#JAGYYV010000004.1_56955948_57456952_1	0.0844558049148975 Allentoft
VK61 HG01258#1#JAGYYV010000004.1_56955948_57456952_1$HG02109#1#JAHEPG010000026.1_16673035_17080816_0	0.0844555683317555 Allentoft
VK61 HG02630#2#JAHAOP010000089.1_16669255_17076135_0$NA18906#2#JAHEON010000009.1_93748295_94249275_0	0.0844549066635479 Allentoft
VK61 AV_HG01361#haplotype1#0000023:101593539_102001341$HG03540#2#JAGYVX010000148.1_1368955_1877115_0	0.0844524304193609 Allentoft
VK61 AV_HG02257#haplotype2#0001152:102843493_103251377$HG01258#1#JAGYYV010000004.1_56955948_57456952_1	0.0844510736297805 Allentoft
VK61 HG03453#1#JAGYVW010000157.1_2105722_2585000_1$HG03927.verkko_filt_pat.fa:haplotype2_0000800_29002142_29504057_1	0.0844495727588849 Allentoft
VK61 chr1_hg38_103456064_103863972_0$HG01258#1#JAGYYV010000004.1_56955948_57456952_1	0.0844458701344406 Allentoft
VK61 chr1_hg19_103998686_104406594_0$HG01258#1#JAGYYV010000004.1_56955948_57456952_1	0.0844458701344406 Allentoft
VK61 HG01258#1#JAGYYV010000004.1_56955948_57456952_1$HG02809.verkko_filt_pat.fa:haplotype2_0001251_103421111_103827972_0	0.0844432687474377 Allentoft
VK61 HG01258#1#JAGYYV010000004.1_56955948_57456952_1$HG002.verkko_filt_mat.fa:haplotype1_0000005_138228497_138636354_1	0.0844411405186979 Allentoft
VK61 HG02109#1#JAHEPG010000026.1_16673035_17080816_0$HG03540#2#JAGYVX010000148.1_1368955_1877115_0	0.0844407576418541 Allentoft
VK61 HG01258#1#JAGYYV010000004.1_56955948_57456952_1$HG02818#1#JAHEOS010000101.1_89626_496613_0	0.0844333383898008 Allentoft
VK61 HG02622#2#JAHAON010000012.1_51551779_52031001_0$HG03540#2#JAGYVX010000148.1_1368955_1877115_0	0.0844246982357684 Allentoft
VK61 HG02559#2#JAGYVJ010000037.1_52167780_52574597_1$HG01258#1#JAGYYV010000004.1_56955948_57456952_1	0.0844219936983563 Allentoft
VK61 AV_HG00673#haplotype2#0001165:24014011_24421797$HG03540#2#JAGYVX010000148.1_1368955_1877115_0	0.0844217711126273 Allentoft
VK61 HG01258#1#JAGYYV010000004.1_56955948_57456952_1$HG02300.verkko_filt_pat.fa:haplotype2_0000620_143362344_143769323_1	0.0844210485138056 Allentoft
VK61 HG01258#1#JAGYYV010000004.1_56955948_57456952_1$HG02071.verkko_filt_mat.fa:haplotype1_0000041_103610513_104018399_0	0.0844184494199761 Allentoft
VK61 HG03540#2#JAGYVX010000148.1_1368955_1877115_0$HG02300.verkko_filt_pat.fa:haplotype2_0000620_143362344_143769323_1	0.0844174265998920 Allentoft
VK61 HG00741#1#JAHALY010000007.1_18781197_19307680_1$NA18906#2#JAHEON010000009.1_93748295_94249275_0	0.0844126993363369 Allentoft
VK61 HG03540#2#JAGYVX010000148.1_1368955_1877115_0$HG002.verkko_filt_mat.fa:haplotype1_0000005_138228497_138636354_1	0.0844112539722835 Allentoft
VK61 HG01258#1#JAGYYV010000004.1_56955948_57456952_1$HG01978#2#JAGYVR010000007.1_51532241_51939176_0	0.0844111259923487 Allentoft
VK61 HG01258#1#JAGYYV010000004.1_56955948_57456952_1$NA19240#1#JAHEOM010000047.1_30103390_30511199_1	0.0844099449728324 Allentoft
VK61 chr1_hg38_103456064_103863972_0$HG03540#2#JAGYVX010000148.1_1368955_1877115_0	0.0844080538835832 Allentoft
VK61 chr1_hg19_103998686_104406594_0$HG03540#2#JAGYVX010000148.1_1368955_1877115_0	0.0844080538835832 Allentoft
VK61 HG03540#2#JAGYVX010000148.1_1368955_1877115_0$HG02071.verkko_filt_mat.fa:haplotype1_0000041_103610513_104018399_0	0.0844062254248682 Allentoft
VK61 NA20129#2#JAHEPD010000155.1_90039_569275_0$HG03540#2#JAGYVX010000148.1_1368955_1877115_0	0.0844051231483421 Allentoft
VK61 HG02818#2#JAHEOR010000010.1_31775319_32183091_1$HG01258#1#JAGYYV010000004.1_56955948_57456952_1	0.0844035683239348 Allentoft
VK61 AV_HG01175#haplotype1#0000070:46006269_46414083$HG01258#1#JAGYYV010000004.1_56955948_57456952_1	0.0844028598965938 Allentoft
VK61 HG00621#2#JAHBCC010000031.1_16669999_17077865_0$HG01258#1#JAGYYV010000004.1_56955948_57456952_1	0.0844009708442235 Allentoft
VK61 AV_HG01175#haplotype1#0000070:46006269_46414083$HG03540#2#JAGYVX010000148.1_1368955_1877115_0	0.0843970849133327 Allentoft
VK61 HG03486#1#JAHEOQ010000123.1_16677696_17085575_0$HG01258#1#JAGYYV010000004.1_56955948_57456952_1	0.0843898752225163 Allentoft
VK61 HG01258#1#JAGYYV010000004.1_56955948_57456952_1$HG005#2#JAHEPN010000023.1_51542210_51950070_0	0.0843886950947392 Allentoft
VK61 HG03540#2#JAGYVX010000148.1_1368955_1877115_0$HG01978#2#JAGYVR010000007.1_51532241_51939176_0	0.0843881757730803 Allentoft
VK61 HG02622#2#JAHAON010000012.1_51551779_52031001_0$HG01258#1#JAGYYV010000004.1_56955948_57456952_1	0.0843860451851877 Allentoft
VK61 HG01123#1#JAGYYZ010000015.1_51528240_51935090_0$HG03540#2#JAGYVX010000148.1_1368955_1877115_0	0.0843858918325743 Allentoft
VK61 HG03540#2#JAGYVX010000148.1_1368955_1877115_0$HG02717#2#JAHAOR010000006.1_19663827_20070693_1	0.0843831513487356 Allentoft
VK61 HG03492#2#JAHEPH010000288.1_2098270_2432686_1$HG03927.verkko_filt_pat.fa:haplotype2_0000800_29002142_29504057_1	0.0843820765355240 Allentoft
VK61 HG01258#1#JAGYYV010000004.1_56955948_57456952_1$HG03927.verkko_filt_mat.fa:haplotype1_0000009_134765170_135173010_1	0.0843783121047046 Allentoft
VK61 HG02622#1#JAHAOO010000002.1_16673678_17080663_0$HG03540#2#JAGYVX010000148.1_1368955_1877115_0	0.0843765296149245 Allentoft
VK61 HG01243#1#JAHEOY010000013.1_90081_424495_0$HG03927.verkko_filt_pat.fa:haplotype2_0000800_29002142_29504057_1	0.0843754387632448 Allentoft
VK61 HG00621#2#JAHBCC010000031.1_16669999_17077865_0$HG03540#2#JAGYVX010000148.1_1368955_1877115_0	0.0843696811856244 Allentoft
VK61 HG01928#1#JAGYVQ010000053.1_16676493_17083407_0$HG01258#1#JAGYYV010000004.1_56955948_57456952_1	0.0843676971007706 Allentoft
VK61 HG01258#1#JAGYYV010000004.1_56955948_57456952_1$HG02004.verkko_filt_mat.fa:haplotype1_0000022_97828542_98235483_0	0.0843658104083395 Allentoft
VK61 AV_HG02148#haplotype2#0002863:16304803_16712699$HG03540#2#JAGYVX010000148.1_1368955_1877115_0	0.0843653447094697 Allentoft
VK61 NA20129#2#JAHEPD010000155.1_90039_569275_0$HG01258#1#JAGYYV010000004.1_56955948_57456952_1	0.0843651636266391 Allentoft
VK61 HG00438#1#JAHBCB010000015.1_33474867_33954171_0$HG01258#1#JAGYYV010000004.1_56955948_57456952_1	0.0843640353353069 Allentoft
VK61 HG005#1#JAHEPO010000002.1_51519219_51926067_0$HG03540#2#JAGYVX010000148.1_1368955_1877115_0	0.0843639754348604 Allentoft
VK61 AV_HG02148#haplotype2#0002863:16304803_16712699$HG01258#1#JAGYYV010000004.1_56955948_57456952_1	0.0843629806070057 Allentoft
VK61 HG03540#2#JAGYVX010000148.1_1368955_1877115_0$HG03516#2#JAGYYS010000004.1_24452130_24859892_1	0.0843584990030595 Allentoft
VK61 HG01258#1#JAGYYV010000004.1_56955948_57456952_1$HG01109#2#JAHEOZ010000047.1_16671232_17151375_0	0.0843521910087821 Allentoft
VK61 HG03540#2#JAGYVX010000148.1_1368955_1877115_0$HG01258#2#JAGYYU010000072.1_51562603_51970395_0	0.0843484616474113 Allentoft
VK61 HG03486#1#JAHEOQ010000123.1_16677696_17085575_0$HG03540#2#JAGYVX010000148.1_1368955_1877115_0	0.0843425321665430 Allentoft
VK61 HG03540#2#JAGYVX010000148.1_1368955_1877115_0$HG02004.verkko_filt_mat.fa:haplotype1_0000022_97828542_98235483_0	0.0843384278737807 Allentoft
VK61 HG03453#2#JAGYVV010000088.1_22597550_23005370_1$HG01258#1#JAGYYV010000004.1_56955948_57456952_1	0.0843382319857100 Allentoft
VK61 HG01928#1#JAGYVQ010000053.1_16676493_17083407_0$HG03540#2#JAGYVX010000148.1_1368955_1877115_0	0.0843379718782365 Allentoft
VK61 HG03540#2#JAGYVX010000148.1_1368955_1877115_0$HG005#2#JAHEPN010000023.1_51542210_51950070_0	0.0843359199898136 Allentoft
VK61 HG03540#2#JAGYVX010000148.1_1368955_1877115_0$HG03579#1#JAGYVU010000029.1_91404_499180_0	0.0843311328325133 Allentoft
VK61 HG02559#1#JAGYVK010000012.1_51505852_51913611_0$HG03540#2#JAGYVX010000148.1_1368955_1877115_0	0.0843304490194438 Allentoft
VK61 HG00438#1#JAHBCB010000015.1_33474867_33954171_0$HG03540#2#JAGYVX010000148.1_1368955_1877115_0	0.0843276882445443 Allentoft
VK61 HG03453#2#JAGYVV010000088.1_22597550_23005370_1$HG03540#2#JAGYVX010000148.1_1368955_1877115_0	0.0843249791136607 Allentoft
VK61 HG01258#1#JAGYYV010000004.1_56955948_57456952_1$HG02622#1#JAHAOO010000002.1_16673678_17080663_0	0.0843231577914412 Allentoft
VK61 HG01123#1#JAGYYZ010000015.1_51528240_51935090_0$HG01258#1#JAGYYV010000004.1_56955948_57456952_1	0.0843036204788303 Allentoft
VK61 HG005#1#JAHEPO010000002.1_51519219_51926067_0$HG01258#1#JAGYYV010000004.1_56955948_57456952_1	0.0843026792645656 Allentoft
VK61 HG01258#1#JAGYYV010000004.1_56955948_57456952_1$HG02717#2#JAHAOR010000006.1_19663827_20070693_1	0.0842975031495549 Allentoft
VK61 HG03540#2#JAGYVX010000148.1_1368955_1877115_0$HG00741#2#JAHALX010000013.1_51574319_51981226_0	0.0842951412937406 Allentoft
VK61 HG01258#1#JAGYYV010000004.1_56955948_57456952_1$HG01258#2#JAGYYU010000072.1_51562603_51970395_0	0.0842895055740860 Allentoft
VK61 HG02818#2#JAHEOR010000010.1_31775319_32183091_1$HG03540#2#JAGYVX010000148.1_1368955_1877115_0	0.0842814856883267 Allentoft
VK61 HG03540#2#JAGYVX010000148.1_1368955_1877115_0$HG03927.verkko_filt_mat.fa:haplotype1_0000009_134765170_135173010_1	0.0842789828804714 Allentoft
VK61 HG03540#2#JAGYVX010000148.1_1368955_1877115_0$NA19240#1#JAHEOM010000047.1_30103390_30511199_1	0.0842735229826372 Allentoft
VK61 HG03486#2#JAHEOP010000248.1_2105565_2584784_1$HG03540#2#JAGYVX010000148.1_1368955_1877115_0	0.0842713897955677 Allentoft
VK61 HG03540#2#JAGYVX010000148.1_1368955_1877115_0$HG01109#2#JAHEOZ010000047.1_16671232_17151375_0	0.0842706617521484 Allentoft
VK61 HG01109#1#JAHEPA010000099.1_2104245_2511104_1$HG03927.verkko_filt_pat.fa:haplotype2_0000800_29002142_29504057_1	0.0842453247399628 Allentoft
VK61 HG03453#1#JAGYVW010000157.1_2105722_2585000_1$HG03540#2#JAGYVX010000148.1_1368955_1877115_0	0.0842324659521121 Allentoft
VK61 HG01258#1#JAGYYV010000004.1_56955948_57456952_1$HG00741#2#JAHALX010000013.1_51574319_51981226_0	0.0842241989160008 Allentoft
VK61 HG03486#2#JAHEOP010000248.1_2105565_2584784_1$HG01258#1#JAGYYV010000004.1_56955948_57456952_1	0.0842239157424750 Allentoft
VK61 NA19240#2#JAHEOL010000010.1_37445323_37853017_0$HG03927.verkko_filt_pat.fa:haplotype2_0000800_29002142_29504057_1	0.0842108274447832 Allentoft
VK61 HG01258#1#JAGYYV010000004.1_56955948_57456952_1$NA19240#2#JAHEOL010000010.1_37445323_37853017_0	0.0841832545801665 Allentoft
VK61 HG03453#1#JAGYVW010000157.1_2105722_2585000_1$HG01258#1#JAGYYV010000004.1_56955948_57456952_1	0.0841599971739055 Allentoft
VK61 HG01358#1#JAGYZB010000020.1_27445742_27855492_1$HG03927.verkko_filt_pat.fa:haplotype2_0000800_29002142_29504057_1	0.0841536148502783 Allentoft
VK61 HG02886#1#JAHAOU010000178.1_62411_469262_0$HG03540#2#JAGYVX010000148.1_1368955_1877115_0	0.0841424348800754 Allentoft
VK61 HG02886#1#JAHAOU010000178.1_62411_469262_0$HG01258#1#JAGYYV010000004.1_56955948_57456952_1	0.0841190682019220 Allentoft
VK61 HG03516#1#JAGYYT010000012.1_24170958_24578778_1$HG03927.verkko_filt_pat.fa:haplotype2_0000800_29002142_29504057_1	0.0841043180892841 Allentoft
VK61 HG03540#2#JAGYVX010000148.1_1368955_1877115_0$NA19240#2#JAHEOL010000010.1_37445323_37853017_0	0.0840767712673843 Allentoft
VK61 HG01258#1#JAGYYV010000004.1_56955948_57456952_1$HG03516#1#JAGYYT010000012.1_24170958_24578778_1	0.0840604378874583 Allentoft
VK61 HG03492#2#JAHEPH010000288.1_2098270_2432686_1$HG03540#2#JAGYVX010000148.1_1368955_1877115_0	0.0840302696399293 Allentoft
VK61 HG03540#2#JAGYVX010000148.1_1368955_1877115_0$HG01243#1#JAHEOY010000013.1_90081_424495_0	0.0840250535183499 Allentoft
VK61 HG02723#2#JAHEOT010000034.1_19776337_20321518_1$HG02004.verkko_filt_pat.fa:haplotype2_0000813_139386576_140076845_1	0.0840091225733803 Allentoft
VK61 HG01109#1#JAHEPA010000099.1_2104245_2511104_1$HG03540#2#JAGYVX010000148.1_1368955_1877115_0	0.0839642702153913 Allentoft
VK61 HG03492#2#JAHEPH010000288.1_2098270_2432686_1$HG01258#1#JAGYYV010000004.1_56955948_57456952_1	0.0839559495553692 Allentoft
VK61 HG01258#1#JAGYYV010000004.1_56955948_57456952_1$HG01243#1#JAHEOY010000013.1_90081_424495_0	0.0839529497036688 Allentoft
VK61 HG03540#2#JAGYVX010000148.1_1368955_1877115_0$HG03516#1#JAGYYT010000012.1_24170958_24578778_1	0.0839520246747466 Allentoft
VK61 HG03492#1#JAHEPI010000180.1_2103395_2543326_1$HG03710.verkko_filt_pat.fa:haplotype2_0000488_101614437_102218208_0	0.0839012525179162 Allentoft
VK61 HG02630#2#JAHAOP010000089.1_16669255_17076135_0$HG03927.verkko_filt_pat.fa:haplotype2_0000800_29002142_29504057_1	0.0838845785476259 Allentoft
VK61 HG02145#1#JAHKSG010000134.1_2102465_2647653_1$HG02004.verkko_filt_pat.fa:haplotype2_0000813_139386576_140076845_1	0.0838730873697156 Allentoft
VK61 HG01258#1#JAGYYV010000004.1_56955948_57456952_1$HG01358#1#JAGYZB010000020.1_27445742_27855492_1	0.0838489463716002 Allentoft
VK61 HG00741#1#JAHALY010000007.1_18781197_19307680_1$HG03927.verkko_filt_pat.fa:haplotype2_0000800_29002142_29504057_1	0.0837976233987693 Allentoft
VK61 HG01109#1#JAHEPA010000099.1_2104245_2511104_1$HG01258#1#JAGYYV010000004.1_56955948_57456952_1	0.0837963627362342 Allentoft
VK61 HG00741#1#JAHALY010000007.1_18781197_19307680_1$HG01258#1#JAGYYV010000004.1_56955948_57456952_1	0.0836632748630388 Allentoft
VK61 HG02630#2#JAHAOP010000089.1_16669255_17076135_0$HG03540#2#JAGYVX010000148.1_1368955_1877115_0	0.0835885980144533 Allentoft
VK61 HG02630#2#JAHAOP010000089.1_16669255_17076135_0$HG01258#1#JAGYYV010000004.1_56955948_57456952_1	0.0835639906347544 Allentoft
VK61 HG00733#1#JAHEPQ010000019.1_46106835_46420495_0$HG03710.verkko_filt_pat.fa:haplotype2_0000488_101614437_102218208_0	0.0832991290656198 Allentoft
VK61 HG03710.verkko_filt_pat.fa:haplotype2_0000488_101614437_102218208_0$HG02293.verkko_filt_mat.fa:haplotype1_0000039_30204405_30517145_1	0.0832668557275364 Allentoft
VK61 HG01123#2#JAGYYY010000006.1_51579630_51892388_0$HG03710.verkko_filt_pat.fa:haplotype2_0000488_101614437_102218208_0	0.0832576416615709 Allentoft
VK61 HG03540#2#JAGYVX010000148.1_1368955_1877115_0$HG01358#1#JAGYZB010000020.1_27445742_27855492_1	0.0832376883407998 Allentoft
VK61 HG02886#2#JAHAOT010000031.1_87393_401061_0$HG03710.verkko_filt_pat.fa:haplotype2_0000488_101614437_102218208_0	0.0832313326039522 Allentoft
VK61 HG00438#2#JAHBCA010000012.1_51513023_51826723_0$HG03710.verkko_filt_pat.fa:haplotype2_0000488_101614437_102218208_0	0.0832159971666547 Allentoft
VK61 HG04228.verkko_filt_pat.fa:haplotype2_0000600_103806749_104119491_0$HG03710.verkko_filt_pat.fa:haplotype2_0000488_101614437_102218208_0	0.0832054863360758 Allentoft
VK61 AV_HG01361#haplotype2#0001322:101872897_102186552$HG03710.verkko_filt_pat.fa:haplotype2_0000488_101614437_102218208_0	0.0831903839923931 Allentoft
VK61 HG03710.verkko_filt_pat.fa:haplotype2_0000488_101614437_102218208_0$HG02647.verkko_filt_pat.fa:haplotype2_0000857_103738150_104051769_0	0.0831805390671189 Allentoft
VK61 HG03579#2#JAGYVT010000094.1_51581892_51895531_0$HG03710.verkko_filt_pat.fa:haplotype2_0000488_101614437_102218208_0	0.0831752898692508 Allentoft
VK61 HG03710.verkko_filt_mat.fa:haplotype1_0000029_102593394_102907063_0$HG03710.verkko_filt_pat.fa:haplotype2_0000488_101614437_102218208_0	0.0831656689203129 Allentoft
VK61 HG01891#1#JAGYVO010000014.1_22855818_23168577_1$HG03710.verkko_filt_pat.fa:haplotype2_0000488_101614437_102218208_0	0.0831588925288253 Allentoft
VK61 HG02723#1#JAHEOU010000204.1_2102082_2414876_1$HG03710.verkko_filt_pat.fa:haplotype2_0000488_101614437_102218208_0	0.0831556142243247 Allentoft
VK61 HG03098#2#JAHEPL010000003.1_93803759_94117426_0$HG03710.verkko_filt_pat.fa:haplotype2_0000488_101614437_102218208_0	0.0831440339861502 Allentoft
VK61 HG02109#2#JAHEPF010000078.1_16678387_16991144_0$HG03710.verkko_filt_pat.fa:haplotype2_0000488_101614437_102218208_0	0.0831187054319931 Allentoft
VK61 AV_HG01106#haplotype1#0000048:16666181_17262214$HG002.verkko_filt_pat.fa:haplotype2_0000649_147937390_148315979_1	0.0829215462162403 Allentoft
VK61 chr1_chm13_103304997_103901127_0$HG002.verkko_filt_pat.fa:haplotype2_0000649_147937390_148315979_1	0.0828708346900803 Allentoft
VK61 HG00741#1#JAHALY010000007.1_18781197_19307680_1$HG03540#2#JAGYVX010000148.1_1368955_1877115_0	0.0828374544766111 Allentoft
VK61 HG03710.verkko_filt_pat.fa:haplotype2_0000488_101614437_102218208_0$HG02647.verkko_filt_mat.fa:haplotype1_0000002_103892584_104321036_0	0.0828305991117147 Allentoft
VK61 HG02055#2#JAHEPJ010000017.1_24870122_25298560_1$HG03710.verkko_filt_pat.fa:haplotype2_0000488_101614437_102218208_0	0.0827841254802437 Allentoft
VK61 HG03098#1#JAHEPM010000059.1_16676208_17105596_0$HG03710.verkko_filt_pat.fa:haplotype2_0000488_101614437_102218208_0	0.0827662092001990 Allentoft
VK61 HG03710.verkko_filt_pat.fa:haplotype2_0000488_101614437_102218208_0$HG02809.verkko_filt_mat.fa:haplotype1_0000023_94161320_94589755_0	0.0827452131024230 Allentoft
VK61 HG02723#2#JAHEOT010000034.1_19776337_20321518_1$HG03710.verkko_filt_pat.fa:haplotype2_0000488_101614437_102218208_0	0.0822196940808340 Allentoft
VK61 HG02004.verkko_filt_pat.fa:haplotype2_0000813_139386576_140076845_1$HG002.verkko_filt_pat.fa:haplotype2_0000649_147937390_148315979_1	0.0821614436886338 Allentoft
VK61 HG01978#1#JAGYVS010000002.1_51519970_52021951_0$HG03492#1#JAHEPI010000180.1_2103395_2543326_1	0.0821157461654040 Allentoft
VK61 AV_HG01106#haplotype2#0000932:16673968_17175925$HG03492#1#JAHEPI010000180.1_2103395_2543326_1	0.0821069089359600 Allentoft
VK61 HG02145#1#JAHKSG010000134.1_2102465_2647653_1$HG03710.verkko_filt_pat.fa:haplotype2_0000488_101614437_102218208_0	0.0820829610702528 Allentoft
VK61 HG02080#2#JAHEOV010000017.1_16662177_17164189_0$HG03492#1#JAHEPI010000180.1_2103395_2543326_1	0.0819836959749840 Allentoft
VK61 HG00621#1#JAHBCD010000034.1_2122997_2624098_1$HG03492#1#JAHEPI010000180.1_2103395_2543326_1	0.0819669466625921 Allentoft
VK61 HG03492#1#JAHEPI010000180.1_2103395_2543326_1$HG02486#1#JAGYVM010000007.1_28868414_29370339_1	0.0819546006198574 Allentoft
VK61 AV_HG00673#haplotype1#0000019:16627360_17129375$HG03492#1#JAHEPI010000180.1_2103395_2543326_1	0.0819474884844317 Allentoft
VK61 HG03492#1#JAHEPI010000180.1_2103395_2543326_1$HG01099.verkko_filt_pat.fa:haplotype2_0000583_143544270_144046196_1	0.0819424692682030 Allentoft
VK61 HG03492#1#JAHEPI010000180.1_2103395_2543326_1$HG03540#1#JAGYVY010000208.1_95187_596142_0	0.0819382872924489 Allentoft
VK61 HG03492#1#JAHEPI010000180.1_2103395_2543326_1$HG02293.verkko_filt_pat.fa:haplotype2_0000836_148310532_148812524_1	0.0819136266617991 Allentoft
VK61 HG03492#1#JAHEPI010000180.1_2103395_2543326_1$HG04228.verkko_filt_mat.fa:haplotype1_0000023_103429213_103930285_0	0.0818762602092377 Allentoft
VK61 HG03492#1#JAHEPI010000180.1_2103395_2543326_1$HG02071.verkko_filt_pat.fa:haplotype2_0000736_102745972_103248026_0	0.0818700026772344 Allentoft
VK61 HG01071#1#JAHBCF010000053.1_26607100_27108065_1$HG03492#1#JAHEPI010000180.1_2103395_2543326_1	0.0815106235621119 Allentoft
VK61 HG03492#1#JAHEPI010000180.1_2103395_2543326_1$NA18906#2#JAHEON010000009.1_93748295_94249275_0	0.0814621096487617 Allentoft
VK61 HG00438#1#JAHBCB010000015.1_33474867_33954171_0$HG02622#2#JAHAON010000012.1_51551779_52031001_0	0.0809882698720325 Allentoft
VK61 NA20129#2#JAHEPD010000155.1_90039_569275_0$HG00438#1#JAHBCB010000015.1_33474867_33954171_0	0.0809727284881642 Allentoft
VK61 HG03492#1#JAHEPI010000180.1_2103395_2543326_1$HG03927.verkko_filt_pat.fa:haplotype2_0000800_29002142_29504057_1	0.0809175690018718 Allentoft
VK61 HG00438#1#JAHBCB010000015.1_33474867_33954171_0$HG01109#2#JAHEOZ010000047.1_16671232_17151375_0	0.0808979724802425 Allentoft
VK61 HG02622#2#JAHAON010000012.1_51551779_52031001_0$HG01109#2#JAHEOZ010000047.1_16671232_17151375_0	0.0808957591541948 Allentoft
VK61 HG00438#1#JAHBCB010000015.1_33474867_33954171_0$HG03486#2#JAHEOP010000248.1_2105565_2584784_1	0.0808935460098034 Allentoft
VK61 NA20129#2#JAHEPD010000155.1_90039_569275_0$HG01109#2#JAHEOZ010000047.1_16671232_17151375_0	0.0808915342179715 Allentoft
VK61 HG02622#2#JAHAON010000012.1_51551779_52031001_0$HG002.verkko_filt_mat.fa:haplotype1_0000005_138228497_138636354_1	0.0808736412942227 Allentoft
VK61 HG02622#2#JAHAON010000012.1_51551779_52031001_0$HG02300.verkko_filt_pat.fa:haplotype2_0000620_143362344_143769323_1	0.0808723495130234 Allentoft
VK61 HG00438#1#JAHBCB010000015.1_33474867_33954171_0$NA18906#1#JAHEOO010000054.1_2103477_2510435_1	0.0808718328178755 Allentoft
VK61 HG02622#2#JAHAON010000012.1_51551779_52031001_0$HG02071.verkko_filt_mat.fa:haplotype1_0000041_103610513_104018399_0	0.0808710577937223 Allentoft
VK61 HG02717#1#JAHAOS010000015.1_16660311_17067250_0$HG00438#1#JAHBCB010000015.1_33474867_33954171_0	0.0808697661363145 Allentoft
VK61 chr1_hg19_103998686_104406594_0$HG02622#2#JAHAON010000012.1_51551779_52031001_0	0.0808643418509651 Allentoft
VK61 HG02622#2#JAHAON010000012.1_51551779_52031001_0$chr1_hg38_103456064_103863972_0	0.0808643418509651 Allentoft
VK61 HG02630#1#JAHAOQ010000102.1_16672145_17079089_0$HG00438#1#JAHBCB010000015.1_33474867_33954171_0	0.0808607262670572 Allentoft
VK61 HG02622#2#JAHAON010000012.1_51551779_52031001_0$NA18906#1#JAHEOO010000054.1_2103477_2510435_1	0.0808581440040275 Allentoft
VK61 HG00621#2#JAHBCC010000031.1_16669999_17077865_0$HG02622#2#JAHAON010000012.1_51551779_52031001_0	0.0808576275811078 Allentoft
VK61 NA20129#2#JAHEPD010000155.1_90039_569275_0$HG02300.verkko_filt_pat.fa:haplotype2_0000620_143362344_143769323_1	0.0808540128977046 Allentoft
VK61 NA20129#2#JAHEPD010000155.1_90039_569275_0$HG002.verkko_filt_mat.fa:haplotype1_0000005_138228497_138636354_1	0.0808537547245827 Allentoft
VK61 NA20129#2#JAHEPD010000155.1_90039_569275_0$HG02071.verkko_filt_mat.fa:haplotype1_0000041_103610513_104018399_0	0.0808527220568254 Allentoft
VK61 AV_HG01361#haplotype1#0000023:101593539_102001341$HG02622#2#JAHAON010000012.1_51551779_52031001_0	0.0808488499051068 Allentoft
VK61 HG02622#2#JAHAON010000012.1_51551779_52031001_0$HG01099.verkko_filt_mat.fa:haplotype1_0000034_142513097_142920876_1	0.0808475593114905 Allentoft
VK61 HG02622#2#JAHAON010000012.1_51551779_52031001_0$HG02300.verkko_filt_mat.fa:haplotype1_0000028_144052837_144460586_1	0.0808470430913493 Allentoft
VK61 NA20129#2#JAHEPD010000155.1_90039_569275_0$chr1_hg38_103456064_103863972_0	0.0808460106807312 Allentoft
VK61 NA20129#2#JAHEPD010000155.1_90039_569275_0$chr1_hg19_103998686_104406594_0	0.0808460106807312 Allentoft
VK61 AV_HG01175#haplotype1#0000070:46006269_46414083$HG02622#2#JAHAON010000012.1_51551779_52031001_0	0.0808431717554555 Allentoft
VK61 NA20129#2#JAHEPD010000155.1_90039_569275_0$NA18906#1#JAHEOO010000054.1_2103477_2510435_1	0.0808429136861691 Allentoft
VK61 HG02717#1#JAHAOS010000015.1_16660311_17067250_0$HG02622#2#JAHAON010000012.1_51551779_52031001_0	0.0808405911738012 Allentoft
VK61 HG02080#1#JAHEOW010000048.1_16689583_17097287_0$HG02622#2#JAHAON010000012.1_51551779_52031001_0	0.0808400750871244 Allentoft
VK61 AV_HG01361#haplotype1#0000023:101593539_102001341$NA20129#2#JAHEPD010000155.1_90039_569275_0	0.0808393009756417 Allentoft
VK61 HG02630#1#JAHAOQ010000102.1_16672145_17079089_0$HG02622#2#JAHAON010000012.1_51551779_52031001_0	0.0808387849136743 Allentoft
VK61 HG00621#2#JAHBCC010000031.1_16669999_17077865_0$NA20129#2#JAHEPD010000155.1_90039_569275_0	0.0808387849136743 Allentoft
VK61 HG03453#1#JAGYVW010000157.1_2105722_2585000_1$HG00438#1#JAHBCB010000015.1_33474867_33954171_0	0.0808364694549844 Allentoft
VK61 NA20129#2#JAHEPD010000155.1_90039_569275_0$HG01099.verkko_filt_mat.fa:haplotype1_0000034_142513097_142920876_1	0.0808364627571208 Allentoft
VK61 NA20129#2#JAHEPD010000155.1_90039_569275_0$HG02300.verkko_filt_mat.fa:haplotype1_0000028_144052837_144460586_1	0.0808359467495070 Allentoft
VK61 HG02080#1#JAHEOW010000048.1_16689583_17097287_0$NA20129#2#JAHEPD010000155.1_90039_569275_0	0.0808305292660944 Allentoft
VK61 HG03486#1#JAHEOQ010000123.1_16677696_17085575_0$HG02622#2#JAHAON010000012.1_51551779_52031001_0	0.0808294974879799 Allentoft
VK61 AV_HG02148#haplotype2#0002863:16304803_16712699$HG02622#2#JAHAON010000012.1_51551779_52031001_0	0.0808289816137390 Allentoft
VK61 NA18906#1#JAHEOO010000054.1_2103477_2510435_1$HG01109#2#JAHEOZ010000047.1_16671232_17151375_0	0.0808271761316769 Allentoft
VK61 HG02717#1#JAHAOS010000015.1_16660311_17067250_0$NA20129#2#JAHEPD010000155.1_90039_569275_0	0.0808253707705969 Allentoft
VK61 HG02622#2#JAHAON010000012.1_51551779_52031001_0$HG01978#2#JAGYVR010000007.1_51532241_51939176_0	0.0808253707705969 Allentoft
VK61 AV_HG01175#haplotype1#0000070:46006269_46414083$NA20129#2#JAHEPD010000155.1_90039_569275_0	0.0808238234145242 Allentoft
VK61 HG02630#1#JAHAOQ010000102.1_16672145_17079089_0$NA20129#2#JAHEPD010000155.1_90039_569275_0	0.0808235655304854 Allentoft
VK61 NA20129#2#JAHEPD010000155.1_90039_569275_0$HG02622#2#JAHAON010000012.1_51551779_52031001_0	0.0808200120694000 Allentoft
VK61 HG02145#2#JAHKSF010000206.1_1005292_1413195_1$HG00438#1#JAHBCB010000015.1_33474867_33954171_0	0.0808160879669863 Allentoft
VK61 AV_HG02257#haplotype2#0001152:102843493_103251377$HG00438#1#JAHBCB010000015.1_33474867_33954171_0	0.0808135099779920 Allentoft
VK61 AV_HG00673#haplotype2#0001165:24014011_24421797$HG02622#2#JAHAON010000012.1_51551779_52031001_0	0.0808132521926614 Allentoft
VK61 HG02630#1#JAHAOQ010000102.1_16672145_17079089_0$HG01109#2#JAHEOZ010000047.1_16671232_17151375_0	0.0808109322356913 Allentoft
VK61 HG03486#1#JAHEOQ010000123.1_16677696_17085575_0$NA20129#2#JAHEPD010000155.1_90039_569275_0	0.0808101589611005 Allentoft
VK61 AV_HG02148#haplotype2#0002863:16304803_16712699$NA20129#2#JAHEPD010000155.1_90039_569275_0	0.0808091279628424 Allentoft
VK61 HG02622#2#JAHAON010000012.1_51551779_52031001_0$HG03486#2#JAHEOP010000248.1_2105565_2584784_1	0.0808065726403248 Allentoft
VK61 NA20129#2#JAHEPD010000155.1_90039_569275_0$HG01978#2#JAGYVR010000007.1_51532241_51939176_0	0.0808055197796724 Allentoft
VK61 HG02622#2#JAHAON010000012.1_51551779_52031001_0$HG005#2#JAHEPN010000023.1_51542210_51950070_0	0.0808029428018718 Allentoft
VK61 AV_HG00673#haplotype2#0001165:24014011_24421797$NA20129#2#JAHEPD010000155.1_90039_569275_0	0.0808016544054236 Allentoft
VK61 HG03710.verkko_filt_pat.fa:haplotype2_0000488_101614437_102218208_0$HG002.verkko_filt_pat.fa:haplotype2_0000649_147937390_148315979_1	0.0808015659542024 Allentoft
VK61 HG02717#1#JAHAOS010000015.1_16660311_17067250_0$HG01109#2#JAHEOZ010000047.1_16671232_17151375_0	0.0808003660706035 Allentoft
VK61 HG02622#2#JAHAON010000012.1_51551779_52031001_0$HG03516#2#JAGYYS010000004.1_24452130_24859892_1	0.0807995930992910 Allentoft
VK61 HG00438#1#JAHBCB010000015.1_33474867_33954171_0$HG02486#2#JAGYVL010000029.1_94163344_94570162_0	0.0807957285754567 Allentoft
VK61 HG02145#2#JAHKSF010000206.1_1005292_1413195_1$HG02622#2#JAHAON010000012.1_51551779_52031001_0	0.0807936677227953 Allentoft
VK61 NA20129#2#JAHEPD010000155.1_90039_569275_0$HG03486#2#JAHEOP010000248.1_2105565_2584784_1	0.0807935407934098 Allentoft
VK61 HG02622#2#JAHAON010000012.1_51551779_52031001_0$HG03453#2#JAGYVV010000088.1_22597550_23005370_1	0.0807880011910059 Allentoft
VK61 HG02622#2#JAHAON010000012.1_51551779_52031001_0$HG02004.verkko_filt_mat.fa:haplotype1_0000022_97828542_98235483_0	0.0807872285744991 Allentoft
VK61 HG01928#1#JAGYVQ010000053.1_16676493_17083407_0$HG02622#2#JAHAON010000012.1_51551779_52031001_0	0.0807856834079833 Allentoft
VK61 AV_HG02257#haplotype2#0001152:102843493_103251377$HG02622#2#JAHAON010000012.1_51551779_52031001_0	0.0807849108579723 Allentoft
VK61 NA20129#2#JAHEPD010000155.1_90039_569275_0$HG005#2#JAHEPN010000023.1_51542210_51950070_0	0.0807846533462272 Allentoft
VK61 HG02622#2#JAHAON010000012.1_51551779_52031001_0$HG03579#1#JAGYVU010000029.1_91404_499180_0	0.0807805334931830 Allentoft
VK61 NA20129#2#JAHEPD010000155.1_90039_569275_0$HG03516#2#JAGYYS010000004.1_24452130_24859892_1	0.0807802760232956 Allentoft
VK61 HG02145#2#JAHKSF010000206.1_1005292_1413195_1$NA20129#2#JAHEPD010000155.1_90039_569275_0	0.0807784738030140 Allentoft
VK61 HG02559#1#JAGYVK010000012.1_51505852_51913611_0$HG02622#2#JAHAON010000012.1_51551779_52031001_0	0.0807782163528204 Allentoft
VK61 HG00438#1#JAHBCB010000015.1_33474867_33954171_0$HG02818#1#JAHEOS010000101.1_89626_496613_0	0.0807782163528204 Allentoft
VK61 NA20129#2#JAHEPD010000155.1_90039_569275_0$HG03453#2#JAGYVV010000088.1_22597550_23005370_1	0.0807692071465450 Allentoft
VK61 HG02622#2#JAHAON010000012.1_51551779_52031001_0$HG02486#2#JAGYVL010000029.1_94163344_94570162_0	0.0807692071465450 Allentoft
VK61 AV_HG02257#haplotype2#0001152:102843493_103251377$NA20129#2#JAHEPD010000155.1_90039_569275_0	0.0807692071465450 Allentoft
VK61 NA20129#2#JAHEPD010000155.1_90039_569275_0$HG02004.verkko_filt_mat.fa:haplotype1_0000022_97828542_98235483_0	0.0807663763042207 Allentoft
VK61 HG01928#1#JAGYVQ010000053.1_16676493_17083407_0$NA20129#2#JAHEPD010000155.1_90039_569275_0	0.0807653469808072 Allentoft
VK61 HG02622#2#JAHAON010000012.1_51551779_52031001_0$HG02818#1#JAHEOS010000101.1_89626_496613_0	0.0807584000769797 Allentoft
VK61 HG02559#1#JAGYVK010000012.1_51505852_51913611_0$NA20129#2#JAHEPD010000155.1_90039_569275_0	0.0807584000769797 Allentoft
VK61 NA20129#2#JAHEPD010000155.1_90039_569275_0$HG03579#1#JAGYVU010000029.1_91404_499180_0	0.0807581428186696 Allentoft
VK61 HG00438#1#JAHBCB010000015.1_33474867_33954171_0$HG002.verkko_filt_mat.fa:haplotype1_0000005_138228497_138636354_1	0.0807558276045063 Allentoft
VK61 chr1_hg19_103998686_104406594_0$HG00438#1#JAHBCB010000015.1_33474867_33954171_0	0.0807547986843472 Allentoft
VK61 HG00438#1#JAHBCB010000015.1_33474867_33954171_0$chr1_hg38_103456064_103863972_0	0.0807547986843472 Allentoft
VK61 HG03453#1#JAGYVW010000157.1_2105722_2585000_1$HG02622#2#JAHAON010000012.1_51551779_52031001_0	0.0807528818907065 Allentoft
VK61 HG03453#1#JAGYVW010000157.1_2105722_2585000_1$NA20129#2#JAHEPD010000155.1_90039_569275_0	0.0807498799731939 Allentoft
VK61 HG00438#1#JAHBCB010000015.1_33474867_33954171_0$HG02071.verkko_filt_mat.fa:haplotype1_0000041_103610513_104018399_0	0.0807486259891887 Allentoft
VK61 NA20129#2#JAHEPD010000155.1_90039_569275_0$HG02486#2#JAGYVL010000029.1_94163344_94570162_0	0.0807478545018155 Allentoft
VK61 HG00438#1#JAHBCB010000015.1_33474867_33954171_0$HG02300.verkko_filt_pat.fa:haplotype2_0000620_143362344_143769323_1	0.0807447687734356 Allentoft
VK61 HG02559#2#JAGYVJ010000037.1_52167780_52574597_1$HG00438#1#JAHBCB010000015.1_33474867_33954171_0	0.0807442545197646 Allentoft
VK61 NA20129#2#JAHEPD010000155.1_90039_569275_0$HG02818#1#JAHEOS010000101.1_89626_496613_0	0.0807427118177035 Allentoft
VK61 HG00438#1#JAHBCB010000015.1_33474867_33954171_0$HG02809.verkko_filt_pat.fa:haplotype2_0001251_103421111_103827972_0	0.0807411692040638 Allentoft
VK61 HG02622#2#JAHAON010000012.1_51551779_52031001_0$NA19240#1#JAHEOM010000047.1_30103390_30511199_1	0.0807370559999090 Allentoft
VK61 AV_HG01175#haplotype1#0000070:46006269_46414083$HG00438#1#JAHBCB010000015.1_33474867_33954171_0	0.0807367989455210 Allentoft
VK61 HG01109#2#JAHEOZ010000047.1_16671232_17151375_0$HG02486#2#JAGYVL010000029.1_94163344_94570162_0	0.0807347425988022 Allentoft
VK61 HG03486#2#JAHEOP010000248.1_2105565_2584784_1$HG01109#2#JAHEOZ010000047.1_16671232_17151375_0	0.0807324754510482 Allentoft
VK61 HG02145#2#JAHKSF010000206.1_1005292_1413195_1$HG01109#2#JAHEOZ010000047.1_16671232_17151375_0	0.0807314013704742 Allentoft
VK61 HG02818#2#JAHEOR010000010.1_31775319_32183091_1$HG02622#2#JAHAON010000012.1_51551779_52031001_0	0.0807285745012616 Allentoft
VK61 HG02080#1#JAHEOW010000048.1_16689583_17097287_0$HG00438#1#JAHBCB010000015.1_33474867_33954171_0	0.0807275466224434 Allentoft
VK61 HG00621#2#JAHBCC010000031.1_16669999_17077865_0$HG00438#1#JAHBCB010000015.1_33474867_33954171_0	0.0807254909825889 Allentoft
VK61 HG00438#1#JAHBCB010000015.1_33474867_33954171_0$HG02300.verkko_filt_mat.fa:haplotype1_0000028_144052837_144460586_1	0.0807252340386484 Allentoft
VK61 AV_HG02257#haplotype2#0001152:102843493_103251377$HG01109#2#JAHEOZ010000047.1_16671232_17151375_0	0.0807226647341789 Allentoft
VK61 NA20129#2#JAHEPD010000155.1_90039_569275_0$NA19240#1#JAHEOM010000047.1_30103390_30511199_1	0.0807177837314838 Allentoft
VK61 HG00438#1#JAHBCB010000015.1_33474867_33954171_0$HG02109#1#JAHEPG010000026.1_16673035_17080816_0	0.0807164994042429 Allentoft
VK61 HG01109#2#JAHEOZ010000047.1_16671232_17151375_0$HG02818#1#JAHEOS010000101.1_89626_496613_0	0.0807152151383061 Allentoft
VK61 HG03486#1#JAHEOQ010000123.1_16677696_17085575_0$HG00438#1#JAHBCB010000015.1_33474867_33954171_0	0.0807118763337385 Allentoft
VK61 HG00438#1#JAHBCB010000015.1_33474867_33954171_0$HG01978#2#JAGYVR010000007.1_51532241_51939176_0	0.0807113627082715 Allentoft
VK61 HG00438#1#JAHBCB010000015.1_33474867_33954171_0$HG01099.verkko_filt_mat.fa:haplotype1_0000034_142513097_142920876_1	0.0807087947280129 Allentoft
VK61 HG02818#2#JAHEOR010000010.1_31775319_32183091_1$NA20129#2#JAHEPD010000155.1_90039_569275_0	0.0807082811613744 Allentoft
VK61 AV_HG01361#haplotype1#0000023:101593539_102001341$HG00438#1#JAHBCB010000015.1_33474867_33954171_0	0.0807075108297983 Allentoft
VK61 HG02080#1#JAHEOW010000048.1_16689583_17097287_0$HG03486#2#JAHEOP010000248.1_2105565_2584784_1	0.0807067405202795 Allentoft
VK61 HG03486#2#JAHEOP010000248.1_2105565_2584784_1$HG02300.verkko_filt_mat.fa:haplotype1_0000028_144052837_144460586_1	0.0807059702328168 Allentoft
VK61 AV_HG02148#haplotype2#0002863:16304803_16712699$HG00438#1#JAHBCB010000015.1_33474867_33954171_0	0.0807010922576778 Allentoft
VK61 AV_HG00673#haplotype2#0001165:24014011_24421797$HG00438#1#JAHBCB010000015.1_33474867_33954171_0	0.0807003221319280 Allentoft
VK61 HG03486#2#JAHEOP010000248.1_2105565_2584784_1$HG01099.verkko_filt_mat.fa:haplotype1_0000034_142513097_142920876_1	0.0806905691137324 Allentoft
VK61 HG01109#2#JAHEOZ010000047.1_16671232_17151375_0$HG02300.verkko_filt_pat.fa:haplotype2_0000620_143362344_143769323_1	0.0806905691137324 Allentoft
VK61 HG02559#2#JAGYVJ010000037.1_52167780_52574597_1$HG02622#2#JAHAON010000012.1_51551779_52031001_0	0.0806900558949330 Allentoft
VK61 HG00438#1#JAHBCB010000015.1_33474867_33954171_0$HG005#2#JAHEPN010000023.1_51542210_51950070_0	0.0806869767877708 Allentoft
VK61 HG03486#2#JAHEOP010000248.1_2105565_2584784_1$NA18906#1#JAHEOO010000054.1_2103477_2510435_1	0.0806862070660557 Allentoft
VK61 AV_HG01361#haplotype1#0000023:101593539_102001341$HG03486#2#JAHEOP010000248.1_2105565_2584784_1	0.0806841545825057 Allentoft
VK61 HG02622#2#JAHAON010000012.1_51551779_52031001_0$HG03927.verkko_filt_mat.fa:haplotype1_0000009_134765170_135173010_1	0.0806810761508449 Allentoft
VK61 HG00438#1#JAHBCB010000015.1_33474867_33954171_0$HG02622#1#JAHAOO010000002.1_16673678_17080663_0	0.0806803065979851 Allentoft
VK61 HG02559#2#JAGYVJ010000037.1_52167780_52574597_1$NA20129#2#JAHEPD010000155.1_90039_569275_0	0.0806800500852586 Allentoft
VK61 HG01928#1#JAGYVQ010000053.1_16676493_17083407_0$HG00438#1#JAHBCB010000015.1_33474867_33954171_0	0.0806779980715217 Allentoft
VK61 HG02622#2#JAHAON010000012.1_51551779_52031001_0$HG02109#1#JAHEPG010000026.1_16673035_17080816_0	0.0806756897432104 Allentoft
VK61 HG00438#1#JAHBCB010000015.1_33474867_33954171_0$HG03453#2#JAGYVV010000088.1_22597550_23005370_1	0.0806741509677400 Allentoft
VK61 HG00438#1#JAHBCB010000015.1_33474867_33954171_0$HG02004.verkko_filt_mat.fa:haplotype1_0000022_97828542_98235483_0	0.0806718429696191 Allentoft
VK61 HG02630#1#JAHAOQ010000102.1_16672145_17079089_0$HG03486#2#JAHEOP010000248.1_2105565_2584784_1	0.0806715865376109 Allentoft
VK61 HG01109#2#JAHEOZ010000047.1_16671232_17151375_0$HG01099.verkko_filt_mat.fa:haplotype1_0000034_142513097_142920876_1	0.0806700479969127 Allentoft
VK61 chr1_hg38_103456064_103863972_0$HG03486#2#JAHEOP010000248.1_2105565_2584784_1	0.0806697915820212 Allentoft
VK61 chr1_hg19_103998686_104406594_0$HG03486#2#JAHEOP010000248.1_2105565_2584784_1	0.0806697915820212 Allentoft
VK61 HG01109#2#JAHEOZ010000047.1_16671232_17151375_0$HG02300.verkko_filt_mat.fa:haplotype1_0000028_144052837_144460586_1	0.0806695351695747 Allentoft
VK61 HG03486#2#JAHEOP010000248.1_2105565_2584784_1$HG02071.verkko_filt_mat.fa:haplotype1_0000041_103610513_104018399_0	0.0806692787595732 Allentoft
VK61 HG03486#2#JAHEOP010000248.1_2105565_2584784_1$HG02300.verkko_filt_pat.fa:haplotype2_0000620_143362344_143769323_1	0.0806685095442387 Allentoft
VK61 HG03486#2#JAHEOP010000248.1_2105565_2584784_1$HG002.verkko_filt_mat.fa:haplotype1_0000005_138228497_138636354_1	0.0806682531440171 Allentoft
VK61 AV_HG01361#haplotype1#0000023:101593539_102001341$HG01109#2#JAHEOZ010000047.1_16671232_17151375_0	0.0806677403509082 Allentoft
VK61 NA20129#2#JAHEPD010000155.1_90039_569275_0$HG02109#1#JAHEPG010000026.1_16673035_17080816_0	0.0806672275675784 Allentoft
VK61 NA20129#2#JAHEPD010000155.1_90039_569275_0$HG03927.verkko_filt_mat.fa:haplotype1_0000009_134765170_135173010_1	0.0806659456520353 Allentoft
VK61 HG02717#1#JAHAOS010000015.1_16660311_17067250_0$HG03486#2#JAHEOP010000248.1_2105565_2584784_1	0.0806656892762603 Allentoft
VK61 HG01109#2#JAHEOZ010000047.1_16671232_17151375_0$HG002.verkko_filt_mat.fa:haplotype1_0000005_138228497_138636354_1	0.0806621002720608 Allentoft
VK61 AV_HG01175#haplotype1#0000070:46006269_46414083$HG03486#2#JAHEOP010000248.1_2105565_2584784_1	0.0806610749302750 Allentoft
VK61 HG03453#1#JAGYVW010000157.1_2105722_2585000_1$HG01109#2#JAHEOZ010000047.1_16671232_17151375_0	0.0806601772800140 Allentoft
VK61 HG02080#1#JAHEOW010000048.1_16689583_17097287_0$HG01109#2#JAHEOZ010000047.1_16671232_17151375_0	0.0806579991395084 Allentoft
VK61 HG00438#1#JAHBCB010000015.1_33474867_33954171_0$HG03516#2#JAGYYS010000004.1_24452130_24859892_1	0.0806579991395084 Allentoft
VK61 HG01109#2#JAHEOZ010000047.1_16671232_17151375_0$HG02071.verkko_filt_mat.fa:haplotype1_0000041_103610513_104018399_0	0.0806569739541081 Allentoft
VK61 chr1_hg38_103456064_103863972_0$HG01109#2#JAHEOZ010000047.1_16671232_17151375_0	0.0806559488077980 Allentoft
VK61 chr1_hg19_103998686_104406594_0$HG01109#2#JAHEOZ010000047.1_16671232_17151375_0	0.0806559488077980 Allentoft
VK61 HG02622#2#JAHAON010000012.1_51551779_52031001_0$HG02809.verkko_filt_pat.fa:haplotype2_0001251_103421111_103827972_0	0.0806531298569838 Allentoft
VK61 HG02622#2#JAHAON010000012.1_51551779_52031001_0$HG02622#1#JAHAOO010000002.1_16673678_17080663_0	0.0806513361330770 Allentoft
VK61 HG00621#2#JAHBCC010000031.1_16669999_17077865_0$HG03486#2#JAHEOP010000248.1_2105565_2584784_1	0.0806508236625133 Allentoft
VK61 HG00438#1#JAHBCB010000015.1_33474867_33954171_0$HG03579#1#JAGYVU010000029.1_91404_499180_0	0.0806462118669999 Allentoft
VK61 HG00621#2#JAHBCC010000031.1_16669999_17077865_0$HG01109#2#JAHEOZ010000047.1_16671232_17151375_0	0.0806436501002066 Allentoft
VK61 HG03453#1#JAGYVW010000157.1_2105722_2585000_1$chr1_hg38_103456064_103863972_0	0.0806431377761427 Allentoft
VK61 HG03453#1#JAGYVW010000157.1_2105722_2585000_1$chr1_hg19_103998686_104406594_0	0.0806431377761427 Allentoft
VK61 NA20129#2#JAHEPD010000155.1_90039_569275_0$HG02809.verkko_filt_pat.fa:haplotype2_0001251_103421111_103827972_0	0.0806421131573069 Allentoft
VK61 HG02559#2#JAGYVJ010000037.1_52167780_52574597_1$HG01109#2#JAHEOZ010000047.1_16671232_17151375_0	0.0806418570087002 Allentoft
VK61 AV_HG00673#haplotype2#0001165:24014011_24421797$HG03486#2#JAHEOP010000248.1_2105565_2584784_1	0.0806410885775253 Allentoft
VK61 HG01109#2#JAHEOZ010000047.1_16671232_17151375_0$HG01978#2#JAGYVR010000007.1_51532241_51939176_0	0.0806392956568741 Allentoft
VK61 HG02559#1#JAGYVK010000012.1_51505852_51913611_0$HG00438#1#JAHBCB010000015.1_33474867_33954171_0	0.0806382711844787 Allentoft
VK61 HG03492#1#JAHEPI010000180.1_2103395_2543326_1$HG03540#2#JAGYVX010000148.1_1368955_1877115_0	0.0806368516929924 Allentoft
VK61 NA20129#2#JAHEPD010000155.1_90039_569275_0$HG02622#1#JAHAOO010000002.1_16673678_17080663_0	0.0806367345490939 Allentoft
VK61 AV_HG01175#haplotype1#0000070:46006269_46414083$HG01109#2#JAHEOZ010000047.1_16671232_17151375_0	0.0806313570169528 Allentoft
VK61 AV_HG00673#haplotype2#0001165:24014011_24421797$HG01109#2#JAHEOZ010000047.1_16671232_17151375_0	0.0806287966654689 Allentoft
VK61 HG03453#1#JAGYVW010000157.1_2105722_2585000_1$HG002.verkko_filt_mat.fa:haplotype1_0000005_138228497_138636354_1	0.0806236766941237 Allentoft
VK61 HG03486#1#JAHEOQ010000123.1_16677696_17085575_0$HG03486#2#JAHEOP010000248.1_2105565_2584784_1	0.0806223968536806 Allentoft
VK61 HG02080#1#JAHEOW010000048.1_16689583_17097287_0$HG03453#1#JAGYVW010000157.1_2105722_2585000_1	0.0806216289786698 Allentoft
VK61 HG03453#1#JAGYVW010000157.1_2105722_2585000_1$HG01099.verkko_filt_mat.fa:haplotype1_0000034_142513097_142920876_1	0.0806203492357405 Allentoft
VK61 AV_HG02148#haplotype2#0002863:16304803_16712699$HG01109#2#JAHEOZ010000047.1_16671232_17151375_0	0.0806193254852740 Allentoft
VK61 HG03486#2#JAHEOP010000248.1_2105565_2584784_1$HG01978#2#JAGYVR010000007.1_51532241_51939176_0	0.0806167662797230 Allentoft
VK61 AV_HG02148#haplotype2#0002863:16304803_16712699$HG03486#2#JAHEOP010000248.1_2105565_2584784_1	0.0806162544678587 Allentoft
VK61 HG03453#1#JAGYVW010000157.1_2105722_2585000_1$HG02300.verkko_filt_mat.fa:haplotype1_0000028_144052837_144460586_1	0.0806157426657423 Allentoft
VK61 HG02622#2#JAHAON010000012.1_51551779_52031001_0$HG01123#1#JAGYYZ010000015.1_51528240_51935090_0	0.0806142073178773 Allentoft
VK61 HG03486#2#JAHEOP010000248.1_2105565_2584784_1$HG03516#2#JAGYYS010000004.1_24452130_24859892_1	0.0806111368852988 Allentoft
VK61 HG03492#1#JAHEPI010000180.1_2103395_2543326_1$HG01258#1#JAGYYV010000004.1_56955948_57456952_1	0.0806104828261840 Allentoft
VK61 HG02145#2#JAHKSF010000206.1_1005292_1413195_1$HG03486#2#JAHEOP010000248.1_2105565_2584784_1	0.0806103693319713 Allentoft
VK61 HG03486#2#JAHEOP010000248.1_2105565_2584784_1$HG02486#2#JAGYVL010000029.1_94163344_94570162_0	0.0806101134857344 Allentoft
VK61 HG03486#1#JAHEOQ010000123.1_16677696_17085575_0$HG01109#2#JAHEOZ010000047.1_16671232_17151375_0	0.0806085784594684 Allentoft
VK61 AV_HG01361#haplotype1#0000023:101593539_102001341$HG03453#1#JAGYVW010000157.1_2105722_2585000_1	0.0806083226302830 Allentoft
VK61 HG03453#1#JAGYVW010000157.1_2105722_2585000_1$HG02300.verkko_filt_pat.fa:haplotype2_0000620_143362344_143769323_1	0.0806075551573413 Allentoft
VK61 HG01109#2#JAHEOZ010000047.1_16671232_17151375_0$HG02809.verkko_filt_pat.fa:haplotype2_0001251_103421111_103827972_0	0.0806075551573413 Allentoft
VK61 HG03486#2#JAHEOP010000248.1_2105565_2584784_1$HG005#2#JAHEPN010000023.1_51542210_51950070_0	0.0806016719263067 Allentoft
VK61 HG02622#2#JAHAON010000012.1_51551779_52031001_0$HG01258#2#JAGYYU010000072.1_51562603_51970395_0	0.0806014161628737 Allentoft
VK61 HG03453#1#JAGYVW010000157.1_2105722_2585000_1$HG02071.verkko_filt_mat.fa:haplotype1_0000041_103610513_104018399_0	0.0806006488871829 Allentoft
VK61 HG00438#1#JAHBCB010000015.1_33474867_33954171_0$NA19240#1#JAHEOM010000047.1_30103390_30511199_1	0.0805998816334036 Allentoft
VK61 HG00621#2#JAHBCC010000031.1_16669999_17077865_0$HG03453#1#JAGYVW010000157.1_2105722_2585000_1	0.0805975800035247 Allentoft
VK61 HG03453#1#JAGYVW010000157.1_2105722_2585000_1$HG01978#2#JAGYVR010000007.1_51532241_51939176_0	0.0805973242790428 Allentoft
VK61 NA20129#2#JAHEPD010000155.1_90039_569275_0$HG01123#1#JAGYYZ010000015.1_51528240_51935090_0	0.0805970685569950 Allentoft
VK61 AV_HG00673#haplotype2#0001165:24014011_24421797$HG03453#1#JAGYVW010000157.1_2105722_2585000_1	0.0805960456931441 Allentoft
VK61 HG01928#1#JAGYVQ010000053.1_16676493_17083407_0$HG01109#2#JAHEOZ010000047.1_16671232_17151375_0	0.0805957899832663 Allentoft
VK61 HG03453#1#JAGYVW010000157.1_2105722_2585000_1$NA18906#1#JAHEOO010000054.1_2103477_2510435_1	0.0805955342758224 Allentoft
VK61 HG01109#2#JAHEOZ010000047.1_16671232_17151375_0$HG02004.verkko_filt_mat.fa:haplotype1_0000022_97828542_98235483_0	0.0805952785708123 Allentoft
VK61 AV_HG02257#haplotype2#0001152:102843493_103251377$HG03486#2#JAHEOP010000248.1_2105565_2584784_1	0.0805950228682360 Allentoft
VK61 HG03486#2#JAHEOP010000248.1_2105565_2584784_1$HG03579#1#JAGYVU010000029.1_91404_499180_0	0.0805942557751097 Allentoft
VK61 HG02622#1#JAHAOO010000002.1_16673678_17080663_0$HG01109#2#JAHEOZ010000047.1_16671232_17151375_0	0.0805940000822682 Allentoft
VK61 HG02622#2#JAHAON010000012.1_51551779_52031001_0$HG02717#2#JAHAOR010000006.1_19663827_20070693_1	0.0805937443918604 Allentoft
VK61 HG02818#2#JAHEOR010000010.1_31775319_32183091_1$HG00438#1#JAHBCB010000015.1_33474867_33954171_0	0.0805914432876962 Allentoft
VK61 HG01109#2#JAHEOZ010000047.1_16671232_17151375_0$HG005#2#JAHEPN010000023.1_51542210_51950070_0	0.0805914432876962 Allentoft
VK61 AV_HG01175#haplotype1#0000070:46006269_46414083$HG03453#1#JAGYVW010000157.1_2105722_2585000_1	0.0805893980272328 Allentoft
VK61 HG02559#1#JAGYVK010000012.1_51505852_51913611_0$HG03486#2#JAHEOP010000248.1_2105565_2584784_1	0.0805863304284817 Allentoft
VK61 NA20129#2#JAHEPD010000155.1_90039_569275_0$HG01258#2#JAGYYU010000072.1_51562603_51970395_0	0.0805858191960793 Allentoft
VK61 HG005#1#JAHEPO010000002.1_51519219_51926067_0$HG02622#2#JAHAON010000012.1_51551779_52031001_0	0.0805845411576394 Allentoft
VK61 HG02109#1#JAHEPG010000026.1_16673035_17080816_0$HG01109#2#JAHEOZ010000047.1_16671232_17151375_0	0.0805819852631687 Allentoft
VK61 NA20129#2#JAHEPD010000155.1_90039_569275_0$HG02717#2#JAHAOR010000006.1_19663827_20070693_1	0.0805812185422493 Allentoft
VK61 HG02630#1#JAHAOQ010000102.1_16672145_17079089_0$HG03453#1#JAGYVW010000157.1_2105722_2585000_1	0.0805809629734730 Allentoft
VK61 HG01928#1#JAGYVQ010000053.1_16676493_17083407_0$HG03486#2#JAHEOP010000248.1_2105565_2584784_1	0.0805789185107980 Allentoft
VK61 HG01109#2#JAHEOZ010000047.1_16671232_17151375_0$HG03516#2#JAGYYS010000004.1_24452130_24859892_1	0.0805778963378139 Allentoft
VK61 HG03453#1#JAGYVW010000157.1_2105722_2585000_1$HG005#2#JAHEPN010000023.1_51542210_51950070_0	0.0805771297336033 Allentoft
VK61 HG00438#1#JAHBCB010000015.1_33474867_33954171_0$HG01123#1#JAGYYZ010000015.1_51528240_51935090_0	0.0805766186762850 Allentoft
VK61 HG03486#2#JAHEOP010000248.1_2105565_2584784_1$HG02004.verkko_filt_mat.fa:haplotype1_0000022_97828542_98235483_0	0.0805753410755309 Allentoft
VK61 HG01123#1#JAGYYZ010000015.1_51528240_51935090_0$HG01109#2#JAHEOZ010000047.1_16671232_17151375_0	0.0805748300522451 Allentoft
VK61 HG03453#1#JAGYVW010000157.1_2105722_2585000_1$HG03486#2#JAHEOP010000248.1_2105565_2584784_1	0.0805725620203130 Allentoft
VK61 HG02717#1#JAHAOS010000015.1_16660311_17067250_0$HG03453#1#JAGYVW010000157.1_2105722_2585000_1	0.0805720195979614 Allentoft
VK61 HG005#1#JAHEPO010000002.1_51519219_51926067_0$NA20129#2#JAHEPD010000155.1_90039_569275_0	0.0805715086378688 Allentoft
VK61 HG03453#2#JAGYVV010000088.1_22597550_23005370_1$HG03486#2#JAHEOP010000248.1_2105565_2584784_1	0.0805704867468460 Allentoft
VK61 HG00438#1#JAHBCB010000015.1_33474867_33954171_0$HG02717#2#JAHAOR010000006.1_19663827_20070693_1	0.0805699758159151 Allentoft
VK61 HG03486#2#JAHEOP010000248.1_2105565_2584784_1$HG02818#1#JAHEOS010000101.1_89626_496613_0	0.0805661441437358 Allentoft
VK61 HG005#1#JAHEPO010000002.1_51519219_51926067_0$HG00438#1#JAHBCB010000015.1_33474867_33954171_0	0.0805643562171246 Allentoft
VK61 HG00438#1#JAHBCB010000015.1_33474867_33954171_0$HG01258#2#JAGYYU010000072.1_51562603_51970395_0	0.0805628238033377 Allentoft
VK61 HG03486#1#JAHEOQ010000123.1_16677696_17085575_0$HG03453#1#JAGYVW010000157.1_2105722_2585000_1	0.0805625684095413 Allentoft
VK61 HG01109#2#JAHEOZ010000047.1_16671232_17151375_0$HG02717#2#JAHAOR010000006.1_19663827_20070693_1	0.0805595038734254 Allentoft
VK61 HG03453#2#JAGYVV010000088.1_22597550_23005370_1$HG01109#2#JAHEOZ010000047.1_16671232_17151375_0	0.0805592485112013 Allentoft
VK61 AV_HG02148#haplotype2#0002863:16304803_16712699$HG03453#1#JAGYVW010000157.1_2105722_2585000_1	0.0805569503604567 Allentoft
VK61 HG01109#2#JAHEOZ010000047.1_16671232_17151375_0$HG03579#1#JAGYVU010000029.1_91404_499180_0	0.0805554183692231 Allentoft
VK61 HG02622#2#JAHAON010000012.1_51551779_52031001_0$HG00741#2#JAHALX010000013.1_51574319_51981226_0	0.0805518440628882 Allentoft
VK61 HG03453#1#JAGYVW010000157.1_2105722_2585000_1$HG02004.verkko_filt_mat.fa:haplotype1_0000022_97828542_98235483_0	0.0805503123629575 Allentoft
VK61 HG02559#1#JAGYVK010000012.1_51505852_51913611_0$HG01109#2#JAHEOZ010000047.1_16671232_17151375_0	0.0805495465457575 Allentoft
VK61 HG03453#1#JAGYVW010000157.1_2105722_2585000_1$HG01928#1#JAGYVQ010000053.1_16676493_17083407_0	0.0805446968773387 Allentoft
VK61 HG005#1#JAHEPO010000002.1_51519219_51926067_0$HG01109#2#JAHEOZ010000047.1_16671232_17151375_0	0.0805401032625479 Allentoft
VK61 HG01109#2#JAHEOZ010000047.1_16671232_17151375_0$HG01258#2#JAGYYU010000072.1_51562603_51970395_0	0.0805395929094183 Allentoft
VK61 HG03486#2#JAHEOP010000248.1_2105565_2584784_1$NA19240#1#JAHEOM010000047.1_30103390_30511199_1	0.0805393377364917 Allentoft
VK61 NA20129#2#JAHEPD010000155.1_90039_569275_0$HG00741#2#JAHALX010000013.1_51574319_51981226_0	0.0805383170690384 Allentoft
VK61 HG02818#2#JAHEOR010000010.1_31775319_32183091_1$HG03486#2#JAHEOP010000248.1_2105565_2584784_1	0.0805339796652334 Allentoft
VK61 HG01978#1#JAGYVS010000002.1_51519970_52021951_0$HG02647.verkko_filt_mat.fa:haplotype1_0000002_103892584_104321036_0	0.0805242809465290 Allentoft
VK61 AV_HG01106#haplotype2#0000932:16673968_17175925$HG02647.verkko_filt_mat.fa:haplotype1_0000002_103892584_104321036_0	0.0805242809465290 Allentoft
VK61 HG00438#1#JAHBCB010000015.1_33474867_33954171_0$HG00741#2#JAHALX010000013.1_51574319_51981226_0	0.0805174019340429 Allentoft
VK61 HG03453#1#JAGYVW010000157.1_2105722_2585000_1$HG02145#2#JAHKSF010000206.1_1005292_1413195_1	0.0805158721979947 Allentoft
VK61 HG03453#1#JAGYVW010000157.1_2105722_2585000_1$HG03453#2#JAGYVV010000088.1_22597550_23005370_1	0.0805123031529256 Allentoft
VK61 AV_HG02257#haplotype2#0001152:102843493_103251377$HG03453#1#JAGYVW010000157.1_2105722_2585000_1	0.0805112835129345 Allentoft
VK61 HG02559#2#JAGYVJ010000037.1_52167780_52574597_1$HG03486#2#JAHEOP010000248.1_2105565_2584784_1	0.0805089894645881 Allentoft
VK61 HG03453#1#JAGYVW010000157.1_2105722_2585000_1$HG03516#2#JAGYYS010000004.1_24452130_24859892_1	0.0805084797026965 Allentoft
VK61 HG01109#2#JAHEOZ010000047.1_16671232_17151375_0$NA19240#1#JAHEOM010000047.1_30103390_30511199_1	0.0805056761853667 Allentoft
VK61 HG03453#1#JAGYVW010000157.1_2105722_2585000_1$HG02486#2#JAGYVL010000029.1_94163344_94570162_0	0.0805033826162905 Allentoft
VK61 HG01109#2#JAHEOZ010000047.1_16671232_17151375_0$HG00741#2#JAHALX010000013.1_51574319_51981226_0	0.0804998152317756 Allentoft
VK61 HG00438#1#JAHBCB010000015.1_33474867_33954171_0$HG03927.verkko_filt_mat.fa:haplotype1_0000009_134765170_135173010_1	0.0804982864978695 Allentoft
VK61 HG02818#2#JAHEOR010000010.1_31775319_32183091_1$HG01109#2#JAHEOZ010000047.1_16671232_17151375_0	0.0804942102998760 Allentoft
VK61 HG03486#2#JAHEOP010000248.1_2105565_2584784_1$HG03927.verkko_filt_mat.fa:haplotype1_0000009_134765170_135173010_1	0.0804919177106054 Allentoft
VK61 HG03453#1#JAGYVW010000157.1_2105722_2585000_1$HG03579#1#JAGYVU010000029.1_91404_499180_0	0.0804799484817362 Allentoft
VK61 AV_HG01106#haplotype2#0000932:16673968_17175925$HG02055#2#JAHEPJ010000017.1_24870122_25298560_1	0.0804775901013666 Allentoft
VK61 HG01978#1#JAGYVS010000002.1_51519970_52021951_0$HG02055#2#JAHEPJ010000017.1_24870122_25298560_1	0.0804761693193934 Allentoft
VK61 HG03453#1#JAGYVW010000157.1_2105722_2585000_1$HG02818#1#JAHEOS010000101.1_89626_496613_0	0.0804758750687178 Allentoft
VK61 HG02559#1#JAGYVK010000012.1_51505852_51913611_0$HG03453#1#JAGYVW010000157.1_2105722_2585000_1	0.0804746022539881 Allentoft
VK61 HG01109#2#JAHEOZ010000047.1_16671232_17151375_0$HG03927.verkko_filt_mat.fa:haplotype1_0000009_134765170_135173010_1	0.0804746022539881 Allentoft
VK61 HG01123#1#JAGYYZ010000015.1_51528240_51935090_0$HG03486#2#JAHEOP010000248.1_2105565_2584784_1	0.0804509389029811 Allentoft
VK61 HG03486#2#JAHEOP010000248.1_2105565_2584784_1$HG02109#1#JAHEPG010000026.1_16673035_17080816_0	0.0804473784855064 Allentoft
VK61 HG03486#2#JAHEOP010000248.1_2105565_2584784_1$HG02622#1#JAHAOO010000002.1_16673678_17080663_0	0.0804471241880604 Allentoft
VK61 HG01978#1#JAGYVS010000002.1_51519970_52021951_0$HG02809.verkko_filt_mat.fa:haplotype1_0000023_94161320_94589755_0	0.0804380730810822 Allentoft
VK61 AV_HG01106#haplotype2#0000932:16673968_17175925$HG02809.verkko_filt_mat.fa:haplotype1_0000023_94161320_94589755_0	0.0804380730810822 Allentoft
VK61 HG03453#1#JAGYVW010000157.1_2105722_2585000_1$HG02109#1#JAHEPG010000026.1_16673035_17080816_0	0.0804295834860187 Allentoft
VK61 HG03486#2#JAHEOP010000248.1_2105565_2584784_1$HG02717#2#JAHAOR010000006.1_19663827_20070693_1	0.0804204363689833 Allentoft
VK61 HG02818#2#JAHEOR010000010.1_31775319_32183091_1$HG03453#1#JAGYVW010000157.1_2105722_2585000_1	0.0804204363689833 Allentoft
VK61 HG03486#2#JAHEOP010000248.1_2105565_2584784_1$HG01258#2#JAGYYU010000072.1_51562603_51970395_0	0.0804199282873168 Allentoft
VK61 HG03453#1#JAGYVW010000157.1_2105722_2585000_1$NA19240#1#JAHEOM010000047.1_30103390_30511199_1	0.0804191661828729 Allentoft
VK61 HG03486#2#JAHEOP010000248.1_2105565_2584784_1$HG02809.verkko_filt_pat.fa:haplotype2_0001251_103421111_103827972_0	0.0804118002900970 Allentoft
VK61 HG005#1#JAHEPO010000002.1_51519219_51926067_0$HG03486#2#JAHEOP010000248.1_2105565_2584784_1	0.0804112923720954 Allentoft
VK61 HG03453#1#JAGYVW010000157.1_2105722_2585000_1$HG03927.verkko_filt_mat.fa:haplotype1_0000009_134765170_135173010_1	0.0804090068601887 Allentoft
VK61 HG02622#2#JAHAON010000012.1_51551779_52031001_0$NA19240#2#JAHEOL010000010.1_37445323_37853017_0	0.0804059665078766 Allentoft
VK61 HG03453#1#JAGYVW010000157.1_2105722_2585000_1$HG02559#2#JAGYVJ010000037.1_52167780_52574597_1	0.0804057059092360 Allentoft
VK61 HG00438#1#JAHBCB010000015.1_33474867_33954171_0$HG02886#1#JAHAOU010000178.1_62411_469262_0	0.0804021228450730 Allentoft
VK61 HG03453#1#JAGYVW010000157.1_2105722_2585000_1$HG02809.verkko_filt_pat.fa:haplotype2_0001251_103421111_103827972_0	0.0803980898814051 Allentoft
VK61 AV_HG01106#haplotype2#0000932:16673968_17175925$HG03098#1#JAHEPM010000059.1_16676208_17105596_0	0.0803971976126370 Allentoft
VK61 NA20129#2#JAHEPD010000155.1_90039_569275_0$NA19240#2#JAHEOL010000010.1_37445323_37853017_0	0.0803964864699212 Allentoft
VK61 HG02622#2#JAHAON010000012.1_51551779_52031001_0$HG02886#1#JAHAOU010000178.1_62411_469262_0	0.0803962302992146 Allentoft
VK61 HG01978#1#JAGYVS010000002.1_51519970_52021951_0$HG03098#1#JAHEPM010000059.1_16676208_17105596_0	0.0803934203697841 Allentoft
VK61 HG02647.verkko_filt_mat.fa:haplotype1_0000002_103892584_104321036_0$HG01099.verkko_filt_pat.fa:haplotype2_0000583_143544270_144046196_1	0.0803898796880851 Allentoft
VK61 HG02080#2#JAHEOV010000017.1_16662177_17164189_0$HG02647.verkko_filt_mat.fa:haplotype1_0000002_103892584_104321036_0	0.0803806761045938 Allentoft
VK61 HG02486#1#JAGYVM010000007.1_28868414_29370339_1$HG02647.verkko_filt_mat.fa:haplotype1_0000002_103892584_104321036_0	0.0803794963865891 Allentoft
VK61 NA20129#2#JAHEPD010000155.1_90039_569275_0$HG02886#1#JAHAOU010000178.1_62411_469262_0	0.0803744647352608 Allentoft
VK61 HG03540#1#JAGYVY010000208.1_95187_596142_0$HG02647.verkko_filt_mat.fa:haplotype1_0000002_103892584_104321036_0	0.0803728909255310 Allentoft
VK61 HG02886#1#JAHAOU010000178.1_62411_469262_0$HG01109#2#JAHEOZ010000047.1_16671232_17151375_0	0.0803649958340108 Allentoft
VK61 HG00621#1#JAHBCD010000034.1_2122997_2624098_1$HG02647.verkko_filt_mat.fa:haplotype1_0000002_103892584_104321036_0	0.0803561486609436 Allentoft
VK61 HG03486#2#JAHEOP010000248.1_2105565_2584784_1$HG00741#2#JAHALX010000013.1_51574319_51981226_0	0.0803524391175586 Allentoft
VK61 HG03453#1#JAGYVW010000157.1_2105722_2585000_1$HG02622#1#JAHAOO010000002.1_16673678_17080663_0	0.0803511721505851 Allentoft
VK61 AV_HG00673#haplotype1#0000019:16627360_17129375$HG02647.verkko_filt_mat.fa:haplotype1_0000002_103892584_104321036_0	0.0803464853567298 Allentoft
VK61 HG02055#2#JAHEPJ010000017.1_24870122_25298560_1$HG01099.verkko_filt_pat.fa:haplotype2_0000583_143544270_144046196_1	0.0803457784225590 Allentoft
VK61 HG02080#2#JAHEOV010000017.1_16662177_17164189_0$HG02055#2#JAHEPJ010000017.1_24870122_25298560_1	0.0803380033780401 Allentoft
VK61 HG02055#2#JAHEPJ010000017.1_24870122_25298560_1$HG02486#1#JAGYVM010000007.1_28868414_29370339_1	0.0803372966677315 Allentoft
VK61 HG03453#1#JAGYVW010000157.1_2105722_2585000_1$HG01258#2#JAGYYU010000072.1_51562603_51970395_0	0.0803331876848872 Allentoft
VK61 HG03453#1#JAGYVW010000157.1_2105722_2585000_1$HG005#1#JAHEPO010000002.1_51519219_51926067_0	0.0803316684242006 Allentoft
VK61 HG03453#1#JAGYVW010000157.1_2105722_2585000_1$HG01123#1#JAGYYZ010000015.1_51528240_51935090_0	0.0803301492497076 Allentoft
VK61 HG02647.verkko_filt_mat.fa:haplotype1_0000002_103892584_104321036_0$HG02293.verkko_filt_pat.fa:haplotype2_0000836_148310532_148812524_1	0.0803219891892346 Allentoft
VK61 HG02622#2#JAHAON010000012.1_51551779_52031001_0$HG03516#1#JAGYYT010000012.1_24170958_24578778_1	0.0803212775880177 Allentoft
VK61 HG02055#2#JAHEPJ010000017.1_24870122_25298560_1$HG03540#1#JAGYVY010000208.1_95187_596142_0	0.0803198703817880 Allentoft
VK61 HG03453#1#JAGYVW010000157.1_2105722_2585000_1$HG02717#2#JAHAOR010000006.1_19663827_20070693_1	0.0803185051079275 Allentoft
VK61 AV_HG01106#haplotype2#0000932:16673968_17175925$HG02723#2#JAHEOT010000034.1_19776337_20321518_1	0.0803131546313547 Allentoft
VK61 HG02809.verkko_filt_mat.fa:haplotype1_0000023_94161320_94589755_0$HG01099.verkko_filt_pat.fa:haplotype2_0000583_143544270_144046196_1	0.0803111614902468 Allentoft
VK61 NA20129#2#JAHEPD010000155.1_90039_569275_0$HG03516#1#JAGYYT010000012.1_24170958_24578778_1	0.0803108060354279 Allentoft
VK61 HG02723#2#JAHEOT010000034.1_19776337_20321518_1$HG01978#1#JAGYVS010000002.1_51519970_52021951_0	0.0803076008313520 Allentoft
VK61 HG00438#1#JAHBCB010000015.1_33474867_33954171_0$NA19240#2#JAHEOL010000010.1_37445323_37853017_0	0.0803049335427082 Allentoft
VK61 HG00621#1#JAHBCD010000034.1_2122997_2624098_1$HG02055#2#JAHEPJ010000017.1_24870122_25298560_1	0.0803012791535881 Allentoft
VK61 HG04228.verkko_filt_mat.fa:haplotype1_0000023_103429213_103930285_0$HG02647.verkko_filt_mat.fa:haplotype1_0000002_103892584_104321036_0	0.0803001029279210 Allentoft
VK61 AV_HG00673#haplotype1#0000019:16627360_17129375$HG02055#2#JAHEPJ010000017.1_24870122_25298560_1	0.0802986915253449 Allentoft
VK61 HG02486#1#JAGYVM010000007.1_28868414_29370339_1$HG02809.verkko_filt_mat.fa:haplotype1_0000023_94161320_94589755_0	0.0802932818381675 Allentoft
VK61 HG02080#2#JAHEOV010000017.1_16662177_17164189_0$HG02809.verkko_filt_mat.fa:haplotype1_0000023_94161320_94589755_0	0.0802921059638862 Allentoft
VK61 HG03540#1#JAGYVY010000208.1_95187_596142_0$HG02809.verkko_filt_mat.fa:haplotype1_0000023_94161320_94589755_0	0.0802824657430369 Allentoft
VK61 HG02647.verkko_filt_mat.fa:haplotype1_0000002_103892584_104321036_0$HG02071.verkko_filt_pat.fa:haplotype2_0000736_102745972_103248026_0	0.0802737690116000 Allentoft
VK61 HG02055#2#JAHEPJ010000017.1_24870122_25298560_1$HG02293.verkko_filt_pat.fa:haplotype2_0000836_148310532_148812524_1	0.0802718890088125 Allentoft
VK61 HG03098#1#JAHEPM010000059.1_16676208_17105596_0$HG03540#1#JAGYVY010000208.1_95187_596142_0	0.0802709490569506 Allentoft
VK61 HG03098#1#JAHEPM010000059.1_16676208_17105596_0$HG01099.verkko_filt_pat.fa:haplotype2_0000583_143544270_144046196_1	0.0802709490569506 Allentoft
VK61 HG03453#1#JAGYVW010000157.1_2105722_2585000_1$HG00741#2#JAHALX010000013.1_51574319_51981226_0	0.0802593501595146 Allentoft
VK61 HG00621#1#JAHBCD010000034.1_2122997_2624098_1$HG02809.verkko_filt_mat.fa:haplotype1_0000023_94161320_94589755_0	0.0802592024439964 Allentoft
VK61 HG00741#1#JAHALY010000007.1_18781197_19307680_1$HG02622#2#JAHAON010000012.1_51551779_52031001_0	0.0802549318051826 Allentoft
VK61 AV_HG00673#haplotype1#0000019:16627360_17129375$HG02809.verkko_filt_mat.fa:haplotype1_0000023_94161320_94589755_0	0.0802533310710244 Allentoft
VK61 HG02080#2#JAHEOV010000017.1_16662177_17164189_0$HG03098#1#JAHEPM010000059.1_16676208_17105596_0	0.0802509828826069 Allentoft
VK61 HG03486#2#JAHEOP010000248.1_2105565_2584784_1$NA19240#2#JAHEOL010000010.1_37445323_37853017_0	0.0802460246424528 Allentoft
VK61 HG00621#1#JAHBCD010000034.1_2122997_2624098_1$HG03098#1#JAHEPM010000059.1_16676208_17105596_0	0.0802415921897335 Allentoft
VK61 HG00741#1#JAHALY010000007.1_18781197_19307680_1$NA20129#2#JAHEPD010000155.1_90039_569275_0	0.0802400093779080 Allentoft
VK61 HG02055#2#JAHEPJ010000017.1_24870122_25298560_1$HG04228.verkko_filt_mat.fa:haplotype1_0000023_103429213_103930285_0	0.0802364287136231 Allentoft
VK61 HG03098#1#JAHEPM010000059.1_16676208_17105596_0$HG02486#1#JAGYVM010000007.1_28868414_29370339_1	0.0802347859984333 Allentoft
VK61 HG02809.verkko_filt_mat.fa:haplotype1_0000023_94161320_94589755_0$HG02293.verkko_filt_pat.fa:haplotype2_0000836_148310532_148812524_1	0.0802303277086088 Allentoft
VK61 HG02886#1#JAHAOU010000178.1_62411_469262_0$HG03486#2#JAHEOP010000248.1_2105565_2584784_1	0.0802276899112052 Allentoft
VK61 HG02055#2#JAHEPJ010000017.1_24870122_25298560_1$HG02071.verkko_filt_pat.fa:haplotype2_0000736_102745972_103248026_0	0.0802200061006226 Allentoft
VK61 AV_HG00673#haplotype1#0000019:16627360_17129375$HG03098#1#JAHEPM010000059.1_16676208_17105596_0	0.0802136743585471 Allentoft
VK61 HG01109#2#JAHEOZ010000047.1_16671232_17151375_0$NA19240#2#JAHEOL010000010.1_37445323_37853017_0	0.0802093677416576 Allentoft
VK61 HG02723#2#JAHEOT010000034.1_19776337_20321518_1$HG03540#1#JAGYVY010000208.1_95187_596142_0	0.0802092122131373 Allentoft
VK61 HG00438#1#JAHBCB010000015.1_33474867_33954171_0$HG03516#1#JAGYYT010000012.1_24170958_24578778_1	0.0802042804774982 Allentoft
VK61 HG02723#2#JAHEOT010000034.1_19776337_20321518_1$HG01099.verkko_filt_pat.fa:haplotype2_0000583_143544270_144046196_1	0.0802029884944139 Allentoft
VK61 HG02080#2#JAHEOV010000017.1_16662177_17164189_0$HG02723#2#JAHEOT010000034.1_19776337_20321518_1	0.0801931372353374 Allentoft
VK61 HG02723#2#JAHEOT010000034.1_19776337_20321518_1$HG02486#1#JAGYVM010000007.1_28868414_29370339_1	0.0801919276818468 Allentoft
VK61 HG03098#1#JAHEPM010000059.1_16676208_17105596_0$HG02293.verkko_filt_pat.fa:haplotype2_0000836_148310532_148812524_1	0.0801907050704564 Allentoft
VK61 HG01109#1#JAHEPA010000099.1_2104245_2511104_1$HG00438#1#JAHBCB010000015.1_33474867_33954171_0	0.0801880077346520 Allentoft
VK61 HG04228.verkko_filt_mat.fa:haplotype1_0000023_103429213_103930285_0$HG02809.verkko_filt_mat.fa:haplotype1_0000023_94161320_94589755_0	0.0801855514111112 Allentoft
VK61 HG01109#1#JAHEPA010000099.1_2104245_2511104_1$HG02622#2#JAHAON010000012.1_51551779_52031001_0	0.0801836869519755 Allentoft
VK61 HG00621#1#JAHBCD010000034.1_2122997_2624098_1$HG02723#2#JAHEOT010000034.1_19776337_20321518_1	0.0801831168723756 Allentoft
VK61 HG03098#1#JAHEPM010000059.1_16676208_17105596_0$HG04228.verkko_filt_mat.fa:haplotype1_0000023_103429213_103930285_0	0.0801796961859863 Allentoft
VK61 HG00741#1#JAHALY010000007.1_18781197_19307680_1$HG00438#1#JAHBCB010000015.1_33474867_33954171_0	0.0801756253115972 Allentoft
VK61 HG02809.verkko_filt_mat.fa:haplotype1_0000023_94161320_94589755_0$HG02071.verkko_filt_pat.fa:haplotype2_0000736_102745972_103248026_0	0.0801724374878807 Allentoft
VK61 HG01109#1#JAHEPA010000099.1_2104245_2511104_1$NA20129#2#JAHEPD010000155.1_90039_569275_0	0.0801686967111079 Allentoft
VK61 AV_HG00673#haplotype1#0000019:16627360_17129375$HG02723#2#JAHEOT010000034.1_19776337_20321518_1	0.0801632600135946 Allentoft
VK61 HG03453#1#JAGYVW010000157.1_2105722_2585000_1$NA19240#2#JAHEOL010000010.1_37445323_37853017_0	0.0801565074611194 Allentoft
VK61 HG02723#2#JAHEOT010000034.1_19776337_20321518_1$HG04228.verkko_filt_mat.fa:haplotype1_0000023_103429213_103930285_0	0.0801496277597872 Allentoft
VK61 AV_HG01106#haplotype2#0000932:16673968_17175925$HG02145#1#JAHKSG010000134.1_2102465_2647653_1	0.0801460051660445 Allentoft
VK61 HG01978#1#JAGYVS010000002.1_51519970_52021951_0$HG02145#1#JAHKSG010000134.1_2102465_2647653_1	0.0801422105946317 Allentoft
VK61 HG02723#2#JAHEOT010000034.1_19776337_20321518_1$HG02293.verkko_filt_pat.fa:haplotype2_0000836_148310532_148812524_1	0.0801408308841047 Allentoft
VK61 HG03098#1#JAHEPM010000059.1_16676208_17105596_0$HG02071.verkko_filt_pat.fa:haplotype2_0000736_102745972_103248026_0	0.0801347707687419 Allentoft
VK61 HG03453#1#JAGYVW010000157.1_2105722_2585000_1$HG02886#1#JAHAOU010000178.1_62411_469262_0	0.0801285947204445 Allentoft
VK61 HG01109#1#JAHEPA010000099.1_2104245_2511104_1$HG01109#2#JAHEOZ010000047.1_16671232_17151375_0	0.0801258050498975 Allentoft
VK61 HG03486#2#JAHEOP010000248.1_2105565_2584784_1$HG03516#1#JAGYYT010000012.1_24170958_24578778_1	0.0801217478673590 Allentoft
VK61 HG01109#2#JAHEOZ010000047.1_16671232_17151375_0$HG03516#1#JAGYYT010000012.1_24170958_24578778_1	0.0801100868996993 Allentoft
VK61 HG00438#1#JAHBCB010000015.1_33474867_33954171_0$HG01358#1#JAGYZB010000020.1_27445742_27855492_1	0.0801014872775428 Allentoft
VK61 HG02723#2#JAHEOT010000034.1_19776337_20321518_1$HG02071.verkko_filt_pat.fa:haplotype2_0000736_102745972_103248026_0	0.0800999892572390 Allentoft
VK61 HG02080#1#JAHEOW010000048.1_16689583_17097287_0$NA18906#1#JAHEOO010000054.1_2103477_2510435_1	0.0800955770744800 Allentoft
VK61 NA18906#1#JAHEOO010000054.1_2103477_2510435_1$HG02300.verkko_filt_mat.fa:haplotype1_0000028_144052837_144460586_1	0.0800845448790592 Allentoft
VK61 HG02622#2#JAHAON010000012.1_51551779_52031001_0$HG01358#1#JAGYZB010000020.1_27445742_27855492_1	0.0800801580296231 Allentoft
VK61 HG02080#1#JAHEOW010000048.1_16689583_17097287_0$HG02717#1#JAHAOS010000015.1_16660311_17067250_0	0.0800795317515436 Allentoft
VK61 AV_HG01361#haplotype1#0000023:101593539_102001341$NA18906#1#JAHEOO010000054.1_2103477_2510435_1	0.0800761901895050 Allentoft
VK61 NA18906#1#JAHEOO010000054.1_2103477_2510435_1$HG01099.verkko_filt_mat.fa:haplotype1_0000034_142513097_142920876_1	0.0800758560563077 Allentoft
VK61 HG00741#1#JAHALY010000007.1_18781197_19307680_1$HG01109#2#JAHEOZ010000047.1_16671232_17151375_0	0.0800749457826035 Allentoft
VK61 HG00741#1#JAHALY010000007.1_18781197_19307680_1$HG03453#1#JAGYVW010000157.1_2105722_2585000_1	0.0800720172738926 Allentoft
VK61 HG00741#1#JAHALY010000007.1_18781197_19307680_1$HG03486#2#JAHEOP010000248.1_2105565_2584784_1	0.0800716512328951 Allentoft
VK61 HG02717#1#JAHAOS010000015.1_16660311_17067250_0$HG02300.verkko_filt_mat.fa:haplotype1_0000028_144052837_144460586_1	0.0800691742706069 Allentoft
VK61 HG02080#1#JAHEOW010000048.1_16689583_17097287_0$HG02630#1#JAHAOQ010000102.1_16672145_17079089_0	0.0800685061840287 Allentoft
VK61 HG02717#1#JAHAOS010000015.1_16660311_17067250_0$HG01099.verkko_filt_mat.fa:haplotype1_0000034_142513097_142920876_1	0.0800665020246291 Allentoft
VK61 HG02630#1#JAHAOQ010000102.1_16672145_17079089_0$HG02300.verkko_filt_mat.fa:haplotype1_0000028_144052837_144460586_1	0.0800634960676893 Allentoft
VK61 NA20129#2#JAHEPD010000155.1_90039_569275_0$HG01358#1#JAGYZB010000020.1_27445742_27855492_1	0.0800618535634125 Allentoft
VK61 AV_HG01361#haplotype1#0000023:101593539_102001341$HG02717#1#JAHAOS010000015.1_16660311_17067250_0	0.0800548140935065 Allentoft
VK61 HG02630#1#JAHAOQ010000102.1_16672145_17079089_0$HG01099.verkko_filt_mat.fa:haplotype1_0000034_142513097_142920876_1	0.0800528109620675 Allentoft
VK61 HG01109#2#JAHEOZ010000047.1_16671232_17151375_0$HG01358#1#JAGYZB010000020.1_27445742_27855492_1	0.0800525807492004 Allentoft
VK61 AV_HG01361#haplotype1#0000023:101593539_102001341$HG02630#1#JAHAOQ010000102.1_16672145_17079089_0	0.0800504741654250 Allentoft
VK61 AV_HG00673#haplotype2#0001165:24014011_24421797$NA18906#1#JAHEOO010000054.1_2103477_2510435_1	0.0800461349430950 Allentoft
VK61 HG02145#1#JAHKSG010000134.1_2102465_2647653_1$HG01099.verkko_filt_pat.fa:haplotype2_0000583_143544270_144046196_1	0.0800389296270287 Allentoft
VK61 HG02145#1#JAHKSG010000134.1_2102465_2647653_1$HG03540#1#JAGYVY010000208.1_95187_596142_0	0.0800372116589622 Allentoft
VK61 HG03453#1#JAGYVW010000157.1_2105722_2585000_1$HG03516#1#JAGYYT010000012.1_24170958_24578778_1	0.0800341617870127 Allentoft
VK61 AV_HG00673#haplotype2#0001165:24014011_24421797$HG02630#1#JAHAOQ010000102.1_16672145_17079089_0	0.0800197809874587 Allentoft
VK61 AV_HG00673#haplotype2#0001165:24014011_24421797$HG02717#1#JAHAOS010000015.1_16660311_17067250_0	0.0800174470820417 Allentoft
VK61 HG02080#2#JAHEOV010000017.1_16662177_17164189_0$HG02145#1#JAHKSG010000134.1_2102465_2647653_1	0.0800105972920626 Allentoft
VK61 HG00621#1#JAHBCD010000034.1_2122997_2624098_1$HG02145#1#JAHKSG010000134.1_2102465_2647653_1	0.0800078515140871 Allentoft
VK61 HG02145#1#JAHKSG010000134.1_2102465_2647653_1$HG02486#1#JAGYVM010000007.1_28868414_29370339_1	0.0800056207776198 Allentoft
VK61 AV_HG01361#haplotype1#0000023:101593539_102001341$HG02486#2#JAGYVL010000029.1_94163344_94570162_0	0.0800004490757595 Allentoft
VK61 chr1_hg38_103456064_103863972_0$HG02486#2#JAGYVL010000029.1_94163344_94570162_0	0.0799964511189143 Allentoft
VK61 chr1_hg19_103998686_104406594_0$HG02486#2#JAGYVL010000029.1_94163344_94570162_0	0.0799964511189143 Allentoft
VK61 HG02080#1#JAHEOW010000048.1_16689583_17097287_0$HG02486#2#JAGYVL010000029.1_94163344_94570162_0	0.0799957848510451 Allentoft
VK61 AV_HG02257#haplotype2#0001152:102843493_103251377$HG02080#1#JAHEOW010000048.1_16689583_17097287_0	0.0799941192542020 Allentoft
VK61 HG02486#2#JAGYVL010000029.1_94163344_94570162_0$HG02300.verkko_filt_mat.fa:haplotype1_0000028_144052837_144460586_1	0.0799934530445949 Allentoft
VK61 HG02486#2#JAGYVL010000029.1_94163344_94570162_0$HG01099.verkko_filt_mat.fa:haplotype1_0000034_142513097_142920876_1	0.0799934530445949 Allentoft
VK61 AV_HG02257#haplotype2#0001152:102843493_103251377$HG02300.verkko_filt_mat.fa:haplotype1_0000028_144052837_144460586_1	0.0799857928302818 Allentoft
VK61 HG02486#2#JAGYVL010000029.1_94163344_94570162_0$HG02300.verkko_filt_pat.fa:haplotype2_0000620_143362344_143769323_1	0.0799854598274036 Allentoft
VK61 HG02080#1#JAHEOW010000048.1_16689583_17097287_0$HG02145#2#JAHKSF010000206.1_1005292_1413195_1	0.0799854598274036 Allentoft
VK61 HG02080#1#JAHEOW010000048.1_16689583_17097287_0$HG02818#1#JAHEOS010000101.1_89626_496613_0	0.0799831289237066 Allentoft
VK61 AV_HG00673#haplotype2#0001165:24014011_24421797$HG02486#2#JAGYVL010000029.1_94163344_94570162_0	0.0799831289237066 Allentoft
VK61 AV_HG00673#haplotype1#0000019:16627360_17129375$HG02145#1#JAHKSG010000134.1_2102465_2647653_1	0.0799788664856792 Allentoft
VK61 HG02818#1#JAHEOS010000101.1_89626_496613_0$HG02300.verkko_filt_mat.fa:haplotype1_0000028_144052837_144460586_1	0.0799774690058618 Allentoft
VK61 HG02145#2#JAHKSF010000206.1_1005292_1413195_1$HG02300.verkko_filt_mat.fa:haplotype1_0000028_144052837_144460586_1	0.0799771361069354 Allentoft
VK61 AV_HG02257#haplotype2#0001152:102843493_103251377$HG01099.verkko_filt_mat.fa:haplotype1_0000034_142513097_142920876_1	0.0799764703215535 Allentoft
VK61 HG01109#1#JAHEPA010000099.1_2104245_2511104_1$HG03486#2#JAHEOP010000248.1_2105565_2584784_1	0.0799755941632836 Allentoft
VK61 HG02486#2#JAGYVL010000029.1_94163344_94570162_0$HG02071.verkko_filt_mat.fa:haplotype1_0000041_103610513_104018399_0	0.0799744730651677 Allentoft
VK61 chr1_hg38_103456064_103863972_0$NA18906#1#JAHEOO010000054.1_2103477_2510435_1	0.0799734744930854 Allentoft
VK61 chr1_hg19_103998686_104406594_0$NA18906#1#JAHEOO010000054.1_2103477_2510435_1	0.0799734744930854 Allentoft
VK61 NA18906#1#JAHEOO010000054.1_2103477_2510435_1$HG002.verkko_filt_mat.fa:haplotype1_0000005_138228497_138636354_1	0.0799708118170569 Allentoft
VK61 HG02486#2#JAGYVL010000029.1_94163344_94570162_0$HG002.verkko_filt_mat.fa:haplotype1_0000005_138228497_138636354_1	0.0799704790012532 Allentoft
VK61 HG02818#1#JAHEOS010000101.1_89626_496613_0$HG01099.verkko_filt_mat.fa:haplotype1_0000034_142513097_142920876_1	0.0799681494069681 Allentoft
VK61 HG01071#1#JAHBCF010000053.1_26607100_27108065_1$HG02647.verkko_filt_mat.fa:haplotype1_0000002_103892584_104321036_0	0.0799680497627734 Allentoft
VK61 HG02145#2#JAHKSF010000206.1_1005292_1413195_1$HG01099.verkko_filt_mat.fa:haplotype1_0000034_142513097_142920876_1	0.0799678166244037 Allentoft
VK61 HG02630#1#JAHAOQ010000102.1_16672145_17079089_0$chr1_hg38_103456064_103863972_0	0.0799664855356903 Allentoft
VK61 HG02630#1#JAHAOQ010000102.1_16672145_17079089_0$chr1_hg19_103998686_104406594_0	0.0799664855356903 Allentoft
VK61 HG02630#1#JAHAOQ010000102.1_16672145_17079089_0$HG002.verkko_filt_mat.fa:haplotype1_0000005_138228497_138636354_1	0.0799644890272441 Allentoft
VK61 HG02145#1#JAHKSG010000134.1_2102465_2647653_1$HG02293.verkko_filt_pat.fa:haplotype2_0000836_148310532_148812524_1	0.0799641287967734 Allentoft
VK61 HG02630#1#JAHAOQ010000102.1_16672145_17079089_0$HG02300.verkko_filt_pat.fa:haplotype2_0000620_143362344_143769323_1	0.0799634908290966 Allentoft
VK61 NA18906#1#JAHEOO010000054.1_2103477_2510435_1$HG03516#2#JAGYYS010000004.1_24452130_24859892_1	0.0799631581046877 Allentoft
VK61 AV_HG01361#haplotype1#0000023:101593539_102001341$AV_HG02257#haplotype2#0001152:102843493_103251377	0.0799621599563806 Allentoft
VK61 HG02717#1#JAHAOS010000015.1_16660311_17067250_0$HG03516#2#JAGYYS010000004.1_24452130_24859892_1	0.0799611618454509 Allentoft
VK61 AV_HG01361#haplotype1#0000023:101593539_102001341$HG02818#1#JAHEOS010000101.1_89626_496613_0	0.0799598310890169 Allentoft
VK61 NA18906#1#JAHEOO010000054.1_2103477_2510435_1$HG02300.verkko_filt_pat.fa:haplotype2_0000620_143362344_143769323_1	0.0799578350789378 Allentoft
VK61 HG02145#1#JAHKSG010000134.1_2102465_2647653_1$HG04228.verkko_filt_mat.fa:haplotype1_0000023_103429213_103930285_0	0.0799543652818770 Allentoft
VK61 HG02717#1#JAHAOS010000015.1_16660311_17067250_0$HG002.verkko_filt_mat.fa:haplotype1_0000005_138228497_138636354_1	0.0799535109031723 Allentoft
VK61 AV_HG01361#haplotype1#0000023:101593539_102001341$HG02145#2#JAHKSF010000206.1_1005292_1413195_1	0.0799535109031723 Allentoft
VK61 HG00621#2#JAHBCC010000031.1_16669999_17077865_0$HG02486#2#JAGYVL010000029.1_94163344_94570162_0	0.0799525131160836 Allentoft
VK61 HG01978#2#JAGYVR010000007.1_51532241_51939176_0$HG02486#2#JAGYVL010000029.1_94163344_94570162_0	0.0799495199789381 Allentoft
VK61 AV_HG01175#haplotype1#0000070:46006269_46414083$HG02486#2#JAGYVL010000029.1_94163344_94570162_0	0.0799491874288942 Allentoft
VK61 NA18906#1#JAHEOO010000054.1_2103477_2510435_1$HG03579#1#JAGYVU010000029.1_91404_499180_0	0.0799485223412554 Allentoft
VK61 NA18906#1#JAHEOO010000054.1_2103477_2510435_1$HG02071.verkko_filt_mat.fa:haplotype1_0000041_103610513_104018399_0	0.0799481898036603 Allentoft
VK61 HG02717#1#JAHAOS010000015.1_16660311_17067250_0$chr1_hg38_103456064_103863972_0	0.0799468596947734 Allentoft
VK61 HG02717#1#JAHAOS010000015.1_16660311_17067250_0$chr1_hg19_103998686_104406594_0	0.0799468596947734 Allentoft
VK61 HG02630#1#JAHAOQ010000102.1_16672145_17079089_0$HG03516#2#JAGYYS010000004.1_24452130_24859892_1	0.0799468596947734 Allentoft
VK61 NA18906#1#JAHEOO010000054.1_2103477_2510435_1$HG02486#2#JAGYVL010000029.1_94163344_94570162_0	0.0799458621566740 Allentoft
VK61 HG02080#1#JAHEOW010000048.1_16689583_17097287_0$HG02809.verkko_filt_pat.fa:haplotype2_0001251_103421111_103827972_0	0.0799451971520186 Allentoft
VK61 HG02300.verkko_filt_mat.fa:haplotype1_0000028_144052837_144460586_1$HG02809.verkko_filt_pat.fa:haplotype2_0001251_103421111_103827972_0	0.0799441996761503 Allentoft
VK61 HG00621#2#JAHBCC010000031.1_16669999_17077865_0$NA18906#1#JAHEOO010000054.1_2103477_2510435_1	0.0799422048364181 Allentoft
VK61 AV_HG01175#haplotype1#0000070:46006269_46414083$NA18906#1#JAHEOO010000054.1_2103477_2510435_1	0.0799415399230247 Allentoft
VK61 HG02559#1#JAGYVK010000012.1_51505852_51913611_0$NA18906#1#JAHEOO010000054.1_2103477_2510435_1	0.0799408750262221 Allentoft
VK61 HG02717#1#JAHAOS010000015.1_16660311_17067250_0$HG03579#1#JAGYVU010000029.1_91404_499180_0	0.0799405425840421 Allentoft
VK61 HG02717#1#JAHAOS010000015.1_16660311_17067250_0$HG02300.verkko_filt_pat.fa:haplotype2_0000620_143362344_143769323_1	0.0799392128567958 Allentoft
VK61 HG02630#1#JAHAOQ010000102.1_16672145_17079089_0$HG02071.verkko_filt_mat.fa:haplotype1_0000041_103610513_104018399_0	0.0799385480180557 Allentoft
VK61 HG02109#1#JAHEPG010000026.1_16673035_17080816_0$NA18906#1#JAHEOO010000054.1_2103477_2510435_1	0.0799385480180557 Allentoft
VK61 HG02080#1#JAHEOW010000048.1_16689583_17097287_0$HG02300.verkko_filt_pat.fa:haplotype2_0000620_143362344_143769323_1	0.0799385480180557 Allentoft
VK61 HG02559#1#JAGYVK010000012.1_51505852_51913611_0$HG02717#1#JAHAOS010000015.1_16660311_17067250_0	0.0799328975584241 Allentoft
VK61 HG02300.verkko_filt_mat.fa:haplotype1_0000028_144052837_144460586_1$HG02300.verkko_filt_pat.fa:haplotype2_0000620_143362344_143769323_1	0.0799328975584241 Allentoft
VK61 HG00621#2#JAHBCC010000031.1_16669999_17077865_0$HG02630#1#JAHAOQ010000102.1_16672145_17079089_0	0.0799325652157591 Allentoft
VK61 HG02717#1#JAHAOS010000015.1_16660311_17067250_0$HG02486#2#JAGYVL010000029.1_94163344_94570162_0	0.0799319005428652 Allentoft
VK61 AV_HG01175#haplotype1#0000070:46006269_46414083$HG02630#1#JAHAOQ010000102.1_16672145_17079089_0	0.0799319005428652 Allentoft
VK61 HG02630#1#JAHAOQ010000102.1_16672145_17079089_0$HG03579#1#JAGYVU010000029.1_91404_499180_0	0.0799315682126360 Allentoft
VK61 AV_HG01361#haplotype1#0000023:101593539_102001341$HG02809.verkko_filt_pat.fa:haplotype2_0001251_103421111_103827972_0	0.0799305712468190 Allentoft
VK61 HG01099.verkko_filt_mat.fa:haplotype1_0000034_142513097_142920876_1$HG02809.verkko_filt_pat.fa:haplotype2_0001251_103421111_103827972_0	0.0799302389331699 Allentoft
VK61 HG02717#1#JAHAOS010000015.1_16660311_17067250_0$HG02071.verkko_filt_mat.fa:haplotype1_0000041_103610513_104018399_0	0.0799295743183058 Allentoft
VK61 HG005#2#JAHEPN010000023.1_51542210_51950070_0$HG02486#2#JAGYVL010000029.1_94163344_94570162_0	0.0799265837565655 Allentoft
VK61 AV_HG02148#haplotype2#0002863:16304803_16712699$HG02486#2#JAGYVL010000029.1_94163344_94570162_0	0.0799255869772440 Allentoft
VK61 AV_HG00673#haplotype2#0001165:24014011_24421797$AV_HG02257#haplotype2#0001152:102843493_103251377	0.0799255869772440 Allentoft
VK61 AV_HG00673#haplotype2#0001165:24014011_24421797$HG02818#1#JAHEOS010000101.1_89626_496613_0	0.0799252547257575 Allentoft
VK61 HG03486#1#JAHEOQ010000123.1_16677696_17085575_0$HG02486#2#JAGYVL010000029.1_94163344_94570162_0	0.0799242579961583 Allentoft
VK61 HG002.verkko_filt_mat.fa:haplotype1_0000005_138228497_138636354_1$HG02809.verkko_filt_pat.fa:haplotype2_0001251_103421111_103827972_0	0.0799219324387693 Allentoft
VK61 HG02300.verkko_filt_pat.fa:haplotype2_0000620_143362344_143769323_1$HG02809.verkko_filt_pat.fa:haplotype2_0001251_103421111_103827972_0	0.0799216002328563 Allentoft
VK61 chr1_hg38_103456064_103863972_0$HG02809.verkko_filt_pat.fa:haplotype2_0001251_103421111_103827972_0	0.0799206036399723 Allentoft
VK61 chr1_hg19_103998686_104406594_0$HG02809.verkko_filt_pat.fa:haplotype2_0001251_103421111_103827972_0	0.0799206036399723 Allentoft
VK61 HG02717#1#JAHAOS010000015.1_16660311_17067250_0$HG02109#1#JAHEPG010000026.1_16673035_17080816_0	0.0799199392654278 Allentoft
VK61 HG02630#1#JAHAOQ010000102.1_16672145_17079089_0$HG02486#2#JAGYVL010000029.1_94163344_94570162_0	0.0799196070843688 Allentoft
VK61 HG03486#1#JAHEOQ010000123.1_16677696_17085575_0$NA18906#1#JAHEOO010000054.1_2103477_2510435_1	0.0799192749074518 Allentoft
VK61 HG02559#1#JAGYVK010000012.1_51505852_51913611_0$HG02630#1#JAHAOQ010000102.1_16672145_17079089_0	0.0799192749074518 Allentoft
VK61 HG02145#1#JAHKSG010000134.1_2102465_2647653_1$HG02071.verkko_filt_pat.fa:haplotype2_0000736_102745972_103248026_0	0.0799191093915562 Allentoft
VK61 HG02630#1#JAHAOQ010000102.1_16672145_17079089_0$HG01978#2#JAGYVR010000007.1_51532241_51939176_0	0.0799156212347133 Allentoft
VK61 HG00621#2#JAHBCC010000031.1_16669999_17077865_0$HG02717#1#JAHAOS010000015.1_16660311_17067250_0	0.0799156212347133 Allentoft
VK61 AV_HG01175#haplotype1#0000070:46006269_46414083$HG02717#1#JAHAOS010000015.1_16660311_17067250_0	0.0799149569844152 Allentoft
VK61 HG02559#2#JAGYVJ010000037.1_52167780_52574597_1$HG002.verkko_filt_mat.fa:haplotype1_0000005_138228497_138636354_1	0.0799146248654774 Allentoft
VK61 HG02071.verkko_filt_mat.fa:haplotype1_0000041_103610513_104018399_0$HG02809.verkko_filt_pat.fa:haplotype2_0001251_103421111_103827972_0	0.0799146248654774 Allentoft
VK61 NA18906#1#JAHEOO010000054.1_2103477_2510435_1$HG01978#2#JAGYVR010000007.1_51532241_51939176_0	0.0799139606400240 Allentoft
VK61 HG02630#1#JAHAOQ010000102.1_16672145_17079089_0$HG02109#1#JAHEPG010000026.1_16673035_17080816_0	0.0799136285335082 Allentoft
VK61 AV_HG00673#haplotype2#0001165:24014011_24421797$HG02145#2#JAHKSF010000206.1_1005292_1413195_1	0.0799136285335082 Allentoft
VK61 HG01099.verkko_filt_mat.fa:haplotype1_0000034_142513097_142920876_1$HG02300.verkko_filt_pat.fa:haplotype2_0000620_143362344_143769323_1	0.0799129643328978 Allentoft
VK61 HG02080#1#JAHEOW010000048.1_16689583_17097287_0$HG002.verkko_filt_mat.fa:haplotype1_0000005_138228497_138636354_1	0.0799123001488487 Allentoft
VK61 HG01071#1#JAHBCF010000053.1_26607100_27108065_1$HG02055#2#JAHEPJ010000017.1_24870122_25298560_1	0.0799120839113781 Allentoft
VK61 HG02559#2#JAGYVJ010000037.1_52167780_52574597_1$chr1_hg38_103456064_103863972_0	0.0799106397611765 Allentoft
VK61 HG02559#2#JAGYVJ010000037.1_52167780_52574597_1$chr1_hg19_103998686_104406594_0	0.0799106397611765 Allentoft
VK61 HG03486#1#JAHEOQ010000123.1_16677696_17085575_0$HG02630#1#JAHAOQ010000102.1_16672145_17079089_0	0.0799089794769968 Allentoft
VK61 AV_HG01175#haplotype1#0000070:46006269_46414083$HG02809.verkko_filt_pat.fa:haplotype2_0001251_103421111_103827972_0	0.0799086474325789 Allentoft
VK61 HG01928#1#JAGYVQ010000053.1_16676493_17083407_0$HG02486#2#JAGYVL010000029.1_94163344_94570162_0	0.0799043312317817 Allentoft
VK61 NA18906#1#JAHEOO010000054.1_2103477_2510435_1$HG005#2#JAHEPN010000023.1_51542210_51950070_0	0.0799036672629655 Allentoft
VK61 NA18906#1#JAHEOO010000054.1_2103477_2510435_1$HG02809.verkko_filt_pat.fa:haplotype2_0001251_103421111_103827972_0	0.0799033352847643 Allentoft
VK61 HG03486#2#JAHEOP010000248.1_2105565_2584784_1$HG01358#1#JAGYZB010000020.1_27445742_27855492_1	0.0799021607923724 Allentoft
VK61 AV_HG01361#haplotype1#0000023:101593539_102001341$HG02300.verkko_filt_pat.fa:haplotype2_0000620_143362344_143769323_1	0.0799020074133366 Allentoft
VK61 HG02300.verkko_filt_mat.fa:haplotype1_0000028_144052837_144460586_1$HG002.verkko_filt_mat.fa:haplotype1_0000005_138228497_138636354_1	0.0799013435024478 Allentoft
VK61 HG01109#1#JAHEPA010000099.1_2104245_2511104_1$HG03453#1#JAGYVW010000157.1_2105722_2585000_1	0.0799005533653268 Allentoft
VK61 HG02080#1#JAHEOW010000048.1_16689583_17097287_0$chr1_hg38_103456064_103863972_0	0.0799003476671442 Allentoft
VK61 HG02080#1#JAHEOW010000048.1_16689583_17097287_0$chr1_hg19_103998686_104406594_0	0.0799003476671442 Allentoft
VK61 HG01071#1#JAHBCF010000053.1_26607100_27108065_1$HG02723#2#JAHEOT010000034.1_19776337_20321518_1	0.0798997977986758 Allentoft
VK61 HG02559#2#JAGYVJ010000037.1_52167780_52574597_1$HG02300.verkko_filt_pat.fa:haplotype2_0000620_143362344_143769323_1	0.0798996837976271 Allentoft
VK61 HG01071#1#JAHBCF010000053.1_26607100_27108065_1$HG03098#1#JAHEPM010000059.1_16676208_17105596_0	0.0798994551729251 Allentoft
VK61 chr1_hg38_103456064_103863972_0$HG02300.verkko_filt_mat.fa:haplotype1_0000028_144052837_144460586_1	0.0798993518690738 Allentoft
VK61 chr1_hg19_103998686_104406594_0$HG02300.verkko_filt_mat.fa:haplotype1_0000028_144052837_144460586_1	0.0798993518690738 Allentoft
VK61 HG02071.verkko_filt_mat.fa:haplotype1_0000041_103610513_104018399_0$HG02300.verkko_filt_mat.fa:haplotype1_0000028_144052837_144460586_1	0.0798993518690738 Allentoft
VK61 HG02486#2#JAGYVL010000029.1_94163344_94570162_0$HG02004.verkko_filt_mat.fa:haplotype1_0000022_97828542_98235483_0	0.0798990199446574 Allentoft
VK61 HG02080#1#JAHEOW010000048.1_16689583_17097287_0$HG02071.verkko_filt_mat.fa:haplotype1_0000041_103610513_104018399_0	0.0798990199446574 Allentoft
VK61 HG00621#2#JAHBCC010000031.1_16669999_17077865_0$HG02809.verkko_filt_pat.fa:haplotype2_0001251_103421111_103827972_0	0.0798986880243776 Allentoft
VK61 AV_HG02148#haplotype2#0002863:16304803_16712699$HG02630#1#JAHAOQ010000102.1_16672145_17079089_0	0.0798976922883576 Allentoft
VK61 AV_HG02148#haplotype2#0002863:16304803_16712699$NA18906#1#JAHEOO010000054.1_2103477_2510435_1	0.0798973603846237 Allentoft
VK61 HG00741#1#JAHALY010000007.1_18781197_19307680_1$NA18906#1#JAHEOO010000054.1_2103477_2510435_1	0.0798959739600980 Allentoft
VK61 HG02109#1#JAHEPG010000026.1_16673035_17080816_0$HG02300.verkko_filt_mat.fa:haplotype1_0000028_144052837_144460586_1	0.0798950371742970 Allentoft
VK61 HG02080#1#JAHEOW010000048.1_16689583_17097287_0$HG01978#2#JAGYVR010000007.1_51532241_51939176_0	0.0798947053036508 Allentoft
VK61 HG02630#1#JAHAOQ010000102.1_16672145_17079089_0$HG005#2#JAHEPN010000023.1_51542210_51950070_0	0.0798940415747650 Allentoft
VK61 HG03486#1#JAHEOQ010000123.1_16677696_17085575_0$HG02717#1#JAHAOS010000015.1_16660311_17067250_0	0.0798933778624208 Allentoft
VK61 NA18906#1#JAHEOO010000054.1_2103477_2510435_1$HG03927.verkko_filt_mat.fa:haplotype1_0000009_134765170_135173010_1	0.0798930460124516 Allentoft
VK61 HG02559#2#JAGYVJ010000037.1_52167780_52574597_1$HG02071.verkko_filt_mat.fa:haplotype1_0000041_103610513_104018399_0	0.0798927141666175 Allentoft
VK61 HG02080#1#JAHEOW010000048.1_16689583_17097287_0$HG02109#1#JAHEPG010000026.1_16673035_17080816_0	0.0798920504873545 Allentoft
VK61 HG02717#1#JAHAOS010000015.1_16660311_17067250_0$HG01978#2#JAGYVR010000007.1_51532241_51939176_0	0.0798913868246310 Allentoft
VK61 HG01978#2#JAGYVR010000007.1_51532241_51939176_0$HG02300.verkko_filt_mat.fa:haplotype1_0000028_144052837_144460586_1	0.0798903913615558 Allentoft
VK61 HG02717#1#JAHAOS010000015.1_16660311_17067250_0$HG02809.verkko_filt_pat.fa:haplotype2_0001251_103421111_103827972_0	0.0798867416486157 Allentoft
VK61 NA18906#1#JAHEOO010000054.1_2103477_2510435_1$NA19240#1#JAHEOM010000047.1_30103390_30511199_1	0.0798864098813330 Allentoft
VK61 NA18906#2#JAHEON010000009.1_93748295_94249275_0$HG02647.verkko_filt_mat.fa:haplotype1_0000002_103892584_104321036_0	0.0798851965750266 Allentoft
VK61 HG02630#1#JAHAOQ010000102.1_16672145_17079089_0$HG02809.verkko_filt_pat.fa:haplotype2_0001251_103421111_103827972_0	0.0798850828535356 Allentoft
VK61 HG02559#2#JAGYVJ010000037.1_52167780_52574597_1$NA18906#1#JAHEOO010000054.1_2103477_2510435_1	0.0798847511069192 Allentoft
VK61 HG02145#2#JAHKSF010000206.1_1005292_1413195_1$HG02300.verkko_filt_pat.fa:haplotype2_0000620_143362344_143769323_1	0.0798847511069192 Allentoft
VK61 HG01928#1#JAGYVQ010000053.1_16676493_17083407_0$NA18906#1#JAHEOO010000054.1_2103477_2510435_1	0.0798847511069192 Allentoft
VK61 HG01099.verkko_filt_mat.fa:haplotype1_0000034_142513097_142920876_1$HG002.verkko_filt_mat.fa:haplotype1_0000005_138228497_138636354_1	0.0798847511069192 Allentoft
VK61 HG00621#2#JAHBCC010000031.1_16669999_17077865_0$HG02559#2#JAGYVJ010000037.1_52167780_52574597_1	0.0798847511069192 Allentoft
VK61 AV_HG01361#haplotype1#0000023:101593539_102001341$chr1_hg38_103456064_103863972_0	0.0798844193644358 Allentoft
VK61 AV_HG01361#haplotype1#0000023:101593539_102001341$chr1_hg19_103998686_104406594_0	0.0798844193644358 Allentoft
VK61 HG03453#2#JAGYVV010000088.1_22597550_23005370_1$HG02486#2#JAGYVL010000029.1_94163344_94570162_0	0.0798840876260853 Allentoft
VK61 HG02071.verkko_filt_mat.fa:haplotype1_0000041_103610513_104018399_0$HG01099.verkko_filt_mat.fa:haplotype1_0000034_142513097_142920876_1	0.0798840876260853 Allentoft
VK61 AV_HG00673#haplotype2#0001165:24014011_24421797$HG02809.verkko_filt_pat.fa:haplotype2_0001251_103421111_103827972_0	0.0798840876260853 Allentoft
VK61 chr1_hg38_103456064_103863972_0$HG01099.verkko_filt_mat.fa:haplotype1_0000034_142513097_142920876_1	0.0798834241617826 Allentoft
VK61 chr1_hg19_103998686_104406594_0$HG01099.verkko_filt_mat.fa:haplotype1_0000034_142513097_142920876_1	0.0798834241617826 Allentoft
VK61 AV_HG01361#haplotype1#0000023:101593539_102001341$HG002.verkko_filt_mat.fa:haplotype1_0000005_138228497_138636354_1	0.0798824289963233 Allentoft
VK61 HG02109#1#JAHEPG010000026.1_16673035_17080816_0$HG02300.verkko_filt_pat.fa:haplotype2_0000620_143362344_143769323_1	0.0798817655733459 Allentoft
VK61 HG02818#2#JAHEOR010000010.1_31775319_32183091_1$NA18906#1#JAHEOO010000054.1_2103477_2510435_1	0.0798814338680556 Allentoft
VK61 HG02717#1#JAHAOS010000015.1_16660311_17067250_0$HG03927.verkko_filt_mat.fa:haplotype1_0000009_134765170_135173010_1	0.0798804387769771 Allentoft
VK61 HG00741#1#JAHALY010000007.1_18781197_19307680_1$HG02630#1#JAHAOQ010000102.1_16672145_17079089_0	0.0798795279056618 Allentoft
VK61 AV_HG01361#haplotype1#0000023:101593539_102001341$HG01978#2#JAGYVR010000007.1_51532241_51939176_0	0.0798781170424058 Allentoft
VK61 HG02109#1#JAHEPG010000026.1_16673035_17080816_0$HG01099.verkko_filt_mat.fa:haplotype1_0000034_142513097_142920876_1	0.0798777853825643 Allentoft
VK61 HG02080#1#JAHEOW010000048.1_16689583_17097287_0$HG00621#2#JAHBCC010000031.1_16669999_17077865_0	0.0798777853825643 Allentoft
VK61 HG02717#1#JAHAOS010000015.1_16660311_17067250_0$HG005#2#JAHEPN010000023.1_51542210_51950070_0	0.0798751322525478 Allentoft
VK61 AV_HG01361#haplotype1#0000023:101593539_102001341$HG02071.verkko_filt_mat.fa:haplotype1_0000041_103610513_104018399_0	0.0798751322525478 Allentoft
VK61 HG02630#1#JAHAOQ010000102.1_16672145_17079089_0$HG03927.verkko_filt_mat.fa:haplotype1_0000009_134765170_135173010_1	0.0798748006298840 Allentoft
VK61 AV_HG02148#haplotype2#0002863:16304803_16712699$HG02717#1#JAHAOS010000015.1_16660311_17067250_0	0.0798748006298840 Allentoft
VK61 HG01978#2#JAGYVR010000007.1_51532241_51939176_0$HG01099.verkko_filt_mat.fa:haplotype1_0000034_142513097_142920876_1	0.0798744690113505 Allentoft
VK61 HG02145#2#JAHKSF010000206.1_1005292_1413195_1$chr1_hg38_103456064_103863972_0	0.0798738057866746 Allentoft
VK61 HG02145#2#JAHKSF010000206.1_1005292_1413195_1$chr1_hg19_103998686_104406594_0	0.0798738057866746 Allentoft
VK61 HG00621#2#JAHBCC010000031.1_16669999_17077865_0$HG02300.verkko_filt_mat.fa:haplotype1_0000028_144052837_144460586_1	0.0798734741805319 Allentoft
VK61 HG02717#1#JAHAOS010000015.1_16660311_17067250_0$NA19240#1#JAHEOM010000047.1_30103390_30511199_1	0.0798731425785193 Allentoft
VK61 HG00741#1#JAHALY010000007.1_18781197_19307680_1$HG02717#1#JAHAOS010000015.1_16660311_17067250_0	0.0798728134238020 Allentoft
VK61 AV_HG02257#haplotype2#0001152:102843493_103251377$HG02486#2#JAGYVL010000029.1_94163344_94570162_0	0.0798728109806366 Allentoft
VK61 HG02630#1#JAHAOQ010000102.1_16672145_17079089_0$HG01928#1#JAGYVQ010000053.1_16676493_17083407_0	0.0798724793868839 Allentoft
VK61 AV_HG01175#haplotype1#0000070:46006269_46414083$AV_HG01361#haplotype1#0000023:101593539_102001341	0.0798724793868839 Allentoft
VK61 chr1_hg38_103456064_103863972_0$HG02109#1#JAHEPG010000026.1_16673035_17080816_0	0.0798714846304044 Allentoft
VK61 chr1_hg19_103998686_104406594_0$HG02109#1#JAHEPG010000026.1_16673035_17080816_0	0.0798714846304044 Allentoft
VK61 HG03453#2#JAGYVV010000088.1_22597550_23005370_1$NA18906#1#JAHEOO010000054.1_2103477_2510435_1	0.0798711530531704 Allentoft
VK61 AV_HG01175#haplotype1#0000070:46006269_46414083$HG02080#1#JAHEOW010000048.1_16689583_17097287_0	0.0798711530531704 Allentoft
VK61 HG02818#2#JAHEOR010000010.1_31775319_32183091_1$HG02717#1#JAHAOS010000015.1_16660311_17067250_0	0.0798708214800660 Allentoft
VK61 AV_HG01175#haplotype1#0000070:46006269_46414083$HG01099.verkko_filt_mat.fa:haplotype1_0000034_142513097_142920876_1	0.0798708214800660 Allentoft
VK61 NA18906#1#JAHEOO010000054.1_2103477_2510435_1$HG02004.verkko_filt_mat.fa:haplotype1_0000022_97828542_98235483_0	0.0798701583462452 Allentoft
VK61 HG02145#2#JAHKSF010000206.1_1005292_1413195_1$HG02486#2#JAGYVL010000029.1_94163344_94570162_0	0.0798701583462452 Allentoft
VK61 HG02630#1#JAHAOQ010000102.1_16672145_17079089_0$HG02004.verkko_filt_mat.fa:haplotype1_0000022_97828542_98235483_0	0.0798691636764829 Allentoft
VK61 AV_HG01175#haplotype1#0000070:46006269_46414083$HG02300.verkko_filt_mat.fa:haplotype1_0000028_144052837_144460586_1	0.0798675059761239 Allentoft
VK61 HG03486#1#JAHEOQ010000123.1_16677696_17085575_0$HG02809.verkko_filt_pat.fa:haplotype2_0001251_103421111_103827972_0	0.0798671744484381 Allentoft
VK61 AV_HG02148#haplotype2#0002863:16304803_16712699$HG02809.verkko_filt_pat.fa:haplotype2_0001251_103421111_103827972_0	0.0798665114054517 Allentoft
VK61 chr1_hg38_103456064_103863972_0$HG02818#1#JAHEOS010000101.1_89626_496613_0	0.0798661798901509 Allentoft
VK61 chr1_hg19_103998686_104406594_0$HG02818#1#JAHEOS010000101.1_89626_496613_0	0.0798661798901509 Allentoft
VK61 HG01978#2#JAGYVR010000007.1_51532241_51939176_0$HG02809.verkko_filt_pat.fa:haplotype2_0001251_103421111_103827972_0	0.0798651853690175 Allentoft
VK61 HG02080#1#JAHEOW010000048.1_16689583_17097287_0$HG02622#1#JAHAOO010000002.1_16673678_17080663_0	0.0798645223755684 Allentoft
VK61 HG02630#1#JAHAOQ010000102.1_16672145_17079089_0$HG03453#2#JAGYVV010000088.1_22597550_23005370_1	0.0798641908850356 Allentoft
VK61 HG02109#1#JAHEPG010000026.1_16673035_17080816_0$HG002.verkko_filt_mat.fa:haplotype1_0000005_138228497_138636354_1	0.0798641908850356 Allentoft
VK61 HG02145#2#JAHKSF010000206.1_1005292_1413195_1$HG002.verkko_filt_mat.fa:haplotype1_0000005_138228497_138636354_1	0.0798631964382027 Allentoft
VK61 HG02630#1#JAHAOQ010000102.1_16672145_17079089_0$NA19240#1#JAHEOM010000047.1_30103390_30511199_1	0.0798628649641800 Allentoft
VK61 HG01071#1#JAHBCF010000053.1_26607100_27108065_1$HG02809.verkko_filt_mat.fa:haplotype1_0000023_94161320_94589755_0	0.0798627722663478 Allentoft
VK61 AV_HG02257#haplotype2#0001152:102843493_103251377$HG02300.verkko_filt_pat.fa:haplotype2_0000620_143362344_143769323_1	0.0798615391093619 Allentoft
VK61 HG03486#1#JAHEOQ010000123.1_16677696_17085575_0$HG02300.verkko_filt_mat.fa:haplotype1_0000028_144052837_144460586_1	0.0798612076559751 Allentoft
VK61 HG02080#1#JAHEOW010000048.1_16689583_17097287_0$HG03486#1#JAHEOQ010000123.1_16677696_17085575_0	0.0798608762067152 Allentoft
VK61 AV_HG02257#haplotype2#0001152:102843493_103251377$HG03516#2#JAGYYS010000004.1_24452130_24859892_1	0.0798608762067152 Allentoft
VK61 AV_HG01106#haplotype2#0000932:16673968_17175925$HG01891#1#JAGYVO010000014.1_22855818_23168577_1	0.0798602133205757 Allentoft
VK61 AV_HG01175#haplotype1#0000070:46006269_46414083$HG02559#2#JAGYVJ010000037.1_52167780_52574597_1	0.0798595504509429 Allentoft
VK61 HG02717#1#JAHAOS010000015.1_16660311_17067250_0$HG02559#2#JAGYVJ010000037.1_52167780_52574597_1	0.0798588875978159 Allentoft
VK61 AV_HG01361#haplotype1#0000023:101593539_102001341$HG02109#1#JAHEPG010000026.1_16673035_17080816_0	0.0798588875978159 Allentoft
VK61 AV_HG02148#haplotype2#0002863:16304803_16712699$HG02080#1#JAHEOW010000048.1_16689583_17097287_0	0.0798582247611942 Allentoft
VK61 HG02622#1#JAHAOO010000002.1_16673678_17080663_0$HG02300.verkko_filt_mat.fa:haplotype1_0000028_144052837_144460586_1	0.0798575619410771 Allentoft
VK61 HG02109#1#JAHEPG010000026.1_16673035_17080816_0$HG02071.verkko_filt_mat.fa:haplotype1_0000041_103610513_104018399_0	0.0798575619410771 Allentoft
VK61 AV_HG01175#haplotype1#0000070:46006269_46414083$HG02109#1#JAHEPG010000026.1_16673035_17080816_0	0.0798568991374638 Allentoft
VK61 HG02630#1#JAHAOQ010000102.1_16672145_17079089_0$HG02559#2#JAGYVJ010000037.1_52167780_52574597_1	0.0798565677418459 Allentoft
VK61 HG02559#2#JAGYVJ010000037.1_52167780_52574597_1$HG01978#2#JAGYVR010000007.1_51532241_51939176_0	0.0798565677418459 Allentoft
VK61 HG02818#1#JAHEOS010000101.1_89626_496613_0$HG002.verkko_filt_mat.fa:haplotype1_0000005_138228497_138636354_1	0.0798562363503538 Allentoft
VK61 HG02145#2#JAHKSF010000206.1_1005292_1413195_1$HG01978#2#JAGYVR010000007.1_51532241_51939176_0	0.0798562363503538 Allentoft
VK61 HG02818#2#JAHEOR010000010.1_31775319_32183091_1$HG02630#1#JAHAOQ010000102.1_16672145_17079089_0	0.0798559049629872 Allentoft
VK61 HG02109#1#JAHEPG010000026.1_16673035_17080816_0$HG01978#2#JAGYVR010000007.1_51532241_51939176_0	0.0798559049629872 Allentoft
VK61 HG03486#1#JAHEOQ010000123.1_16677696_17085575_0$HG02559#2#JAGYVJ010000037.1_52167780_52574597_1	0.0798552422006306 Allentoft
VK61 AV_HG02148#haplotype2#0002863:16304803_16712699$HG02300.verkko_filt_mat.fa:haplotype1_0000028_144052837_144460586_1	0.0798552422006306 Allentoft
VK61 AV_HG01106#haplotype2#0000932:16673968_17175925$HG02109#2#JAHEPF010000078.1_16678387_16991144_0	0.0798535853669316 Allentoft
VK61 HG00621#2#JAHBCC010000031.1_16669999_17077865_0$HG01099.verkko_filt_mat.fa:haplotype1_0000034_142513097_142920876_1	0.0798522599742218 Allentoft
VK61 HG02717#1#JAHAOS010000015.1_16660311_17067250_0$HG03453#2#JAGYVV010000088.1_22597550_23005370_1	0.0798519286363560 Allentoft
VK61 HG01928#1#JAGYVQ010000053.1_16676493_17083407_0$HG02300.verkko_filt_mat.fa:haplotype1_0000028_144052837_144460586_1	0.0798519286363560 Allentoft
VK61 HG02080#1#JAHEOW010000048.1_16689583_17097287_0$HG02004.verkko_filt_mat.fa:haplotype1_0000022_97828542_98235483_0	0.0798515973026148 Allentoft
VK61 HG01978#1#JAGYVS010000002.1_51519970_52021951_0$HG01891#1#JAGYVO010000014.1_22855818_23168577_1	0.0798515973026148 Allentoft
VK61 AV_HG01106#haplotype2#0000932:16673968_17175925$HG02647.verkko_filt_pat.fa:haplotype2_0000857_103738150_104051769_0	0.0798512659729980 Allentoft
VK61 HG02080#1#JAHEOW010000048.1_16689583_17097287_0$HG01928#1#JAGYVQ010000053.1_16676493_17083407_0	0.0798502720088933 Allentoft
VK61 HG02109#1#JAHEPG010000026.1_16673035_17080816_0$HG02486#2#JAGYVL010000029.1_94163344_94570162_0	0.0798499406957733 Allentoft
VK61 AV_HG02257#haplotype2#0001152:102843493_103251377$HG002.verkko_filt_mat.fa:haplotype1_0000005_138228497_138636354_1	0.0798499406957733 Allentoft
VK61 AV_HG00673#haplotype2#0001165:24014011_24421797$HG02300.verkko_filt_pat.fa:haplotype2_0000620_143362344_143769323_1	0.0798489467811571 Allentoft
VK61 HG02818#1#JAHEOS010000101.1_89626_496613_0$HG02300.verkko_filt_pat.fa:haplotype2_0000620_143362344_143769323_1	0.0798479529036546 Allentoft
VK61 HG01978#1#JAGYVS010000002.1_51519970_52021951_0$HG02109#2#JAHEPF010000078.1_16678387_16991144_0	0.0798476216194009 Allentoft
VK61 HG03516#2#JAGYYS010000004.1_24452130_24859892_1$HG02809.verkko_filt_pat.fa:haplotype2_0001251_103421111_103827972_0	0.0798472903392705 Allentoft
VK61 HG02622#1#JAHAOO010000002.1_16673678_17080663_0$HG01099.verkko_filt_mat.fa:haplotype1_0000034_142513097_142920876_1	0.0798469590632635 Allentoft
VK61 AV_HG02257#haplotype2#0001152:102843493_103251377$chr1_hg38_103456064_103863972_0	0.0798466277913796 Allentoft
VK61 AV_HG02257#haplotype2#0001152:102843493_103251377$chr1_hg19_103998686_104406594_0	0.0798466277913796 Allentoft
VK61 HG02145#2#JAHKSF010000206.1_1005292_1413195_1$HG03516#2#JAGYYS010000004.1_24452130_24859892_1	0.0798462965236190 Allentoft
VK61 HG005#2#JAHEPN010000023.1_51542210_51950070_0$HG02809.verkko_filt_pat.fa:haplotype2_0001251_103421111_103827972_0	0.0798462965236190 Allentoft
VK61 HG02004.verkko_filt_mat.fa:haplotype1_0000022_97828542_98235483_0$HG02300.verkko_filt_mat.fa:haplotype1_0000028_144052837_144460586_1	0.0798453027450750 Allentoft
VK61 AV_HG00673#haplotype2#0001165:24014011_24421797$HG002.verkko_filt_mat.fa:haplotype1_0000005_138228497_138636354_1	0.0798453027450750 Allentoft
VK61 HG03453#1#JAGYVW010000157.1_2105722_2585000_1$HG01358#1#JAGYZB010000020.1_27445742_27855492_1	0.0798449148306888 Allentoft
VK61 HG01928#1#JAGYVQ010000053.1_16676493_17083407_0$HG01099.verkko_filt_mat.fa:haplotype1_0000034_142513097_142920876_1	0.0798446402466598 Allentoft
VK61 AV_HG02257#haplotype2#0001152:102843493_103251377$HG03579#1#JAGYVU010000029.1_91404_499180_0	0.0798443090036362 Allentoft
VK61 HG02717#1#JAHAOS010000015.1_16660311_17067250_0$HG01928#1#JAGYVQ010000053.1_16676493_17083407_0	0.0798436465299565 Allentoft
VK61 HG03486#1#JAHEOQ010000123.1_16677696_17085575_0$HG01099.verkko_filt_mat.fa:haplotype1_0000034_142513097_142920876_1	0.0798433152993003 Allentoft
VK61 HG01978#1#JAGYVS010000002.1_51519970_52021951_0$HG02647.verkko_filt_pat.fa:haplotype2_0000857_103738150_104051769_0	0.0798433152993003 Allentoft
VK61 AV_HG01175#haplotype1#0000070:46006269_46414083$HG02145#2#JAHKSF010000206.1_1005292_1413195_1	0.0798426528503546 Allentoft
VK61 HG03516#2#JAGYYS010000004.1_24452130_24859892_1$HG02818#1#JAHEOS010000101.1_89626_496613_0	0.0798419904178974 Allentoft
VK61 chr1_hg19_103998686_104406594_0$HG01123#1#JAGYYZ010000015.1_51528240_51935090_0	0.0798409968001259 Allentoft
VK61 HG02717#1#JAHAOS010000015.1_16660311_17067250_0$HG02004.verkko_filt_mat.fa:haplotype1_0000022_97828542_98235483_0	0.0798409968001259 Allentoft
VK61 HG01123#1#JAGYYZ010000015.1_51528240_51935090_0$chr1_hg38_103456064_103863972_0	0.0798409968001259 Allentoft
VK61 HG005#2#JAHEPN010000023.1_51542210_51950070_0$HG02300.verkko_filt_mat.fa:haplotype1_0000028_144052837_144460586_1	0.0798409968001259 Allentoft
VK61 HG02145#2#JAHKSF010000206.1_1005292_1413195_1$HG02071.verkko_filt_mat.fa:haplotype1_0000041_103610513_104018399_0	0.0798406656024456 Allentoft
VK61 AV_HG01106#haplotype2#0000932:16673968_17175925$HG03579#2#JAGYVT010000094.1_51581892_51895531_0	0.0798406656024456 Allentoft
VK61 HG02080#1#JAHEOW010000048.1_16689583_17097287_0$HG01123#1#JAGYYZ010000015.1_51528240_51935090_0	0.0798403344088869 Allentoft
VK61 HG02080#1#JAHEOW010000048.1_16689583_17097287_0$HG005#2#JAHEPN010000023.1_51542210_51950070_0	0.0798386785029144 Allentoft
VK61 AV_HG02148#haplotype2#0002863:16304803_16712699$HG01099.verkko_filt_mat.fa:haplotype1_0000034_142513097_142920876_1	0.0798386785029144 Allentoft
VK61 HG01123#1#JAGYYZ010000015.1_51528240_51935090_0$HG002.verkko_filt_mat.fa:haplotype1_0000005_138228497_138636354_1	0.0798376850087847 Allentoft
VK61 AV_HG01361#haplotype1#0000023:101593539_102001341$HG02559#2#JAGYVJ010000037.1_52167780_52574597_1	0.0798370226999692 Allentoft
VK61 AV_HG01361#haplotype1#0000023:101593539_102001341$HG00621#2#JAHBCC010000031.1_16669999_17077865_0	0.0798366915517424 Allentoft
VK61 AV_HG00673#haplotype2#0001165:24014011_24421797$HG02071.verkko_filt_mat.fa:haplotype1_0000041_103610513_104018399_0	0.0798360292676507 Allentoft
VK61 AV_HG01361#haplotype1#0000023:101593539_102001341$HG02004.verkko_filt_mat.fa:haplotype1_0000022_97828542_98235483_0	0.0798356981317855 Allentoft
VK61 AV_HG01361#haplotype1#0000023:101593539_102001341$HG01928#1#JAGYVQ010000053.1_16676493_17083407_0	0.0798343736295269 Allentoft
VK61 AV_HG02148#haplotype2#0002863:16304803_16712699$HG02559#2#JAGYVJ010000037.1_52167780_52574597_1	0.0798340425142624 Allentoft
VK61 AV_HG00673#haplotype2#0001165:24014011_24421797$AV_HG01175#haplotype1#0000070:46006269_46414083	0.0798340425142624 Allentoft
VK61 AV_HG01175#haplotype1#0000070:46006269_46414083$HG02818#1#JAHEOS010000101.1_89626_496613_0	0.0798330491931880 Allentoft
VK61 HG02559#2#JAGYVJ010000037.1_52167780_52574597_1$HG005#2#JAHEPN010000023.1_51542210_51950070_0	0.0798317248227633 Allentoft
VK61 HG02559#2#JAGYVJ010000037.1_52167780_52574597_1$HG03516#2#JAGYYS010000004.1_24452130_24859892_1	0.0798313937404556 Allentoft
VK61 HG02486#2#JAGYVL010000029.1_94163344_94570162_0$HG02818#1#JAHEOS010000101.1_89626_496613_0	0.0798313937404556 Allentoft
VK61 HG01123#1#JAGYYZ010000015.1_51528240_51935090_0$HG02300.verkko_filt_mat.fa:haplotype1_0000028_144052837_144460586_1	0.0798313937404556 Allentoft
VK61 AV_HG01361#haplotype1#0000023:101593539_102001341$HG02622#1#JAHAOO010000002.1_16673678_17080663_0	0.0798313937404556 Allentoft
VK61 HG03579#2#JAGYVT010000094.1_51581892_51895531_0$HG01978#1#JAGYVS010000002.1_51519970_52021951_0	0.0798300694524160 Allentoft
VK61 HG01928#1#JAGYVQ010000053.1_16676493_17083407_0$HG02809.verkko_filt_pat.fa:haplotype2_0001251_103421111_103827972_0	0.0798300694524160 Allentoft
VK61 HG02004.verkko_filt_mat.fa:haplotype1_0000022_97828542_98235483_0$HG01099.verkko_filt_mat.fa:haplotype1_0000034_142513097_142920876_1	0.0798294073331098 Allentoft
VK61 AV_HG02257#haplotype2#0001152:102843493_103251377$HG02559#1#JAGYVK010000012.1_51505852_51913611_0	0.0798294073331098 Allentoft
VK61 HG02559#2#JAGYVJ010000037.1_52167780_52574597_1$HG01099.verkko_filt_mat.fa:haplotype1_0000034_142513097_142920876_1	0.0798287452302784 Allentoft
VK61 HG01123#1#JAGYYZ010000015.1_51528240_51935090_0$HG01099.verkko_filt_mat.fa:haplotype1_0000034_142513097_142920876_1	0.0798287452302784 Allentoft
VK61 HG02818#1#JAHEOS010000101.1_89626_496613_0$HG02071.verkko_filt_mat.fa:haplotype1_0000041_103610513_104018399_0	0.0798284141850405 Allentoft
VK61 AV_HG01361#haplotype1#0000023:101593539_102001341$HG03486#1#JAHEOQ010000123.1_16677696_17085575_0	0.0798284141850405 Allentoft
VK61 HG03579#1#JAGYVU010000029.1_91404_499180_0$HG02809.verkko_filt_pat.fa:haplotype2_0001251_103421111_103827972_0	0.0798280831439211 Allentoft
VK61 HG02717#2#JAHAOR010000006.1_19663827_20070693_1$HG002.verkko_filt_mat.fa:haplotype1_0000005_138228497_138636354_1	0.0798277521069200 Allentoft
VK61 HG00621#2#JAHBCC010000031.1_16669999_17077865_0$HG02818#1#JAHEOS010000101.1_89626_496613_0	0.0798277521069200 Allentoft
VK61 HG00621#2#JAHBCC010000031.1_16669999_17077865_0$HG02109#1#JAHEPG010000026.1_16673035_17080816_0	0.0798277521069200 Allentoft
VK61 HG02818#1#JAHEOS010000101.1_89626_496613_0$HG03579#1#JAGYVU010000029.1_91404_499180_0	0.0798274210740372 Allentoft
VK61 HG02486#2#JAGYVL010000029.1_94163344_94570162_0$HG02809.verkko_filt_pat.fa:haplotype2_0001251_103421111_103827972_0	0.0798267590206260 Allentoft
VK61 HG00621#2#JAHBCC010000031.1_16669999_17077865_0$HG02145#2#JAHKSF010000206.1_1005292_1413195_1	0.0798267590206260 Allentoft
VK61 HG02145#2#JAHKSF010000206.1_1005292_1413195_1$HG03579#1#JAGYVU010000029.1_91404_499180_0	0.0798264280000975 Allentoft
VK61 AV_HG01361#haplotype1#0000023:101593539_102001341$AV_HG02148#haplotype2#0002863:16304803_16712699	0.0798264280000975 Allentoft
VK61 HG02055#2#JAHEPJ010000017.1_24870122_25298560_1$NA18906#2#JAHEON010000009.1_93748295_94249275_0	0.0798261398382581 Allentoft
VK61 AV_HG00673#haplotype2#0001165:24014011_24421797$chr1_hg38_103456064_103863972_0	0.0798260969836870 Allentoft
VK61 AV_HG00673#haplotype2#0001165:24014011_24421797$chr1_hg19_103998686_104406594_0	0.0798260969836870 Allentoft
VK61 chr1_hg38_103456064_103863972_0$HG02717#2#JAHAOR010000006.1_19663827_20070693_1	0.0798257659713942 Allentoft
VK61 chr1_hg19_103998686_104406594_0$HG02717#2#JAHAOR010000006.1_19663827_20070693_1	0.0798257659713942 Allentoft
VK61 HG02559#2#JAGYVJ010000037.1_52167780_52574597_1$HG02300.verkko_filt_mat.fa:haplotype1_0000028_144052837_144460586_1	0.0798254349632192 Allentoft
VK61 HG02145#2#JAHKSF010000206.1_1005292_1413195_1$HG02809.verkko_filt_pat.fa:haplotype2_0001251_103421111_103827972_0	0.0798251039591620 Allentoft
VK61 HG02080#1#JAHEOW010000048.1_16689583_17097287_0$HG02717#2#JAHAOR010000006.1_19663827_20070693_1	0.0798251039591620 Allentoft
VK61 AV_HG02257#haplotype2#0001152:102843493_103251377$HG02109#1#JAHEPG010000026.1_16673035_17080816_0	0.0798251039591620 Allentoft
VK61 HG02559#2#JAGYVJ010000037.1_52167780_52574597_1$HG03579#1#JAGYVU010000029.1_91404_499180_0	0.0798241109716953 Allentoft
VK61 HG005#2#JAHEPN010000023.1_51542210_51950070_0$HG01099.verkko_filt_mat.fa:haplotype1_0000034_142513097_142920876_1	0.0798237799841078 Allentoft
VK61 AV_HG00673#haplotype2#0001165:24014011_24421797$HG02109#1#JAHEPG010000026.1_16673035_17080816_0	0.0798237799841078 Allentoft
VK61 HG03516#2#JAGYYS010000004.1_24452130_24859892_1$HG02486#2#JAGYVL010000029.1_94163344_94570162_0	0.0798234490006376 Allentoft
VK61 HG02004.verkko_filt_mat.fa:haplotype1_0000022_97828542_98235483_0$HG02809.verkko_filt_pat.fa:haplotype2_0001251_103421111_103827972_0	0.0798234490006376 Allentoft
VK61 AV_HG01361#haplotype1#0000023:101593539_102001341$HG005#2#JAHEPN010000023.1_51542210_51950070_0	0.0798227870460486 Allentoft
VK61 HG02559#1#JAGYVK010000012.1_51505852_51913611_0$HG02145#2#JAHKSF010000206.1_1005292_1413195_1	0.0798221251079276 Allentoft
VK61 HG01123#1#JAGYYZ010000015.1_51528240_51935090_0$HG02300.verkko_filt_pat.fa:haplotype2_0000620_143362344_143769323_1	0.0798214631862738 Allentoft
VK61 AV_HG01175#haplotype1#0000070:46006269_46414083$AV_HG02257#haplotype2#0001152:102843493_103251377	0.0798214631862738 Allentoft
VK61 HG03098#1#JAHEPM010000059.1_16676208_17105596_0$NA18906#2#JAHEON010000009.1_93748295_94249275_0	0.0798210106574776 Allentoft
VK61 HG02630#2#JAHAOP010000089.1_16669255_17076135_0$HG00438#1#JAHBCB010000015.1_33474867_33954171_0	0.0798208153853305 Allentoft
VK61 HG02717#2#JAHAOR010000006.1_19663827_20070693_1$HG02300.verkko_filt_mat.fa:haplotype1_0000028_144052837_144460586_1	0.0798208012810866 Allentoft
VK61 HG02723#2#JAHEOT010000034.1_19776337_20321518_1$NA18906#2#JAHEON010000009.1_93748295_94249275_0	0.0798206941764428 Allentoft
VK61 HG01123#1#JAGYYZ010000015.1_51528240_51935090_0$HG02071.verkko_filt_mat.fa:haplotype1_0000041_103610513_104018399_0	0.0798204703346678 Allentoft
VK61 HG02080#1#JAHEOW010000048.1_16689583_17097287_0$HG02559#2#JAGYVJ010000037.1_52167780_52574597_1	0.0798198084541793 Allentoft
VK61 AV_HG02257#haplotype2#0001152:102843493_103251377$HG00621#2#JAHBCC010000031.1_16669999_17077865_0	0.0798194775201094 Allentoft
VK61 HG02559#1#JAGYVK010000012.1_51505852_51913611_0$HG02809.verkko_filt_pat.fa:haplotype2_0001251_103421111_103827972_0	0.0798191465901556 Allentoft
VK61 HG02717#2#JAHAOR010000006.1_19663827_20070693_1$HG02300.verkko_filt_pat.fa:haplotype2_0000620_143362344_143769323_1	0.0798188156643179 Allentoft
VK61 AV_HG02257#haplotype2#0001152:102843493_103251377$HG02071.verkko_filt_mat.fa:haplotype1_0000041_103610513_104018399_0	0.0798188156643179 Allentoft
VK61 HG01258#2#JAGYYU010000072.1_51562603_51970395_0$HG02300.verkko_filt_pat.fa:haplotype2_0000620_143362344_143769323_1	0.0798181538249903 Allentoft
VK61 HG005#1#JAHEPO010000002.1_51519219_51926067_0$HG002.verkko_filt_mat.fa:haplotype1_0000005_138228497_138636354_1	0.0798171610968672 Allentoft
VK61 AV_HG01361#haplotype1#0000023:101593539_102001341$HG01123#1#JAGYYZ010000015.1_51528240_51935090_0	0.0798171610968672 Allentoft
VK61 HG02630#2#JAHAOP010000089.1_16669255_17076135_0$HG02622#2#JAHAON010000012.1_51551779_52031001_0	0.0798170199667579 Allentoft
VK61 HG03516#2#JAGYYS010000004.1_24452130_24859892_1$HG02300.verkko_filt_mat.fa:haplotype1_0000028_144052837_144460586_1	0.0798168301957241 Allentoft
VK61 HG02109#1#JAHEPG010000026.1_16673035_17080816_0$HG02004.verkko_filt_mat.fa:haplotype1_0000022_97828542_98235483_0	0.0798141831347279 Allentoft
VK61 HG01928#1#JAGYVQ010000053.1_16676493_17083407_0$HG02109#1#JAHEPG010000026.1_16673035_17080816_0	0.0798141831347279 Allentoft
VK61 HG01123#2#JAGYYY010000006.1_51579630_51892388_0$HG01099.verkko_filt_pat.fa:haplotype2_0000583_143544270_144046196_1	0.0798141831347279 Allentoft
VK61 HG02109#1#JAHEPG010000026.1_16673035_17080816_0$HG02818#1#JAHEOS010000101.1_89626_496613_0	0.0798135214106283 Allentoft
VK61 HG02717#2#JAHAOR010000006.1_19663827_20070693_1$HG02071.verkko_filt_mat.fa:haplotype1_0000041_103610513_104018399_0	0.0798131905547504 Allentoft
VK61 HG02559#1#JAGYVK010000012.1_51505852_51913611_0$HG02818#1#JAHEOS010000101.1_89626_496613_0	0.0798131905547504 Allentoft
VK61 AV_HG02257#haplotype2#0001152:102843493_103251377$HG02809.verkko_filt_pat.fa:haplotype2_0001251_103421111_103827972_0	0.0798131905547504 Allentoft
VK61 AV_HG02257#haplotype2#0001152:102843493_103251377$HG01978#2#JAGYVR010000007.1_51532241_51939176_0	0.0798131905547504 Allentoft
VK61 AV_HG00673#haplotype2#0001165:24014011_24421797$HG01978#2#JAGYVR010000007.1_51532241_51939176_0	0.0798131905547504 Allentoft
VK61 HG03453#2#JAGYVV010000088.1_22597550_23005370_1$HG02809.verkko_filt_pat.fa:haplotype2_0001251_103421111_103827972_0	0.0798125288553382 Allentoft
VK61 HG02145#2#JAHKSF010000206.1_1005292_1413195_1$HG02109#1#JAHEPG010000026.1_16673035_17080816_0	0.0798125288553382 Allentoft
VK61 HG02080#1#JAHEOW010000048.1_16689583_17097287_0$HG005#1#JAHEPO010000002.1_51519219_51926067_0	0.0798118671723833 Allentoft
VK61 HG02717#2#JAHAOR010000006.1_19663827_20070693_1$HG01099.verkko_filt_mat.fa:haplotype1_0000034_142513097_142920876_1	0.0798115363370772 Allentoft
VK61 HG02145#2#JAHKSF010000206.1_1005292_1413195_1$HG02004.verkko_filt_mat.fa:haplotype1_0000022_97828542_98235483_0	0.0798112055058852 Allentoft
VK61 HG02080#1#JAHEOW010000048.1_16689583_17097287_0$HG03516#2#JAGYYS010000004.1_24452130_24859892_1	0.0798112055058852 Allentoft
VK61 HG03516#2#JAGYYS010000004.1_24452130_24859892_1$HG02300.verkko_filt_pat.fa:haplotype2_0000620_143362344_143769323_1	0.0798102130369928 Allentoft
VK61 HG005#1#JAHEPO010000002.1_51519219_51926067_0$HG02300.verkko_filt_mat.fa:haplotype1_0000028_144052837_144460586_1	0.0798102130369928 Allentoft
VK61 HG01928#1#JAGYVQ010000053.1_16676493_17083407_0$HG02145#2#JAHKSF010000206.1_1005292_1413195_1	0.0798098822222562 Allentoft
VK61 AV_HG01361#haplotype1#0000023:101593539_102001341$HG02717#2#JAHAOR010000006.1_19663827_20070693_1	0.0798098822222562 Allentoft
VK61 HG02559#1#JAGYVK010000012.1_51505852_51913611_0$HG02486#2#JAGYVL010000029.1_94163344_94570162_0	0.0798092206051241 Allentoft
VK61 HG01258#2#JAGYYU010000072.1_51562603_51970395_0$HG02300.verkko_filt_mat.fa:haplotype1_0000028_144052837_144460586_1	0.0798088898027283 Allentoft
VK61 AV_HG01175#haplotype1#0000070:46006269_46414083$HG02717#2#JAHAOR010000006.1_19663827_20070693_1	0.0798085590044459 Allentoft
VK61 AV_HG02148#haplotype2#0002863:16304803_16712699$HG02109#1#JAHEPG010000026.1_16673035_17080816_0	0.0798082282102769 Allentoft
VK61 AV_HG01175#haplotype1#0000070:46006269_46414083$HG01123#1#JAGYYZ010000015.1_51528240_51935090_0	0.0798078974202211 Allentoft
VK61 chr1_hg38_103456064_103863972_0$HG03516#2#JAGYYS010000004.1_24452130_24859892_1	0.0798072358524488 Allentoft
VK61 chr1_hg19_103998686_104406594_0$HG03516#2#JAGYYS010000004.1_24452130_24859892_1	0.0798072358524488 Allentoft
VK61 HG02486#2#JAGYVL010000029.1_94163344_94570162_0$HG03927.verkko_filt_mat.fa:haplotype1_0000009_134765170_135173010_1	0.0798065743011285 Allentoft
VK61 HG01123#1#JAGYYZ010000015.1_51528240_51935090_0$NA18906#1#JAHEOO010000054.1_2103477_2510435_1	0.0798065743011285 Allentoft
VK61 HG02080#1#JAHEOW010000048.1_16689583_17097287_0$HG01258#2#JAGYYU010000072.1_51562603_51970395_0	0.0798059127662594 Allentoft
VK61 NA18906#1#JAHEOO010000054.1_2103477_2510435_1$HG01258#2#JAGYYU010000072.1_51562603_51970395_0	0.0798052512478409 Allentoft
VK61 HG005#1#JAHEPO010000002.1_51519219_51926067_0$chr1_hg38_103456064_103863972_0	0.0798052512478409 Allentoft
VK61 HG005#1#JAHEPO010000002.1_51519219_51926067_0$chr1_hg19_103998686_104406594_0	0.0798052512478409 Allentoft
VK61 HG02486#1#JAGYVM010000007.1_28868414_29370339_1$HG00733#1#JAHEPQ010000019.1_46106835_46420495_0	0.0798045897458723 Allentoft
VK61 HG03579#1#JAGYVU010000029.1_91404_499180_0$HG02300.verkko_filt_mat.fa:haplotype1_0000028_144052837_144460586_1	0.0798042590010565 Allentoft
VK61 HG03486#1#JAHEOQ010000123.1_16677696_17085575_0$HG02145#2#JAHKSF010000206.1_1005292_1413195_1	0.0798039282603529 Allentoft
VK61 HG005#1#JAHEPO010000002.1_51519219_51926067_0$HG02300.verkko_filt_pat.fa:haplotype2_0000620_143362344_143769323_1	0.0798035975237614 Allentoft
VK61 AV_HG02148#haplotype2#0002863:16304803_16712699$HG02145#2#JAHKSF010000206.1_1005292_1413195_1	0.0798032667912820 Allentoft
VK61 HG02145#2#JAHKSF010000206.1_1005292_1413195_1$HG005#2#JAHEPN010000023.1_51542210_51950070_0	0.0798029360629145 Allentoft
VK61 HG02080#1#JAHEOW010000048.1_16689583_17097287_0$HG03453#2#JAGYVV010000088.1_22597550_23005370_1	0.0798022746185151 Allentoft
VK61 HG01978#2#JAGYVR010000007.1_51532241_51939176_0$HG02818#1#JAHEOS010000101.1_89626_496613_0	0.0798009517790561 Allentoft
VK61 HG01928#1#JAGYVQ010000053.1_16676493_17083407_0$HG02559#2#JAGYVJ010000037.1_52167780_52574597_1	0.0798009517790561 Allentoft
VK61 HG02109#1#JAHEPG010000026.1_16673035_17080816_0$HG005#2#JAHEPN010000023.1_51542210_51950070_0	0.0798006210794700 Allentoft
VK61 HG03516#2#JAGYYS010000004.1_24452130_24859892_1$HG01099.verkko_filt_mat.fa:haplotype1_0000034_142513097_142920876_1	0.0798002903839952 Allentoft
VK61 HG03486#1#JAHEOQ010000123.1_16677696_17085575_0$HG02818#1#JAHEOS010000101.1_89626_496613_0	0.0797996290053789 Allentoft
VK61 HG03486#1#JAHEOQ010000123.1_16677696_17085575_0$HG02109#1#JAHEPG010000026.1_16673035_17080816_0	0.0797996290053789 Allentoft
VK61 HG02486#2#JAGYVL010000029.1_94163344_94570162_0$HG03579#1#JAGYVU010000029.1_91404_499180_0	0.0797996290053789 Allentoft
VK61 HG02559#1#JAGYVK010000012.1_51505852_51913611_0$HG02559#2#JAGYVJ010000037.1_52167780_52574597_1	0.0797992983222374 Allentoft
VK61 HG00741#1#JAHALY010000007.1_18781197_19307680_1$HG02145#2#JAHKSF010000206.1_1005292_1413195_1	0.0797988348371332 Allentoft
VK61 HG005#1#JAHEPO010000002.1_51519219_51926067_0$HG02071.verkko_filt_mat.fa:haplotype1_0000041_103610513_104018399_0	0.0797986369682871 Allentoft
VK61 HG01123#2#JAGYYY010000006.1_51579630_51892388_0$HG03540#1#JAGYVY010000208.1_95187_596142_0	0.0797983062974781 Allentoft
VK61 HG00621#2#JAHBCC010000031.1_16669999_17077865_0$HG02717#2#JAHAOR010000006.1_19663827_20070693_1	0.0797979756307798 Allentoft
VK61 HG00621#2#JAHBCC010000031.1_16669999_17077865_0$HG01123#1#JAGYYZ010000015.1_51528240_51935090_0	0.0797979756307798 Allentoft
VK61 NA20129#2#JAHEPD010000155.1_90039_569275_0$HG02630#2#JAHAOP010000089.1_16669255_17076135_0	0.0797975453374453 Allentoft
VK61 HG03453#2#JAGYVV010000088.1_22597550_23005370_1$HG02300.verkko_filt_mat.fa:haplotype1_0000028_144052837_144460586_1	0.0797973143097150 Allentoft
VK61 HG02559#2#JAGYVJ010000037.1_52167780_52574597_1$HG02145#2#JAHKSF010000206.1_1005292_1413195_1	0.0797973143097150 Allentoft
VK61 HG02559#2#JAGYVJ010000037.1_52167780_52574597_1$HG02486#2#JAGYVL010000029.1_94163344_94570162_0	0.0797969836553482 Allentoft
VK61 HG02559#1#JAGYVK010000012.1_51505852_51913611_0$HG02300.verkko_filt_mat.fa:haplotype1_0000028_144052837_144460586_1	0.0797966530050918 Allentoft
VK61 HG02080#1#JAHEOW010000048.1_16689583_17097287_0$HG03579#1#JAGYVU010000029.1_91404_499180_0	0.0797966530050918 Allentoft
VK61 AV_HG01361#haplotype1#0000023:101593539_102001341$HG005#1#JAHEPO010000002.1_51519219_51926067_0	0.0797966530050918 Allentoft
VK61 HG01123#1#JAGYYZ010000015.1_51528240_51935090_0$HG01978#2#JAGYVR010000007.1_51532241_51939176_0	0.0797963223589456 Allentoft
VK61 AV_HG00673#haplotype2#0001165:24014011_24421797$HG02622#1#JAHAOO010000002.1_16673678_17080663_0	0.0797963223589456 Allentoft
VK61 HG02559#2#JAGYVJ010000037.1_52167780_52574597_1$HG02004.verkko_filt_mat.fa:haplotype1_0000022_97828542_98235483_0	0.0797956610789838 Allentoft
VK61 HG02717#1#JAHAOS010000015.1_16660311_17067250_0$HG01258#2#JAGYYU010000072.1_51562603_51970395_0	0.0797953304451679 Allentoft
VK61 AV_HG01361#haplotype1#0000023:101593539_102001341$HG03516#2#JAGYYS010000004.1_24452130_24859892_1	0.0797953304451679 Allentoft
VK61 AV_HG02257#haplotype2#0001152:102843493_103251377$HG00741#1#JAHALY010000007.1_18781197_19307680_1	0.0797951413016146 Allentoft
VK61 HG01123#2#JAGYYY010000006.1_51579630_51892388_0$HG02486#1#JAGYVM010000007.1_28868414_29370339_1	0.0797949998154619 Allentoft
VK61 chr1_hg38_103456064_103863972_0$HG01258#2#JAGYYU010000072.1_51562603_51970395_0	0.0797946691898657 Allentoft
VK61 chr1_hg19_103998686_104406594_0$HG01258#2#JAGYYU010000072.1_51562603_51970395_0	0.0797946691898657 Allentoft
VK61 AV_HG00673#haplotype2#0001165:24014011_24421797$HG01123#1#JAGYYZ010000015.1_51528240_51935090_0	0.0797946691898657 Allentoft
VK61 HG005#1#JAHEPO010000002.1_51519219_51926067_0$NA18906#1#JAHEOO010000054.1_2103477_2510435_1	0.0797933467285777 Allentoft
VK61 HG005#1#JAHEPO010000002.1_51519219_51926067_0$HG01099.verkko_filt_mat.fa:haplotype1_0000034_142513097_142920876_1	0.0797930161235294 Allentoft
VK61 HG01978#2#JAGYVR010000007.1_51532241_51939176_0$HG03516#2#JAGYYS010000004.1_24452130_24859892_1	0.0797916937444287 Allentoft
VK61 HG01258#2#JAGYYU010000072.1_51562603_51970395_0$HG01099.verkko_filt_mat.fa:haplotype1_0000034_142513097_142920876_1	0.0797910325795325 Allentoft
VK61 NA18906#2#JAHEON010000009.1_93748295_94249275_0$HG02809.verkko_filt_mat.fa:haplotype1_0000023_94161320_94589755_0	0.0797909548895197 Allentoft
VK61 chr1_hg38_103456064_103863972_0$HG03579#1#JAGYVU010000029.1_91404_499180_0	0.0797907020032477 Allentoft
VK61 chr1_hg19_103998686_104406594_0$HG03579#1#JAGYVU010000029.1_91404_499180_0	0.0797907020032477 Allentoft
VK61 HG005#2#JAHEPN010000023.1_51542210_51950070_0$HG02818#1#JAHEOS010000101.1_89626_496613_0	0.0797907020032477 Allentoft
VK61 HG02559#1#JAGYVK010000012.1_51505852_51913611_0$HG02300.verkko_filt_pat.fa:haplotype2_0000620_143362344_143769323_1	0.0797900408630041 Allentoft
VK61 AV_HG00673#haplotype2#0001165:24014011_24421797$HG02559#2#JAGYVJ010000037.1_52167780_52574597_1	0.0797900408630041 Allentoft
VK61 HG03579#1#JAGYVU010000029.1_91404_499180_0$HG02300.verkko_filt_pat.fa:haplotype2_0000620_143362344_143769323_1	0.0797890491834528 Allentoft
VK61 HG02080#1#JAHEOW010000048.1_16689583_17097287_0$HG02300.verkko_filt_mat.fa:haplotype1_0000028_144052837_144460586_1	0.0797880575408760 Allentoft
VK61 HG01258#2#JAGYYU010000072.1_51562603_51970395_0$HG002.verkko_filt_mat.fa:haplotype1_0000005_138228497_138636354_1	0.0797880575408760 Allentoft
VK61 AV_HG02257#haplotype2#0001152:102843493_103251377$HG03486#1#JAHEOQ010000123.1_16677696_17085575_0	0.0797880575408760 Allentoft
VK61 HG03579#1#JAGYVU010000029.1_91404_499180_0$HG01099.verkko_filt_mat.fa:haplotype1_0000034_142513097_142920876_1	0.0797870659352717 Allentoft
VK61 HG02080#1#JAHEOW010000048.1_16689583_17097287_0$HG02559#1#JAGYVK010000012.1_51505852_51913611_0	0.0797870659352717 Allentoft
VK61 AV_HG00673#haplotype2#0001165:24014011_24421797$HG00621#2#JAHBCC010000031.1_16669999_17077865_0	0.0797870659352717 Allentoft
VK61 HG00741#1#JAHALY010000007.1_18781197_19307680_1$HG02818#1#JAHEOS010000101.1_89626_496613_0	0.0797870634803796 Allentoft
VK61 AV_HG00673#haplotype2#0001165:24014011_24421797$HG03486#1#JAHEOQ010000123.1_16677696_17085575_0	0.0797867354082859 Allentoft
VK61 HG02630#1#JAHAOQ010000102.1_16672145_17079089_0$HG01258#2#JAGYYU010000072.1_51562603_51970395_0	0.0797864048854079 Allentoft
VK61 HG02630#1#JAHAOQ010000102.1_16672145_17079089_0$HG01123#1#JAGYYZ010000015.1_51528240_51935090_0	0.0797864048854079 Allentoft
VK61 AV_HG02257#haplotype2#0001152:102843493_103251377$HG02559#2#JAGYVJ010000037.1_52167780_52574597_1	0.0797854133414191 Allentoft
VK61 AV_HG01175#haplotype1#0000070:46006269_46414083$HG005#1#JAHEPO010000002.1_51519219_51926067_0	0.0797854133414191 Allentoft
VK61 AV_HG01361#haplotype1#0000023:101593539_102001341$HG03453#2#JAGYVV010000088.1_22597550_23005370_1	0.0797850828349710 Allentoft
VK61 NA18906#1#JAHEOO010000054.1_2103477_2510435_1$HG02717#2#JAHAOR010000006.1_19663827_20070693_1	0.0797847523326302 Allentoft
VK61 HG02080#1#JAHEOW010000048.1_16689583_17097287_0$HG01099.verkko_filt_mat.fa:haplotype1_0000034_142513097_142920876_1	0.0797847523326302 Allentoft
VK61 HG00741#1#JAHALY010000007.1_18781197_19307680_1$HG02486#2#JAGYVL010000029.1_94163344_94570162_0	0.0797842945063558 Allentoft
VK61 AV_HG02257#haplotype2#0001152:102843493_103251377$HG03927.verkko_filt_mat.fa:haplotype1_0000009_134765170_135173010_1	0.0797830998825323 Allentoft
VK61 HG02559#1#JAGYVK010000012.1_51505852_51913611_0$chr1_hg38_103456064_103863972_0	0.0797824389312411 Allentoft
VK61 HG02559#1#JAGYVK010000012.1_51505852_51913611_0$chr1_hg19_103998686_104406594_0	0.0797824389312411 Allentoft
VK61 AV_HG00673#haplotype2#0001165:24014011_24421797$AV_HG02148#haplotype2#0002863:16304803_16712699	0.0797821084617555 Allentoft
VK61 HG02818#1#JAHEOS010000101.1_89626_496613_0$HG02809.verkko_filt_pat.fa:haplotype2_0001251_103421111_103827972_0	0.0797817779963763 Allentoft
VK61 HG02717#1#JAHAOS010000015.1_16660311_17067250_0$HG01123#1#JAGYYZ010000015.1_51528240_51935090_0	0.0797814475351036 Allentoft
VK61 HG01978#2#JAGYVR010000007.1_51532241_51939176_0$HG02717#2#JAHAOR010000006.1_19663827_20070693_1	0.0797811170779372 Allentoft
VK61 HG01978#2#JAGYVR010000007.1_51532241_51939176_0$HG01258#2#JAGYYU010000072.1_51562603_51970395_0	0.0797811170779372 Allentoft
VK61 AV_HG01361#haplotype1#0000023:101593539_102001341$HG02080#1#JAHEOW010000048.1_16689583_17097287_0	0.0797811170779372 Allentoft
VK61 AV_HG01361#haplotype1#0000023:101593539_102001341$HG01258#2#JAGYYU010000072.1_51562603_51970395_0	0.0797807866248771 Allentoft
VK61 HG03453#2#JAGYVV010000088.1_22597550_23005370_1$HG02109#1#JAHEPG010000026.1_16673035_17080816_0	0.0797801257310753 Allentoft
VK61 HG03453#2#JAGYVV010000088.1_22597550_23005370_1$HG01099.verkko_filt_mat.fa:haplotype1_0000034_142513097_142920876_1	0.0797801257310753 Allentoft
VK61 HG02559#1#JAGYVK010000012.1_51505852_51913611_0$HG01099.verkko_filt_mat.fa:haplotype1_0000034_142513097_142920876_1	0.0797801257310753 Allentoft
VK61 HG02717#1#JAHAOS010000015.1_16660311_17067250_0$HG02717#2#JAHAOR010000006.1_19663827_20070693_1	0.0797788039927430 Allentoft
VK61 AV_HG00673#haplotype2#0001165:24014011_24421797$HG03516#2#JAGYYS010000004.1_24452130_24859892_1	0.0797788039927430 Allentoft
VK61 AV_HG00673#haplotype2#0001165:24014011_24421797$HG01928#1#JAGYVQ010000053.1_16676493_17083407_0	0.0797788039927430 Allentoft
VK61 HG02109#1#JAHEPG010000026.1_16673035_17080816_0$HG03516#2#JAGYYS010000004.1_24452130_24859892_1	0.0797784735684243 Allentoft
VK61 HG01978#2#JAGYVR010000007.1_51532241_51939176_0$HG03579#1#JAGYVU010000029.1_91404_499180_0	0.0797784735684243 Allentoft
VK61 HG00621#2#JAHBCC010000031.1_16669999_17077865_0$HG005#1#JAHEPO010000002.1_51519219_51926067_0	0.0797781431482112 Allentoft
VK61 AV_HG02148#haplotype2#0002863:16304803_16712699$HG02818#1#JAHEOS010000101.1_89626_496613_0	0.0797778127321035 Allentoft
VK61 HG02559#2#JAGYVJ010000037.1_52167780_52574597_1$HG03453#2#JAGYVV010000088.1_22597550_23005370_1	0.0797774823201013 Allentoft
VK61 AV_HG02257#haplotype2#0001152:102843493_103251377$HG01928#1#JAGYVQ010000053.1_16676493_17083407_0	0.0797761607131448 Allentoft
VK61 AV_HG01175#haplotype1#0000070:46006269_46414083$HG03516#2#JAGYYS010000004.1_24452130_24859892_1	0.0797761607131448 Allentoft
VK61 AV_HG01175#haplotype1#0000070:46006269_46414083$HG01258#2#JAGYYU010000072.1_51562603_51970395_0	0.0797761607131448 Allentoft
VK61 HG02080#1#JAHEOW010000048.1_16689583_17097287_0$HG00741#2#JAHALX010000013.1_51574319_51981226_0	0.0797754999342967 Allentoft
VK61 HG03486#1#JAHEOQ010000123.1_16677696_17085575_0$HG01123#1#JAGYYZ010000015.1_51528240_51935090_0	0.0797751695510299 Allentoft
VK61 HG02630#2#JAHAOP010000089.1_16669255_17076135_0$HG01109#2#JAHEOZ010000047.1_16671232_17151375_0	0.0797750534515009 Allentoft
VK61 HG03516#2#JAGYYS010000004.1_24452130_24859892_1$HG002.verkko_filt_mat.fa:haplotype1_0000005_138228497_138636354_1	0.0797748391718679 Allentoft
VK61 AV_HG02257#haplotype2#0001152:102843493_103251377$NA19240#1#JAHEOM010000047.1_30103390_30511199_1	0.0797745087968105 Allentoft
VK61 AV_HG02257#haplotype2#0001152:102843493_103251377$HG005#2#JAHEPN010000023.1_51542210_51950070_0	0.0797745087968105 Allentoft
VK61 AV_HG02257#haplotype2#0001152:102843493_103251377$HG02818#2#JAHEOR010000010.1_31775319_32183091_1	0.0797741784258577 Allentoft
VK61 HG03486#1#JAHEOQ010000123.1_16677696_17085575_0$HG02717#2#JAHAOR010000006.1_19663827_20070693_1	0.0797738480590093 Allentoft
VK61 HG02630#1#JAHAOQ010000102.1_16672145_17079089_0$HG005#1#JAHEPO010000002.1_51519219_51926067_0	0.0797725266326588 Allentoft
VK61 HG01258#2#JAGYYU010000072.1_51562603_51970395_0$HG02071.verkko_filt_mat.fa:haplotype1_0000041_103610513_104018399_0	0.0797721962863315 Allentoft
VK61 AV_HG00673#haplotype2#0001165:24014011_24421797$HG02004.verkko_filt_mat.fa:haplotype1_0000022_97828542_98235483_0	0.0797721962863315 Allentoft
VK61 HG02486#1#JAGYVM010000007.1_28868414_29370339_1$HG02293.verkko_filt_mat.fa:haplotype1_0000039_30204405_30517145_1	0.0797718659441082 Allentoft
VK61 HG03516#2#JAGYYS010000004.1_24452130_24859892_1$HG02071.verkko_filt_mat.fa:haplotype1_0000041_103610513_104018399_0	0.0797715356059888 Allentoft
VK61 AV_HG00673#haplotype2#0001165:24014011_24421797$HG02717#2#JAHAOR010000006.1_19663827_20070693_1	0.0797715356059888 Allentoft
VK61 AV_HG01361#haplotype1#0000023:101593539_102001341$HG03579#1#JAGYVU010000029.1_91404_499180_0	0.0797708749420611 Allentoft
VK61 HG02145#2#JAHKSF010000206.1_1005292_1413195_1$HG03453#2#JAGYVV010000088.1_22597550_23005370_1	0.0797705446162528 Allentoft
VK61 HG02559#2#JAGYVJ010000037.1_52167780_52574597_1$HG02109#1#JAHEPG010000026.1_16673035_17080816_0	0.0797698839769467 Allentoft
VK61 AV_HG01361#haplotype1#0000023:101593539_102001341$HG02559#1#JAGYVK010000012.1_51505852_51913611_0	0.0797692233540540 Allentoft
VK61 HG02145#2#JAHKSF010000206.1_1005292_1413195_1$HG03927.verkko_filt_mat.fa:haplotype1_0000009_134765170_135173010_1	0.0797672415838500 Allentoft
VK61 HG02717#1#JAHAOS010000015.1_16660311_17067250_0$HG005#1#JAHEPO010000002.1_51519219_51926067_0	0.0797669113031759 Allentoft
VK61 HG02559#1#JAGYVK010000012.1_51505852_51913611_0$HG01978#2#JAGYVR010000007.1_51532241_51939176_0	0.0797669113031759 Allentoft
VK61 HG01123#1#JAGYYZ010000015.1_51528240_51935090_0$HG005#2#JAHEPN010000023.1_51542210_51950070_0	0.0797669113031759 Allentoft
VK61 AV_HG02148#haplotype2#0002863:16304803_16712699$AV_HG02257#haplotype2#0001152:102843493_103251377	0.0797669113031759 Allentoft
VK61 HG03579#1#JAGYVU010000029.1_91404_499180_0$HG002.verkko_filt_mat.fa:haplotype1_0000005_138228497_138636354_1	0.0797662507541354 Allentoft
VK61 HG02818#2#JAHEOR010000010.1_31775319_32183091_1$HG02145#2#JAHKSF010000206.1_1005292_1413195_1	0.0797662507541354 Allentoft
VK61 HG02818#1#JAHEOS010000101.1_89626_496613_0$HG03927.verkko_filt_mat.fa:haplotype1_0000009_134765170_135173010_1	0.0797662507541354 Allentoft
VK61 NA19240#1#JAHEOM010000047.1_30103390_30511199_1$HG02809.verkko_filt_pat.fa:haplotype2_0001251_103421111_103827972_0	0.0797655902215047 Allentoft
VK61 HG01928#1#JAGYVQ010000053.1_16676493_17083407_0$HG02818#1#JAHEOS010000101.1_89626_496613_0	0.0797645994533253 Allentoft
VK61 AV_HG02148#haplotype2#0002863:16304803_16712699$HG02717#2#JAHAOR010000006.1_19663827_20070693_1	0.0797645994533253 Allentoft
VK61 HG00741#2#JAHALX010000013.1_51574319_51981226_0$HG02300.verkko_filt_mat.fa:haplotype1_0000028_144052837_144460586_1	0.0797639389617159 Allentoft
VK61 AV_HG02148#haplotype2#0002863:16304803_16712699$HG01123#1#JAGYYZ010000015.1_51528240_51935090_0	0.0797639389617159 Allentoft
VK61 AV_HG01361#haplotype1#0000023:101593539_102001341$HG02300.verkko_filt_mat.fa:haplotype1_0000028_144052837_144460586_1	0.0797636087220640 Allentoft
VK61 HG02818#2#JAHEOR010000010.1_31775319_32183091_1$HG02809.verkko_filt_pat.fa:haplotype2_0001251_103421111_103827972_0	0.0797632784865139 Allentoft
VK61 AV_HG01175#haplotype1#0000070:46006269_46414083$HG03579#1#JAGYVU010000029.1_91404_499180_0	0.0797629482550654 Allentoft
VK61 AV_HG00673#haplotype2#0001165:24014011_24421797$HG005#1#JAHEPO010000002.1_51519219_51926067_0	0.0797629482550654 Allentoft
VK61 HG02630#1#JAHAOQ010000102.1_16672145_17079089_0$HG02717#2#JAHAOR010000006.1_19663827_20070693_1	0.0797619575853291 Allentoft
VK61 HG01978#1#JAGYVS010000002.1_51519970_52021951_0$HG04228.verkko_filt_pat.fa:haplotype2_0000600_103806749_104119491_0	0.0797619575853291 Allentoft
VK61 AV_HG00673#haplotype2#0001165:24014011_24421797$HG005#2#JAHEPN010000023.1_51542210_51950070_0	0.0797612971593451 Allentoft
VK61 AV_HG01106#haplotype2#0000932:16673968_17175925$HG04228.verkko_filt_pat.fa:haplotype2_0000600_103806749_104119491_0	0.0797606367497656 Allentoft
VK61 NA19240#1#JAHEOM010000047.1_30103390_30511199_1$HG02486#2#JAGYVL010000029.1_94163344_94570162_0	0.0797596461661537 Allentoft
VK61 AV_HG02257#haplotype2#0001152:102843493_103251377$HG02004.verkko_filt_mat.fa:haplotype1_0000022_97828542_98235483_0	0.0797596461661537 Allentoft
VK61 AV_HG00673#haplotype2#0001165:24014011_24421797$HG02300.verkko_filt_mat.fa:haplotype1_0000028_144052837_144460586_1	0.0797596461661537 Allentoft
VK61 HG02109#1#JAHEPG010000026.1_16673035_17080816_0$HG03579#1#JAGYVU010000029.1_91404_499180_0	0.0797593159798179 Allentoft
VK61 HG03492#2#JAHEPH010000288.1_2098270_2432686_1$HG01109#2#JAHEOZ010000047.1_16671232_17151375_0	0.0797586556194484 Allentoft
VK61 HG02818#2#JAHEOR010000010.1_31775319_32183091_1$HG02818#1#JAHEOS010000101.1_89626_496613_0	0.0797586556194484 Allentoft
VK61 HG02559#1#JAGYVK010000012.1_51505852_51913611_0$HG002.verkko_filt_mat.fa:haplotype1_0000005_138228497_138636354_1	0.0797579952754807 Allentoft
VK61 HG005#1#JAHEPO010000002.1_51519219_51926067_0$HG01978#2#JAGYVR010000007.1_51532241_51939176_0	0.0797579952754807 Allentoft
VK61 AV_HG00673#haplotype2#0001165:24014011_24421797$HG02559#1#JAGYVK010000012.1_51505852_51913611_0	0.0797573349479142 Allentoft
VK61 NA19240#1#JAHEOM010000047.1_30103390_30511199_1$HG02818#1#JAHEOS010000101.1_89626_496613_0	0.0797570047902812 Allentoft
VK61 HG005#2#JAHEPN010000023.1_51542210_51950070_0$HG02717#2#JAHAOR010000006.1_19663827_20070693_1	0.0797570047902812 Allentoft
VK61 HG03579#1#JAGYVU010000029.1_91404_499180_0$HG02071.verkko_filt_mat.fa:haplotype1_0000041_103610513_104018399_0	0.0797563444873154 Allentoft
VK61 HG03453#2#JAGYVV010000088.1_22597550_23005370_1$HG02818#1#JAHEOS010000101.1_89626_496613_0	0.0797563444873154 Allentoft
VK61 HG01243#1#JAHEOY010000013.1_90081_424495_0$HG01109#2#JAHEOZ010000047.1_16671232_17151375_0	0.0797560143419823 Allentoft
VK61 HG02818#1#JAHEOS010000101.1_89626_496613_0$HG02004.verkko_filt_mat.fa:haplotype1_0000022_97828542_98235483_0	0.0797546938016473 Allentoft
VK61 HG02559#2#JAGYVJ010000037.1_52167780_52574597_1$HG02818#1#JAHEOS010000101.1_89626_496613_0	0.0797546938016473 Allentoft
VK61 HG02145#2#JAHKSF010000206.1_1005292_1413195_1$NA19240#1#JAHEOM010000047.1_30103390_30511199_1	0.0797546938016473 Allentoft
VK61 HG02559#1#JAGYVK010000012.1_51505852_51913611_0$HG02109#1#JAHEPG010000026.1_16673035_17080816_0	0.0797543636768123 Allentoft
VK61 HG00621#2#JAHBCC010000031.1_16669999_17077865_0$HG01258#2#JAGYYU010000072.1_51562603_51970395_0	0.0797537034394406 Allentoft
VK61 HG00621#2#JAHBCC010000031.1_16669999_17077865_0$HG03516#2#JAGYYS010000004.1_24452130_24859892_1	0.0797530432184657 Allentoft
VK61 AV_HG00673#haplotype2#0001165:24014011_24421797$HG01258#2#JAGYYU010000072.1_51562603_51970395_0	0.0797530432184657 Allentoft
VK61 HG03486#1#JAHEOQ010000123.1_16677696_17085575_0$HG005#1#JAHEPO010000002.1_51519219_51926067_0	0.0797507325741686 Allentoft
VK61 AV_HG02257#haplotype2#0001152:102843493_103251377$HG03453#2#JAGYVV010000088.1_22597550_23005370_1	0.0797500724269710 Allentoft
VK61 AV_HG01106#haplotype2#0000932:16673968_17175925$HG02723#1#JAHEOU010000204.1_2102082_2414876_1	0.0797500724269710 Allentoft
VK61 AV_HG00673#haplotype2#0001165:24014011_24421797$HG03579#1#JAGYVU010000029.1_91404_499180_0	0.0797490822369114 Allentoft
VK61 HG02080#1#JAHEOW010000048.1_16689583_17097287_0$NA19240#1#JAHEOM010000047.1_30103390_30511199_1	0.0797487521817544 Allentoft
VK61 AV_HG01175#haplotype1#0000070:46006269_46414083$HG02559#1#JAGYVK010000012.1_51505852_51913611_0	0.0797487521817544 Allentoft
VK61 HG02818#2#JAHEOR010000010.1_31775319_32183091_1$HG02486#2#JAGYVL010000029.1_94163344_94570162_0	0.0797480920837340 Allentoft
VK61 NA19240#1#JAHEOM010000047.1_30103390_30511199_1$HG02300.verkko_filt_mat.fa:haplotype1_0000028_144052837_144460586_1	0.0797477620408705 Allentoft
VK61 AV_HG01361#haplotype1#0000023:101593539_102001341$HG01099.verkko_filt_mat.fa:haplotype1_0000034_142513097_142920876_1	0.0797477620408705 Allentoft
VK61 HG03492#2#JAHEPH010000288.1_2098270_2432686_1$HG02622#2#JAHAON010000012.1_51551779_52031001_0	0.0797474320021047 Allentoft
VK61 HG00741#1#JAHALY010000007.1_18781197_19307680_1$HG02300.verkko_filt_mat.fa:haplotype1_0000028_144052837_144460586_1	0.0797474023786774 Allentoft
VK61 HG01928#1#JAGYVQ010000053.1_16676493_17083407_0$HG03516#2#JAGYYS010000004.1_24452130_24859892_1	0.0797467719368658 Allentoft
VK61 HG00741#2#JAHALX010000013.1_51574319_51981226_0$HG01099.verkko_filt_mat.fa:haplotype1_0000034_142513097_142920876_1	0.0797467719368658 Allentoft
VK61 HG02080#1#JAHEOW010000048.1_16689583_17097287_0$HG00741#1#JAHALY010000007.1_18781197_19307680_1	0.0797462503241631 Allentoft
VK61 chr1_hg38_103456064_103863972_0$HG00741#2#JAHALX010000013.1_51574319_51981226_0	0.0797457818697379 Allentoft
VK61 chr1_hg19_103998686_104406594_0$HG00741#2#JAHALX010000013.1_51574319_51981226_0	0.0797457818697379 Allentoft
VK61 HG01123#1#JAGYYZ010000015.1_51528240_51935090_0$HG02004.verkko_filt_mat.fa:haplotype1_0000022_97828542_98235483_0	0.0797447918394845 Allentoft
VK61 HG02723#1#JAHEOU010000204.1_2102082_2414876_1$HG01978#1#JAGYVS010000002.1_51519970_52021951_0	0.0797441318398003 Allentoft
VK61 HG02818#2#JAHEOR010000010.1_31775319_32183091_1$HG02300.verkko_filt_mat.fa:haplotype1_0000028_144052837_144460586_1	0.0797434718565031 Allentoft
VK61 AV_HG02148#haplotype2#0002863:16304803_16712699$HG005#1#JAHEPO010000002.1_51519219_51926067_0	0.0797434718565031 Allentoft
VK61 AV_HG00673#haplotype2#0001165:24014011_24421797$HG01099.verkko_filt_mat.fa:haplotype1_0000034_142513097_142920876_1	0.0797431418709995 Allentoft
VK61 HG02559#1#JAGYVK010000012.1_51505852_51913611_0$HG02071.verkko_filt_mat.fa:haplotype1_0000041_103610513_104018399_0	0.0797428118895923 Allentoft
VK61 AV_HG01106#haplotype2#0000932:16673968_17175925$HG01123#2#JAGYYY010000006.1_51579630_51892388_0	0.0797428118895923 Allentoft
VK61 HG00741#2#JAHALX010000013.1_51574319_51981226_0$HG002.verkko_filt_mat.fa:haplotype1_0000005_138228497_138636354_1	0.0797424819122815 Allentoft
VK61 HG02559#2#JAGYVJ010000037.1_52167780_52574597_1$HG02809.verkko_filt_pat.fa:haplotype2_0001251_103421111_103827972_0	0.0797421519390670 Allentoft
VK61 HG02080#1#JAHEOW010000048.1_16689583_17097287_0$HG02818#2#JAHEOR010000010.1_31775319_32183091_1	0.0797411620440007 Allentoft
VK61 HG04228.verkko_filt_pat.fa:haplotype2_0000600_103806749_104119491_0$HG01099.verkko_filt_pat.fa:haplotype2_0000583_143544270_144046196_1	0.0797408320871707 Allentoft
VK61 HG03516#2#JAGYYS010000004.1_24452130_24859892_1$HG02004.verkko_filt_mat.fa:haplotype1_0000022_97828542_98235483_0	0.0797408320871707 Allentoft
VK61 HG02622#2#JAHAON010000012.1_51551779_52031001_0$HG01243#1#JAHEOY010000013.1_90081_424495_0	0.0797401721857983 Allentoft
VK61 NA18906#1#JAHEOO010000054.1_2103477_2510435_1$HG00741#2#JAHALX010000013.1_51574319_51981226_0	0.0797391823644575 Allentoft
VK61 HG02717#2#JAHAOR010000006.1_19663827_20070693_1$HG02004.verkko_filt_mat.fa:haplotype1_0000022_97828542_98235483_0	0.0797375327441311 Allentoft
VK61 HG01258#2#JAGYYU010000072.1_51562603_51970395_0$HG02004.verkko_filt_mat.fa:haplotype1_0000022_97828542_98235483_0	0.0797375327441311 Allentoft
VK61 HG01099.verkko_filt_mat.fa:haplotype1_0000034_142513097_142920876_1$HG02300.verkko_filt_mat.fa:haplotype1_0000028_144052837_144460586_1	0.0797375327441311 Allentoft
VK61 HG02559#2#JAGYVJ010000037.1_52167780_52574597_1$NA19240#1#JAHEOM010000047.1_30103390_30511199_1	0.0797372028323513 Allentoft
VK61 chr1_hg38_103456064_103863972_0$HG02622#1#JAHAOO010000002.1_16673678_17080663_0	0.0797362131215815 Allentoft
VK61 chr1_hg19_103998686_104406594_0$HG02622#1#JAHAOO010000002.1_16673678_17080663_0	0.0797362131215815 Allentoft
VK61 HG03540#1#JAGYVY010000208.1_95187_596142_0$HG04228.verkko_filt_pat.fa:haplotype2_0000600_103806749_104119491_0	0.0797348935645473 Allentoft
VK61 AV_HG00673#haplotype2#0001165:24014011_24421797$HG03453#2#JAGYVV010000088.1_22597550_23005370_1	0.0797348935645473 Allentoft
VK61 HG03927.verkko_filt_mat.fa:haplotype1_0000009_134765170_135173010_1$HG02809.verkko_filt_pat.fa:haplotype2_0001251_103421111_103827972_0	0.0797345636855249 Allentoft
VK61 HG005#2#JAHEPN010000023.1_51542210_51950070_0$HG03516#2#JAGYYS010000004.1_24452130_24859892_1	0.0797345636855249 Allentoft
VK61 HG01928#1#JAGYVQ010000053.1_16676493_17083407_0$HG02717#2#JAHAOR010000006.1_19663827_20070693_1	0.0797342338105968 Allentoft
VK61 AV_HG02148#haplotype2#0002863:16304803_16712699$HG01258#2#JAGYYU010000072.1_51562603_51970395_0	0.0797342338105968 Allentoft
VK61 HG03492#2#JAHEPH010000288.1_2098270_2432686_1$NA20129#2#JAHEPD010000155.1_90039_569275_0	0.0797332442103773 Allentoft
VK61 HG00741#1#JAHALY010000007.1_18781197_19307680_1$HG02809.verkko_filt_pat.fa:haplotype2_0001251_103421111_103827972_0	0.0797331204306795 Allentoft
VK61 HG01928#1#JAGYVQ010000053.1_16676493_17083407_0$HG01258#2#JAGYYU010000072.1_51562603_51970395_0	0.0797329143518256 Allentoft
VK61 HG005#1#JAHEPO010000002.1_51519219_51926067_0$HG03516#2#JAGYYS010000004.1_24452130_24859892_1	0.0797322546470035 Allentoft
VK61 AV_HG01361#haplotype1#0000023:101593539_102001341$HG02818#2#JAHEOR010000010.1_31775319_32183091_1	0.0797312651204729 Allentoft
VK61 AV_HG01361#haplotype1#0000023:101593539_102001341$HG00741#2#JAHALX010000013.1_51574319_51981226_0	0.0797312651204729 Allentoft
VK61 HG02818#2#JAHEOR010000010.1_31775319_32183091_1$HG02300.verkko_filt_pat.fa:haplotype2_0000620_143362344_143769323_1	0.0797309352864830 Allentoft
VK61 HG01978#1#JAGYVS010000002.1_51519970_52021951_0$HG02886#2#JAHAOT010000031.1_87393_401061_0	0.0797309352864830 Allentoft
VK61 HG01928#1#JAGYVQ010000053.1_16676493_17083407_0$HG03579#1#JAGYVU010000029.1_91404_499180_0	0.0797309352864830 Allentoft
VK61 AV_HG02148#haplotype2#0002863:16304803_16712699$HG03516#2#JAGYYS010000004.1_24452130_24859892_1	0.0797309352864830 Allentoft
VK61 AV_HG01106#haplotype2#0000932:16673968_17175925$HG02886#2#JAHAOT010000031.1_87393_401061_0	0.0797309352864830 Allentoft
VK61 HG00741#1#JAHALY010000007.1_18781197_19307680_1$HG01099.verkko_filt_mat.fa:haplotype1_0000034_142513097_142920876_1	0.0797308176092214 Allentoft
VK61 NA19240#1#JAHEOM010000047.1_30103390_30511199_1$HG01099.verkko_filt_mat.fa:haplotype1_0000034_142513097_142920876_1	0.0797306054565865 Allentoft
VK61 HG02559#2#JAGYVJ010000037.1_52167780_52574597_1$HG03927.verkko_filt_mat.fa:haplotype1_0000009_134765170_135173010_1	0.0797306054565865 Allentoft
VK61 HG03579#1#JAGYVU010000029.1_91404_499180_0$HG02004.verkko_filt_mat.fa:haplotype1_0000022_97828542_98235483_0	0.0797302756307833 Allentoft
VK61 HG02818#2#JAHEOR010000010.1_31775319_32183091_1$HG02559#2#JAGYVJ010000037.1_52167780_52574597_1	0.0797302756307833 Allentoft
VK61 HG03486#1#JAHEOQ010000123.1_16677696_17085575_0$HG01258#2#JAGYYU010000072.1_51562603_51970395_0	0.0797296159914563 Allentoft
VK61 HG02486#1#JAGYVM010000007.1_28868414_29370339_1$HG04228.verkko_filt_pat.fa:haplotype2_0000600_103806749_104119491_0	0.0797296159914563 Allentoft
VK61 chr1_hg38_103456064_103863972_0$NA19240#1#JAHEOM010000047.1_30103390_30511199_1	0.0797276371717052 Allentoft
VK61 chr1_hg19_103998686_104406594_0$NA19240#1#JAHEOM010000047.1_30103390_30511199_1	0.0797276371717052 Allentoft
VK61 HG01928#1#JAGYVQ010000053.1_16676493_17083407_0$HG01123#1#JAGYYZ010000015.1_51528240_51935090_0	0.0797276371717052 Allentoft
VK61 HG02622#1#JAHAOO010000002.1_16673678_17080663_0$HG002.verkko_filt_mat.fa:haplotype1_0000005_138228497_138636354_1	0.0797269775978624 Allentoft
VK61 HG00621#2#JAHBCC010000031.1_16669999_17077865_0$HG02559#1#JAGYVK010000012.1_51505852_51913611_0	0.0797269775978624 Allentoft
VK61 HG00741#1#JAHALY010000007.1_18781197_19307680_1$HG02559#2#JAGYVJ010000037.1_52167780_52574597_1	0.0797266730333581 Allentoft
VK61 HG005#1#JAHEPO010000002.1_51519219_51926067_0$HG005#2#JAHEPN010000023.1_51542210_51950070_0	0.0797266478170796 Allentoft
VK61 AV_HG01361#haplotype1#0000023:101593539_102001341$HG00741#1#JAHALY010000007.1_18781197_19307680_1	0.0797264427980941 Allentoft
VK61 HG02818#2#JAHEOR010000010.1_31775319_32183091_1$HG01099.verkko_filt_mat.fa:haplotype1_0000034_142513097_142920876_1	0.0797263180403891 Allentoft
VK61 HG01123#1#JAGYYZ010000015.1_51528240_51935090_0$HG03516#2#JAGYYS010000004.1_24452130_24859892_1	0.0797263180403891 Allentoft
VK61 HG00621#2#JAHBCC010000031.1_16669999_17077865_0$HG03579#1#JAGYVU010000029.1_91404_499180_0	0.0797259882677907 Allentoft
VK61 AV_HG01175#haplotype1#0000070:46006269_46414083$HG00741#2#JAHALX010000013.1_51574319_51981226_0	0.0797259882677907 Allentoft
VK61 HG03492#2#JAHEPH010000288.1_2098270_2432686_1$HG00438#1#JAHBCB010000015.1_33474867_33954171_0	0.0797253287348702 Allentoft
VK61 HG00741#2#JAHALX010000013.1_51574319_51981226_0$HG02071.verkko_filt_mat.fa:haplotype1_0000041_103610513_104018399_0	0.0797246692183173 Allentoft
VK61 HG03516#2#JAGYYS010000004.1_24452130_24859892_1$HG02717#2#JAHAOR010000006.1_19663827_20070693_1	0.0797243394661785 Allentoft
VK61 HG02622#1#JAHAOO010000002.1_16673678_17080663_0$HG03516#2#JAGYYS010000004.1_24452130_24859892_1	0.0797233502343119 Allentoft
VK61 NA20129#2#JAHEPD010000155.1_90039_569275_0$HG01243#1#JAHEOY010000013.1_90081_424495_0	0.0797220313157690 Allentoft
VK61 HG02145#2#JAHKSF010000206.1_1005292_1413195_1$HG01123#1#JAGYYZ010000015.1_51528240_51935090_0	0.0797220313157690 Allentoft
VK61 AV_HG02257#haplotype2#0001152:102843493_103251377$HG01123#1#JAGYYZ010000015.1_51528240_51935090_0	0.0797213718810444 Allentoft
VK61 AV_HG00673#haplotype2#0001165:24014011_24421797$HG02080#1#JAHEOW010000048.1_16689583_17097287_0	0.0797210421698185 Allentoft
VK61 HG02818#2#JAHEOR010000010.1_31775319_32183091_1$chr1_hg38_103456064_103863972_0	0.0797207124626834 Allentoft
VK61 HG02818#2#JAHEOR010000010.1_31775319_32183091_1$chr1_hg19_103998686_104406594_0	0.0797207124626834 Allentoft
VK61 HG01123#1#JAGYYZ010000015.1_51528240_51935090_0$HG03453#2#JAGYVV010000088.1_22597550_23005370_1	0.0797207124626834 Allentoft
VK61 HG005#2#JAHEPN010000023.1_51542210_51950070_0$HG03579#1#JAGYVU010000029.1_91404_499180_0	0.0797207124626834 Allentoft
VK61 HG02080#1#JAHEOW010000048.1_16689583_17097287_0$HG03927.verkko_filt_mat.fa:haplotype1_0000009_134765170_135173010_1	0.0797203827596390 Allentoft
VK61 HG03486#1#JAHEOQ010000123.1_16677696_17085575_0$HG03516#2#JAGYYS010000004.1_24452130_24859892_1	0.0797197233658222 Allentoft
VK61 AV_HG01361#haplotype1#0000023:101593539_102001341$NA19240#1#JAHEOM010000047.1_30103390_30511199_1	0.0797184046272736 Allentoft
VK61 HG02717#1#JAHAOS010000015.1_16660311_17067250_0$HG00741#2#JAHALX010000013.1_51574319_51981226_0	0.0797180749528620 Allentoft
VK61 HG02559#1#JAGYVK010000012.1_51505852_51913611_0$HG01928#1#JAGYVQ010000053.1_16676493_17083407_0	0.0797180749528620 Allentoft
VK61 HG005#2#JAHEPN010000023.1_51542210_51950070_0$HG01258#2#JAGYYU010000072.1_51562603_51970395_0	0.0797174156163089 Allentoft
VK61 HG01123#2#JAGYYY010000006.1_51579630_51892388_0$HG01978#1#JAGYVS010000002.1_51519970_52021951_0	0.0797164266421533 Allentoft
VK61 HG02622#1#JAHAOO010000002.1_16673678_17080663_0$HG02486#2#JAGYVL010000029.1_94163344_94570162_0	0.0797160969922808 Allentoft
VK61 HG02622#1#JAHAOO010000002.1_16673678_17080663_0$HG02300.verkko_filt_pat.fa:haplotype2_0000620_143362344_143769323_1	0.0797160969922808 Allentoft
VK61 HG00438#1#JAHBCB010000015.1_33474867_33954171_0$HG01243#1#JAHEOY010000013.1_90081_424495_0	0.0797160969922808 Allentoft
VK61 HG02559#1#JAGYVK010000012.1_51505852_51913611_0$HG02004.verkko_filt_mat.fa:haplotype1_0000022_97828542_98235483_0	0.0797154377048043 Allentoft
VK61 AV_HG00673#haplotype2#0001165:24014011_24421797$HG02818#2#JAHEOR010000010.1_31775319_32183091_1	0.0797154377048043 Allentoft
VK61 HG02630#1#JAHAOQ010000102.1_16672145_17079089_0$HG00741#2#JAHALX010000013.1_51574319_51981226_0	0.0797137895576760 Allentoft
VK61 AV_HG00673#haplotype2#0001165:24014011_24421797$AV_HG01361#haplotype1#0000023:101593539_102001341	0.0797137895576760 Allentoft
VK61 HG00741#1#JAHALY010000007.1_18781197_19307680_1$HG02300.verkko_filt_pat.fa:haplotype2_0000620_143362344_143769323_1	0.0797128624470004 Allentoft
VK61 HG01071#1#JAHBCF010000053.1_26607100_27108065_1$HG02145#1#JAHKSG010000134.1_2102465_2647653_1	0.0797120528099639 Allentoft
VK61 HG00741#2#JAHALX010000013.1_51574319_51981226_0$HG02300.verkko_filt_pat.fa:haplotype2_0000620_143362344_143769323_1	0.0797118119160567 Allentoft
VK61 AV_HG02148#haplotype2#0002863:16304803_16712699$HG03579#1#JAGYVU010000029.1_91404_499180_0	0.0797111527348921 Allentoft
VK61 HG03453#2#JAGYVV010000088.1_22597550_23005370_1$HG02717#2#JAHAOR010000006.1_19663827_20070693_1	0.0797108231504423 Allentoft
VK61 NA19240#1#JAHEOM010000047.1_30103390_30511199_1$HG02300.verkko_filt_pat.fa:haplotype2_0000620_143362344_143769323_1	0.0797101639938071 Allentoft
VK61 HG005#1#JAHEPO010000002.1_51519219_51926067_0$HG03579#1#JAGYVU010000029.1_91404_499180_0	0.0797098344216217 Allentoft
VK61 HG03927.verkko_filt_mat.fa:haplotype1_0000009_134765170_135173010_1$HG02300.verkko_filt_pat.fa:haplotype2_0000620_143362344_143769323_1	0.0797075275307810 Allentoft
VK61 HG02080#2#JAHEOV010000017.1_16662177_17164189_0$HG02647.verkko_filt_pat.fa:haplotype2_0000857_103738150_104051769_0	0.0797075275307810 Allentoft
VK61 AV_HG02148#haplotype2#0002863:16304803_16712699$HG02559#1#JAGYVK010000012.1_51505852_51913611_0	0.0797075275307810 Allentoft
VK61 HG02818#2#JAHEOR010000010.1_31775319_32183091_1$HG02109#1#JAHEPG010000026.1_16673035_17080816_0	0.0797071979912967 Allentoft
VK61 HG02080#2#JAHEOV010000017.1_16662177_17164189_0$HG01891#1#JAGYVO010000014.1_22855818_23168577_1	0.0797071979912967 Allentoft
VK61 HG005#1#JAHEPO010000002.1_51519219_51926067_0$HG02004.verkko_filt_mat.fa:haplotype1_0000022_97828542_98235483_0	0.0797071979912967 Allentoft
VK61 HG005#1#JAHEPO010000002.1_51519219_51926067_0$HG02145#2#JAHKSF010000206.1_1005292_1413195_1	0.0797068684558997 Allentoft
VK61 HG01978#2#JAGYVR010000007.1_51532241_51939176_0$NA19240#1#JAHEOM010000047.1_30103390_30511199_1	0.0797062093973672 Allentoft
VK61 HG02559#1#JAGYVK010000012.1_51505852_51913611_0$HG005#2#JAHEPN010000023.1_51542210_51950070_0	0.0797058798742314 Allentoft
VK61 HG00621#1#JAHBCD010000034.1_2122997_2624098_1$HG02647.verkko_filt_pat.fa:haplotype2_0000857_103738150_104051769_0	0.0797055503551826 Allentoft
VK61 HG02818#2#JAHEOR010000010.1_31775319_32183091_1$HG01978#2#JAGYVR010000007.1_51532241_51939176_0	0.0797052208402207 Allentoft
VK61 AV_HG02257#haplotype2#0001152:102843493_103251377$HG02717#2#JAHAOR010000006.1_19663827_20070693_1	0.0797048913293456 Allentoft
VK61 HG03927.verkko_filt_mat.fa:haplotype1_0000009_134765170_135173010_1$HG02300.verkko_filt_mat.fa:haplotype1_0000028_144052837_144460586_1	0.0797042323198552 Allentoft
VK61 HG03579#1#JAGYVU010000029.1_91404_499180_0$HG02717#2#JAHAOR010000006.1_19663827_20070693_1	0.0797039028212398 Allentoft
VK61 HG01258#2#JAGYYU010000072.1_51562603_51970395_0$HG02486#2#JAGYVL010000029.1_94163344_94570162_0	0.0797039028212398 Allentoft
VK61 chr1_hg38_103456064_103863972_0$HG03927.verkko_filt_mat.fa:haplotype1_0000009_134765170_135173010_1	0.0797032438362681 Allentoft
VK61 chr1_hg19_103998686_104406594_0$HG03927.verkko_filt_mat.fa:haplotype1_0000009_134765170_135173010_1	0.0797032438362681 Allentoft
VK61 HG01123#1#JAGYYZ010000015.1_51528240_51935090_0$HG03579#1#JAGYVU010000029.1_91404_499180_0	0.0797032438362681 Allentoft
VK61 AV_HG02257#haplotype2#0001152:102843493_103251377$HG005#1#JAHEPO010000002.1_51519219_51926067_0	0.0797029143499118 Allentoft
VK61 HG02145#2#JAHKSF010000206.1_1005292_1413195_1$HG02717#2#JAHAOR010000006.1_19663827_20070693_1	0.0797015964453471 Allentoft
VK61 HG01123#1#JAGYYZ010000015.1_51528240_51935090_0$HG02486#2#JAGYVL010000029.1_94163344_94570162_0	0.0797012669794208 Allentoft
VK61 HG02622#1#JAHAOO010000002.1_16673678_17080663_0$HG03579#1#JAGYVU010000029.1_91404_499180_0	0.0797009375175802 Allentoft
VK61 NA19240#1#JAHEOM010000047.1_30103390_30511199_1$HG002.verkko_filt_mat.fa:haplotype1_0000005_138228497_138636354_1	0.0796999491565720 Allentoft
VK61 HG005#1#JAHEPO010000002.1_51519219_51926067_0$HG02486#2#JAGYVL010000029.1_94163344_94570162_0	0.0796999491565720 Allentoft
VK61 HG02559#1#JAGYVK010000012.1_51505852_51913611_0$HG005#1#JAHEPO010000002.1_51519219_51926067_0	0.0796996197110735 Allentoft
VK61 HG02818#2#JAHEOR010000010.1_31775319_32183091_1$HG002.verkko_filt_mat.fa:haplotype1_0000005_138228497_138636354_1	0.0796989608323325 Allentoft
VK61 HG02559#1#JAGYVK010000012.1_51505852_51913611_0$HG01123#1#JAGYYZ010000015.1_51528240_51935090_0	0.0796989608323325 Allentoft
VK61 HG03540#1#JAGYVY010000208.1_95187_596142_0$HG00733#1#JAHEPQ010000019.1_46106835_46420495_0	0.0796983019699321 Allentoft
VK61 HG00733#1#JAHEPQ010000019.1_46106835_46420495_0$HG01099.verkko_filt_pat.fa:haplotype2_0000583_143544270_144046196_1	0.0796983019699321 Allentoft
VK61 HG03486#1#JAHEOQ010000123.1_16677696_17085575_0$HG03579#1#JAGYVU010000029.1_91404_499180_0	0.0796979725448594 Allentoft
VK61 HG02486#2#JAGYVL010000029.1_94163344_94570162_0$HG02717#2#JAHAOR010000006.1_19663827_20070693_1	0.0796973137069687 Allentoft
VK61 HG02109#1#JAHEPG010000026.1_16673035_17080816_0$NA19240#1#JAHEOM010000047.1_30103390_30511199_1	0.0796969842941504 Allentoft
VK61 HG02622#1#JAHAOO010000002.1_16673678_17080663_0$HG02071.verkko_filt_mat.fa:haplotype1_0000041_103610513_104018399_0	0.0796966548854169 Allentoft
VK61 AV_HG01175#haplotype1#0000070:46006269_46414083$HG02622#1#JAHAOO010000002.1_16673678_17080663_0	0.0796966548854169 Allentoft
VK61 HG03579#2#JAGYVT010000094.1_51581892_51895531_0$HG02080#2#JAHEOV010000017.1_16662177_17164189_0	0.0796956666837232 Allentoft
VK61 HG02559#1#JAGYVK010000012.1_51505852_51913611_0$HG02717#2#JAHAOR010000006.1_19663827_20070693_1	0.0796956666837232 Allentoft
VK61 HG005#1#JAHEPO010000002.1_51519219_51926067_0$HG03453#2#JAGYVV010000088.1_22597550_23005370_1	0.0796956666837232 Allentoft
VK61 HG00741#1#JAHALY010000007.1_18781197_19307680_1$HG02109#1#JAHEPG010000026.1_16673035_17080816_0	0.0796953793362094 Allentoft
VK61 HG02886#2#JAHAOT010000031.1_87393_401061_0$HG02486#1#JAGYVM010000007.1_28868414_29370339_1	0.0796953372913274 Allentoft
VK61 HG02630#1#JAHAOQ010000102.1_16672145_17079089_0$HG02717#1#JAHAOS010000015.1_16660311_17067250_0	0.0796950079030159 Allentoft
VK61 HG00621#1#JAHBCD010000034.1_2122997_2624098_1$HG03579#2#JAGYVT010000094.1_51581892_51895531_0	0.0796943491386451 Allentoft
VK61 HG03927.verkko_filt_mat.fa:haplotype1_0000009_134765170_135173010_1$HG002.verkko_filt_mat.fa:haplotype1_0000005_138228497_138636354_1	0.0796940197625857 Allentoft
VK61 HG01978#2#JAGYVR010000007.1_51532241_51939176_0$HG00741#2#JAHALX010000013.1_51574319_51981226_0	0.0796940197625857 Allentoft
VK61 HG02080#2#JAHEOV010000017.1_16662177_17164189_0$HG02109#2#JAHEPF010000078.1_16678387_16991144_0	0.0796933610227185 Allentoft
VK61 AV_HG01175#haplotype1#0000070:46006269_46414083$NA19240#1#JAHEOM010000047.1_30103390_30511199_1	0.0796933610227185 Allentoft
VK61 HG03486#1#JAHEOQ010000123.1_16677696_17085575_0$HG02559#1#JAGYVK010000012.1_51505852_51913611_0	0.0796930316589105 Allentoft
VK61 AV_HG00673#haplotype2#0001165:24014011_24421797$HG00741#2#JAHALX010000013.1_51574319_51981226_0	0.0796930316589105 Allentoft
VK61 HG00741#1#JAHALY010000007.1_18781197_19307680_1$HG002.verkko_filt_mat.fa:haplotype1_0000005_138228497_138636354_1	0.0796928498388260 Allentoft
VK61 HG00741#1#JAHALY010000007.1_18781197_19307680_1$HG02071.verkko_filt_mat.fa:haplotype1_0000041_103610513_104018399_0	0.0796919300813101 Allentoft
VK61 HG01978#2#JAGYVR010000007.1_51532241_51939176_0$HG03927.verkko_filt_mat.fa:haplotype1_0000009_134765170_135173010_1	0.0796917142445141 Allentoft
VK61 AV_HG02257#haplotype2#0001152:102843493_103251377$HG01258#2#JAGYYU010000072.1_51562603_51970395_0	0.0796917142445141 Allentoft
VK61 AV_HG00673#haplotype2#0001165:24014011_24421797$NA19240#1#JAHEOM010000047.1_30103390_30511199_1	0.0796913849011235 Allentoft
VK61 AV_HG00673#haplotype2#0001165:24014011_24421797$HG00741#1#JAHALY010000007.1_18781197_19307680_1	0.0796900906618109 Allentoft
VK61 HG01928#1#JAGYVQ010000053.1_16676493_17083407_0$HG005#1#JAHEPO010000002.1_51519219_51926067_0	0.0796900675683923 Allentoft
VK61 HG02559#1#JAGYVK010000012.1_51505852_51913611_0$HG02622#1#JAHAOO010000002.1_16673678_17080663_0	0.0796887503009872 Allentoft
VK61 AV_HG01175#haplotype1#0000070:46006269_46414083$HG00741#1#JAHALY010000007.1_18781197_19307680_1	0.0796882513696763 Allentoft
VK61 HG02818#2#JAHEOR010000010.1_31775319_32183091_1$HG02071.verkko_filt_mat.fa:haplotype1_0000041_103610513_104018399_0	0.0796877623933003 Allentoft
VK61 HG01123#1#JAGYYZ010000015.1_51528240_51935090_0$HG02109#1#JAHEPG010000026.1_16673035_17080816_0	0.0796874330989027 Allentoft
VK61 HG03927.verkko_filt_mat.fa:haplotype1_0000009_134765170_135173010_1$HG01099.verkko_filt_mat.fa:haplotype1_0000034_142513097_142920876_1	0.0796871038085874 Allentoft
VK61 HG02630#1#JAHAOQ010000102.1_16672145_17079089_0$NA18906#1#JAHEOO010000054.1_2103477_2510435_1	0.0796871038085874 Allentoft
VK61 HG02723#1#JAHEOU010000204.1_2102082_2414876_1$HG01099.verkko_filt_pat.fa:haplotype2_0000583_143544270_144046196_1	0.0796867745223541 Allentoft
VK61 HG02145#2#JAHKSF010000206.1_1005292_1413195_1$HG01258#2#JAGYYU010000072.1_51562603_51970395_0	0.0796864452402029 Allentoft
VK61 HG00621#2#JAHBCC010000031.1_16669999_17077865_0$HG00741#2#JAHALX010000013.1_51574319_51981226_0	0.0796864452402029 Allentoft
VK61 HG01258#2#JAGYYU010000072.1_51562603_51970395_0$HG03516#2#JAGYYS010000004.1_24452130_24859892_1	0.0796861159621336 Allentoft
VK61 HG03453#2#JAGYVV010000088.1_22597550_23005370_1$HG01258#2#JAGYYU010000072.1_51562603_51970395_0	0.0796857866881461 Allentoft
VK61 NA19240#1#JAHEOM010000047.1_30103390_30511199_1$HG02071.verkko_filt_mat.fa:haplotype1_0000041_103610513_104018399_0	0.0796854574182405 Allentoft
VK61 AV_HG01175#haplotype1#0000070:46006269_46414083$HG03927.verkko_filt_mat.fa:haplotype1_0000009_134765170_135173010_1	0.0796854574182405 Allentoft
VK61 HG03540#1#JAGYVY010000208.1_95187_596142_0$HG02647.verkko_filt_pat.fa:haplotype2_0000857_103738150_104051769_0	0.0796841403794341 Allentoft
VK61 HG03453#2#JAGYVV010000088.1_22597550_23005370_1$HG03516#2#JAGYYS010000004.1_24452130_24859892_1	0.0796838111299361 Allentoft
VK61 HG02717#1#JAHAOS010000015.1_16660311_17067250_0$NA18906#1#JAHEOO010000054.1_2103477_2510435_1	0.0796834818845194 Allentoft
VK61 HG01891#1#JAGYVO010000014.1_22855818_23168577_1$HG01099.verkko_filt_pat.fa:haplotype2_0000583_143544270_144046196_1	0.0796831526431839 Allentoft
VK61 HG01123#1#JAGYYZ010000015.1_51528240_51935090_0$HG02818#1#JAHEOS010000101.1_89626_496613_0	0.0796828234059295 Allentoft
VK61 HG00621#1#JAHBCD010000034.1_2122997_2624098_1$HG01891#1#JAGYVO010000014.1_22855818_23168577_1	0.0796821649436636 Allentoft
VK61 HG02109#1#JAHEPG010000026.1_16673035_17080816_0$HG02622#1#JAHAOO010000002.1_16673678_17080663_0	0.0796818357186520 Allentoft
VK61 HG02109#1#JAHEPG010000026.1_16673035_17080816_0$HG03927.verkko_filt_mat.fa:haplotype1_0000009_134765170_135173010_1	0.0796811772808711 Allentoft
VK61 AV_HG01175#haplotype1#0000070:46006269_46414083$HG02818#2#JAHEOR010000010.1_31775319_32183091_1	0.0796811772808711 Allentoft
VK61 HG00621#2#JAHBCC010000031.1_16669999_17077865_0$HG02622#1#JAHAOO010000002.1_16673678_17080663_0	0.0796808480681015 Allentoft
VK61 HG00741#1#JAHALY010000007.1_18781197_19307680_1$chr1_hg38_103456064_103863972_0	0.0796804357986727 Allentoft
VK61 HG00741#1#JAHALY010000007.1_18781197_19307680_1$chr1_hg19_103998686_104406594_0	0.0796804357986727 Allentoft
VK61 AV_HG01106#haplotype2#0000932:16673968_17175925$HG02293.verkko_filt_mat.fa:haplotype1_0000039_30204405_30517145_1	0.0796801896548039 Allentoft
VK61 HG02071.verkko_filt_mat.fa:haplotype1_0000041_103610513_104018399_0$HG03927.verkko_filt_mat.fa:haplotype1_0000009_134765170_135173010_1	0.0796795312578277 Allentoft
VK61 AV_HG01106#haplotype2#0000932:16673968_17175925$HG03098#2#JAHEPL010000003.1_93803759_94117426_0	0.0796792020654599 Allentoft
VK61 HG03540#1#JAGYVY010000208.1_95187_596142_0$HG01891#1#JAGYVO010000014.1_22855818_23168577_1	0.0796778853367889 Allentoft
VK61 HG02109#1#JAHEPG010000026.1_16673035_17080816_0$HG02809.verkko_filt_pat.fa:haplotype2_0001251_103421111_103827972_0	0.0796775561648207 Allentoft
VK61 HG02723#1#JAHEOU010000204.1_2102082_2414876_1$HG03540#1#JAGYVY010000208.1_95187_596142_0	0.0796768978331234 Allentoft
VK61 HG02647.verkko_filt_pat.fa:haplotype2_0000857_103738150_104051769_0$HG01099.verkko_filt_pat.fa:haplotype2_0000583_143544270_144046196_1	0.0796768978331234 Allentoft
VK61 HG01258#2#JAGYYU010000072.1_51562603_51970395_0$HG02818#1#JAHEOS010000101.1_89626_496613_0	0.0796768978331234 Allentoft
VK61 HG01978#1#JAGYVS010000002.1_51519970_52021951_0$HG02293.verkko_filt_mat.fa:haplotype1_0000039_30204405_30517145_1	0.0796755812186820 Allentoft
VK61 HG02622#1#JAHAOO010000002.1_16673678_17080663_0$HG01978#2#JAGYVR010000007.1_51532241_51939176_0	0.0796752520752698 Allentoft
VK61 AV_HG00673#haplotype1#0000019:16627360_17129375$HG01891#1#JAGYVO010000014.1_22855818_23168577_1	0.0796752520752698 Allentoft
VK61 AV_HG01361#haplotype1#0000023:101593539_102001341$HG03927.verkko_filt_mat.fa:haplotype1_0000009_134765170_135173010_1	0.0796749229359367 Allentoft
VK61 HG03098#2#JAHEPL010000003.1_93803759_94117426_0$HG01978#1#JAGYVS010000002.1_51519970_52021951_0	0.0796745938006826 Allentoft
VK61 AV_HG01106#haplotype2#0000932:16673968_17175925$HG03710.verkko_filt_mat.fa:haplotype1_0000029_102593394_102907063_0	0.0796742646695074 Allentoft
VK61 HG02486#1#JAGYVM010000007.1_28868414_29370339_1$HG02647.verkko_filt_pat.fa:haplotype2_0000857_103738150_104051769_0	0.0796736064193934 Allentoft
VK61 AV_HG00673#haplotype1#0000019:16627360_17129375$HG02647.verkko_filt_pat.fa:haplotype2_0000857_103738150_104051769_0	0.0796736064193934 Allentoft
VK61 HG00621#2#JAHBCC010000031.1_16669999_17077865_0$HG00741#1#JAHALY010000007.1_18781197_19307680_1	0.0796735416159582 Allentoft
VK61 HG03579#2#JAGYVT010000094.1_51581892_51895531_0$HG03540#1#JAGYVY010000208.1_95187_596142_0	0.0796729481855941 Allentoft
VK61 HG00621#2#JAHBCC010000031.1_16669999_17077865_0$HG02818#2#JAHEOR010000010.1_31775319_32183091_1	0.0796713026724680 Allentoft
VK61 HG005#2#JAHEPN010000023.1_51542210_51950070_0$HG00741#2#JAHALX010000013.1_51574319_51981226_0	0.0796713026724680 Allentoft
VK61 HG00438#2#JAHBCA010000012.1_51513023_51826723_0$HG02486#1#JAGYVM010000007.1_28868414_29370339_1	0.0796709735820773 Allentoft
VK61 HG01978#1#JAGYVS010000002.1_51519970_52021951_0$HG03710.verkko_filt_mat.fa:haplotype1_0000029_102593394_102907063_0	0.0796703154135299 Allentoft
VK61 HG00741#1#JAHALY010000007.1_18781197_19307680_1$HG02622#1#JAHAOO010000002.1_16673678_17080663_0	0.0796698654501455 Allentoft
VK61 HG02109#1#JAHEPG010000026.1_16673035_17080816_0$HG02717#2#JAHAOR010000006.1_19663827_20070693_1	0.0796689991253682 Allentoft
VK61 HG03486#1#JAHEOQ010000123.1_16677696_17085575_0$HG00741#2#JAHALX010000013.1_51574319_51981226_0	0.0796676829024462 Allentoft
VK61 HG03579#2#JAGYVT010000094.1_51581892_51895531_0$HG01099.verkko_filt_pat.fa:haplotype2_0000583_143544270_144046196_1	0.0796670248154485 Allentoft
VK61 HG00621#1#JAHBCD010000034.1_2122997_2624098_1$HG02109#2#JAHEPF010000078.1_16678387_16991144_0	0.0796663667447587 Allentoft
VK61 HG005#1#JAHEPO010000002.1_51519219_51926067_0$HG02818#1#JAHEOS010000101.1_89626_496613_0	0.0796657086903761 Allentoft
VK61 HG00741#1#JAHALY010000007.1_18781197_19307680_1$HG01123#1#JAGYYZ010000015.1_51528240_51935090_0	0.0796650412546596 Allentoft
VK61 HG03453#2#JAGYVV010000088.1_22597550_23005370_1$HG03579#1#JAGYVU010000029.1_91404_499180_0	0.0796647216393768 Allentoft
VK61 HG02486#1#JAGYVM010000007.1_28868414_29370339_1$HG01891#1#JAGYVO010000014.1_22855818_23168577_1	0.0796647216393768 Allentoft
VK61 HG01258#2#JAGYYU010000072.1_51562603_51970395_0$HG03579#1#JAGYVU010000029.1_91404_499180_0	0.0796637346250651 Allentoft
VK61 AV_HG00673#haplotype1#0000019:16627360_17129375$HG03579#2#JAGYVT010000094.1_51581892_51895531_0	0.0796630766359047 Allentoft
VK61 HG03579#2#JAGYVT010000094.1_51581892_51895531_0$HG02486#1#JAGYVM010000007.1_28868414_29370339_1	0.0796624186630483 Allentoft
VK61 HG02818#1#JAHEOS010000101.1_89626_496613_0$HG02717#2#JAHAOR010000006.1_19663827_20070693_1	0.0796624186630483 Allentoft
VK61 HG02293.verkko_filt_mat.fa:haplotype1_0000039_30204405_30517145_1$HG01099.verkko_filt_pat.fa:haplotype2_0000583_143544270_144046196_1	0.0796624186630483 Allentoft
VK61 HG01123#1#JAGYYZ010000015.1_51528240_51935090_0$HG02809.verkko_filt_pat.fa:haplotype2_0001251_103421111_103827972_0	0.0796624186630483 Allentoft
VK61 AV_HG01361#haplotype2#0001322:101872897_102186552$HG01978#1#JAGYVS010000002.1_51519970_52021951_0	0.0796620896827338 Allentoft
VK61 AV_HG01106#haplotype2#0000932:16673968_17175925$AV_HG01361#haplotype2#0001322:101872897_102186552	0.0796620896827338 Allentoft
VK61 HG005#1#JAHEPO010000002.1_51519219_51926067_0$HG02109#1#JAHEPG010000026.1_16673035_17080816_0	0.0796617607064950 Allentoft
VK61 AV_HG02148#haplotype2#0002863:16304803_16712699$HG00741#2#JAHALX010000013.1_51574319_51981226_0	0.0796604448422954 Allentoft
VK61 HG00741#1#JAHALY010000007.1_18781197_19307680_1$HG01978#2#JAGYVR010000007.1_51532241_51939176_0	0.0796599882753994 Allentoft
VK61 HG02622#1#JAHAOO010000002.1_16673678_17080663_0$HG02809.verkko_filt_pat.fa:haplotype2_0001251_103421111_103827972_0	0.0796594579869366 Allentoft
VK61 AV_HG00673#haplotype1#0000019:16627360_17129375$HG02109#2#JAHEPF010000078.1_16678387_16991144_0	0.0796594579869366 Allentoft
VK61 HG02723#1#JAHEOU010000204.1_2102082_2414876_1$HG02486#1#JAGYVM010000007.1_28868414_29370339_1	0.0796591290433005 Allentoft
VK61 HG03486#1#JAHEOQ010000123.1_16677696_17085575_0$HG02622#1#JAHAOO010000002.1_16673678_17080663_0	0.0796581422368417 Allentoft
VK61 HG02622#1#JAHAOO010000002.1_16673678_17080663_0$HG005#2#JAHEPN010000023.1_51542210_51950070_0	0.0796571554670553 Allentoft
VK61 AV_HG00673#haplotype2#0001165:24014011_24421797$HG03927.verkko_filt_mat.fa:haplotype1_0000009_134765170_135173010_1	0.0796558398310487 Allentoft
VK61 HG02559#1#JAGYVK010000012.1_51505852_51913611_0$HG01258#2#JAGYYU010000072.1_51562603_51970395_0	0.0796555109322326 Allentoft
VK61 HG02109#2#JAHEPF010000078.1_16678387_16991144_0$HG01099.verkko_filt_pat.fa:haplotype2_0000583_143544270_144046196_1	0.0796555109322326 Allentoft
VK61 HG01928#1#JAGYVQ010000053.1_16676493_17083407_0$NA19240#1#JAHEOM010000047.1_30103390_30511199_1	0.0796555109322326 Allentoft
VK61 AV_HG02148#haplotype2#0002863:16304803_16712699$HG00741#1#JAHALY010000007.1_18781197_19307680_1	0.0796549362575156 Allentoft
VK61 HG02559#1#JAGYVK010000012.1_51505852_51913611_0$HG03453#2#JAGYVV010000088.1_22597550_23005370_1	0.0796545242602281 Allentoft
VK61 HG00621#2#JAHBCC010000031.1_16669999_17077865_0$NA19240#1#JAHEOM010000047.1_30103390_30511199_1	0.0796545242602281 Allentoft
VK61 HG00741#1#JAHALY010000007.1_18781197_19307680_1$HG02717#2#JAHAOR010000006.1_19663827_20070693_1	0.0796535586012667 Allentoft
VK61 HG00621#2#JAHBCC010000031.1_16669999_17077865_0$HG03927.verkko_filt_mat.fa:haplotype1_0000009_134765170_135173010_1	0.0796532087545879 Allentoft
VK61 HG02818#2#JAHEOR010000010.1_31775319_32183091_1$HG01928#1#JAGYVQ010000053.1_16676493_17083407_0	0.0796525510262088 Allentoft
VK61 NA19240#1#JAHEOM010000047.1_30103390_30511199_1$HG02004.verkko_filt_mat.fa:haplotype1_0000022_97828542_98235483_0	0.0796515644641895 Allentoft
VK61 HG00741#2#JAHALX010000013.1_51574319_51981226_0$HG03516#2#JAGYYS010000004.1_24452130_24859892_1	0.0796499202756168 Allentoft
VK61 AV_HG02148#haplotype2#0002863:16304803_16712699$HG02818#2#JAHEOR010000010.1_31775319_32183091_1	0.0796499202756168 Allentoft
VK61 HG02486#1#JAGYVM010000007.1_28868414_29370339_1$HG03710.verkko_filt_mat.fa:haplotype1_0000029_102593394_102907063_0	0.0796492626286966 Allentoft
VK61 HG02145#1#JAHKSG010000134.1_2102465_2647653_1$NA18906#2#JAHEON010000009.1_93748295_94249275_0	0.0796488547415185 Allentoft
VK61 AV_HG02148#haplotype2#0002863:16304803_16712699$HG02622#1#JAHAOO010000002.1_16673678_17080663_0	0.0796482761888593 Allentoft
VK61 HG005#2#JAHEPN010000023.1_51542210_51950070_0$NA19240#1#JAHEOM010000047.1_30103390_30511199_1	0.0796479473837246 Allentoft
VK61 HG01123#1#JAGYYZ010000015.1_51528240_51935090_0$NA19240#1#JAHEOM010000047.1_30103390_30511199_1	0.0796469609927530 Allentoft
VK61 HG02818#2#JAHEOR010000010.1_31775319_32183091_1$HG02004.verkko_filt_mat.fa:haplotype1_0000022_97828542_98235483_0	0.0796459746384280 Allentoft
VK61 HG02818#2#JAHEOR010000010.1_31775319_32183091_1$HG01123#1#JAGYYZ010000015.1_51528240_51935090_0	0.0796453170892362 Allentoft
VK61 HG03540#1#JAGYVY010000208.1_95187_596142_0$HG02109#2#JAHEPF010000078.1_16678387_16991144_0	0.0796449883207474 Allentoft
VK61 HG02004.verkko_filt_mat.fa:haplotype1_0000022_97828542_98235483_0$HG03927.verkko_filt_mat.fa:haplotype1_0000009_134765170_135173010_1	0.0796449883207474 Allentoft
VK61 HG02818#2#JAHEOR010000010.1_31775319_32183091_1$HG02717#2#JAHAOR010000006.1_19663827_20070693_1	0.0796446595563300 Allentoft
VK61 HG02818#2#JAHEOR010000010.1_31775319_32183091_1$HG005#1#JAHEPO010000002.1_51519219_51926067_0	0.0796446595563300 Allentoft
VK61 NA19240#1#JAHEOM010000047.1_30103390_30511199_1$HG02717#2#JAHAOR010000006.1_19663827_20070693_1	0.0796436732875050 Allentoft
VK61 AV_HG01361#haplotype2#0001322:101872897_102186552$HG02486#1#JAGYVM010000007.1_28868414_29370339_1	0.0796436732875050 Allentoft
VK61 HG00741#1#JAHALY010000007.1_18781197_19307680_1$HG03486#1#JAHEOQ010000123.1_16677696_17085575_0	0.0796434579724407 Allentoft
VK61 HG01258#2#JAGYYU010000072.1_51562603_51970395_0$HG02809.verkko_filt_pat.fa:haplotype2_0001251_103421111_103827972_0	0.0796433445393721 Allentoft
VK61 HG02818#2#JAHEOR010000010.1_31775319_32183091_1$HG005#2#JAHEPN010000023.1_51542210_51950070_0	0.0796417008597699 Allentoft
VK61 HG02486#1#JAGYVM010000007.1_28868414_29370339_1$HG02109#2#JAHEPF010000078.1_16678387_16991144_0	0.0796417008597699 Allentoft
VK61 HG005#1#JAHEPO010000002.1_51519219_51926067_0$NA19240#1#JAHEOM010000047.1_30103390_30511199_1	0.0796417008597699 Allentoft
VK61 AV_HG02148#haplotype2#0002863:16304803_16712699$NA19240#1#JAHEOM010000047.1_30103390_30511199_1	0.0796417008597699 Allentoft
VK61 HG01891#1#JAGYVO010000014.1_22855818_23168577_1$HG02293.verkko_filt_pat.fa:haplotype2_0000836_148310532_148812524_1	0.0796410434164232 Allentoft
VK61 HG00741#2#JAHALX010000013.1_51574319_51981226_0$HG02004.verkko_filt_mat.fa:haplotype1_0000022_97828542_98235483_0	0.0796407147008553 Allentoft
VK61 HG02647.verkko_filt_pat.fa:haplotype2_0000857_103738150_104051769_0$HG02293.verkko_filt_pat.fa:haplotype2_0000836_148310532_148812524_1	0.0796400572819304 Allentoft
VK61 AV_HG02257#haplotype2#0001152:102843493_103251377$HG00741#2#JAHALX010000013.1_51574319_51981226_0	0.0796397285785730 Allentoft
VK61 HG00741#2#JAHALX010000013.1_51574319_51981226_0$HG02486#2#JAGYVL010000029.1_94163344_94570162_0	0.0796393998792857 Allentoft
VK61 HG01928#1#JAGYVQ010000053.1_16676493_17083407_0$HG00741#2#JAHALX010000013.1_51574319_51981226_0	0.0796380851228347 Allentoft
VK61 HG02145#2#JAHKSF010000206.1_1005292_1413195_1$HG00741#2#JAHALX010000013.1_51574319_51981226_0	0.0796370990982273 Allentoft
VK61 HG01928#1#JAGYVQ010000053.1_16676493_17083407_0$HG03927.verkko_filt_mat.fa:haplotype1_0000009_134765170_135173010_1	0.0796364417688359 Allentoft
VK61 HG02818#2#JAHEOR010000010.1_31775319_32183091_1$HG03486#1#JAHEOQ010000123.1_16677696_17085575_0	0.0796361131102439 Allentoft
VK61 HG03540#1#JAGYVY010000208.1_95187_596142_0$HG02293.verkko_filt_mat.fa:haplotype1_0000039_30204405_30517145_1	0.0796354558052672 Allentoft
VK61 HG02717#1#JAHAOS010000015.1_16660311_17067250_0$HG02145#2#JAHKSF010000206.1_1005292_1413195_1	0.0796354558052672 Allentoft
VK61 HG02622#1#JAHAOO010000002.1_16673678_17080663_0$HG03927.verkko_filt_mat.fa:haplotype1_0000009_134765170_135173010_1	0.0796341412441399 Allentoft
VK61 AV_HG02148#haplotype2#0002863:16304803_16712699$HG03927.verkko_filt_mat.fa:haplotype1_0000009_134765170_135173010_1	0.0796324981342730 Allentoft
VK61 HG02559#2#JAGYVJ010000037.1_52167780_52574597_1$HG01258#2#JAGYYU010000072.1_51562603_51970395_0	0.0796315123171714 Allentoft
VK61 HG03486#1#JAHEOQ010000123.1_16677696_17085575_0$HG03927.verkko_filt_mat.fa:haplotype1_0000009_134765170_135173010_1	0.0796311837196068 Allentoft
VK61 HG005#1#JAHEPO010000002.1_51519219_51926067_0$HG02809.verkko_filt_pat.fa:haplotype2_0001251_103421111_103827972_0	0.0796308551261099 Allentoft
VK61 HG00741#1#JAHALY010000007.1_18781197_19307680_1$HG03516#2#JAGYYS010000004.1_24452130_24859892_1	0.0796306081822552 Allentoft
VK61 HG02109#1#JAHEPG010000026.1_16673035_17080816_0$HG01258#2#JAGYYU010000072.1_51562603_51970395_0	0.0796301979513194 Allentoft
VK61 HG03579#2#JAGYVT010000094.1_51581892_51895531_0$HG02293.verkko_filt_pat.fa:haplotype2_0000836_148310532_148812524_1	0.0796295407927992 Allentoft
VK61 HG02717#2#JAHAOR010000006.1_19663827_20070693_1$HG02809.verkko_filt_pat.fa:haplotype2_0001251_103421111_103827972_0	0.0796295407927992 Allentoft
VK61 HG03486#1#JAHEOQ010000123.1_16677696_17085575_0$NA19240#1#JAHEOM010000047.1_30103390_30511199_1	0.0796259267117388 Allentoft
VK61 HG005#2#JAHEPN010000023.1_51542210_51950070_0$HG03927.verkko_filt_mat.fa:haplotype1_0000009_134765170_135173010_1	0.0796255981833156 Allentoft
VK61 HG02818#2#JAHEOR010000010.1_31775319_32183091_1$HG02622#1#JAHAOO010000002.1_16673678_17080663_0	0.0796252696589589 Allentoft
VK61 HG00741#1#JAHALY010000007.1_18781197_19307680_1$HG01258#2#JAGYYU010000072.1_51562603_51970395_0	0.0796251030329594 Allentoft
VK61 HG00741#1#JAHALY010000007.1_18781197_19307680_1$HG005#1#JAHEPO010000002.1_51519219_51926067_0	0.0796251030329594 Allentoft
VK61 HG02622#1#JAHAOO010000002.1_16673678_17080663_0$HG02004.verkko_filt_mat.fa:haplotype1_0000022_97828542_98235483_0	0.0796246126224442 Allentoft
VK61 HG02145#2#JAHKSF010000206.1_1005292_1413195_1$NA18906#1#JAHEOO010000054.1_2103477_2510435_1	0.0796242841102861 Allentoft
VK61 HG02630#2#JAHAOP010000089.1_16669255_17076135_0$HG03486#2#JAHEOP010000248.1_2105565_2584784_1	0.0796234150953054 Allentoft
VK61 HG03453#2#JAGYVV010000088.1_22597550_23005370_1$HG00741#2#JAHALX010000013.1_51574319_51981226_0	0.0796226416104847 Allentoft
VK61 HG01928#1#JAGYVQ010000053.1_16676493_17083407_0$HG02622#1#JAHAOO010000002.1_16673678_17080663_0	0.0796226416104847 Allentoft
VK61 HG02109#2#JAHEPF010000078.1_16678387_16991144_0$HG02293.verkko_filt_pat.fa:haplotype2_0000836_148310532_148812524_1	0.0796219846390243 Allentoft
VK61 AV_HG02257#haplotype2#0001152:102843493_103251377$HG02630#1#JAHAOQ010000102.1_16672145_17079089_0	0.0796219846390243 Allentoft
VK61 HG00741#2#JAHALX010000013.1_51574319_51981226_0$HG03579#1#JAGYVU010000029.1_91404_499180_0	0.0796216561593922 Allentoft
VK61 HG00741#1#JAHALY010000007.1_18781197_19307680_1$HG005#2#JAHEPN010000023.1_51542210_51950070_0	0.0796202869638194 Allentoft
VK61 HG02559#2#JAGYVJ010000037.1_52167780_52574597_1$HG01123#1#JAGYYZ010000015.1_51528240_51935090_0	0.0796196853669704 Allentoft
VK61 HG00741#1#JAHALY010000007.1_18781197_19307680_1$HG02004.verkko_filt_mat.fa:haplotype1_0000022_97828542_98235483_0	0.0796182232016883 Allentoft
VK61 HG02559#1#JAGYVK010000012.1_51505852_51913611_0$HG00741#2#JAHALX010000013.1_51574319_51981226_0	0.0796173862940956 Allentoft
VK61 AV_HG01106#haplotype2#0000932:16673968_17175925$HG00733#1#JAHEPQ010000019.1_46106835_46420495_0	0.0796173862940956 Allentoft
VK61 HG00741#1#JAHALY010000007.1_18781197_19307680_1$HG03453#2#JAGYVV010000088.1_22597550_23005370_1	0.0796166181643076 Allentoft
VK61 HG02559#2#JAGYVJ010000037.1_52167780_52574597_1$HG02622#1#JAHAOO010000002.1_16673678_17080663_0	0.0796160726275835 Allentoft
VK61 HG00741#1#JAHALY010000007.1_18781197_19307680_1$HG03579#1#JAGYVU010000029.1_91404_499180_0	0.0796150132239915 Allentoft
VK61 HG02622#1#JAHAOO010000002.1_16673678_17080663_0$NA19240#1#JAHEOM010000047.1_30103390_30511199_1	0.0796144306358818 Allentoft
VK61 HG02818#2#JAHEOR010000010.1_31775319_32183091_1$HG01258#2#JAGYYU010000072.1_51562603_51970395_0	0.0796137738676465 Allentoft
VK61 HG03453#2#JAGYVV010000088.1_22597550_23005370_1$HG02622#1#JAHAOO010000002.1_16673678_17080663_0	0.0796131171156647 Allentoft
VK61 chr1_hg38_103456064_103863972_0$HG02300.verkko_filt_pat.fa:haplotype2_0000620_143362344_143769323_1	0.0796121320181657 Allentoft
VK61 chr1_hg19_103998686_104406594_0$HG02300.verkko_filt_pat.fa:haplotype2_0000620_143362344_143769323_1	0.0796121320181657 Allentoft
VK61 HG02630#1#JAHAOQ010000102.1_16672145_17079089_0$HG02145#2#JAHKSF010000206.1_1005292_1413195_1	0.0796121320181657 Allentoft
VK61 HG01258#2#JAGYYU010000072.1_51562603_51970395_0$NA19240#1#JAHEOM010000047.1_30103390_30511199_1	0.0796114753068147 Allentoft
VK61 HG02080#2#JAHEOV010000017.1_16662177_17164189_0$HG04228.verkko_filt_pat.fa:haplotype2_0000600_103806749_104119491_0	0.0796108186117148 Allentoft
VK61 HG03492#2#JAHEPH010000288.1_2098270_2432686_1$HG03486#2#JAHEOP010000248.1_2105565_2584784_1	0.0796104902702588 Allentoft
VK61 AV_HG02257#haplotype2#0001152:102843493_103251377$NA18906#1#JAHEOO010000054.1_2103477_2510435_1	0.0796104902702588 Allentoft
VK61 HG00741#1#JAHALY010000007.1_18781197_19307680_1$HG02559#1#JAGYVK010000012.1_51505852_51913611_0	0.0796101989853342 Allentoft
VK61 HG00741#1#JAHALY010000007.1_18781197_19307680_1$HG01928#1#JAGYVQ010000053.1_16676493_17083407_0	0.0796099697576577 Allentoft
VK61 HG03486#2#JAHEOP010000248.1_2105565_2584784_1$HG01243#1#JAHEOY010000013.1_90081_424495_0	0.0796091769450594 Allentoft
VK61 HG01978#1#JAGYVS010000002.1_51519970_52021951_0$HG00733#1#JAHEPQ010000019.1_46106835_46420495_0	0.0796081919938132 Allentoft
VK61 HG002.verkko_filt_mat.fa:haplotype1_0000005_138228497_138636354_1$HG02300.verkko_filt_pat.fa:haplotype2_0000620_143362344_143769323_1	0.0796068787823519 Allentoft
VK61 HG03516#2#JAGYYS010000004.1_24452130_24859892_1$HG03927.verkko_filt_mat.fa:haplotype1_0000009_134765170_135173010_1	0.0796035960379996 Allentoft
VK61 HG02559#2#JAGYVJ010000037.1_52167780_52574597_1$HG02717#2#JAHAOR010000006.1_19663827_20070693_1	0.0796012983585742 Allentoft
VK61 HG04228.verkko_filt_mat.fa:haplotype1_0000023_103429213_103930285_0$HG02647.verkko_filt_pat.fa:haplotype2_0000857_103738150_104051769_0	0.0796009701348977 Allentoft
VK61 HG00621#1#JAHBCD010000034.1_2122997_2624098_1$HG02886#2#JAHAOT010000031.1_87393_401061_0	0.0796003136997249 Allentoft
VK61 HG00741#2#JAHALX010000013.1_51574319_51981226_0$HG02818#1#JAHEOS010000101.1_89626_496613_0	0.0795993290774151 Allentoft
VK61 HG02080#2#JAHEOV010000017.1_16662177_17164189_0$HG02886#2#JAHAOT010000031.1_87393_401061_0	0.0795983444916425 Allentoft
VK61 HG03453#2#JAGYVV010000088.1_22597550_23005370_1$NA19240#1#JAHEOM010000047.1_30103390_30511199_1	0.0795953909535251 Allentoft
VK61 HG02886#2#JAHAOT010000031.1_87393_401061_0$HG03540#1#JAGYVY010000208.1_95187_596142_0	0.0795947346563690 Allentoft
VK61 HG03453#2#JAGYVV010000088.1_22597550_23005370_1$HG03927.verkko_filt_mat.fa:haplotype1_0000009_134765170_135173010_1	0.0795940783754468 Allentoft
VK61 HG01891#1#JAGYVO010000014.1_22855818_23168577_1$HG04228.verkko_filt_mat.fa:haplotype1_0000023_103429213_103930285_0	0.0795927658623021 Allentoft
VK61 NA18906#1#JAHEOO010000054.1_2103477_2510435_1$NA19240#2#JAHEOL010000010.1_37445323_37853017_0	0.0795911591176785 Allentoft
VK61 HG02818#2#JAHEOR010000010.1_31775319_32183091_1$HG03453#2#JAGYVV010000088.1_22597550_23005370_1	0.0795911253121758 Allentoft
VK61 HG03579#2#JAGYVT010000094.1_51581892_51895531_0$HG04228.verkko_filt_mat.fa:haplotype1_0000023_103429213_103930285_0	0.0795904691205291 Allentoft
VK61 HG02071.verkko_filt_mat.fa:haplotype1_0000041_103610513_104018399_0$HG02300.verkko_filt_pat.fa:haplotype2_0000620_143362344_143769323_1	0.0795904691205291 Allentoft
VK61 HG01891#1#JAGYVO010000014.1_22855818_23168577_1$HG02071.verkko_filt_pat.fa:haplotype2_0000736_102745972_103248026_0	0.0795901410307919 Allentoft
VK61 HG02717#1#JAHAOS010000015.1_16660311_17067250_0$HG02818#1#JAHEOS010000101.1_89626_496613_0	0.0795898129451120 Allentoft
VK61 HG03098#2#JAHEPL010000003.1_93803759_94117426_0$HG02486#1#JAGYVM010000007.1_28868414_29370339_1	0.0795891567859240 Allentoft
VK61 HG005#1#JAHEPO010000002.1_51519219_51926067_0$HG02559#2#JAGYVJ010000037.1_52167780_52574597_1	0.0795881725775700 Allentoft
VK61 HG02109#1#JAHEPG010000026.1_16673035_17080816_0$HG00741#2#JAHALX010000013.1_51574319_51981226_0	0.0795875164589517 Allentoft
VK61 chr1_hg38_103456064_103863972_0$HG002.verkko_filt_mat.fa:haplotype1_0000005_138228497_138636354_1	0.0795848921467388 Allentoft
VK61 chr1_hg19_103998686_104406594_0$HG002.verkko_filt_mat.fa:haplotype1_0000005_138228497_138636354_1	0.0795848921467388 Allentoft
VK61 HG02723#1#JAHEOU010000204.1_2102082_2414876_1$HG02080#2#JAHEOV010000017.1_16662177_17164189_0	0.0795832520834287 Allentoft
VK61 HG01123#2#JAGYYY010000006.1_51579630_51892388_0$HG02080#2#JAHEOV010000017.1_16662177_17164189_0	0.0795832520834287 Allentoft
VK61 HG00621#1#JAHBCD010000034.1_2122997_2624098_1$HG04228.verkko_filt_pat.fa:haplotype2_0000600_103806749_104119491_0	0.0795832520834287 Allentoft
VK61 HG02647.verkko_filt_pat.fa:haplotype2_0000857_103738150_104051769_0$HG02071.verkko_filt_pat.fa:haplotype2_0000736_102745972_103248026_0	0.0795806281930188 Allentoft
VK61 HG02109#2#JAHEPF010000078.1_16678387_16991144_0$HG04228.verkko_filt_mat.fa:haplotype1_0000023_103429213_103930285_0	0.0795803002249656 Allentoft
VK61 HG02886#2#JAHAOT010000031.1_87393_401061_0$HG01099.verkko_filt_pat.fa:haplotype2_0000583_143544270_144046196_1	0.0795796443010236 Allentoft
VK61 HG00741#1#JAHALY010000007.1_18781197_19307680_1$HG00741#2#JAHALX010000013.1_51574319_51981226_0	0.0795788132281939 Allentoft
VK61 HG00438#2#JAHBCA010000012.1_51513023_51826723_0$HG03540#1#JAGYVY010000208.1_95187_596142_0	0.0795776766265069 Allentoft
VK61 HG03579#1#JAGYVU010000029.1_91404_499180_0$HG03927.verkko_filt_mat.fa:haplotype1_0000009_134765170_135173010_1	0.0795773486949442 Allentoft
VK61 HG02559#1#JAGYVK010000012.1_51505852_51913611_0$HG03927.verkko_filt_mat.fa:haplotype1_0000009_134765170_135173010_1	0.0795770207674356 Allentoft
VK61 NA18906#1#JAHEOO010000054.1_2103477_2510435_1$HG02818#1#JAHEOS010000101.1_89626_496613_0	0.0795753811907009 Allentoft
VK61 AV_HG00673#haplotype1#0000019:16627360_17129375$HG04228.verkko_filt_pat.fa:haplotype2_0000600_103806749_104119491_0	0.0795737417153058 Allentoft
VK61 HG02071.verkko_filt_mat.fa:haplotype1_0000041_103610513_104018399_0$HG002.verkko_filt_mat.fa:haplotype1_0000005_138228497_138636354_1	0.0795730859535206 Allentoft
VK61 AV_HG01175#haplotype1#0000070:46006269_46414083$HG02300.verkko_filt_pat.fa:haplotype2_0000620_143362344_143769323_1	0.0795721023412399 Allentoft
VK61 HG02109#2#JAHEPF010000078.1_16678387_16991144_0$HG02071.verkko_filt_pat.fa:haplotype2_0000736_102745972_103248026_0	0.0795717744785853 Allentoft
VK61 HG00741#2#JAHALX010000013.1_51574319_51981226_0$HG02809.verkko_filt_pat.fa:haplotype2_0001251_103421111_103827972_0	0.0795711187654340 Allentoft
VK61 HG02717#1#JAHAOS010000015.1_16660311_17067250_0$NA19240#2#JAHEOL010000010.1_37445323_37853017_0	0.0795706067170323 Allentoft
VK61 HG02630#1#JAHAOQ010000102.1_16672145_17079089_0$NA19240#2#JAHEOL010000010.1_37445323_37853017_0	0.0795702753571565 Allentoft
VK61 HG01123#1#JAGYYZ010000015.1_51528240_51935090_0$HG03927.verkko_filt_mat.fa:haplotype1_0000009_134765170_135173010_1	0.0795701352261006 Allentoft
VK61 HG02630#1#JAHAOQ010000102.1_16672145_17079089_0$HG02818#1#JAHEOS010000101.1_89626_496613_0	0.0795698073877607 Allentoft
VK61 HG03579#2#JAGYVT010000094.1_51581892_51895531_0$HG02071.verkko_filt_pat.fa:haplotype2_0000736_102745972_103248026_0	0.0795694795534730 Allentoft
VK61 HG02080#1#JAHEOW010000048.1_16689583_17097287_0$HG02886#1#JAHAOU010000178.1_62411_469262_0	0.0795679559539321 Allentoft
VK61 HG02717#2#JAHAOR010000006.1_19663827_20070693_1$HG03927.verkko_filt_mat.fa:haplotype1_0000009_134765170_135173010_1	0.0795668570250393 Allentoft
VK61 AV_HG01175#haplotype1#0000070:46006269_46414083$HG002.verkko_filt_mat.fa:haplotype1_0000005_138228497_138636354_1	0.0795665292272173 Allentoft
VK61 HG00438#2#JAHBCA010000012.1_51513023_51826723_0$HG01099.verkko_filt_pat.fa:haplotype2_0000583_143544270_144046196_1	0.0795652180764419 Allentoft
VK61 HG02886#1#JAHAOU010000178.1_62411_469262_0$HG02300.verkko_filt_mat.fa:haplotype1_0000028_144052837_144460586_1	0.0795649741620802 Allentoft
VK61 HG00621#1#JAHBCD010000034.1_2122997_2624098_1$HG01123#2#JAGYYY010000006.1_51579630_51892388_0	0.0795648902988757 Allentoft
VK61 HG02818#2#JAHEOR010000010.1_31775319_32183091_1$HG00741#2#JAHALX010000013.1_51574319_51981226_0	0.0795645625253605 Allentoft
VK61 HG01978#2#JAGYVR010000007.1_51532241_51939176_0$HG02300.verkko_filt_pat.fa:haplotype2_0000620_143362344_143769323_1	0.0795645625253605 Allentoft
VK61 AV_HG02257#haplotype2#0001152:102843493_103251377$HG02717#1#JAHAOS010000015.1_16660311_17067250_0	0.0795645625253605 Allentoft
VK61 AV_HG00673#haplotype1#0000019:16627360_17129375$HG02886#2#JAHAOT010000031.1_87393_401061_0	0.0795632514718069 Allentoft
VK61 AV_HG01361#haplotype2#0001322:101872897_102186552$HG03540#1#JAGYVY010000208.1_95187_596142_0	0.0795622682241723 Allentoft
VK61 HG00741#1#JAHALY010000007.1_18781197_19307680_1$NA19240#1#JAHEOM010000047.1_30103390_30511199_1	0.0795602741383429 Allentoft
VK61 HG01978#2#JAGYVR010000007.1_51532241_51939176_0$HG02071.verkko_filt_mat.fa:haplotype1_0000041_103610513_104018399_0	0.0795589909953100 Allentoft
VK61 HG01123#1#JAGYYZ010000015.1_51528240_51935090_0$HG02622#1#JAHAOO010000002.1_16673678_17080663_0	0.0795589909953100 Allentoft
VK61 HG00621#1#JAHBCD010000034.1_2122997_2624098_1$HG02723#1#JAHEOU010000204.1_2102082_2414876_1	0.0795589909953100 Allentoft
VK61 AV_HG00673#haplotype1#0000019:16627360_17129375$HG01123#2#JAGYYY010000006.1_51579630_51892388_0	0.0795586632946969 Allentoft
VK61 chr1_hg38_103456064_103863972_0$HG02071.verkko_filt_mat.fa:haplotype1_0000041_103610513_104018399_0	0.0795580079056186 Allentoft
VK61 chr1_hg19_103998686_104406594_0$HG02071.verkko_filt_mat.fa:haplotype1_0000041_103610513_104018399_0	0.0795580079056186 Allentoft
VK61 HG01978#2#JAGYVR010000007.1_51532241_51939176_0$HG002.verkko_filt_mat.fa:haplotype1_0000005_138228497_138636354_1	0.0795563695037818 Allentoft
VK61 HG00621#2#JAHBCC010000031.1_16669999_17077865_0$chr1_hg38_103456064_103863972_0	0.0795560418355610 Allentoft
VK61 HG00621#2#JAHBCC010000031.1_16669999_17077865_0$chr1_hg19_103998686_104406594_0	0.0795560418355610 Allentoft
VK61 HG02818#2#JAHEOR010000010.1_31775319_32183091_1$HG00741#1#JAHALY010000007.1_18781197_19307680_1	0.0795559273387214 Allentoft
VK61 HG02622#1#JAHAOO010000002.1_16673678_17080663_0$HG01258#2#JAGYYU010000072.1_51562603_51970395_0	0.0795557141713888 Allentoft
VK61 AV_HG01175#haplotype1#0000070:46006269_46414083$chr1_hg38_103456064_103863972_0	0.0795534206355393 Allentoft
VK61 AV_HG01175#haplotype1#0000070:46006269_46414083$chr1_hg19_103998686_104406594_0	0.0795534206355393 Allentoft
VK61 AV_HG01361#haplotype1#0000023:101593539_102001341$HG02886#1#JAHAOU010000178.1_62411_469262_0	0.0795533814907812 Allentoft
VK61 HG005#1#JAHEPO010000002.1_51519219_51926067_0$HG03927.verkko_filt_mat.fa:haplotype1_0000009_134765170_135173010_1	0.0795517825170883 Allentoft
VK61 HG03453#1#JAGYVW010000157.1_2105722_2585000_1$HG02630#2#JAHAOP010000089.1_16669255_17076135_0	0.0795511756398260 Allentoft
VK61 AV_HG01175#haplotype1#0000070:46006269_46414083$HG01978#2#JAGYVR010000007.1_51532241_51939176_0	0.0795511272980415 Allentoft
VK61 HG00741#1#JAHALY010000007.1_18781197_19307680_1$HG03927.verkko_filt_mat.fa:haplotype1_0000009_134765170_135173010_1	0.0795506663765119 Allentoft
VK61 AV_HG00673#haplotype1#0000019:16627360_17129375$HG02723#1#JAHEOU010000204.1_2102082_2414876_1	0.0795494893212528 Allentoft
VK61 chr1_hg19_103998686_104406594_0$HG02886#1#JAHAOU010000178.1_62411_469262_0	0.0795494080269534 Allentoft
VK61 HG02886#1#JAHAOU010000178.1_62411_469262_0$chr1_hg38_103456064_103863972_0	0.0795494080269534 Allentoft
VK61 HG005#2#JAHEPN010000023.1_51542210_51950070_0$HG02300.verkko_filt_pat.fa:haplotype2_0000620_143362344_143769323_1	0.0795471963237199 Allentoft
VK61 HG02886#1#JAHAOU010000178.1_62411_469262_0$HG01099.verkko_filt_mat.fa:haplotype1_0000034_142513097_142920876_1	0.0795470904479901 Allentoft
VK61 AV_HG01361#haplotype2#0001322:101872897_102186552$HG01099.verkko_filt_pat.fa:haplotype2_0000583_143544270_144046196_1	0.0795465412179866 Allentoft
VK61 HG00621#2#JAHBCC010000031.1_16669999_17077865_0$HG002.verkko_filt_mat.fa:haplotype1_0000005_138228497_138636354_1	0.0795455585897333 Allentoft
VK61 HG00621#2#JAHBCC010000031.1_16669999_17077865_0$HG02071.verkko_filt_mat.fa:haplotype1_0000041_103610513_104018399_0	0.0795435934424662 Allentoft
VK61 chr1_hg38_103456064_103863972_0$HG01978#2#JAGYVR010000007.1_51532241_51939176_0	0.0795432659320813 Allentoft
VK61 chr1_hg19_103998686_104406594_0$HG01978#2#JAGYVR010000007.1_51532241_51939176_0	0.0795432659320813 Allentoft
VK61 AV_HG00673#haplotype2#0001165:24014011_24421797$HG02886#1#JAHAOU010000178.1_62411_469262_0	0.0795401389262704 Allentoft
VK61 HG02622#1#JAHAOO010000002.1_16673678_17080663_0$HG02717#2#JAHAOR010000006.1_19663827_20070693_1	0.0795399910507172 Allentoft
VK61 HG04228.verkko_filt_pat.fa:haplotype2_0000600_103806749_104119491_0$HG02293.verkko_filt_pat.fa:haplotype2_0000836_148310532_148812524_1	0.0795390086651810 Allentoft
VK61 HG03540#1#JAGYVY010000208.1_95187_596142_0$HG03710.verkko_filt_mat.fa:haplotype1_0000029_102593394_102907063_0	0.0795390086651810 Allentoft
VK61 HG00741#2#JAHALX010000013.1_51574319_51981226_0$NA19240#1#JAHEOM010000047.1_30103390_30511199_1	0.0795386812114244 Allentoft
VK61 HG00621#2#JAHBCC010000031.1_16669999_17077865_0$HG01978#2#JAGYVR010000007.1_51532241_51939176_0	0.0795380263160438 Allentoft
VK61 HG005#1#JAHEPO010000002.1_51519219_51926067_0$HG02622#1#JAHAOO010000002.1_16673678_17080663_0	0.0795373714368395 Allentoft
VK61 HG03710.verkko_filt_mat.fa:haplotype1_0000029_102593394_102907063_0$HG01099.verkko_filt_pat.fa:haplotype2_0000583_143544270_144046196_1	0.0795350794870033 Allentoft
VK61 HG02886#1#JAHAOU010000178.1_62411_469262_0$HG02300.verkko_filt_pat.fa:haplotype2_0000620_143362344_143769323_1	0.0795345128385434 Allentoft
VK61 AV_HG02257#haplotype2#0001152:102843493_103251377$HG02145#2#JAHKSF010000206.1_1005292_1413195_1	0.0795337698903378 Allentoft
VK61 HG02559#2#JAGYVJ010000037.1_52167780_52574597_1$HG00741#2#JAHALX010000013.1_51574319_51981226_0	0.0795324603583601 Allentoft
VK61 AV_HG01106#haplotype2#0000932:16673968_17175925$HG00438#2#JAHBCA010000012.1_51513023_51826723_0	0.0795324603583601 Allentoft
VK61 HG01928#1#JAGYVQ010000053.1_16676493_17083407_0$HG02300.verkko_filt_pat.fa:haplotype2_0000620_143362344_143769323_1	0.0795318056166276 Allentoft
VK61 HG02818#2#JAHEOR010000010.1_31775319_32183091_1$HG03927.verkko_filt_mat.fa:haplotype1_0000009_134765170_135173010_1	0.0795301688330386 Allentoft
VK61 AV_HG02148#haplotype2#0002863:16304803_16712699$HG002.verkko_filt_mat.fa:haplotype1_0000005_138228497_138636354_1	0.0795288594789254 Allentoft
VK61 HG03516#2#JAGYYS010000004.1_24452130_24859892_1$HG03579#1#JAGYVU010000029.1_91404_499180_0	0.0795285321505016 Allentoft
VK61 HG02886#2#JAHAOT010000031.1_87393_401061_0$HG02293.verkko_filt_pat.fa:haplotype2_0000836_148310532_148812524_1	0.0795285321505016 Allentoft
VK61 HG02080#2#JAHEOV010000017.1_16662177_17164189_0$HG02293.verkko_filt_mat.fa:haplotype1_0000039_30204405_30517145_1	0.0795282048261196 Allentoft
VK61 HG00621#2#JAHBCC010000031.1_16669999_17077865_0$HG02300.verkko_filt_pat.fa:haplotype2_0000620_143362344_143769323_1	0.0795282048261196 Allentoft
VK61 HG00621#1#JAHBCD010000034.1_2122997_2624098_1$HG03098#2#JAHEPL010000003.1_93803759_94117426_0	0.0795272228772225 Allentoft
VK61 HG01258#2#JAGYYU010000072.1_51562603_51970395_0$HG03927.verkko_filt_mat.fa:haplotype1_0000009_134765170_135173010_1	0.0795268955690063 Allentoft
VK61 AV_HG01175#haplotype1#0000070:46006269_46414083$HG02071.verkko_filt_mat.fa:haplotype1_0000041_103610513_104018399_0	0.0795259136686048 Allentoft
VK61 HG02886#1#JAHAOU010000178.1_62411_469262_0$HG02071.verkko_filt_mat.fa:haplotype1_0000041_103610513_104018399_0	0.0795255797407155 Allentoft
VK61 HG01928#1#JAGYVQ010000053.1_16676493_17083407_0$HG002.verkko_filt_mat.fa:haplotype1_0000005_138228497_138636354_1	0.0795249318045722 Allentoft
VK61 HG01123#2#JAGYYY010000006.1_51579630_51892388_0$HG02293.verkko_filt_pat.fa:haplotype2_0000836_148310532_148812524_1	0.0795246045246430 Allentoft
VK61 HG03486#1#JAHEOQ010000123.1_16677696_17085575_0$HG02300.verkko_filt_pat.fa:haplotype2_0000620_143362344_143769323_1	0.0795232954453319 Allentoft
VK61 HG03486#1#JAHEOQ010000123.1_16677696_17085575_0$chr1_hg38_103456064_103863972_0	0.0795229681856052 Allentoft
VK61 HG03486#1#JAHEOQ010000123.1_16677696_17085575_0$chr1_hg19_103998686_104406594_0	0.0795229681856052 Allentoft
VK61 HG02559#1#JAGYVK010000012.1_51505852_51913611_0$HG03516#2#JAGYYS010000004.1_24452130_24859892_1	0.0795229681856052 Allentoft
VK61 AV_HG01175#haplotype1#0000070:46006269_46414083$HG00621#2#JAHBCC010000031.1_16669999_17077865_0	0.0795226409299187 Allentoft
VK61 HG02886#1#JAHAOU010000178.1_62411_469262_0$HG002.verkko_filt_mat.fa:haplotype1_0000005_138228497_138636354_1	0.0795216104410778 Allentoft
VK61 HG00438#2#JAHBCA010000012.1_51513023_51826723_0$HG01978#1#JAGYVS010000002.1_51519970_52021951_0	0.0795213319475736 Allentoft
VK61 HG03098#2#JAHEPL010000003.1_93803759_94117426_0$HG02080#2#JAHEOV010000017.1_16662177_17164189_0	0.0795200230298660 Allentoft
VK61 AV_HG01175#haplotype1#0000070:46006269_46414083$HG02886#1#JAHAOU010000178.1_62411_469262_0	0.0795196260141272 Allentoft
VK61 AV_HG02148#haplotype2#0002863:16304803_16712699$chr1_hg38_103456064_103863972_0	0.0795151151640481 Allentoft
VK61 AV_HG02148#haplotype2#0002863:16304803_16712699$chr1_hg19_103998686_104406594_0	0.0795151151640481 Allentoft
VK61 NA19240#1#JAHEOM010000047.1_30103390_30511199_1$HG03927.verkko_filt_mat.fa:haplotype1_0000009_134765170_135173010_1	0.0795147880053027 Allentoft
VK61 HG02723#1#JAHEOU010000204.1_2102082_2414876_1$HG02293.verkko_filt_pat.fa:haplotype2_0000836_148310532_148812524_1	0.0795141336999264 Allentoft
VK61 HG01928#1#JAGYVQ010000053.1_16676493_17083407_0$HG02071.verkko_filt_mat.fa:haplotype1_0000041_103610513_104018399_0	0.0795131522721468 Allentoft
VK61 HG02559#1#JAGYVK010000012.1_51505852_51913611_0$HG03579#1#JAGYVU010000029.1_91404_499180_0	0.0795118437583023 Allentoft
VK61 HG005#2#JAHEPN010000023.1_51542210_51950070_0$HG002.verkko_filt_mat.fa:haplotype1_0000005_138228497_138636354_1	0.0795108624153121 Allentoft
VK61 HG02080#2#JAHEOV010000017.1_16662177_17164189_0$HG03710.verkko_filt_mat.fa:haplotype1_0000029_102593394_102907063_0	0.0795105353090566 Allentoft
VK61 HG00621#1#JAHBCD010000034.1_2122997_2624098_1$HG03710.verkko_filt_mat.fa:haplotype1_0000029_102593394_102907063_0	0.0795092269244043 Allentoft
VK61 HG02004.verkko_filt_mat.fa:haplotype1_0000022_97828542_98235483_0$HG02300.verkko_filt_pat.fa:haplotype2_0000620_143362344_143769323_1	0.0795088998383334 Allentoft
VK61 HG02886#2#JAHAOT010000031.1_87393_401061_0$HG04228.verkko_filt_mat.fa:haplotype1_0000023_103429213_103930285_0	0.0795072644685273 Allentoft
VK61 HG02004.verkko_filt_mat.fa:haplotype1_0000022_97828542_98235483_0$HG002.verkko_filt_mat.fa:haplotype1_0000005_138228497_138636354_1	0.0795072644685273 Allentoft
VK61 HG02071.verkko_filt_mat.fa:haplotype1_0000041_103610513_104018399_0$HG02004.verkko_filt_mat.fa:haplotype1_0000022_97828542_98235483_0	0.0795066103488592 Allentoft
VK61 HG03486#1#JAHEOQ010000123.1_16677696_17085575_0$HG02071.verkko_filt_mat.fa:haplotype1_0000041_103610513_104018399_0	0.0795059562453356 Allentoft
VK61 AV_HG02257#haplotype2#0001152:102843493_103251377$HG02818#1#JAHEOS010000101.1_89626_496613_0	0.0795059562453356 Allentoft
VK61 HG03453#2#JAGYVV010000088.1_22597550_23005370_1$HG002.verkko_filt_mat.fa:haplotype1_0000005_138228497_138636354_1	0.0795056291996277 Allentoft
VK61 AV_HG01361#haplotype2#0001322:101872897_102186552$HG00621#1#JAHBCD010000034.1_2122997_2624098_1	0.0795049751203194 Allentoft
VK61 AV_HG01175#haplotype1#0000070:46006269_46414083$HG03486#1#JAHEOQ010000123.1_16677696_17085575_0	0.0795033399926717 Allentoft
VK61 HG01928#1#JAGYVQ010000053.1_16676493_17083407_0$chr1_hg38_103456064_103863972_0	0.0795026859698600 Allentoft
VK61 HG01928#1#JAGYVQ010000053.1_16676493_17083407_0$chr1_hg19_103998686_104406594_0	0.0795026859698600 Allentoft
VK61 HG02886#1#JAHAOU010000178.1_62411_469262_0$HG01978#2#JAGYVR010000007.1_51532241_51939176_0	0.0795021033590830 Allentoft
VK61 HG00621#2#JAHBCC010000031.1_16669999_17077865_0$HG02886#1#JAHAOU010000178.1_62411_469262_0	0.0795017728542830 Allentoft
VK61 HG03486#1#JAHEOQ010000123.1_16677696_17085575_0$HG002.verkko_filt_mat.fa:haplotype1_0000005_138228497_138636354_1	0.0795013779726573 Allentoft
VK61 HG03486#1#JAHEOQ010000123.1_16677696_17085575_0$HG01978#2#JAGYVR010000007.1_51532241_51939176_0	0.0795010509834438 Allentoft
VK61 HG005#2#JAHEPN010000023.1_51542210_51950070_0$HG02071.verkko_filt_mat.fa:haplotype1_0000041_103610513_104018399_0	0.0795010509834438 Allentoft
VK61 HG04228.verkko_filt_pat.fa:haplotype2_0000600_103806749_104119491_0$HG04228.verkko_filt_mat.fa:haplotype1_0000023_103429213_103930285_0	0.0795007239982649 Allentoft
VK61 chr1_hg19_103998686_104406594_0$chr1_hg38_103456064_103863972_0	0.0795003970171207 Allentoft
VK61 AV_HG01361#haplotype2#0001322:101872897_102186552$HG02080#2#JAHEOV010000017.1_16662177_17164189_0	0.0794997430669356 Allentoft
VK61 HG03453#2#JAGYVV010000088.1_22597550_23005370_1$HG02300.verkko_filt_pat.fa:haplotype2_0000620_143362344_143769323_1	0.0794994160978947 Allentoft
VK61 AV_HG02148#haplotype2#0002863:16304803_16712699$HG01978#2#JAGYVR010000007.1_51532241_51939176_0	0.0794990891328880 Allentoft
VK61 HG02886#1#JAHAOU010000178.1_62411_469262_0$NA18906#1#JAHEOO010000054.1_2103477_2510435_1	0.0794978071181655 Allentoft
VK61 HG01123#2#JAGYYY010000006.1_51579630_51892388_0$HG04228.verkko_filt_mat.fa:haplotype1_0000023_103429213_103930285_0	0.0794968004907940 Allentoft
VK61 AV_HG01175#haplotype1#0000070:46006269_46414083$HG01928#1#JAGYVQ010000053.1_16676493_17083407_0	0.0794968004907940 Allentoft
VK61 chr1_hg38_103456064_103863972_0$HG03453#2#JAGYVV010000088.1_22597550_23005370_1	0.0794951658674511 Allentoft
VK61 chr1_hg19_103998686_104406594_0$HG03453#2#JAGYVV010000088.1_22597550_23005370_1	0.0794951658674511 Allentoft
VK61 HG00621#2#JAHBCC010000031.1_16669999_17077865_0$HG01928#1#JAGYVQ010000053.1_16676493_17083407_0	0.0794948389548824 Allentoft
VK61 HG02145#2#JAHKSF010000206.1_1005292_1413195_1$HG02818#1#JAHEOS010000101.1_89626_496613_0	0.0794941851418443 Allentoft
VK61 chr1_hg38_103456064_103863972_0$HG02004.verkko_filt_mat.fa:haplotype1_0000022_97828542_98235483_0	0.0794935313449380 Allentoft
VK61 chr1_hg19_103998686_104406594_0$HG02004.verkko_filt_mat.fa:haplotype1_0000022_97828542_98235483_0	0.0794935313449380 Allentoft
VK61 HG02486#2#JAGYVL010000029.1_94163344_94570162_0$NA19240#2#JAHEOL010000010.1_37445323_37853017_0	0.0794928507824724 Allentoft
VK61 HG02717#1#JAHAOS010000015.1_16660311_17067250_0$HG02886#1#JAHAOU010000178.1_62411_469262_0	0.0794925203930525 Allentoft
VK61 HG03453#2#JAGYVV010000088.1_22597550_23005370_1$HG02071.verkko_filt_mat.fa:haplotype1_0000041_103610513_104018399_0	0.0794918969232444 Allentoft
VK61 HG02717#1#JAHAOS010000015.1_16660311_17067250_0$HG02622#1#JAHAOO010000002.1_16673678_17080663_0	0.0794918969232444 Allentoft
VK61 AV_HG00673#haplotype1#0000019:16627360_17129375$HG02293.verkko_filt_mat.fa:haplotype1_0000039_30204405_30517145_1	0.0794912431827941 Allentoft
VK61 AV_HG01175#haplotype1#0000070:46006269_46414083$HG005#2#JAHEPN010000023.1_51542210_51950070_0	0.0794905894584726 Allentoft
VK61 AV_HG01175#haplotype1#0000070:46006269_46414083$HG02004.verkko_filt_mat.fa:haplotype1_0000022_97828542_98235483_0	0.0794896089022304 Allentoft
VK61 HG02622#1#JAHAOO010000002.1_16673678_17080663_0$NA18906#1#JAHEOO010000054.1_2103477_2510435_1	0.0794879747224613 Allentoft
VK61 chr1_hg38_103456064_103863972_0$HG005#2#JAHEPN010000023.1_51542210_51950070_0	0.0794866674512112 Allentoft
VK61 chr1_hg19_103998686_104406594_0$HG005#2#JAHEPN010000023.1_51542210_51950070_0	0.0794866674512112 Allentoft
VK61 AV_HG02148#haplotype2#0002863:16304803_16712699$HG02071.verkko_filt_mat.fa:haplotype1_0000041_103610513_104018399_0	0.0794863406434765 Allentoft
VK61 HG00621#1#JAHBCD010000034.1_2122997_2624098_1$HG02293.verkko_filt_mat.fa:haplotype1_0000039_30204405_30517145_1	0.0794843798817153 Allentoft
VK61 HG00621#2#JAHBCC010000031.1_16669999_17077865_0$HG02004.verkko_filt_mat.fa:haplotype1_0000022_97828542_98235483_0	0.0794837263267061 Allentoft
VK61 AV_HG02257#haplotype2#0001152:102843493_103251377$NA19240#2#JAHEOL010000010.1_37445323_37853017_0	0.0794832711614902 Allentoft
VK61 NA19240#1#JAHEOM010000047.1_30103390_30511199_1$HG03516#2#JAGYYS010000004.1_24452130_24859892_1	0.0794830727878181 Allentoft
VK61 AV_HG00673#haplotype1#0000019:16627360_17129375$HG03098#2#JAHEPL010000003.1_93803759_94117426_0	0.0794830727878181 Allentoft
VK61 HG00621#2#JAHBCC010000031.1_16669999_17077865_0$HG005#2#JAHEPN010000023.1_51542210_51950070_0	0.0794827460244193 Allentoft
VK61 HG03453#2#JAGYVV010000088.1_22597550_23005370_1$HG01978#2#JAGYVR010000007.1_51532241_51939176_0	0.0794817657584030 Allentoft
VK61 HG03453#1#JAGYVW010000157.1_2105722_2585000_1$HG03492#2#JAHEPH010000288.1_2098270_2432686_1	0.0794814390111239 Allentoft
VK61 HG02886#1#JAHAOU010000178.1_62411_469262_0$HG005#2#JAHEPN010000023.1_51542210_51950070_0	0.0794806291168424 Allentoft
VK61 HG01123#2#JAGYYY010000006.1_51579630_51892388_0$HG02071.verkko_filt_pat.fa:haplotype2_0000736_102745972_103248026_0	0.0794791518929976 Allentoft
VK61 AV_HG02148#haplotype2#0002863:16304803_16712699$HG02886#1#JAHAOU010000178.1_62411_469262_0	0.0794783175438879 Allentoft
VK61 HG03453#1#JAGYVW010000157.1_2105722_2585000_1$HG01243#1#JAHEOY010000013.1_90081_424495_0	0.0794781717599536 Allentoft
VK61 HG00741#2#JAHALX010000013.1_51574319_51981226_0$HG03927.verkko_filt_mat.fa:haplotype1_0000009_134765170_135173010_1	0.0794765382854568 Allentoft
VK61 AV_HG00673#haplotype1#0000019:16627360_17129375$HG03710.verkko_filt_mat.fa:haplotype1_0000029_102593394_102907063_0	0.0794762116026432 Allentoft
VK61 HG02145#2#JAHKSF010000206.1_1005292_1413195_1$NA19240#2#JAHEOL010000010.1_37445323_37853017_0	0.0794760061726073 Allentoft
VK61 HG03486#1#JAHEOQ010000123.1_16677696_17085575_0$HG02886#1#JAHAOU010000178.1_62411_469262_0	0.0794756759931715 Allentoft
VK61 HG02818#2#JAHEOR010000010.1_31775319_32183091_1$HG03579#1#JAGYVU010000029.1_91404_499180_0	0.0794755582491010 Allentoft
VK61 HG04228.verkko_filt_pat.fa:haplotype2_0000600_103806749_104119491_0$HG02071.verkko_filt_pat.fa:haplotype2_0000736_102745972_103248026_0	0.0794752315783723 Allentoft
VK61 AV_HG02148#haplotype2#0002863:16304803_16712699$HG02300.verkko_filt_pat.fa:haplotype2_0000620_143362344_143769323_1	0.0794749049116718 Allentoft
VK61 HG02723#1#JAHEOU010000204.1_2102082_2414876_1$HG04228.verkko_filt_mat.fa:haplotype1_0000023_103429213_103930285_0	0.0794739249357381 Allentoft
VK61 HG02818#2#JAHEOR010000010.1_31775319_32183091_1$HG03516#2#JAGYYS010000004.1_24452130_24859892_1	0.0794729449960547 Allentoft
VK61 HG02630#1#JAHAOQ010000102.1_16672145_17079089_0$HG02886#1#JAHAOU010000178.1_62411_469262_0	0.0794717141608967 Allentoft
VK61 HG02818#1#JAHEOS010000101.1_89626_496613_0$NA19240#2#JAHEOL010000010.1_37445323_37853017_0	0.0794710539131188 Allentoft
VK61 HG02886#2#JAHAOT010000031.1_87393_401061_0$HG02071.verkko_filt_pat.fa:haplotype2_0000736_102745972_103248026_0	0.0794700053944839 Allentoft
VK61 AV_HG01175#haplotype1#0000070:46006269_46414083$AV_HG02148#haplotype2#0002863:16304803_16712699	0.0794693521939875 Allentoft
VK61 NA18906#1#JAHEOO010000054.1_2103477_2510435_1$HG03516#1#JAGYYT010000012.1_24170958_24578778_1	0.0794664326393936 Allentoft
VK61 HG00621#2#JAHBCC010000031.1_16669999_17077865_0$HG03486#1#JAHEOQ010000123.1_16677696_17085575_0	0.0794654333292244 Allentoft
VK61 HG01928#1#JAGYVQ010000053.1_16676493_17083407_0$HG02886#1#JAHAOU010000178.1_62411_469262_0	0.0794651124235402 Allentoft
VK61 NA19240#1#JAHEOM010000047.1_30103390_30511199_1$HG03579#1#JAGYVU010000029.1_91404_499180_0	0.0794628210747771 Allentoft
VK61 AV_HG02148#haplotype2#0002863:16304803_16712699$HG005#2#JAHEPN010000023.1_51542210_51950070_0	0.0794628210747771 Allentoft
VK61 AV_HG00673#haplotype1#0000019:16627360_17129375$AV_HG01361#haplotype2#0001322:101872897_102186552	0.0794608620529938 Allentoft
VK61 AV_HG02148#haplotype2#0002863:16304803_16712699$HG00621#2#JAHBCC010000031.1_16669999_17077865_0	0.0794602090779295 Allentoft
VK61 HG02723#1#JAHEOU010000204.1_2102082_2414876_1$HG02071.verkko_filt_pat.fa:haplotype2_0000736_102745972_103248026_0	0.0794595561189626 Allentoft
VK61 HG01123#1#JAGYYZ010000015.1_51528240_51935090_0$HG01258#2#JAGYYU010000072.1_51562603_51970395_0	0.0794585767106933 Allentoft
VK61 AV_HG01175#haplotype1#0000070:46006269_46414083$HG03453#2#JAGYVV010000088.1_22597550_23005370_1	0.0794585767106933 Allentoft
VK61 HG02630#1#JAHAOQ010000102.1_16672145_17079089_0$HG02622#1#JAHAOO010000002.1_16673678_17080663_0	0.0794582502493182 Allentoft
VK61 HG02293.verkko_filt_mat.fa:haplotype1_0000039_30204405_30517145_1$HG02293.verkko_filt_pat.fa:haplotype2_0000836_148310532_148812524_1	0.0794572708893355 Allentoft
VK61 AV_HG02148#haplotype2#0002863:16304803_16712699$HG01928#1#JAGYVQ010000053.1_16676493_17083407_0	0.0794566180027984 Allentoft
VK61 HG02622#1#JAHAOO010000002.1_16673678_17080663_0$HG00741#2#JAHALX010000013.1_51574319_51981226_0	0.0794562915655650 Allentoft
VK61 HG02080#2#JAHEOV010000017.1_16662177_17164189_0$HG00733#1#JAHEPQ010000019.1_46106835_46420495_0	0.0794559651323550 Allentoft
VK61 HG01258#2#JAGYYU010000072.1_51562603_51970395_0$HG02717#2#JAHAOR010000006.1_19663827_20070693_1	0.0794559651323550 Allentoft
VK61 HG01123#1#JAGYYZ010000015.1_51528240_51935090_0$HG02717#2#JAHAOR010000006.1_19663827_20070693_1	0.0794559651323550 Allentoft
VK61 HG03486#1#JAHEOQ010000123.1_16677696_17085575_0$HG01928#1#JAGYVQ010000053.1_16676493_17083407_0	0.0794546594397467 Allentoft
VK61 AV_HG02148#haplotype2#0002863:16304803_16712699$HG03486#1#JAHEOQ010000123.1_16677696_17085575_0	0.0794540066175805 Allentoft
VK61 HG005#1#JAHEPO010000002.1_51519219_51926067_0$HG02717#2#JAHAOR010000006.1_19663827_20070693_1	0.0794533538115053 Allentoft
VK61 HG03098#2#JAHEPL010000003.1_93803759_94117426_0$HG02293.verkko_filt_pat.fa:haplotype2_0000836_148310532_148812524_1	0.0794523746325619 Allentoft
VK61 HG005#1#JAHEPO010000002.1_51519219_51926067_0$HG01258#2#JAGYYU010000072.1_51562603_51970395_0	0.0794520482476255 Allentoft
VK61 HG02886#1#JAHAOU010000178.1_62411_469262_0$HG02004.verkko_filt_mat.fa:haplotype1_0000022_97828542_98235483_0	0.0794519138829976 Allentoft
VK61 HG01978#2#JAGYVR010000007.1_51532241_51939176_0$HG005#2#JAHEPN010000023.1_51542210_51950070_0	0.0794510691169497 Allentoft
VK61 HG005#1#JAHEPO010000002.1_51519219_51926067_0$HG01123#1#JAGYYZ010000015.1_51528240_51935090_0	0.0794500900224722 Allentoft
VK61 HG02818#2#JAHEOR010000010.1_31775319_32183091_1$HG02559#1#JAGYVK010000012.1_51505852_51913611_0	0.0794491109641905 Allentoft
VK61 HG00621#1#JAHBCD010000034.1_2122997_2624098_1$HG00733#1#JAHEPQ010000019.1_46106835_46420495_0	0.0794481319421026 Allentoft
VK61 HG03486#1#JAHEOQ010000123.1_16677696_17085575_0$HG02004.verkko_filt_mat.fa:haplotype1_0000022_97828542_98235483_0	0.0794468266356162 Allentoft
VK61 HG00621#2#JAHBCC010000031.1_16669999_17077865_0$HG03453#2#JAGYVV010000088.1_22597550_23005370_1	0.0794468266356162 Allentoft
VK61 HG02717#1#JAHAOS010000015.1_16660311_17067250_0$HG03516#1#JAGYYT010000012.1_24170958_24578778_1	0.0794446574883618 Allentoft
VK61 HG02886#1#JAHAOU010000178.1_62411_469262_0$HG03453#2#JAGYVV010000088.1_22597550_23005370_1	0.0794443276994803 Allentoft
VK61 HG02559#1#JAGYVK010000012.1_51505852_51913611_0$NA19240#1#JAHEOM010000047.1_30103390_30511199_1	0.0794429111021468 Allentoft
VK61 HG02630#1#JAHAOQ010000102.1_16672145_17079089_0$HG03516#1#JAGYYT010000012.1_24170958_24578778_1	0.0794423490524358 Allentoft
VK61 HG03486#1#JAHEOQ010000123.1_16677696_17085575_0$HG03453#2#JAGYVV010000088.1_22597550_23005370_1	0.0794419323092340 Allentoft
VK61 NA19240#2#JAHEOL010000010.1_37445323_37853017_0$HG02300.verkko_filt_pat.fa:haplotype2_0000620_143362344_143769323_1	0.0794407002928279 Allentoft
VK61 HG03710.verkko_filt_mat.fa:haplotype1_0000029_102593394_102907063_0$HG02293.verkko_filt_pat.fa:haplotype2_0000836_148310532_148812524_1	0.0794396485997901 Allentoft
VK61 AV_HG02148#haplotype2#0002863:16304803_16712699$HG02004.verkko_filt_mat.fa:haplotype1_0000022_97828542_98235483_0	0.0794396485997901 Allentoft
VK61 HG03486#1#JAHEOQ010000123.1_16677696_17085575_0$HG005#2#JAHEPN010000023.1_51542210_51950070_0	0.0794367126913071 Allentoft
VK61 HG01928#1#JAGYVQ010000053.1_16676493_17083407_0$HG03453#2#JAGYVV010000088.1_22597550_23005370_1	0.0794367126913071 Allentoft
VK61 NA19240#2#JAHEOL010000010.1_37445323_37853017_0$HG02809.verkko_filt_pat.fa:haplotype2_0001251_103421111_103827972_0	0.0794354249518492 Allentoft
VK61 HG03098#2#JAHEPL010000003.1_93803759_94117426_0$HG03540#1#JAGYVY010000208.1_95187_596142_0	0.0794308418507492 Allentoft
VK61 HG03098#2#JAHEPL010000003.1_93803759_94117426_0$HG01099.verkko_filt_pat.fa:haplotype2_0000583_143544270_144046196_1	0.0794295373962748 Allentoft
VK61 HG03453#2#JAGYVV010000088.1_22597550_23005370_1$HG005#2#JAHEPN010000023.1_51542210_51950070_0	0.0794285590975933 Allentoft
VK61 HG03098#2#JAHEPL010000003.1_93803759_94117426_0$HG04228.verkko_filt_mat.fa:haplotype1_0000023_103429213_103930285_0	0.0794285590975933 Allentoft
VK61 HG01928#1#JAGYVQ010000053.1_16676493_17083407_0$HG01978#2#JAGYVR010000007.1_51532241_51939176_0	0.0794279069185541 Allentoft
VK61 AV_HG01361#haplotype2#0001322:101872897_102186552$HG02293.verkko_filt_pat.fa:haplotype2_0000836_148310532_148812524_1	0.0794275808350587 Allentoft
VK61 AV_HG02257#haplotype2#0001152:102843493_103251377$HG02886#1#JAHAOU010000178.1_62411_469262_0	0.0794265251965459 Allentoft
VK61 AV_HG01361#haplotype2#0001322:101872897_102186552$HG04228.verkko_filt_mat.fa:haplotype1_0000023_103429213_103930285_0	0.0794246462643144 Allentoft
VK61 HG04228.verkko_filt_mat.fa:haplotype1_0000023_103429213_103930285_0$HG03710.verkko_filt_mat.fa:haplotype1_0000029_102593394_102907063_0	0.0794230160877748 Allentoft
VK61 HG03453#2#JAGYVV010000088.1_22597550_23005370_1$HG02004.verkko_filt_mat.fa:haplotype1_0000022_97828542_98235483_0	0.0794230160877748 Allentoft
VK61 AV_HG00673#haplotype1#0000019:16627360_17129375$HG00733#1#JAHEPQ010000019.1_46106835_46420495_0	0.0794230160877748 Allentoft
VK61 HG02145#2#JAHKSF010000206.1_1005292_1413195_1$HG02886#1#JAHAOU010000178.1_62411_469262_0	0.0794219116861064 Allentoft
VK61 AV_HG02148#haplotype2#0002863:16304803_16712699$HG03453#2#JAGYVV010000088.1_22597550_23005370_1	0.0794138889537566 Allentoft
VK61 NA19240#2#JAHEOL010000010.1_37445323_37853017_0$HG002.verkko_filt_mat.fa:haplotype1_0000005_138228497_138636354_1	0.0794133458706004 Allentoft
VK61 HG00741#1#JAHALY010000007.1_18781197_19307680_1$HG02886#1#JAHAOU010000178.1_62411_469262_0	0.0794115567424176 Allentoft
VK61 HG01928#1#JAGYVQ010000053.1_16676493_17083407_0$HG005#2#JAHEPN010000023.1_51542210_51950070_0	0.0794112817790761 Allentoft
VK61 AV_HG02257#haplotype2#0001152:102843493_103251377$HG02622#1#JAHAOO010000002.1_16673678_17080663_0	0.0794090007118599 Allentoft
VK61 HG005#2#JAHEPN010000023.1_51542210_51950070_0$HG02004.verkko_filt_mat.fa:haplotype1_0000022_97828542_98235483_0	0.0794067198412016 Allentoft
VK61 chr1_hg38_103456064_103863972_0$NA19240#2#JAHEOL010000010.1_37445323_37853017_0	0.0794047828260188 Allentoft
VK61 chr1_hg19_103998686_104406594_0$NA19240#2#JAHEOL010000010.1_37445323_37853017_0	0.0794047828260188 Allentoft
VK61 HG02293.verkko_filt_mat.fa:haplotype1_0000039_30204405_30517145_1$HG02071.verkko_filt_pat.fa:haplotype2_0000736_102745972_103248026_0	0.0794028102344323 Allentoft
VK61 HG02886#1#JAHAOU010000178.1_62411_469262_0$HG02109#1#JAHEPG010000026.1_16673035_17080816_0	0.0794024778641807 Allentoft
VK61 HG02080#2#JAHEOV010000017.1_16662177_17164189_0$HG00438#2#JAHBCA010000012.1_51513023_51826723_0	0.0794002041507138 Allentoft
VK61 HG04228.verkko_filt_mat.fa:haplotype1_0000023_103429213_103930285_0$HG02293.verkko_filt_mat.fa:haplotype1_0000039_30204405_30517145_1	0.0793982497563120 Allentoft
VK61 NA19240#2#JAHEOL010000010.1_37445323_37853017_0$HG02071.verkko_filt_mat.fa:haplotype1_0000041_103610513_104018399_0	0.0793968809352830 Allentoft
VK61 HG01978#2#JAGYVR010000007.1_51532241_51939176_0$NA19240#2#JAHEOL010000010.1_37445323_37853017_0	0.0793965517410282 Allentoft
VK61 HG03516#1#JAGYYT010000012.1_24170958_24578778_1$HG02486#2#JAGYVL010000029.1_94163344_94570162_0	0.0793962225508681 Allentoft
VK61 HG00621#1#JAHBCD010000034.1_2122997_2624098_1$HG00438#2#JAHBCA010000012.1_51513023_51826723_0	0.0793943414004270 Allentoft
VK61 HG03098#2#JAHEPL010000003.1_93803759_94117426_0$HG02071.verkko_filt_pat.fa:haplotype2_0000736_102745972_103248026_0	0.0793933644016342 Allentoft
VK61 HG01978#2#JAGYVR010000007.1_51532241_51939176_0$HG02004.verkko_filt_mat.fa:haplotype1_0000022_97828542_98235483_0	0.0793933644016342 Allentoft
VK61 HG02818#2#JAHEOR010000010.1_31775319_32183091_1$NA19240#1#JAHEOM010000047.1_30103390_30511199_1	0.0793930387433849 Allentoft
VK61 HG02145#2#JAHKSF010000206.1_1005292_1413195_1$HG02622#1#JAHAOO010000002.1_16673678_17080663_0	0.0793881543504817 Allentoft
VK61 HG02109#1#JAHEPG010000026.1_16673035_17080816_0$NA19240#2#JAHEOL010000010.1_37445323_37853017_0	0.0793879941273842 Allentoft
VK61 HG02886#1#JAHAOU010000178.1_62411_469262_0$HG02809.verkko_filt_pat.fa:haplotype2_0001251_103421111_103827972_0	0.0793866778170241 Allentoft
VK61 HG02886#1#JAHAOU010000178.1_62411_469262_0$HG02818#1#JAHEOS010000101.1_89626_496613_0	0.0793840453927202 Allentoft
VK61 HG00621#2#JAHBCC010000031.1_16669999_17077865_0$NA19240#2#JAHEOL010000010.1_37445323_37853017_0	0.0793810842283716 Allentoft
VK61 HG03710.verkko_filt_mat.fa:haplotype1_0000029_102593394_102907063_0$HG02071.verkko_filt_pat.fa:haplotype2_0000736_102745972_103248026_0	0.0793806666986093 Allentoft
VK61 HG02886#1#JAHAOU010000178.1_62411_469262_0$HG03516#2#JAGYYS010000004.1_24452130_24859892_1	0.0793794392802446 Allentoft
VK61 HG01928#1#JAGYVQ010000053.1_16676493_17083407_0$HG02004.verkko_filt_mat.fa:haplotype1_0000022_97828542_98235483_0	0.0793770863965666 Allentoft
VK61 HG00741#2#JAHALX010000013.1_51574319_51981226_0$HG02717#2#JAHAOR010000006.1_19663827_20070693_1	0.0793764354846053 Allentoft
VK61 HG01258#2#JAGYYU010000072.1_51562603_51970395_0$HG00741#2#JAHALX010000013.1_51574319_51981226_0	0.0793751337087201 Allentoft
VK61 AV_HG01175#haplotype1#0000070:46006269_46414083$NA19240#2#JAHEOL010000010.1_37445323_37853017_0	0.0793738472214277 Allentoft
VK61 HG02080#1#JAHEOW010000048.1_16689583_17097287_0$HG01109#1#JAHEPA010000099.1_2104245_2511104_1	0.0793715449524580 Allentoft
VK61 HG00733#1#JAHEPQ010000019.1_46106835_46420495_0$HG02293.verkko_filt_pat.fa:haplotype2_0000836_148310532_148812524_1	0.0793689511477954 Allentoft
VK61 HG02559#2#JAGYVJ010000037.1_52167780_52574597_1$HG02886#1#JAHAOU010000178.1_62411_469262_0	0.0793682563442788 Allentoft
VK61 HG00733#1#JAHEPQ010000019.1_46106835_46420495_0$HG04228.verkko_filt_mat.fa:haplotype1_0000023_103429213_103930285_0	0.0793679750860219 Allentoft
VK61 HG01109#1#JAHEPA010000099.1_2104245_2511104_1$HG02300.verkko_filt_mat.fa:haplotype1_0000028_144052837_144460586_1	0.0793672698415328 Allentoft
VK61 HG02886#1#JAHAOU010000178.1_62411_469262_0$HG03927.verkko_filt_mat.fa:haplotype1_0000009_134765170_135173010_1	0.0793659545617574 Allentoft
VK61 AV_HG01361#haplotype2#0001322:101872897_102186552$HG02071.verkko_filt_pat.fa:haplotype2_0000736_102745972_103248026_0	0.0793653724306650 Allentoft
VK61 HG02559#1#JAGYVK010000012.1_51505852_51913611_0$HG02886#1#JAHAOU010000178.1_62411_469262_0	0.0793639817646961 Allentoft
VK61 HG02886#1#JAHAOU010000178.1_62411_469262_0$HG03579#1#JAGYVU010000029.1_91404_499180_0	0.0793623378795185 Allentoft
VK61 HG005#1#JAHEPO010000002.1_51519219_51926067_0$HG00741#2#JAHALX010000013.1_51574319_51981226_0	0.0793614689276617 Allentoft
VK61 AV_HG00673#haplotype1#0000019:16627360_17129375$HG00438#2#JAHBCA010000012.1_51513023_51826723_0	0.0793608183998232 Allentoft
VK61 HG03486#1#JAHEOQ010000123.1_16677696_17085575_0$NA19240#2#JAHEOL010000010.1_37445323_37853017_0	0.0793603653521375 Allentoft
VK61 AV_HG02148#haplotype2#0002863:16304803_16712699$NA19240#2#JAHEOL010000010.1_37445323_37853017_0	0.0793583929718289 Allentoft
VK61 AV_HG01361#haplotype1#0000023:101593539_102001341$HG01109#1#JAHEPA010000099.1_2104245_2511104_1	0.0793570781333211 Allentoft
VK61 NA19240#2#JAHEOL010000010.1_37445323_37853017_0$HG02004.verkko_filt_mat.fa:haplotype1_0000022_97828542_98235483_0	0.0793531340098880 Allentoft
VK61 HG01109#1#JAHEPA010000099.1_2104245_2511104_1$HG01099.verkko_filt_mat.fa:haplotype1_0000034_142513097_142920876_1	0.0793528053594799 Allentoft
VK61 HG01928#1#JAGYVQ010000053.1_16676493_17083407_0$NA19240#2#JAHEOL010000010.1_37445323_37853017_0	0.0793511621686887 Allentoft
VK61 HG01123#1#JAGYYZ010000015.1_51528240_51935090_0$HG00741#2#JAHALX010000013.1_51574319_51981226_0	0.0793504121295408 Allentoft
VK61 HG02622#1#JAHAOO010000002.1_16673678_17080663_0$NA19240#2#JAHEOL010000010.1_37445323_37853017_0	0.0793482046824851 Allentoft
VK61 AV_HG02257#haplotype2#0001152:102843493_103251377$HG03516#1#JAGYYT010000012.1_24170958_24578778_1	0.0793432762735809 Allentoft
VK61 HG02622#1#JAHAOO010000002.1_16673678_17080663_0$HG02818#1#JAHEOS010000101.1_89626_496613_0	0.0793429351507848 Allentoft
VK61 HG005#2#JAHEPN010000023.1_51542210_51950070_0$NA19240#2#JAHEOL010000010.1_37445323_37853017_0	0.0793416336746744 Allentoft
VK61 HG00741#1#JAHALY010000007.1_18781197_19307680_1$NA19240#2#JAHEOL010000010.1_37445323_37853017_0	0.0793340813635888 Allentoft
VK61 HG00733#1#JAHEPQ010000019.1_46106835_46420495_0$HG02071.verkko_filt_pat.fa:haplotype2_0000736_102745972_103248026_0	0.0793335106677307 Allentoft
VK61 HG01123#1#JAGYYZ010000015.1_51528240_51935090_0$NA19240#2#JAHEOL010000010.1_37445323_37853017_0	0.0793321086123829 Allentoft
VK61 HG02145#2#JAHKSF010000206.1_1005292_1413195_1$HG03516#1#JAGYYT010000012.1_24170958_24578778_1	0.0793314518379791 Allentoft
VK61 HG03516#1#JAGYYT010000012.1_24170958_24578778_1$HG02818#1#JAHEOS010000101.1_89626_496613_0	0.0793311234568942 Allentoft
VK61 HG02559#2#JAGYVJ010000037.1_52167780_52574597_1$NA19240#2#JAHEOL010000010.1_37445323_37853017_0	0.0793248849909704 Allentoft
VK61 HG00438#2#JAHBCA010000012.1_51513023_51826723_0$HG02293.verkko_filt_pat.fa:haplotype2_0000836_148310532_148812524_1	0.0793244143527702 Allentoft
VK61 HG03516#2#JAGYYS010000004.1_24452130_24859892_1$NA19240#2#JAHEOL010000010.1_37445323_37853017_0	0.0793209456654428 Allentoft
VK61 AV_HG00673#haplotype2#0001165:24014011_24421797$HG01109#1#JAHEPA010000099.1_2104245_2511104_1	0.0793176633424491 Allentoft
VK61 HG02886#1#JAHAOU010000178.1_62411_469262_0$NA19240#1#JAHEOM010000047.1_30103390_30511199_1	0.0793127406218758 Allentoft
VK61 HG005#1#JAHEPO010000002.1_51519219_51926067_0$NA19240#2#JAHEOL010000010.1_37445323_37853017_0	0.0793110999186871 Allentoft
VK61 HG03516#1#JAGYYT010000012.1_24170958_24578778_1$HG02809.verkko_filt_pat.fa:haplotype2_0001251_103421111_103827972_0	0.0793094593173155 Allentoft
VK61 HG02717#2#JAHAOR010000006.1_19663827_20070693_1$NA19240#2#JAHEOL010000010.1_37445323_37853017_0	0.0793084750053604 Allentoft
VK61 NA19240#2#JAHEOL010000010.1_37445323_37853017_0$HG01099.verkko_filt_mat.fa:haplotype1_0000034_142513097_142920876_1	0.0793078188177504 Allentoft
VK61 HG02818#2#JAHEOR010000010.1_31775319_32183091_1$HG02886#1#JAHAOU010000178.1_62411_469262_0	0.0793032259604890 Allentoft
VK61 NA19240#2#JAHEOL010000010.1_37445323_37853017_0$HG02300.verkko_filt_mat.fa:haplotype1_0000028_144052837_144460586_1	0.0793025699031590 Allentoft
VK61 HG00438#2#JAHBCA010000012.1_51513023_51826723_0$HG04228.verkko_filt_mat.fa:haplotype1_0000023_103429213_103930285_0	0.0792994156110736 Allentoft
VK61 HG03453#2#JAGYVV010000088.1_22597550_23005370_1$NA19240#2#JAHEOL010000010.1_37445323_37853017_0	0.0792989618788662 Allentoft
VK61 HG01258#2#JAGYYU010000072.1_51562603_51970395_0$NA19240#2#JAHEOL010000010.1_37445323_37853017_0	0.0792986339010768 Allentoft
VK61 AV_HG01361#haplotype1#0000023:101593539_102001341$NA19240#2#JAHEOL010000010.1_37445323_37853017_0	0.0792976499921253 Allentoft
VK61 HG02647.verkko_filt_mat.fa:haplotype1_0000002_103892584_104321036_0$HG03927.verkko_filt_pat.fa:haplotype2_0000800_29002142_29504057_1	0.0792970634786449 Allentoft
VK61 HG03516#1#JAGYYT010000012.1_24170958_24578778_1$HG02300.verkko_filt_pat.fa:haplotype2_0000620_143362344_143769323_1	0.0792950264139610 Allentoft
VK61 HG03579#1#JAGYVU010000029.1_91404_499180_0$NA19240#2#JAHEOL010000010.1_37445323_37853017_0	0.0792927309966680 Allentoft
VK61 HG02559#1#JAGYVK010000012.1_51505852_51913611_0$NA19240#2#JAHEOL010000010.1_37445323_37853017_0	0.0792910915349279 Allentoft
VK61 HG02080#1#JAHEOW010000048.1_16689583_17097287_0$NA19240#2#JAHEOL010000010.1_37445323_37853017_0	0.0792858459406556 Allentoft
VK61 HG01071#1#JAHBCF010000053.1_26607100_27108065_1$HG02886#2#JAHAOT010000031.1_87393_401061_0	0.0792848625076266 Allentoft
VK61 chr1_hg38_103456064_103863972_0$HG03516#1#JAGYYT010000012.1_24170958_24578778_1	0.0792809291414235 Allentoft
VK61 chr1_hg19_103998686_104406594_0$HG03516#1#JAGYYT010000012.1_24170958_24578778_1	0.0792809291414235 Allentoft
VK61 HG03516#1#JAGYYT010000012.1_24170958_24578778_1$HG002.verkko_filt_mat.fa:haplotype1_0000005_138228497_138636354_1	0.0792776517834038 Allentoft
VK61 HG01123#1#JAGYYZ010000015.1_51528240_51935090_0$HG02886#1#JAHAOU010000178.1_62411_469262_0	0.0792697877821495 Allentoft
VK61 HG01109#1#JAHEPA010000099.1_2104245_2511104_1$NA18906#1#JAHEOO010000054.1_2103477_2510435_1	0.0792697877821495 Allentoft
VK61 HG02886#1#JAHAOU010000178.1_62411_469262_0$HG02622#1#JAHAOO010000002.1_16673678_17080663_0	0.0792694601662146 Allentoft
VK61 HG005#1#JAHEPO010000002.1_51519219_51926067_0$HG02886#1#JAHAOU010000178.1_62411_469262_0	0.0792684773427818 Allentoft
VK61 HG01978#2#JAGYVR010000007.1_51532241_51939176_0$HG03516#1#JAGYYT010000012.1_24170958_24578778_1	0.0792648739695990 Allentoft
VK61 HG02886#1#JAHAOU010000178.1_62411_469262_0$HG01258#2#JAGYYU010000072.1_51562603_51970395_0	0.0792645464145853 Allentoft
VK61 HG00438#2#JAHBCA010000012.1_51513023_51826723_0$HG02071.verkko_filt_pat.fa:haplotype2_0000736_102745972_103248026_0	0.0792630959592635 Allentoft
VK61 HG00741#2#JAHALX010000013.1_51574319_51981226_0$NA19240#2#JAHEOL010000010.1_37445323_37853017_0	0.0792599610707343 Allentoft
VK61 NA18906#2#JAHEON010000009.1_93748295_94249275_0$HG00733#1#JAHEPQ010000019.1_46106835_46420495_0	0.0792596335766230 Allentoft
VK61 AV_HG01175#haplotype1#0000070:46006269_46414083$HG03516#1#JAGYYT010000012.1_24170958_24578778_1	0.0792593060865712 Allentoft
VK61 HG03516#1#JAGYYT010000012.1_24170958_24578778_1$HG02071.verkko_filt_mat.fa:haplotype1_0000041_103610513_104018399_0	0.0792586511186457 Allentoft
VK61 HG02886#1#JAHAOU010000178.1_62411_469262_0$HG02717#2#JAHAOR010000006.1_19663827_20070693_1	0.0792586511186457 Allentoft
VK61 HG02055#2#JAHEPJ010000017.1_24870122_25298560_1$HG03927.verkko_filt_pat.fa:haplotype2_0000800_29002142_29504057_1	0.0792577666971700 Allentoft
VK61 HG01109#1#JAHEPA010000099.1_2104245_2511104_1$HG02630#1#JAHAOQ010000102.1_16672145_17079089_0	0.0792570137698669 Allentoft
VK61 HG02109#1#JAHEPG010000026.1_16673035_17080816_0$HG03516#1#JAGYYT010000012.1_24170958_24578778_1	0.0792563588587677 Allentoft
VK61 HG02723#2#JAHEOT010000034.1_19776337_20321518_1$HG03927.verkko_filt_pat.fa:haplotype2_0000800_29002142_29504057_1	0.0792562825278906 Allentoft
VK61 HG01358#1#JAGYZB010000020.1_27445742_27855492_1$HG02300.verkko_filt_mat.fa:haplotype1_0000028_144052837_144460586_1	0.0792549957047822 Allentoft
VK61 NA19240#1#JAHEOM010000047.1_30103390_30511199_1$NA19240#2#JAHEOL010000010.1_37445323_37853017_0	0.0792530845467770 Allentoft
VK61 HG02818#2#JAHEOR010000010.1_31775319_32183091_1$NA19240#2#JAHEOL010000010.1_37445323_37853017_0	0.0792507927698279 Allentoft
VK61 HG02080#1#JAHEOW010000048.1_16689583_17097287_0$HG01358#1#JAGYZB010000020.1_27445742_27855492_1	0.0792507845537732 Allentoft
VK61 HG01109#1#JAHEPA010000099.1_2104245_2511104_1$HG02717#1#JAHAOS010000015.1_16660311_17067250_0	0.0792494832722606 Allentoft
VK61 AV_HG00673#haplotype2#0001165:24014011_24421797$NA19240#2#JAHEOL010000010.1_37445323_37853017_0	0.0792491559080112 Allentoft
VK61 HG01071#1#JAHBCF010000053.1_26607100_27108065_1$HG00733#1#JAHEPQ010000019.1_46106835_46420495_0	0.0792485011916827 Allentoft
VK61 HG01109#1#JAHEPA010000099.1_2104245_2511104_1$HG03516#2#JAGYYS010000004.1_24452130_24859892_1	0.0792419549207464 Allentoft
VK61 HG01109#1#JAHEPA010000099.1_2104245_2511104_1$HG002.verkko_filt_mat.fa:haplotype1_0000005_138228497_138636354_1	0.0792409731200184 Allentoft
VK61 HG00621#2#JAHBCC010000031.1_16669999_17077865_0$HG03516#1#JAGYYT010000012.1_24170958_24578778_1	0.0792344287143053 Allentoft
VK61 HG01358#1#JAGYZB010000020.1_27445742_27855492_1$HG01099.verkko_filt_mat.fa:haplotype1_0000034_142513097_142920876_1	0.0792336229594468 Allentoft
VK61 AV_HG01361#haplotype1#0000023:101593539_102001341$HG01358#1#JAGYZB010000020.1_27445742_27855492_1	0.0792307098336514 Allentoft
VK61 HG01109#1#JAHEPA010000099.1_2104245_2511104_1$chr1_hg38_103456064_103863972_0	0.0792291943570406 Allentoft
VK61 HG01109#1#JAHEPA010000099.1_2104245_2511104_1$chr1_hg19_103998686_104406594_0	0.0792291943570406 Allentoft
VK61 AV_HG01361#haplotype2#0001322:101872897_102186552$HG01071#1#JAHBCF010000053.1_26607100_27108065_1	0.0792275588331254 Allentoft
VK61 HG00741#1#JAHALY010000007.1_18781197_19307680_1$HG01109#1#JAHEPA010000099.1_2104245_2511104_1	0.0792264972896723 Allentoft
VK61 HG01109#1#JAHEPA010000099.1_2104245_2511104_1$HG03579#1#JAGYVU010000029.1_91404_499180_0	0.0792262504869168 Allentoft
VK61 HG01071#1#JAHBCF010000053.1_26607100_27108065_1$HG03710.verkko_filt_mat.fa:haplotype1_0000029_102593394_102907063_0	0.0792239610370096 Allentoft
VK61 chr1_hg38_103456064_103863972_0$HG01358#1#JAGYZB010000020.1_27445742_27855492_1	0.0792235902119600 Allentoft
VK61 chr1_hg19_103998686_104406594_0$HG01358#1#JAGYZB010000020.1_27445742_27855492_1	0.0792235902119600 Allentoft
VK61 HG01109#1#JAHEPA010000099.1_2104245_2511104_1$HG02486#2#JAGYVL010000029.1_94163344_94570162_0	0.0792223258371598 Allentoft
VK61 HG01109#1#JAHEPA010000099.1_2104245_2511104_1$HG02300.verkko_filt_pat.fa:haplotype2_0000620_143362344_143769323_1	0.0792216717855700 Allentoft
VK61 HG01358#1#JAGYZB010000020.1_27445742_27855492_1$HG02300.verkko_filt_pat.fa:haplotype2_0000620_143362344_143769323_1	0.0792213252802508 Allentoft
VK61 HG02809.verkko_filt_mat.fa:haplotype1_0000023_94161320_94589755_0$HG03927.verkko_filt_pat.fa:haplotype2_0000800_29002142_29504057_1	0.0792171362712174 Allentoft
VK61 HG01358#1#JAGYZB010000020.1_27445742_27855492_1$HG002.verkko_filt_mat.fa:haplotype1_0000005_138228497_138636354_1	0.0792171194938307 Allentoft
VK61 HG01928#1#JAGYVQ010000053.1_16676493_17083407_0$HG03516#1#JAGYYT010000012.1_24170958_24578778_1	0.0792164399559626 Allentoft
VK61 HG03486#1#JAHEOQ010000123.1_16677696_17085575_0$HG03516#1#JAGYYT010000012.1_24170958_24578778_1	0.0792157860501406 Allentoft
VK61 HG03516#1#JAGYYT010000012.1_24170958_24578778_1$HG02004.verkko_filt_mat.fa:haplotype1_0000022_97828542_98235483_0	0.0792151321605116 Allentoft
VK61 HG00741#1#JAHALY010000007.1_18781197_19307680_1$HG03516#1#JAGYYT010000012.1_24170958_24578778_1	0.0792151021549038 Allentoft
VK61 AV_HG02148#haplotype2#0002863:16304803_16712699$HG03516#1#JAGYYT010000012.1_24170958_24578778_1	0.0792144782870750 Allentoft
VK61 HG01123#1#JAGYYZ010000015.1_51528240_51935090_0$HG03516#1#JAGYYT010000012.1_24170958_24578778_1	0.0792138244298301 Allentoft
VK61 HG02886#1#JAHAOU010000178.1_62411_469262_0$HG02486#2#JAGYVL010000029.1_94163344_94570162_0	0.0792134975072793 Allentoft
VK61 HG01109#1#JAHEPA010000099.1_2104245_2511104_1$HG02071.verkko_filt_mat.fa:haplotype1_0000041_103610513_104018399_0	0.0792134975072793 Allentoft
VK61 HG03098#2#JAHEPL010000003.1_93803759_94117426_0$HG01071#1#JAHBCF010000053.1_26607100_27108065_1	0.0792131705887762 Allentoft
VK61 AV_HG01175#haplotype1#0000070:46006269_46414083$HG01358#1#JAGYZB010000020.1_27445742_27855492_1	0.0792125909344090 Allentoft
VK61 HG01109#1#JAHEPA010000099.1_2104245_2511104_1$HG02559#1#JAGYVK010000012.1_51505852_51913611_0	0.0792121898575523 Allentoft
VK61 NA19240#2#JAHEOL010000010.1_37445323_37853017_0$HG03927.verkko_filt_mat.fa:haplotype1_0000009_134765170_135173010_1	0.0792118629552391 Allentoft
VK61 HG03516#1#JAGYYT010000012.1_24170958_24578778_1$HG02300.verkko_filt_mat.fa:haplotype1_0000028_144052837_144460586_1	0.0792066330685997 Allentoft
VK61 HG03516#1#JAGYYT010000012.1_24170958_24578778_1$HG005#2#JAHEPN010000023.1_51542210_51950070_0	0.0792063062350786 Allentoft
VK61 HG01358#1#JAGYZB010000020.1_27445742_27855492_1$HG02071.verkko_filt_mat.fa:haplotype1_0000041_103610513_104018399_0	0.0792054761956206 Allentoft
VK61 AV_HG01175#haplotype1#0000070:46006269_46414083$HG01109#1#JAHEPA010000099.1_2104245_2511104_1	0.0792036917125539 Allentoft
VK61 HG02080#1#JAHEOW010000048.1_16689583_17097287_0$HG03516#1#JAGYYT010000012.1_24170958_24578778_1	0.0792023845483785 Allentoft
VK61 HG02559#2#JAGYVJ010000037.1_52167780_52574597_1$HG03516#1#JAGYYT010000012.1_24170958_24578778_1	0.0792020577674469 Allentoft
VK61 HG02886#1#JAHAOU010000178.1_62411_469262_0$HG00741#2#JAHALX010000013.1_51574319_51981226_0	0.0791991169210673 Allentoft
VK61 HG01109#1#JAHEPA010000099.1_2104245_2511104_1$HG02145#2#JAHKSF010000206.1_1005292_1413195_1	0.0791991169210673 Allentoft
VK61 NA18906#2#JAHEON010000009.1_93748295_94249275_0$HG02293.verkko_filt_mat.fa:haplotype1_0000039_30204405_30517145_1	0.0791984634441358 Allentoft
VK61 HG01071#1#JAHBCF010000053.1_26607100_27108065_1$HG02293.verkko_filt_mat.fa:haplotype1_0000039_30204405_30517145_1	0.0791978099833797 Allentoft
VK61 AV_HG00673#haplotype2#0001165:24014011_24421797$HG01358#1#JAGYZB010000020.1_27445742_27855492_1	0.0791977168484202 Allentoft
VK61 HG00621#2#JAHBCC010000031.1_16669999_17077865_0$HG01358#1#JAGYZB010000020.1_27445742_27855492_1	0.0791964238455818 Allentoft
VK61 HG03516#1#JAGYYT010000012.1_24170958_24578778_1$HG03516#2#JAGYYS010000004.1_24452130_24859892_1	0.0791961764022524 Allentoft
VK61 HG00621#2#JAHBCC010000031.1_16669999_17077865_0$HG01109#1#JAHEPA010000099.1_2104245_2511104_1	0.0791958496981571 Allentoft
VK61 HG02622#1#JAHAOO010000002.1_16673678_17080663_0$HG03516#1#JAGYYT010000012.1_24170958_24578778_1	0.0791945429222066 Allentoft
VK61 HG02886#2#JAHAOT010000031.1_87393_401061_0$NA18906#2#JAHEON010000009.1_93748295_94249275_0	0.0791925828795644 Allentoft
VK61 NA18906#1#JAHEOO010000054.1_2103477_2510435_1$HG01358#1#JAGYZB010000020.1_27445742_27855492_1	0.0791925452170119 Allentoft
VK61 HG03516#1#JAGYYT010000012.1_24170958_24578778_1$HG01099.verkko_filt_mat.fa:haplotype1_0000034_142513097_142920876_1	0.0791916029128161 Allentoft
VK61 HG01071#1#JAHBCF010000053.1_26607100_27108065_1$HG02647.verkko_filt_pat.fa:haplotype2_0000857_103738150_104051769_0	0.0791906229824466 Allentoft
VK61 HG03098#1#JAHEPM010000059.1_16676208_17105596_0$HG03927.verkko_filt_pat.fa:haplotype2_0000800_29002142_29504057_1	0.0791849085932272 Allentoft
VK61 HG03516#1#JAGYYT010000012.1_24170958_24578778_1$HG02717#2#JAHAOR010000006.1_19663827_20070693_1	0.0791844176014251 Allentoft
VK61 HG01109#1#JAHEPA010000099.1_2104245_2511104_1$HG02109#1#JAHEPG010000026.1_16673035_17080816_0	0.0791844176014251 Allentoft
VK61 HG00438#2#JAHBCA010000012.1_51513023_51826723_0$NA18906#2#JAHEON010000009.1_93748295_94249275_0	0.0791840910428316 Allentoft
VK61 HG03579#2#JAGYVT010000094.1_51581892_51895531_0$HG01071#1#JAHBCF010000053.1_26607100_27108065_1	0.0791814787195225 Allentoft
VK61 HG01123#2#JAGYYY010000006.1_51579630_51892388_0$HG01071#1#JAHBCF010000053.1_26607100_27108065_1	0.0791814787195225 Allentoft
VK61 HG01123#2#JAGYYY010000006.1_51579630_51892388_0$NA18906#2#JAHEON010000009.1_93748295_94249275_0	0.0791795196467023 Allentoft
VK61 HG005#1#JAHEPO010000002.1_51519219_51926067_0$HG03516#1#JAGYYT010000012.1_24170958_24578778_1	0.0791791931487027 Allentoft
VK61 AV_HG01361#haplotype1#0000023:101593539_102001341$HG03516#1#JAGYYT010000012.1_24170958_24578778_1	0.0791782136789369 Allentoft
VK61 HG01109#1#JAHEPA010000099.1_2104245_2511104_1$HG01978#2#JAGYVR010000007.1_51532241_51939176_0	0.0791778871970924 Allentoft
VK61 HG01071#1#JAHBCF010000053.1_26607100_27108065_1$HG01891#1#JAGYVO010000014.1_22855818_23168577_1	0.0791765813100996 Allentoft
VK61 HG01109#1#JAHEPA010000099.1_2104245_2511104_1$HG03486#1#JAHEOQ010000123.1_16677696_17085575_0	0.0791759283908331 Allentoft
VK61 HG02717#1#JAHAOS010000015.1_16660311_17067250_0$HG01358#1#JAGYZB010000020.1_27445742_27855492_1	0.0791712229414791 Allentoft
VK61 HG01978#2#JAGYVR010000007.1_51532241_51939176_0$HG01358#1#JAGYZB010000020.1_27445742_27855492_1	0.0791709000091383 Allentoft
VK61 AV_HG02257#haplotype2#0001152:102843493_103251377$HG01109#1#JAHEPA010000099.1_2104245_2511104_1	0.0791690737136071 Allentoft
VK61 HG02630#1#JAHAOQ010000102.1_16672145_17079089_0$HG01358#1#JAGYZB010000020.1_27445742_27855492_1	0.0791689624980742 Allentoft
VK61 HG03516#1#JAGYYT010000012.1_24170958_24578778_1$HG03579#1#JAGYVU010000029.1_91404_499180_0	0.0791674419099922 Allentoft
VK61 HG01071#1#JAHBCF010000053.1_26607100_27108065_1$HG02109#2#JAHEPF010000078.1_16678387_16991144_0	0.0791674419099922 Allentoft
VK61 HG02559#1#JAGYVK010000012.1_51505852_51913611_0$HG03516#1#JAGYYT010000012.1_24170958_24578778_1	0.0791651575544380 Allentoft
VK61 AV_HG02148#haplotype2#0002863:16304803_16712699$HG01358#1#JAGYZB010000020.1_27445742_27855492_1	0.0791650879026495 Allentoft
VK61 HG03516#1#JAGYYT010000012.1_24170958_24578778_1$HG01258#2#JAGYYU010000072.1_51562603_51970395_0	0.0791648312340723 Allentoft
VK61 HG01071#1#JAHBCF010000053.1_26607100_27108065_1$HG00438#2#JAHBCA010000012.1_51513023_51826723_0	0.0791645049177419 Allentoft
VK61 HG03453#2#JAGYVV010000088.1_22597550_23005370_1$HG03516#1#JAGYYT010000012.1_24170958_24578778_1	0.0791631996927712 Allentoft
VK61 HG03486#1#JAHEOQ010000123.1_16677696_17085575_0$HG01358#1#JAGYZB010000020.1_27445742_27855492_1	0.0791631508182542 Allentoft
VK61 AV_HG02148#haplotype2#0002863:16304803_16712699$HG01109#1#JAHEPA010000099.1_2104245_2511104_1	0.0791583056740535 Allentoft
VK61 HG01109#1#JAHEPA010000099.1_2104245_2511104_1$HG005#2#JAHEPN010000023.1_51542210_51950070_0	0.0791521078864951 Allentoft
VK61 HG01109#1#JAHEPA010000099.1_2104245_2511104_1$HG02818#1#JAHEOS010000101.1_89626_496613_0	0.0791504771317138 Allentoft
VK61 HG01109#1#JAHEPA010000099.1_2104245_2511104_1$NA19240#1#JAHEOM010000047.1_30103390_30511199_1	0.0791501509928527 Allentoft
VK61 HG01109#1#JAHEPA010000099.1_2104245_2511104_1$HG02809.verkko_filt_pat.fa:haplotype2_0001251_103421111_103827972_0	0.0791498248580231 Allentoft
VK61 HG005#2#JAHEPN010000023.1_51542210_51950070_0$HG01358#1#JAGYZB010000020.1_27445742_27855492_1	0.0791466913399853 Allentoft
VK61 HG02818#2#JAHEOR010000010.1_31775319_32183091_1$HG01109#1#JAHEPA010000099.1_2104245_2511104_1	0.0791459115544968 Allentoft
VK61 NA18906#2#JAHEON010000009.1_93748295_94249275_0$HG03710.verkko_filt_mat.fa:haplotype1_0000029_102593394_102907063_0	0.0791410207412370 Allentoft
VK61 HG03098#2#JAHEPL010000003.1_93803759_94117426_0$NA18906#2#JAHEON010000009.1_93748295_94249275_0	0.0791374347210379 Allentoft
VK61 HG02723#1#JAHEOU010000204.1_2102082_2414876_1$HG01071#1#JAHBCF010000053.1_26607100_27108065_1	0.0791299382537335 Allentoft
VK61 HG01109#1#JAHEPA010000099.1_2104245_2511104_1$HG02004.verkko_filt_mat.fa:haplotype1_0000022_97828542_98235483_0	0.0791270054333382 Allentoft
VK61 AV_HG00673#haplotype2#0001165:24014011_24421797$HG03516#1#JAGYYT010000012.1_24170958_24578778_1	0.0791266795845347 Allentoft
VK61 HG01109#1#JAHEPA010000099.1_2104245_2511104_1$HG01928#1#JAGYVQ010000053.1_16676493_17083407_0	0.0791263537397567 Allentoft
VK61 AV_HG01361#haplotype2#0001322:101872897_102186552$NA18906#2#JAHEON010000009.1_93748295_94249275_0	0.0791230955133639 Allentoft
VK61 HG03453#2#JAGYVV010000088.1_22597550_23005370_1$HG01358#1#JAGYZB010000020.1_27445742_27855492_1	0.0791228272051486 Allentoft
VK61 NA18906#2#JAHEON010000009.1_93748295_94249275_0$HG04228.verkko_filt_pat.fa:haplotype2_0000600_103806749_104119491_0	0.0791208149943598 Allentoft
VK61 HG01928#1#JAGYVQ010000053.1_16676493_17083407_0$HG01358#1#JAGYZB010000020.1_27445742_27855492_1	0.0791199262824696 Allentoft
VK61 HG01358#1#JAGYZB010000020.1_27445742_27855492_1$HG02004.verkko_filt_mat.fa:haplotype1_0000022_97828542_98235483_0	0.0791179925112711 Allentoft
VK61 HG02818#2#JAHEOR010000010.1_31775319_32183091_1$HG03516#1#JAGYYT010000012.1_24170958_24578778_1	0.0791178831882256 Allentoft
VK61 HG01109#1#JAHEPA010000099.1_2104245_2511104_1$HG02559#2#JAGYVJ010000037.1_52167780_52574597_1	0.0791120205535618 Allentoft
VK61 HG01071#1#JAHBCF010000053.1_26607100_27108065_1$HG04228.verkko_filt_pat.fa:haplotype2_0000600_103806749_104119491_0	0.0791090897249116 Allentoft
VK61 HG03516#1#JAGYYT010000012.1_24170958_24578778_1$HG00741#2#JAHALX010000013.1_51574319_51981226_0	0.0791068104167003 Allentoft
VK61 HG01109#1#JAHEPA010000099.1_2104245_2511104_1$HG03453#2#JAGYVV010000088.1_22597550_23005370_1	0.0791064848173242 Allentoft
VK61 HG02145#2#JAHKSF010000206.1_1005292_1413195_1$HG01358#1#JAGYZB010000020.1_27445742_27855492_1	0.0791054264536682 Allentoft
VK61 HG01109#1#JAHEPA010000099.1_2104245_2511104_1$HG03927.verkko_filt_mat.fa:haplotype1_0000009_134765170_135173010_1	0.0791045313054935 Allentoft
VK61 HG03516#2#JAGYYS010000004.1_24452130_24859892_1$HG01358#1#JAGYZB010000020.1_27445742_27855492_1	0.0791018832634219 Allentoft
VK61 HG03516#1#JAGYYT010000012.1_24170958_24578778_1$NA19240#1#JAHEOM010000047.1_30103390_30511199_1	0.0791012757740270 Allentoft
VK61 AV_HG02257#haplotype2#0001152:102843493_103251377$HG01358#1#JAGYZB010000020.1_27445742_27855492_1	0.0790938323286331 Allentoft
VK61 HG02145#1#JAHKSG010000134.1_2102465_2647653_1$HG03927.verkko_filt_pat.fa:haplotype2_0000800_29002142_29504057_1	0.0790929185652913 Allentoft
VK61 HG02109#1#JAHEPG010000026.1_16673035_17080816_0$HG01358#1#JAGYZB010000020.1_27445742_27855492_1	0.0790890029475625 Allentoft
VK61 HG01358#1#JAGYZB010000020.1_27445742_27855492_1$HG03579#1#JAGYVU010000029.1_91404_499180_0	0.0790890029475625 Allentoft
VK61 NA18906#2#JAHEON010000009.1_93748295_94249275_0$HG02109#2#JAHEPF010000078.1_16678387_16991144_0	0.0790768720931753 Allentoft
VK61 HG02559#1#JAGYVK010000012.1_51505852_51913611_0$HG01358#1#JAGYZB010000020.1_27445742_27855492_1	0.0790758071515338 Allentoft
VK61 HG02886#1#JAHAOU010000178.1_62411_469262_0$NA19240#2#JAHEOL010000010.1_37445323_37853017_0	0.0790726851549668 Allentoft
VK61 HG03516#1#JAGYYT010000012.1_24170958_24578778_1$HG03927.verkko_filt_mat.fa:haplotype1_0000009_134765170_135173010_1	0.0790693928218611 Allentoft
VK61 HG02486#2#JAGYVL010000029.1_94163344_94570162_0$HG01358#1#JAGYZB010000020.1_27445742_27855492_1	0.0790690508866068 Allentoft
VK61 HG01358#1#JAGYZB010000020.1_27445742_27855492_1$HG02818#1#JAHEOS010000101.1_89626_496613_0	0.0790664775268819 Allentoft
VK61 HG02723#1#JAHEOU010000204.1_2102082_2414876_1$NA18906#2#JAHEON010000009.1_93748295_94249275_0	0.0790641911020037 Allentoft
VK61 HG01358#1#JAGYZB010000020.1_27445742_27855492_1$HG02809.verkko_filt_pat.fa:haplotype2_0001251_103421111_103827972_0	0.0790606883860320 Allentoft
VK61 NA18906#2#JAHEON010000009.1_93748295_94249275_0$HG02647.verkko_filt_pat.fa:haplotype2_0000857_103738150_104051769_0	0.0790570404131769 Allentoft
VK61 HG03579#2#JAGYVT010000094.1_51581892_51895531_0$NA18906#2#JAHEON010000009.1_93748295_94249275_0	0.0790479423418797 Allentoft
VK61 HG02723#2#JAHEOT010000034.1_19776337_20321518_1$HG01258#1#JAGYYV010000004.1_56955948_57456952_1	0.0790367957088173 Allentoft
VK61 HG01358#1#JAGYZB010000020.1_27445742_27855492_1$HG03927.verkko_filt_mat.fa:haplotype1_0000009_134765170_135173010_1	0.0790359380748887 Allentoft
VK61 HG02559#2#JAGYVJ010000037.1_52167780_52574597_1$HG01358#1#JAGYZB010000020.1_27445742_27855492_1	0.0790279072568413 Allentoft
VK61 HG02818#2#JAHEOR010000010.1_31775319_32183091_1$HG01358#1#JAGYZB010000020.1_27445742_27855492_1	0.0790227688178328 Allentoft
VK61 NA18906#2#JAHEON010000009.1_93748295_94249275_0$HG01891#1#JAGYVO010000014.1_22855818_23168577_1	0.0790190443186450 Allentoft
VK61 NA19240#1#JAHEOM010000047.1_30103390_30511199_1$HG01358#1#JAGYZB010000020.1_27445742_27855492_1	0.0790160261374726 Allentoft
VK61 HG01109#1#JAHEPA010000099.1_2104245_2511104_1$HG02622#1#JAHAOO010000002.1_16673678_17080663_0	0.0790089861547360 Allentoft
VK61 HG01109#1#JAHEPA010000099.1_2104245_2511104_1$HG01123#1#JAGYYZ010000015.1_51528240_51935090_0	0.0789982832964288 Allentoft
VK61 HG01109#1#JAHEPA010000099.1_2104245_2511104_1$HG01258#2#JAGYYU010000072.1_51562603_51970395_0	0.0789885571986984 Allentoft
VK61 HG01109#1#JAHEPA010000099.1_2104245_2511104_1$HG02717#2#JAHAOR010000006.1_19663827_20070693_1	0.0789840195823110 Allentoft
VK61 HG01109#1#JAHEPA010000099.1_2104245_2511104_1$HG005#1#JAHEPO010000002.1_51519219_51926067_0	0.0789814270097419 Allentoft
VK61 HG01258#1#JAGYYV010000004.1_56955948_57456952_1$HG02647.verkko_filt_mat.fa:haplotype1_0000002_103892584_104321036_0	0.0789676822034607 Allentoft
VK61 HG02886#1#JAHAOU010000178.1_62411_469262_0$HG03516#1#JAGYYT010000012.1_24170958_24578778_1	0.0789569136942779 Allentoft
VK61 HG01123#1#JAGYYZ010000015.1_51528240_51935090_0$HG01358#1#JAGYZB010000020.1_27445742_27855492_1	0.0789528573001869 Allentoft
VK61 HG02080#1#JAHEOW010000048.1_16689583_17097287_0$HG02630#2#JAHAOP010000089.1_16669255_17076135_0	0.0789444813378482 Allentoft
VK61 HG02622#1#JAHAOO010000002.1_16673678_17080663_0$HG01358#1#JAGYZB010000020.1_27445742_27855492_1	0.0789442114418540 Allentoft
VK61 HG02630#2#JAHAOP010000089.1_16669255_17076135_0$HG02300.verkko_filt_mat.fa:haplotype1_0000028_144052837_144460586_1	0.0789421918074098 Allentoft
VK61 HG01358#1#JAGYZB010000020.1_27445742_27855492_1$HG02717#2#JAHAOR010000006.1_19663827_20070693_1	0.0789368486913117 Allentoft
VK61 HG01258#2#JAGYYU010000072.1_51562603_51970395_0$HG01358#1#JAGYZB010000020.1_27445742_27855492_1	0.0789342882174490 Allentoft
VK61 HG02630#2#JAHAOP010000089.1_16669255_17076135_0$HG01099.verkko_filt_mat.fa:haplotype1_0000034_142513097_142920876_1	0.0789278050331015 Allentoft
VK61 HG01258#1#JAGYYV010000004.1_56955948_57456952_1$HG02055#2#JAHEPJ010000017.1_24870122_25298560_1	0.0789238904947965 Allentoft
VK61 HG005#1#JAHEPO010000002.1_51519219_51926067_0$HG01358#1#JAGYZB010000020.1_27445742_27855492_1	0.0789150926022196 Allentoft
VK61 AV_HG01361#haplotype1#0000023:101593539_102001341$HG02630#2#JAHAOP010000089.1_16669255_17076135_0	0.0789137528278298 Allentoft
VK61 HG01258#1#JAGYYV010000004.1_56955948_57456952_1$HG03098#1#JAHEPM010000059.1_16676208_17105596_0	0.0789100035931357 Allentoft
VK61 HG01109#1#JAHEPA010000099.1_2104245_2511104_1$HG00741#2#JAHALX010000013.1_51574319_51981226_0	0.0788953690734071 Allentoft
VK61 HG01258#1#JAGYYV010000004.1_56955948_57456952_1$HG02809.verkko_filt_mat.fa:haplotype1_0000023_94161320_94589755_0	0.0788829452054724 Allentoft
VK61 HG02630#2#JAHAOP010000089.1_16669255_17076135_0$chr1_hg38_103456064_103863972_0	0.0788811022824225 Allentoft
VK61 HG02630#2#JAHAOP010000089.1_16669255_17076135_0$chr1_hg19_103998686_104406594_0	0.0788811022824225 Allentoft
VK61 AV_HG00673#haplotype2#0001165:24014011_24421797$HG02630#2#JAHAOP010000089.1_16669255_17076135_0	0.0788804496848318 Allentoft
VK61 HG02630#2#JAHAOP010000089.1_16669255_17076135_0$HG002.verkko_filt_mat.fa:haplotype1_0000005_138228497_138636354_1	0.0788674011334766 Allentoft
VK61 HG01258#1#JAGYYV010000004.1_56955948_57456952_1$HG02145#1#JAHKSG010000134.1_2102465_2647653_1	0.0788626794220582 Allentoft
VK61 AV_HG01175#haplotype1#0000070:46006269_46414083$HG02630#2#JAHAOP010000089.1_16669255_17076135_0	0.0788608792856607 Allentoft
VK61 HG02630#2#JAHAOP010000089.1_16669255_17076135_0$HG02300.verkko_filt_pat.fa:haplotype2_0000620_143362344_143769323_1	0.0788585970211368 Allentoft
VK61 HG00741#2#JAHALX010000013.1_51574319_51981226_0$HG01358#1#JAGYZB010000020.1_27445742_27855492_1	0.0788563132576266 Allentoft
VK61 HG01109#1#JAHEPA010000099.1_2104245_2511104_1$NA19240#2#JAHEOL010000010.1_37445323_37853017_0	0.0788556629721713 Allentoft
VK61 HG02630#2#JAHAOP010000089.1_16669255_17076135_0$HG02071.verkko_filt_mat.fa:haplotype1_0000041_103610513_104018399_0	0.0788524033018350 Allentoft
VK61 HG00621#2#JAHBCC010000031.1_16669999_17077865_0$HG02630#2#JAHAOP010000089.1_16669255_17076135_0	0.0788400202401801 Allentoft
VK61 HG02630#2#JAHAOP010000089.1_16669255_17076135_0$NA18906#1#JAHEOO010000054.1_2103477_2510435_1	0.0788302482587379 Allentoft
VK61 HG02630#1#JAHAOQ010000102.1_16672145_17079089_0$HG02630#2#JAHAOP010000089.1_16669255_17076135_0	0.0788234100333318 Allentoft
VK61 HG00741#1#JAHALY010000007.1_18781197_19307680_1$HG02630#2#JAHAOP010000089.1_16669255_17076135_0	0.0788165880462691 Allentoft
VK61 HG02717#1#JAHAOS010000015.1_16660311_17067250_0$HG02630#2#JAHAOP010000089.1_16669255_17076135_0	0.0788139696946049 Allentoft
VK61 HG02630#2#JAHAOP010000089.1_16669255_17076135_0$HG01978#2#JAGYVR010000007.1_51532241_51939176_0	0.0788110406239101 Allentoft
VK61 HG03486#1#JAHEOQ010000123.1_16677696_17085575_0$HG02630#2#JAHAOP010000089.1_16669255_17076135_0	0.0788077864839002 Allentoft
VK61 AV_HG02148#haplotype2#0002863:16304803_16712699$HG02630#2#JAHAOP010000089.1_16669255_17076135_0	0.0788064849407580 Allentoft
VK61 HG02630#2#JAHAOP010000089.1_16669255_17076135_0$HG005#2#JAHEPN010000023.1_51542210_51950070_0	0.0787937982736953 Allentoft
VK61 HG01109#1#JAHEPA010000099.1_2104245_2511104_1$HG02886#1#JAHAOU010000178.1_62411_469262_0	0.0787833932756524 Allentoft
VK61 HG01928#1#JAGYVQ010000053.1_16676493_17083407_0$HG02630#2#JAHAOP010000089.1_16669255_17076135_0	0.0787778672967677 Allentoft
VK61 HG02630#2#JAHAOP010000089.1_16669255_17076135_0$HG03453#2#JAGYVV010000088.1_22597550_23005370_1	0.0787742922829339 Allentoft
VK61 HG01358#1#JAGYZB010000020.1_27445742_27855492_1$NA19240#2#JAHEOL010000010.1_37445323_37853017_0	0.0787616657598029 Allentoft
VK61 HG02630#2#JAHAOP010000089.1_16669255_17076135_0$HG02004.verkko_filt_mat.fa:haplotype1_0000022_97828542_98235483_0	0.0787596722929425 Allentoft
VK61 HG02630#2#JAHAOP010000089.1_16669255_17076135_0$HG02486#2#JAGYVL010000029.1_94163344_94570162_0	0.0787583731321831 Allentoft
VK61 HG02630#2#JAHAOP010000089.1_16669255_17076135_0$HG02109#1#JAHEPG010000026.1_16673035_17080816_0	0.0787544760356106 Allentoft
VK61 HG02145#2#JAHKSF010000206.1_1005292_1413195_1$HG02630#2#JAHAOP010000089.1_16669255_17076135_0	0.0787535018518555 Allentoft
VK61 HG02630#2#JAHAOP010000089.1_16669255_17076135_0$HG03516#2#JAGYYS010000004.1_24452130_24859892_1	0.0787531771319708 Allentoft
VK61 AV_HG02257#haplotype2#0001152:102843493_103251377$HG02630#2#JAHAOP010000089.1_16669255_17076135_0	0.0787340257654335 Allentoft
VK61 HG02630#2#JAHAOP010000089.1_16669255_17076135_0$HG03579#1#JAGYVU010000029.1_91404_499180_0	0.0787278613497580 Allentoft
VK61 HG02630#2#JAHAOP010000089.1_16669255_17076135_0$HG02809.verkko_filt_pat.fa:haplotype2_0001251_103421111_103827972_0	0.0787265637625257 Allentoft
VK61 HG02559#1#JAGYVK010000012.1_51505852_51913611_0$HG02630#2#JAHAOP010000089.1_16669255_17076135_0	0.0787210497324883 Allentoft
VK61 HG02559#2#JAGYVJ010000037.1_52167780_52574597_1$HG02630#2#JAHAOP010000089.1_16669255_17076135_0	0.0787135914180264 Allentoft
VK61 HG01109#1#JAHEPA010000099.1_2104245_2511104_1$HG03516#1#JAGYYT010000012.1_24170958_24578778_1	0.0787129429691217 Allentoft
VK61 HG02630#2#JAHAOP010000089.1_16669255_17076135_0$HG03927.verkko_filt_mat.fa:haplotype1_0000009_134765170_135173010_1	0.0787093767865868 Allentoft
VK61 HG02630#2#JAHAOP010000089.1_16669255_17076135_0$HG02818#1#JAHEOS010000101.1_89626_496613_0	0.0787012736285853 Allentoft
VK61 HG02818#2#JAHEOR010000010.1_31775319_32183091_1$HG02630#2#JAHAOP010000089.1_16669255_17076135_0	0.0786721229683763 Allentoft
VK61 HG02630#2#JAHAOP010000089.1_16669255_17076135_0$NA19240#1#JAHEOM010000047.1_30103390_30511199_1	0.0786666203687754 Allentoft
VK61 HG03516#1#JAGYYT010000012.1_24170958_24578778_1$NA19240#2#JAHEOL010000010.1_37445323_37853017_0	0.0786620896830176 Allentoft
VK61 HG03540#2#JAGYVX010000148.1_1368955_1877115_0$HG02647.verkko_filt_mat.fa:haplotype1_0000002_103892584_104321036_0	0.0786565980456742 Allentoft
VK61 HG02630#2#JAHAOP010000089.1_16669255_17076135_0$HG01123#1#JAGYYZ010000015.1_51528240_51935090_0	0.0786268418111229 Allentoft
VK61 HG02886#1#JAHAOU010000178.1_62411_469262_0$HG01358#1#JAGYZB010000020.1_27445742_27855492_1	0.0786251230853710 Allentoft
VK61 HG03516#1#JAGYYT010000012.1_24170958_24578778_1$HG01358#1#JAGYZB010000020.1_27445742_27855492_1	0.0786241640338323 Allentoft
VK61 HG00741#1#JAHALY010000007.1_18781197_19307680_1$HG01358#1#JAGYZB010000020.1_27445742_27855492_1	0.0786192605089841 Allentoft
VK61 HG02630#2#JAHAOP010000089.1_16669255_17076135_0$HG02717#2#JAHAOR010000006.1_19663827_20070693_1	0.0786145646964719 Allentoft
VK61 HG03540#2#JAGYVX010000148.1_1368955_1877115_0$HG02055#2#JAHEPJ010000017.1_24870122_25298560_1	0.0786082240891728 Allentoft
VK61 HG02630#2#JAHAOP010000089.1_16669255_17076135_0$HG01258#2#JAGYYU010000072.1_51562603_51970395_0	0.0786074595212916 Allentoft
VK61 HG005#1#JAHEPO010000002.1_51519219_51926067_0$HG02630#2#JAHAOP010000089.1_16669255_17076135_0	0.0786035847830958 Allentoft
VK61 HG02630#2#JAHAOP010000089.1_16669255_17076135_0$HG02622#1#JAHAOO010000002.1_16673678_17080663_0	0.0785884142402539 Allentoft
VK61 HG00741#1#JAHALY010000007.1_18781197_19307680_1$HG03492#2#JAHEPH010000288.1_2098270_2432686_1	0.0785875008358226 Allentoft
VK61 HG00741#1#JAHALY010000007.1_18781197_19307680_1$HG01243#1#JAHEOY010000013.1_90081_424495_0	0.0785869196683418 Allentoft
VK61 HG03540#2#JAGYVX010000148.1_1368955_1877115_0$HG02809.verkko_filt_mat.fa:haplotype1_0000023_94161320_94589755_0	0.0785652264192127 Allentoft
VK61 HG03540#2#JAGYVX010000148.1_1368955_1877115_0$HG03098#1#JAHEPM010000059.1_16676208_17105596_0	0.0785328593936582 Allentoft
VK61 HG02630#2#JAHAOP010000089.1_16669255_17076135_0$HG00741#2#JAHALX010000013.1_51574319_51981226_0	0.0785326493072415 Allentoft
VK61 HG02723#2#JAHEOT010000034.1_19776337_20321518_1$HG03540#2#JAGYVX010000148.1_1368955_1877115_0	0.0785224886615774 Allentoft
VK61 HG01123#2#JAGYYY010000006.1_51579630_51892388_0$HG03927.verkko_filt_pat.fa:haplotype2_0000800_29002142_29504057_1	0.0784813628078416 Allentoft
VK61 HG01109#1#JAHEPA010000099.1_2104245_2511104_1$HG01358#1#JAGYZB010000020.1_27445742_27855492_1	0.0784425785858038 Allentoft
VK61 HG02630#2#JAHAOP010000089.1_16669255_17076135_0$NA19240#2#JAHEOL010000010.1_37445323_37853017_0	0.0784330047655794 Allentoft
VK61 HG02647.verkko_filt_pat.fa:haplotype2_0000857_103738150_104051769_0$HG03927.verkko_filt_pat.fa:haplotype2_0000800_29002142_29504057_1	0.0784093451733978 Allentoft
VK61 HG01891#1#JAGYVO010000014.1_22855818_23168577_1$HG03927.verkko_filt_pat.fa:haplotype2_0000800_29002142_29504057_1	0.0784025429539683 Allentoft
VK61 HG03579#2#JAGYVT010000094.1_51581892_51895531_0$HG03927.verkko_filt_pat.fa:haplotype2_0000800_29002142_29504057_1	0.0783970376918310 Allentoft
VK61 HG02109#2#JAHEPF010000078.1_16678387_16991144_0$HG03927.verkko_filt_pat.fa:haplotype2_0000800_29002142_29504057_1	0.0783857069793048 Allentoft
VK61 HG02723#1#JAHEOU010000204.1_2102082_2414876_1$HG03927.verkko_filt_pat.fa:haplotype2_0000800_29002142_29504057_1	0.0783827941615066 Allentoft
VK61 HG04228.verkko_filt_pat.fa:haplotype2_0000600_103806749_104119491_0$HG03927.verkko_filt_pat.fa:haplotype2_0000800_29002142_29504057_1	0.0783782637569621 Allentoft
VK61 HG03540#2#JAGYVX010000148.1_1368955_1877115_0$HG02145#1#JAHKSG010000134.1_2102465_2647653_1	0.0783601236358504 Allentoft
VK61 HG00733#1#JAHEPQ010000019.1_46106835_46420495_0$HG03927.verkko_filt_pat.fa:haplotype2_0000800_29002142_29504057_1	0.0783572400213839 Allentoft
VK61 HG02293.verkko_filt_mat.fa:haplotype1_0000039_30204405_30517145_1$HG03927.verkko_filt_pat.fa:haplotype2_0000800_29002142_29504057_1	0.0783200855888112 Allentoft
VK61 HG02630#2#JAHAOP010000089.1_16669255_17076135_0$HG02886#1#JAHAOU010000178.1_62411_469262_0	0.0783133065714591 Allentoft
VK61 HG00438#2#JAHBCA010000012.1_51513023_51826723_0$HG03927.verkko_filt_pat.fa:haplotype2_0000800_29002142_29504057_1	0.0783013668702409 Allentoft
VK61 HG02630#2#JAHAOP010000089.1_16669255_17076135_0$HG03516#1#JAGYYT010000012.1_24170958_24578778_1	0.0782942701768045 Allentoft
VK61 HG03098#2#JAHEPL010000003.1_93803759_94117426_0$HG03927.verkko_filt_pat.fa:haplotype2_0000800_29002142_29504057_1	0.0782423939480686 Allentoft
VK61 HG03710.verkko_filt_mat.fa:haplotype1_0000029_102593394_102907063_0$HG03927.verkko_filt_pat.fa:haplotype2_0000800_29002142_29504057_1	0.0782356350828376 Allentoft
VK61 HG02886#2#JAHAOT010000031.1_87393_401061_0$HG03927.verkko_filt_pat.fa:haplotype2_0000800_29002142_29504057_1	0.0782221226054119 Allentoft
VK61 AV_HG01361#haplotype2#0001322:101872897_102186552$HG03927.verkko_filt_pat.fa:haplotype2_0000800_29002142_29504057_1	0.0781338207170402 Allentoft
VK61 HG01109#1#JAHEPA010000099.1_2104245_2511104_1$HG02630#2#JAHAOP010000089.1_16669255_17076135_0	0.0781206813071695 Allentoft
VK61 HG01258#1#JAGYYV010000004.1_56955948_57456952_1$HG02886#2#JAHAOT010000031.1_87393_401061_0	0.0780933510352872 Allentoft
VK61 HG01123#2#JAGYYY010000006.1_51579630_51892388_0$HG03540#2#JAGYVX010000148.1_1368955_1877115_0	0.0780865845712338 Allentoft
VK61 HG01258#1#JAGYYV010000004.1_56955948_57456952_1$HG00733#1#JAHEPQ010000019.1_46106835_46420495_0	0.0780807358471854 Allentoft
VK61 HG03540#2#JAGYVX010000148.1_1368955_1877115_0$HG04228.verkko_filt_pat.fa:haplotype2_0000600_103806749_104119491_0	0.0780779104181495 Allentoft
VK61 HG01258#1#JAGYYV010000004.1_56955948_57456952_1$HG03710.verkko_filt_mat.fa:haplotype1_0000029_102593394_102907063_0	0.0780603703745543 Allentoft
VK61 HG03540#2#JAGYVX010000148.1_1368955_1877115_0$HG01891#1#JAGYVO010000014.1_22855818_23168577_1	0.0780571661374955 Allentoft
VK61 HG03540#2#JAGYVX010000148.1_1368955_1877115_0$HG02647.verkko_filt_pat.fa:haplotype2_0000857_103738150_104051769_0	0.0780519052926665 Allentoft
VK61 HG03579#2#JAGYVT010000094.1_51581892_51895531_0$HG03540#2#JAGYVX010000148.1_1368955_1877115_0	0.0780432426900849 Allentoft
VK61 AV_HG01361#haplotype2#0001322:101872897_102186552$HG01258#1#JAGYYV010000004.1_56955948_57456952_1	0.0780361465293385 Allentoft
VK61 HG03098#2#JAHEPL010000003.1_93803759_94117426_0$HG01258#1#JAGYYV010000004.1_56955948_57456952_1	0.0780251724793200 Allentoft
VK61 HG01258#1#JAGYYV010000004.1_56955948_57456952_1$HG02293.verkko_filt_mat.fa:haplotype1_0000039_30204405_30517145_1	0.0780183967020416 Allentoft
VK61 HG01258#1#JAGYYV010000004.1_56955948_57456952_1$HG02647.verkko_filt_pat.fa:haplotype2_0000857_103738150_104051769_0	0.0780164610898820 Allentoft
VK61 HG02723#1#JAHEOU010000204.1_2102082_2414876_1$HG03540#2#JAGYVX010000148.1_1368955_1877115_0	0.0780055321267436 Allentoft
VK61 HG03579#2#JAGYVT010000094.1_51581892_51895531_0$HG01258#1#JAGYYV010000004.1_56955948_57456952_1	0.0780048504415311 Allentoft
VK61 HG03540#2#JAGYVX010000148.1_1368955_1877115_0$HG02109#2#JAHEPF010000078.1_16678387_16991144_0	0.0780033700638028 Allentoft
VK61 HG03540#2#JAGYVX010000148.1_1368955_1877115_0$HG02293.verkko_filt_mat.fa:haplotype1_0000039_30204405_30517145_1	0.0779962674082798 Allentoft
VK61 HG01258#1#JAGYYV010000004.1_56955948_57456952_1$HG01891#1#JAGYVO010000014.1_22855818_23168577_1	0.0779871219563145 Allentoft
VK61 HG02630#2#JAHAOP010000089.1_16669255_17076135_0$HG01358#1#JAGYZB010000020.1_27445742_27855492_1	0.0779864959530884 Allentoft
VK61 HG01123#2#JAGYYY010000006.1_51579630_51892388_0$HG01258#1#JAGYYV010000004.1_56955948_57456952_1	0.0779861552956420 Allentoft
VK61 HG00438#2#JAHBCA010000012.1_51513023_51826723_0$HG01258#1#JAGYYV010000004.1_56955948_57456952_1	0.0779822890123777 Allentoft
VK61 HG01258#1#JAGYYV010000004.1_56955948_57456952_1$HG02109#2#JAHEPF010000078.1_16678387_16991144_0	0.0779787454244874 Allentoft
VK61 HG03540#2#JAGYVX010000148.1_1368955_1877115_0$HG00733#1#JAHEPQ010000019.1_46106835_46420495_0	0.0779601665228218 Allentoft
VK61 HG02723#1#JAHEOU010000204.1_2102082_2414876_1$HG01258#1#JAGYYV010000004.1_56955948_57456952_1	0.0779455879780595 Allentoft
VK61 HG03540#2#JAGYVX010000148.1_1368955_1877115_0$HG02886#2#JAHAOT010000031.1_87393_401061_0	0.0779438296190050 Allentoft
VK61 HG01258#1#JAGYYV010000004.1_56955948_57456952_1$HG04228.verkko_filt_pat.fa:haplotype2_0000600_103806749_104119491_0	0.0779179354974703 Allentoft
VK61 AV_HG01361#haplotype2#0001322:101872897_102186552$HG03540#2#JAGYVX010000148.1_1368955_1877115_0	0.0778782771858838 Allentoft
VK61 HG03540#2#JAGYVX010000148.1_1368955_1877115_0$HG03710.verkko_filt_mat.fa:haplotype1_0000029_102593394_102907063_0	0.0778718232232051 Allentoft
VK61 HG00438#2#JAHBCA010000012.1_51513023_51826723_0$HG03540#2#JAGYVX010000148.1_1368955_1877115_0	0.0778693649927852 Allentoft
VK61 HG03098#2#JAHEPL010000003.1_93803759_94117426_0$HG03540#2#JAGYVX010000148.1_1368955_1877115_0	0.0778653708648274 Allentoft
VK61 HG02080#1#JAHEOW010000048.1_16689583_17097287_0$HG03492#2#JAHEPH010000288.1_2098270_2432686_1	0.0778043688370147 Allentoft
VK61 HG02080#1#JAHEOW010000048.1_16689583_17097287_0$HG01243#1#JAHEOY010000013.1_90081_424495_0	0.0777975138265311 Allentoft
VK61 HG03492#2#JAHEPH010000288.1_2098270_2432686_1$HG02300.verkko_filt_mat.fa:haplotype1_0000028_144052837_144460586_1	0.0777936586792888 Allentoft
VK61 HG01243#1#JAHEOY010000013.1_90081_424495_0$HG02300.verkko_filt_mat.fa:haplotype1_0000028_144052837_144460586_1	0.0777902323628257 Allentoft
VK61 HG03492#2#JAHEPH010000288.1_2098270_2432686_1$chr1_hg38_103456064_103863972_0	0.0777829529432649 Allentoft
VK61 HG03492#2#JAHEPH010000288.1_2098270_2432686_1$chr1_hg19_103998686_104406594_0	0.0777829529432649 Allentoft
VK61 chr1_hg38_103456064_103863972_0$HG01243#1#JAHEOY010000013.1_90081_424495_0	0.0777786718862504 Allentoft
VK61 chr1_hg19_103998686_104406594_0$HG01243#1#JAHEOY010000013.1_90081_424495_0	0.0777786718862504 Allentoft
VK61 HG03492#2#JAHEPH010000288.1_2098270_2432686_1$HG002.verkko_filt_mat.fa:haplotype1_0000005_138228497_138636354_1	0.0777769596613569 Allentoft
VK61 AV_HG01361#haplotype1#0000023:101593539_102001341$HG03492#2#JAHEPH010000288.1_2098270_2432686_1	0.0777769596613569 Allentoft
VK61 HG01243#1#JAHEOY010000013.1_90081_424495_0$HG002.verkko_filt_mat.fa:haplotype1_0000005_138228497_138636354_1	0.0777752475495377 Allentoft
VK61 AV_HG01361#haplotype1#0000023:101593539_102001341$HG01243#1#JAHEOY010000013.1_90081_424495_0	0.0777718236650717 Allentoft
VK61 HG01243#1#JAHEOY010000013.1_90081_424495_0$HG02300.verkko_filt_pat.fa:haplotype2_0000620_143362344_143769323_1	0.0777705398249715 Allentoft
VK61 HG03492#2#JAHEPH010000288.1_2098270_2432686_1$HG02300.verkko_filt_pat.fa:haplotype2_0000620_143362344_143769323_1	0.0777679723354996 Allentoft
VK61 HG03492#2#JAHEPH010000288.1_2098270_2432686_1$HG01099.verkko_filt_mat.fa:haplotype1_0000034_142513097_142920876_1	0.0777662608171154 Allentoft
VK61 HG01243#1#JAHEOY010000013.1_90081_424495_0$HG01099.verkko_filt_mat.fa:haplotype1_0000034_142513097_142920876_1	0.0777628381193235 Allentoft
VK61 HG03492#2#JAHEPH010000288.1_2098270_2432686_1$HG02071.verkko_filt_mat.fa:haplotype1_0000041_103610513_104018399_0	0.0777615547241587 Allentoft
VK61 AV_HG01175#haplotype1#0000070:46006269_46414083$HG03492#2#JAHEPH010000288.1_2098270_2432686_1	0.0777615547241587 Allentoft
VK61 AV_HG00673#haplotype2#0001165:24014011_24421797$HG03492#2#JAHEPH010000288.1_2098270_2432686_1	0.0777598436294467 Allentoft
VK61 AV_HG01175#haplotype1#0000070:46006269_46414083$HG01243#1#JAHEOY010000013.1_90081_424495_0	0.0777572771991557 Allentoft
VK61 HG01243#1#JAHEOY010000013.1_90081_424495_0$HG02071.verkko_filt_mat.fa:haplotype1_0000041_103610513_104018399_0	0.0777555663867948 Allentoft
VK61 AV_HG00673#haplotype2#0001165:24014011_24421797$HG01243#1#JAHEOY010000013.1_90081_424495_0	0.0777538556873526 Allentoft
VK61 HG00621#2#JAHBCC010000031.1_16669999_17077865_0$HG03492#2#JAHEPH010000288.1_2098270_2432686_1	0.0777418839519377 Allentoft
VK61 HG00621#2#JAHBCC010000031.1_16669999_17077865_0$HG01243#1#JAHEOY010000013.1_90081_424495_0	0.0777393192994316 Allentoft
VK61 HG03492#2#JAHEPH010000288.1_2098270_2432686_1$HG01978#2#JAGYVR010000007.1_51532241_51939176_0	0.0777371822828880 Allentoft
VK61 HG03492#2#JAHEPH010000288.1_2098270_2432686_1$NA18906#1#JAHEOO010000054.1_2103477_2510435_1	0.0777316268645566 Allentoft
VK61 HG01243#1#JAHEOY010000013.1_90081_424495_0$HG01978#2#JAGYVR010000007.1_51532241_51939176_0	0.0777303450140746 Allentoft
VK61 HG01243#1#JAHEOY010000013.1_90081_424495_0$NA18906#1#JAHEOO010000054.1_2103477_2510435_1	0.0777273542762169 Allentoft
VK61 HG01978#1#JAGYVS010000002.1_51519970_52021951_0$HG002.verkko_filt_pat.fa:haplotype2_0000649_147937390_148315979_1	0.0777231774994753 Allentoft
VK61 HG02717#1#JAHAOS010000015.1_16660311_17067250_0$HG03492#2#JAHEPH010000288.1_2098270_2432686_1	0.0777205196000747 Allentoft
VK61 AV_HG01106#haplotype2#0000932:16673968_17175925$HG002.verkko_filt_pat.fa:haplotype2_0000649_147937390_148315979_1	0.0777182805024759 Allentoft
VK61 HG03486#1#JAHEOQ010000123.1_16677696_17085575_0$HG03492#2#JAHEPH010000288.1_2098270_2432686_1	0.0777149677530738 Allentoft
VK61 HG02717#1#JAHAOS010000015.1_16660311_17067250_0$HG01243#1#JAHEOY010000013.1_90081_424495_0	0.0777136867265638 Allentoft
VK61 AV_HG02148#haplotype2#0002863:16304803_16712699$HG03492#2#JAHEPH010000288.1_2098270_2432686_1	0.0777132597318042 Allentoft
VK61 HG03486#1#JAHEOQ010000123.1_16677696_17085575_0$HG01243#1#JAHEOY010000013.1_90081_424495_0	0.0777106979110433 Allentoft
VK61 AV_HG02148#haplotype2#0002863:16304803_16712699$HG01243#1#JAHEOY010000013.1_90081_424495_0	0.0777098440270884 Allentoft
VK61 HG02630#1#JAHAOQ010000102.1_16672145_17079089_0$HG03492#2#JAHEPH010000288.1_2098270_2432686_1	0.0777055750294843 Allentoft
VK61 HG02630#1#JAHAOQ010000102.1_16672145_17079089_0$HG01243#1#JAHEOY010000013.1_90081_424495_0	0.0776995996146352 Allentoft
VK61 HG03492#2#JAHEPH010000288.1_2098270_2432686_1$HG005#2#JAHEPN010000023.1_51542210_51950070_0	0.0776966124240999 Allentoft
VK61 HG01243#1#JAHEOY010000013.1_90081_424495_0$HG005#2#JAHEPN010000023.1_51542210_51950070_0	0.0776914923275030 Allentoft
VK61 HG01928#1#JAGYVQ010000053.1_16676493_17083407_0$HG03492#2#JAHEPH010000288.1_2098270_2432686_1	0.0776893592526466 Allentoft
VK61 HG03492#2#JAHEPH010000288.1_2098270_2432686_1$HG02004.verkko_filt_mat.fa:haplotype1_0000022_97828542_98235483_0	0.0776867997947218 Allentoft
VK61 HG01928#1#JAGYVQ010000053.1_16676493_17083407_0$HG01243#1#JAHEOY010000013.1_90081_424495_0	0.0776825345935944 Allentoft
VK61 HG01243#1#JAHEOY010000013.1_90081_424495_0$HG02004.verkko_filt_mat.fa:haplotype1_0000022_97828542_98235483_0	0.0776799758100986 Allentoft
VK61 HG03492#2#JAHEPH010000288.1_2098270_2432686_1$HG03516#2#JAGYYS010000004.1_24452130_24859892_1	0.0776714483575721 Allentoft
VK61 HG01243#1#JAHEOY010000013.1_90081_424495_0$HG03516#2#JAGYYS010000004.1_24452130_24859892_1	0.0776697432040439 Allentoft
VK61 HG03492#2#JAHEPH010000288.1_2098270_2432686_1$HG03453#2#JAGYVV010000088.1_22597550_23005370_1	0.0776624975542120 Allentoft
VK61 HG03453#2#JAGYVV010000088.1_22597550_23005370_1$HG01243#1#JAHEOY010000013.1_90081_424495_0	0.0776599407501392 Allentoft
VK61 HG03492#2#JAHEPH010000288.1_2098270_2432686_1$HG03579#1#JAGYVU010000029.1_91404_499180_0	0.0776492901173388 Allentoft
VK61 HG02559#1#JAGYVK010000012.1_51505852_51913611_0$HG03492#2#JAHEPH010000288.1_2098270_2432686_1	0.0776454569621134 Allentoft
VK61 HG03492#2#JAHEPH010000288.1_2098270_2432686_1$HG02145#2#JAHKSF010000206.1_1005292_1413195_1	0.0776437535197745 Allentoft
VK61 HG01243#1#JAHEOY010000013.1_90081_424495_0$HG03579#1#JAGYVU010000029.1_91404_499180_0	0.0776424760115926 Allentoft
VK61 HG02559#1#JAGYVK010000012.1_51505852_51913611_0$HG01243#1#JAHEOY010000013.1_90081_424495_0	0.0776420501895447 Allentoft
VK61 AV_HG02257#haplotype2#0001152:102843493_103251377$HG03492#2#JAHEPH010000288.1_2098270_2432686_1	0.0776403469714118 Allentoft
VK61 HG02145#2#JAHKSF010000206.1_1005292_1413195_1$HG01243#1#JAHEOY010000013.1_90081_424495_0	0.0776386438653634 Allentoft
VK61 AV_HG02257#haplotype2#0001152:102843493_103251377$HG01243#1#JAHEOY010000013.1_90081_424495_0	0.0776326838766824 Allentoft
VK61 HG03492#2#JAHEPH010000288.1_2098270_2432686_1$HG02109#1#JAHEPG010000026.1_16673035_17080816_0	0.0776297043970092 Allentoft
VK61 HG02109#1#JAHEPG010000026.1_16673035_17080816_0$HG01243#1#JAHEOY010000013.1_90081_424495_0	0.0776262996974079 Allentoft
VK61 HG03492#2#JAHEPH010000288.1_2098270_2432686_1$HG02486#2#JAGYVL010000029.1_94163344_94570162_0	0.0776220444528002 Allentoft
VK61 HG01243#1#JAHEOY010000013.1_90081_424495_0$HG02486#2#JAGYVL010000029.1_94163344_94570162_0	0.0776169390828623 Allentoft
VK61 HG03492#2#JAHEPH010000288.1_2098270_2432686_1$HG02818#1#JAHEOS010000101.1_89626_496613_0	0.0776101334897074 Allentoft
VK61 HG01243#1#JAHEOY010000013.1_90081_424495_0$HG02818#1#JAHEOS010000101.1_89626_496613_0	0.0776016290151712 Allentoft
VK61 HG02080#2#JAHEOV010000017.1_16662177_17164189_0$HG002.verkko_filt_pat.fa:haplotype2_0000649_147937390_148315979_1	0.0775939626321036 Allentoft
VK61 HG03492#2#JAHEPH010000288.1_2098270_2432686_1$HG02809.verkko_filt_pat.fa:haplotype2_0001251_103421111_103827972_0	0.0775905773767705 Allentoft
VK61 HG03492#2#JAHEPH010000288.1_2098270_2432686_1$NA19240#1#JAHEOM010000047.1_30103390_30511199_1	0.0775884526029689 Allentoft
VK61 HG01243#1#JAHEOY010000013.1_90081_424495_0$NA19240#1#JAHEOM010000047.1_30103390_30511199_1	0.0775884526029689 Allentoft
VK61 HG02818#2#JAHEOR010000010.1_31775319_32183091_1$HG01243#1#JAHEOY010000013.1_90081_424495_0	0.0775871778224723 Allentoft
VK61 HG02818#2#JAHEOR010000010.1_31775319_32183091_1$HG03492#2#JAHEPH010000288.1_2098270_2432686_1	0.0775863280037148 Allentoft
VK61 HG01243#1#JAHEOY010000013.1_90081_424495_0$HG02809.verkko_filt_pat.fa:haplotype2_0001251_103421111_103827972_0	0.0775837787149792 Allentoft
VK61 HG02486#1#JAGYVM010000007.1_28868414_29370339_1$HG002.verkko_filt_pat.fa:haplotype2_0000649_147937390_148315979_1	0.0775756950563459 Allentoft
VK61 HG002.verkko_filt_pat.fa:haplotype2_0000649_147937390_148315979_1$HG01099.verkko_filt_pat.fa:haplotype2_0000583_143544270_144046196_1	0.0775688784681376 Allentoft
VK61 HG02559#2#JAGYVJ010000037.1_52167780_52574597_1$HG01243#1#JAHEOY010000013.1_90081_424495_0	0.0775667898761671 Allentoft
VK61 HG02559#2#JAGYVJ010000037.1_52167780_52574597_1$HG03492#2#JAHEPH010000288.1_2098270_2432686_1	0.0775659407271589 Allentoft
VK61 AV_HG00673#haplotype1#0000019:16627360_17129375$HG002.verkko_filt_pat.fa:haplotype2_0000649_147937390_148315979_1	0.0775615769744358 Allentoft
VK61 HG00621#1#JAHBCD010000034.1_2122997_2624098_1$HG002.verkko_filt_pat.fa:haplotype2_0000649_147937390_148315979_1	0.0775598735892292 Allentoft
VK61 HG03540#1#JAGYVY010000208.1_95187_596142_0$HG002.verkko_filt_pat.fa:haplotype2_0000649_147937390_148315979_1	0.0775460073431795 Allentoft
VK61 HG03492#2#JAHEPH010000288.1_2098270_2432686_1$HG03927.verkko_filt_mat.fa:haplotype1_0000009_134765170_135173010_1	0.0775222472184407 Allentoft
VK61 HG02293.verkko_filt_pat.fa:haplotype2_0000836_148310532_148812524_1$HG002.verkko_filt_pat.fa:haplotype2_0000649_147937390_148315979_1	0.0775207266780655 Allentoft
VK61 HG01243#1#JAHEOY010000013.1_90081_424495_0$HG03927.verkko_filt_mat.fa:haplotype1_0000009_134765170_135173010_1	0.0775205518722579 Allentoft
VK61 HG02071.verkko_filt_pat.fa:haplotype2_0000736_102745972_103248026_0$HG002.verkko_filt_pat.fa:haplotype2_0000649_147937390_148315979_1	0.0774898886026310 Allentoft
VK61 HG03492#2#JAHEPH010000288.1_2098270_2432686_1$HG02622#1#JAHAOO010000002.1_16673678_17080663_0	0.0774832823740114 Allentoft
VK61 HG04228.verkko_filt_mat.fa:haplotype1_0000023_103429213_103930285_0$HG002.verkko_filt_pat.fa:haplotype2_0000649_147937390_148315979_1	0.0774787279817683 Allentoft
VK61 HG02622#1#JAHAOO010000002.1_16673678_17080663_0$HG01243#1#JAHEOY010000013.1_90081_424495_0	0.0774765118750689 Allentoft
VK61 HG03492#2#JAHEPH010000288.1_2098270_2432686_1$HG01258#2#JAGYYU010000072.1_51562603_51970395_0	0.0773949823084329 Allentoft
VK61 HG03492#2#JAHEPH010000288.1_2098270_2432686_1$HG02717#2#JAHAOR010000006.1_19663827_20070693_1	0.0773873916296579 Allentoft
VK61 HG005#1#JAHEPO010000002.1_51519219_51926067_0$HG03492#2#JAHEPH010000288.1_2098270_2432686_1	0.0773857051154348 Allentoft
VK61 HG01243#1#JAHEOY010000013.1_90081_424495_0$HG01258#2#JAGYYU010000072.1_51562603_51970395_0	0.0773848618996710 Allentoft
VK61 HG01243#1#JAHEOY010000013.1_90081_424495_0$HG02717#2#JAHAOR010000006.1_19663827_20070693_1	0.0773840187114703 Allentoft
VK61 HG03492#2#JAHEPH010000288.1_2098270_2432686_1$HG01123#1#JAGYYZ010000015.1_51528240_51935090_0	0.0773806462342687 Allentoft
VK61 HG005#1#JAHEPO010000002.1_51519219_51926067_0$HG01243#1#JAHEOY010000013.1_90081_424495_0	0.0773798031838611 Allentoft
VK61 HG01123#1#JAGYYZ010000015.1_51528240_51935090_0$HG01243#1#JAHEOY010000013.1_90081_424495_0	0.0773713741950141 Allentoft
VK61 HG03492#2#JAHEPH010000288.1_2098270_2432686_1$HG00741#2#JAHALX010000013.1_51574319_51981226_0	0.0773023602284469 Allentoft
VK61 HG01243#1#JAHEOY010000013.1_90081_424495_0$HG00741#2#JAHALX010000013.1_51574319_51981226_0	0.0772981580311788 Allentoft
VK61 HG03492#2#JAHEPH010000288.1_2098270_2432686_1$NA19240#2#JAHEOL010000010.1_37445323_37853017_0	0.0772427487081757 Allentoft
VK61 HG01243#1#JAHEOY010000013.1_90081_424495_0$NA19240#2#JAHEOL010000010.1_37445323_37853017_0	0.0772376539321278 Allentoft
VK61 HG03492#2#JAHEPH010000288.1_2098270_2432686_1$HG02886#1#JAHAOU010000178.1_62411_469262_0	0.0771123010468374 Allentoft
VK61 HG03492#2#JAHEPH010000288.1_2098270_2432686_1$HG03516#1#JAGYYT010000012.1_24170958_24578778_1	0.0771084991962859 Allentoft
VK61 HG02886#1#JAHAOU010000178.1_62411_469262_0$HG01243#1#JAHEOY010000013.1_90081_424495_0	0.0771080768031574 Allentoft
VK61 HG01243#1#JAHEOY010000013.1_90081_424495_0$HG03516#1#JAGYYT010000012.1_24170958_24578778_1	0.0771025863240864 Allentoft
VK61 HG01071#1#JAHBCF010000053.1_26607100_27108065_1$HG002.verkko_filt_pat.fa:haplotype2_0000649_147937390_148315979_1	0.0770842044329860 Allentoft
VK61 NA18906#2#JAHEON010000009.1_93748295_94249275_0$HG002.verkko_filt_pat.fa:haplotype2_0000649_147937390_148315979_1	0.0770490170592335 Allentoft
VK61 HG01109#1#JAHEPA010000099.1_2104245_2511104_1$HG01243#1#JAHEOY010000013.1_90081_424495_0	0.0768529580136428 Allentoft
VK61 HG01109#1#JAHEPA010000099.1_2104245_2511104_1$HG03492#2#JAHEPH010000288.1_2098270_2432686_1	0.0768521216053474 Allentoft
VK61 HG03492#2#JAHEPH010000288.1_2098270_2432686_1$HG01358#1#JAGYZB010000020.1_27445742_27855492_1	0.0768070592983841 Allentoft
VK61 HG01243#1#JAHEOY010000013.1_90081_424495_0$HG01358#1#JAGYZB010000020.1_27445742_27855492_1	0.0768037616904614 Allentoft
VK61 HG02622#2#JAHAON010000012.1_51551779_52031001_0$HG03492#1#JAHEPI010000180.1_2103395_2543326_1	0.0765829493980800 Allentoft
VK61 NA20129#2#JAHEPD010000155.1_90039_569275_0$HG03492#1#JAHEPI010000180.1_2103395_2543326_1	0.0765722018528201 Allentoft
VK61 HG00438#1#JAHBCB010000015.1_33474867_33954171_0$HG03492#1#JAHEPI010000180.1_2103395_2543326_1	0.0765616780313207 Allentoft
VK61 HG03492#1#JAHEPI010000180.1_2103395_2543326_1$HG01109#2#JAHEOZ010000047.1_16671232_17151375_0	0.0764699977168294 Allentoft
VK61 HG002.verkko_filt_pat.fa:haplotype2_0000649_147937390_148315979_1$HG03927.verkko_filt_pat.fa:haplotype2_0000800_29002142_29504057_1	0.0764521152527719 Allentoft
VK61 HG03492#2#JAHEPH010000288.1_2098270_2432686_1$HG02630#2#JAHAOP010000089.1_16669255_17076135_0	0.0764214605183897 Allentoft
VK61 HG02630#2#JAHAOP010000089.1_16669255_17076135_0$HG01243#1#JAHEOY010000013.1_90081_424495_0	0.0764123000196432 Allentoft
VK61 HG03492#1#JAHEPI010000180.1_2103395_2543326_1$HG03486#2#JAHEOP010000248.1_2105565_2584784_1	0.0763579792494462 Allentoft
VK61 HG03540#2#JAGYVX010000148.1_1368955_1877115_0$HG002.verkko_filt_pat.fa:haplotype2_0000649_147937390_148315979_1	0.0763337345369188 Allentoft
VK61 HG03453#1#JAGYVW010000157.1_2105722_2585000_1$HG03492#1#JAHEPI010000180.1_2103395_2543326_1	0.0762815495982638 Allentoft
VK61 HG01258#1#JAGYYV010000004.1_56955948_57456952_1$HG002.verkko_filt_pat.fa:haplotype2_0000649_147937390_148315979_1	0.0760632155073993 Allentoft
VK61 HG00741#1#JAHALY010000007.1_18781197_19307680_1$HG03492#1#JAHEPI010000180.1_2103395_2543326_1	0.0758215975938998 Allentoft
VK61 HG03492#1#JAHEPI010000180.1_2103395_2543326_1$HG02300.verkko_filt_mat.fa:haplotype1_0000028_144052837_144460586_1	0.0755880797607842 Allentoft
VK61 HG03492#1#JAHEPI010000180.1_2103395_2543326_1$NA18906#1#JAHEOO010000054.1_2103477_2510435_1	0.0755827405181243 Allentoft
VK61 HG02080#1#JAHEOW010000048.1_16689583_17097287_0$HG03492#1#JAHEPI010000180.1_2103395_2543326_1	0.0755793689477606 Allentoft
VK61 AV_HG01361#haplotype1#0000023:101593539_102001341$HG03492#1#JAHEPI010000180.1_2103395_2543326_1	0.0755776833317676 Allentoft
VK61 HG03492#1#JAHEPI010000180.1_2103395_2543326_1$HG02300.verkko_filt_pat.fa:haplotype2_0000620_143362344_143769323_1	0.0755745933286752 Allentoft
VK61 HG03492#1#JAHEPI010000180.1_2103395_2543326_1$HG01099.verkko_filt_mat.fa:haplotype1_0000034_142513097_142920876_1	0.0755740315506497 Allentoft
VK61 HG02717#1#JAHAOS010000015.1_16660311_17067250_0$HG03492#1#JAHEPI010000180.1_2103395_2543326_1	0.0755670103821977 Allentoft
VK61 HG02630#1#JAHAOQ010000102.1_16672145_17079089_0$HG03492#1#JAHEPI010000180.1_2103395_2543326_1	0.0755577454355331 Allentoft
VK61 chr1_hg19_103998686_104406594_0$HG03492#1#JAHEPI010000180.1_2103395_2543326_1	0.0755524126179304 Allentoft
VK61 HG03492#1#JAHEPI010000180.1_2103395_2543326_1$chr1_hg38_103456064_103863972_0	0.0755524126179304 Allentoft
VK61 HG03492#1#JAHEPI010000180.1_2103395_2543326_1$HG002.verkko_filt_mat.fa:haplotype1_0000005_138228497_138636354_1	0.0755518513343919 Allentoft
VK61 AV_HG00673#haplotype2#0001165:24014011_24421797$HG03492#1#JAHEPI010000180.1_2103395_2543326_1	0.0755333359925297 Allentoft
VK61 HG03492#1#JAHEPI010000180.1_2103395_2543326_1$HG02071.verkko_filt_mat.fa:haplotype1_0000041_103610513_104018399_0	0.0755299710290143 Allentoft
VK61 HG00621#2#JAHBCC010000031.1_16669999_17077865_0$HG03492#1#JAHEPI010000180.1_2103395_2543326_1	0.0755254851104804 Allentoft
VK61 AV_HG01175#haplotype1#0000070:46006269_46414083$HG03492#1#JAHEPI010000180.1_2103395_2543326_1	0.0755243637557304 Allentoft
VK61 HG03492#1#JAHEPI010000180.1_2103395_2543326_1$HG01978#2#JAGYVR010000007.1_51532241_51939176_0	0.0755240834248472 Allentoft
VK61 HG03492#1#JAHEPI010000180.1_2103395_2543326_1$HG02486#2#JAGYVL010000029.1_94163344_94570162_0	0.0755033475979279 Allentoft
VK61 HG03486#1#JAHEOQ010000123.1_16677696_17085575_0$HG03492#1#JAHEPI010000180.1_2103395_2543326_1	0.0754927061056519 Allentoft
VK61 AV_HG02148#haplotype2#0002863:16304803_16712699$HG03492#1#JAHEPI010000180.1_2103395_2543326_1	0.0754915862102927 Allentoft
VK61 HG03492#1#JAHEPI010000180.1_2103395_2543326_1$HG005#2#JAHEPN010000023.1_51542210_51950070_0	0.0754761927013689 Allentoft
VK61 HG03492#1#JAHEPI010000180.1_2103395_2543326_1$HG03516#2#JAGYYS010000004.1_24452130_24859892_1	0.0754747937583636 Allentoft
VK61 AV_HG02257#haplotype2#0001152:102843493_103251377$HG03492#1#JAHEPI010000180.1_2103395_2543326_1	0.0754711568705649 Allentoft
VK61 HG03492#1#JAHEPI010000180.1_2103395_2543326_1$HG02004.verkko_filt_mat.fa:haplotype1_0000022_97828542_98235483_0	0.0754708771317412 Allentoft
VK61 HG01928#1#JAGYVQ010000053.1_16676493_17083407_0$HG03492#1#JAHEPI010000180.1_2103395_2543326_1	0.0754708771317412 Allentoft
VK61 HG02145#2#JAHKSF010000206.1_1005292_1413195_1$HG03492#1#JAHEPI010000180.1_2103395_2543326_1	0.0754689190470681 Allentoft
VK61 HG03492#1#JAHEPI010000180.1_2103395_2543326_1$HG03579#1#JAGYVU010000029.1_91404_499180_0	0.0754563349979461 Allentoft
VK61 HG03492#1#JAHEPI010000180.1_2103395_2543326_1$HG02818#1#JAHEOS010000101.1_89626_496613_0	0.0754445955631093 Allentoft
VK61 HG02559#1#JAGYVK010000012.1_51505852_51913611_0$HG03492#1#JAHEPI010000180.1_2103395_2543326_1	0.0754353755643208 Allentoft
VK61 HG03492#1#JAHEPI010000180.1_2103395_2543326_1$HG03453#2#JAGYVV010000088.1_22597550_23005370_1	0.0754286722334171 Allentoft
VK61 HG03492#1#JAHEPI010000180.1_2103395_2543326_1$HG02109#1#JAHEPG010000026.1_16673035_17080816_0	0.0754211331217694 Allentoft
VK61 HG03492#1#JAHEPI010000180.1_2103395_2543326_1$HG02809.verkko_filt_pat.fa:haplotype2_0001251_103421111_103827972_0	0.0754077358365263 Allentoft
VK61 HG03492#1#JAHEPI010000180.1_2103395_2543326_1$NA19240#1#JAHEOM010000047.1_30103390_30511199_1	0.0753762245601973 Allentoft
VK61 HG02818#2#JAHEOR010000010.1_31775319_32183091_1$HG03492#1#JAHEPI010000180.1_2103395_2543326_1	0.0753742738333537 Allentoft
VK61 HG02559#2#JAGYVJ010000037.1_52167780_52574597_1$HG03492#1#JAHEPI010000180.1_2103395_2543326_1	0.0753631297275158 Allentoft
VK61 HG03492#1#JAHEPI010000180.1_2103395_2543326_1$HG03927.verkko_filt_mat.fa:haplotype1_0000009_134765170_135173010_1	0.0753122084060834 Allentoft
VK61 HG03492#1#JAHEPI010000180.1_2103395_2543326_1$HG02622#1#JAHAOO010000002.1_16673678_17080663_0	0.0753055378533008 Allentoft
VK61 HG01123#1#JAGYYZ010000015.1_51528240_51935090_0$HG03492#1#JAHEPI010000180.1_2103395_2543326_1	0.0752580614140835 Allentoft
VK61 HG03492#1#JAHEPI010000180.1_2103395_2543326_1$HG02717#2#JAHAOR010000006.1_19663827_20070693_1	0.0752325556568432 Allentoft
VK61 HG005#1#JAHEPO010000002.1_51519219_51926067_0$HG03492#1#JAHEPI010000180.1_2103395_2543326_1	0.0752325556568432 Allentoft
VK61 HG03492#1#JAHEPI010000180.1_2103395_2543326_1$HG01258#2#JAGYYU010000072.1_51562603_51970395_0	0.0752209203426979 Allentoft
VK61 HG03492#1#JAHEPI010000180.1_2103395_2543326_1$HG00741#2#JAHALX010000013.1_51574319_51981226_0	0.0751484598189702 Allentoft
VK61 HG02886#1#JAHAOU010000178.1_62411_469262_0$HG03492#1#JAHEPI010000180.1_2103395_2543326_1	0.0750869721446206 Allentoft
VK61 HG03492#1#JAHEPI010000180.1_2103395_2543326_1$NA19240#2#JAHEOL010000010.1_37445323_37853017_0	0.0750775068270357 Allentoft
VK61 HG03492#1#JAHEPI010000180.1_2103395_2543326_1$HG03516#1#JAGYYT010000012.1_24170958_24578778_1	0.0749434290859548 Allentoft
VK61 HG01109#1#JAHEPA010000099.1_2104245_2511104_1$HG03492#1#JAHEPI010000180.1_2103395_2543326_1	0.0747756689647941 Allentoft
VK61 HG02622#2#JAHAON010000012.1_51551779_52031001_0$HG02723#2#JAHEOT010000034.1_19776337_20321518_1	0.0747527138033920 Allentoft
VK61 HG00438#1#JAHBCB010000015.1_33474867_33954171_0$HG02723#2#JAHEOT010000034.1_19776337_20321518_1	0.0747465206625566 Allentoft
VK61 NA20129#2#JAHEPD010000155.1_90039_569275_0$HG02723#2#JAHEOT010000034.1_19776337_20321518_1	0.0747387371832384 Allentoft
VK61 HG03492#1#JAHEPI010000180.1_2103395_2543326_1$HG01358#1#JAGYZB010000020.1_27445742_27855492_1	0.0747196795965311 Allentoft
VK61 HG02723#2#JAHEOT010000034.1_19776337_20321518_1$HG01109#2#JAHEOZ010000047.1_16671232_17151375_0	0.0746894393755444 Allentoft
VK61 HG03453#1#JAGYVW010000157.1_2105722_2585000_1$HG02723#2#JAHEOT010000034.1_19776337_20321518_1	0.0746301992543559 Allentoft
VK61 HG02723#2#JAHEOT010000034.1_19776337_20321518_1$HG03486#2#JAHEOP010000248.1_2105565_2584784_1	0.0746242125687073 Allentoft
VK61 HG00438#1#JAHBCB010000015.1_33474867_33954171_0$HG02145#1#JAHKSG010000134.1_2102465_2647653_1	0.0746205156295824 Allentoft
VK61 HG02622#2#JAHAON010000012.1_51551779_52031001_0$HG02145#1#JAHKSG010000134.1_2102465_2647653_1	0.0746192834386349 Allentoft
VK61 NA20129#2#JAHEPD010000155.1_90039_569275_0$HG02145#1#JAHKSG010000134.1_2102465_2647653_1	0.0746096040618266 Allentoft
VK61 HG01109#2#JAHEOZ010000047.1_16671232_17151375_0$HG02145#1#JAHKSG010000134.1_2102465_2647653_1	0.0744848142430476 Allentoft
VK61 HG02630#2#JAHAOP010000089.1_16669255_17076135_0$HG03492#1#JAHEPI010000180.1_2103395_2543326_1	0.0744426291219744 Allentoft
VK61 HG03453#1#JAGYVW010000157.1_2105722_2585000_1$HG02145#1#JAHKSG010000134.1_2102465_2647653_1	0.0744113922810097 Allentoft
VK61 HG03486#2#JAHEOP010000248.1_2105565_2584784_1$HG02145#1#JAHKSG010000134.1_2102465_2647653_1	0.0744092976998441 Allentoft
VK61 HG00438#1#JAHBCB010000015.1_33474867_33954171_0$HG02647.verkko_filt_mat.fa:haplotype1_0000002_103892584_104321036_0	0.0741226735798231 Allentoft
VK61 HG00438#1#JAHBCB010000015.1_33474867_33954171_0$HG02055#2#JAHEPJ010000017.1_24870122_25298560_1	0.0740849103935381 Allentoft
VK61 HG02622#2#JAHAON010000012.1_51551779_52031001_0$HG02647.verkko_filt_mat.fa:haplotype1_0000002_103892584_104321036_0	0.0740659288011826 Allentoft
VK61 NA20129#2#JAHEPD010000155.1_90039_569275_0$HG02647.verkko_filt_mat.fa:haplotype1_0000002_103892584_104321036_0	0.0740540119265785 Allentoft
VK61 HG00438#1#JAHBCB010000015.1_33474867_33954171_0$HG02809.verkko_filt_mat.fa:haplotype1_0000023_94161320_94589755_0	0.0740408857045229 Allentoft
VK61 HG00438#1#JAHBCB010000015.1_33474867_33954171_0$HG03098#1#JAHEPM010000059.1_16676208_17105596_0	0.0740280093455424 Allentoft
VK61 HG02622#2#JAHAON010000012.1_51551779_52031001_0$HG02055#2#JAHEPJ010000017.1_24870122_25298560_1	0.0740185385782567 Allentoft
VK61 HG02622#2#JAHAON010000012.1_51551779_52031001_0$HG03098#1#JAHEPM010000059.1_16676208_17105596_0	0.0740141686807020 Allentoft
VK61 NA20129#2#JAHEPD010000155.1_90039_569275_0$HG02055#2#JAHEPJ010000017.1_24870122_25298560_1	0.0740076152853180 Allentoft
VK61 NA20129#2#JAHEPD010000155.1_90039_569275_0$HG03098#1#JAHEPM010000059.1_16676208_17105596_0	0.0740017915061214 Allentoft
VK61 HG01109#2#JAHEOZ010000047.1_16671232_17151375_0$HG02647.verkko_filt_mat.fa:haplotype1_0000002_103892584_104321036_0	0.0739969394068797 Allentoft
VK61 HG02622#2#JAHAON010000012.1_51551779_52031001_0$HG02809.verkko_filt_mat.fa:haplotype1_0000023_94161320_94589755_0	0.0739862681472164 Allentoft
VK61 NA20129#2#JAHEPD010000155.1_90039_569275_0$HG02809.verkko_filt_mat.fa:haplotype1_0000023_94161320_94589755_0	0.0739753591328806 Allentoft
VK61 HG01109#2#JAHEOZ010000047.1_16671232_17151375_0$HG02055#2#JAHEPJ010000017.1_24870122_25298560_1	0.0739419348877092 Allentoft
VK61 HG01109#2#JAHEOZ010000047.1_16671232_17151375_0$HG02809.verkko_filt_mat.fa:haplotype1_0000023_94161320_94589755_0	0.0739010639469794 Allentoft
VK61 HG03098#1#JAHEPM010000059.1_16676208_17105596_0$HG01109#2#JAHEOZ010000047.1_16671232_17151375_0	0.0738612256813087 Allentoft
VK61 HG03486#2#JAHEOP010000248.1_2105565_2584784_1$HG02647.verkko_filt_mat.fa:haplotype1_0000002_103892584_104321036_0	0.0738547128243030 Allentoft
VK61 HG03453#1#JAGYVW010000157.1_2105722_2585000_1$HG02647.verkko_filt_mat.fa:haplotype1_0000002_103892584_104321036_0	0.0738359075774192 Allentoft
VK61 HG03486#2#JAHEOP010000248.1_2105565_2584784_1$HG02055#2#JAHEPJ010000017.1_24870122_25298560_1	0.0738110970024927 Allentoft
VK61 HG03486#2#JAHEOP010000248.1_2105565_2584784_1$HG03098#1#JAHEPM010000059.1_16676208_17105596_0	0.0737827039534192 Allentoft
VK61 HG03453#1#JAGYVW010000157.1_2105722_2585000_1$HG02055#2#JAHEPJ010000017.1_24870122_25298560_1	0.0737740481882320 Allentoft
VK61 HG03486#2#JAHEOP010000248.1_2105565_2584784_1$HG02809.verkko_filt_mat.fa:haplotype1_0000023_94161320_94589755_0	0.0737680390321792 Allentoft
VK61 HG03453#1#JAGYVW010000157.1_2105722_2585000_1$HG03098#1#JAHEPM010000059.1_16676208_17105596_0	0.0737658760954374 Allentoft
VK61 HG03453#1#JAGYVW010000157.1_2105722_2585000_1$HG02809.verkko_filt_mat.fa:haplotype1_0000023_94161320_94589755_0	0.0737334548582052 Allentoft
VK61 HG02723#2#JAHEOT010000034.1_19776337_20321518_1$NA18906#1#JAHEOO010000054.1_2103477_2510435_1	0.0735187598409236 Allentoft
VK61 HG02630#1#JAHAOQ010000102.1_16672145_17079089_0$HG02723#2#JAHEOT010000034.1_19776337_20321518_1	0.0735031721340853 Allentoft
VK61 HG02717#1#JAHAOS010000015.1_16660311_17067250_0$HG02723#2#JAHEOT010000034.1_19776337_20321518_1	0.0735029526597198 Allentoft
VK61 HG02723#2#JAHEOT010000034.1_19776337_20321518_1$HG02300.verkko_filt_mat.fa:haplotype1_0000028_144052837_144460586_1	0.0734593163455639 Allentoft
VK61 HG02080#1#JAHEOW010000048.1_16689583_17097287_0$HG02723#2#JAHEOT010000034.1_19776337_20321518_1	0.0734538398897385 Allentoft
VK61 AV_HG02257#haplotype2#0001152:102843493_103251377$HG02723#2#JAHEOT010000034.1_19776337_20321518_1	0.0734407013914239 Allentoft
VK61 HG02723#2#JAHEOT010000034.1_19776337_20321518_1$HG01099.verkko_filt_mat.fa:haplotype1_0000034_142513097_142920876_1	0.0734396068347733 Allentoft
VK61 AV_HG01361#haplotype1#0000023:101593539_102001341$HG02723#2#JAHEOT010000034.1_19776337_20321518_1	0.0734354479657863 Allentoft
VK61 HG02723#2#JAHEOT010000034.1_19776337_20321518_1$HG02818#1#JAHEOS010000101.1_89626_496613_0	0.0734352290975164 Allentoft
VK61 HG02145#2#JAHKSF010000206.1_1005292_1413195_1$HG02723#2#JAHEOT010000034.1_19776337_20321518_1	0.0734332593711460 Allentoft
VK61 HG02723#2#JAHEOT010000034.1_19776337_20321518_1$HG02300.verkko_filt_pat.fa:haplotype2_0000620_143362344_143769323_1	0.0734264759711029 Allentoft
VK61 HG02723#2#JAHEOT010000034.1_19776337_20321518_1$HG02486#2#JAGYVL010000029.1_94163344_94570162_0	0.0734181633995029 Allentoft
VK61 HG02723#2#JAHEOT010000034.1_19776337_20321518_1$HG02071.verkko_filt_mat.fa:haplotype1_0000041_103610513_104018399_0	0.0734161950460176 Allentoft
VK61 AV_HG01175#haplotype1#0000070:46006269_46414083$HG02723#2#JAHEOT010000034.1_19776337_20321518_1	0.0734126961418010 Allentoft
VK61 HG02723#2#JAHEOT010000034.1_19776337_20321518_1$HG002.verkko_filt_mat.fa:haplotype1_0000005_138228497_138636354_1	0.0734061370445226 Allentoft
VK61 AV_HG00673#haplotype2#0001165:24014011_24421797$HG02723#2#JAHEOT010000034.1_19776337_20321518_1	0.0733991426115199 Allentoft
VK61 chr1_hg19_103998686_104406594_0$HG02723#2#JAHEOT010000034.1_19776337_20321518_1	0.0733982684479683 Allentoft
VK61 HG02723#2#JAHEOT010000034.1_19776337_20321518_1$chr1_hg38_103456064_103863972_0	0.0733982684479683 Allentoft
VK61 HG00621#2#JAHBCC010000031.1_16669999_17077865_0$HG02723#2#JAHEOT010000034.1_19776337_20321518_1	0.0733886547098293 Allentoft
VK61 AV_HG02148#haplotype2#0002863:16304803_16712699$HG02723#2#JAHEOT010000034.1_19776337_20321518_1	0.0733862518654921 Allentoft
VK61 HG02723#2#JAHEOT010000034.1_19776337_20321518_1$HG01978#2#JAGYVR010000007.1_51532241_51939176_0	0.0733801365992954 Allentoft
VK61 HG02723#2#JAHEOT010000034.1_19776337_20321518_1$HG03516#2#JAGYYS010000004.1_24452130_24859892_1	0.0733753328196039 Allentoft
VK61 HG02723#2#JAHEOT010000034.1_19776337_20321518_1$HG02809.verkko_filt_pat.fa:haplotype2_0001251_103421111_103827972_0	0.0733705299832171 Allentoft
VK61 HG03486#1#JAHEOQ010000123.1_16677696_17085575_0$HG02723#2#JAHEOT010000034.1_19776337_20321518_1	0.0733692202824215 Allentoft
VK61 HG02559#2#JAGYVJ010000037.1_52167780_52574597_1$HG02723#2#JAHEOT010000034.1_19776337_20321518_1	0.0733631092726007 Allentoft
VK61 HG02723#2#JAHEOT010000034.1_19776337_20321518_1$HG03579#1#JAGYVU010000029.1_91404_499180_0	0.0733583088359609 Allentoft
VK61 HG02559#1#JAGYVK010000012.1_51505852_51913611_0$HG02723#2#JAHEOT010000034.1_19776337_20321518_1	0.0733559089709894 Allentoft
VK61 HG02723#2#JAHEOT010000034.1_19776337_20321518_1$HG03453#2#JAGYVV010000088.1_22597550_23005370_1	0.0733550363512119 Allentoft
VK61 HG02723#2#JAHEOT010000034.1_19776337_20321518_1$HG005#2#JAHEPN010000023.1_51542210_51950070_0	0.0733471841743160 Allentoft
VK61 HG02723#2#JAHEOT010000034.1_19776337_20321518_1$HG02004.verkko_filt_mat.fa:haplotype1_0000022_97828542_98235483_0	0.0733460937936094 Allentoft
VK61 HG01928#1#JAGYVQ010000053.1_16676493_17083407_0$HG02723#2#JAHEOT010000034.1_19776337_20321518_1	0.0733417327570213 Allentoft
VK61 HG02723#2#JAHEOT010000034.1_19776337_20321518_1$HG02622#1#JAHAOO010000002.1_16673678_17080663_0	0.0733341028144520 Allentoft
VK61 NA18906#1#JAHEOO010000054.1_2103477_2510435_1$HG02145#1#JAHKSG010000134.1_2102465_2647653_1	0.0733227712956211 Allentoft
VK61 HG02723#2#JAHEOT010000034.1_19776337_20321518_1$HG02109#1#JAHEPG010000026.1_16673035_17080816_0	0.0733134049679280 Allentoft
VK61 HG02818#2#JAHEOR010000010.1_31775319_32183091_1$HG02723#2#JAHEOT010000034.1_19776337_20321518_1	0.0733112272665724 Allentoft
VK61 HG02630#1#JAHAOQ010000102.1_16672145_17079089_0$HG02145#1#JAHKSG010000134.1_2102465_2647653_1	0.0733073078931136 Allentoft
VK61 HG01123#1#JAGYYZ010000015.1_51528240_51935090_0$HG02723#2#JAHEOT010000034.1_19776337_20321518_1	0.0733073078931136 Allentoft
VK61 HG02723#2#JAHEOT010000034.1_19776337_20321518_1$NA19240#1#JAHEOM010000047.1_30103390_30511199_1	0.0733066547253170 Allentoft
VK61 HG02717#1#JAHAOS010000015.1_16660311_17067250_0$HG02145#1#JAHKSG010000134.1_2102465_2647653_1	0.0732970769363891 Allentoft
VK61 HG02723#2#JAHEOT010000034.1_19776337_20321518_1$HG02717#2#JAHAOR010000006.1_19663827_20070693_1	0.0732955535433460 Allentoft
VK61 HG02723#2#JAHEOT010000034.1_19776337_20321518_1$HG03927.verkko_filt_mat.fa:haplotype1_0000009_134765170_135173010_1	0.0732914190981294 Allentoft
VK61 HG02145#1#JAHKSG010000134.1_2102465_2647653_1$HG02300.verkko_filt_mat.fa:haplotype1_0000028_144052837_144460586_1	0.0732859801044240 Allentoft
VK61 HG02080#1#JAHEOW010000048.1_16689583_17097287_0$HG02145#1#JAHKSG010000134.1_2102465_2647653_1	0.0732748883109575 Allentoft
VK61 HG02723#2#JAHEOT010000034.1_19776337_20321518_1$HG01258#2#JAGYYU010000072.1_51562603_51970395_0	0.0732690182235107 Allentoft
VK61 HG005#1#JAHEPO010000002.1_51519219_51926067_0$HG02723#2#JAHEOT010000034.1_19776337_20321518_1	0.0732690182235107 Allentoft
VK61 HG02145#1#JAHKSG010000134.1_2102465_2647653_1$HG01099.verkko_filt_mat.fa:haplotype1_0000034_142513097_142920876_1	0.0732642362322308 Allentoft
VK61 AV_HG01361#haplotype1#0000023:101593539_102001341$HG02145#1#JAHKSG010000134.1_2102465_2647653_1	0.0732588032875958 Allentoft
VK61 HG02145#1#JAHKSG010000134.1_2102465_2647653_1$HG02486#2#JAGYVL010000029.1_94163344_94570162_0	0.0732346956016492 Allentoft
VK61 HG02723#2#JAHEOT010000034.1_19776337_20321518_1$HG00741#2#JAHALX010000013.1_51574319_51981226_0	0.0732325249065076 Allentoft
VK61 HG02145#2#JAHKSF010000206.1_1005292_1413195_1$HG02145#1#JAHKSG010000134.1_2102465_2647653_1	0.0732297032913669 Allentoft
VK61 AV_HG02257#haplotype2#0001152:102843493_103251377$HG02145#1#JAHKSG010000134.1_2102465_2647653_1	0.0732275330401019 Allentoft
VK61 HG03492#1#JAHEPI010000180.1_2103395_2543326_1$HG01243#1#JAHEOY010000013.1_90081_424495_0	0.0732262625784876 Allentoft
VK61 HG03492#2#JAHEPH010000288.1_2098270_2432686_1$HG03492#1#JAHEPI010000180.1_2103395_2543326_1	0.0732255481515308 Allentoft
VK61 HG02145#1#JAHKSG010000134.1_2102465_2647653_1$HG02300.verkko_filt_pat.fa:haplotype2_0000620_143362344_143769323_1	0.0732247120019025 Allentoft
VK61 HG02145#1#JAHKSG010000134.1_2102465_2647653_1$HG02818#1#JAHEOS010000101.1_89626_496613_0	0.0732234100942319 Allentoft
VK61 AV_HG00673#haplotype2#0001165:24014011_24421797$HG02145#1#JAHKSG010000134.1_2102465_2647653_1	0.0732210234438487 Allentoft
VK61 HG02145#1#JAHKSG010000134.1_2102465_2647653_1$HG002.verkko_filt_mat.fa:haplotype1_0000005_138228497_138636354_1	0.0732114791755045 Allentoft
VK61 HG02145#1#JAHKSG010000134.1_2102465_2647653_1$HG02071.verkko_filt_mat.fa:haplotype1_0000041_103610513_104018399_0	0.0732080094577082 Allentoft
VK61 AV_HG01175#haplotype1#0000070:46006269_46414083$HG02145#1#JAHKSG010000134.1_2102465_2647653_1	0.0732049738592802 Allentoft
VK61 chr1_hg38_103456064_103863972_0$HG02145#1#JAHKSG010000134.1_2102465_2647653_1	0.0732032394011402 Allentoft
VK61 chr1_hg19_103998686_104406594_0$HG02145#1#JAHKSG010000134.1_2102465_2647653_1	0.0732032394011402 Allentoft
VK61 HG00621#2#JAHBCC010000031.1_16669999_17077865_0$HG02145#1#JAHKSG010000134.1_2102465_2647653_1	0.0731902348935880 Allentoft
VK61 HG02145#1#JAHKSG010000134.1_2102465_2647653_1$HG03516#2#JAGYYS010000004.1_24452130_24859892_1	0.0731826521307551 Allentoft
VK61 HG01978#2#JAGYVR010000007.1_51532241_51939176_0$HG02145#1#JAHKSG010000134.1_2102465_2647653_1	0.0731778870288139 Allentoft
VK61 AV_HG02148#haplotype2#0002863:16304803_16712699$HG02145#1#JAHKSG010000134.1_2102465_2647653_1	0.0731722567445645 Allentoft
VK61 HG02145#1#JAHKSG010000134.1_2102465_2647653_1$HG02809.verkko_filt_pat.fa:haplotype2_0001251_103421111_103827972_0	0.0731696585901156 Allentoft
VK61 HG02145#1#JAHKSG010000134.1_2102465_2647653_1$HG03579#1#JAGYVU010000029.1_91404_499180_0	0.0731666277596921 Allentoft
VK61 HG03486#1#JAHEOQ010000123.1_16677696_17085575_0$HG02145#1#JAHKSG010000134.1_2102465_2647653_1	0.0731631644146291 Allentoft
VK61 HG02559#1#JAGYVK010000012.1_51505852_51913611_0$HG02145#1#JAHKSG010000134.1_2102465_2647653_1	0.0731542918372721 Allentoft
VK61 HG03453#2#JAGYVV010000088.1_22597550_23005370_1$HG02145#1#JAHKSG010000134.1_2102465_2647653_1	0.0731430434541493 Allentoft
VK61 HG005#2#JAHEPN010000023.1_51542210_51950070_0$HG02145#1#JAHKSG010000134.1_2102465_2647653_1	0.0731395834569405 Allentoft
VK61 HG02145#1#JAHKSG010000134.1_2102465_2647653_1$HG02004.verkko_filt_mat.fa:haplotype1_0000022_97828542_98235483_0	0.0731350429556772 Allentoft
VK61 HG02559#2#JAGYVJ010000037.1_52167780_52574597_1$HG02145#1#JAHKSG010000134.1_2102465_2647653_1	0.0731302871469336 Allentoft
VK61 HG01928#1#JAGYVQ010000053.1_16676493_17083407_0$HG02145#1#JAHKSG010000134.1_2102465_2647653_1	0.0731298548466883 Allentoft
VK61 HG02109#1#JAHEPG010000026.1_16673035_17080816_0$HG02145#1#JAHKSG010000134.1_2102465_2647653_1	0.0731151611983557 Allentoft
VK61 HG02622#1#JAHAOO010000002.1_16673678_17080663_0$HG02145#1#JAHKSG010000134.1_2102465_2647653_1	0.0731088974830059 Allentoft
VK61 HG01123#1#JAGYYZ010000015.1_51528240_51935090_0$HG02145#1#JAHKSG010000134.1_2102465_2647653_1	0.0731082496043289 Allentoft
VK61 HG02818#2#JAHEOR010000010.1_31775319_32183091_1$HG02145#1#JAHKSG010000134.1_2102465_2647653_1	0.0731022035671482 Allentoft
VK61 HG02145#1#JAHKSG010000134.1_2102465_2647653_1$HG02717#2#JAHAOR010000006.1_19663827_20070693_1	0.0730974541615290 Allentoft
VK61 HG02145#1#JAHKSG010000134.1_2102465_2647653_1$NA19240#1#JAHEOM010000047.1_30103390_30511199_1	0.0730972383014497 Allentoft
VK61 HG02145#1#JAHKSG010000134.1_2102465_2647653_1$HG03927.verkko_filt_mat.fa:haplotype1_0000009_134765170_135173010_1	0.0730864477351082 Allentoft
VK61 HG02145#1#JAHKSG010000134.1_2102465_2647653_1$HG01258#2#JAGYYU010000072.1_51562603_51970395_0	0.0730707020863158 Allentoft
VK61 HG005#1#JAHEPO010000002.1_51519219_51926067_0$HG02145#1#JAHKSG010000134.1_2102465_2647653_1	0.0730577680739857 Allentoft
VK61 HG02723#2#JAHEOT010000034.1_19776337_20321518_1$NA19240#2#JAHEOL010000010.1_37445323_37853017_0	0.0730554412521159 Allentoft
VK61 HG02723#2#JAHEOT010000034.1_19776337_20321518_1$HG02886#1#JAHAOU010000178.1_62411_469262_0	0.0730393428928360 Allentoft
VK61 HG02145#1#JAHKSG010000134.1_2102465_2647653_1$HG00741#2#JAHALX010000013.1_51574319_51981226_0	0.0730168556345244 Allentoft
VK61 HG02723#2#JAHEOT010000034.1_19776337_20321518_1$HG03516#1#JAGYYT010000012.1_24170958_24578778_1	0.0729548923964237 Allentoft
VK61 HG03492#2#JAHEPH010000288.1_2098270_2432686_1$HG01243#1#JAHEOY010000013.1_90081_424495_0	0.0729006092795252 Allentoft
VK61 HG01109#1#JAHEPA010000099.1_2104245_2511104_1$HG02723#2#JAHEOT010000034.1_19776337_20321518_1	0.0728942863967655 Allentoft
VK61 HG02145#1#JAHKSG010000134.1_2102465_2647653_1$NA19240#2#JAHEOL010000010.1_37445323_37853017_0	0.0728603697670189 Allentoft
VK61 HG02886#1#JAHAOU010000178.1_62411_469262_0$HG02145#1#JAHKSG010000134.1_2102465_2647653_1	0.0728577793602997 Allentoft
VK61 HG00741#1#JAHALY010000007.1_18781197_19307680_1$HG02723#2#JAHEOT010000034.1_19776337_20321518_1	0.0728086110490817 Allentoft
VK61 HG03516#1#JAGYYT010000012.1_24170958_24578778_1$HG02145#1#JAHKSG010000134.1_2102465_2647653_1	0.0727430000681819 Allentoft
VK61 HG01109#1#JAHEPA010000099.1_2104245_2511104_1$HG02145#1#JAHKSG010000134.1_2102465_2647653_1	0.0726700652742175 Allentoft
VK61 HG00741#1#JAHALY010000007.1_18781197_19307680_1$HG02145#1#JAHKSG010000134.1_2102465_2647653_1	0.0726325665447161 Allentoft
VK61 HG02630#2#JAHAOP010000089.1_16669255_17076135_0$HG02723#2#JAHEOT010000034.1_19776337_20321518_1	0.0724737563933559 Allentoft
VK61 HG02723#2#JAHEOT010000034.1_19776337_20321518_1$HG01358#1#JAGYZB010000020.1_27445742_27855492_1	0.0724251550764679 Allentoft
VK61 HG02622#2#JAHAON010000012.1_51551779_52031001_0$HG00733#1#JAHEPQ010000019.1_46106835_46420495_0	0.0723147986344686 Allentoft
VK61 HG01123#2#JAGYYY010000006.1_51579630_51892388_0$HG00438#1#JAHBCB010000015.1_33474867_33954171_0	0.0723072308346830 Allentoft
VK61 NA20129#2#JAHEPD010000155.1_90039_569275_0$HG00733#1#JAHEPQ010000019.1_46106835_46420495_0	0.0723034478256546 Allentoft
VK61 HG02622#2#JAHAON010000012.1_51551779_52031001_0$HG00438#2#JAHBCA010000012.1_51513023_51826723_0	0.0722835108652917 Allentoft
VK61 HG00741#1#JAHALY010000007.1_18781197_19307680_1$HG02647.verkko_filt_mat.fa:haplotype1_0000002_103892584_104321036_0	0.0722828033183182 Allentoft
VK61 HG02622#2#JAHAON010000012.1_51551779_52031001_0$HG02293.verkko_filt_mat.fa:haplotype1_0000039_30204405_30517145_1	0.0722793880356369 Allentoft
VK61 NA20129#2#JAHEPD010000155.1_90039_569275_0$HG00438#2#JAHBCA010000012.1_51513023_51826723_0	0.0722721747809409 Allentoft
VK61 HG02630#2#JAHAOP010000089.1_16669255_17076135_0$HG02145#1#JAHKSG010000134.1_2102465_2647653_1	0.0722707716155869 Allentoft
VK61 NA20129#2#JAHEPD010000155.1_90039_569275_0$HG02293.verkko_filt_mat.fa:haplotype1_0000039_30204405_30517145_1	0.0722687406567031 Allentoft
VK61 HG02622#2#JAHAON010000012.1_51551779_52031001_0$HG02886#2#JAHAOT010000031.1_87393_401061_0	0.0722649636853942 Allentoft
VK61 HG00438#1#JAHBCB010000015.1_33474867_33954171_0$HG04228.verkko_filt_pat.fa:haplotype2_0000600_103806749_104119491_0	0.0722625604665034 Allentoft
VK61 NA20129#2#JAHEPD010000155.1_90039_569275_0$HG02886#2#JAHAOT010000031.1_87393_401061_0	0.0722556954477283 Allentoft
VK61 HG00438#1#JAHBCB010000015.1_33474867_33954171_0$HG02647.verkko_filt_pat.fa:haplotype2_0000857_103738150_104051769_0	0.0722474600072745 Allentoft
VK61 HG01123#2#JAGYYY010000006.1_51579630_51892388_0$HG02622#2#JAHAON010000012.1_51551779_52031001_0	0.0722423142867344 Allentoft
VK61 HG03579#2#JAGYVT010000094.1_51581892_51895531_0$HG00438#1#JAHBCB010000015.1_33474867_33954171_0	0.0722371696655271 Allentoft
VK61 HG00741#1#JAHALY010000007.1_18781197_19307680_1$HG02055#2#JAHEPJ010000017.1_24870122_25298560_1	0.0722363027685926 Allentoft
VK61 HG02723#1#JAHEOU010000204.1_2102082_2414876_1$HG00438#1#JAHBCB010000015.1_33474867_33954171_0	0.0722357979521537 Allentoft
VK61 HG03098#2#JAHEPL010000003.1_93803759_94117426_0$HG02622#2#JAHAON010000012.1_51551779_52031001_0	0.0722351121247698 Allentoft
VK61 NA20129#2#JAHEPD010000155.1_90039_569275_0$HG01123#2#JAGYYY010000006.1_51579630_51892388_0	0.0722309975706468 Allentoft
VK61 NA20129#2#JAHEPD010000155.1_90039_569275_0$HG03098#2#JAHEPL010000003.1_93803759_94117426_0	0.0722237987924581 Allentoft
VK61 HG02145#1#JAHKSG010000134.1_2102465_2647653_1$HG01358#1#JAGYZB010000020.1_27445742_27855492_1	0.0722231820916631 Allentoft
VK61 HG00438#1#JAHBCB010000015.1_33474867_33954171_0$HG01891#1#JAGYVO010000014.1_22855818_23168577_1	0.0722148890008205 Allentoft
VK61 HG00438#1#JAHBCB010000015.1_33474867_33954171_0$HG00733#1#JAHEPQ010000019.1_46106835_46420495_0	0.0722135185562958 Allentoft
VK61 AV_HG01361#haplotype2#0001322:101872897_102186552$HG02622#2#JAHAON010000012.1_51551779_52031001_0	0.0722124907741027 Allentoft
VK61 HG00438#1#JAHBCB010000015.1_33474867_33954171_0$HG02109#2#JAHEPF010000078.1_16678387_16991144_0	0.0722100927863014 Allentoft
VK61 HG02622#2#JAHAON010000012.1_51551779_52031001_0$HG03710.verkko_filt_mat.fa:haplotype1_0000029_102593394_102907063_0	0.0722052975272896 Allentoft
VK61 HG00741#1#JAHALY010000007.1_18781197_19307680_1$HG02809.verkko_filt_mat.fa:haplotype1_0000023_94161320_94589755_0	0.0722052828620891 Allentoft
VK61 AV_HG01361#haplotype2#0001322:101872897_102186552$NA20129#2#JAHEPD010000155.1_90039_569275_0	0.0722046125682700 Allentoft
VK61 HG01123#2#JAGYYY010000006.1_51579630_51892388_0$HG01109#2#JAHEOZ010000047.1_16671232_17151375_0	0.0722025578081641 Allentoft
VK61 NA20129#2#JAHEPD010000155.1_90039_569275_0$HG03710.verkko_filt_mat.fa:haplotype1_0000029_102593394_102907063_0	0.0721939981955307 Allentoft
VK61 HG02622#2#JAHAON010000012.1_51551779_52031001_0$HG04228.verkko_filt_pat.fa:haplotype2_0000600_103806749_104119491_0	0.0721840728576578 Allentoft
VK61 NA20129#2#JAHEPD010000155.1_90039_569275_0$HG04228.verkko_filt_pat.fa:haplotype2_0000600_103806749_104119491_0	0.0721720994515579 Allentoft
VK61 HG00741#1#JAHALY010000007.1_18781197_19307680_1$HG03098#1#JAHEPM010000059.1_16676208_17105596_0	0.0721689010660423 Allentoft
VK61 HG02723#1#JAHEOU010000204.1_2102082_2414876_1$HG02622#2#JAHAON010000012.1_51551779_52031001_0	0.0721628668939356 Allentoft
VK61 HG02723#1#JAHEOU010000204.1_2102082_2414876_1$NA20129#2#JAHEPD010000155.1_90039_569275_0	0.0721522709182069 Allentoft
VK61 HG01109#2#JAHEOZ010000047.1_16671232_17151375_0$HG04228.verkko_filt_pat.fa:haplotype2_0000600_103806749_104119491_0	0.0721478288333990 Allentoft
VK61 HG02622#2#JAHAON010000012.1_51551779_52031001_0$HG02647.verkko_filt_pat.fa:haplotype2_0000857_103738150_104051769_0	0.0721423627782113 Allentoft
VK61 HG02622#2#JAHAON010000012.1_51551779_52031001_0$HG02109#2#JAHEPF010000078.1_16678387_16991144_0	0.0721399717696979 Allentoft
VK61 NA20129#2#JAHEPD010000155.1_90039_569275_0$HG02647.verkko_filt_pat.fa:haplotype2_0000857_103738150_104051769_0	0.0721345074999782 Allentoft
VK61 HG00438#1#JAHBCB010000015.1_33474867_33954171_0$HG02293.verkko_filt_mat.fa:haplotype1_0000039_30204405_30517145_1	0.0721331416265497 Allentoft
VK61 HG00438#1#JAHBCB010000015.1_33474867_33954171_0$HG00438#2#JAHBCA010000012.1_51513023_51826723_0	0.0721331416265497 Allentoft
VK61 HG03579#2#JAGYVT010000094.1_51581892_51895531_0$HG02622#2#JAHAON010000012.1_51551779_52031001_0	0.0721321172723944 Allentoft
VK61 NA20129#2#JAHEPD010000155.1_90039_569275_0$HG02109#2#JAHEPF010000078.1_16678387_16991144_0	0.0721307515347364 Allentoft
VK61 HG02300.verkko_filt_mat.fa:haplotype1_0000028_144052837_144460586_1$HG02647.verkko_filt_mat.fa:haplotype1_0000002_103892584_104321036_0	0.0721239582418306 Allentoft
VK61 NA20129#2#JAHEPD010000155.1_90039_569275_0$HG03579#2#JAGYVT010000094.1_51581892_51895531_0	0.0721229000483784 Allentoft
VK61 HG00438#1#JAHBCB010000015.1_33474867_33954171_0$HG02886#2#JAHAOT010000031.1_87393_401061_0	0.0721188046383935 Allentoft
VK61 HG02622#2#JAHAON010000012.1_51551779_52031001_0$HG01891#1#JAGYVO010000014.1_22855818_23168577_1	0.0721167571950057 Allentoft
VK61 HG03486#2#JAHEOP010000248.1_2105565_2584784_1$HG00733#1#JAHEPQ010000019.1_46106835_46420495_0	0.0721160747526265 Allentoft
VK61 NA20129#2#JAHEPD010000155.1_90039_569275_0$HG01891#1#JAGYVO010000014.1_22855818_23168577_1	0.0721123216658185 Allentoft
VK61 HG02080#1#JAHEOW010000048.1_16689583_17097287_0$HG02647.verkko_filt_mat.fa:haplotype1_0000002_103892584_104321036_0	0.0721088019582894 Allentoft
VK61 AV_HG01361#haplotype1#0000023:101593539_102001341$HG02647.verkko_filt_mat.fa:haplotype1_0000002_103892584_104321036_0	0.0721013819577252 Allentoft
VK61 HG02723#1#JAHEOU010000204.1_2102082_2414876_1$HG01109#2#JAHEOZ010000047.1_16671232_17151375_0	0.0721000429318936 Allentoft
VK61 HG01099.verkko_filt_mat.fa:haplotype1_0000034_142513097_142920876_1$HG02647.verkko_filt_mat.fa:haplotype1_0000002_103892584_104321036_0	0.0720998364125620 Allentoft
VK61 HG00438#1#JAHBCB010000015.1_33474867_33954171_0$HG03710.verkko_filt_mat.fa:haplotype1_0000029_102593394_102907063_0	0.0720976561285830 Allentoft
VK61 HG01109#2#JAHEOZ010000047.1_16671232_17151375_0$HG02109#2#JAHEPF010000078.1_16678387_16991144_0	0.0720962923473978 Allentoft
VK61 HG03098#2#JAHEPL010000003.1_93803759_94117426_0$HG00438#1#JAHBCB010000015.1_33474867_33954171_0	0.0720864072477313 Allentoft
VK61 NA18906#1#JAHEOO010000054.1_2103477_2510435_1$HG02647.verkko_filt_mat.fa:haplotype1_0000002_103892584_104321036_0	0.0720859309771563 Allentoft
VK61 AV_HG01361#haplotype2#0001322:101872897_102186552$HG00438#1#JAHBCB010000015.1_33474867_33954171_0	0.0720775482005656 Allentoft
VK61 HG02055#2#JAHEPJ010000017.1_24870122_25298560_1$HG02300.verkko_filt_mat.fa:haplotype1_0000028_144052837_144460586_1	0.0720655508842891 Allentoft
VK61 HG02630#1#JAHAOQ010000102.1_16672145_17079089_0$HG02647.verkko_filt_mat.fa:haplotype1_0000002_103892584_104321036_0	0.0720652422279249 Allentoft
VK61 HG02717#1#JAHAOS010000015.1_16660311_17067250_0$HG02647.verkko_filt_mat.fa:haplotype1_0000002_103892584_104321036_0	0.0720649335755267 Allentoft
VK61 HG01109#2#JAHEOZ010000047.1_16671232_17151375_0$HG01891#1#JAGYVO010000014.1_22855818_23168577_1	0.0720629038645117 Allentoft
VK61 HG03486#2#JAHEOP010000248.1_2105565_2584784_1$HG02293.verkko_filt_mat.fa:haplotype1_0000039_30204405_30517145_1	0.0720598399004012 Allentoft
VK61 HG02080#1#JAHEOW010000048.1_16689583_17097287_0$HG02055#2#JAHEPJ010000017.1_24870122_25298560_1	0.0720584527911327 Allentoft
VK61 AV_HG00673#haplotype2#0001165:24014011_24421797$HG02647.verkko_filt_mat.fa:haplotype1_0000002_103892584_104321036_0	0.0720550587922625 Allentoft
VK61 HG01109#2#JAHEOZ010000047.1_16671232_17151375_0$HG02647.verkko_filt_pat.fa:haplotype2_0000857_103738150_104051769_0	0.0720543938179462 Allentoft
VK61 AV_HG01361#haplotype1#0000023:101593539_102001341$HG02055#2#JAHEPJ010000017.1_24870122_25298560_1	0.0720541332394366 Allentoft
VK61 HG01109#2#JAHEOZ010000047.1_16671232_17151375_0$HG00733#1#JAHEPQ010000019.1_46106835_46420495_0	0.0720540534787906 Allentoft
VK61 HG02055#2#JAHEPJ010000017.1_24870122_25298560_1$HG01099.verkko_filt_mat.fa:haplotype1_0000034_142513097_142920876_1	0.0720495060102431 Allentoft
VK61 HG03579#2#JAGYVT010000094.1_51581892_51895531_0$HG01109#2#JAHEOZ010000047.1_16671232_17151375_0	0.0720448661441563 Allentoft
VK61 HG03486#2#JAHEOP010000248.1_2105565_2584784_1$HG02886#2#JAHAOT010000031.1_87393_401061_0	0.0720428249914487 Allentoft
VK61 HG01109#2#JAHEOZ010000047.1_16671232_17151375_0$HG02293.verkko_filt_mat.fa:haplotype1_0000039_30204405_30517145_1	0.0720421446457647 Allentoft
VK61 HG002.verkko_filt_mat.fa:haplotype1_0000005_138228497_138636354_1$HG02647.verkko_filt_mat.fa:haplotype1_0000002_103892584_104321036_0	0.0720408709003858 Allentoft
VK61 HG02300.verkko_filt_pat.fa:haplotype2_0000620_143362344_143769323_1$HG02647.verkko_filt_mat.fa:haplotype1_0000002_103892584_104321036_0	0.0720405625610244 Allentoft
VK61 HG03453#1#JAGYVW010000157.1_2105722_2585000_1$HG00733#1#JAHEPQ010000019.1_46106835_46420495_0	0.0720397635876510 Allentoft
VK61 HG02071.verkko_filt_mat.fa:haplotype1_0000041_103610513_104018399_0$HG02647.verkko_filt_mat.fa:haplotype1_0000002_103892584_104321036_0	0.0720396375666945 Allentoft
VK61 HG00438#2#JAHBCA010000012.1_51513023_51826723_0$HG03486#2#JAHEOP010000248.1_2105565_2584784_1	0.0720380629763922 Allentoft
VK61 AV_HG01175#haplotype1#0000070:46006269_46414083$HG02647.verkko_filt_mat.fa:haplotype1_0000002_103892584_104321036_0	0.0720377876849214 Allentoft
VK61 NA18906#1#JAHEOO010000054.1_2103477_2510435_1$HG02055#2#JAHEPJ010000017.1_24870122_25298560_1	0.0720350131294437 Allentoft
VK61 chr1_hg38_103456064_103863972_0$HG02647.verkko_filt_mat.fa:haplotype1_0000002_103892584_104321036_0	0.0720334718482530 Allentoft
VK61 chr1_hg19_103998686_104406594_0$HG02647.verkko_filt_mat.fa:haplotype1_0000002_103892584_104321036_0	0.0720334718482530 Allentoft
VK61 HG00621#2#JAHBCC010000031.1_16669999_17077865_0$HG02647.verkko_filt_mat.fa:haplotype1_0000002_103892584_104321036_0	0.0720279240550211 Allentoft
VK61 HG02300.verkko_filt_mat.fa:haplotype1_0000028_144052837_144460586_1$HG02809.verkko_filt_mat.fa:haplotype1_0000023_94161320_94589755_0	0.0720269995474315 Allentoft
VK61 HG01123#2#JAGYYY010000006.1_51579630_51892388_0$HG03486#2#JAHEOP010000248.1_2105565_2584784_1	0.0720244624206465 Allentoft
VK61 HG02080#1#JAHEOW010000048.1_16689583_17097287_0$HG02809.verkko_filt_mat.fa:haplotype1_0000023_94161320_94589755_0	0.0720223775434130 Allentoft
VK61 HG03098#1#JAHEPM010000059.1_16676208_17105596_0$NA18906#1#JAHEOO010000054.1_2103477_2510435_1	0.0720202209126879 Allentoft
VK61 AV_HG01361#haplotype1#0000023:101593539_102001341$HG02809.verkko_filt_mat.fa:haplotype1_0000023_94161320_94589755_0	0.0720180644756850 Allentoft
VK61 HG02630#1#JAHAOQ010000102.1_16672145_17079089_0$HG02055#2#JAHEPJ010000017.1_24870122_25298560_1	0.0720162162552762 Allentoft
VK61 HG01099.verkko_filt_mat.fa:haplotype1_0000034_142513097_142920876_1$HG02809.verkko_filt_mat.fa:haplotype1_0000023_94161320_94589755_0	0.0720115963267195 Allentoft
VK61 AV_HG00673#haplotype2#0001165:24014011_24421797$HG02055#2#JAHEPJ010000017.1_24870122_25298560_1	0.0720103644959265 Allentoft
VK61 HG02145#2#JAHKSF010000206.1_1005292_1413195_1$HG02647.verkko_filt_mat.fa:haplotype1_0000002_103892584_104321036_0	0.0720088247963277 Allentoft
VK61 HG02717#1#JAHAOS010000015.1_16660311_17067250_0$HG02055#2#JAHEPJ010000017.1_24870122_25298560_1	0.0720023591363457 Allentoft
VK61 AV_HG02257#haplotype2#0001152:102843493_103251377$HG02647.verkko_filt_mat.fa:haplotype1_0000002_103892584_104321036_0	0.0719965107539995 Allentoft
VK61 HG02630#1#JAHAOQ010000102.1_16672145_17079089_0$HG03098#1#JAHEPM010000059.1_16676208_17105596_0	0.0719958952177024 Allentoft
VK61 HG02717#1#JAHAOS010000015.1_16660311_17067250_0$HG03098#1#JAHEPM010000059.1_16676208_17105596_0	0.0719955874554742 Allentoft
VK61 HG03486#1#JAHEOQ010000123.1_16677696_17085575_0$HG02647.verkko_filt_mat.fa:haplotype1_0000002_103892584_104321036_0	0.0719937409649837 Allentoft
VK61 HG02055#2#JAHEPJ010000017.1_24870122_25298560_1$HG02071.verkko_filt_mat.fa:haplotype1_0000041_103610513_104018399_0	0.0719937409649837 Allentoft
VK61 NA18906#1#JAHEOO010000054.1_2103477_2510435_1$HG02809.verkko_filt_mat.fa:haplotype1_0000023_94161320_94589755_0	0.0719934332303810 Allentoft
VK61 HG02055#2#JAHEPJ010000017.1_24870122_25298560_1$HG002.verkko_filt_mat.fa:haplotype1_0000005_138228497_138636354_1	0.0719925100502496 Allentoft
VK61 AV_HG02148#haplotype2#0002863:16304803_16712699$HG02647.verkko_filt_mat.fa:haplotype1_0000002_103892584_104321036_0	0.0719912791986501 Allentoft
VK61 HG03098#2#JAHEPL010000003.1_93803759_94117426_0$HG03486#2#JAHEOP010000248.1_2105565_2584784_1	0.0719901552697750 Allentoft
VK61 HG03486#2#JAHEOP010000248.1_2105565_2584784_1$HG03710.verkko_filt_mat.fa:haplotype1_0000029_102593394_102907063_0	0.0719891369950634 Allentoft
VK61 HG01978#2#JAGYVR010000007.1_51532241_51939176_0$HG02647.verkko_filt_mat.fa:haplotype1_0000002_103892584_104321036_0	0.0719888176848334 Allentoft
VK61 HG02055#2#JAHEPJ010000017.1_24870122_25298560_1$HG02300.verkko_filt_pat.fa:haplotype2_0000620_143362344_143769323_1	0.0719866640673525 Allentoft
VK61 HG02886#2#JAHAOT010000031.1_87393_401061_0$HG01109#2#JAHEOZ010000047.1_16671232_17151375_0	0.0719850643282681 Allentoft
VK61 HG03098#1#JAHEPM010000059.1_16676208_17105596_0$HG02300.verkko_filt_mat.fa:haplotype1_0000028_144052837_144460586_1	0.0719842030268887 Allentoft
VK61 HG03516#2#JAGYYS010000004.1_24452130_24859892_1$HG02647.verkko_filt_mat.fa:haplotype1_0000002_103892584_104321036_0	0.0719838954145779 Allentoft
VK61 HG03453#1#JAGYVW010000157.1_2105722_2585000_1$HG02293.verkko_filt_mat.fa:haplotype1_0000039_30204405_30517145_1	0.0719823496010471 Allentoft
VK61 chr1_hg38_103456064_103863972_0$HG02055#2#JAHEPJ010000017.1_24870122_25298560_1	0.0719802043744223 Allentoft
VK61 chr1_hg19_103998686_104406594_0$HG02055#2#JAHEPJ010000017.1_24870122_25298560_1	0.0719802043744223 Allentoft
VK61 HG02080#1#JAHEOW010000048.1_16689583_17097287_0$HG03098#1#JAHEPM010000059.1_16676208_17105596_0	0.0719783590672509 Allentoft
VK61 AV_HG01175#haplotype1#0000070:46006269_46414083$HG02055#2#JAHEPJ010000017.1_24870122_25298560_1	0.0719783590672509 Allentoft
VK61 HG00438#2#JAHBCA010000012.1_51513023_51826723_0$HG01109#2#JAHEOZ010000047.1_16671232_17151375_0	0.0719769210678870 Allentoft
VK61 HG03579#1#JAGYVU010000029.1_91404_499180_0$HG02647.verkko_filt_mat.fa:haplotype1_0000002_103892584_104321036_0	0.0719765139019928 Allentoft
VK61 AV_HG00673#haplotype2#0001165:24014011_24421797$HG02809.verkko_filt_mat.fa:haplotype1_0000023_94161320_94589755_0	0.0719755913725757 Allentoft
VK61 HG00621#2#JAHBCC010000031.1_16669999_17077865_0$HG02055#2#JAHEPJ010000017.1_24870122_25298560_1	0.0719752838706526 Allentoft
VK61 HG02486#2#JAGYVL010000029.1_94163344_94570162_0$HG02647.verkko_filt_mat.fa:haplotype1_0000002_103892584_104321036_0	0.0719728239971440 Allentoft
VK61 HG005#2#JAHEPN010000023.1_51542210_51950070_0$HG02647.verkko_filt_mat.fa:haplotype1_0000002_103892584_104321036_0	0.0719719016095993 Allentoft
VK61 HG02818#1#JAHEOS010000101.1_89626_496613_0$HG02647.verkko_filt_mat.fa:haplotype1_0000002_103892584_104321036_0	0.0719703643758289 Allentoft
VK61 HG03486#2#JAHEOP010000248.1_2105565_2584784_1$HG04228.verkko_filt_pat.fa:haplotype2_0000600_103806749_104119491_0	0.0719694588397743 Allentoft
VK61 HG02630#1#JAHAOQ010000102.1_16672145_17079089_0$HG02809.verkko_filt_mat.fa:haplotype1_0000023_94161320_94589755_0	0.0719679050066641 Allentoft
VK61 AV_HG01361#haplotype1#0000023:101593539_102001341$HG03098#1#JAHEPM010000059.1_16676208_17105596_0	0.0719679050066641 Allentoft
VK61 HG03453#2#JAGYVV010000088.1_22597550_23005370_1$HG02647.verkko_filt_mat.fa:haplotype1_0000002_103892584_104321036_0	0.0719657532654531 Allentoft
VK61 AV_HG01361#haplotype2#0001322:101872897_102186552$HG03486#2#JAHEOP010000248.1_2105565_2584784_1	0.0719630160556652 Allentoft
VK61 HG03453#1#JAGYVW010000157.1_2105722_2585000_1$HG01123#2#JAGYYY010000006.1_51579630_51892388_0	0.0719626770096936 Allentoft
VK61 HG02559#1#JAGYVK010000012.1_51505852_51913611_0$HG02647.verkko_filt_mat.fa:haplotype1_0000002_103892584_104321036_0	0.0719614503619744 Allentoft
VK61 HG03098#1#JAHEPM010000059.1_16676208_17105596_0$HG01099.verkko_filt_mat.fa:haplotype1_0000034_142513097_142920876_1	0.0719602211027374 Allentoft
VK61 HG02145#2#JAHKSF010000206.1_1005292_1413195_1$HG02055#2#JAHEPJ010000017.1_24870122_25298560_1	0.0719556119415874 Allentoft
VK61 HG02717#1#JAHAOS010000015.1_16660311_17067250_0$HG02809.verkko_filt_mat.fa:haplotype1_0000023_94161320_94589755_0	0.0719553046956670 Allentoft
VK61 HG02809.verkko_filt_mat.fa:haplotype1_0000023_94161320_94589755_0$HG002.verkko_filt_mat.fa:haplotype1_0000005_138228497_138636354_1	0.0719516180515855 Allentoft
VK61 HG03486#2#JAHEOP010000248.1_2105565_2584784_1$HG02647.verkko_filt_pat.fa:haplotype2_0000857_103738150_104051769_0	0.0719497968126775 Allentoft
VK61 HG02055#2#JAHEPJ010000017.1_24870122_25298560_1$HG03516#2#JAGYYS010000004.1_24452130_24859892_1	0.0719485462810096 Allentoft
VK61 HG02809.verkko_filt_mat.fa:haplotype1_0000023_94161320_94589755_0$HG02300.verkko_filt_pat.fa:haplotype2_0000620_143362344_143769323_1	0.0719463962756774 Allentoft
VK61 AV_HG02257#haplotype2#0001152:102843493_103251377$HG02055#2#JAHEPJ010000017.1_24870122_25298560_1	0.0719463962756774 Allentoft
VK61 HG03486#1#JAHEOQ010000123.1_16677696_17085575_0$HG02055#2#JAHEPJ010000017.1_24870122_25298560_1	0.0719430180852545 Allentoft
VK61 HG02071.verkko_filt_mat.fa:haplotype1_0000041_103610513_104018399_0$HG02809.verkko_filt_mat.fa:haplotype1_0000023_94161320_94589755_0	0.0719430180852545 Allentoft
VK61 HG03579#2#JAGYVT010000094.1_51581892_51895531_0$HG03486#2#JAHEOP010000248.1_2105565_2584784_1	0.0719416655139215 Allentoft
VK61 HG02004.verkko_filt_mat.fa:haplotype1_0000022_97828542_98235483_0$HG02647.verkko_filt_mat.fa:haplotype1_0000002_103892584_104321036_0	0.0719414827014546 Allentoft
VK61 AV_HG02148#haplotype2#0002863:16304803_16712699$HG02055#2#JAHEPJ010000017.1_24870122_25298560_1	0.0719411756364909 Allentoft
VK61 HG01928#1#JAGYVQ010000053.1_16676493_17083407_0$HG02647.verkko_filt_mat.fa:haplotype1_0000002_103892584_104321036_0	0.0719396403706483 Allentoft
VK61 chr1_hg38_103456064_103863972_0$HG02809.verkko_filt_mat.fa:haplotype1_0000023_94161320_94589755_0	0.0719374911635870 Allentoft
VK61 chr1_hg19_103998686_104406594_0$HG02809.verkko_filt_mat.fa:haplotype1_0000023_94161320_94589755_0	0.0719374911635870 Allentoft
VK61 HG02055#2#JAHEPJ010000017.1_24870122_25298560_1$HG03579#1#JAGYVU010000029.1_91404_499180_0	0.0719374911635870 Allentoft
VK61 HG02109#1#JAHEPG010000026.1_16673035_17080816_0$HG02647.verkko_filt_mat.fa:haplotype1_0000002_103892584_104321036_0	0.0719347281803833 Allentoft
VK61 HG01978#2#JAGYVR010000007.1_51532241_51939176_0$HG02055#2#JAHEPJ010000017.1_24870122_25298560_1	0.0719338072567269 Allentoft
VK61 HG03098#1#JAHEPM010000059.1_16676208_17105596_0$HG02300.verkko_filt_pat.fa:haplotype2_0000620_143362344_143769323_1	0.0719331933272721 Allentoft
VK61 AV_HG00673#haplotype2#0001165:24014011_24421797$HG03098#1#JAHEPM010000059.1_16676208_17105596_0	0.0719298169962250 Allentoft
VK61 HG00621#2#JAHBCC010000031.1_16669999_17077865_0$HG02809.verkko_filt_mat.fa:haplotype1_0000023_94161320_94589755_0	0.0719282824574517 Allentoft
VK61 HG03486#2#JAHEOP010000248.1_2105565_2584784_1$HG02109#2#JAHEPF010000078.1_16678387_16991144_0	0.0719271038288907 Allentoft
VK61 AV_HG01175#haplotype1#0000070:46006269_46414083$HG02809.verkko_filt_mat.fa:haplotype1_0000023_94161320_94589755_0	0.0719264411405582 Allentoft
VK61 HG03453#1#JAGYVW010000157.1_2105722_2585000_1$HG00438#2#JAHBCA010000012.1_51513023_51826723_0	0.0719254111835031 Allentoft
VK61 HG03453#1#JAGYVW010000157.1_2105722_2585000_1$HG02886#2#JAHAOT010000031.1_87393_401061_0	0.0719247341588067 Allentoft
VK61 HG02559#1#JAGYVK010000012.1_51505852_51913611_0$HG02055#2#JAHEPJ010000017.1_24870122_25298560_1	0.0719236794303416 Allentoft
VK61 HG02055#2#JAHEPJ010000017.1_24870122_25298560_1$HG02818#1#JAHEOS010000101.1_89626_496613_0	0.0719227589309600 Allentoft
VK61 AV_HG01361#haplotype2#0001322:101872897_102186552$HG01109#2#JAHEOZ010000047.1_16671232_17151375_0	0.0719223647229166 Allentoft
VK61 HG02647.verkko_filt_mat.fa:haplotype1_0000002_103892584_104321036_0$HG02809.verkko_filt_pat.fa:haplotype2_0001251_103421111_103827972_0	0.0719206112365049 Allentoft
VK61 HG03098#2#JAHEPL010000003.1_93803759_94117426_0$HG01109#2#JAHEOZ010000047.1_16671232_17151375_0	0.0719196570829039 Allentoft
VK61 HG03927.verkko_filt_mat.fa:haplotype1_0000009_134765170_135173010_1$HG02647.verkko_filt_mat.fa:haplotype1_0000002_103892584_104321036_0	0.0719190772868261 Allentoft
VK61 HG02055#2#JAHEPJ010000017.1_24870122_25298560_1$HG02486#2#JAGYVL010000029.1_94163344_94570162_0	0.0719184637344360 Allentoft
VK61 HG01109#2#JAHEOZ010000047.1_16671232_17151375_0$HG03710.verkko_filt_mat.fa:haplotype1_0000029_102593394_102907063_0	0.0719179649631775 Allentoft
VK61 HG02055#2#JAHEPJ010000017.1_24870122_25298560_1$HG005#2#JAHEPN010000023.1_51542210_51950070_0	0.0719175434352930 Allentoft
VK61 NA19240#1#JAHEOM010000047.1_30103390_30511199_1$HG02647.verkko_filt_mat.fa:haplotype1_0000002_103892584_104321036_0	0.0719172366767630 Allentoft
VK61 HG02145#2#JAHKSF010000206.1_1005292_1413195_1$HG03098#1#JAHEPM010000059.1_16676208_17105596_0	0.0719163164247246 Allentoft
VK61 HG02145#2#JAHKSF010000206.1_1005292_1413195_1$HG02809.verkko_filt_mat.fa:haplotype1_0000023_94161320_94589755_0	0.0719147827498275 Allentoft
VK61 HG03516#2#JAGYYS010000004.1_24452130_24859892_1$HG02809.verkko_filt_mat.fa:haplotype1_0000023_94161320_94589755_0	0.0719114090104094 Allentoft
VK61 HG02723#1#JAHEOU010000204.1_2102082_2414876_1$HG03486#2#JAHEOP010000248.1_2105565_2584784_1	0.0719105210550273 Allentoft
VK61 HG03453#2#JAGYVV010000088.1_22597550_23005370_1$HG02055#2#JAHEPJ010000017.1_24870122_25298560_1	0.0719095689890263 Allentoft
VK61 HG03098#1#JAHEPM010000059.1_16676208_17105596_0$HG02486#2#JAGYVL010000029.1_94163344_94570162_0	0.0719092623325276 Allentoft
VK61 HG03453#1#JAGYVW010000157.1_2105722_2585000_1$HG03710.verkko_filt_mat.fa:haplotype1_0000029_102593394_102907063_0	0.0719084912993884 Allentoft
VK61 AV_HG02257#haplotype2#0001152:102843493_103251377$HG03098#1#JAHEPM010000059.1_16676208_17105596_0	0.0719065026005712 Allentoft
VK61 HG02818#2#JAHEOR010000010.1_31775319_32183091_1$HG02647.verkko_filt_mat.fa:haplotype1_0000002_103892584_104321036_0	0.0719034366043561 Allentoft
VK61 HG03098#1#JAHEPM010000059.1_16676208_17105596_0$HG02818#1#JAHEOS010000101.1_89626_496613_0	0.0719031300263046 Allentoft
VK61 HG03486#2#JAHEOP010000248.1_2105565_2584784_1$HG01891#1#JAGYVO010000014.1_22855818_23168577_1	0.0719013885079434 Allentoft
VK61 HG03098#1#JAHEPM010000059.1_16676208_17105596_0$HG002.verkko_filt_mat.fa:haplotype1_0000005_138228497_138636354_1	0.0718997579265371 Allentoft
VK61 AV_HG02257#haplotype2#0001152:102843493_103251377$HG02809.verkko_filt_mat.fa:haplotype1_0000023_94161320_94589755_0	0.0718994513955378 Allentoft
VK61 HG03486#1#JAHEOQ010000123.1_16677696_17085575_0$HG02809.verkko_filt_mat.fa:haplotype1_0000023_94161320_94589755_0	0.0718973057883115 Allentoft
VK61 AV_HG01361#haplotype2#0001322:101872897_102186552$HG03453#1#JAGYVW010000157.1_2105722_2585000_1	0.0718966544827819 Allentoft
VK61 HG03453#1#JAGYVW010000157.1_2105722_2585000_1$HG04228.verkko_filt_pat.fa:haplotype2_0000600_103806749_104119491_0	0.0718963163739073 Allentoft
VK61 HG03579#1#JAGYVU010000029.1_91404_499180_0$HG02809.verkko_filt_mat.fa:haplotype1_0000023_94161320_94589755_0	0.0718954668492801 Allentoft
VK61 HG03098#1#JAHEPM010000059.1_16676208_17105596_0$HG02071.verkko_filt_mat.fa:haplotype1_0000041_103610513_104018399_0	0.0718936280513467 Allentoft
VK61 AV_HG02148#haplotype2#0002863:16304803_16712699$HG02809.verkko_filt_mat.fa:haplotype1_0000023_94161320_94589755_0	0.0718911765402237 Allentoft
VK61 HG02109#1#JAHEPG010000026.1_16673035_17080816_0$HG02055#2#JAHEPJ010000017.1_24870122_25298560_1	0.0718908701189662 Allentoft
VK61 HG01978#2#JAGYVR010000007.1_51532241_51939176_0$HG02809.verkko_filt_mat.fa:haplotype1_0000023_94161320_94589755_0	0.0718874997437124 Allentoft
VK61 HG02055#2#JAHEPJ010000017.1_24870122_25298560_1$HG02004.verkko_filt_mat.fa:haplotype1_0000022_97828542_98235483_0	0.0718871933694670 Allentoft
VK61 chr1_hg38_103456064_103863972_0$HG03098#1#JAHEPM010000059.1_16676208_17105596_0	0.0718832108607064 Allentoft
VK61 chr1_hg19_103998686_104406594_0$HG03098#1#JAHEPM010000059.1_16676208_17105596_0	0.0718832108607064 Allentoft
VK61 AV_HG01175#haplotype1#0000070:46006269_46414083$HG03098#1#JAHEPM010000059.1_16676208_17105596_0	0.0718832108607064 Allentoft
VK61 HG00621#2#JAHBCC010000031.1_16669999_17077865_0$HG03098#1#JAHEPM010000059.1_16676208_17105596_0	0.0718819856065497 Allentoft
VK61 HG02559#1#JAGYVK010000012.1_51505852_51913611_0$HG02809.verkko_filt_mat.fa:haplotype1_0000023_94161320_94589755_0	0.0718810667070474 Allentoft
VK61 HG02559#2#JAGYVJ010000037.1_52167780_52574597_1$HG02647.verkko_filt_mat.fa:haplotype1_0000002_103892584_104321036_0	0.0718801478427845 Allentoft
VK61 HG02818#1#JAHEOS010000101.1_89626_496613_0$HG02809.verkko_filt_mat.fa:haplotype1_0000023_94161320_94589755_0	0.0718746353971037 Allentoft
VK61 HG03453#1#JAGYVW010000157.1_2105722_2585000_1$HG03098#2#JAHEPL010000003.1_93803759_94117426_0	0.0718736739398302 Allentoft
VK61 HG01928#1#JAGYVQ010000053.1_16676493_17083407_0$HG02055#2#JAHEPJ010000017.1_24870122_25298560_1	0.0718731043872518 Allentoft
VK61 HG02486#2#JAGYVL010000029.1_94163344_94570162_0$HG02809.verkko_filt_mat.fa:haplotype1_0000023_94161320_94589755_0	0.0718715734752324 Allentoft
VK61 HG005#2#JAHEPN010000023.1_51542210_51950070_0$HG02809.verkko_filt_mat.fa:haplotype1_0000023_94161320_94589755_0	0.0718706549749760 Allentoft
VK61 HG02055#2#JAHEPJ010000017.1_24870122_25298560_1$HG02809.verkko_filt_pat.fa:haplotype2_0001251_103421111_103827972_0	0.0718694303627440 Allentoft
VK61 HG02055#2#JAHEPJ010000017.1_24870122_25298560_1$HG03927.verkko_filt_mat.fa:haplotype1_0000009_134765170_135173010_1	0.0718691242194669 Allentoft
VK61 HG02055#2#JAHEPJ010000017.1_24870122_25298560_1$NA19240#1#JAHEOM010000047.1_30103390_30511199_1	0.0718685119446494 Allentoft
VK61 HG03098#1#JAHEPM010000059.1_16676208_17105596_0$HG01978#2#JAGYVR010000007.1_51532241_51939176_0	0.0718639203822580 Allentoft
VK61 HG03453#2#JAGYVV010000088.1_22597550_23005370_1$HG02809.verkko_filt_mat.fa:haplotype1_0000023_94161320_94589755_0	0.0718602477659080 Allentoft
VK61 HG03098#1#JAHEPM010000059.1_16676208_17105596_0$HG03516#2#JAGYYS010000004.1_24452130_24859892_1	0.0718596357179241 Allentoft
VK61 HG02622#1#JAHAOO010000002.1_16673678_17080663_0$HG02647.verkko_filt_mat.fa:haplotype1_0000002_103892584_104321036_0	0.0718577996678009 Allentoft
VK61 HG02818#2#JAHEOR010000010.1_31775319_32183091_1$HG02055#2#JAHEPJ010000017.1_24870122_25298560_1	0.0718571876823671 Allentoft
VK61 AV_HG02148#haplotype2#0002863:16304803_16712699$HG03098#1#JAHEPM010000059.1_16676208_17105596_0	0.0718565757125692 Allentoft
VK61 HG03098#1#JAHEPM010000059.1_16676208_17105596_0$HG02809.verkko_filt_pat.fa:haplotype2_0001251_103421111_103827972_0	0.0718510686878926 Allentoft
VK61 HG03486#1#JAHEOQ010000123.1_16677696_17085575_0$HG03098#1#JAHEPM010000059.1_16676208_17105596_0	0.0718498450765696 Allentoft
VK61 HG02109#1#JAHEPG010000026.1_16673035_17080816_0$HG02809.verkko_filt_mat.fa:haplotype1_0000023_94161320_94589755_0	0.0718495391835065 Allentoft
VK61 HG03098#1#JAHEPM010000059.1_16676208_17105596_0$HG03579#1#JAGYVU010000029.1_91404_499180_0	0.0718431163315441 Allentoft
VK61 HG01123#1#JAGYYZ010000015.1_51528240_51935090_0$HG02647.verkko_filt_mat.fa:haplotype1_0000002_103892584_104321036_0	0.0718360837553688 Allentoft
VK61 HG02004.verkko_filt_mat.fa:haplotype1_0000022_97828542_98235483_0$HG02809.verkko_filt_mat.fa:haplotype1_0000023_94161320_94589755_0	0.0718330267576461 Allentoft
VK61 HG02809.verkko_filt_mat.fa:haplotype1_0000023_94161320_94589755_0$HG02809.verkko_filt_pat.fa:haplotype2_0001251_103421111_103827972_0	0.0718305814404447 Allentoft
VK61 HG02717#2#JAHAOR010000006.1_19663827_20070693_1$HG02647.verkko_filt_mat.fa:haplotype1_0000002_103892584_104321036_0	0.0718305814404447 Allentoft
VK61 HG02723#1#JAHEOU010000204.1_2102082_2414876_1$HG03453#1#JAGYVW010000157.1_2105722_2585000_1	0.0718281160274542 Allentoft
VK61 HG03453#1#JAGYVW010000157.1_2105722_2585000_1$HG02109#2#JAHEPF010000078.1_16678387_16991144_0	0.0718257561271812 Allentoft
VK61 HG02559#1#JAGYVK010000012.1_51505852_51913611_0$HG03098#1#JAHEPM010000059.1_16676208_17105596_0	0.0718244692398345 Allentoft
VK61 HG01928#1#JAGYVQ010000053.1_16676493_17083407_0$HG02809.verkko_filt_mat.fa:haplotype1_0000023_94161320_94589755_0	0.0718238581055862 Allentoft
VK61 HG01258#2#JAGYYU010000072.1_51562603_51970395_0$HG02647.verkko_filt_mat.fa:haplotype1_0000002_103892584_104321036_0	0.0718226358838877 Allentoft
VK61 HG03927.verkko_filt_mat.fa:haplotype1_0000009_134765170_135173010_1$HG02809.verkko_filt_mat.fa:haplotype1_0000023_94161320_94589755_0	0.0718223303382122 Allentoft
VK61 NA19240#1#JAHEOM010000047.1_30103390_30511199_1$HG02809.verkko_filt_mat.fa:haplotype1_0000023_94161320_94589755_0	0.0718217192585597 Allentoft
VK61 HG03098#1#JAHEPM010000059.1_16676208_17105596_0$HG005#2#JAHEPN010000023.1_51542210_51950070_0	0.0718153038637697 Allentoft
VK61 HG02818#2#JAHEOR010000010.1_31775319_32183091_1$HG02809.verkko_filt_mat.fa:haplotype1_0000023_94161320_94589755_0	0.0718153038637697 Allentoft
VK61 HG01928#1#JAGYVQ010000053.1_16676493_17083407_0$HG03098#1#JAHEPM010000059.1_16676208_17105596_0	0.0718149984116592 Allentoft
VK61 HG02559#2#JAGYVJ010000037.1_52167780_52574597_1$HG02055#2#JAHEPJ010000017.1_24870122_25298560_1	0.0718137766421917 Allentoft
VK61 HG03098#1#JAHEPM010000059.1_16676208_17105596_0$HG02004.verkko_filt_mat.fa:haplotype1_0000022_97828542_98235483_0	0.0718131657808413 Allentoft
VK61 HG02559#2#JAGYVJ010000037.1_52167780_52574597_1$HG03098#1#JAHEPM010000059.1_16676208_17105596_0	0.0718107224913135 Allentoft
VK61 HG03453#2#JAGYVV010000088.1_22597550_23005370_1$HG03098#1#JAHEPM010000059.1_16676208_17105596_0	0.0718067526776632 Allentoft
VK61 HG02622#1#JAHAOO010000002.1_16673678_17080663_0$HG02055#2#JAHEPJ010000017.1_24870122_25298560_1	0.0718018676568538 Allentoft
VK61 HG005#1#JAHEPO010000002.1_51519219_51926067_0$HG02647.verkko_filt_mat.fa:haplotype1_0000002_103892584_104321036_0	0.0718000360310688 Allentoft
VK61 HG02109#1#JAHEPG010000026.1_16673035_17080816_0$HG03098#1#JAHEPM010000059.1_16676208_17105596_0	0.0717863033041784 Allentoft
VK61 HG01123#1#JAGYYZ010000015.1_51528240_51935090_0$HG03098#1#JAHEPM010000059.1_16676208_17105596_0	0.0717820325070666 Allentoft
VK61 HG02055#2#JAHEPJ010000017.1_24870122_25298560_1$HG01258#2#JAGYYU010000072.1_51562603_51970395_0	0.0717789824043425 Allentoft
VK61 HG01123#1#JAGYYZ010000015.1_51528240_51935090_0$HG02055#2#JAHEPJ010000017.1_24870122_25298560_1	0.0717783724304532 Allentoft
VK61 HG03098#1#JAHEPM010000059.1_16676208_17105596_0$HG03927.verkko_filt_mat.fa:haplotype1_0000009_134765170_135173010_1	0.0717780674493400 Allentoft
VK61 HG02055#2#JAHEPJ010000017.1_24870122_25298560_1$HG02717#2#JAHAOR010000006.1_19663827_20070693_1	0.0717777624721143 Allentoft
VK61 HG02622#1#JAHAOO010000002.1_16673678_17080663_0$HG03098#1#JAHEPM010000059.1_16676208_17105596_0	0.0717737981219043 Allentoft
VK61 HG03098#1#JAHEPM010000059.1_16676208_17105596_0$NA19240#1#JAHEOM010000047.1_30103390_30511199_1	0.0717731882801716 Allentoft
VK61 HG03098#1#JAHEPM010000059.1_16676208_17105596_0$HG02717#2#JAHAOR010000006.1_19663827_20070693_1	0.0717698344284856 Allentoft
VK61 HG02559#2#JAGYVJ010000037.1_52167780_52574597_1$HG02809.verkko_filt_mat.fa:haplotype1_0000023_94161320_94589755_0	0.0717677004040096 Allentoft
VK61 HG02818#2#JAHEOR010000010.1_31775319_32183091_1$HG03098#1#JAHEPM010000059.1_16676208_17105596_0	0.0717600804417012 Allentoft
VK61 HG03453#1#JAGYVW010000157.1_2105722_2585000_1$HG02647.verkko_filt_pat.fa:haplotype2_0000857_103738150_104051769_0	0.0717533865713389 Allentoft
VK61 HG00741#2#JAHALX010000013.1_51574319_51981226_0$HG02647.verkko_filt_mat.fa:haplotype1_0000002_103892584_104321036_0	0.0717518536079735 Allentoft
VK61 HG02622#1#JAHAOO010000002.1_16673678_17080663_0$HG02809.verkko_filt_mat.fa:haplotype1_0000023_94161320_94589755_0	0.0717460660504411 Allentoft
VK61 HG03453#1#JAGYVW010000157.1_2105722_2585000_1$HG03579#2#JAGYVT010000094.1_51581892_51895531_0	0.0717433058752170 Allentoft
VK61 HG02717#2#JAHAOR010000006.1_19663827_20070693_1$HG02809.verkko_filt_mat.fa:haplotype1_0000023_94161320_94589755_0	0.0717354084253358 Allentoft
VK61 HG005#1#JAHEPO010000002.1_51519219_51926067_0$HG02055#2#JAHEPJ010000017.1_24870122_25298560_1	0.0717338862951415 Allentoft
VK61 HG03098#1#JAHEPM010000059.1_16676208_17105596_0$HG01258#2#JAGYYU010000072.1_51562603_51970395_0	0.0717332774701932 Allentoft
VK61 HG005#1#JAHEPO010000002.1_51519219_51926067_0$HG03098#1#JAHEPM010000059.1_16676208_17105596_0	0.0717326686607465 Allentoft
VK61 HG01258#2#JAGYYU010000072.1_51562603_51970395_0$HG02809.verkko_filt_mat.fa:haplotype1_0000023_94161320_94589755_0	0.0717317554756402 Allentoft
VK61 HG03453#1#JAGYVW010000157.1_2105722_2585000_1$HG01891#1#JAGYVO010000014.1_22855818_23168577_1	0.0717308788661593 Allentoft
VK61 HG01123#1#JAGYYZ010000015.1_51528240_51935090_0$HG02809.verkko_filt_mat.fa:haplotype1_0000023_94161320_94589755_0	0.0717293204858495 Allentoft
VK61 HG02055#2#JAHEPJ010000017.1_24870122_25298560_1$HG00741#2#JAHALX010000013.1_51574319_51981226_0	0.0716992079942890 Allentoft
VK61 HG03098#1#JAHEPM010000059.1_16676208_17105596_0$HG00741#2#JAHALX010000013.1_51574319_51981226_0	0.0716882673963777 Allentoft
VK61 HG005#1#JAHEPO010000002.1_51519219_51926067_0$HG02809.verkko_filt_mat.fa:haplotype1_0000023_94161320_94589755_0	0.0716855330293548 Allentoft
VK61 HG00741#2#JAHALX010000013.1_51574319_51981226_0$HG02809.verkko_filt_mat.fa:haplotype1_0000023_94161320_94589755_0	0.0716436452100274 Allentoft
VK61 NA19240#2#JAHEOL010000010.1_37445323_37853017_0$HG02647.verkko_filt_mat.fa:haplotype1_0000002_103892584_104321036_0	0.0716192982948687 Allentoft
VK61 HG02055#2#JAHEPJ010000017.1_24870122_25298560_1$NA19240#2#JAHEOL010000010.1_37445323_37853017_0	0.0715669236179252 Allentoft
VK61 NA19240#2#JAHEOL010000010.1_37445323_37853017_0$HG02809.verkko_filt_mat.fa:haplotype1_0000023_94161320_94589755_0	0.0715226022530749 Allentoft
VK61 HG02886#1#JAHAOU010000178.1_62411_469262_0$HG02647.verkko_filt_mat.fa:haplotype1_0000002_103892584_104321036_0	0.0715213807615798 Allentoft
VK61 HG03516#1#JAGYYT010000012.1_24170958_24578778_1$HG02647.verkko_filt_mat.fa:haplotype1_0000002_103892584_104321036_0	0.0715027607673398 Allentoft
VK61 HG03098#1#JAHEPM010000059.1_16676208_17105596_0$NA19240#2#JAHEOL010000010.1_37445323_37853017_0	0.0714801920874624 Allentoft
VK61 HG02886#1#JAHAOU010000178.1_62411_469262_0$HG02055#2#JAHEPJ010000017.1_24870122_25298560_1	0.0714740961117322 Allentoft
VK61 HG02886#1#JAHAOU010000178.1_62411_469262_0$HG03098#1#JAHEPM010000059.1_16676208_17105596_0	0.0714582538710054 Allentoft
VK61 HG03516#1#JAGYYT010000012.1_24170958_24578778_1$HG02055#2#JAHEPJ010000017.1_24870122_25298560_1	0.0714488144687658 Allentoft
VK61 HG02886#1#JAHAOU010000178.1_62411_469262_0$HG02809.verkko_filt_mat.fa:haplotype1_0000023_94161320_94589755_0	0.0714287301305753 Allentoft
VK61 HG02622#2#JAHAON010000012.1_51551779_52031001_0$HG002.verkko_filt_pat.fa:haplotype2_0000649_147937390_148315979_1	0.0714181728133405 Allentoft
VK61 NA20129#2#JAHEPD010000155.1_90039_569275_0$HG002.verkko_filt_pat.fa:haplotype2_0000649_147937390_148315979_1	0.0714082010828256 Allentoft
VK61 HG03516#1#JAGYYT010000012.1_24170958_24578778_1$HG02809.verkko_filt_mat.fa:haplotype1_0000023_94161320_94589755_0	0.0714022811809513 Allentoft
VK61 HG00438#1#JAHBCB010000015.1_33474867_33954171_0$HG002.verkko_filt_pat.fa:haplotype2_0000649_147937390_148315979_1	0.0714020667089740 Allentoft
VK61 HG01109#2#JAHEOZ010000047.1_16671232_17151375_0$HG002.verkko_filt_pat.fa:haplotype2_0000649_147937390_148315979_1	0.0713767791174578 Allentoft
VK61 HG03098#1#JAHEPM010000059.1_16676208_17105596_0$HG03516#1#JAGYYT010000012.1_24170958_24578778_1	0.0713582648140233 Allentoft
VK61 HG01109#1#JAHEPA010000099.1_2104245_2511104_1$HG02647.verkko_filt_mat.fa:haplotype1_0000002_103892584_104321036_0	0.0713312881538822 Allentoft
VK61 HG01109#1#JAHEPA010000099.1_2104245_2511104_1$HG02055#2#JAHEPJ010000017.1_24870122_25298560_1	0.0712728931602502 Allentoft
VK61 HG01109#1#JAHEPA010000099.1_2104245_2511104_1$HG03098#1#JAHEPM010000059.1_16676208_17105596_0	0.0712529567707430 Allentoft
VK61 HG03486#2#JAHEOP010000248.1_2105565_2584784_1$HG002.verkko_filt_pat.fa:haplotype2_0000649_147937390_148315979_1	0.0712428719613919 Allentoft
VK61 HG01109#1#JAHEPA010000099.1_2104245_2511104_1$HG02809.verkko_filt_mat.fa:haplotype1_0000023_94161320_94589755_0	0.0712170530925804 Allentoft
VK61 HG00741#1#JAHALY010000007.1_18781197_19307680_1$HG01123#2#JAGYYY010000006.1_51579630_51892388_0	0.0711606147678885 Allentoft
VK61 HG03453#1#JAGYVW010000157.1_2105722_2585000_1$HG002.verkko_filt_pat.fa:haplotype2_0000649_147937390_148315979_1	0.0711496346908092 Allentoft
VK61 HG00741#1#JAHALY010000007.1_18781197_19307680_1$HG04228.verkko_filt_pat.fa:haplotype2_0000600_103806749_104119491_0	0.0710976969649554 Allentoft
VK61 HG00741#1#JAHALY010000007.1_18781197_19307680_1$HG01891#1#JAGYVO010000014.1_22855818_23168577_1	0.0710950296176829 Allentoft
VK61 HG00741#1#JAHALY010000007.1_18781197_19307680_1$HG02647.verkko_filt_pat.fa:haplotype2_0000857_103738150_104051769_0	0.0710941405686365 Allentoft
VK61 HG00741#1#JAHALY010000007.1_18781197_19307680_1$HG03579#2#JAGYVT010000094.1_51581892_51895531_0	0.0710834745809433 Allentoft
VK61 HG02723#1#JAHEOU010000204.1_2102082_2414876_1$HG00741#1#JAHALY010000007.1_18781197_19307680_1	0.0710692607286555 Allentoft
VK61 HG00741#1#JAHALY010000007.1_18781197_19307680_1$HG02109#2#JAHEPF010000078.1_16678387_16991144_0	0.0710429284239332 Allentoft
VK61 HG03492#2#JAHEPH010000288.1_2098270_2432686_1$HG02723#2#JAHEOT010000034.1_19776337_20321518_1	0.0710425638874579 Allentoft
VK61 HG02723#2#JAHEOT010000034.1_19776337_20321518_1$HG01243#1#JAHEOY010000013.1_90081_424495_0	0.0710420253292175 Allentoft
VK61 HG00741#1#JAHALY010000007.1_18781197_19307680_1$HG00733#1#JAHEPQ010000019.1_46106835_46420495_0	0.0710370150787903 Allentoft
VK61 HG00741#1#JAHALY010000007.1_18781197_19307680_1$HG02293.verkko_filt_mat.fa:haplotype1_0000039_30204405_30517145_1	0.0710113091988249 Allentoft
VK61 HG00741#1#JAHALY010000007.1_18781197_19307680_1$HG002.verkko_filt_pat.fa:haplotype2_0000649_147937390_148315979_1	0.0709895219380268 Allentoft
VK61 HG00741#1#JAHALY010000007.1_18781197_19307680_1$HG02886#2#JAHAOT010000031.1_87393_401061_0	0.0709847462536277 Allentoft
VK61 HG00741#1#JAHALY010000007.1_18781197_19307680_1$HG00438#2#JAHBCA010000012.1_51513023_51826723_0	0.0709788474239763 Allentoft
VK61 HG01358#1#JAGYZB010000020.1_27445742_27855492_1$HG02647.verkko_filt_mat.fa:haplotype1_0000002_103892584_104321036_0	0.0709614544407208 Allentoft
VK61 HG02055#2#JAHEPJ010000017.1_24870122_25298560_1$HG01358#1#JAGYZB010000020.1_27445742_27855492_1	0.0709169983673840 Allentoft
VK61 AV_HG01361#haplotype2#0001322:101872897_102186552$HG00741#1#JAHALY010000007.1_18781197_19307680_1	0.0709055299054365 Allentoft
VK61 HG03098#1#JAHEPM010000059.1_16676208_17105596_0$HG01358#1#JAGYZB010000020.1_27445742_27855492_1	0.0709022962168797 Allentoft
VK61 HG00741#1#JAHALY010000007.1_18781197_19307680_1$HG03098#2#JAHEPL010000003.1_93803759_94117426_0	0.0709014143786001 Allentoft
VK61 HG00741#1#JAHALY010000007.1_18781197_19307680_1$HG03710.verkko_filt_mat.fa:haplotype1_0000029_102593394_102907063_0	0.0708923039759589 Allentoft
VK61 HG01358#1#JAGYZB010000020.1_27445742_27855492_1$HG02809.verkko_filt_mat.fa:haplotype1_0000023_94161320_94589755_0	0.0708655808080049 Allentoft
VK61 HG01243#1#JAHEOY010000013.1_90081_424495_0$HG02145#1#JAHKSG010000134.1_2102465_2647653_1	0.0708633637082461 Allentoft
VK61 HG03492#2#JAHEPH010000288.1_2098270_2432686_1$HG02145#1#JAHKSG010000134.1_2102465_2647653_1	0.0708617602651996 Allentoft
VK61 HG02630#2#JAHAOP010000089.1_16669255_17076135_0$HG02647.verkko_filt_mat.fa:haplotype1_0000002_103892584_104321036_0	0.0708606658440795 Allentoft
VK61 HG02630#2#JAHAOP010000089.1_16669255_17076135_0$HG02055#2#JAHEPJ010000017.1_24870122_25298560_1	0.0708141201767568 Allentoft
VK61 HG02630#2#JAHAOP010000089.1_16669255_17076135_0$HG03098#1#JAHEPM010000059.1_16676208_17105596_0	0.0707925301397845 Allentoft
VK61 HG02630#2#JAHAOP010000089.1_16669255_17076135_0$HG02809.verkko_filt_mat.fa:haplotype1_0000023_94161320_94589755_0	0.0707718582070402 Allentoft
VK61 HG02723#2#JAHEOT010000034.1_19776337_20321518_1$HG03492#1#JAHEPI010000180.1_2103395_2543326_1	0.0696518718706142 Allentoft
VK61 HG03492#1#JAHEPI010000180.1_2103395_2543326_1$HG02145#1#JAHKSG010000134.1_2102465_2647653_1	0.0694107255690142 Allentoft
VK61 HG02080#1#JAHEOW010000048.1_16689583_17097287_0$HG002.verkko_filt_pat.fa:haplotype2_0000649_147937390_148315979_1	0.0688753562997313 Allentoft
VK61 HG02300.verkko_filt_mat.fa:haplotype1_0000028_144052837_144460586_1$HG002.verkko_filt_pat.fa:haplotype2_0000649_147937390_148315979_1	0.0688620244631342 Allentoft
VK61 AV_HG01361#haplotype1#0000023:101593539_102001341$HG002.verkko_filt_pat.fa:haplotype2_0000649_147937390_148315979_1	0.0688571488958653 Allentoft
VK61 HG01099.verkko_filt_mat.fa:haplotype1_0000034_142513097_142920876_1$HG002.verkko_filt_pat.fa:haplotype2_0000649_147937390_148315979_1	0.0688438276273600 Allentoft
VK61 AV_HG00673#haplotype2#0001165:24014011_24421797$HG002.verkko_filt_pat.fa:haplotype2_0000649_147937390_148315979_1	0.0688357086961281 Allentoft
VK61 chr1_hg38_103456064_103863972_0$HG002.verkko_filt_pat.fa:haplotype2_0000649_147937390_148315979_1	0.0688318126292981 Allentoft
VK61 chr1_hg19_103998686_104406594_0$HG002.verkko_filt_pat.fa:haplotype2_0000649_147937390_148315979_1	0.0688318126292981 Allentoft
VK61 HG002.verkko_filt_mat.fa:haplotype1_0000005_138228497_138636354_1$HG002.verkko_filt_pat.fa:haplotype2_0000649_147937390_148315979_1	0.0688240224798655 Allentoft
VK61 NA18906#1#JAHEOO010000054.1_2103477_2510435_1$HG002.verkko_filt_pat.fa:haplotype2_0000649_147937390_148315979_1	0.0688168838326109 Allentoft
VK61 HG02300.verkko_filt_pat.fa:haplotype2_0000620_143362344_143769323_1$HG002.verkko_filt_pat.fa:haplotype2_0000649_147937390_148315979_1	0.0688165594014221 Allentoft
VK61 HG02071.verkko_filt_mat.fa:haplotype1_0000041_103610513_104018399_0$HG002.verkko_filt_pat.fa:haplotype2_0000649_147937390_148315979_1	0.0688090987502764 Allentoft
VK61 AV_HG01175#haplotype1#0000070:46006269_46414083$HG002.verkko_filt_pat.fa:haplotype2_0000649_147937390_148315979_1	0.0688090987502764 Allentoft
VK61 HG02717#1#JAHAOS010000015.1_16660311_17067250_0$HG002.verkko_filt_pat.fa:haplotype2_0000649_147937390_148315979_1	0.0688058557456723 Allentoft
VK61 HG00621#2#JAHBCC010000031.1_16669999_17077865_0$HG002.verkko_filt_pat.fa:haplotype2_0000649_147937390_148315979_1	0.0687980744050547 Allentoft
VK61 HG02630#1#JAHAOQ010000102.1_16672145_17079089_0$HG002.verkko_filt_pat.fa:haplotype2_0000649_147937390_148315979_1	0.0687958053446211 Allentoft
VK61 HG01978#2#JAGYVR010000007.1_51532241_51939176_0$HG002.verkko_filt_pat.fa:haplotype2_0000649_147937390_148315979_1	0.0687873793710591 Allentoft
VK61 HG03486#1#JAHEOQ010000123.1_16677696_17085575_0$HG002.verkko_filt_pat.fa:haplotype2_0000649_147937390_148315979_1	0.0687685941195186 Allentoft
VK61 AV_HG02148#haplotype2#0002863:16304803_16712699$HG002.verkko_filt_pat.fa:haplotype2_0000649_147937390_148315979_1	0.0687660042579533 Allentoft
VK61 HG03516#2#JAGYYS010000004.1_24452130_24859892_1$HG002.verkko_filt_pat.fa:haplotype2_0000649_147937390_148315979_1	0.0687582364285447 Allentoft
VK61 HG005#2#JAHEPN010000023.1_51542210_51950070_0$HG002.verkko_filt_pat.fa:haplotype2_0000649_147937390_148315979_1	0.0687579128261095 Allentoft
VK61 HG02486#2#JAGYVL010000029.1_94163344_94570162_0$HG002.verkko_filt_pat.fa:haplotype2_0000649_147937390_148315979_1	0.0687498242498570 Allentoft
VK61 HG02004.verkko_filt_mat.fa:haplotype1_0000022_97828542_98235483_0$HG002.verkko_filt_pat.fa:haplotype2_0000649_147937390_148315979_1	0.0687401217253700 Allentoft
VK61 HG01928#1#JAGYVQ010000053.1_16676493_17083407_0$HG002.verkko_filt_pat.fa:haplotype2_0000649_147937390_148315979_1	0.0687401217253700 Allentoft
VK61 HG03579#1#JAGYVU010000029.1_91404_499180_0$HG002.verkko_filt_pat.fa:haplotype2_0000649_147937390_148315979_1	0.0687394750364535 Allentoft
VK61 HG02145#2#JAHKSF010000206.1_1005292_1413195_1$HG002.verkko_filt_pat.fa:haplotype2_0000649_147937390_148315979_1	0.0687352720033329 Allentoft
VK61 AV_HG02257#haplotype2#0001152:102843493_103251377$HG002.verkko_filt_pat.fa:haplotype2_0000649_147937390_148315979_1	0.0687313929646720 Allentoft
VK61 HG02080#1#JAHEOW010000048.1_16689583_17097287_0$HG01123#2#JAGYYY010000006.1_51579630_51892388_0	0.0687248367403844 Allentoft
VK61 HG03453#2#JAGYVV010000088.1_22597550_23005370_1$HG002.verkko_filt_pat.fa:haplotype2_0000649_147937390_148315979_1	0.0687242830991530 Allentoft
VK61 HG02559#1#JAGYVK010000012.1_51505852_51913611_0$HG002.verkko_filt_pat.fa:haplotype2_0000649_147937390_148315979_1	0.0687242830991530 Allentoft
VK61 HG01123#2#JAGYYY010000006.1_51579630_51892388_0$HG02300.verkko_filt_mat.fa:haplotype1_0000028_144052837_144460586_1	0.0687217446583223 Allentoft
VK61 HG02109#1#JAHEPG010000026.1_16673035_17080816_0$HG002.verkko_filt_pat.fa:haplotype2_0000649_147937390_148315979_1	0.0687207289937024 Allentoft
VK61 AV_HG01361#haplotype1#0000023:101593539_102001341$HG01123#2#JAGYYY010000006.1_51579630_51892388_0	0.0687071733195261 Allentoft
VK61 HG01123#2#JAGYYY010000006.1_51579630_51892388_0$HG01099.verkko_filt_mat.fa:haplotype1_0000034_142513097_142920876_1	0.0686961405951352 Allentoft
VK61 HG02818#1#JAHEOS010000101.1_89626_496613_0$HG002.verkko_filt_pat.fa:haplotype2_0000649_147937390_148315979_1	0.0686955429627308 Allentoft
VK61 HG02809.verkko_filt_pat.fa:haplotype2_0001251_103421111_103827972_0$HG002.verkko_filt_pat.fa:haplotype2_0000649_147937390_148315979_1	0.0686787676516727 Allentoft
VK61 HG02486#2#JAGYVL010000029.1_94163344_94570162_0$HG00733#1#JAHEPQ010000019.1_46106835_46420495_0	0.0686754134534288 Allentoft
VK61 NA19240#1#JAHEOM010000047.1_30103390_30511199_1$HG002.verkko_filt_pat.fa:haplotype2_0000649_147937390_148315979_1	0.0686687728306231 Allentoft
VK61 HG02818#2#JAHEOR010000010.1_31775319_32183091_1$HG002.verkko_filt_pat.fa:haplotype2_0000649_147937390_148315979_1	0.0686678058214368 Allentoft
VK61 HG02559#2#JAGYVJ010000037.1_52167780_52574597_1$HG002.verkko_filt_pat.fa:haplotype2_0000649_147937390_148315979_1	0.0686497624787548 Allentoft
VK61 NA18906#1#JAHEOO010000054.1_2103477_2510435_1$HG00733#1#JAHEPQ010000019.1_46106835_46420495_0	0.0686476596696879 Allentoft
VK61 HG02886#2#JAHAOT010000031.1_87393_401061_0$NA18906#1#JAHEOO010000054.1_2103477_2510435_1	0.0686463389001008 Allentoft
VK61 HG02630#1#JAHAOQ010000102.1_16672145_17079089_0$HG00733#1#JAHEPQ010000019.1_46106835_46420495_0	0.0686419368853280 Allentoft
VK61 HG02717#1#JAHAOS010000015.1_16660311_17067250_0$HG02886#2#JAHAOT010000031.1_87393_401061_0	0.0686410565839912 Allentoft
VK61 HG02080#1#JAHEOW010000048.1_16689583_17097287_0$HG02723#1#JAHEOU010000204.1_2102082_2414876_1	0.0686401763165219 Allentoft
VK61 AV_HG00673#haplotype2#0001165:24014011_24421797$HG01123#2#JAGYYY010000006.1_51579630_51892388_0	0.0686392960829180 Allentoft
VK61 HG02630#1#JAHAOQ010000102.1_16672145_17079089_0$HG02293.verkko_filt_mat.fa:haplotype1_0000039_30204405_30517145_1	0.0686370956470547 Allentoft
VK61 HG02486#2#JAGYVL010000029.1_94163344_94570162_0$HG02293.verkko_filt_mat.fa:haplotype1_0000039_30204405_30517145_1	0.0686362155319623 Allentoft
VK61 HG02723#1#JAHEOU010000204.1_2102082_2414876_1$HG02300.verkko_filt_mat.fa:haplotype1_0000028_144052837_144460586_1	0.0686318154642908 Allentoft
VK61 HG04228.verkko_filt_pat.fa:haplotype2_0000600_103806749_104119491_0$HG02300.verkko_filt_mat.fa:haplotype1_0000028_144052837_144460586_1	0.0686282960193715 Allentoft
VK61 HG02080#1#JAHEOW010000048.1_16689583_17097287_0$HG04228.verkko_filt_pat.fa:haplotype2_0000600_103806749_104119491_0	0.0686260966412236 Allentoft
VK61 NA18906#1#JAHEOO010000054.1_2103477_2510435_1$HG02293.verkko_filt_mat.fa:haplotype1_0000039_30204405_30517145_1	0.0686243372909448 Allentoft
VK61 HG01123#2#JAGYYY010000006.1_51579630_51892388_0$HG03516#2#JAGYYS010000004.1_24452130_24859892_1	0.0686186203368998 Allentoft
VK61 HG02717#1#JAHAOS010000015.1_16660311_17067250_0$HG00733#1#JAHEPQ010000019.1_46106835_46420495_0	0.0686168615615481 Allentoft
VK61 HG03927.verkko_filt_mat.fa:haplotype1_0000009_134765170_135173010_1$HG002.verkko_filt_pat.fa:haplotype2_0000649_147937390_148315979_1	0.0686159695128114 Allentoft
VK61 HG02080#1#JAHEOW010000048.1_16689583_17097287_0$HG01891#1#JAGYVO010000014.1_22855818_23168577_1	0.0686142236520740 Allentoft
VK61 HG01891#1#JAGYVO010000014.1_22855818_23168577_1$HG02300.verkko_filt_mat.fa:haplotype1_0000028_144052837_144460586_1	0.0686137840300728 Allentoft
VK61 HG02630#1#JAHAOQ010000102.1_16672145_17079089_0$HG02886#2#JAHAOT010000031.1_87393_401061_0	0.0686133444165216 Allentoft
VK61 AV_HG01361#haplotype2#0001322:101872897_102186552$NA18906#1#JAHEOO010000054.1_2103477_2510435_1	0.0686133444165216 Allentoft
VK61 HG02109#2#JAHEPF010000078.1_16678387_16991144_0$HG02300.verkko_filt_mat.fa:haplotype1_0000028_144052837_144460586_1	0.0686111464755075 Allentoft
VK61 NA18906#1#JAHEOO010000054.1_2103477_2510435_1$HG03710.verkko_filt_mat.fa:haplotype1_0000029_102593394_102907063_0	0.0686085092250862 Allentoft
VK61 AV_HG01361#haplotype1#0000023:101593539_102001341$HG02723#1#JAHEOU010000204.1_2102082_2414876_1	0.0686058722787506 Allentoft
VK61 HG00733#1#JAHEPQ010000019.1_46106835_46420495_0$HG02809.verkko_filt_pat.fa:haplotype2_0001251_103421111_103827972_0	0.0686049933642032 Allentoft
VK61 HG02080#1#JAHEOW010000048.1_16689583_17097287_0$HG02109#2#JAHEPF010000078.1_16678387_16991144_0	0.0686045539195967 Allentoft
VK61 HG04228.verkko_filt_pat.fa:haplotype2_0000600_103806749_104119491_0$HG01099.verkko_filt_mat.fa:haplotype1_0000034_142513097_142920876_1	0.0686019174292800 Allentoft
VK61 HG02723#1#JAHEOU010000204.1_2102082_2414876_1$HG01099.verkko_filt_mat.fa:haplotype1_0000034_142513097_142920876_1	0.0686010386667195 Allentoft
VK61 AV_HG01361#haplotype1#0000023:101593539_102001341$HG04228.verkko_filt_pat.fa:haplotype2_0000600_103806749_104119491_0	0.0685979632636735 Allentoft
VK61 HG01123#2#JAGYYY010000006.1_51579630_51892388_0$HG03579#1#JAGYVU010000029.1_91404_499180_0	0.0685966453604071 Allentoft
VK61 HG02559#1#JAGYVK010000012.1_51505852_51913611_0$HG01123#2#JAGYYY010000006.1_51579630_51892388_0	0.0685944490237499 Allentoft
VK61 HG02717#1#JAHAOS010000015.1_16660311_17067250_0$HG02293.verkko_filt_mat.fa:haplotype1_0000039_30204405_30517145_1	0.0685935705481562 Allentoft
VK61 AV_HG01361#haplotype1#0000023:101593539_102001341$HG01891#1#JAGYVO010000014.1_22855818_23168577_1	0.0685931313230159 Allentoft
VK61 AV_HG01361#haplotype2#0001322:101872897_102186552$HG02717#1#JAHAOS010000015.1_16660311_17067250_0	0.0685913745068256 Allentoft
VK61 HG02647.verkko_filt_pat.fa:haplotype2_0000857_103738150_104051769_0$HG02300.verkko_filt_mat.fa:haplotype1_0000028_144052837_144460586_1	0.0685904961493492 Allentoft
VK61 HG02080#1#JAHEOW010000048.1_16689583_17097287_0$HG02647.verkko_filt_pat.fa:haplotype2_0000857_103738150_104051769_0	0.0685865439582434 Allentoft
VK61 HG01891#1#JAGYVO010000014.1_22855818_23168577_1$HG01099.verkko_filt_mat.fa:haplotype1_0000034_142513097_142920876_1	0.0685847876481409 Allentoft
VK61 HG03098#2#JAHEPL010000003.1_93803759_94117426_0$NA18906#1#JAHEOO010000054.1_2103477_2510435_1	0.0685834705041033 Allentoft
VK61 AV_HG01361#haplotype1#0000023:101593539_102001341$HG02109#2#JAHEPF010000078.1_16678387_16991144_0	0.0685817144300919 Allentoft
VK61 HG02717#1#JAHAOS010000015.1_16660311_17067250_0$HG03710.verkko_filt_mat.fa:haplotype1_0000029_102593394_102907063_0	0.0685803974631029 Allentoft
VK61 HG03579#2#JAGYVT010000094.1_51581892_51895531_0$HG02300.verkko_filt_mat.fa:haplotype1_0000028_144052837_144460586_1	0.0685799584909660 Allentoft
VK61 HG02109#2#JAHEPF010000078.1_16678387_16991144_0$HG01099.verkko_filt_mat.fa:haplotype1_0000034_142513097_142920876_1	0.0685795195272584 Allentoft
VK61 HG02630#1#JAHAOQ010000102.1_16672145_17079089_0$HG03710.verkko_filt_mat.fa:haplotype1_0000029_102593394_102907063_0	0.0685782026867083 Allentoft
VK61 chr1_hg38_103456064_103863972_0$HG01891#1#JAGYVO010000014.1_22855818_23168577_1	0.0685773248351496 Allentoft
VK61 chr1_hg19_103998686_104406594_0$HG01891#1#JAGYVO010000014.1_22855818_23168577_1	0.0685773248351496 Allentoft
VK61 AV_HG01361#haplotype2#0001322:101872897_102186552$HG02630#1#JAHAOQ010000102.1_16672145_17079089_0	0.0685768859220119 Allentoft
VK61 AV_HG01361#haplotype1#0000023:101593539_102001341$HG02647.verkko_filt_pat.fa:haplotype2_0000857_103738150_104051769_0	0.0685768859220119 Allentoft
VK61 HG01099.verkko_filt_mat.fa:haplotype1_0000034_142513097_142920876_1$HG02647.verkko_filt_pat.fa:haplotype2_0000857_103738150_104051769_0	0.0685755692331619 Allentoft
VK61 HG02080#1#JAHEOW010000048.1_16689583_17097287_0$HG03579#2#JAGYVT010000094.1_51581892_51895531_0	0.0685751303537320 Allentoft
VK61 HG02622#1#JAHAOO010000002.1_16673678_17080663_0$HG002.verkko_filt_pat.fa:haplotype2_0000649_147937390_148315979_1	0.0685716317009906 Allentoft
VK61 HG02886#2#JAHAOT010000031.1_87393_401061_0$HG02486#2#JAGYVL010000029.1_94163344_94570162_0	0.0685676706924278 Allentoft
VK61 HG02717#1#JAHAOS010000015.1_16660311_17067250_0$HG03098#2#JAHEPL010000003.1_93803759_94117426_0	0.0685676706924278 Allentoft
VK61 AV_HG01361#haplotype1#0000023:101593539_102001341$HG03579#2#JAGYVT010000094.1_51581892_51895531_0	0.0685672319646301 Allentoft
VK61 HG03579#2#JAGYVT010000094.1_51581892_51895531_0$HG01099.verkko_filt_mat.fa:haplotype1_0000034_142513097_142920876_1	0.0685650384519575 Allentoft
VK61 HG00438#2#JAHBCA010000012.1_51513023_51826723_0$HG02486#2#JAGYVL010000029.1_94163344_94570162_0	0.0685650384519575 Allentoft
VK61 HG02145#2#JAHKSF010000206.1_1005292_1413195_1$HG02293.verkko_filt_mat.fa:haplotype1_0000039_30204405_30517145_1	0.0685637224453973 Allentoft
VK61 AV_HG00673#haplotype2#0001165:24014011_24421797$HG01891#1#JAGYVO010000014.1_22855818_23168577_1	0.0685606520580861 Allentoft
VK61 AV_HG00673#haplotype2#0001165:24014011_24421797$HG02723#1#JAHEOU010000204.1_2102082_2414876_1	0.0685593363040763 Allentoft
VK61 HG02647.verkko_filt_pat.fa:haplotype2_0000857_103738150_104051769_0$HG02300.verkko_filt_pat.fa:haplotype2_0000620_143362344_143769323_1	0.0685571435490551 Allentoft
VK61 HG02109#1#JAHEPG010000026.1_16673035_17080816_0$HG00733#1#JAHEPQ010000019.1_46106835_46420495_0	0.0685558279970275 Allentoft
VK61 AV_HG01361#haplotype2#0001322:101872897_102186552$HG02486#2#JAGYVL010000029.1_94163344_94570162_0	0.0685558279970275 Allentoft
VK61 AV_HG01361#haplotype1#0000023:101593539_102001341$HG00733#1#JAHEPQ010000019.1_46106835_46420495_0	0.0685536355786001 Allentoft
VK61 chr1_hg38_103456064_103863972_0$HG02109#2#JAHEPF010000078.1_16678387_16991144_0	0.0685527586701227 Allentoft
VK61 chr1_hg19_103998686_104406594_0$HG02109#2#JAHEPF010000078.1_16678387_16991144_0	0.0685527586701227 Allentoft
VK61 HG01123#2#JAGYYY010000006.1_51579630_51892388_0$HG02486#2#JAGYVL010000029.1_94163344_94570162_0	0.0685527586701227 Allentoft
VK61 HG01891#1#JAGYVO010000014.1_22855818_23168577_1$HG002.verkko_filt_mat.fa:haplotype1_0000005_138228497_138636354_1	0.0685518817952956 Allentoft
VK61 HG03516#2#JAGYYS010000004.1_24452130_24859892_1$HG04228.verkko_filt_pat.fa:haplotype2_0000600_103806749_104119491_0	0.0685510049541166 Allentoft
VK61 HG02630#1#JAHAOQ010000102.1_16672145_17079089_0$HG03098#2#JAHEPL010000003.1_93803759_94117426_0	0.0685496897554335 Allentoft
VK61 HG02559#2#JAGYVJ010000037.1_52167780_52574597_1$HG00733#1#JAHEPQ010000019.1_46106835_46420495_0	0.0685479362749375 Allentoft
VK61 HG02145#2#JAHKSF010000206.1_1005292_1413195_1$HG00733#1#JAHEPQ010000019.1_46106835_46420495_0	0.0685474979258383 Allentoft
VK61 chr1_hg38_103456064_103863972_0$HG02647.verkko_filt_pat.fa:haplotype2_0000857_103738150_104051769_0	0.0685470595851483 Allentoft
VK61 chr1_hg19_103998686_104406594_0$HG02647.verkko_filt_pat.fa:haplotype2_0000857_103738150_104051769_0	0.0685470595851483 Allentoft
VK61 HG02293.verkko_filt_mat.fa:haplotype1_0000039_30204405_30517145_1$HG02809.verkko_filt_pat.fa:haplotype2_0001251_103421111_103827972_0	0.0685466212528674 Allentoft
VK61 HG03579#2#JAGYVT010000094.1_51581892_51895531_0$HG02300.verkko_filt_pat.fa:haplotype2_0000620_143362344_143769323_1	0.0685448680078290 Allentoft
VK61 HG00733#1#JAHEPQ010000019.1_46106835_46420495_0$HG02300.verkko_filt_mat.fa:haplotype1_0000028_144052837_144460586_1	0.0685435531623323 Allentoft
VK61 HG00733#1#JAHEPQ010000019.1_46106835_46420495_0$HG01099.verkko_filt_mat.fa:haplotype1_0000034_142513097_142920876_1	0.0685435531623323 Allentoft
VK61 HG02109#2#JAHEPF010000078.1_16678387_16991144_0$HG002.verkko_filt_mat.fa:haplotype1_0000005_138228497_138636354_1	0.0685431148973142 Allentoft
VK61 HG00733#1#JAHEPQ010000019.1_46106835_46420495_0$HG02818#1#JAHEOS010000101.1_89626_496613_0	0.0685426766407028 Allentoft
VK61 AV_HG00673#haplotype2#0001165:24014011_24421797$HG02647.verkko_filt_pat.fa:haplotype2_0000857_103738150_104051769_0	0.0685418001526988 Allentoft
VK61 HG02080#1#JAHEOW010000048.1_16689583_17097287_0$HG00733#1#JAHEPQ010000019.1_46106835_46420495_0	0.0685413619213057 Allentoft
VK61 HG01891#1#JAGYVO010000014.1_22855818_23168577_1$HG02300.verkko_filt_pat.fa:haplotype2_0000620_143362344_143769323_1	0.0685400472775588 Allentoft
VK61 HG01978#2#JAGYVR010000007.1_51532241_51939176_0$HG02647.verkko_filt_pat.fa:haplotype2_0000857_103738150_104051769_0	0.0685396090797863 Allentoft
VK61 AV_HG01175#haplotype1#0000070:46006269_46414083$HG02109#2#JAHEPF010000078.1_16678387_16991144_0	0.0685396090797863 Allentoft
VK61 AV_HG00673#haplotype2#0001165:24014011_24421797$HG02109#2#JAHEPF010000078.1_16678387_16991144_0	0.0685396090797863 Allentoft
VK61 HG02818#2#JAHEOR010000010.1_31775319_32183091_1$HG01123#2#JAGYYY010000006.1_51579630_51892388_0	0.0685369800696367 Allentoft
VK61 HG02647.verkko_filt_pat.fa:haplotype2_0000857_103738150_104051769_0$HG002.verkko_filt_mat.fa:haplotype1_0000005_138228497_138636354_1	0.0685365419306901 Allentoft
VK61 HG02109#2#JAHEPF010000078.1_16678387_16991144_0$HG02300.verkko_filt_pat.fa:haplotype2_0000620_143362344_143769323_1	0.0685365419306901 Allentoft
VK61 AV_HG01175#haplotype1#0000070:46006269_46414083$HG01891#1#JAGYVO010000014.1_22855818_23168577_1	0.0685352275642649 Allentoft
VK61 HG03579#2#JAGYVT010000094.1_51581892_51895531_0$chr1_hg38_103456064_103863972_0	0.0685347894589272 Allentoft
VK61 HG03579#2#JAGYVT010000094.1_51581892_51895531_0$chr1_hg19_103998686_104406594_0	0.0685347894589272 Allentoft
VK61 HG01123#2#JAGYYY010000006.1_51579630_51892388_0$NA19240#1#JAHEOM010000047.1_30103390_30511199_1	0.0685347894589272 Allentoft
VK61 HG00438#2#JAHBCA010000012.1_51513023_51826723_0$NA18906#1#JAHEOO010000054.1_2103477_2510435_1	0.0685330371215888 Allentoft
VK61 AV_HG02257#haplotype2#0001152:102843493_103251377$HG02886#2#JAHAOT010000031.1_87393_401061_0	0.0685312849186580 Allentoft
VK61 AV_HG02257#haplotype2#0001152:102843493_103251377$HG02293.verkko_filt_mat.fa:haplotype1_0000039_30204405_30517145_1	0.0685304088675900 Allentoft
VK61 HG01978#2#JAGYVR010000007.1_51532241_51939176_0$HG01891#1#JAGYVO010000014.1_22855818_23168577_1	0.0685277809159500 Allentoft
VK61 AV_HG00673#haplotype2#0001165:24014011_24421797$HG03579#2#JAGYVT010000094.1_51581892_51895531_0	0.0685277809159500 Allentoft
VK61 HG01891#1#JAGYVO010000014.1_22855818_23168577_1$HG02071.verkko_filt_mat.fa:haplotype1_0000041_103610513_104018399_0	0.0685273429534019 Allentoft
VK61 AV_HG02257#haplotype2#0001152:102843493_103251377$HG00733#1#JAHEPQ010000019.1_46106835_46420495_0	0.0685273429534019 Allentoft
VK61 HG03579#2#JAGYVT010000094.1_51581892_51895531_0$HG01978#2#JAGYVR010000007.1_51532241_51939176_0	0.0685255911871767 Allentoft
VK61 NA18906#1#JAHEOO010000054.1_2103477_2510435_1$HG02647.verkko_filt_pat.fa:haplotype2_0000857_103738150_104051769_0	0.0685251532666108 Allentoft
VK61 HG03579#2#JAGYVT010000094.1_51581892_51895531_0$HG002.verkko_filt_mat.fa:haplotype1_0000005_138228497_138636354_1	0.0685251532666108 Allentoft
VK61 HG01123#2#JAGYYY010000006.1_51579630_51892388_0$NA18906#1#JAHEOO010000054.1_2103477_2510435_1	0.0685251532666108 Allentoft
VK61 AV_HG00673#haplotype2#0001165:24014011_24421797$HG04228.verkko_filt_pat.fa:haplotype2_0000600_103806749_104119491_0	0.0685251532666108 Allentoft
VK61 HG01258#2#JAGYYU010000072.1_51562603_51970395_0$HG002.verkko_filt_pat.fa:haplotype2_0000649_147937390_148315979_1	0.0685244967047612 Allentoft
VK61 HG03579#1#JAGYVU010000029.1_91404_499180_0$HG04228.verkko_filt_pat.fa:haplotype2_0000600_103806749_104119491_0	0.0685238395552859 Allentoft
VK61 HG02630#1#JAHAOQ010000102.1_16672145_17079089_0$HG00438#2#JAHBCA010000012.1_51513023_51826723_0	0.0685238395552859 Allentoft
VK61 HG02293.verkko_filt_mat.fa:haplotype1_0000039_30204405_30517145_1$HG02300.verkko_filt_mat.fa:haplotype1_0000028_144052837_144460586_1	0.0685238395552859 Allentoft
VK61 HG02559#1#JAGYVK010000012.1_51505852_51913611_0$HG04228.verkko_filt_pat.fa:haplotype2_0000600_103806749_104119491_0	0.0685234016683010 Allentoft
VK61 HG02818#1#JAHEOS010000101.1_89626_496613_0$HG02293.verkko_filt_mat.fa:haplotype1_0000039_30204405_30517145_1	0.0685229637897106 Allentoft
VK61 HG01123#1#JAGYYZ010000015.1_51528240_51935090_0$HG002.verkko_filt_pat.fa:haplotype2_0000649_147937390_148315979_1	0.0685219343229073 Allentoft
VK61 HG02717#1#JAHAOS010000015.1_16660311_17067250_0$HG00438#2#JAHBCA010000012.1_51513023_51826723_0	0.0685216502043042 Allentoft
VK61 HG00621#2#JAHBCC010000031.1_16669999_17077865_0$HG01891#1#JAGYVO010000014.1_22855818_23168577_1	0.0685212123592893 Allentoft
VK61 HG02630#1#JAHAOQ010000102.1_16672145_17079089_0$HG01123#2#JAGYYY010000006.1_51579630_51892388_0	0.0685203366944391 Allentoft
VK61 HG02109#1#JAHEPG010000026.1_16673035_17080816_0$HG02293.verkko_filt_mat.fa:haplotype1_0000039_30204405_30517145_1	0.0685194610631596 Allentoft
VK61 HG01123#1#JAGYYZ010000015.1_51528240_51935090_0$HG00733#1#JAHEPQ010000019.1_46106835_46420495_0	0.0685190232601083 Allentoft
VK61 HG02109#2#JAHEPF010000078.1_16678387_16991144_0$HG02071.verkko_filt_mat.fa:haplotype1_0000041_103610513_104018399_0	0.0685185854654488 Allentoft
VK61 HG02886#2#JAHAOT010000031.1_87393_401061_0$HG02818#1#JAHEOS010000101.1_89626_496613_0	0.0685177099013043 Allentoft
VK61 HG00733#1#JAHEPQ010000019.1_46106835_46420495_0$HG02717#2#JAHAOR010000006.1_19663827_20070693_1	0.0685163966180201 Allentoft
VK61 HG01123#2#JAGYYY010000006.1_51579630_51892388_0$HG02109#1#JAHEPG010000026.1_16673035_17080816_0	0.0685159588737063 Allentoft
VK61 HG02080#1#JAHEOW010000048.1_16689583_17097287_0$HG02293.verkko_filt_mat.fa:haplotype1_0000039_30204405_30517145_1	0.0685155211377824 Allentoft
VK61 HG03579#2#JAGYVT010000094.1_51581892_51895531_0$NA18906#1#JAHEOO010000054.1_2103477_2510435_1	0.0685128948984145 Allentoft
VK61 HG00621#2#JAHBCC010000031.1_16669999_17077865_0$HG02109#2#JAHEPF010000078.1_16678387_16991144_0	0.0685124572212132 Allentoft
VK61 HG01123#2#JAGYYY010000006.1_51579630_51892388_0$HG03927.verkko_filt_mat.fa:haplotype1_0000009_134765170_135173010_1	0.0685120195523998 Allentoft
VK61 HG02145#2#JAHKSF010000206.1_1005292_1413195_1$HG02886#2#JAHAOT010000031.1_87393_401061_0	0.0685111442399354 Allentoft
VK61 HG02886#2#JAHAOT010000031.1_87393_401061_0$HG02809.verkko_filt_pat.fa:haplotype2_0001251_103421111_103827972_0	0.0685107065962839 Allentoft
VK61 HG00438#2#JAHBCA010000012.1_51513023_51826723_0$HG02809.verkko_filt_pat.fa:haplotype2_0001251_103421111_103827972_0	0.0685107065962839 Allentoft
VK61 HG02717#2#JAHAOR010000006.1_19663827_20070693_1$HG002.verkko_filt_pat.fa:haplotype2_0000649_147937390_148315979_1	0.0685091267239986 Allentoft
VK61 NA18906#1#JAHEOO010000054.1_2103477_2510435_1$HG01891#1#JAGYVO010000014.1_22855818_23168577_1	0.0685089561055433 Allentoft
VK61 HG02723#1#JAHEOU010000204.1_2102082_2414876_1$HG03516#2#JAGYYS010000004.1_24452130_24859892_1	0.0685089561055433 Allentoft
VK61 HG02717#1#JAHAOS010000015.1_16660311_17067250_0$HG01123#2#JAGYYY010000006.1_51579630_51892388_0	0.0685085185038231 Allentoft
VK61 HG01978#2#JAGYVR010000007.1_51532241_51939176_0$HG02109#2#JAHEPF010000078.1_16678387_16991144_0	0.0685085185038231 Allentoft
VK61 HG01099.verkko_filt_mat.fa:haplotype1_0000034_142513097_142920876_1$HG02293.verkko_filt_mat.fa:haplotype1_0000039_30204405_30517145_1	0.0685080809104884 Allentoft
VK61 NA18906#1#JAHEOO010000054.1_2103477_2510435_1$HG02109#2#JAHEPF010000078.1_16678387_16991144_0	0.0685072057489741 Allentoft
VK61 HG02486#2#JAGYVL010000029.1_94163344_94570162_0$HG03710.verkko_filt_mat.fa:haplotype1_0000029_102593394_102907063_0	0.0685072057489741 Allentoft
VK61 AV_HG01361#haplotype1#0000023:101593539_102001341$HG02293.verkko_filt_mat.fa:haplotype1_0000039_30204405_30517145_1	0.0685067681807941 Allentoft
VK61 HG02071.verkko_filt_mat.fa:haplotype1_0000041_103610513_104018399_0$HG02647.verkko_filt_pat.fa:haplotype2_0000857_103738150_104051769_0	0.0685058930695870 Allentoft
VK61 NA18906#1#JAHEOO010000054.1_2103477_2510435_1$HG04228.verkko_filt_pat.fa:haplotype2_0000600_103806749_104119491_0	0.0685050179919153 Allentoft
VK61 HG005#1#JAHEPO010000002.1_51519219_51926067_0$HG002.verkko_filt_pat.fa:haplotype2_0000649_147937390_148315979_1	0.0685027256170934 Allentoft
VK61 HG02486#2#JAGYVL010000029.1_94163344_94570162_0$HG04228.verkko_filt_pat.fa:haplotype2_0000600_103806749_104119491_0	0.0685010805573352 Allentoft
VK61 AV_HG01175#haplotype1#0000070:46006269_46414083$HG02647.verkko_filt_pat.fa:haplotype2_0000857_103738150_104051769_0	0.0685006431065121 Allentoft
VK61 HG02717#1#JAHAOS010000015.1_16660311_17067250_0$HG01891#1#JAGYVO010000014.1_22855818_23168577_1	0.0685002056640697 Allentoft
VK61 HG02630#1#JAHAOQ010000102.1_16672145_17079089_0$HG02647.verkko_filt_pat.fa:haplotype2_0000857_103738150_104051769_0	0.0684993308043257 Allentoft
VK61 HG02630#1#JAHAOQ010000102.1_16672145_17079089_0$HG04228.verkko_filt_pat.fa:haplotype2_0000600_103806749_104119491_0	0.0684967064262010 Allentoft
VK61 HG005#2#JAHEPN010000023.1_51542210_51950070_0$HG01891#1#JAGYVO010000014.1_22855818_23168577_1	0.0684958317005214 Allentoft
VK61 HG03486#1#JAHEOQ010000123.1_16677696_17085575_0$HG01891#1#JAGYVO010000014.1_22855818_23168577_1	0.0684945196748340 Allentoft
VK61 AV_HG00673#haplotype2#0001165:24014011_24421797$HG00733#1#JAHEPQ010000019.1_46106835_46420495_0	0.0684940823496923 Allentoft
VK61 HG00621#2#JAHBCC010000031.1_16669999_17077865_0$HG02647.verkko_filt_pat.fa:haplotype2_0000857_103738150_104051769_0	0.0684936450329273 Allentoft
VK61 HG03098#2#JAHEPL010000003.1_93803759_94117426_0$HG02486#2#JAGYVL010000029.1_94163344_94570162_0	0.0684927704245260 Allentoft
VK61 HG03579#2#JAGYVT010000094.1_51581892_51895531_0$HG02071.verkko_filt_mat.fa:haplotype1_0000041_103610513_104018399_0	0.0684918958496279 Allentoft
VK61 HG02723#1#JAHEOU010000204.1_2102082_2414876_1$HG03579#1#JAGYVU010000029.1_91404_499180_0	0.0684914585747420 Allentoft
VK61 HG02630#1#JAHAOQ010000102.1_16672145_17079089_0$HG03579#2#JAGYVT010000094.1_51581892_51895531_0	0.0684905840500948 Allentoft
VK61 HG02717#1#JAHAOS010000015.1_16660311_17067250_0$HG02647.verkko_filt_pat.fa:haplotype2_0000857_103738150_104051769_0	0.0684892723259320 Allentoft
VK61 HG03516#2#JAGYYS010000004.1_24452130_24859892_1$HG01891#1#JAGYVO010000014.1_22855818_23168577_1	0.0684883978850257 Allentoft
VK61 AV_HG01175#haplotype1#0000070:46006269_46414083$HG03579#2#JAGYVT010000094.1_51581892_51895531_0	0.0684883978850257 Allentoft
VK61 HG02004.verkko_filt_mat.fa:haplotype1_0000022_97828542_98235483_0$HG02647.verkko_filt_pat.fa:haplotype2_0000857_103738150_104051769_0	0.0684879606771324 Allentoft
VK61 HG02630#1#JAHAOQ010000102.1_16672145_17079089_0$HG01891#1#JAGYVO010000014.1_22855818_23168577_1	0.0684875234776119 Allentoft
VK61 HG02559#2#JAGYVJ010000037.1_52167780_52574597_1$HG02293.verkko_filt_mat.fa:haplotype1_0000039_30204405_30517145_1	0.0684870862864641 Allentoft
VK61 HG01258#2#JAGYYU010000072.1_51562603_51970395_0$HG00733#1#JAHEPQ010000019.1_46106835_46420495_0	0.0684857747632535 Allentoft
VK61 HG01928#1#JAGYVQ010000053.1_16676493_17083407_0$HG01891#1#JAGYVO010000014.1_22855818_23168577_1	0.0684831519428568 Allentoft
VK61 HG02717#1#JAHAOS010000015.1_16660311_17067250_0$HG02109#2#JAHEPF010000078.1_16678387_16991144_0	0.0684818406456563 Allentoft
VK61 HG00621#2#JAHBCC010000031.1_16669999_17077865_0$HG03579#2#JAGYVT010000094.1_51581892_51895531_0	0.0684814035633280 Allentoft
VK61 HG03710.verkko_filt_mat.fa:haplotype1_0000029_102593394_102907063_0$HG02809.verkko_filt_pat.fa:haplotype2_0001251_103421111_103827972_0	0.0684809664893687 Allentoft
VK61 HG02717#1#JAHAOS010000015.1_16660311_17067250_0$HG03579#2#JAGYVT010000094.1_51581892_51895531_0	0.0684805294237779 Allentoft
VK61 HG02818#1#JAHEOS010000101.1_89626_496613_0$HG03710.verkko_filt_mat.fa:haplotype1_0000029_102593394_102907063_0	0.0684800923665555 Allentoft
VK61 HG02723#1#JAHEOU010000204.1_2102082_2414876_1$HG02559#1#JAGYVK010000012.1_51505852_51913611_0	0.0684796553177011 Allentoft
VK61 HG02717#1#JAHAOS010000015.1_16660311_17067250_0$HG04228.verkko_filt_pat.fa:haplotype2_0000600_103806749_104119491_0	0.0684796553177011 Allentoft
VK61 AV_HG02257#haplotype2#0001152:102843493_103251377$HG03710.verkko_filt_mat.fa:haplotype1_0000029_102593394_102907063_0	0.0684796553177011 Allentoft
VK61 HG01928#1#JAGYVQ010000053.1_16676493_17083407_0$HG02647.verkko_filt_pat.fa:haplotype2_0000857_103738150_104051769_0	0.0684792182772146 Allentoft
VK61 HG03486#1#JAHEOQ010000123.1_16677696_17085575_0$HG02109#2#JAHEPF010000078.1_16678387_16991144_0	0.0684787812450955 Allentoft
VK61 HG02145#2#JAHKSF010000206.1_1005292_1413195_1$HG03710.verkko_filt_mat.fa:haplotype1_0000029_102593394_102907063_0	0.0684787812450955 Allentoft
VK61 AV_HG02148#haplotype2#0002863:16304803_16712699$HG01891#1#JAGYVO010000014.1_22855818_23168577_1	0.0684787812450955 Allentoft
VK61 HG005#2#JAHEPN010000023.1_51542210_51950070_0$HG02109#2#JAHEPF010000078.1_16678387_16991144_0	0.0684783442213438 Allentoft
VK61 HG01123#2#JAGYYY010000006.1_51579630_51892388_0$HG02809.verkko_filt_pat.fa:haplotype2_0001251_103421111_103827972_0	0.0684774701989410 Allentoft
VK61 HG005#1#JAHEPO010000002.1_51519219_51926067_0$HG00733#1#JAHEPQ010000019.1_46106835_46420495_0	0.0684770332002894 Allentoft
VK61 HG03516#2#JAGYYS010000004.1_24452130_24859892_1$HG00733#1#JAHEPQ010000019.1_46106835_46420495_0	0.0684761592280847 Allentoft
VK61 HG03579#2#JAGYVT010000094.1_51581892_51895531_0$HG02004.verkko_filt_mat.fa:haplotype1_0000022_97828542_98235483_0	0.0684757222545309 Allentoft
VK61 HG02630#1#JAHAOQ010000102.1_16672145_17079089_0$HG02109#2#JAHEPF010000078.1_16678387_16991144_0	0.0684752852893425 Allentoft
VK61 HG01891#1#JAGYVO010000014.1_22855818_23168577_1$HG02004.verkko_filt_mat.fa:haplotype1_0000022_97828542_98235483_0	0.0684752852893425 Allentoft
VK61 HG005#2#JAHEPN010000023.1_51542210_51950070_0$HG02647.verkko_filt_pat.fa:haplotype2_0000857_103738150_104051769_0	0.0684735375122377 Allentoft
VK61 AV_HG02148#haplotype2#0002863:16304803_16712699$HG02109#2#JAHEPF010000078.1_16678387_16991144_0	0.0684735375122377 Allentoft
VK61 HG03516#2#JAGYYS010000004.1_24452130_24859892_1$HG02647.verkko_filt_pat.fa:haplotype2_0000857_103738150_104051769_0	0.0684731005888724 Allentoft
VK61 HG02818#2#JAHEOR010000010.1_31775319_32183091_1$HG04228.verkko_filt_pat.fa:haplotype2_0000600_103806749_104119491_0	0.0684731005888724 Allentoft
VK61 HG02559#2#JAGYVJ010000037.1_52167780_52574597_1$HG00438#2#JAHBCA010000012.1_51513023_51826723_0	0.0684731005888724 Allentoft
VK61 AV_HG01361#haplotype2#0001322:101872897_102186552$AV_HG02257#haplotype2#0001152:102843493_103251377	0.0684704792243105 Allentoft
VK61 HG03579#1#JAGYVU010000029.1_91404_499180_0$HG01891#1#JAGYVO010000014.1_22855818_23168577_1	0.0684700423594861 Allentoft
VK61 HG03098#2#JAHEPL010000003.1_93803759_94117426_0$HG02809.verkko_filt_pat.fa:haplotype2_0001251_103421111_103827972_0	0.0684700423594861 Allentoft
VK61 HG02080#1#JAHEOW010000048.1_16689583_17097287_0$HG00438#2#JAHBCA010000012.1_51513023_51826723_0	0.0684682949838052 Allentoft
VK61 HG01928#1#JAGYVQ010000053.1_16676493_17083407_0$HG03579#2#JAGYVT010000094.1_51581892_51895531_0	0.0684669845398344 Allentoft
VK61 HG03486#1#JAHEOQ010000123.1_16677696_17085575_0$HG02647.verkko_filt_pat.fa:haplotype2_0000857_103738150_104051769_0	0.0684661109523214 Allentoft
VK61 HG00438#2#JAHBCA010000012.1_51513023_51826723_0$HG02300.verkko_filt_mat.fa:haplotype1_0000028_144052837_144460586_1	0.0684652373982464 Allentoft
VK61 AV_HG02148#haplotype2#0002863:16304803_16712699$HG02647.verkko_filt_pat.fa:haplotype2_0000857_103738150_104051769_0	0.0684652373982464 Allentoft
VK61 AV_HG01361#haplotype2#0001322:101872897_102186552$HG02145#2#JAHKSF010000206.1_1005292_1413195_1	0.0684652373982464 Allentoft
VK61 AV_HG01361#haplotype2#0001322:101872897_102186552$HG02818#1#JAHEOS010000101.1_89626_496613_0	0.0684648006337476 Allentoft
VK61 HG02145#2#JAHKSF010000206.1_1005292_1413195_1$HG01123#2#JAGYYY010000006.1_51579630_51892388_0	0.0684639271298258 Allentoft
VK61 HG01928#1#JAGYVQ010000053.1_16676493_17083407_0$HG02109#2#JAHEPF010000078.1_16678387_16991144_0	0.0684621802222785 Allentoft
VK61 HG04228.verkko_filt_pat.fa:haplotype2_0000600_103806749_104119491_0$HG002.verkko_filt_mat.fa:haplotype1_0000005_138228497_138636354_1	0.0684613068186487 Allentoft
VK61 HG03579#2#JAGYVT010000094.1_51581892_51895531_0$HG03516#2#JAGYYS010000004.1_24452130_24859892_1	0.0684608701293688 Allentoft
VK61 HG02559#1#JAGYVK010000012.1_51505852_51913611_0$HG01891#1#JAGYVO010000014.1_22855818_23168577_1	0.0684608701293688 Allentoft
VK61 HG02109#2#JAHEPF010000078.1_16678387_16991144_0$HG02004.verkko_filt_mat.fa:haplotype1_0000022_97828542_98235483_0	0.0684595601116661 Allentoft
VK61 AV_HG01361#haplotype2#0001322:101872897_102186552$HG02809.verkko_filt_pat.fa:haplotype2_0001251_103421111_103827972_0	0.0684586868083090 Allentoft
VK61 HG03579#2#JAGYVT010000094.1_51581892_51895531_0$HG005#2#JAHEPN010000023.1_51542210_51950070_0	0.0684578135383719 Allentoft
VK61 HG02723#1#JAHEOU010000204.1_2102082_2414876_1$chr1_hg38_103456064_103863972_0	0.0684569403018527 Allentoft
VK61 HG02723#1#JAHEOU010000204.1_2102082_2414876_1$chr1_hg19_103998686_104406594_0	0.0684569403018527 Allentoft
VK61 HG02723#1#JAHEOU010000204.1_2102082_2414876_1$HG002.verkko_filt_mat.fa:haplotype1_0000005_138228497_138636354_1	0.0684560670987493 Allentoft
VK61 HG03453#2#JAGYVV010000088.1_22597550_23005370_1$HG02109#2#JAHEPF010000078.1_16678387_16991144_0	0.0684556305097277 Allentoft
VK61 HG03453#2#JAGYVV010000088.1_22597550_23005370_1$HG01891#1#JAGYVO010000014.1_22855818_23168577_1	0.0684556305097277 Allentoft
VK61 AV_HG01361#haplotype1#0000023:101593539_102001341$HG00438#2#JAHBCA010000012.1_51513023_51826723_0	0.0684543207927810 Allentoft
VK61 HG00438#2#JAHBCA010000012.1_51513023_51826723_0$HG02109#1#JAHEPG010000026.1_16673035_17080816_0	0.0684538842371704 Allentoft
VK61 HG00733#1#JAHEPQ010000019.1_46106835_46420495_0$HG03579#1#JAGYVU010000029.1_91404_499180_0	0.0684534476899119 Allentoft
VK61 HG03486#1#JAHEOQ010000123.1_16677696_17085575_0$HG03579#2#JAGYVT010000094.1_51581892_51895531_0	0.0684530111510052 Allentoft
VK61 HG02723#1#JAHEOU010000204.1_2102082_2414876_1$HG02486#2#JAGYVL010000029.1_94163344_94570162_0	0.0684521380982461 Allentoft
VK61 AV_HG02148#haplotype2#0002863:16304803_16712699$HG03579#2#JAGYVT010000094.1_51581892_51895531_0	0.0684512650788911 Allentoft
VK61 AV_HG02257#haplotype2#0001152:102843493_103251377$HG03098#2#JAHEPL010000003.1_93803759_94117426_0	0.0684495191403845 Allentoft
VK61 HG03516#2#JAGYYS010000004.1_24452130_24859892_1$HG02109#2#JAHEPF010000078.1_16678387_16991144_0	0.0684490826766320 Allentoft
VK61 chr1_hg38_103456064_103863972_0$HG04228.verkko_filt_pat.fa:haplotype2_0000600_103806749_104119491_0	0.0684482097741742 Allentoft
VK61 chr1_hg19_103998686_104406594_0$HG04228.verkko_filt_pat.fa:haplotype2_0000600_103806749_104119491_0	0.0684482097741742 Allentoft
VK61 HG02559#1#JAGYVK010000012.1_51505852_51913611_0$HG00733#1#JAHEPQ010000019.1_46106835_46420495_0	0.0684469004831014 Allentoft
VK61 HG02109#1#JAHEPG010000026.1_16673035_17080816_0$HG04228.verkko_filt_pat.fa:haplotype2_0000600_103806749_104119491_0	0.0684469004831014 Allentoft
VK61 NA19240#1#JAHEOM010000047.1_30103390_30511199_1$HG04228.verkko_filt_pat.fa:haplotype2_0000600_103806749_104119491_0	0.0684447184982660 Allentoft
VK61 HG02486#2#JAGYVL010000029.1_94163344_94570162_0$HG02647.verkko_filt_pat.fa:haplotype2_0000857_103738150_104051769_0	0.0684434094075246 Allentoft
VK61 HG03579#1#JAGYVU010000029.1_91404_499180_0$HG02647.verkko_filt_pat.fa:haplotype2_0000857_103738150_104051769_0	0.0684425367220925 Allentoft
VK61 HG04228.verkko_filt_pat.fa:haplotype2_0000600_103806749_104119491_0$HG03927.verkko_filt_mat.fa:haplotype1_0000009_134765170_135173010_1	0.0684421003918943 Allentoft
VK61 HG02559#2#JAGYVJ010000037.1_52167780_52574597_1$HG01123#2#JAGYYY010000006.1_51579630_51892388_0	0.0684416640700410 Allentoft
VK61 HG02109#1#JAHEPG010000026.1_16673035_17080816_0$HG02886#2#JAHAOT010000031.1_87393_401061_0	0.0684416640700410 Allentoft
VK61 HG00438#2#JAHBCA010000012.1_51513023_51826723_0$HG01099.verkko_filt_mat.fa:haplotype1_0000034_142513097_142920876_1	0.0684416640700410 Allentoft
VK61 AV_HG01175#haplotype1#0000070:46006269_46414083$HG02723#1#JAHEOU010000204.1_2102082_2414876_1	0.0684403551545477 Allentoft
VK61 HG02145#2#JAHKSF010000206.1_1005292_1413195_1$HG03098#2#JAHEPL010000003.1_93803759_94117426_0	0.0684390463141488 Allentoft
VK61 HG02559#1#JAGYVK010000012.1_51505852_51913611_0$HG02647.verkko_filt_pat.fa:haplotype2_0000857_103738150_104051769_0	0.0684386100507022 Allentoft
VK61 HG03098#2#JAHEPL010000003.1_93803759_94117426_0$HG02818#1#JAHEOS010000101.1_89626_496613_0	0.0684377375488370 Allentoft
VK61 AV_HG00673#haplotype2#0001165:24014011_24421797$HG02293.verkko_filt_mat.fa:haplotype1_0000039_30204405_30517145_1	0.0684368650803407 Allentoft
VK61 HG00741#2#JAHALX010000013.1_51574319_51981226_0$HG00733#1#JAHEPQ010000019.1_46106835_46420495_0	0.0684359926452112 Allentoft
VK61 HG03516#2#JAGYYS010000004.1_24452130_24859892_1$HG02293.verkko_filt_mat.fa:haplotype1_0000039_30204405_30517145_1	0.0684355564401583 Allentoft
VK61 HG04228.verkko_filt_pat.fa:haplotype2_0000600_103806749_104119491_0$HG02071.verkko_filt_mat.fa:haplotype1_0000041_103610513_104018399_0	0.0684351202434463 Allentoft
VK61 HG01123#2#JAGYYY010000006.1_51579630_51892388_0$HG002.verkko_filt_mat.fa:haplotype1_0000005_138228497_138636354_1	0.0684351202434463 Allentoft
VK61 HG02723#1#JAHEOU010000204.1_2102082_2414876_1$HG02300.verkko_filt_pat.fa:haplotype2_0000620_143362344_143769323_1	0.0684346840550749 Allentoft
VK61 HG01258#2#JAGYYU010000072.1_51562603_51970395_0$HG02293.verkko_filt_mat.fa:haplotype1_0000039_30204405_30517145_1	0.0684346840550749 Allentoft
VK61 HG03453#2#JAGYVV010000088.1_22597550_23005370_1$HG02647.verkko_filt_pat.fa:haplotype2_0000857_103738150_104051769_0	0.0684325032383181 Allentoft
VK61 HG02486#2#JAGYVL010000029.1_94163344_94570162_0$HG01891#1#JAGYVO010000014.1_22855818_23168577_1	0.0684325032383181 Allentoft
VK61 AV_HG02257#haplotype2#0001152:102843493_103251377$HG01123#2#JAGYYY010000006.1_51579630_51892388_0	0.0684325032383181 Allentoft
VK61 AV_HG01175#haplotype1#0000070:46006269_46414083$HG04228.verkko_filt_pat.fa:haplotype2_0000600_103806749_104119491_0	0.0684316309699905 Allentoft
VK61 HG02886#2#JAHAOT010000031.1_87393_401061_0$HG02300.verkko_filt_pat.fa:haplotype2_0000620_143362344_143769323_1	0.0684311948483346 Allentoft
VK61 HG04228.verkko_filt_pat.fa:haplotype2_0000600_103806749_104119491_0$HG02809.verkko_filt_pat.fa:haplotype2_0001251_103421111_103827972_0	0.0684303226300372 Allentoft
VK61 HG03579#2#JAGYVT010000094.1_51581892_51895531_0$HG02486#2#JAGYVL010000029.1_94163344_94570162_0	0.0684303226300372 Allentoft
VK61 HG02717#2#JAHAOR010000006.1_19663827_20070693_1$HG02293.verkko_filt_mat.fa:haplotype1_0000039_30204405_30517145_1	0.0684303226300372 Allentoft
VK61 HG02109#2#JAHEPF010000078.1_16678387_16991144_0$HG03579#1#JAGYVU010000029.1_91404_499180_0	0.0684298865333952 Allentoft
VK61 HG00741#2#JAHALX010000013.1_51574319_51981226_0$HG002.verkko_filt_pat.fa:haplotype2_0000649_147937390_148315979_1	0.0684298795873250 Allentoft
VK61 HG03579#2#JAGYVT010000094.1_51581892_51895531_0$HG03579#1#JAGYVU010000029.1_91404_499180_0	0.0684294504450906 Allentoft
VK61 HG01123#2#JAGYYY010000006.1_51579630_51892388_0$HG02818#1#JAHEOS010000101.1_89626_496613_0	0.0684294504450906 Allentoft
VK61 HG02723#1#JAHEOU010000204.1_2102082_2414876_1$HG02071.verkko_filt_mat.fa:haplotype1_0000041_103610513_104018399_0	0.0684290143651232 Allentoft
VK61 HG02559#1#JAGYVK010000012.1_51505852_51913611_0$HG03579#2#JAGYVT010000094.1_51581892_51895531_0	0.0684263980603845 Allentoft
VK61 HG03098#2#JAHEPL010000003.1_93803759_94117426_0$HG02300.verkko_filt_mat.fa:haplotype1_0000028_144052837_144460586_1	0.0684229101208338 Allentoft
VK61 HG01123#2#JAGYYY010000006.1_51579630_51892388_0$chr1_hg38_103456064_103863972_0	0.0684229101208338 Allentoft
VK61 HG01123#2#JAGYYY010000006.1_51579630_51892388_0$chr1_hg19_103998686_104406594_0	0.0684229101208338 Allentoft
VK61 HG03579#1#JAGYVU010000029.1_91404_499180_0$HG02293.verkko_filt_mat.fa:haplotype1_0000039_30204405_30517145_1	0.0684224741658921 Allentoft
VK61 HG01123#1#JAGYYZ010000015.1_51528240_51935090_0$HG00438#2#JAHBCA010000012.1_51513023_51826723_0	0.0684216022810072 Allentoft
VK61 HG00438#2#JAHBCA010000012.1_51513023_51826723_0$HG02818#1#JAHEOS010000101.1_89626_496613_0	0.0684216022810072 Allentoft
VK61 HG03579#2#JAGYVT010000094.1_51581892_51895531_0$HG03453#2#JAGYVV010000088.1_22597550_23005370_1	0.0684211663510635 Allentoft
VK61 HG02145#2#JAHKSF010000206.1_1005292_1413195_1$HG00438#2#JAHBCA010000012.1_51513023_51826723_0	0.0684211663510635 Allentoft
VK61 HG04228.verkko_filt_pat.fa:haplotype2_0000600_103806749_104119491_0$HG02300.verkko_filt_pat.fa:haplotype2_0000620_143362344_143769323_1	0.0684198586112240 Allentoft
VK61 HG02723#1#JAHEOU010000204.1_2102082_2414876_1$NA18906#1#JAHEOO010000054.1_2103477_2510435_1	0.0684194227146072 Allentoft
VK61 HG02145#2#JAHKSF010000206.1_1005292_1413195_1$HG04228.verkko_filt_pat.fa:haplotype2_0000600_103806749_104119491_0	0.0684194227146072 Allentoft
VK61 AV_HG00673#haplotype2#0001165:24014011_24421797$HG00438#2#JAHBCA010000012.1_51513023_51826723_0	0.0684194227146072 Allentoft
VK61 HG02818#2#JAHEOR010000010.1_31775319_32183091_1$HG02723#1#JAHEOU010000204.1_2102082_2414876_1	0.0684189868263215 Allentoft
VK61 HG02559#1#JAGYVK010000012.1_51505852_51913611_0$HG02109#2#JAHEPF010000078.1_16678387_16991144_0	0.0684189868263215 Allentoft
VK61 HG01123#2#JAGYYY010000006.1_51579630_51892388_0$HG02071.verkko_filt_mat.fa:haplotype1_0000041_103610513_104018399_0	0.0684185509463666 Allentoft
VK61 HG00621#2#JAHBCC010000031.1_16669999_17077865_0$HG02723#1#JAHEOU010000204.1_2102082_2414876_1	0.0684185509463666 Allentoft
VK61 HG02109#1#JAHEPG010000026.1_16673035_17080816_0$HG03710.verkko_filt_mat.fa:haplotype1_0000029_102593394_102907063_0	0.0684181150747422 Allentoft
VK61 HG01123#1#JAGYYZ010000015.1_51528240_51935090_0$HG02886#2#JAHAOT010000031.1_87393_401061_0	0.0684181150747422 Allentoft
VK61 AV_HG02257#haplotype2#0001152:102843493_103251377$HG01891#1#JAGYVO010000014.1_22855818_23168577_1	0.0684172433564839 Allentoft
VK61 HG01123#1#JAGYYZ010000015.1_51528240_51935090_0$HG02293.verkko_filt_mat.fa:haplotype1_0000039_30204405_30517145_1	0.0684163716715446 Allentoft
VK61 HG02723#1#JAHEOU010000204.1_2102082_2414876_1$HG02109#1#JAHEPG010000026.1_16673035_17080816_0	0.0684146284016143 Allentoft
VK61 HG00438#2#JAHBCA010000012.1_51513023_51826723_0$HG02717#2#JAHAOR010000006.1_19663827_20070693_1	0.0684137568166191 Allentoft
VK61 HG02145#2#JAHKSF010000206.1_1005292_1413195_1$HG01891#1#JAGYVO010000014.1_22855818_23168577_1	0.0684128852649344 Allentoft
VK61 HG02723#1#JAHEOU010000204.1_2102082_2414876_1$NA19240#1#JAHEOM010000047.1_30103390_30511199_1	0.0684115779998598 Allentoft
VK61 HG02559#1#JAGYVK010000012.1_51505852_51913611_0$HG02293.verkko_filt_mat.fa:haplotype1_0000039_30204405_30517145_1	0.0684115779998598 Allentoft
VK61 HG01978#2#JAGYVR010000007.1_51532241_51939176_0$HG04228.verkko_filt_pat.fa:haplotype2_0000600_103806749_104119491_0	0.0684111422614879 Allentoft
VK61 HG02723#1#JAHEOU010000204.1_2102082_2414876_1$HG03927.verkko_filt_mat.fa:haplotype1_0000009_134765170_135173010_1	0.0684107065314420 Allentoft
VK61 HG02559#2#JAGYVJ010000037.1_52167780_52574597_1$HG03098#2#JAHEPL010000003.1_93803759_94117426_0	0.0684107065314420 Allentoft
VK61 AV_HG01175#haplotype1#0000070:46006269_46414083$HG01123#2#JAGYYY010000006.1_51579630_51892388_0	0.0684107065314420 Allentoft
VK61 HG02723#1#JAHEOU010000204.1_2102082_2414876_1$HG01978#2#JAGYVR010000007.1_51532241_51939176_0	0.0684102708097219 Allentoft
VK61 AV_HG02257#haplotype2#0001152:102843493_103251377$HG00438#2#JAHBCA010000012.1_51513023_51826723_0	0.0684098350963272 Allentoft
VK61 HG02559#2#JAGYVJ010000037.1_52167780_52574597_1$HG03710.verkko_filt_mat.fa:haplotype1_0000029_102593394_102907063_0	0.0684085280060936 Allentoft
VK61 HG02145#2#JAHKSF010000206.1_1005292_1413195_1$HG02109#2#JAHEPF010000078.1_16678387_16991144_0	0.0684085280060936 Allentoft
VK61 HG01123#2#JAGYYY010000006.1_51579630_51892388_0$HG02300.verkko_filt_pat.fa:haplotype2_0000620_143362344_143769323_1	0.0684085280060936 Allentoft
VK61 HG02886#2#JAHAOT010000031.1_87393_401061_0$HG01978#2#JAGYVR010000007.1_51532241_51939176_0	0.0684076566542271 Allentoft
VK61 HG02818#2#JAHEOR010000010.1_31775319_32183091_1$HG01891#1#JAGYVO010000014.1_22855818_23168577_1	0.0684072209907799 Allentoft
VK61 HG02622#1#JAHAOO010000002.1_16673678_17080663_0$HG00733#1#JAHEPQ010000019.1_46106835_46420495_0	0.0684067853356563 Allentoft
VK61 HG02080#1#JAHEOW010000048.1_16689583_17097287_0$HG03098#2#JAHEPL010000003.1_93803759_94117426_0	0.0684041715796962 Allentoft
VK61 HG00621#2#JAHBCC010000031.1_16669999_17077865_0$HG04228.verkko_filt_pat.fa:haplotype2_0000600_103806749_104119491_0	0.0684037359828306 Allentoft
VK61 AV_HG01361#haplotype1#0000023:101593539_102001341$HG03710.verkko_filt_mat.fa:haplotype1_0000029_102593394_102907063_0	0.0684028648140638 Allentoft
VK61 chr1_hg38_103456064_103863972_0$HG02886#2#JAHAOT010000031.1_87393_401061_0	0.0684019936785810 Allentoft
VK61 chr1_hg19_103998686_104406594_0$HG02886#2#JAHAOT010000031.1_87393_401061_0	0.0684019936785810 Allentoft
VK61 HG03710.verkko_filt_mat.fa:haplotype1_0000029_102593394_102907063_0$HG02300.verkko_filt_mat.fa:haplotype1_0000028_144052837_144460586_1	0.0684015581233204 Allentoft
VK61 HG02109#1#JAHEPG010000026.1_16673035_17080816_0$HG02109#2#JAHEPF010000078.1_16678387_16991144_0	0.0684002515074587 Allentoft
VK61 AV_HG02257#haplotype2#0001152:102843493_103251377$HG04228.verkko_filt_pat.fa:haplotype2_0000600_103806749_104119491_0	0.0684002515074587 Allentoft
VK61 HG02818#1#JAHEOS010000101.1_89626_496613_0$HG02647.verkko_filt_pat.fa:haplotype2_0000857_103738150_104051769_0	0.0683998159854772 Allentoft
VK61 AV_HG02257#haplotype2#0001152:102843493_103251377$HG02647.verkko_filt_pat.fa:haplotype2_0000857_103738150_104051769_0	0.0683993804718150 Allentoft
VK61 HG01891#1#JAGYVO010000014.1_22855818_23168577_1$HG03927.verkko_filt_mat.fa:haplotype1_0000009_134765170_135173010_1	0.0683989449664716 Allentoft
VK61 AV_HG02257#haplotype2#0001152:102843493_103251377$HG02109#2#JAHEPF010000078.1_16678387_16991144_0	0.0683980739807403 Allentoft
VK61 NA19240#1#JAHEOM010000047.1_30103390_30511199_1$HG01891#1#JAGYVO010000014.1_22855818_23168577_1	0.0683972030282813 Allentoft
VK61 HG02622#1#JAHAOO010000002.1_16673678_17080663_0$HG02293.verkko_filt_mat.fa:haplotype1_0000039_30204405_30517145_1	0.0683967675645283 Allentoft
VK61 HG03710.verkko_filt_mat.fa:haplotype1_0000029_102593394_102907063_0$HG01099.verkko_filt_mat.fa:haplotype1_0000034_142513097_142920876_1	0.0683963321090926 Allentoft
VK61 HG02723#1#JAHEOU010000204.1_2102082_2414876_1$HG02630#1#JAHAOQ010000102.1_16672145_17079089_0	0.0683963321090926 Allentoft
VK61 HG02886#2#JAHAOT010000031.1_87393_401061_0$HG002.verkko_filt_mat.fa:haplotype1_0000005_138228497_138636354_1	0.0683958966619738 Allentoft
VK61 HG02080#1#JAHEOW010000048.1_16689583_17097287_0$HG03710.verkko_filt_mat.fa:haplotype1_0000029_102593394_102907063_0	0.0683958966619738 Allentoft
VK61 HG03710.verkko_filt_mat.fa:haplotype1_0000029_102593394_102907063_0$HG02300.verkko_filt_pat.fa:haplotype2_0000620_143362344_143769323_1	0.0683945903705171 Allentoft
VK61 HG02145#2#JAHKSF010000206.1_1005292_1413195_1$HG02647.verkko_filt_pat.fa:haplotype2_0000857_103738150_104051769_0	0.0683941549566638 Allentoft
VK61 HG01123#2#JAGYYY010000006.1_51579630_51892388_0$HG01123#1#JAGYYZ010000015.1_51528240_51935090_0	0.0683937195511262 Allentoft
VK61 HG02886#2#JAHAOT010000031.1_87393_401061_0$HG02717#2#JAHAOR010000006.1_19663827_20070693_1	0.0683928487649969 Allentoft
VK61 HG005#1#JAHEPO010000002.1_51519219_51926067_0$HG00438#2#JAHBCA010000012.1_51513023_51826723_0	0.0683928487649969 Allentoft
VK61 HG03098#2#JAHEPL010000003.1_93803759_94117426_0$HG01099.verkko_filt_mat.fa:haplotype1_0000034_142513097_142920876_1	0.0683924133844048 Allentoft
VK61 HG02723#1#JAHEOU010000204.1_2102082_2414876_1$HG02717#1#JAHAOS010000015.1_16660311_17067250_0	0.0683924133844048 Allentoft
VK61 HG02109#2#JAHEPF010000078.1_16678387_16991144_0$HG03927.verkko_filt_mat.fa:haplotype1_0000009_134765170_135173010_1	0.0683911072925152 Allentoft
VK61 HG02818#1#JAHEOS010000101.1_89626_496613_0$HG04228.verkko_filt_pat.fa:haplotype2_0000600_103806749_104119491_0	0.0683902366061584 Allentoft
VK61 HG02723#1#JAHEOU010000204.1_2102082_2414876_1$HG03486#1#JAHEOQ010000123.1_16677696_17085575_0	0.0683902366061584 Allentoft
VK61 HG02818#2#JAHEOR010000010.1_31775319_32183091_1$HG00733#1#JAHEPQ010000019.1_46106835_46420495_0	0.0683898012754501 Allentoft
VK61 HG03486#1#JAHEOQ010000123.1_16677696_17085575_0$HG04228.verkko_filt_pat.fa:haplotype2_0000600_103806749_104119491_0	0.0683893659530549 Allentoft
VK61 HG03927.verkko_filt_mat.fa:haplotype1_0000009_134765170_135173010_1$HG02647.verkko_filt_pat.fa:haplotype2_0000857_103738150_104051769_0	0.0683889306389724 Allentoft
VK61 AV_HG01361#haplotype1#0000023:101593539_102001341$HG03098#2#JAHEPL010000003.1_93803759_94117426_0	0.0683884953332025 Allentoft
VK61 HG03098#2#JAHEPL010000003.1_93803759_94117426_0$HG02109#1#JAHEPG010000026.1_16673035_17080816_0	0.0683880600357448 Allentoft
VK61 AV_HG02257#haplotype2#0001152:102843493_103251377$HG03579#2#JAGYVT010000094.1_51581892_51895531_0	0.0683871894657651 Allentoft
VK61 HG02559#2#JAGYVJ010000037.1_52167780_52574597_1$HG02886#2#JAHAOT010000031.1_87393_401061_0	0.0683867541932426 Allentoft
VK61 HG01123#1#JAGYYZ010000015.1_51528240_51935090_0$HG03710.verkko_filt_mat.fa:haplotype1_0000029_102593394_102907063_0	0.0683867541932426 Allentoft
VK61 HG005#1#JAHEPO010000002.1_51519219_51926067_0$HG02293.verkko_filt_mat.fa:haplotype1_0000039_30204405_30517145_1	0.0683867541932426 Allentoft
VK61 AV_HG01361#haplotype2#0001322:101872897_102186552$HG02109#1#JAHEPG010000026.1_16673035_17080816_0	0.0683863189290313 Allentoft
VK61 NA19240#1#JAHEOM010000047.1_30103390_30511199_1$HG00733#1#JAHEPQ010000019.1_46106835_46420495_0	0.0683858836731309 Allentoft
VK61 HG02818#2#JAHEOR010000010.1_31775319_32183091_1$HG02647.verkko_filt_pat.fa:haplotype2_0000857_103738150_104051769_0	0.0683858836731309 Allentoft
VK61 HG02723#1#JAHEOU010000204.1_2102082_2414876_1$HG02809.verkko_filt_pat.fa:haplotype2_0001251_103421111_103827972_0	0.0683850131862618 Allentoft
VK61 HG02647.verkko_filt_pat.fa:haplotype2_0000857_103738150_104051769_0$HG02809.verkko_filt_pat.fa:haplotype2_0001251_103421111_103827972_0	0.0683850131862618 Allentoft
VK61 HG005#1#JAHEPO010000002.1_51519219_51926067_0$HG02886#2#JAHAOT010000031.1_87393_401061_0	0.0683850131862618 Allentoft
VK61 HG02109#2#JAHEPF010000078.1_16678387_16991144_0$HG02486#2#JAGYVL010000029.1_94163344_94570162_0	0.0683845779552926 Allentoft
VK61 HG03579#2#JAGYVT010000094.1_51581892_51895531_0$HG02818#1#JAHEOS010000101.1_89626_496613_0	0.0683841427326333 Allentoft
VK61 HG005#2#JAHEPN010000023.1_51542210_51950070_0$HG04228.verkko_filt_pat.fa:haplotype2_0000600_103806749_104119491_0	0.0683837075182836 Allentoft
VK61 HG02109#1#JAHEPG010000026.1_16673035_17080816_0$HG01891#1#JAGYVO010000014.1_22855818_23168577_1	0.0683828371145120 Allentoft
VK61 HG02622#1#JAHAOO010000002.1_16673678_17080663_0$HG02886#2#JAHAOT010000031.1_87393_401061_0	0.0683819667439756 Allentoft
VK61 HG02723#1#JAHEOU010000204.1_2102082_2414876_1$HG005#2#JAHEPN010000023.1_51542210_51950070_0	0.0683810964066724 Allentoft
VK61 HG02145#2#JAHKSF010000206.1_1005292_1413195_1$HG03579#2#JAGYVT010000094.1_51581892_51895531_0	0.0683810964066724 Allentoft
VK61 HG01123#2#JAGYYY010000006.1_51579630_51892388_0$HG01258#2#JAGYYU010000072.1_51562603_51970395_0	0.0683797909630250 Allentoft
VK61 HG02818#1#JAHEOS010000101.1_89626_496613_0$HG01891#1#JAGYVO010000014.1_22855818_23168577_1	0.0683793558317569 Allentoft
VK61 HG00621#2#JAHBCC010000031.1_16669999_17077865_0$HG01123#2#JAGYYY010000006.1_51579630_51892388_0	0.0683793558317569 Allentoft
VK61 HG02717#2#JAHAOR010000006.1_19663827_20070693_1$HG03710.verkko_filt_mat.fa:haplotype1_0000029_102593394_102907063_0	0.0683789207087954 Allentoft
VK61 HG01123#2#JAGYYY010000006.1_51579630_51892388_0$HG02717#2#JAHAOR010000006.1_19663827_20070693_1	0.0683789207087954 Allentoft
VK61 HG02818#2#JAHEOR010000010.1_31775319_32183091_1$HG03579#2#JAGYVT010000094.1_51581892_51895531_0	0.0683763101454525 Allentoft
VK61 HG01123#2#JAGYYY010000006.1_51579630_51892388_0$HG01978#2#JAGYVR010000007.1_51532241_51939176_0	0.0683763101454525 Allentoft
VK61 HG02109#2#JAHEPF010000078.1_16678387_16991144_0$HG02809.verkko_filt_pat.fa:haplotype2_0001251_103421111_103827972_0	0.0683758750806306 Allentoft
VK61 AV_HG01175#haplotype1#0000070:46006269_46414083$HG02886#2#JAHAOT010000031.1_87393_401061_0	0.0683758750806306 Allentoft
VK61 HG02886#2#JAHAOT010000031.1_87393_401061_0$HG02300.verkko_filt_mat.fa:haplotype1_0000028_144052837_144460586_1	0.0683754400241132 Allentoft
VK61 HG02109#1#JAHEPG010000026.1_16673035_17080816_0$HG02647.verkko_filt_pat.fa:haplotype2_0000857_103738150_104051769_0	0.0683754400241132 Allentoft
VK61 HG03579#2#JAGYVT010000094.1_51581892_51895531_0$HG03927.verkko_filt_mat.fa:haplotype1_0000009_134765170_135173010_1	0.0683750049759001 Allentoft
VK61 HG02886#2#JAHAOT010000031.1_87393_401061_0$HG02071.verkko_filt_mat.fa:haplotype1_0000041_103610513_104018399_0	0.0683750049759001 Allentoft
VK61 HG03486#1#JAHEOQ010000123.1_16677696_17085575_0$HG01123#2#JAGYYY010000006.1_51579630_51892388_0	0.0683736998810843 Allentoft
VK61 NA19240#1#JAHEOM010000047.1_30103390_30511199_1$HG02647.verkko_filt_pat.fa:haplotype2_0000857_103738150_104051769_0	0.0683732648660859 Allentoft
VK61 HG03098#2#JAHEPL010000003.1_93803759_94117426_0$HG02300.verkko_filt_pat.fa:haplotype2_0000620_143362344_143769323_1	0.0683732648660859 Allentoft
VK61 HG02818#2#JAHEOR010000010.1_31775319_32183091_1$HG02109#2#JAHEPF010000078.1_16678387_16991144_0	0.0683732648660859 Allentoft
VK61 AV_HG02148#haplotype2#0002863:16304803_16712699$HG02723#1#JAHEOU010000204.1_2102082_2414876_1	0.0683728298593905 Allentoft
VK61 HG03579#2#JAGYVT010000094.1_51581892_51895531_0$HG02809.verkko_filt_pat.fa:haplotype2_0001251_103421111_103827972_0	0.0683719598709076 Allentoft
VK61 HG02109#2#JAHEPF010000078.1_16678387_16991144_0$HG02818#1#JAHEOS010000101.1_89626_496613_0	0.0683715248891196 Allentoft
VK61 AV_HG01361#haplotype2#0001322:101872897_102186552$HG02300.verkko_filt_pat.fa:haplotype2_0000620_143362344_143769323_1	0.0683715248891196 Allentoft
VK61 HG00438#2#JAHBCA010000012.1_51513023_51826723_0$HG01258#2#JAGYYU010000072.1_51562603_51970395_0	0.0683676104265836 Allentoft
VK61 HG03579#2#JAGYVT010000094.1_51581892_51895531_0$HG02109#1#JAHEPG010000026.1_16673035_17080816_0	0.0683658708812567 Allentoft
VK61 AV_HG01361#haplotype2#0001322:101872897_102186552$HG01123#1#JAGYYZ010000015.1_51528240_51935090_0	0.0683645663093968 Allentoft
VK61 HG03579#2#JAGYVT010000094.1_51581892_51895531_0$NA19240#1#JAHEOM010000047.1_30103390_30511199_1	0.0683619573897085 Allentoft
VK61 HG02886#2#JAHAOT010000031.1_87393_401061_0$HG01258#2#JAGYYU010000072.1_51562603_51970395_0	0.0683615225987984 Allentoft
VK61 HG02723#1#JAHEOU010000204.1_2102082_2414876_1$HG01928#1#JAGYVQ010000053.1_16676493_17083407_0	0.0683615225987984 Allentoft
VK61 HG01928#1#JAGYVQ010000053.1_16676493_17083407_0$HG04228.verkko_filt_pat.fa:haplotype2_0000600_103806749_104119491_0	0.0683606530418657 Allentoft
VK61 HG01928#1#JAGYVQ010000053.1_16676493_17083407_0$HG02886#2#JAHAOT010000031.1_87393_401061_0	0.0683606530418657 Allentoft
VK61 NA19240#1#JAHEOM010000047.1_30103390_30511199_1$HG02109#2#JAHEPF010000078.1_16678387_16991144_0	0.0683597835181144 Allentoft
VK61 HG00733#1#JAHEPQ010000019.1_46106835_46420495_0$HG03927.verkko_filt_mat.fa:haplotype1_0000009_134765170_135173010_1	0.0683589140275423 Allentoft
VK61 HG03098#2#JAHEPL010000003.1_93803759_94117426_0$HG02717#2#JAHAOR010000006.1_19663827_20070693_1	0.0683584792946978 Allentoft
VK61 HG02080#1#JAHEOW010000048.1_16689583_17097287_0$HG02886#2#JAHAOT010000031.1_87393_401061_0	0.0683584792946978 Allentoft
VK61 AV_HG00673#haplotype2#0001165:24014011_24421797$HG03710.verkko_filt_mat.fa:haplotype1_0000029_102593394_102907063_0	0.0683584792946978 Allentoft
VK61 HG04228.verkko_filt_pat.fa:haplotype2_0000600_103806749_104119491_0$HG02004.verkko_filt_mat.fa:haplotype1_0000022_97828542_98235483_0	0.0683580445701474 Allentoft
VK61 HG00621#2#JAHBCC010000031.1_16669999_17077865_0$HG02886#2#JAHAOT010000031.1_87393_401061_0	0.0683576098538907 Allentoft
VK61 AV_HG02148#haplotype2#0002863:16304803_16712699$HG04228.verkko_filt_pat.fa:haplotype2_0000600_103806749_104119491_0	0.0683571751459276 Allentoft
VK61 HG02293.verkko_filt_mat.fa:haplotype1_0000039_30204405_30517145_1$HG002.verkko_filt_mat.fa:haplotype1_0000005_138228497_138636354_1	0.0683567404462576 Allentoft
VK61 AV_HG01361#haplotype1#0000023:101593539_102001341$HG02886#2#JAHAOT010000031.1_87393_401061_0	0.0683567404462576 Allentoft
VK61 HG02818#2#JAHEOR010000010.1_31775319_32183091_1$HG02293.verkko_filt_mat.fa:haplotype1_0000039_30204405_30517145_1	0.0683563057548807 Allentoft
VK61 HG02723#1#JAHEOU010000204.1_2102082_2414876_1$HG02004.verkko_filt_mat.fa:haplotype1_0000022_97828542_98235483_0	0.0683563057548807 Allentoft
VK61 chr1_hg19_103998686_104406594_0$HG03098#2#JAHEPL010000003.1_93803759_94117426_0	0.0683554363970046 Allentoft
VK61 HG03098#2#JAHEPL010000003.1_93803759_94117426_0$chr1_hg38_103456064_103863972_0	0.0683554363970046 Allentoft
VK61 HG03453#2#JAGYVV010000088.1_22597550_23005370_1$HG04228.verkko_filt_pat.fa:haplotype2_0000600_103806749_104119491_0	0.0683550017305050 Allentoft
VK61 HG02886#2#JAHAOT010000031.1_87393_401061_0$HG02004.verkko_filt_mat.fa:haplotype1_0000022_97828542_98235483_0	0.0683545670722973 Allentoft
VK61 HG005#1#JAHEPO010000002.1_51519219_51926067_0$HG01123#2#JAGYYY010000006.1_51579630_51892388_0	0.0683545670722973 Allentoft
VK61 HG03098#2#JAHEPL010000003.1_93803759_94117426_0$HG01123#1#JAGYYZ010000015.1_51528240_51935090_0	0.0683541324223812 Allentoft
VK61 AV_HG00673#haplotype2#0001165:24014011_24421797$HG03098#2#JAHEPL010000003.1_93803759_94117426_0	0.0683528285223804 Allentoft
VK61 AV_HG02148#haplotype2#0002863:16304803_16712699$HG01123#2#JAGYYY010000006.1_51579630_51892388_0	0.0683510901051130 Allentoft
VK61 HG03710.verkko_filt_mat.fa:haplotype1_0000029_102593394_102907063_0$HG002.verkko_filt_mat.fa:haplotype1_0000005_138228497_138636354_1	0.0683506555215207 Allentoft
VK61 HG03098#2#JAHEPL010000003.1_93803759_94117426_0$HG01978#2#JAGYVR010000007.1_51532241_51939176_0	0.0683506555215207 Allentoft
VK61 HG01891#1#JAGYVO010000014.1_22855818_23168577_1$HG02809.verkko_filt_pat.fa:haplotype2_0001251_103421111_103827972_0	0.0683489172700417 Allentoft
VK61 chr1_hg38_103456064_103863972_0$HG02293.verkko_filt_mat.fa:haplotype1_0000039_30204405_30517145_1	0.0683471791511743 Allentoft
VK61 chr1_hg19_103998686_104406594_0$HG02293.verkko_filt_mat.fa:haplotype1_0000039_30204405_30517145_1	0.0683471791511743 Allentoft
VK61 HG02723#1#JAHEOU010000204.1_2102082_2414876_1$HG03453#2#JAGYVV010000088.1_22597550_23005370_1	0.0683471791511743 Allentoft
VK61 HG02886#2#JAHAOT010000031.1_87393_401061_0$HG01099.verkko_filt_mat.fa:haplotype1_0000034_142513097_142920876_1	0.0683458756490401 Allentoft
VK61 AV_HG01361#haplotype2#0001322:101872897_102186552$HG02717#2#JAHAOR010000006.1_19663827_20070693_1	0.0683445722214833 Allentoft
VK61 HG02559#2#JAGYVJ010000037.1_52167780_52574597_1$HG02647.verkko_filt_pat.fa:haplotype2_0000857_103738150_104051769_0	0.0683441377622025 Allentoft
VK61 NA19240#1#JAHEOM010000047.1_30103390_30511199_1$HG02293.verkko_filt_mat.fa:haplotype1_0000039_30204405_30517145_1	0.0683437033112071 Allentoft
VK61 HG005#1#JAHEPO010000002.1_51519219_51926067_0$HG03710.verkko_filt_mat.fa:haplotype1_0000029_102593394_102907063_0	0.0683432688684968 Allentoft
VK61 HG02886#2#JAHAOT010000031.1_87393_401061_0$HG03516#2#JAGYYS010000004.1_24452130_24859892_1	0.0683424000079303 Allentoft
VK61 HG00741#2#JAHALX010000013.1_51574319_51981226_0$HG02293.verkko_filt_mat.fa:haplotype1_0000039_30204405_30517145_1	0.0683406623862065 Allentoft
VK61 NA19240#2#JAHEOL010000010.1_37445323_37853017_0$HG002.verkko_filt_pat.fa:haplotype2_0000649_147937390_148315979_1	0.0683396596046017 Allentoft
VK61 HG01123#2#JAGYYY010000006.1_51579630_51892388_0$HG005#2#JAHEPN010000023.1_51542210_51950070_0	0.0683393592568884 Allentoft
VK61 HG03098#2#JAHEPL010000003.1_93803759_94117426_0$HG002.verkko_filt_mat.fa:haplotype1_0000005_138228497_138636354_1	0.0683389248970143 Allentoft
VK61 HG01928#1#JAGYVQ010000053.1_16676493_17083407_0$HG01123#2#JAGYYY010000006.1_51579630_51892388_0	0.0683389248970143 Allentoft
VK61 HG02071.verkko_filt_mat.fa:haplotype1_0000041_103610513_104018399_0$HG02293.verkko_filt_mat.fa:haplotype1_0000039_30204405_30517145_1	0.0683384905454223 Allentoft
VK61 AV_HG01361#haplotype2#0001322:101872897_102186552$HG02300.verkko_filt_mat.fa:haplotype1_0000028_144052837_144460586_1	0.0683376218670838 Allentoft
VK61 HG00438#2#JAHBCA010000012.1_51513023_51826723_0$HG03516#2#JAGYYS010000004.1_24452130_24859892_1	0.0683371875403368 Allentoft
VK61 AV_HG02148#haplotype2#0002863:16304803_16712699$HG02886#2#JAHAOT010000031.1_87393_401061_0	0.0683371875403368 Allentoft
VK61 HG03486#1#JAHEOQ010000123.1_16677696_17085575_0$HG02886#2#JAHAOT010000031.1_87393_401061_0	0.0683363189116858 Allentoft
VK61 HG02622#1#JAHAOO010000002.1_16673678_17080663_0$HG03710.verkko_filt_mat.fa:haplotype1_0000029_102593394_102907063_0	0.0683358846097814 Allentoft
VK61 HG005#1#JAHEPO010000002.1_51519219_51926067_0$HG03098#2#JAHEPL010000003.1_93803759_94117426_0	0.0683358846097814 Allentoft
VK61 HG01123#2#JAGYYY010000006.1_51579630_51892388_0$HG03453#2#JAGYVV010000088.1_22597550_23005370_1	0.0683350160308132 Allentoft
VK61 AV_HG01361#haplotype2#0001322:101872897_102186552$HG002.verkko_filt_mat.fa:haplotype1_0000005_138228497_138636354_1	0.0683345817537489 Allentoft
VK61 HG01258#2#JAGYYU010000072.1_51562603_51970395_0$HG03710.verkko_filt_mat.fa:haplotype1_0000029_102593394_102907063_0	0.0683337132244587 Allentoft
VK61 HG02723#1#JAHEOU010000204.1_2102082_2414876_1$HG02559#2#JAGYVJ010000037.1_52167780_52574597_1	0.0683328447282846 Allentoft
VK61 chr1_hg38_103456064_103863972_0$HG03710.verkko_filt_mat.fa:haplotype1_0000029_102593394_102907063_0	0.0683324104926154 Allentoft
VK61 chr1_hg19_103998686_104406594_0$HG03710.verkko_filt_mat.fa:haplotype1_0000029_102593394_102907063_0	0.0683324104926154 Allentoft
VK61 HG02723#1#JAHEOU010000204.1_2102082_2414876_1$HG02145#2#JAHKSF010000206.1_1005292_1413195_1	0.0683324104926154 Allentoft
VK61 HG01978#2#JAGYVR010000007.1_51532241_51939176_0$HG03710.verkko_filt_mat.fa:haplotype1_0000029_102593394_102907063_0	0.0683311078352761 Allentoft
VK61 HG02886#2#JAHAOT010000031.1_87393_401061_0$HG005#2#JAHEPN010000023.1_51542210_51950070_0	0.0683306736327183 Allentoft
VK61 HG02559#2#JAGYVJ010000037.1_52167780_52574597_1$HG03579#2#JAGYVT010000094.1_51581892_51895531_0	0.0683302394384376 Allentoft
VK61 HG02886#2#JAHAOT010000031.1_87393_401061_0$HG00741#2#JAHALX010000013.1_51574319_51981226_0	0.0683293710747066 Allentoft
VK61 HG02559#2#JAGYVJ010000037.1_52167780_52574597_1$HG04228.verkko_filt_pat.fa:haplotype2_0000600_103806749_104119491_0	0.0683293710747066 Allentoft
VK61 HG01123#2#JAGYYY010000006.1_51579630_51892388_0$HG02004.verkko_filt_mat.fa:haplotype1_0000022_97828542_98235483_0	0.0683285027440813 Allentoft
VK61 HG02559#2#JAGYVJ010000037.1_52167780_52574597_1$HG01891#1#JAGYVO010000014.1_22855818_23168577_1	0.0683254638475681 Allentoft
VK61 HG02071.verkko_filt_mat.fa:haplotype1_0000041_103610513_104018399_0$HG03710.verkko_filt_mat.fa:haplotype1_0000029_102593394_102907063_0	0.0683254638475681 Allentoft
VK61 HG00438#2#JAHBCA010000012.1_51513023_51826723_0$HG00741#2#JAHALX010000013.1_51574319_51981226_0	0.0683250297525930 Allentoft
VK61 AV_HG01361#haplotype2#0001322:101872897_102186552$chr1_hg38_103456064_103863972_0	0.0683250297525930 Allentoft
VK61 AV_HG01361#haplotype2#0001322:101872897_102186552$chr1_hg19_103998686_104406594_0	0.0683250297525930 Allentoft
VK61 AV_HG01361#haplotype2#0001322:101872897_102186552$HG02622#1#JAHAOO010000002.1_16673678_17080663_0	0.0683250297525930 Allentoft
VK61 AV_HG01175#haplotype1#0000070:46006269_46414083$HG03098#2#JAHEPL010000003.1_93803759_94117426_0	0.0683241615874637 Allentoft
VK61 HG02559#2#JAGYVJ010000037.1_52167780_52574597_1$HG02109#2#JAHEPF010000078.1_16678387_16991144_0	0.0683237275173091 Allentoft
VK61 AV_HG01361#haplotype2#0001322:101872897_102186552$HG02559#2#JAGYVJ010000037.1_52167780_52574597_1	0.0683228594018184 Allentoft
VK61 HG02886#2#JAHAOT010000031.1_87393_401061_0$HG03579#1#JAGYVU010000029.1_91404_499180_0	0.0683224253564819 Allentoft
VK61 AV_HG01175#haplotype1#0000070:46006269_46414083$AV_HG01361#haplotype2#0001322:101872897_102186552	0.0683224253564819 Allentoft
VK61 AV_HG01175#haplotype1#0000070:46006269_46414083$HG02293.verkko_filt_mat.fa:haplotype1_0000039_30204405_30517145_1	0.0683219913194175 Allentoft
VK61 AV_HG01361#haplotype2#0001322:101872897_102186552$HG01978#2#JAGYVR010000007.1_51532241_51939176_0	0.0683211232701042 Allentoft
VK61 AV_HG01361#haplotype2#0001322:101872897_102186552$HG005#1#JAHEPO010000002.1_51519219_51926067_0	0.0683202552538766 Allentoft
VK61 AV_HG00673#haplotype2#0001165:24014011_24421797$HG02886#2#JAHAOT010000031.1_87393_401061_0	0.0683176514036859 Allentoft
VK61 HG01258#2#JAGYYU010000072.1_51562603_51970395_0$HG04228.verkko_filt_pat.fa:haplotype2_0000600_103806749_104119491_0	0.0683163495902295 Allentoft
VK61 HG00621#2#JAHBCC010000031.1_16669999_17077865_0$HG03710.verkko_filt_mat.fa:haplotype1_0000029_102593394_102907063_0	0.0683150478511896 Allentoft
VK61 HG02723#1#JAHEOU010000204.1_2102082_2414876_1$HG01123#1#JAGYYZ010000015.1_51528240_51935090_0	0.0683146139547120 Allentoft
VK61 HG00438#2#JAHBCA010000012.1_51513023_51826723_0$HG03579#1#JAGYVU010000029.1_91404_499180_0	0.0683146139547120 Allentoft
VK61 HG03098#2#JAHEPL010000003.1_93803759_94117426_0$HG02071.verkko_filt_mat.fa:haplotype1_0000041_103610513_104018399_0	0.0683137461865591 Allentoft
VK61 HG02293.verkko_filt_mat.fa:haplotype1_0000039_30204405_30517145_1$HG02300.verkko_filt_pat.fa:haplotype2_0000620_143362344_143769323_1	0.0683128784514738 Allentoft
VK61 HG01123#1#JAGYYZ010000015.1_51528240_51935090_0$HG04228.verkko_filt_pat.fa:haplotype2_0000600_103806749_104119491_0	0.0683128784514738 Allentoft
VK61 AV_HG01361#haplotype2#0001322:101872897_102186552$HG02071.verkko_filt_mat.fa:haplotype1_0000041_103610513_104018399_0	0.0683128784514738 Allentoft
VK61 HG02559#1#JAGYVK010000012.1_51505852_51913611_0$HG02886#2#JAHAOT010000031.1_87393_401061_0	0.0683115769108433 Allentoft
VK61 HG02717#2#JAHAOR010000006.1_19663827_20070693_1$HG04228.verkko_filt_pat.fa:haplotype2_0000600_103806749_104119491_0	0.0683102754446033 Allentoft
VK61 HG03927.verkko_filt_mat.fa:haplotype1_0000009_134765170_135173010_1$HG02293.verkko_filt_mat.fa:haplotype1_0000039_30204405_30517145_1	0.0683089740527467 Allentoft
VK61 AV_HG01361#haplotype2#0001322:101872897_102186552$HG01099.verkko_filt_mat.fa:haplotype1_0000034_142513097_142920876_1	0.0683089740527467 Allentoft
VK61 HG00741#2#JAHALX010000013.1_51574319_51981226_0$HG03710.verkko_filt_mat.fa:haplotype1_0000029_102593394_102907063_0	0.0683085402719896 Allentoft
VK61 HG01123#2#JAGYYY010000006.1_51579630_51892388_0$HG02622#1#JAHAOO010000002.1_16673678_17080663_0	0.0683081064994963 Allentoft
VK61 HG00621#2#JAHBCC010000031.1_16669999_17077865_0$HG02293.verkko_filt_mat.fa:haplotype1_0000039_30204405_30517145_1	0.0683063714921555 Allentoft
VK61 HG01123#2#JAGYYY010000006.1_51579630_51892388_0$HG00741#2#JAHALX010000013.1_51574319_51981226_0	0.0683059377609771 Allentoft
VK61 HG02559#1#JAGYVK010000012.1_51505852_51913611_0$HG00438#2#JAHBCA010000012.1_51513023_51826723_0	0.0683046366170141 Allentoft
VK61 AV_HG01175#haplotype1#0000070:46006269_46414083$HG03710.verkko_filt_mat.fa:haplotype1_0000029_102593394_102907063_0	0.0683046366170141 Allentoft
VK61 AV_HG01361#haplotype2#0001322:101872897_102186552$HG03516#2#JAGYYS010000004.1_24452130_24859892_1	0.0683029018740554 Allentoft
VK61 AV_HG01361#haplotype2#0001322:101872897_102186552$HG01258#2#JAGYYU010000072.1_51562603_51970395_0	0.0683029018740554 Allentoft
VK61 AV_HG02257#haplotype2#0001152:102843493_103251377$HG02723#1#JAHEOU010000204.1_2102082_2414876_1	0.0683020345521393 Allentoft
VK61 HG03098#2#JAHEPL010000003.1_93803759_94117426_0$HG01258#2#JAGYYU010000072.1_51562603_51970395_0	0.0683011672632625 Allentoft
VK61 HG03098#2#JAHEPL010000003.1_93803759_94117426_0$HG02622#1#JAHAOO010000002.1_16673678_17080663_0	0.0682989991856041 Allentoft
VK61 AV_HG01361#haplotype1#0000023:101593539_102001341$AV_HG01361#haplotype2#0001322:101872897_102186552	0.0682981320123486 Allentoft
VK61 HG03516#2#JAGYYS010000004.1_24452130_24859892_1$HG03710.verkko_filt_mat.fa:haplotype1_0000029_102593394_102907063_0	0.0682963977649254 Allentoft
VK61 HG00621#2#JAHBCC010000031.1_16669999_17077865_0$HG03098#2#JAHEPL010000003.1_93803759_94117426_0	0.0682946636496050 Allentoft
VK61 AV_HG01361#haplotype2#0001322:101872897_102186552$HG00621#2#JAHBCC010000031.1_16669999_17077865_0	0.0682946636496050 Allentoft
VK61 HG02723#1#JAHEOU010000204.1_2102082_2414876_1$HG01258#2#JAGYYU010000072.1_51562603_51970395_0	0.0682920627242809 Allentoft
VK61 HG02717#2#JAHAOR010000006.1_19663827_20070693_1$HG02647.verkko_filt_pat.fa:haplotype2_0000857_103738150_104051769_0	0.0682920627242809 Allentoft
VK61 HG03098#2#JAHEPL010000003.1_93803759_94117426_0$HG02004.verkko_filt_mat.fa:haplotype1_0000022_97828542_98235483_0	0.0682916292656167 Allentoft
VK61 HG01928#1#JAGYVQ010000053.1_16676493_17083407_0$HG03098#2#JAHEPL010000003.1_93803759_94117426_0	0.0682916292656167 Allentoft
VK61 HG01123#1#JAGYYZ010000015.1_51528240_51935090_0$HG01891#1#JAGYVO010000014.1_22855818_23168577_1	0.0682916292656167 Allentoft
VK61 AV_HG01361#haplotype2#0001322:101872897_102186552$HG02080#1#JAHEOW010000048.1_16689583_17097287_0	0.0682911958152061 Allentoft
VK61 HG03453#2#JAGYVV010000088.1_22597550_23005370_1$HG02886#2#JAHAOT010000031.1_87393_401061_0	0.0682907623730488 Allentoft
VK61 HG03486#1#JAHEOQ010000123.1_16677696_17085575_0$HG02293.verkko_filt_mat.fa:haplotype1_0000039_30204405_30517145_1	0.0682903289391445 Allentoft
VK61 HG02723#1#JAHEOU010000204.1_2102082_2414876_1$HG02818#1#JAHEOS010000101.1_89626_496613_0	0.0682903289391445 Allentoft
VK61 AV_HG02148#haplotype2#0002863:16304803_16712699$HG03710.verkko_filt_mat.fa:haplotype1_0000029_102593394_102907063_0	0.0682903289391445 Allentoft
VK61 HG03486#1#JAHEOQ010000123.1_16677696_17085575_0$HG03710.verkko_filt_mat.fa:haplotype1_0000029_102593394_102907063_0	0.0682877285090178 Allentoft
VK61 HG02723#1#JAHEOU010000204.1_2102082_2414876_1$HG02717#2#JAHAOR010000006.1_19663827_20070693_1	0.0682877285090178 Allentoft
VK61 AV_HG01361#haplotype2#0001322:101872897_102186552$HG03579#1#JAGYVU010000029.1_91404_499180_0	0.0682872951328774 Allentoft
VK61 HG01123#1#JAGYYZ010000015.1_51528240_51935090_0$HG02647.verkko_filt_pat.fa:haplotype2_0000857_103738150_104051769_0	0.0682868617649879 Allentoft
VK61 HG00733#1#JAHEPQ010000019.1_46106835_46420495_0$HG02300.verkko_filt_pat.fa:haplotype2_0000620_143362344_143769323_1	0.0682864284053491 Allentoft
VK61 HG03579#2#JAGYVT010000094.1_51581892_51895531_0$HG02717#2#JAHAOR010000006.1_19663827_20070693_1	0.0682807954807365 Allentoft
VK61 HG00438#2#JAHBCA010000012.1_51513023_51826723_0$HG02622#1#JAHAOO010000002.1_16673678_17080663_0	0.0682803622365796 Allentoft
VK61 HG005#1#JAHEPO010000002.1_51519219_51926067_0$HG04228.verkko_filt_pat.fa:haplotype2_0000600_103806749_104119491_0	0.0682773297583755 Allentoft
VK61 HG02886#1#JAHAOU010000178.1_62411_469262_0$HG002.verkko_filt_pat.fa:haplotype2_0000649_147937390_148315979_1	0.0682772862331034 Allentoft
VK61 AV_HG01361#haplotype2#0001322:101872897_102186552$HG03486#1#JAHEOQ010000123.1_16677696_17085575_0	0.0682760302485385 Allentoft
VK61 HG02004.verkko_filt_mat.fa:haplotype1_0000022_97828542_98235483_0$HG03710.verkko_filt_mat.fa:haplotype1_0000029_102593394_102907063_0	0.0682755970950814 Allentoft
VK61 HG03579#2#JAGYVT010000094.1_51581892_51895531_0$HG01123#1#JAGYYZ010000015.1_51528240_51935090_0	0.0682747308128986 Allentoft
VK61 HG03579#1#JAGYVU010000029.1_91404_499180_0$HG03710.verkko_filt_mat.fa:haplotype1_0000029_102593394_102907063_0	0.0682729983474510 Allentoft
VK61 HG01978#2#JAGYVR010000007.1_51532241_51939176_0$HG02293.verkko_filt_mat.fa:haplotype1_0000039_30204405_30517145_1	0.0682729983474510 Allentoft
VK61 AV_HG02148#haplotype2#0002863:16304803_16712699$HG03098#2#JAHEPL010000003.1_93803759_94117426_0	0.0682725652516955 Allentoft
VK61 HG03098#2#JAHEPL010000003.1_93803759_94117426_0$HG005#2#JAHEPN010000023.1_51542210_51950070_0	0.0682721321641820 Allentoft
VK61 HG02717#2#JAHAOR010000006.1_19663827_20070693_1$HG01891#1#JAGYVO010000014.1_22855818_23168577_1	0.0682708329510913 Allentoft
VK61 AV_HG01361#haplotype2#0001322:101872897_102186552$AV_HG02148#haplotype2#0002863:16304803_16712699	0.0682708329510913 Allentoft
VK61 AV_HG01361#haplotype2#0001322:101872897_102186552$HG02559#1#JAGYVK010000012.1_51505852_51913611_0	0.0682703998965434 Allentoft
VK61 HG01258#2#JAGYYU010000072.1_51562603_51970395_0$HG01891#1#JAGYVO010000014.1_22855818_23168577_1	0.0682699668502362 Allentoft
VK61 AV_HG01361#haplotype2#0001322:101872897_102186552$HG02004.verkko_filt_mat.fa:haplotype1_0000022_97828542_98235483_0	0.0682691007823430 Allentoft
VK61 HG01123#1#JAGYYZ010000015.1_51528240_51935090_0$HG02109#2#JAHEPF010000078.1_16678387_16991144_0	0.0682682347474095 Allentoft
VK61 HG03486#1#JAHEOQ010000123.1_16677696_17085575_0$HG03098#2#JAHEPL010000003.1_93803759_94117426_0	0.0682673687454338 Allentoft
VK61 AV_HG01361#haplotype2#0001322:101872897_102186552$HG01928#1#JAGYVQ010000053.1_16676493_17083407_0	0.0682673687454338 Allentoft
VK61 HG02622#1#JAHAOO010000002.1_16673678_17080663_0$HG02647.verkko_filt_pat.fa:haplotype2_0000857_103738150_104051769_0	0.0682665027764137 Allentoft
VK61 HG005#1#JAHEPO010000002.1_51519219_51926067_0$HG02647.verkko_filt_pat.fa:haplotype2_0000857_103738150_104051769_0	0.0682652038846707 Allentoft
VK61 HG005#2#JAHEPN010000023.1_51542210_51950070_0$HG02293.verkko_filt_mat.fa:haplotype1_0000039_30204405_30517145_1	0.0682647709372319 Allentoft
VK61 HG02723#1#JAHEOU010000204.1_2102082_2414876_1$HG005#1#JAHEPO010000002.1_51519219_51926067_0	0.0682643379980304 Allentoft
VK61 HG01928#1#JAGYVQ010000053.1_16676493_17083407_0$HG03710.verkko_filt_mat.fa:haplotype1_0000029_102593394_102907063_0	0.0682643379980304 Allentoft
VK61 chr1_hg38_103456064_103863972_0$HG00733#1#JAHEPQ010000019.1_46106835_46420495_0	0.0682626063235927 Allentoft
VK61 chr1_hg19_103998686_104406594_0$HG00733#1#JAHEPQ010000019.1_46106835_46420495_0	0.0682626063235927 Allentoft
VK61 HG02559#1#JAGYVK010000012.1_51505852_51913611_0$HG03710.verkko_filt_mat.fa:haplotype1_0000029_102593394_102907063_0	0.0682621734255740 Allentoft
VK61 HG00733#1#JAHEPQ010000019.1_46106835_46420495_0$HG002.verkko_filt_mat.fa:haplotype1_0000005_138228497_138636354_1	0.0682608747809315 Allentoft
VK61 AV_HG01361#haplotype2#0001322:101872897_102186552$HG00741#2#JAHALX010000013.1_51574319_51981226_0	0.0682604419158543 Allentoft
VK61 HG02109#2#JAHEPF010000078.1_16678387_16991144_0$HG02717#2#JAHAOR010000006.1_19663827_20070693_1	0.0682587105378901 Allentoft
VK61 HG005#1#JAHEPO010000002.1_51519219_51926067_0$HG01891#1#JAGYVO010000014.1_22855818_23168577_1	0.0682587105378901 Allentoft
VK61 AV_HG02148#haplotype2#0002863:16304803_16712699$HG02293.verkko_filt_mat.fa:haplotype1_0000039_30204405_30517145_1	0.0682574120908715 Allentoft
VK61 HG03098#2#JAHEPL010000003.1_93803759_94117426_0$HG00741#2#JAHALX010000013.1_51574319_51981226_0	0.0682569792916648 Allentoft
VK61 HG03579#2#JAGYVT010000094.1_51581892_51895531_0$HG02622#1#JAHAOO010000002.1_16673678_17080663_0	0.0682561137179489 Allentoft
VK61 HG02818#2#JAHEOR010000010.1_31775319_32183091_1$HG02886#2#JAHAOT010000031.1_87393_401061_0	0.0682548154191154 Allentoft
VK61 HG01258#2#JAGYYU010000072.1_51562603_51970395_0$HG02647.verkko_filt_pat.fa:haplotype2_0000857_103738150_104051769_0	0.0682548154191154 Allentoft
VK61 HG02622#1#JAHAOO010000002.1_16673678_17080663_0$HG04228.verkko_filt_pat.fa:haplotype2_0000600_103806749_104119491_0	0.0682543826693006 Allentoft
VK61 HG02622#1#JAHAOO010000002.1_16673678_17080663_0$HG01891#1#JAGYVO010000014.1_22855818_23168577_1	0.0682539499277168 Allentoft
VK61 HG02886#2#JAHAOT010000031.1_87393_401061_0$NA19240#1#JAHEOM010000047.1_30103390_30511199_1	0.0682535171943639 Allentoft
VK61 HG005#2#JAHEPN010000023.1_51542210_51950070_0$HG03710.verkko_filt_mat.fa:haplotype1_0000029_102593394_102907063_0	0.0682535171943639 Allentoft
VK61 AV_HG01361#haplotype2#0001322:101872897_102186552$HG005#2#JAHEPN010000023.1_51542210_51950070_0	0.0682530844692415 Allentoft
VK61 HG00733#1#JAHEPQ010000019.1_46106835_46420495_0$HG02071.verkko_filt_mat.fa:haplotype1_0000041_103610513_104018399_0	0.0682513536510521 Allentoft
VK61 HG005#1#JAHEPO010000002.1_51519219_51926067_0$HG03579#2#JAGYVT010000094.1_51581892_51895531_0	0.0682513536510521 Allentoft
VK61 HG03453#2#JAGYVV010000088.1_22597550_23005370_1$HG02293.verkko_filt_mat.fa:haplotype1_0000039_30204405_30517145_1	0.0682483250360365 Allentoft
VK61 HG01258#2#JAGYYU010000072.1_51562603_51970395_0$HG02109#2#JAHEPF010000078.1_16678387_16991144_0	0.0682483250360365 Allentoft
VK61 HG02622#1#JAHAOO010000002.1_16673678_17080663_0$HG02109#2#JAHEPF010000078.1_16678387_16991144_0	0.0682478924096603 Allentoft
VK61 HG00438#2#JAHBCA010000012.1_51513023_51826723_0$HG03927.verkko_filt_mat.fa:haplotype1_0000009_134765170_135173010_1	0.0682457294011814 Allentoft
VK61 HG01978#2#JAGYVR010000007.1_51532241_51939176_0$HG00733#1#JAHEPQ010000019.1_46106835_46420495_0	0.0682448642553727 Allentoft
VK61 HG02818#2#JAHEOR010000010.1_31775319_32183091_1$HG00438#2#JAHBCA010000012.1_51513023_51826723_0	0.0682435665983489 Allentoft
VK61 HG02886#2#JAHAOT010000031.1_87393_401061_0$HG03927.verkko_filt_mat.fa:haplotype1_0000009_134765170_135173010_1	0.0682422690153461 Allentoft
VK61 HG03579#2#JAGYVT010000094.1_51581892_51895531_0$HG01258#2#JAGYYU010000072.1_51562603_51970395_0	0.0682418365041263 Allentoft
VK61 HG005#1#JAHEPO010000002.1_51519219_51926067_0$HG02109#2#JAHEPF010000078.1_16678387_16991144_0	0.0682414040011301 Allentoft
VK61 HG00438#2#JAHBCA010000012.1_51513023_51826723_0$NA19240#1#JAHEOM010000047.1_30103390_30511199_1	0.0682414040011301 Allentoft
VK61 HG03453#2#JAGYVV010000088.1_22597550_23005370_1$HG03710.verkko_filt_mat.fa:haplotype1_0000029_102593394_102907063_0	0.0682405390198071 Allentoft
VK61 HG00621#2#JAHBCC010000031.1_16669999_17077865_0$HG00733#1#JAHEPQ010000019.1_46106835_46420495_0	0.0682305940981021 Allentoft
VK61 HG01928#1#JAGYVQ010000053.1_16676493_17083407_0$HG02293.verkko_filt_mat.fa:haplotype1_0000039_30204405_30517145_1	0.0682228141480337 Allentoft
VK61 AV_HG01361#haplotype2#0001322:101872897_102186552$HG03453#2#JAGYVV010000088.1_22597550_23005370_1	0.0682219498734059 Allentoft
VK61 HG01243#1#JAHEOY010000013.1_90081_424495_0$HG02647.verkko_filt_mat.fa:haplotype1_0000002_103892584_104321036_0	0.0682208976665622 Allentoft
VK61 AV_HG01361#haplotype2#0001322:101872897_102186552$HG02818#2#JAHEOR010000010.1_31775319_32183091_1	0.0682206535230502 Allentoft
VK61 HG03098#2#JAHEPL010000003.1_93803759_94117426_0$HG03453#2#JAGYVV010000088.1_22597550_23005370_1	0.0682202214226868 Allentoft
VK61 HG02004.verkko_filt_mat.fa:haplotype1_0000022_97828542_98235483_0$HG02293.verkko_filt_mat.fa:haplotype1_0000039_30204405_30517145_1	0.0682202214226868 Allentoft
VK61 HG03492#2#JAHEPH010000288.1_2098270_2432686_1$HG02647.verkko_filt_mat.fa:haplotype1_0000002_103892584_104321036_0	0.0682201307561669 Allentoft
VK61 HG03710.verkko_filt_mat.fa:haplotype1_0000029_102593394_102907063_0$HG03927.verkko_filt_mat.fa:haplotype1_0000009_134765170_135173010_1	0.0682180610440220 Allentoft
VK61 HG03516#1#JAGYYT010000012.1_24170958_24578778_1$HG002.verkko_filt_pat.fa:haplotype2_0000649_147937390_148315979_1	0.0682166843680457 Allentoft
VK61 AV_HG01361#haplotype2#0001322:101872897_102186552$NA19240#1#JAHEOM010000047.1_30103390_30511199_1	0.0682141728795825 Allentoft
VK61 AV_HG01175#haplotype1#0000070:46006269_46414083$HG00733#1#JAHEPQ010000019.1_46106835_46420495_0	0.0682124450198877 Allentoft
VK61 AV_HG00673#haplotype2#0001165:24014011_24421797$AV_HG01361#haplotype2#0001322:101872897_102186552	0.0682107172914860 Allentoft
VK61 NA19240#1#JAHEOM010000047.1_30103390_30511199_1$HG03710.verkko_filt_mat.fa:haplotype1_0000029_102593394_102907063_0	0.0682094215813356 Allentoft
VK61 HG00741#2#JAHALX010000013.1_51574319_51981226_0$HG02647.verkko_filt_pat.fa:haplotype2_0000857_103738150_104051769_0	0.0682072622284949 Allentoft
VK61 AV_HG02148#haplotype2#0002863:16304803_16712699$HG00733#1#JAHEPQ010000019.1_46106835_46420495_0	0.0682051030807215 Allentoft
VK61 HG02723#1#JAHEOU010000204.1_2102082_2414876_1$HG00741#2#JAHALX010000013.1_51574319_51981226_0	0.0682046712757721 Allentoft
VK61 HG00741#2#JAHALX010000013.1_51574319_51981226_0$HG04228.verkko_filt_pat.fa:haplotype2_0000600_103806749_104119491_0	0.0682020806182903 Allentoft
VK61 HG02818#2#JAHEOR010000010.1_31775319_32183091_1$HG03710.verkko_filt_mat.fa:haplotype1_0000029_102593394_102907063_0	0.0682012171313957 Allentoft
VK61 HG00741#2#JAHALX010000013.1_51574319_51981226_0$HG01891#1#JAGYVO010000014.1_22855818_23168577_1	0.0681990585576384 Allentoft
VK61 HG03098#2#JAHEPL010000003.1_93803759_94117426_0$HG03927.verkko_filt_mat.fa:haplotype1_0000009_134765170_135173010_1	0.0681969001888253 Allentoft
VK61 HG00438#2#JAHBCA010000012.1_51513023_51826723_0$HG02300.verkko_filt_pat.fa:haplotype2_0000620_143362344_143769323_1	0.0681969001888253 Allentoft
VK61 HG03579#2#JAGYVT010000094.1_51581892_51895531_0$HG00741#2#JAHALX010000013.1_51574319_51981226_0	0.0681943104167300 Allentoft
VK61 HG00733#1#JAHEPQ010000019.1_46106835_46420495_0$HG02004.verkko_filt_mat.fa:haplotype1_0000022_97828542_98235483_0	0.0681930156413171 Allentoft
VK61 HG03486#1#JAHEOQ010000123.1_16677696_17085575_0$HG00733#1#JAHEPQ010000019.1_46106835_46420495_0	0.0681921524986797 Allentoft
VK61 AV_HG01361#haplotype2#0001322:101872897_102186552$HG03927.verkko_filt_mat.fa:haplotype1_0000009_134765170_135173010_1	0.0681908578461749 Allentoft
VK61 HG01928#1#JAGYVQ010000053.1_16676493_17083407_0$HG00733#1#JAHEPQ010000019.1_46106835_46420495_0	0.0681887002558537 Allentoft
VK61 chr1_hg19_103998686_104406594_0$HG00438#2#JAHBCA010000012.1_51513023_51826723_0	0.0681852485372862 Allentoft
VK61 HG00438#2#JAHBCA010000012.1_51513023_51826723_0$chr1_hg38_103456064_103863972_0	0.0681852485372862 Allentoft
VK61 HG00438#2#JAHBCA010000012.1_51513023_51826723_0$HG01978#2#JAGYVR010000007.1_51532241_51939176_0	0.0681822287134913 Allentoft
VK61 HG03453#2#JAGYVV010000088.1_22597550_23005370_1$HG00733#1#JAHEPQ010000019.1_46106835_46420495_0	0.0681813659803855 Allentoft
VK61 HG005#2#JAHEPN010000023.1_51542210_51950070_0$HG00733#1#JAHEPQ010000019.1_46106835_46420495_0	0.0681770528060434 Allentoft
VK61 HG00438#2#JAHBCA010000012.1_51513023_51826723_0$HG002.verkko_filt_mat.fa:haplotype1_0000005_138228497_138636354_1	0.0681740340709998 Allentoft
VK61 HG00741#2#JAHALX010000013.1_51574319_51981226_0$HG02109#2#JAHEPF010000078.1_16678387_16991144_0	0.0681731716489216 Allentoft
VK61 HG01243#1#JAHEOY010000013.1_90081_424495_0$HG03098#1#JAHEPM010000059.1_16676208_17105596_0	0.0681722501198088 Allentoft
VK61 HG03492#2#JAHEPH010000288.1_2098270_2432686_1$HG03098#1#JAHEPM010000059.1_16676208_17105596_0	0.0681699543842467 Allentoft
VK61 HG01243#1#JAHEOY010000013.1_90081_424495_0$HG02055#2#JAHEPJ010000017.1_24870122_25298560_1	0.0681691891905979 Allentoft
VK61 HG03098#2#JAHEPL010000003.1_93803759_94117426_0$HG03516#2#JAGYYS010000004.1_24452130_24859892_1	0.0681671356106663 Allentoft
VK61 HG03492#2#JAHEPH010000288.1_2098270_2432686_1$HG02055#2#JAHEPJ010000017.1_24870122_25298560_1	0.0681645985697578 Allentoft
VK61 HG03098#2#JAHEPL010000003.1_93803759_94117426_0$HG03579#1#JAGYVU010000029.1_91404_499180_0	0.0681593773453888 Allentoft
VK61 HG02723#1#JAHEOU010000204.1_2102082_2414876_1$HG02622#1#JAHAOO010000002.1_16673678_17080663_0	0.0681567918455613 Allentoft
VK61 HG00438#2#JAHBCA010000012.1_51513023_51826723_0$HG02071.verkko_filt_mat.fa:haplotype1_0000041_103610513_104018399_0	0.0681507601566689 Allentoft
VK61 HG02886#1#JAHAOU010000178.1_62411_469262_0$HG00733#1#JAHEPQ010000019.1_46106835_46420495_0	0.0681493282107834 Allentoft
VK61 HG01928#1#JAGYVQ010000053.1_16676493_17083407_0$HG00438#2#JAHBCA010000012.1_51513023_51826723_0	0.0681331051325903 Allentoft
VK61 AV_HG01175#haplotype1#0000070:46006269_46414083$HG00438#2#JAHBCA010000012.1_51513023_51826723_0	0.0681318138402170 Allentoft
VK61 HG02559#1#JAGYVK010000012.1_51505852_51913611_0$HG03098#2#JAHEPL010000003.1_93803759_94117426_0	0.0681270797295840 Allentoft
VK61 HG03492#2#JAHEPH010000288.1_2098270_2432686_1$HG02809.verkko_filt_mat.fa:haplotype1_0000023_94161320_94589755_0	0.0681259975610439 Allentoft
VK61 HG01243#1#JAHEOY010000013.1_90081_424495_0$HG02809.verkko_filt_mat.fa:haplotype1_0000023_94161320_94589755_0	0.0681259975610439 Allentoft
VK61 HG00438#2#JAHBCA010000012.1_51513023_51826723_0$HG02004.verkko_filt_mat.fa:haplotype1_0000022_97828542_98235483_0	0.0681219163705793 Allentoft
VK61 HG01123#2#JAGYYY010000006.1_51579630_51892388_0$NA19240#2#JAHEOL010000010.1_37445323_37853017_0	0.0681174164414754 Allentoft
VK61 HG00438#2#JAHBCA010000012.1_51513023_51826723_0$HG005#2#JAHEPN010000023.1_51542210_51950070_0	0.0681060034010440 Allentoft
VK61 HG03486#1#JAHEOQ010000123.1_16677696_17085575_0$HG00438#2#JAHBCA010000012.1_51513023_51826723_0	0.0681055734755426 Allentoft
VK61 HG02886#1#JAHAOU010000178.1_62411_469262_0$HG02293.verkko_filt_mat.fa:haplotype1_0000039_30204405_30517145_1	0.0680955849152647 Allentoft
VK61 AV_HG02148#haplotype2#0002863:16304803_16712699$HG00438#2#JAHBCA010000012.1_51513023_51826723_0	0.0680926794952539 Allentoft
VK61 HG00621#2#JAHBCC010000031.1_16669999_17077865_0$HG00438#2#JAHBCA010000012.1_51513023_51826723_0	0.0680879535370712 Allentoft
VK61 HG03098#2#JAHEPL010000003.1_93803759_94117426_0$NA19240#1#JAHEOM010000047.1_30103390_30511199_1	0.0680780751670440 Allentoft
VK61 HG01358#1#JAGYZB010000020.1_27445742_27855492_1$HG002.verkko_filt_pat.fa:haplotype2_0000649_147937390_148315979_1	0.0680709874423490 Allentoft
VK61 HG02818#2#JAHEOR010000010.1_31775319_32183091_1$HG03098#2#JAHEPL010000003.1_93803759_94117426_0	0.0680656259570195 Allentoft
VK61 HG00438#2#JAHBCA010000012.1_51513023_51826723_0$HG03453#2#JAGYVV010000088.1_22597550_23005370_1	0.0680647676425366 Allentoft
VK61 HG02723#1#JAHEOU010000204.1_2102082_2414876_1$NA19240#2#JAHEOL010000010.1_37445323_37853017_0	0.0680232544957894 Allentoft
VK61 NA19240#2#JAHEOL010000010.1_37445323_37853017_0$HG04228.verkko_filt_pat.fa:haplotype2_0000600_103806749_104119491_0	0.0680223844496224 Allentoft
VK61 HG02886#1#JAHAOU010000178.1_62411_469262_0$HG02886#2#JAHAOT010000031.1_87393_401061_0	0.0680171648736080 Allentoft
VK61 HG02886#1#JAHAOU010000178.1_62411_469262_0$HG00438#2#JAHBCA010000012.1_51513023_51826723_0	0.0680136858237157 Allentoft
VK61 HG01109#1#JAHEPA010000099.1_2104245_2511104_1$HG002.verkko_filt_pat.fa:haplotype2_0000649_147937390_148315979_1	0.0680120290720978 Allentoft
VK61 NA19240#2#JAHEOL010000010.1_37445323_37853017_0$HG01891#1#JAGYVO010000014.1_22855818_23168577_1	0.0680097725306395 Allentoft
VK61 AV_HG01361#haplotype2#0001322:101872897_102186552$HG02886#1#JAHAOU010000178.1_62411_469262_0	0.0680045558571233 Allentoft
VK61 HG01123#2#JAGYYY010000006.1_51579630_51892388_0$HG02886#1#JAHAOU010000178.1_62411_469262_0	0.0680015133518825 Allentoft
VK61 HG02109#2#JAHEPF010000078.1_16678387_16991144_0$NA19240#2#JAHEOL010000010.1_37445323_37853017_0	0.0679906505943712 Allentoft
VK61 HG01123#2#JAGYYY010000006.1_51579630_51892388_0$HG03516#1#JAGYYT010000012.1_24170958_24578778_1	0.0679871756112687 Allentoft
VK61 HG02886#1#JAHAOU010000178.1_62411_469262_0$HG03710.verkko_filt_mat.fa:haplotype1_0000029_102593394_102907063_0	0.0679823983793750 Allentoft
VK61 NA19240#2#JAHEOL010000010.1_37445323_37853017_0$HG02647.verkko_filt_pat.fa:haplotype2_0000857_103738150_104051769_0	0.0679806614538039 Allentoft
VK61 HG03579#2#JAGYVT010000094.1_51581892_51895531_0$NA19240#2#JAHEOL010000010.1_37445323_37853017_0	0.0679685067014002 Allentoft
VK61 HG02886#1#JAHAOU010000178.1_62411_469262_0$HG04228.verkko_filt_pat.fa:haplotype2_0000600_103806749_104119491_0	0.0679502867910565 Allentoft
VK61 HG03098#2#JAHEPL010000003.1_93803759_94117426_0$HG02886#1#JAHAOU010000178.1_62411_469262_0	0.0679429162299235 Allentoft
VK61 HG00733#1#JAHEPQ010000019.1_46106835_46420495_0$NA19240#2#JAHEOL010000010.1_37445323_37853017_0	0.0679316482447849 Allentoft
VK61 NA19240#2#JAHEOL010000010.1_37445323_37853017_0$HG02293.verkko_filt_mat.fa:haplotype1_0000039_30204405_30517145_1	0.0679121592041583 Allentoft
VK61 HG02886#1#JAHAOU010000178.1_62411_469262_0$HG02647.verkko_filt_pat.fa:haplotype2_0000857_103738150_104051769_0	0.0679035027908306 Allentoft
VK61 HG02723#1#JAHEOU010000204.1_2102082_2414876_1$HG02886#1#JAHAOU010000178.1_62411_469262_0	0.0679000411522277 Allentoft
VK61 HG03579#2#JAGYVT010000094.1_51581892_51895531_0$HG02886#1#JAHAOU010000178.1_62411_469262_0	0.0678905243751583 Allentoft
VK61 HG02886#1#JAHAOU010000178.1_62411_469262_0$HG01891#1#JAGYVO010000014.1_22855818_23168577_1	0.0678814439107330 Allentoft
VK61 HG02723#1#JAHEOU010000204.1_2102082_2414876_1$HG03516#1#JAGYYT010000012.1_24170958_24578778_1	0.0678753922916025 Allentoft
VK61 HG03516#1#JAGYYT010000012.1_24170958_24578778_1$HG04228.verkko_filt_pat.fa:haplotype2_0000600_103806749_104119491_0	0.0678727992359602 Allentoft
VK61 HG03516#1#JAGYYT010000012.1_24170958_24578778_1$HG01891#1#JAGYVO010000014.1_22855818_23168577_1	0.0678637258810236 Allentoft
VK61 HG00438#2#JAHBCA010000012.1_51513023_51826723_0$NA19240#2#JAHEOL010000010.1_37445323_37853017_0	0.0678637258810236 Allentoft
VK61 HG03516#1#JAGYYT010000012.1_24170958_24578778_1$HG02647.verkko_filt_pat.fa:haplotype2_0000857_103738150_104051769_0	0.0678546561639403 Allentoft
VK61 HG03516#1#JAGYYT010000012.1_24170958_24578778_1$HG02109#2#JAHEPF010000078.1_16678387_16991144_0	0.0678499068107796 Allentoft
VK61 HG01358#1#JAGYZB010000020.1_27445742_27855492_1$HG00733#1#JAHEPQ010000019.1_46106835_46420495_0	0.0678401519730036 Allentoft
VK61 HG03579#2#JAGYVT010000094.1_51581892_51895531_0$HG03516#1#JAGYYT010000012.1_24170958_24578778_1	0.0678399795667855 Allentoft
VK61 HG02886#1#JAHAOU010000178.1_62411_469262_0$HG02109#2#JAHEPF010000078.1_16678387_16991144_0	0.0678330762273304 Allentoft
VK61 HG03516#1#JAGYYT010000012.1_24170958_24578778_1$HG00733#1#JAHEPQ010000019.1_46106835_46420495_0	0.0678291940248857 Allentoft
VK61 HG01109#1#JAHEPA010000099.1_2104245_2511104_1$HG02886#2#JAHAOT010000031.1_87393_401061_0	0.0678175514156622 Allentoft
VK61 HG03098#2#JAHEPL010000003.1_93803759_94117426_0$NA19240#2#JAHEOL010000010.1_37445323_37853017_0	0.0678054839288509 Allentoft
VK61 HG01109#1#JAHEPA010000099.1_2104245_2511104_1$HG00733#1#JAHEPQ010000019.1_46106835_46420495_0	0.0678041913658766 Allentoft
VK61 HG03516#1#JAGYYT010000012.1_24170958_24578778_1$HG02293.verkko_filt_mat.fa:haplotype1_0000039_30204405_30517145_1	0.0677830899622050 Allentoft
VK61 NA19240#2#JAHEOL010000010.1_37445323_37853017_0$HG03710.verkko_filt_mat.fa:haplotype1_0000029_102593394_102907063_0	0.0677826595264232 Allentoft
VK61 HG01358#1#JAGYZB010000020.1_27445742_27855492_1$HG02293.verkko_filt_mat.fa:haplotype1_0000039_30204405_30517145_1	0.0677659139695741 Allentoft
VK61 HG01109#1#JAHEPA010000099.1_2104245_2511104_1$HG03710.verkko_filt_mat.fa:haplotype1_0000029_102593394_102907063_0	0.0677641585415087 Allentoft
VK61 HG02886#2#JAHAOT010000031.1_87393_401061_0$NA19240#2#JAHEOL010000010.1_37445323_37853017_0	0.0677577082727295 Allentoft
VK61 AV_HG01361#haplotype2#0001322:101872897_102186552$HG01109#1#JAHEPA010000099.1_2104245_2511104_1	0.0677534091167060 Allentoft
VK61 HG01109#1#JAHEPA010000099.1_2104245_2511104_1$HG03098#2#JAHEPL010000003.1_93803759_94117426_0	0.0677491107789095 Allentoft
VK61 HG02886#2#JAHAOT010000031.1_87393_401061_0$HG01358#1#JAGYZB010000020.1_27445742_27855492_1	0.0677413630951497 Allentoft
VK61 HG00438#2#JAHBCA010000012.1_51513023_51826723_0$HG01358#1#JAGYZB010000020.1_27445742_27855492_1	0.0677413630951497 Allentoft
VK61 HG01109#1#JAHEPA010000099.1_2104245_2511104_1$HG02293.verkko_filt_mat.fa:haplotype1_0000039_30204405_30517145_1	0.0677297783774299 Allentoft
VK61 HG00438#2#JAHBCA010000012.1_51513023_51826723_0$HG03516#1#JAGYYT010000012.1_24170958_24578778_1	0.0677246258648034 Allentoft
VK61 HG03492#1#JAHEPI010000180.1_2103395_2543326_1$HG02647.verkko_filt_mat.fa:haplotype1_0000002_103892584_104321036_0	0.0677179434282901 Allentoft
VK61 HG01123#2#JAGYYY010000006.1_51579630_51892388_0$HG01358#1#JAGYZB010000020.1_27445742_27855492_1	0.0677126132643008 Allentoft
VK61 AV_HG01361#haplotype2#0001322:101872897_102186552$NA19240#2#JAHEOL010000010.1_37445323_37853017_0	0.0677126079069160 Allentoft
VK61 HG01109#1#JAHEPA010000099.1_2104245_2511104_1$HG02647.verkko_filt_pat.fa:haplotype2_0000857_103738150_104051769_0	0.0677048854544751 Allentoft
VK61 HG01109#1#JAHEPA010000099.1_2104245_2511104_1$HG00438#2#JAHBCA010000012.1_51513023_51826723_0	0.0676988809289287 Allentoft
VK61 HG01109#1#JAHEPA010000099.1_2104245_2511104_1$HG03579#2#JAGYVT010000094.1_51581892_51895531_0	0.0676928780006644 Allentoft
VK61 HG01109#1#JAHEPA010000099.1_2104245_2511104_1$HG01891#1#JAGYVO010000014.1_22855818_23168577_1	0.0676890198184850 Allentoft
VK61 HG01109#1#JAHEPA010000099.1_2104245_2511104_1$HG01123#2#JAGYYY010000006.1_51579630_51892388_0	0.0676774492289188 Allentoft
VK61 HG03516#1#JAGYYT010000012.1_24170958_24578778_1$HG03710.verkko_filt_mat.fa:haplotype1_0000029_102593394_102907063_0	0.0676765923842311 Allentoft
VK61 AV_HG01361#haplotype2#0001322:101872897_102186552$HG01358#1#JAGYZB010000020.1_27445742_27855492_1	0.0676758837120732 Allentoft
VK61 HG01358#1#JAGYZB010000020.1_27445742_27855492_1$HG03710.verkko_filt_mat.fa:haplotype1_0000029_102593394_102907063_0	0.0676712440007534 Allentoft
VK61 HG03492#1#JAHEPI010000180.1_2103395_2543326_1$HG02055#2#JAHEPJ010000017.1_24870122_25298560_1	0.0676649933128600 Allentoft
VK61 HG01109#1#JAHEPA010000099.1_2104245_2511104_1$HG02109#2#JAHEPF010000078.1_16678387_16991144_0	0.0676641717923471 Allentoft
VK61 HG03098#2#JAHEPL010000003.1_93803759_94117426_0$HG03516#1#JAGYYT010000012.1_24170958_24578778_1	0.0676624591438840 Allentoft
VK61 HG03098#2#JAHEPL010000003.1_93803759_94117426_0$HG01358#1#JAGYZB010000020.1_27445742_27855492_1	0.0676404773503789 Allentoft
VK61 HG02723#1#JAHEOU010000204.1_2102082_2414876_1$HG01109#1#JAHEPA010000099.1_2104245_2511104_1	0.0676397788219967 Allentoft
VK61 HG02630#2#JAHAOP010000089.1_16669255_17076135_0$HG002.verkko_filt_pat.fa:haplotype2_0000649_147937390_148315979_1	0.0676393018387573 Allentoft
VK61 HG01358#1#JAGYZB010000020.1_27445742_27855492_1$HG04228.verkko_filt_pat.fa:haplotype2_0000600_103806749_104119491_0	0.0676282666237753 Allentoft
VK61 HG02886#2#JAHAOT010000031.1_87393_401061_0$HG03516#1#JAGYYT010000012.1_24170958_24578778_1	0.0676269510081883 Allentoft
VK61 HG01358#1#JAGYZB010000020.1_27445742_27855492_1$HG02647.verkko_filt_pat.fa:haplotype2_0000857_103738150_104051769_0	0.0676232158433189 Allentoft
VK61 HG03579#2#JAGYVT010000094.1_51581892_51895531_0$HG01358#1#JAGYZB010000020.1_27445742_27855492_1	0.0676164832293768 Allentoft
VK61 HG03492#1#JAHEPI010000180.1_2103395_2543326_1$HG03098#1#JAHEPM010000059.1_16676208_17105596_0	0.0676119123136625 Allentoft
VK61 HG02723#1#JAHEOU010000204.1_2102082_2414876_1$HG01358#1#JAGYZB010000020.1_27445742_27855492_1	0.0676072291677893 Allentoft
VK61 HG03492#1#JAHEPI010000180.1_2103395_2543326_1$HG02809.verkko_filt_mat.fa:haplotype1_0000023_94161320_94589755_0	0.0676065601143708 Allentoft
VK61 HG01109#1#JAHEPA010000099.1_2104245_2511104_1$HG04228.verkko_filt_pat.fa:haplotype2_0000600_103806749_104119491_0	0.0675979016292672 Allentoft
VK61 HG01358#1#JAGYZB010000020.1_27445742_27855492_1$HG01891#1#JAGYVO010000014.1_22855818_23168577_1	0.0675958771016917 Allentoft
VK61 AV_HG01361#haplotype2#0001322:101872897_102186552$HG03516#1#JAGYYT010000012.1_24170958_24578778_1	0.0675727273286645 Allentoft
VK61 HG02109#2#JAHEPF010000078.1_16678387_16991144_0$HG01358#1#JAGYZB010000020.1_27445742_27855492_1	0.0674768155653321 Allentoft
VK61 HG02630#2#JAHAOP010000089.1_16669255_17076135_0$HG00733#1#JAHEPQ010000019.1_46106835_46420495_0	0.0673762602979674 Allentoft
VK61 HG02630#2#JAHAOP010000089.1_16669255_17076135_0$HG02293.verkko_filt_mat.fa:haplotype1_0000039_30204405_30517145_1	0.0673243669124456 Allentoft
VK61 HG02630#2#JAHAOP010000089.1_16669255_17076135_0$HG02886#2#JAHAOT010000031.1_87393_401061_0	0.0673046702817287 Allentoft
VK61 HG02630#2#JAHAOP010000089.1_16669255_17076135_0$HG00438#2#JAHBCA010000012.1_51513023_51826723_0	0.0672824253286978 Allentoft
VK61 AV_HG01361#haplotype2#0001322:101872897_102186552$HG02630#2#JAHAOP010000089.1_16669255_17076135_0	0.0672461108326359 Allentoft
VK61 HG01123#2#JAGYYY010000006.1_51579630_51892388_0$HG02630#2#JAHAOP010000089.1_16669255_17076135_0	0.0672456839531573 Allentoft
VK61 HG02630#2#JAHAOP010000089.1_16669255_17076135_0$HG03710.verkko_filt_mat.fa:haplotype1_0000029_102593394_102907063_0	0.0672294685545053 Allentoft
VK61 HG02630#2#JAHAOP010000089.1_16669255_17076135_0$HG04228.verkko_filt_pat.fa:haplotype2_0000600_103806749_104119491_0	0.0672047413357444 Allentoft
VK61 HG02630#2#JAHAOP010000089.1_16669255_17076135_0$HG03098#2#JAHEPL010000003.1_93803759_94117426_0	0.0671889813226652 Allentoft
VK61 HG02630#2#JAHAOP010000089.1_16669255_17076135_0$HG02647.verkko_filt_pat.fa:haplotype2_0000857_103738150_104051769_0	0.0671860009456244 Allentoft
VK61 HG03579#2#JAGYVT010000094.1_51581892_51895531_0$HG02630#2#JAHAOP010000089.1_16669255_17076135_0	0.0671740834023479 Allentoft
VK61 HG02630#2#JAHAOP010000089.1_16669255_17076135_0$HG01891#1#JAGYVO010000014.1_22855818_23168577_1	0.0671668508444132 Allentoft
VK61 HG02723#1#JAHEOU010000204.1_2102082_2414876_1$HG02630#2#JAHAOP010000089.1_16669255_17076135_0	0.0671477171089972 Allentoft
VK61 HG02630#2#JAHAOP010000089.1_16669255_17076135_0$HG02109#2#JAHEPF010000078.1_16678387_16991144_0	0.0671311477584047 Allentoft
VK61 HG02723#2#JAHEOT010000034.1_19776337_20321518_1$HG02145#1#JAHKSG010000134.1_2102465_2647653_1	0.0660664831199141 Allentoft
VK61 HG02723#2#JAHEOT010000034.1_19776337_20321518_1$HG02647.verkko_filt_mat.fa:haplotype1_0000002_103892584_104321036_0	0.0646935831250483 Allentoft
VK61 HG02723#2#JAHEOT010000034.1_19776337_20321518_1$HG02055#2#JAHEPJ010000017.1_24870122_25298560_1	0.0646577235307134 Allentoft
VK61 HG02723#2#JAHEOT010000034.1_19776337_20321518_1$HG02809.verkko_filt_mat.fa:haplotype1_0000023_94161320_94589755_0	0.0646319340978611 Allentoft
VK61 HG02723#2#JAHEOT010000034.1_19776337_20321518_1$HG03098#1#JAHEPM010000059.1_16676208_17105596_0	0.0645887734616417 Allentoft
VK61 HG03492#1#JAHEPI010000180.1_2103395_2543326_1$HG002.verkko_filt_pat.fa:haplotype2_0000649_147937390_148315979_1	0.0644889252139001 Allentoft
VK61 HG02145#1#JAHKSG010000134.1_2102465_2647653_1$HG02647.verkko_filt_mat.fa:haplotype1_0000002_103892584_104321036_0	0.0644888918091995 Allentoft
VK61 HG02055#2#JAHEPJ010000017.1_24870122_25298560_1$HG02145#1#JAHKSG010000134.1_2102465_2647653_1	0.0644500615340764 Allentoft
VK61 HG02145#1#JAHKSG010000134.1_2102465_2647653_1$HG02809.verkko_filt_mat.fa:haplotype1_0000023_94161320_94589755_0	0.0644094660745537 Allentoft
VK61 HG03098#1#JAHEPM010000059.1_16676208_17105596_0$HG02145#1#JAHKSG010000134.1_2102465_2647653_1	0.0643685808913545 Allentoft
VK61 HG03492#1#JAHEPI010000180.1_2103395_2543326_1$HG00733#1#JAHEPQ010000019.1_46106835_46420495_0	0.0640747453164691 Allentoft
VK61 HG03492#1#JAHEPI010000180.1_2103395_2543326_1$HG02293.verkko_filt_mat.fa:haplotype1_0000039_30204405_30517145_1	0.0640328985365716 Allentoft
VK61 HG01123#2#JAGYYY010000006.1_51579630_51892388_0$HG03492#1#JAHEPI010000180.1_2103395_2543326_1	0.0640100426529959 Allentoft
VK61 HG02723#2#JAHEOT010000034.1_19776337_20321518_1$HG002.verkko_filt_pat.fa:haplotype2_0000649_147937390_148315979_1	0.0639970512695615 Allentoft
VK61 HG00438#2#JAHBCA010000012.1_51513023_51826723_0$HG03492#1#JAHEPI010000180.1_2103395_2543326_1	0.0639636918871804 Allentoft
VK61 HG03492#1#JAHEPI010000180.1_2103395_2543326_1$HG02886#2#JAHAOT010000031.1_87393_401061_0	0.0639629795847267 Allentoft
VK61 HG01243#1#JAHEOY010000013.1_90081_424495_0$HG002.verkko_filt_pat.fa:haplotype2_0000649_147937390_148315979_1	0.0639612699252445 Allentoft
VK61 HG03492#2#JAHEPH010000288.1_2098270_2432686_1$HG002.verkko_filt_pat.fa:haplotype2_0000649_147937390_148315979_1	0.0639588832364813 Allentoft
VK61 HG03492#1#JAHEPI010000180.1_2103395_2543326_1$HG04228.verkko_filt_pat.fa:haplotype2_0000600_103806749_104119491_0	0.0639337956574228 Allentoft
VK61 HG03492#1#JAHEPI010000180.1_2103395_2543326_1$HG03710.verkko_filt_mat.fa:haplotype1_0000029_102593394_102907063_0	0.0639281058888505 Allentoft
VK61 HG03098#2#JAHEPL010000003.1_93803759_94117426_0$HG03492#1#JAHEPI010000180.1_2103395_2543326_1	0.0639092693749357 Allentoft
VK61 HG02723#1#JAHEOU010000204.1_2102082_2414876_1$HG03492#1#JAHEPI010000180.1_2103395_2543326_1	0.0639039413084499 Allentoft
VK61 HG03492#1#JAHEPI010000180.1_2103395_2543326_1$HG01891#1#JAGYVO010000014.1_22855818_23168577_1	0.0639014553334230 Allentoft
VK61 HG03492#1#JAHEPI010000180.1_2103395_2543326_1$HG02109#2#JAHEPF010000078.1_16678387_16991144_0	0.0638936441574250 Allentoft
VK61 AV_HG01361#haplotype2#0001322:101872897_102186552$HG03492#1#JAHEPI010000180.1_2103395_2543326_1	0.0638922242513356 Allentoft
VK61 HG03492#1#JAHEPI010000180.1_2103395_2543326_1$HG02647.verkko_filt_pat.fa:haplotype2_0000857_103738150_104051769_0	0.0638861907063718 Allentoft
VK61 HG03579#2#JAGYVT010000094.1_51581892_51895531_0$HG03492#1#JAHEPI010000180.1_2103395_2543326_1	0.0638776756697532 Allentoft
VK61 HG02145#1#JAHKSG010000134.1_2102465_2647653_1$HG002.verkko_filt_pat.fa:haplotype2_0000649_147937390_148315979_1	0.0637836747482972 Allentoft
VK61 HG02723#2#JAHEOT010000034.1_19776337_20321518_1$HG00733#1#JAHEPQ010000019.1_46106835_46420495_0	0.0622169510367254 Allentoft
VK61 HG01123#2#JAGYYY010000006.1_51579630_51892388_0$HG02723#2#JAHEOT010000034.1_19776337_20321518_1	0.0622062992953124 Allentoft
VK61 HG02723#2#JAHEOT010000034.1_19776337_20321518_1$HG02293.verkko_filt_mat.fa:haplotype1_0000039_30204405_30517145_1	0.0621922785166904 Allentoft
VK61 HG02723#2#JAHEOT010000034.1_19776337_20321518_1$HG00438#2#JAHBCA010000012.1_51513023_51826723_0	0.0621741175355712 Allentoft
VK61 HG02723#2#JAHEOT010000034.1_19776337_20321518_1$HG02886#2#JAHAOT010000031.1_87393_401061_0	0.0621621918356352 Allentoft
VK61 HG02723#2#JAHEOT010000034.1_19776337_20321518_1$HG04228.verkko_filt_pat.fa:haplotype2_0000600_103806749_104119491_0	0.0621528634645132 Allentoft
VK61 HG02723#1#JAHEOU010000204.1_2102082_2414876_1$HG02723#2#JAHEOT010000034.1_19776337_20321518_1	0.0621523453448012 Allentoft
VK61 HG02723#2#JAHEOT010000034.1_19776337_20321518_1$HG01891#1#JAGYVO010000014.1_22855818_23168577_1	0.0621500139664357 Allentoft
VK61 HG02723#2#JAHEOT010000034.1_19776337_20321518_1$HG02647.verkko_filt_pat.fa:haplotype2_0000857_103738150_104051769_0	0.0621419856708684 Allentoft
VK61 HG03579#2#JAGYVT010000094.1_51581892_51895531_0$HG02723#2#JAHEOT010000034.1_19776337_20321518_1	0.0621362900578533 Allentoft
VK61 AV_HG01361#haplotype2#0001322:101872897_102186552$HG02723#2#JAHEOT010000034.1_19776337_20321518_1	0.0621065430035906 Allentoft
VK61 HG03098#2#JAHEPL010000003.1_93803759_94117426_0$HG02723#2#JAHEOT010000034.1_19776337_20321518_1	0.0621024076676334 Allentoft
VK61 HG02723#2#JAHEOT010000034.1_19776337_20321518_1$HG02109#2#JAHEPF010000078.1_16678387_16991144_0	0.0621024076676334 Allentoft
VK61 HG02723#2#JAHEOT010000034.1_19776337_20321518_1$HG03710.verkko_filt_mat.fa:haplotype1_0000029_102593394_102907063_0	0.0620949144761964 Allentoft
VK61 HG02145#1#JAHKSG010000134.1_2102465_2647653_1$HG00733#1#JAHEPQ010000019.1_46106835_46420495_0	0.0619915790002471 Allentoft
VK61 HG01123#2#JAGYYY010000006.1_51579630_51892388_0$HG02145#1#JAHKSG010000134.1_2102465_2647653_1	0.0619887516266851 Allentoft
VK61 HG02145#1#JAHKSG010000134.1_2102465_2647653_1$HG02293.verkko_filt_mat.fa:haplotype1_0000039_30204405_30517145_1	0.0619646062021202 Allentoft
VK61 HG00438#2#JAHBCA010000012.1_51513023_51826723_0$HG02145#1#JAHKSG010000134.1_2102465_2647653_1	0.0619394633298325 Allentoft
VK61 HG02886#2#JAHAOT010000031.1_87393_401061_0$HG02145#1#JAHKSG010000134.1_2102465_2647653_1	0.0619353612767419 Allentoft
VK61 HG02145#1#JAHKSG010000134.1_2102465_2647653_1$HG04228.verkko_filt_pat.fa:haplotype2_0000600_103806749_104119491_0	0.0619235724123580 Allentoft
VK61 HG02145#1#JAHKSG010000134.1_2102465_2647653_1$HG01891#1#JAGYVO010000014.1_22855818_23168577_1	0.0619192173614319 Allentoft
VK61 HG02723#1#JAHEOU010000204.1_2102082_2414876_1$HG02145#1#JAHKSG010000134.1_2102465_2647653_1	0.0619153754324129 Allentoft
VK61 HG02145#1#JAHKSG010000134.1_2102465_2647653_1$HG02647.verkko_filt_pat.fa:haplotype2_0000857_103738150_104051769_0	0.0619143510387822 Allentoft
VK61 HG03579#2#JAGYVT010000094.1_51581892_51895531_0$HG02145#1#JAHKSG010000134.1_2102465_2647653_1	0.0619082057445803 Allentoft
VK61 HG03492#2#JAHEPH010000288.1_2098270_2432686_1$HG00733#1#JAHEPQ010000019.1_46106835_46420495_0	0.0619051776217963 Allentoft
VK61 HG01243#1#JAHEOY010000013.1_90081_424495_0$HG00733#1#JAHEPQ010000019.1_46106835_46420495_0	0.0619041078657524 Allentoft
VK61 AV_HG01361#haplotype2#0001322:101872897_102186552$HG02145#1#JAHKSG010000134.1_2102465_2647653_1	0.0618716279275285 Allentoft
VK61 HG02145#1#JAHKSG010000134.1_2102465_2647653_1$HG02109#2#JAHEPF010000078.1_16678387_16991144_0	0.0618706057037434 Allentoft
VK61 HG03098#2#JAHEPL010000003.1_93803759_94117426_0$HG02145#1#JAHKSG010000134.1_2102465_2647653_1	0.0618639624839103 Allentoft
VK61 HG02145#1#JAHKSG010000134.1_2102465_2647653_1$HG03710.verkko_filt_mat.fa:haplotype1_0000029_102593394_102907063_0	0.0618616634063376 Allentoft
VK61 HG01243#1#JAHEOY010000013.1_90081_424495_0$HG02293.verkko_filt_mat.fa:haplotype1_0000039_30204405_30517145_1	0.0618235010916746 Allentoft
VK61 HG03492#2#JAHEPH010000288.1_2098270_2432686_1$HG02293.verkko_filt_mat.fa:haplotype1_0000039_30204405_30517145_1	0.0618203046745853 Allentoft
VK61 HG03098#1#JAHEPM010000059.1_16676208_17105596_0$HG02647.verkko_filt_mat.fa:haplotype1_0000002_103892584_104321036_0	0.0618131870703510 Allentoft
VK61 HG02055#2#JAHEPJ010000017.1_24870122_25298560_1$HG02647.verkko_filt_mat.fa:haplotype1_0000002_103892584_104321036_0	0.0618080909248553 Allentoft
VK61 HG03492#2#JAHEPH010000288.1_2098270_2432686_1$HG02886#2#JAHAOT010000031.1_87393_401061_0	0.0617958152702000 Allentoft
VK61 HG02886#2#JAHAOT010000031.1_87393_401061_0$HG01243#1#JAHEOY010000013.1_90081_424495_0	0.0617947511735764 Allentoft
VK61 HG00438#2#JAHBCA010000012.1_51513023_51826723_0$HG01243#1#JAHEOY010000013.1_90081_424495_0	0.0617947511735764 Allentoft
VK61 HG03492#2#JAHEPH010000288.1_2098270_2432686_1$HG00438#2#JAHBCA010000012.1_51513023_51826723_0	0.0617936871319206 Allentoft
VK61 HG02809.verkko_filt_mat.fa:haplotype1_0000023_94161320_94589755_0$HG02647.verkko_filt_mat.fa:haplotype1_0000002_103892584_104321036_0	0.0617864463597408 Allentoft
VK61 HG03492#2#JAHEPH010000288.1_2098270_2432686_1$HG03710.verkko_filt_mat.fa:haplotype1_0000029_102593394_102907063_0	0.0617798595903249 Allentoft
VK61 HG01243#1#JAHEOY010000013.1_90081_424495_0$HG03710.verkko_filt_mat.fa:haplotype1_0000029_102593394_102907063_0	0.0617787963177236 Allentoft
VK61 AV_HG01361#haplotype2#0001322:101872897_102186552$HG03492#2#JAHEPH010000288.1_2098270_2432686_1	0.0617655100406134 Allentoft
VK61 HG03098#1#JAHEPM010000059.1_16676208_17105596_0$HG02055#2#JAHEPJ010000017.1_24870122_25298560_1	0.0617645702783009 Allentoft
VK61 AV_HG01361#haplotype2#0001322:101872897_102186552$HG01243#1#JAHEOY010000013.1_90081_424495_0	0.0617644475087232 Allentoft
VK61 HG03098#2#JAHEPL010000003.1_93803759_94117426_0$HG01243#1#JAHEOY010000013.1_90081_424495_0	0.0617389631825019 Allentoft
VK61 HG03492#2#JAHEPH010000288.1_2098270_2432686_1$HG03098#2#JAHEPL010000003.1_93803759_94117426_0	0.0617368409122740 Allentoft
VK61 HG02055#2#JAHEPJ010000017.1_24870122_25298560_1$HG02809.verkko_filt_mat.fa:haplotype1_0000023_94161320_94589755_0	0.0617333227379236 Allentoft
VK61 HG03098#1#JAHEPM010000059.1_16676208_17105596_0$HG02809.verkko_filt_mat.fa:haplotype1_0000023_94161320_94589755_0	0.0617317996805561 Allentoft
VK61 HG03492#2#JAHEPH010000288.1_2098270_2432686_1$HG01123#2#JAGYYY010000006.1_51579630_51892388_0	0.0617299450452256 Allentoft
VK61 HG01123#2#JAGYYY010000006.1_51579630_51892388_0$HG01243#1#JAHEOY010000013.1_90081_424495_0	0.0617278237048224 Allentoft
VK61 HG03492#2#JAHEPH010000288.1_2098270_2432686_1$HG04228.verkko_filt_pat.fa:haplotype2_0000600_103806749_104119491_0	0.0616706300534473 Allentoft
VK61 HG01243#1#JAHEOY010000013.1_90081_424495_0$HG04228.verkko_filt_pat.fa:haplotype2_0000600_103806749_104119491_0	0.0616685148220134 Allentoft
VK61 HG02723#1#JAHEOU010000204.1_2102082_2414876_1$HG01243#1#JAHEOY010000013.1_90081_424495_0	0.0616621704333727 Allentoft
VK61 HG02723#1#JAHEOU010000204.1_2102082_2414876_1$HG03492#2#JAHEPH010000288.1_2098270_2432686_1	0.0616589989732559 Allentoft
VK61 HG03492#2#JAHEPH010000288.1_2098270_2432686_1$HG02647.verkko_filt_pat.fa:haplotype2_0000857_103738150_104051769_0	0.0616347006920841 Allentoft
VK61 HG01243#1#JAHEOY010000013.1_90081_424495_0$HG02647.verkko_filt_pat.fa:haplotype2_0000857_103738150_104051769_0	0.0616304778356719 Allentoft
VK61 HG01243#1#JAHEOY010000013.1_90081_424495_0$HG01891#1#JAGYVO010000014.1_22855818_23168577_1	0.0616288944882781 Allentoft
VK61 HG03492#2#JAHEPH010000288.1_2098270_2432686_1$HG01891#1#JAGYVO010000014.1_22855818_23168577_1	0.0616257281595559 Allentoft
VK61 HG03492#2#JAHEPH010000288.1_2098270_2432686_1$HG03579#2#JAGYVT010000094.1_51581892_51895531_0	0.0616188694545415 Allentoft
VK61 HG03579#2#JAGYVT010000094.1_51581892_51895531_0$HG01243#1#JAHEOY010000013.1_90081_424495_0	0.0616125403743788 Allentoft
VK61 HG03492#2#JAHEPH010000288.1_2098270_2432686_1$HG02109#2#JAHEPF010000078.1_16678387_16991144_0	0.0616067404304699 Allentoft
VK61 HG01243#1#JAHEOY010000013.1_90081_424495_0$HG02109#2#JAHEPF010000078.1_16678387_16991144_0	0.0616067404304699 Allentoft
VK61 HG02647.verkko_filt_mat.fa:haplotype1_0000002_103892584_104321036_0$HG002.verkko_filt_pat.fa:haplotype2_0000649_147937390_148315979_1	0.0600481796411066 Allentoft
VK61 HG02055#2#JAHEPJ010000017.1_24870122_25298560_1$HG002.verkko_filt_pat.fa:haplotype2_0000649_147937390_148315979_1	0.0599968815437596 Allentoft
VK61 HG03098#1#JAHEPM010000059.1_16676208_17105596_0$HG002.verkko_filt_pat.fa:haplotype2_0000649_147937390_148315979_1	0.0599876213366441 Allentoft
VK61 HG02809.verkko_filt_mat.fa:haplotype1_0000023_94161320_94589755_0$HG002.verkko_filt_pat.fa:haplotype2_0000649_147937390_148315979_1	0.0599514896971225 Allentoft
VK61 HG00733#1#JAHEPQ010000019.1_46106835_46420495_0$HG02647.verkko_filt_mat.fa:haplotype1_0000002_103892584_104321036_0	0.0570844483420033 Allentoft
VK61 HG02293.verkko_filt_mat.fa:haplotype1_0000039_30204405_30517145_1$HG02647.verkko_filt_mat.fa:haplotype1_0000002_103892584_104321036_0	0.0570366146650108 Allentoft
VK61 HG00438#2#JAHBCA010000012.1_51513023_51826723_0$HG02647.verkko_filt_mat.fa:haplotype1_0000002_103892584_104321036_0	0.0570308683370446 Allentoft
VK61 HG02055#2#JAHEPJ010000017.1_24870122_25298560_1$HG00733#1#JAHEPQ010000019.1_46106835_46420495_0	0.0570301501681606 Allentoft
VK61 HG02886#2#JAHAOT010000031.1_87393_401061_0$HG02647.verkko_filt_mat.fa:haplotype1_0000002_103892584_104321036_0	0.0570265597306594 Allentoft
VK61 HG00733#1#JAHEPQ010000019.1_46106835_46420495_0$HG02809.verkko_filt_mat.fa:haplotype1_0000023_94161320_94589755_0	0.0569838855080913 Allentoft
VK61 HG00438#2#JAHBCA010000012.1_51513023_51826723_0$HG02055#2#JAHEPJ010000017.1_24870122_25298560_1	0.0569803038009840 Allentoft
VK61 HG01123#2#JAGYYY010000006.1_51579630_51892388_0$HG02647.verkko_filt_mat.fa:haplotype1_0000002_103892584_104321036_0	0.0569792294205444 Allentoft
VK61 HG02886#2#JAHAOT010000031.1_87393_401061_0$HG02055#2#JAHEPJ010000017.1_24870122_25298560_1	0.0569774389215221 Allentoft
VK61 HG02055#2#JAHEPJ010000017.1_24870122_25298560_1$HG02293.verkko_filt_mat.fa:haplotype1_0000039_30204405_30517145_1	0.0569738584297965 Allentoft
VK61 AV_HG01361#haplotype2#0001322:101872897_102186552$HG02647.verkko_filt_mat.fa:haplotype1_0000002_103892584_104321036_0	0.0569523896452413 Allentoft
VK61 HG03710.verkko_filt_mat.fa:haplotype1_0000029_102593394_102907063_0$HG02647.verkko_filt_mat.fa:haplotype1_0000002_103892584_104321036_0	0.0569513168429874 Allentoft
VK61 HG03098#1#JAHEPM010000059.1_16676208_17105596_0$HG00733#1#JAHEPQ010000019.1_46106835_46420495_0	0.0569427366068795 Allentoft
VK61 HG03098#2#JAHEPL010000003.1_93803759_94117426_0$HG02647.verkko_filt_mat.fa:haplotype1_0000002_103892584_104321036_0	0.0569366612854701 Allentoft
VK61 HG01123#2#JAGYYY010000006.1_51579630_51892388_0$HG02055#2#JAHEPJ010000017.1_24870122_25298560_1	0.0569359466696107 Allentoft
VK61 HG02293.verkko_filt_mat.fa:haplotype1_0000039_30204405_30517145_1$HG02809.verkko_filt_mat.fa:haplotype1_0000023_94161320_94589755_0	0.0569341602476763 Allentoft
VK61 HG02886#2#JAHAOT010000031.1_87393_401061_0$HG02809.verkko_filt_mat.fa:haplotype1_0000023_94161320_94589755_0	0.0569334457259837 Allentoft
VK61 HG01123#2#JAGYYY010000006.1_51579630_51892388_0$HG03098#1#JAHEPM010000059.1_16676208_17105596_0	0.0569316595394403 Allentoft
VK61 HG00438#2#JAHBCA010000012.1_51513023_51826723_0$HG02809.verkko_filt_mat.fa:haplotype1_0000023_94161320_94589755_0	0.0569298735210017 Allentoft
VK61 HG03098#1#JAHEPM010000059.1_16676208_17105596_0$HG02293.verkko_filt_mat.fa:haplotype1_0000039_30204405_30517145_1	0.0569273733775536 Allentoft
VK61 HG02647.verkko_filt_pat.fa:haplotype2_0000857_103738150_104051769_0$HG02647.verkko_filt_mat.fa:haplotype1_0000002_103892584_104321036_0	0.0569198749230887 Allentoft
VK61 HG04228.verkko_filt_pat.fa:haplotype2_0000600_103806749_104119491_0$HG02647.verkko_filt_mat.fa:haplotype1_0000002_103892584_104321036_0	0.0569163052717777 Allentoft
VK61 HG03579#2#JAGYVT010000094.1_51581892_51895531_0$HG02647.verkko_filt_mat.fa:haplotype1_0000002_103892584_104321036_0	0.0569141638033309 Allentoft
VK61 HG02723#1#JAHEOU010000204.1_2102082_2414876_1$HG02647.verkko_filt_mat.fa:haplotype1_0000002_103892584_104321036_0	0.0569120225765832 Allentoft
VK61 AV_HG01361#haplotype2#0001322:101872897_102186552$HG02055#2#JAHEPJ010000017.1_24870122_25298560_1	0.0569098815914893 Allentoft
VK61 HG01891#1#JAGYVO010000014.1_22855818_23168577_1$HG02647.verkko_filt_mat.fa:haplotype1_0000002_103892584_104321036_0	0.0569095247841313 Allentoft
VK61 HG03098#2#JAHEPL010000003.1_93803759_94117426_0$HG02055#2#JAHEPJ010000017.1_24870122_25298560_1	0.0568991802892358 Allentoft
VK61 HG02055#2#JAHEPJ010000017.1_24870122_25298560_1$HG03710.verkko_filt_mat.fa:haplotype1_0000029_102593394_102907063_0	0.0568931188969838 Allentoft
VK61 HG01123#2#JAGYYY010000006.1_51579630_51892388_0$HG02809.verkko_filt_mat.fa:haplotype1_0000023_94161320_94589755_0	0.0568913365031834 Allentoft
VK61 HG02055#2#JAHEPJ010000017.1_24870122_25298560_1$HG04228.verkko_filt_pat.fa:haplotype2_0000600_103806749_104119491_0	0.0568760148285845 Allentoft
VK61 HG03098#1#JAHEPM010000059.1_16676208_17105596_0$HG04228.verkko_filt_pat.fa:haplotype2_0000600_103806749_104119491_0	0.0568753024937983 Allentoft
VK61 HG02886#2#JAHAOT010000031.1_87393_401061_0$HG03098#1#JAHEPM010000059.1_16676208_17105596_0	0.0568703168995910 Allentoft
VK61 HG02055#2#JAHEPJ010000017.1_24870122_25298560_1$HG01891#1#JAGYVO010000014.1_22855818_23168577_1	0.0568671125669923 Allentoft
VK61 HG00438#2#JAHBCA010000012.1_51513023_51826723_0$HG03098#1#JAHEPM010000059.1_16676208_17105596_0	0.0568667565634704 Allentoft
VK61 AV_HG01361#haplotype2#0001322:101872897_102186552$HG02809.verkko_filt_mat.fa:haplotype1_0000023_94161320_94589755_0	0.0568653326162406 Allentoft
VK61 HG02055#2#JAHEPJ010000017.1_24870122_25298560_1$HG02647.verkko_filt_pat.fa:haplotype2_0000857_103738150_104051769_0	0.0568639087759725 Allentoft
VK61 HG02723#1#JAHEOU010000204.1_2102082_2414876_1$HG02055#2#JAHEPJ010000017.1_24870122_25298560_1	0.0568617732160946 Allentoft
VK61 HG03098#1#JAHEPM010000059.1_16676208_17105596_0$HG01891#1#JAGYVO010000014.1_22855818_23168577_1	0.0568614173128401 Allentoft
VK61 HG02723#1#JAHEOU010000204.1_2102082_2414876_1$HG03098#1#JAHEPM010000059.1_16676208_17105596_0	0.0568582144842509 Allentoft
VK61 HG03579#2#JAGYVT010000094.1_51581892_51895531_0$HG02055#2#JAHEPJ010000017.1_24870122_25298560_1	0.0568539448879030 Allentoft
VK61 HG03098#2#JAHEPL010000003.1_93803759_94117426_0$HG02809.verkko_filt_mat.fa:haplotype1_0000023_94161320_94589755_0	0.0568532333820194 Allentoft
VK61 HG02109#2#JAHEPF010000078.1_16678387_16991144_0$HG02647.verkko_filt_mat.fa:haplotype1_0000002_103892584_104321036_0	0.0568489649076116 Allentoft
VK61 HG03710.verkko_filt_mat.fa:haplotype1_0000029_102593394_102907063_0$HG02809.verkko_filt_mat.fa:haplotype1_0000023_94161320_94589755_0	0.0568450529838639 Allentoft
VK61 HG03098#1#JAHEPM010000059.1_16676208_17105596_0$HG02647.verkko_filt_pat.fa:haplotype2_0000857_103738150_104051769_0	0.0568368761158329 Allentoft
VK61 HG03579#2#JAGYVT010000094.1_51581892_51895531_0$HG03098#1#JAHEPM010000059.1_16676208_17105596_0	0.0568297686633096 Allentoft
VK61 HG04228.verkko_filt_pat.fa:haplotype2_0000600_103806749_104119491_0$HG02809.verkko_filt_mat.fa:haplotype1_0000023_94161320_94589755_0	0.0568230190525378 Allentoft
VK61 HG01891#1#JAGYVO010000014.1_22855818_23168577_1$HG02809.verkko_filt_mat.fa:haplotype1_0000023_94161320_94589755_0	0.0568226638764809 Allentoft
VK61 HG02723#1#JAHEOU010000204.1_2102082_2414876_1$HG02809.verkko_filt_mat.fa:haplotype1_0000023_94161320_94589755_0	0.0568208880960933 Allentoft
VK61 HG02647.verkko_filt_pat.fa:haplotype2_0000857_103738150_104051769_0$HG02809.verkko_filt_mat.fa:haplotype1_0000023_94161320_94589755_0	0.0568173370347193 Allentoft
VK61 HG02055#2#JAHEPJ010000017.1_24870122_25298560_1$HG02109#2#JAHEPF010000078.1_16678387_16991144_0	0.0568102369088484 Allentoft
VK61 HG03579#2#JAGYVT010000094.1_51581892_51895531_0$HG02809.verkko_filt_mat.fa:haplotype1_0000023_94161320_94589755_0	0.0568088172030614 Allentoft
VK61 HG03098#1#JAHEPM010000059.1_16676208_17105596_0$HG02109#2#JAHEPF010000078.1_16678387_16991144_0	0.0568081073900805 Allentoft
VK61 AV_HG01361#haplotype2#0001322:101872897_102186552$HG03098#1#JAHEPM010000059.1_16676208_17105596_0	0.0568052684042022 Allentoft
VK61 HG03098#2#JAHEPL010000003.1_93803759_94117426_0$HG03098#1#JAHEPM010000059.1_16676208_17105596_0	0.0567932074609511 Allentoft
VK61 HG03098#1#JAHEPM010000059.1_16676208_17105596_0$HG03710.verkko_filt_mat.fa:haplotype1_0000029_102593394_102907063_0	0.0567893070355691 Allentoft
VK61 HG02109#2#JAHEPF010000078.1_16678387_16991144_0$HG02809.verkko_filt_mat.fa:haplotype1_0000023_94161320_94589755_0	0.0567637968078899 Allentoft
VK61 HG00733#1#JAHEPQ010000019.1_46106835_46420495_0$HG002.verkko_filt_pat.fa:haplotype2_0000649_147937390_148315979_1	0.0528697628485076 Allentoft
VK61 HG02293.verkko_filt_mat.fa:haplotype1_0000039_30204405_30517145_1$HG002.verkko_filt_pat.fa:haplotype2_0000649_147937390_148315979_1	0.0528071721112378 Allentoft
VK61 HG02886#2#JAHAOT010000031.1_87393_401061_0$HG002.verkko_filt_pat.fa:haplotype2_0000649_147937390_148315979_1	0.0527803608000406 Allentoft
VK61 HG00438#2#JAHBCA010000012.1_51513023_51826723_0$HG002.verkko_filt_pat.fa:haplotype2_0000649_147937390_148315979_1	0.0527772992497951 Allentoft
VK61 HG01123#2#JAGYYY010000006.1_51579630_51892388_0$HG002.verkko_filt_pat.fa:haplotype2_0000649_147937390_148315979_1	0.0527597056688155 Allentoft
VK61 HG03710.verkko_filt_mat.fa:haplotype1_0000029_102593394_102907063_0$HG002.verkko_filt_pat.fa:haplotype2_0000649_147937390_148315979_1	0.0527482410689796 Allentoft
VK61 AV_HG01361#haplotype2#0001322:101872897_102186552$HG002.verkko_filt_pat.fa:haplotype2_0000649_147937390_148315979_1	0.0527371657236551 Allentoft
VK61 HG03098#2#JAHEPL010000003.1_93803759_94117426_0$HG002.verkko_filt_pat.fa:haplotype2_0000649_147937390_148315979_1	0.0527264789037365 Allentoft
VK61 HG04228.verkko_filt_pat.fa:haplotype2_0000600_103806749_104119491_0$HG002.verkko_filt_pat.fa:haplotype2_0000649_147937390_148315979_1	0.0526910299648607 Allentoft
VK61 HG02647.verkko_filt_pat.fa:haplotype2_0000857_103738150_104051769_0$HG002.verkko_filt_pat.fa:haplotype2_0000649_147937390_148315979_1	0.0526735224892549 Allentoft
VK61 HG02723#1#JAHEOU010000204.1_2102082_2414876_1$HG002.verkko_filt_pat.fa:haplotype2_0000649_147937390_148315979_1	0.0526697188250296 Allentoft
VK61 HG03579#2#JAGYVT010000094.1_51581892_51895531_0$HG002.verkko_filt_pat.fa:haplotype2_0000649_147937390_148315979_1	0.0526636346758418 Allentoft
VK61 HG01891#1#JAGYVO010000014.1_22855818_23168577_1$HG002.verkko_filt_pat.fa:haplotype2_0000649_147937390_148315979_1	0.0526609735234943 Allentoft
VK61 HG02109#2#JAHEPF010000078.1_16678387_16991144_0$HG002.verkko_filt_pat.fa:haplotype2_0000649_147937390_148315979_1	0.0526450150766616 Allentoft
VK61 HG00733#1#JAHEPQ010000019.1_46106835_46420495_0$HG01891#1#JAGYVO010000014.1_22855818_23168577_1	0.0469166595127967 Allentoft
VK61 HG01123#2#JAGYYY010000006.1_51579630_51892388_0$HG02886#2#JAHAOT010000031.1_87393_401061_0	0.0469148268665777 Allentoft
VK61 HG02109#2#JAHEPF010000078.1_16678387_16991144_0$HG00733#1#JAHEPQ010000019.1_46106835_46420495_0	0.0469029198986231 Allentoft
VK61 HG01123#2#JAGYYY010000006.1_51579630_51892388_0$HG03098#2#JAHEPL010000003.1_93803759_94117426_0	0.0468795902318070 Allentoft
VK61 HG01123#2#JAGYYY010000006.1_51579630_51892388_0$HG03710.verkko_filt_mat.fa:haplotype1_0000029_102593394_102907063_0	0.0468791331352900 Allentoft
VK61 HG00733#1#JAHEPQ010000019.1_46106835_46420495_0$HG02647.verkko_filt_pat.fa:haplotype2_0000857_103738150_104051769_0	0.0468741059559071 Allentoft
VK61 AV_HG01361#haplotype2#0001322:101872897_102186552$HG01123#2#JAGYYY010000006.1_51579630_51892388_0	0.0468713645396427 Allentoft
VK61 HG01891#1#JAGYVO010000014.1_22855818_23168577_1$HG02293.verkko_filt_mat.fa:haplotype1_0000039_30204405_30517145_1	0.0468695371959953 Allentoft
VK61 HG03579#2#JAGYVT010000094.1_51581892_51895531_0$HG00733#1#JAHEPQ010000019.1_46106835_46420495_0	0.0468631431759043 Allentoft
VK61 HG02647.verkko_filt_pat.fa:haplotype2_0000857_103738150_104051769_0$HG02293.verkko_filt_mat.fa:haplotype1_0000039_30204405_30517145_1	0.0468517317886906 Allentoft
VK61 HG02109#2#JAHEPF010000078.1_16678387_16991144_0$HG02293.verkko_filt_mat.fa:haplotype1_0000039_30204405_30517145_1	0.0468467134185304 Allentoft
VK61 HG02723#1#JAHEOU010000204.1_2102082_2414876_1$HG02886#2#JAHAOT010000031.1_87393_401061_0	0.0468444328742065 Allentoft
VK61 HG03579#2#JAGYVT010000094.1_51581892_51895531_0$HG02293.verkko_filt_mat.fa:haplotype1_0000039_30204405_30517145_1	0.0468416966606038 Allentoft
VK61 HG02723#1#JAHEOU010000204.1_2102082_2414876_1$HG00733#1#JAHEPQ010000019.1_46106835_46420495_0	0.0468403287335922 Allentoft
VK61 HG02723#1#JAHEOU010000204.1_2102082_2414876_1$HG02293.verkko_filt_mat.fa:haplotype1_0000039_30204405_30517145_1	0.0468398727845529 Allentoft
VK61 HG02886#2#JAHAOT010000031.1_87393_401061_0$HG04228.verkko_filt_pat.fa:haplotype2_0000600_103806749_104119491_0	0.0468362256715064 Allentoft
VK61 HG04228.verkko_filt_pat.fa:haplotype2_0000600_103806749_104119491_0$HG03710.verkko_filt_mat.fa:haplotype1_0000029_102593394_102907063_0	0.0468334908957318 Allentoft
VK61 HG01123#2#JAGYYY010000006.1_51579630_51892388_0$HG02293.verkko_filt_mat.fa:haplotype1_0000039_30204405_30517145_1	0.0468271116147793 Allentoft
VK61 HG00438#2#JAHBCA010000012.1_51513023_51826723_0$HG01891#1#JAGYVO010000014.1_22855818_23168577_1	0.0468248339318242 Allentoft
VK61 HG00438#2#JAHBCA010000012.1_51513023_51826723_0$HG02109#2#JAHEPF010000078.1_16678387_16991144_0	0.0468193688484802 Allentoft
VK61 HG02886#2#JAHAOT010000031.1_87393_401061_0$HG01891#1#JAGYVO010000014.1_22855818_23168577_1	0.0468148160738019 Allentoft
VK61 HG01891#1#JAGYVO010000014.1_22855818_23168577_1$HG03710.verkko_filt_mat.fa:haplotype1_0000029_102593394_102907063_0	0.0468139056782342 Allentoft
VK61 HG03098#2#JAHEPL010000003.1_93803759_94117426_0$HG04228.verkko_filt_pat.fa:haplotype2_0000600_103806749_104119491_0	0.0468111748101743 Allentoft
VK61 HG00733#1#JAHEPQ010000019.1_46106835_46420495_0$HG04228.verkko_filt_pat.fa:haplotype2_0000600_103806749_104119491_0	0.0468111748101743 Allentoft
VK61 HG02723#1#JAHEOU010000204.1_2102082_2414876_1$HG03710.verkko_filt_mat.fa:haplotype1_0000029_102593394_102907063_0	0.0468079894013849 Allentoft
VK61 HG02886#2#JAHAOT010000031.1_87393_401061_0$HG02109#2#JAHEPF010000078.1_16678387_16991144_0	0.0468020753670415 Allentoft
VK61 AV_HG01361#haplotype2#0001322:101872897_102186552$HG02723#1#JAHEOU010000204.1_2102082_2414876_1	0.0467957089132461 Allentoft
VK61 HG02723#1#JAHEOU010000204.1_2102082_2414876_1$HG03098#2#JAHEPL010000003.1_93803759_94117426_0	0.0467929812282631 Allentoft
VK61 AV_HG01361#haplotype2#0001322:101872897_102186552$HG01891#1#JAGYVO010000014.1_22855818_23168577_1	0.0467888905949857 Allentoft
VK61 AV_HG01361#haplotype2#0001322:101872897_102186552$HG04228.verkko_filt_pat.fa:haplotype2_0000600_103806749_104119491_0	0.0467802583354819 Allentoft
VK61 HG02886#2#JAHAOT010000031.1_87393_401061_0$HG02647.verkko_filt_pat.fa:haplotype2_0000857_103738150_104051769_0	0.0467779874822243 Allentoft
VK61 HG00438#2#JAHBCA010000012.1_51513023_51826723_0$HG02647.verkko_filt_pat.fa:haplotype2_0000857_103738150_104051769_0	0.0467779874822243 Allentoft
VK61 HG01123#2#JAGYYY010000006.1_51579630_51892388_0$HG01891#1#JAGYVO010000014.1_22855818_23168577_1	0.0467757169596365 Allentoft
VK61 HG03098#2#JAHEPL010000003.1_93803759_94117426_0$HG01891#1#JAGYVO010000014.1_22855818_23168577_1	0.0467752628947923 Allentoft
VK61 HG01123#2#JAGYYY010000006.1_51579630_51892388_0$HG02647.verkko_filt_pat.fa:haplotype2_0000857_103738150_104051769_0	0.0467734467676384 Allentoft
VK61 HG03579#2#JAGYVT010000094.1_51581892_51895531_0$HG00438#2#JAHBCA010000012.1_51513023_51826723_0	0.0467698151478676 Allentoft
VK61 HG01123#2#JAGYYY010000006.1_51579630_51892388_0$HG00733#1#JAHEPQ010000019.1_46106835_46420495_0	0.0467693612548716 Allentoft
VK61 HG03579#2#JAGYVT010000094.1_51581892_51895531_0$HG02886#2#JAHAOT010000031.1_87393_401061_0	0.0467689073750902 Allentoft
VK61 AV_HG01361#haplotype2#0001322:101872897_102186552$HG02109#2#JAHEPF010000078.1_16678387_16991144_0	0.0467661843738724 Allentoft
VK61 HG04228.verkko_filt_pat.fa:haplotype2_0000600_103806749_104119491_0$HG02293.verkko_filt_mat.fa:haplotype1_0000039_30204405_30517145_1	0.0467634618482189 Allentoft
VK61 HG01123#2#JAGYYY010000006.1_51579630_51892388_0$HG03579#2#JAGYVT010000094.1_51581892_51895531_0	0.0467634618482189 Allentoft
VK61 HG02723#1#JAHEOU010000204.1_2102082_2414876_1$HG00438#2#JAHBCA010000012.1_51513023_51826723_0	0.0467616470952505 Allentoft
VK61 HG02109#2#JAHEPF010000078.1_16678387_16991144_0$HG03710.verkko_filt_mat.fa:haplotype1_0000029_102593394_102907063_0	0.0467602861691654 Allentoft
VK61 HG03710.verkko_filt_mat.fa:haplotype1_0000029_102593394_102907063_0$HG02647.verkko_filt_pat.fa:haplotype2_0000857_103738150_104051769_0	0.0467598325535415 Allentoft
VK61 AV_HG01361#haplotype2#0001322:101872897_102186552$HG02647.verkko_filt_pat.fa:haplotype2_0000857_103738150_104051769_0	0.0467593789511187 Allentoft
VK61 HG00438#2#JAHBCA010000012.1_51513023_51826723_0$HG04228.verkko_filt_pat.fa:haplotype2_0000600_103806749_104119491_0	0.0467571111369995 Allentoft
VK61 HG02886#2#JAHAOT010000031.1_87393_401061_0$HG00733#1#JAHEPQ010000019.1_46106835_46420495_0	0.0467557506069008 Allentoft
VK61 HG01123#2#JAGYYY010000006.1_51579630_51892388_0$HG02109#2#JAHEPF010000078.1_16678387_16991144_0	0.0467548436528130 Allentoft
VK61 HG03579#2#JAGYVT010000094.1_51581892_51895531_0$HG03710.verkko_filt_mat.fa:haplotype1_0000029_102593394_102907063_0	0.0467516697290865 Allentoft
VK61 AV_HG01361#haplotype2#0001322:101872897_102186552$HG03579#2#JAGYVT010000094.1_51581892_51895531_0	0.0467512163641749 Allentoft
VK61 HG03098#2#JAHEPL010000003.1_93803759_94117426_0$HG02647.verkko_filt_pat.fa:haplotype2_0000857_103738150_104051769_0	0.0467385274990446 Allentoft
VK61 HG02886#2#JAHAOT010000031.1_87393_401061_0$HG02293.verkko_filt_mat.fa:haplotype1_0000039_30204405_30517145_1	0.0467362627172910 Allentoft
VK61 HG03098#2#JAHEPL010000003.1_93803759_94117426_0$HG00733#1#JAHEPQ010000019.1_46106835_46420495_0	0.0467308285840575 Allentoft
VK61 HG03098#2#JAHEPL010000003.1_93803759_94117426_0$HG02109#2#JAHEPF010000078.1_16678387_16991144_0	0.0467290176274955 Allentoft
VK61 HG03579#2#JAGYVT010000094.1_51581892_51895531_0$HG03098#2#JAHEPL010000003.1_93803759_94117426_0	0.0467285649212509 Allentoft
VK61 HG01891#1#JAGYVO010000014.1_22855818_23168577_1$HG04228.verkko_filt_pat.fa:haplotype2_0000600_103806749_104119491_0	0.0467158944858441 Allentoft
VK61 HG04228.verkko_filt_pat.fa:haplotype2_0000600_103806749_104119491_0$HG02647.verkko_filt_pat.fa:haplotype2_0000857_103738150_104051769_0	0.0467154421608959 Allentoft
VK61 AV_HG01361#haplotype2#0001322:101872897_102186552$HG00733#1#JAHEPQ010000019.1_46106835_46420495_0	0.0467136329924829 Allentoft
VK61 HG01123#2#JAGYYY010000006.1_51579630_51892388_0$HG00438#2#JAHBCA010000012.1_51513023_51826723_0	0.0467082067481427 Allentoft
VK61 HG02723#1#JAHEOU010000204.1_2102082_2414876_1$HG02647.verkko_filt_pat.fa:haplotype2_0000857_103738150_104051769_0	0.0467045903022585 Allentoft
VK61 HG03579#2#JAGYVT010000094.1_51581892_51895531_0$HG04228.verkko_filt_pat.fa:haplotype2_0000600_103806749_104119491_0	0.0467036863220336 Allentoft
VK61 HG03098#2#JAHEPL010000003.1_93803759_94117426_0$HG02293.verkko_filt_mat.fa:haplotype1_0000039_30204405_30517145_1	0.0467032343516047 Allentoft
VK61 HG02723#1#JAHEOU010000204.1_2102082_2414876_1$HG03579#2#JAGYVT010000094.1_51581892_51895531_0	0.0466946494058054 Allentoft
VK61 HG02723#1#JAHEOU010000204.1_2102082_2414876_1$HG01123#2#JAGYYY010000006.1_51579630_51892388_0	0.0466946494058054 Allentoft
VK61 HG03710.verkko_filt_mat.fa:haplotype1_0000029_102593394_102907063_0$HG02293.verkko_filt_mat.fa:haplotype1_0000039_30204405_30517145_1	0.0466937460026729 Allentoft
VK61 HG02723#1#JAHEOU010000204.1_2102082_2414876_1$HG01891#1#JAGYVO010000014.1_22855818_23168577_1	0.0466914877242228 Allentoft
VK61 HG00733#1#JAHEPQ010000019.1_46106835_46420495_0$HG03710.verkko_filt_mat.fa:haplotype1_0000029_102593394_102907063_0	0.0466905845045818 Allentoft
VK61 HG02723#1#JAHEOU010000204.1_2102082_2414876_1$HG04228.verkko_filt_pat.fa:haplotype2_0000600_103806749_104119491_0	0.0466892297733965 Allentoft
VK61 HG00733#1#JAHEPQ010000019.1_46106835_46420495_0$HG02293.verkko_filt_mat.fa:haplotype1_0000039_30204405_30517145_1	0.0466878751601272 Allentoft
VK61 HG02109#2#JAHEPF010000078.1_16678387_16991144_0$HG04228.verkko_filt_pat.fa:haplotype2_0000600_103806749_104119491_0	0.0466833606339594 Allentoft
VK61 AV_HG01361#haplotype2#0001322:101872897_102186552$HG02293.verkko_filt_mat.fa:haplotype1_0000039_30204405_30517145_1	0.0466824578858688 Allentoft
VK61 HG02723#1#JAHEOU010000204.1_2102082_2414876_1$HG02109#2#JAHEPF010000078.1_16678387_16991144_0	0.0466779449308514 Allentoft
VK61 HG01123#2#JAGYYY010000006.1_51579630_51892388_0$HG04228.verkko_filt_pat.fa:haplotype2_0000600_103806749_104119491_0	0.0466711779517453 Allentoft
VK61 HG02109#2#JAHEPF010000078.1_16678387_16991144_0$HG02647.verkko_filt_pat.fa:haplotype2_0000857_103738150_104051769_0	0.0466644139148467 Allentoft
VK61 HG02109#2#JAHEPF010000078.1_16678387_16991144_0$HG01891#1#JAGYVO010000014.1_22855818_23168577_1	0.0466576528180241 Allentoft
VK61 HG03579#2#JAGYVT010000094.1_51581892_51895531_0$HG02109#2#JAHEPF010000078.1_16678387_16991144_0	0.0466553997720654 Allentoft
VK61 HG00438#2#JAHBCA010000012.1_51513023_51826723_0$HG02886#2#JAHAOT010000031.1_87393_401061_0	0.0466504442196314 Allentoft
VK61 HG00438#2#JAHBCA010000012.1_51513023_51826723_0$HG02293.verkko_filt_mat.fa:haplotype1_0000039_30204405_30517145_1	0.0466441394360921 Allentoft
VK61 HG01891#1#JAGYVO010000014.1_22855818_23168577_1$HG02647.verkko_filt_pat.fa:haplotype2_0000857_103738150_104051769_0	0.0466328872492715 Allentoft
VK61 AV_HG01361#haplotype2#0001322:101872897_102186552$HG00438#2#JAHBCA010000012.1_51513023_51826723_0	0.0466274890912913 Allentoft
VK61 HG00438#2#JAHBCA010000012.1_51513023_51826723_0$HG03710.verkko_filt_mat.fa:haplotype1_0000029_102593394_102907063_0	0.0466270393294079 Allentoft
VK61 HG03579#2#JAGYVT010000094.1_51581892_51895531_0$HG01891#1#JAGYVO010000014.1_22855818_23168577_1	0.0466247907151998 Allentoft
VK61 HG02886#2#JAHAOT010000031.1_87393_401061_0$HG03710.verkko_filt_mat.fa:haplotype1_0000029_102593394_102907063_0	0.0466243410313956 Allentoft
VK61 HG03098#2#JAHEPL010000003.1_93803759_94117426_0$HG02886#2#JAHAOT010000031.1_87393_401061_0	0.0466149006760804 Allentoft
VK61 HG03098#2#JAHEPL010000003.1_93803759_94117426_0$HG00438#2#JAHBCA010000012.1_51513023_51826723_0	0.0466122044847825 Allentoft
VK61 AV_HG01361#haplotype2#0001322:101872897_102186552$HG03710.verkko_filt_mat.fa:haplotype1_0000029_102593394_102907063_0	0.0465825772246843 Allentoft
VK61 AV_HG01361#haplotype2#0001322:101872897_102186552$HG03098#2#JAHEPL010000003.1_93803759_94117426_0	0.0465713695212223 Allentoft
VK61 HG03098#2#JAHEPL010000003.1_93803759_94117426_0$HG03710.verkko_filt_mat.fa:haplotype1_0000029_102593394_102907063_0	0.0465709213813329 Allentoft
VK61 HG00438#2#JAHBCA010000012.1_51513023_51826723_0$HG00733#1#JAHEPQ010000019.1_46106835_46420495_0	0.0465521111800749 Allentoft
VK61 AV_HG01361#haplotype2#0001322:101872897_102186552$HG02886#2#JAHAOT010000031.1_87393_401061_0	0.0465467410218805 Allentoft
VK61 HG03579#2#JAGYVT010000094.1_51581892_51895531_0$HG02647.verkko_filt_pat.fa:haplotype2_0000857_103738150_104051769_0	0.0464900205272982 Allentoft
