NA10865 HG03540#2#JAGYVX010000148.1_1368955_1877115_0$HG01358#1#JAGYZB010000020.1_27445742_27855492_1	0.9864832692655565 1KGrel
NA10865 AV_HG01361#haplotype2#0001322:101872897$102186552$HG03710.verkko_filt_pat.fa:haplotype2_0000488_101614437_102218208_0	0.9862027132341961 1KGrel
NA10865 HG03710.verkko_filt_pat.fa:haplotype2_0000488_101614437_102218208_0$HG02293.verkko_filt_mat.fa:haplotype1_0000039_30204405_30517145_1	0.9860007357079299 1KGrel
NA10865 HG03710.verkko_filt_mat.fa:haplotype1_0000029_102593394_102907063_0$HG03710.verkko_filt_pat.fa:haplotype2_0000488_101614437_102218208_0	0.9859422198807454 1KGrel
NA10865 HG02886#2#JAHAOT010000031.1_87393_401061_0$HG03710.verkko_filt_pat.fa:haplotype2_0000488_101614437_102218208_0	0.9858710527449278 1KGrel
NA10865 HG00733#1#JAHEPQ010000019.1_46106835_46420495_0$HG03710.verkko_filt_pat.fa:haplotype2_0000488_101614437_102218208_0	0.9858067596240083 1KGrel
NA10865 HG03098#2#JAHEPL010000003.1_93803759_94117426_0$HG03710.verkko_filt_pat.fa:haplotype2_0000488_101614437_102218208_0	0.9857262213900264 1KGrel
NA10865 HG005#1#JAHEPO010000002.1_51519219_51926067_0$HG03540#2#JAGYVX010000148.1_1368955_1877115_0	0.9856471975247610 1KGrel
NA10865 HG01123#1#JAGYYZ010000015.1_51528240_51935090_0$HG03540#2#JAGYVX010000148.1_1368955_1877115_0	0.9856135808054111 1KGrel
NA10865 HG03540#2#JAGYVX010000148.1_1368955_1877115_0$HG02717#2#JAHAOR010000006.1_19663827_20070693_1	0.9855904499701209 1KGrel
NA10865 HG00438#2#JAHBCA010000012.1_51513023_51826723_0$HG03710.verkko_filt_pat.fa:haplotype2_0000488_101614437_102218208_0	0.9855368218978618 1KGrel
NA10865 HG03540#2#JAGYVX010000148.1_1368955_1877115_0$HG01258#2#JAGYYU010000072.1_51562603_51970395_0	0.9855148790898921 1KGrel
NA10865 HG01109#1#JAHEPA010000099.1_2104245_2511104_1$HG03540#2#JAGYVX010000148.1_1368955_1877115_0	0.9853984449119028 1KGrel
NA10865 HG03540#2#JAGYVX010000148.1_1368955_1877115_0$HG00741#2#JAHALX010000013.1_51574319_51981226_0	0.9852311683634766 1KGrel
NA10865 HG03540#2#JAGYVX010000148.1_1368955_1877115_0$HG02809.verkko_filt_pat.fa:haplotype2_0001251_103421111_103827972_0	0.9852240834151998 1KGrel
NA10865 HG02559#2#JAGYVJ010000037.1_52167780_52574597_1$HG03540#2#JAGYVX010000148.1_1368955_1877115_0	0.9851892175342151 1KGrel
NA10865 HG04228.verkko_filt_pat.fa:haplotype2_0000600_103806749_104119491_0$HG03710.verkko_filt_pat.fa:haplotype2_0000488_101614437_102218208_0	0.9850456869149500 1KGrel
NA10865 HG02630#2#JAHAOP010000089.1_16669255_17076135_0$HG03540#2#JAGYVX010000148.1_1368955_1877115_0	0.9850239653370549 1KGrel
NA10865 HG02109#1#JAHEPG010000026.1_16673035_17080816_0$HG03540#2#JAGYVX010000148.1_1368955_1877115_0	0.9849271897301292 1KGrel
NA10865 HG03540#2#JAGYVX010000148.1_1368955_1877115_0$HG02486#2#JAGYVL010000029.1_94163344_94570162_0	0.9849265071059861 1KGrel
NA10865 HG03579#2#JAGYVT010000094.1_51581892_51895531_0$HG03710.verkko_filt_pat.fa:haplotype2_0000488_101614437_102218208_0	0.9849184628199816 1KGrel
NA10865 HG01123#2#JAGYYY010000006.1_51579630_51892388_0$HG03710.verkko_filt_pat.fa:haplotype2_0000488_101614437_102218208_0	0.9849098506858862 1KGrel
NA10865 HG03710.verkko_filt_pat.fa:haplotype2_0000488_101614437_102218208_0$HG02647.verkko_filt_pat.fa:haplotype2_0000857_103738150_104051769_0	0.9848968610212647 1KGrel
NA10865 HG02886#1#JAHAOU010000178.1_62411_469262_0$HG03540#2#JAGYVX010000148.1_1368955_1877115_0	0.9848751726498151 1KGrel
NA10865 HG03540#2#JAGYVX010000148.1_1368955_1877115_0$HG03927.verkko_filt_mat.fa:haplotype1_0000009_134765170_135173010_1	0.9847983522796265 1KGrel
NA10865 HG02109#2#JAHEPF010000078.1_16678387_16991144_0$HG03710.verkko_filt_pat.fa:haplotype2_0000488_101614437_102218208_0	0.9847660965330883 1KGrel
NA10865 HG02723#1#JAHEOU010000204.1_2102082_2414876_1$HG03710.verkko_filt_pat.fa:haplotype2_0000488_101614437_102218208_0	0.9846942225097793 1KGrel
NA10865 HG01891#1#JAGYVO010000014.1_22855818_23168577_1$HG03710.verkko_filt_pat.fa:haplotype2_0000488_101614437_102218208_0	0.9846790503932716 1KGrel
NA10865 HG03540#2#JAGYVX010000148.1_1368955_1877115_0$HG02300.verkko_filt_mat.fa:haplotype1_0000028_144052837_144460586_1	0.9846597860961518 1KGrel
NA10865 HG02818#2#JAHEOR010000010.1_31775319_32183091_1$HG03540#2#JAGYVX010000148.1_1368955_1877115_0	0.9845732448334287 1KGrel
NA10865 HG03540#2#JAGYVX010000148.1_1368955_1877115_0$HG01099.verkko_filt_mat.fa:haplotype1_0000034_142513097_142920876_1	0.9845673248890171 1KGrel
NA10865 HG03540#2#JAGYVX010000148.1_1368955_1877115_0$HG03516#2#JAGYYS010000004.1_24452130_24859892_1	0.9845595493887040 1KGrel
NA10865 HG02559#1#JAGYVK010000012.1_51505852_51913611_0$HG03540#2#JAGYVX010000148.1_1368955_1877115_0	0.9845338231738789 1KGrel
NA10865 HG03540#2#JAGYVX010000148.1_1368955_1877115_0$NA19240#2#JAHEOL010000010.1_37445323_37853017_0	0.9845138670805637 1KGrel
NA10865 HG02080#1#JAHEOW010000048.1_16689583_17097287_0$HG03540#2#JAGYVX010000148.1_1368955_1877115_0	0.9845090910808469 1KGrel
NA10865 AV_HG01361#haplotype1#0000023:101593539$102001341$HG03540#2#JAGYVX010000148.1_1368955_1877115_0	0.9843941854067439 1KGrel
NA10865 HG03540#2#JAGYVX010000148.1_1368955_1877115_0$HG03579#1#JAGYVU010000029.1_91404_499180_0	0.9843897133444075 1KGrel
NA10865 HG03540#2#JAGYVX010000148.1_1368955_1877115_0$NA19240#1#JAHEOM010000047.1_30103390_30511199_1	0.9843272222836540 1KGrel
NA10865 HG03540#2#JAGYVX010000148.1_1368955_1877115_0$HG03516#1#JAGYYT010000012.1_24170958_24578778_1	0.9843245777341433 1KGrel
NA10865 HG02630#1#JAHAOQ010000102.1_16672145_17079089_0$HG03540#2#JAGYVX010000148.1_1368955_1877115_0	0.9842045144243977 1KGrel
NA10865 HG03540#2#JAGYVX010000148.1_1368955_1877115_0$HG02818#1#JAHEOS010000101.1_89626_496613_0	0.9841464607517386 1KGrel
NA10865 HG03540#2#JAGYVX010000148.1_1368955_1877115_0$NA18906#1#JAHEOO010000054.1_2103477_2510435_1	0.9841147406139417 1KGrel
NA10865 HG02145#2#JAHKSF010000206.1_1005292_1413195_1$HG03540#2#JAGYVX010000148.1_1368955_1877115_0	0.9840715584824413 1KGrel
NA10865 AV_HG00673#haplotype2#0001165:24014011$24421797$HG03540#2#JAGYVX010000148.1_1368955_1877115_0	0.9840591454513964 1KGrel
NA10865 HG02717#1#JAHAOS010000015.1_16660311_17067250_0$HG03540#2#JAGYVX010000148.1_1368955_1877115_0	0.9840066444149498 1KGrel
NA10865 AV_HG02257#haplotype2#0001152:102843493$103251377$HG03540#2#JAGYVX010000148.1_1368955_1877115_0	0.9840004511720067 1KGrel
NA10865 HG02622#1#JAHAOO010000002.1_16673678_17080663_0$HG03540#2#JAGYVX010000148.1_1368955_1877115_0	0.9839959234910592 1KGrel
NA10865 HG01928#1#JAGYVQ010000053.1_16676493_17083407_0$HG03540#2#JAGYVX010000148.1_1368955_1877115_0	0.9835614751606103 1KGrel
NA10865 HG03540#2#JAGYVX010000148.1_1368955_1877115_0$HG01978#2#JAGYVR010000007.1_51532241_51939176_0	0.9835483224381595 1KGrel
NA10865 chr1_hg38_103456064_103863972_0$HG03540#2#JAGYVX010000148.1_1368955_1877115_0	0.9835267904294539 1KGrel
NA10865 chr1_hg19_103998686_104406594_0$HG03540#2#JAGYVX010000148.1_1368955_1877115_0	0.9835267904294539 1KGrel
NA10865 HG03540#2#JAGYVX010000148.1_1368955_1877115_0$HG002.verkko_filt_mat.fa:haplotype1_0000005_138228497_138636354_1	0.9834699444057408 1KGrel
NA10865 HG03540#2#JAGYVX010000148.1_1368955_1877115_0$HG02071.verkko_filt_mat.fa:haplotype1_0000041_103610513_104018399_0	0.9834352062765170 1KGrel
NA10865 AV_HG01175#haplotype1#0000070:46006269$46414083$HG03540#2#JAGYVX010000148.1_1368955_1877115_0	0.9834238407584457 1KGrel
NA10865 HG03540#2#JAGYVX010000148.1_1368955_1877115_0$HG02004.verkko_filt_mat.fa:haplotype1_0000022_97828542_98235483_0	0.9834202639692169 1KGrel
NA10865 HG03540#2#JAGYVX010000148.1_1368955_1877115_0$HG005#2#JAHEPN010000023.1_51542210_51950070_0	0.9833573051297041 1KGrel
NA10865 HG03453#2#JAGYVV010000088.1_22597550_23005370_1$HG03540#2#JAGYVX010000148.1_1368955_1877115_0	0.9833564694956644 1KGrel
NA10865 HG03492#2#JAHEPH010000288.1_2098270_2432686_1$HG03540#2#JAGYVX010000148.1_1368955_1877115_0	0.9833000646271146 1KGrel
NA10865 HG03540#2#JAGYVX010000148.1_1368955_1877115_0$HG01243#1#JAHEOY010000013.1_90081_424495_0	0.9832805436302179 1KGrel
NA10865 AV_HG02148#haplotype2#0002863:16304803$16712699$HG03540#2#JAGYVX010000148.1_1368955_1877115_0	0.9832271959348872 1KGrel
NA10865 HG03486#1#JAHEOQ010000123.1_16677696_17085575_0$HG03540#2#JAGYVX010000148.1_1368955_1877115_0	0.9831996409886868 1KGrel
NA10865 HG03540#2#JAGYVX010000148.1_1368955_1877115_0$HG02300.verkko_filt_pat.fa:haplotype2_0000620_143362344_143769323_1	0.9831462681921567 1KGrel
NA10865 HG03492#2#JAHEPH010000288.1_2098270_2432686_1$HG03710.verkko_filt_pat.fa:haplotype2_0000488_101614437_102218208_0	0.9830779431114489 1KGrel
NA10865 HG00621#2#JAHBCC010000031.1_16669999_17077865_0$HG03540#2#JAGYVX010000148.1_1368955_1877115_0	0.9830629319736326 1KGrel
NA10865 HG01243#1#JAHEOY010000013.1_90081_424495_0$HG03710.verkko_filt_pat.fa:haplotype2_0000488_101614437_102218208_0	0.9830297917365648 1KGrel
NA10865 HG03710.verkko_filt_pat.fa:haplotype2_0000488_101614437_102218208_0$HG03927.verkko_filt_mat.fa:haplotype1_0000009_134765170_135173010_1	0.9829585123240987 1KGrel
NA10865 HG03710.verkko_filt_pat.fa:haplotype2_0000488_101614437_102218208_0$HG01099.verkko_filt_mat.fa:haplotype1_0000034_142513097_142920876_1	0.9827659541968301 1KGrel
NA10865 AV_HG00673#haplotype2#0001165:24014011$24421797$HG03710.verkko_filt_pat.fa:haplotype2_0000488_101614437_102218208_0	0.9827548484109679 1KGrel
NA10865 AV_HG01361#haplotype1#0000023:101593539$102001341$HG03710.verkko_filt_pat.fa:haplotype2_0000488_101614437_102218208_0	0.9827361556512565 1KGrel
NA10865 HG03710.verkko_filt_pat.fa:haplotype2_0000488_101614437_102218208_0$HG02300.verkko_filt_mat.fa:haplotype1_0000028_144052837_144460586_1	0.9826973970165451 1KGrel
NA10865 chr1_hg38_103456064_103863972_0$HG03710.verkko_filt_pat.fa:haplotype2_0000488_101614437_102218208_0	0.9826444671482876 1KGrel
NA10865 chr1_hg19_103998686_104406594_0$HG03710.verkko_filt_pat.fa:haplotype2_0000488_101614437_102218208_0	0.9826444671482876 1KGrel
NA10865 HG03516#1#JAGYYT010000012.1_24170958_24578778_1$HG03710.verkko_filt_pat.fa:haplotype2_0000488_101614437_102218208_0	0.9826370993562743 1KGrel
NA10865 NA19240#2#JAHEOL010000010.1_37445323_37853017_0$HG03710.verkko_filt_pat.fa:haplotype2_0000488_101614437_102218208_0	0.9826051889839414 1KGrel
NA10865 HG02080#1#JAHEOW010000048.1_16689583_17097287_0$HG03710.verkko_filt_pat.fa:haplotype2_0000488_101614437_102218208_0	0.9825851518777858 1KGrel
NA10865 HG005#2#JAHEPN010000023.1_51542210_51950070_0$HG03710.verkko_filt_pat.fa:haplotype2_0000488_101614437_102218208_0	0.9825168260749253 1KGrel
NA10865 HG03710.verkko_filt_pat.fa:haplotype2_0000488_101614437_102218208_0$HG002.verkko_filt_mat.fa:haplotype1_0000005_138228497_138636354_1	0.9824649126279036 1KGrel
NA10865 HG02071.verkko_filt_mat.fa:haplotype1_0000041_103610513_104018399_0$HG03710.verkko_filt_pat.fa:haplotype2_0000488_101614437_102218208_0	0.9824289323076358 1KGrel
NA10865 HG01978#2#JAGYVR010000007.1_51532241_51939176_0$HG03710.verkko_filt_pat.fa:haplotype2_0000488_101614437_102218208_0	0.9823958674421909 1KGrel
NA10865 HG00741#1#JAHALY010000007.1_18781197_19307680_1$HG03540#2#JAGYVX010000148.1_1368955_1877115_0	0.9823911647359992 1KGrel
NA10865 HG01928#1#JAGYVQ010000053.1_16676493_17083407_0$HG03710.verkko_filt_pat.fa:haplotype2_0000488_101614437_102218208_0	0.9823642095750029 1KGrel
NA10865 HG03486#1#JAHEOQ010000123.1_16677696_17085575_0$HG03710.verkko_filt_pat.fa:haplotype2_0000488_101614437_102218208_0	0.9823481651924120 1KGrel
NA10865 HG03486#2#JAHEOP010000248.1_2105565_2584784_1$HG03540#2#JAGYVX010000148.1_1368955_1877115_0	0.9823405699506172 1KGrel
NA10865 HG03516#2#JAGYYS010000004.1_24452130_24859892_1$HG03710.verkko_filt_pat.fa:haplotype2_0000488_101614437_102218208_0	0.9823144807461638 1KGrel
NA10865 HG02109#1#JAHEPG010000026.1_16673035_17080816_0$HG03710.verkko_filt_pat.fa:haplotype2_0000488_101614437_102218208_0	0.9823102981431903 1KGrel
NA10865 HG00621#2#JAHBCC010000031.1_16669999_17077865_0$HG03710.verkko_filt_pat.fa:haplotype2_0000488_101614437_102218208_0	0.9823096832056659 1KGrel
NA10865 HG02559#1#JAGYVK010000012.1_51505852_51913611_0$HG03710.verkko_filt_pat.fa:haplotype2_0000488_101614437_102218208_0	0.9822973872556120 1KGrel
NA10865 AV_HG02148#haplotype2#0002863:16304803$16712699$HG03710.verkko_filt_pat.fa:haplotype2_0000488_101614437_102218208_0	0.9822938839720629 1KGrel
NA10865 HG01258#2#JAGYYU010000072.1_51562603_51970395_0$HG03710.verkko_filt_pat.fa:haplotype2_0000488_101614437_102218208_0	0.9822901259977792 1KGrel
NA10865 AV_HG01175#haplotype1#0000070:46006269$46414083$HG03710.verkko_filt_pat.fa:haplotype2_0000488_101614437_102218208_0	0.9822885988915339 1KGrel
NA10865 NA20129#2#JAHEPD010000155.1_90039_569275_0$HG03540#2#JAGYVX010000148.1_1368955_1877115_0	0.9822867327235223 1KGrel
NA10865 HG02004.verkko_filt_mat.fa:haplotype1_0000022_97828542_98235483_0$HG03710.verkko_filt_pat.fa:haplotype2_0000488_101614437_102218208_0	0.9822824822113041 1KGrel
NA10865 HG03579#1#JAGYVU010000029.1_91404_499180_0$HG03710.verkko_filt_pat.fa:haplotype2_0000488_101614437_102218208_0	0.9822686280516013 1KGrel
NA10865 HG02622#2#JAHAON010000012.1_51551779_52031001_0$HG03540#2#JAGYVX010000148.1_1368955_1877115_0	0.9822641523922385 1KGrel
NA10865 NA19240#1#JAHEOM010000047.1_30103390_30511199_1$HG03710.verkko_filt_pat.fa:haplotype2_0000488_101614437_102218208_0	0.9822387274954796 1KGrel
NA10865 HG03453#2#JAGYVV010000088.1_22597550_23005370_1$HG03710.verkko_filt_pat.fa:haplotype2_0000488_101614437_102218208_0	0.9822170619282814 1KGrel
NA10865 HG02818#2#JAHEOR010000010.1_31775319_32183091_1$HG03710.verkko_filt_pat.fa:haplotype2_0000488_101614437_102218208_0	0.9822052880960137 1KGrel
NA10865 HG03710.verkko_filt_pat.fa:haplotype2_0000488_101614437_102218208_0$HG02300.verkko_filt_pat.fa:haplotype2_0000620_143362344_143769323_1	0.9821728758805588 1KGrel
NA10865 HG005#1#JAHEPO010000002.1_51519219_51926067_0$HG03710.verkko_filt_pat.fa:haplotype2_0000488_101614437_102218208_0	0.9821193882818007 1KGrel
NA10865 HG01123#1#JAGYYZ010000015.1_51528240_51935090_0$HG03710.verkko_filt_pat.fa:haplotype2_0000488_101614437_102218208_0	0.9820628877911464 1KGrel
NA10865 HG03492#1#JAHEPI010000180.1_2103395_2543326_1$HG03540#2#JAGYVX010000148.1_1368955_1877115_0	0.9820487883488404 1KGrel
NA10865 HG02717#2#JAHAOR010000006.1_19663827_20070693_1$HG03710.verkko_filt_pat.fa:haplotype2_0000488_101614437_102218208_0	0.9820257850494076 1KGrel
NA10865 HG03710.verkko_filt_pat.fa:haplotype2_0000488_101614437_102218208_0$HG02809.verkko_filt_pat.fa:haplotype2_0001251_103421111_103827972_0	0.9819707180895522 1KGrel
NA10865 HG01109#1#JAHEPA010000099.1_2104245_2511104_1$HG03710.verkko_filt_pat.fa:haplotype2_0000488_101614437_102218208_0	0.9819565045244164 1KGrel
NA10865 HG00741#2#JAHALX010000013.1_51574319_51981226_0$HG03710.verkko_filt_pat.fa:haplotype2_0000488_101614437_102218208_0	0.9819360681644191 1KGrel
NA10865 HG00438#1#JAHBCB010000015.1_33474867_33954171_0$HG03540#2#JAGYVX010000148.1_1368955_1877115_0	0.9818950660499755 1KGrel
NA10865 HG03540#2#JAGYVX010000148.1_1368955_1877115_0$HG002.verkko_filt_pat.fa:haplotype2_0000649_147937390_148315979_1	0.9818442478036111 1KGrel
NA10865 HG02559#2#JAGYVJ010000037.1_52167780_52574597_1$HG03710.verkko_filt_pat.fa:haplotype2_0000488_101614437_102218208_0	0.9817333843084706 1KGrel
NA10865 HG03540#2#JAGYVX010000148.1_1368955_1877115_0$HG01109#2#JAHEOZ010000047.1_16671232_17151375_0	0.9817288887869681 1KGrel
NA10865 HG03453#1#JAGYVW010000157.1_2105722_2585000_1$HG03540#2#JAGYVX010000148.1_1368955_1877115_0	0.9815022567939498 1KGrel
NA10865 HG01358#1#JAGYZB010000020.1_27445742_27855492_1$HG03710.verkko_filt_pat.fa:haplotype2_0000488_101614437_102218208_0	0.9814878609519400 1KGrel
NA10865 HG03098#1#JAHEPM010000059.1_16676208_17105596_0$HG03710.verkko_filt_pat.fa:haplotype2_0000488_101614437_102218208_0	0.9814526085407125 1KGrel
NA10865 HG02630#2#JAHAOP010000089.1_16669255_17076135_0$HG03710.verkko_filt_pat.fa:haplotype2_0000488_101614437_102218208_0	0.9814425240136495 1KGrel
NA10865 HG02145#2#JAHKSF010000206.1_1005292_1413195_1$HG03710.verkko_filt_pat.fa:haplotype2_0000488_101614437_102218208_0	0.9813902852984999 1KGrel
NA10865 HG03710.verkko_filt_pat.fa:haplotype2_0000488_101614437_102218208_0$HG02647.verkko_filt_mat.fa:haplotype1_0000002_103892584_104321036_0	0.9813612688787408 1KGrel
NA10865 AV_HG02257#haplotype2#0001152:102843493$103251377$HG03710.verkko_filt_pat.fa:haplotype2_0000488_101614437_102218208_0	0.9813293377419268 1KGrel
NA10865 HG03710.verkko_filt_pat.fa:haplotype2_0000488_101614437_102218208_0$HG002.verkko_filt_pat.fa:haplotype2_0000649_147937390_148315979_1	0.9812851275056793 1KGrel
NA10865 HG02055#2#JAHEPJ010000017.1_24870122_25298560_1$HG03710.verkko_filt_pat.fa:haplotype2_0000488_101614437_102218208_0	0.9812406720795589 1KGrel
NA10865 HG02886#1#JAHAOU010000178.1_62411_469262_0$HG03710.verkko_filt_pat.fa:haplotype2_0000488_101614437_102218208_0	0.9811675505855610 1KGrel
NA10865 HG03710.verkko_filt_pat.fa:haplotype2_0000488_101614437_102218208_0$HG02809.verkko_filt_mat.fa:haplotype1_0000023_94161320_94589755_0	0.9811307735856213 1KGrel
NA10865 HG02818#1#JAHEOS010000101.1_89626_496613_0$HG03710.verkko_filt_pat.fa:haplotype2_0000488_101614437_102218208_0	0.9811259429251914 1KGrel
NA10865 HG02630#1#JAHAOQ010000102.1_16672145_17079089_0$HG03710.verkko_filt_pat.fa:haplotype2_0000488_101614437_102218208_0	0.9811188184555555 1KGrel
NA10865 HG02486#2#JAGYVL010000029.1_94163344_94570162_0$HG03710.verkko_filt_pat.fa:haplotype2_0000488_101614437_102218208_0	0.9811124831429870 1KGrel
NA10865 HG02717#1#JAHAOS010000015.1_16660311_17067250_0$HG03710.verkko_filt_pat.fa:haplotype2_0000488_101614437_102218208_0	0.9811059117934927 1KGrel
NA10865 NA18906#1#JAHEOO010000054.1_2103477_2510435_1$HG03710.verkko_filt_pat.fa:haplotype2_0000488_101614437_102218208_0	0.9810850240634345 1KGrel
NA10865 HG02622#1#JAHAOO010000002.1_16673678_17080663_0$HG03710.verkko_filt_pat.fa:haplotype2_0000488_101614437_102218208_0	0.9810714019033613 1KGrel
NA10865 HG01071#1#JAHBCF010000053.1_26607100_27108065_1$HG03540#2#JAGYVX010000148.1_1368955_1877115_0	0.9807480409062741 1KGrel
NA10865 HG01258#1#JAGYYV010000004.1_56955948_57456952_1$HG03540#2#JAGYVX010000148.1_1368955_1877115_0	0.9806591156950978 1KGrel
NA10865 HG03540#2#JAGYVX010000148.1_1368955_1877115_0$NA18906#2#JAHEON010000009.1_93748295_94249275_0	0.9802498346328102 1KGrel
NA10865 HG03540#2#JAGYVX010000148.1_1368955_1877115_0$HG02486#1#JAGYVM010000007.1_28868414_29370339_1	0.9802475109113785 1KGrel
NA10865 HG03540#2#JAGYVX010000148.1_1368955_1877115_0$HG03540#1#JAGYVY010000208.1_95187_596142_0	0.9800713644474324 1KGrel
NA10865 HG01358#1#JAGYZB010000020.1_27445742_27855492_1$HG01099.verkko_filt_pat.fa:haplotype2_0000583_143544270_144046196_1	0.9800348661521813 1KGrel
NA10865 HG03540#1#JAGYVY010000208.1_95187_596142_0$HG01358#1#JAGYZB010000020.1_27445742_27855492_1	0.9800251983014514 1KGrel
NA10865 HG01358#1#JAGYZB010000020.1_27445742_27855492_1$HG03927.verkko_filt_pat.fa:haplotype2_0000800_29002142_29504057_1	0.9799895984368883 1KGrel
NA10865 HG03540#2#JAGYVX010000148.1_1368955_1877115_0$HG03927.verkko_filt_pat.fa:haplotype2_0000800_29002142_29504057_1	0.9799364575214485 1KGrel
NA10865 HG03540#2#JAGYVX010000148.1_1368955_1877115_0$HG01099.verkko_filt_pat.fa:haplotype2_0000583_143544270_144046196_1	0.9799266354961420 1KGrel
NA10865 HG00741#1#JAHALY010000007.1_18781197_19307680_1$HG01071#1#JAHBCF010000053.1_26607100_27108065_1	0.9797131812518675 1KGrel
NA10865 HG03492#1#JAHEPI010000180.1_2103395_2543326_1$HG03710.verkko_filt_pat.fa:haplotype2_0000488_101614437_102218208_0	0.9796341927779795 1KGrel
NA10865 HG00741#1#JAHALY010000007.1_18781197_19307680_1$HG01258#1#JAGYYV010000004.1_56955948_57456952_1	0.9796190686881106 1KGrel
NA10865 HG03540#2#JAGYVX010000148.1_1368955_1877115_0$HG04228.verkko_filt_pat.fa:haplotype2_0000600_103806749_104119491_0	0.9796110201845654 1KGrel
NA10865 HG00741#1#JAHALY010000007.1_18781197_19307680_1$HG03710.verkko_filt_pat.fa:haplotype2_0000488_101614437_102218208_0	0.9796052809273855 1KGrel
NA10865 HG03540#2#JAGYVX010000148.1_1368955_1877115_0$HG02109#2#JAHEPF010000078.1_16678387_16991144_0	0.9795940579475982 1KGrel
NA10865 HG03540#2#JAGYVX010000148.1_1368955_1877115_0$HG01891#1#JAGYVO010000014.1_22855818_23168577_1	0.9795779419152764 1KGrel
NA10865 HG02486#1#JAGYVM010000007.1_28868414_29370339_1$HG01358#1#JAGYZB010000020.1_27445742_27855492_1	0.9794884954998161 1KGrel
NA10865 HG03540#2#JAGYVX010000148.1_1368955_1877115_0$HG02647.verkko_filt_pat.fa:haplotype2_0000857_103738150_104051769_0	0.9794646437511997 1KGrel
NA10865 HG03579#2#JAGYVT010000094.1_51581892_51895531_0$HG03540#2#JAGYVX010000148.1_1368955_1877115_0	0.9794587696148589 1KGrel
NA10865 AV_HG01106#haplotype2#0000932:16673968$17175925$HG01358#1#JAGYZB010000020.1_27445742_27855492_1	0.9793890970618748 1KGrel
NA10865 HG00741#1#JAHALY010000007.1_18781197_19307680_1$HG01358#1#JAGYZB010000020.1_27445742_27855492_1	0.9793862829214951 1KGrel
NA10865 HG00741#1#JAHALY010000007.1_18781197_19307680_1$HG02486#1#JAGYVM010000007.1_28868414_29370339_1	0.9793596593751706 1KGrel
NA10865 HG01071#1#JAHBCF010000053.1_26607100_27108065_1$HG01358#1#JAGYZB010000020.1_27445742_27855492_1	0.9792806303258835 1KGrel
NA10865 HG00741#1#JAHALY010000007.1_18781197_19307680_1$HG03540#1#JAGYVY010000208.1_95187_596142_0	0.9791990491509730 1KGrel
NA10865 HG01258#1#JAGYYV010000004.1_56955948_57456952_1$HG01358#1#JAGYZB010000020.1_27445742_27855492_1	0.9791975657385472 1KGrel
NA10865 AV_HG01106#haplotype2#0000932:16673968$17175925$HG03540#2#JAGYVX010000148.1_1368955_1877115_0	0.9790780690386731 1KGrel
NA10865 HG00741#1#JAHALY010000007.1_18781197_19307680_1$NA18906#2#JAHEON010000009.1_93748295_94249275_0	0.9790637026784839 1KGrel
NA10865 HG01358#1#JAGYZB010000020.1_27445742_27855492_1$HG02293.verkko_filt_pat.fa:haplotype2_0000836_148310532_148812524_1	0.9790433004517303 1KGrel
NA10865 HG00741#1#JAHALY010000007.1_18781197_19307680_1$HG01099.verkko_filt_pat.fa:haplotype2_0000583_143544270_144046196_1	0.9790306971399608 1KGrel
NA10865 AV_HG00673#haplotype1#0000019:16627360$17129375$HG01358#1#JAGYZB010000020.1_27445742_27855492_1	0.9790121203135946 1KGrel
NA10865 HG02723#1#JAHEOU010000204.1_2102082_2414876_1$HG03540#2#JAGYVX010000148.1_1368955_1877115_0	0.9789962327176335 1KGrel
NA10865 HG02080#2#JAHEOV010000017.1_16662177_17164189_0$HG01358#1#JAGYZB010000020.1_27445742_27855492_1	0.9789257921476698 1KGrel
NA10865 HG01978#1#JAGYVS010000002.1_51519970_52021951_0$HG01358#1#JAGYZB010000020.1_27445742_27855492_1	0.9788914470275865 1KGrel
NA10865 HG03540#2#JAGYVX010000148.1_1368955_1877115_0$HG02293.verkko_filt_mat.fa:haplotype1_0000039_30204405_30517145_1	0.9788667659441748 1KGrel
NA10865 HG01978#1#JAGYVS010000002.1_51519970_52021951_0$HG03540#2#JAGYVX010000148.1_1368955_1877115_0	0.9788122489096538 1KGrel
NA10865 HG01123#2#JAGYYY010000006.1_51579630_51892388_0$HG03540#2#JAGYVX010000148.1_1368955_1877115_0	0.9787953857858656 1KGrel
NA10865 HG00741#1#JAHALY010000007.1_18781197_19307680_1$HG03927.verkko_filt_pat.fa:haplotype2_0000800_29002142_29504057_1	0.9787926313447167 1KGrel
NA10865 AV_HG00673#haplotype1#0000019:16627360$17129375$HG03540#2#JAGYVX010000148.1_1368955_1877115_0	0.9787746682955976 1KGrel
NA10865 NA18906#2#JAHEON010000009.1_93748295_94249275_0$HG01358#1#JAGYZB010000020.1_27445742_27855492_1	0.9787514277138077 1KGrel
NA10865 AV_HG01361#haplotype2#0001322:101872897$102186552$HG03540#2#JAGYVX010000148.1_1368955_1877115_0	0.9787426240856782 1KGrel
NA10865 HG02080#2#JAHEOV010000017.1_16662177_17164189_0$HG03540#2#JAGYVX010000148.1_1368955_1877115_0	0.9787386481701210 1KGrel
NA10865 HG01109#2#JAHEOZ010000047.1_16671232_17151375_0$HG03710.verkko_filt_pat.fa:haplotype2_0000488_101614437_102218208_0	0.9787346635440926 1KGrel
NA10865 HG03540#2#JAGYVX010000148.1_1368955_1877115_0$HG02293.verkko_filt_pat.fa:haplotype2_0000836_148310532_148812524_1	0.9787092450200923 1KGrel
NA10865 HG00621#1#JAHBCD010000034.1_2122997_2624098_1$HG03540#2#JAGYVX010000148.1_1368955_1877115_0	0.9787066398189793 1KGrel
NA10865 HG03540#2#JAGYVX010000148.1_1368955_1877115_0$HG03710.verkko_filt_mat.fa:haplotype1_0000029_102593394_102907063_0	0.9787013305635437 1KGrel
NA10865 HG01358#1#JAGYZB010000020.1_27445742_27855492_1$HG02071.verkko_filt_pat.fa:haplotype2_0000736_102745972_103248026_0	0.9786935091768078 1KGrel
NA10865 HG03098#2#JAHEPL010000003.1_93803759_94117426_0$HG03540#2#JAGYVX010000148.1_1368955_1877115_0	0.9786698509660245 1KGrel
NA10865 HG01358#1#JAGYZB010000020.1_27445742_27855492_1$HG04228.verkko_filt_mat.fa:haplotype1_0000023_103429213_103930285_0	0.9786365553166593 1KGrel
NA10865 HG03540#2#JAGYVX010000148.1_1368955_1877115_0$HG04228.verkko_filt_mat.fa:haplotype1_0000023_103429213_103930285_0	0.9786283013762771 1KGrel
NA10865 HG03540#2#JAGYVX010000148.1_1368955_1877115_0$HG02647.verkko_filt_mat.fa:haplotype1_0000002_103892584_104321036_0	0.9786157856564626 1KGrel
NA10865 HG00621#1#JAHBCD010000034.1_2122997_2624098_1$HG01358#1#JAGYZB010000020.1_27445742_27855492_1	0.9785851389339728 1KGrel
NA10865 HG03540#2#JAGYVX010000148.1_1368955_1877115_0$HG02886#2#JAHAOT010000031.1_87393_401061_0	0.9785652032985710 1KGrel
NA10865 HG03540#2#JAGYVX010000148.1_1368955_1877115_0$HG02071.verkko_filt_pat.fa:haplotype2_0000736_102745972_103248026_0	0.9785305560974147 1KGrel
NA10865 HG03540#2#JAGYVX010000148.1_1368955_1877115_0$HG02055#2#JAHEPJ010000017.1_24870122_25298560_1	0.9785275142987403 1KGrel
NA10865 HG00438#1#JAHBCB010000015.1_33474867_33954171_0$HG03710.verkko_filt_pat.fa:haplotype2_0000488_101614437_102218208_0	0.9785207230590190 1KGrel
NA10865 HG03540#2#JAGYVX010000148.1_1368955_1877115_0$HG02809.verkko_filt_mat.fa:haplotype1_0000023_94161320_94589755_0	0.9784118448385815 1KGrel
NA10865 HG03486#2#JAHEOP010000248.1_2105565_2584784_1$HG03710.verkko_filt_pat.fa:haplotype2_0000488_101614437_102218208_0	0.9783012357095090 1KGrel
NA10865 HG03540#2#JAGYVX010000148.1_1368955_1877115_0$HG03098#1#JAHEPM010000059.1_16676208_17105596_0	0.9780957391590817 1KGrel
NA10865 AV_HG01106#haplotype2#0000932:16673968$17175925$HG00741#1#JAHALY010000007.1_18781197_19307680_1	0.9780153763097531 1KGrel
NA10865 HG02622#2#JAHAON010000012.1_51551779_52031001_0$HG03710.verkko_filt_pat.fa:haplotype2_0000488_101614437_102218208_0	0.9779806751318609 1KGrel
NA10865 NA20129#2#JAHEPD010000155.1_90039_569275_0$HG03710.verkko_filt_pat.fa:haplotype2_0000488_101614437_102218208_0	0.9779442912031981 1KGrel
NA10865 HG01109#2#JAHEOZ010000047.1_16671232_17151375_0$HG01358#1#JAGYZB010000020.1_27445742_27855492_1	0.9777478478901164 1KGrel
NA10865 HG00438#1#JAHBCB010000015.1_33474867_33954171_0$HG01358#1#JAGYZB010000020.1_27445742_27855492_1	0.9777455077014960 1KGrel
NA10865 HG03540#2#JAGYVX010000148.1_1368955_1877115_0$HG00733#1#JAHEPQ010000019.1_46106835_46420495_0	0.9777081284048043 1KGrel
NA10865 HG00741#1#JAHALY010000007.1_18781197_19307680_1$HG02293.verkko_filt_pat.fa:haplotype2_0000836_148310532_148812524_1	0.9776401300069860 1KGrel
NA10865 HG00741#1#JAHALY010000007.1_18781197_19307680_1$HG01978#1#JAGYVS010000002.1_51519970_52021951_0	0.9776400747587873 1KGrel
NA10865 AV_HG00673#haplotype1#0000019:16627360$17129375$HG00741#1#JAHALY010000007.1_18781197_19307680_1	0.9776319202210850 1KGrel
NA10865 HG00741#1#JAHALY010000007.1_18781197_19307680_1$HG04228.verkko_filt_mat.fa:haplotype1_0000023_103429213_103930285_0	0.9775924035889378 1KGrel
NA10865 HG00741#1#JAHALY010000007.1_18781197_19307680_1$HG02080#2#JAHEOV010000017.1_16662177_17164189_0	0.9775706273282252 1KGrel
NA10865 HG00621#1#JAHBCD010000034.1_2122997_2624098_1$HG00741#1#JAHALY010000007.1_18781197_19307680_1	0.9775667966534562 1KGrel
NA10865 HG00741#1#JAHALY010000007.1_18781197_19307680_1$HG01123#1#JAGYYZ010000015.1_51528240_51935090_0	0.9774706951652276 1KGrel
NA10865 HG00438#2#JAHBCA010000012.1_51513023_51826723_0$HG03540#2#JAGYVX010000148.1_1368955_1877115_0	0.9774434896588718 1KGrel
NA10865 HG00741#1#JAHALY010000007.1_18781197_19307680_1$HG02071.verkko_filt_pat.fa:haplotype2_0000736_102745972_103248026_0	0.9773689881204513 1KGrel
NA10865 HG00741#1#JAHALY010000007.1_18781197_19307680_1$HG02717#2#JAHAOR010000006.1_19663827_20070693_1	0.9773389679253527 1KGrel
NA10865 HG00741#1#JAHALY010000007.1_18781197_19307680_1$HG01258#2#JAGYYU010000072.1_51562603_51970395_0	0.9773300077329036 1KGrel
NA10865 HG03453#1#JAGYVW010000157.1_2105722_2585000_1$HG03710.verkko_filt_pat.fa:haplotype2_0000488_101614437_102218208_0	0.9773018423151488 1KGrel
NA10865 HG00741#1#JAHALY010000007.1_18781197_19307680_1$HG005#1#JAHEPO010000002.1_51519219_51926067_0	0.9772795031977315 1KGrel
NA10865 HG00741#1#JAHALY010000007.1_18781197_19307680_1$HG01109#1#JAHEPA010000099.1_2104245_2511104_1	0.9771587107610539 1KGrel
NA10865 HG00741#1#JAHALY010000007.1_18781197_19307680_1$HG00741#2#JAHALX010000013.1_51574319_51981226_0	0.9771120278565407 1KGrel
NA10865 HG00741#1#JAHALY010000007.1_18781197_19307680_1$HG02809.verkko_filt_pat.fa:haplotype2_0001251_103421111_103827972_0	0.9768839379160590 1KGrel
NA10865 HG00741#1#JAHALY010000007.1_18781197_19307680_1$HG02486#2#JAGYVL010000029.1_94163344_94570162_0	0.9768173872475912 1KGrel
NA10865 HG00741#1#JAHALY010000007.1_18781197_19307680_1$HG02886#1#JAHAOU010000178.1_62411_469262_0	0.9767426664944119 1KGrel
NA10865 HG00741#1#JAHALY010000007.1_18781197_19307680_1$HG02559#2#JAGYVJ010000037.1_52167780_52574597_1	0.9766862519647829 1KGrel
NA10865 NA20129#2#JAHEPD010000155.1_90039_569275_0$HG01358#1#JAGYZB010000020.1_27445742_27855492_1	0.9766487054684347 1KGrel
NA10865 HG03486#2#JAHEOP010000248.1_2105565_2584784_1$HG01358#1#JAGYZB010000020.1_27445742_27855492_1	0.9766354359270814 1KGrel
NA10865 HG02622#2#JAHAON010000012.1_51551779_52031001_0$HG01358#1#JAGYZB010000020.1_27445742_27855492_1	0.9765710097530487 1KGrel
NA10865 HG00741#1#JAHALY010000007.1_18781197_19307680_1$HG03927.verkko_filt_mat.fa:haplotype1_0000009_134765170_135173010_1	0.9765146617415903 1KGrel
NA10865 HG00741#1#JAHALY010000007.1_18781197_19307680_1$HG02630#2#JAHAOP010000089.1_16669255_17076135_0	0.9764765787053885 1KGrel
NA10865 HG00741#1#JAHALY010000007.1_18781197_19307680_1$HG02109#1#JAHEPG010000026.1_16673035_17080816_0	0.9764733956591012 1KGrel
NA10865 HG00741#1#JAHALY010000007.1_18781197_19307680_1$HG02300.verkko_filt_mat.fa:haplotype1_0000028_144052837_144460586_1	0.9763882476578390 1KGrel
NA10865 HG00741#1#JAHALY010000007.1_18781197_19307680_1$HG02559#1#JAGYVK010000012.1_51505852_51913611_0	0.9763517103538739 1KGrel
NA10865 HG02818#2#JAHEOR010000010.1_31775319_32183091_1$HG00741#1#JAHALY010000007.1_18781197_19307680_1	0.9763167420462956 1KGrel
NA10865 HG00741#1#JAHALY010000007.1_18781197_19307680_1$HG03516#2#JAGYYS010000004.1_24452130_24859892_1	0.9762905893305159 1KGrel
NA10865 HG00741#1#JAHALY010000007.1_18781197_19307680_1$HG01099.verkko_filt_mat.fa:haplotype1_0000034_142513097_142920876_1	0.9762881692183867 1KGrel
NA10865 HG00741#1#JAHALY010000007.1_18781197_19307680_1$HG03579#1#JAGYVU010000029.1_91404_499180_0	0.9762537638943241 1KGrel
NA10865 HG00741#1#JAHALY010000007.1_18781197_19307680_1$NA19240#1#JAHEOM010000047.1_30103390_30511199_1	0.9762121593624841 1KGrel
NA10865 HG02080#1#JAHEOW010000048.1_16689583_17097287_0$HG00741#1#JAHALY010000007.1_18781197_19307680_1	0.9762103426710899 1KGrel
NA10865 HG00741#1#JAHALY010000007.1_18781197_19307680_1$NA19240#2#JAHEOL010000010.1_37445323_37853017_0	0.9762100702847248 1KGrel
NA10865 AV_HG01361#haplotype1#0000023:101593539$102001341$HG00741#1#JAHALY010000007.1_18781197_19307680_1	0.9761633325529293 1KGrel
NA10865 HG00741#1#JAHALY010000007.1_18781197_19307680_1$HG02630#1#JAHAOQ010000102.1_16672145_17079089_0	0.9761378522976456 1KGrel
NA10865 AV_HG02257#haplotype2#0001152:102843493$103251377$HG00741#1#JAHALY010000007.1_18781197_19307680_1	0.9760630279533392 1KGrel
NA10865 HG00741#1#JAHALY010000007.1_18781197_19307680_1$HG03516#1#JAGYYT010000012.1_24170958_24578778_1	0.9760582132582106 1KGrel
NA10865 HG00741#1#JAHALY010000007.1_18781197_19307680_1$HG02818#1#JAHEOS010000101.1_89626_496613_0	0.9760460298525473 1KGrel
NA10865 HG00741#1#JAHALY010000007.1_18781197_19307680_1$HG02717#1#JAHAOS010000015.1_16660311_17067250_0	0.9760421507152452 1KGrel
NA10865 HG00741#1#JAHALY010000007.1_18781197_19307680_1$NA18906#1#JAHEOO010000054.1_2103477_2510435_1	0.9760001076208263 1KGrel
NA10865 HG00741#1#JAHALY010000007.1_18781197_19307680_1$HG02145#2#JAHKSF010000206.1_1005292_1413195_1	0.9759996351610764 1KGrel
NA10865 HG00741#1#JAHALY010000007.1_18781197_19307680_1$HG02622#1#JAHAOO010000002.1_16673678_17080663_0	0.9759727919642537 1KGrel
NA10865 HG01358#1#JAGYZB010000020.1_27445742_27855492_1$HG03927.verkko_filt_mat.fa:haplotype1_0000009_134765170_135173010_1	0.9758558201426434 1KGrel
NA10865 HG03710.verkko_filt_pat.fa:haplotype2_0000488_101614437_102218208_0$HG03927.verkko_filt_pat.fa:haplotype2_0000800_29002142_29504057_1	0.9757613946420344 1KGrel
NA10865 AV_HG00673#haplotype2#0001165:24014011$24421797$HG00741#1#JAHALY010000007.1_18781197_19307680_1	0.9757412870636047 1KGrel
NA10865 HG01358#1#JAGYZB010000020.1_27445742_27855492_1$HG02300.verkko_filt_mat.fa:haplotype1_0000028_144052837_144460586_1	0.9755377057600576 1KGrel
NA10865 HG03453#1#JAGYVW010000157.1_2105722_2585000_1$HG01358#1#JAGYZB010000020.1_27445742_27855492_1	0.9754737366474803 1KGrel
NA10865 HG00741#1#JAHALY010000007.1_18781197_19307680_1$NA20129#2#JAHEPD010000155.1_90039_569275_0	0.9754656671031144 1KGrel
NA10865 AV_HG01106#haplotype2#0000932:16673968$17175925$HG03710.verkko_filt_pat.fa:haplotype2_0000488_101614437_102218208_0	0.9753974540178967 1KGrel
NA10865 HG01358#1#JAGYZB010000020.1_27445742_27855492_1$HG01099.verkko_filt_mat.fa:haplotype1_0000034_142513097_142920876_1	0.9753971075456359 1KGrel
NA10865 HG00741#1#JAHALY010000007.1_18781197_19307680_1$HG02622#2#JAHAON010000012.1_51551779_52031001_0	0.9753893740147783 1KGrel
NA10865 HG02818#2#JAHEOR010000010.1_31775319_32183091_1$HG01358#1#JAGYZB010000020.1_27445742_27855492_1	0.9753811626514231 1KGrel
NA10865 AV_HG01175#haplotype1#0000070:46006269$46414083$HG00741#1#JAHALY010000007.1_18781197_19307680_1	0.9753599783916007 1KGrel
NA10865 HG00741#1#JAHALY010000007.1_18781197_19307680_1$HG02071.verkko_filt_mat.fa:haplotype1_0000041_103610513_104018399_0	0.9753067917723112 1KGrel
NA10865 HG01358#1#JAGYZB010000020.1_27445742_27855492_1$NA19240#2#JAHEOL010000010.1_37445323_37853017_0	0.9752990483382642 1KGrel
NA10865 AV_HG00673#haplotype1#0000019:16627360$17129375$HG03710.verkko_filt_pat.fa:haplotype2_0000488_101614437_102218208_0	0.9752962047047812 1KGrel
NA10865 HG00741#1#JAHALY010000007.1_18781197_19307680_1$HG002.verkko_filt_mat.fa:haplotype1_0000005_138228497_138636354_1	0.9752934291989207 1KGrel
NA10865 HG02080#1#JAHEOW010000048.1_16689583_17097287_0$HG01358#1#JAGYZB010000020.1_27445742_27855492_1	0.9752910523379290 1KGrel
NA10865 HG02559#1#JAGYVK010000012.1_51505852_51913611_0$HG01358#1#JAGYZB010000020.1_27445742_27855492_1	0.9752856313991355 1KGrel
NA10865 HG00741#1#JAHALY010000007.1_18781197_19307680_1$HG03453#2#JAGYVV010000088.1_22597550_23005370_1	0.9752809916904440 1KGrel
NA10865 AV_HG01361#haplotype1#0000023:101593539$102001341$HG01358#1#JAGYZB010000020.1_27445742_27855492_1	0.9752764820657915 1KGrel
NA10865 HG02080#2#JAHEOV010000017.1_16662177_17164189_0$HG03710.verkko_filt_pat.fa:haplotype2_0000488_101614437_102218208_0	0.9752631955802779 1KGrel
NA10865 HG01358#1#JAGYZB010000020.1_27445742_27855492_1$HG03579#1#JAGYVU010000029.1_91404_499180_0	0.9752617379937039 1KGrel
NA10865 HG00741#1#JAHALY010000007.1_18781197_19307680_1$HG01928#1#JAGYVQ010000053.1_16676493_17083407_0	0.9752547549033648 1KGrel
NA10865 HG00741#1#JAHALY010000007.1_18781197_19307680_1$HG01978#2#JAGYVR010000007.1_51532241_51939176_0	0.9752496632664533 1KGrel
NA10865 HG00741#1#JAHALY010000007.1_18781197_19307680_1$chr1_hg38_103456064_103863972_0	0.9752386555669214 1KGrel
NA10865 HG00741#1#JAHALY010000007.1_18781197_19307680_1$chr1_hg19_103998686_104406594_0	0.9752386555669214 1KGrel
NA10865 HG03516#2#JAGYYS010000004.1_24452130_24859892_1$HG01358#1#JAGYZB010000020.1_27445742_27855492_1	0.9752370040511787 1KGrel
NA10865 HG00741#1#JAHALY010000007.1_18781197_19307680_1$HG03486#1#JAHEOQ010000123.1_16677696_17085575_0	0.9752365278476458 1KGrel
NA10865 HG00741#1#JAHALY010000007.1_18781197_19307680_1$HG00438#1#JAHBCB010000015.1_33474867_33954171_0	0.9752074256823688 1KGrel
NA10865 HG00741#1#JAHALY010000007.1_18781197_19307680_1$HG02004.verkko_filt_mat.fa:haplotype1_0000022_97828542_98235483_0	0.9752046241197284 1KGrel
NA10865 HG00741#1#JAHALY010000007.1_18781197_19307680_1$HG005#2#JAHEPN010000023.1_51542210_51950070_0	0.9751951005930396 1KGrel
NA10865 HG03710.verkko_filt_pat.fa:haplotype2_0000488_101614437_102218208_0$HG02293.verkko_filt_pat.fa:haplotype2_0000836_148310532_148812524_1	0.9751755493953691 1KGrel
NA10865 HG01978#1#JAGYVS010000002.1_51519970_52021951_0$HG03710.verkko_filt_pat.fa:haplotype2_0000488_101614437_102218208_0	0.9751665755775991 1KGrel
NA10865 HG03516#1#JAGYYT010000012.1_24170958_24578778_1$HG01358#1#JAGYZB010000020.1_27445742_27855492_1	0.9751564697486632 1KGrel
NA10865 HG00621#2#JAHBCC010000031.1_16669999_17077865_0$HG00741#1#JAHALY010000007.1_18781197_19307680_1	0.9751369935986889 1KGrel
NA10865 AV_HG02148#haplotype2#0002863:16304803$16712699$HG00741#1#JAHALY010000007.1_18781197_19307680_1	0.9751310069926514 1KGrel
NA10865 HG00741#1#JAHALY010000007.1_18781197_19307680_1$HG02300.verkko_filt_pat.fa:haplotype2_0000620_143362344_143769323_1	0.9751299354526127 1KGrel
NA10865 HG03710.verkko_filt_pat.fa:haplotype2_0000488_101614437_102218208_0$HG02071.verkko_filt_pat.fa:haplotype2_0000736_102745972_103248026_0	0.9751296245598599 1KGrel
NA10865 HG01258#1#JAGYYV010000004.1_56955948_57456952_1$HG03710.verkko_filt_pat.fa:haplotype2_0000488_101614437_102218208_0	0.9751165497006424 1KGrel
NA10865 NA19240#1#JAHEOM010000047.1_30103390_30511199_1$HG01358#1#JAGYZB010000020.1_27445742_27855492_1	0.9751102221022137 1KGrel
NA10865 HG00741#1#JAHALY010000007.1_18781197_19307680_1$HG03486#2#JAHEOP010000248.1_2105565_2584784_1	0.9750754031198570 1KGrel
NA10865 HG01071#1#JAHBCF010000053.1_26607100_27108065_1$HG03710.verkko_filt_pat.fa:haplotype2_0000488_101614437_102218208_0	0.9750426325063050 1KGrel
NA10865 HG03540#2#JAGYVX010000148.1_1368955_1877115_0$HG03710.verkko_filt_pat.fa:haplotype2_0000488_101614437_102218208_0	0.9750206559937318 1KGrel
NA10865 HG00621#1#JAHBCD010000034.1_2122997_2624098_1$HG03710.verkko_filt_pat.fa:haplotype2_0000488_101614437_102218208_0	0.9750071248600555 1KGrel
NA10865 HG03710.verkko_filt_pat.fa:haplotype2_0000488_101614437_102218208_0$HG01099.verkko_filt_pat.fa:haplotype2_0000583_143544270_144046196_1	0.9749780062277267 1KGrel
NA10865 HG02486#1#JAGYVM010000007.1_28868414_29370339_1$HG03710.verkko_filt_pat.fa:haplotype2_0000488_101614437_102218208_0	0.9749578709291273 1KGrel
NA10865 HG03540#1#JAGYVY010000208.1_95187_596142_0$HG03710.verkko_filt_pat.fa:haplotype2_0000488_101614437_102218208_0	0.9748980591886159 1KGrel
NA10865 AV_HG00673#haplotype2#0001165:24014011$24421797$HG01358#1#JAGYZB010000020.1_27445742_27855492_1	0.9748977728669963 1KGrel
NA10865 HG04228.verkko_filt_mat.fa:haplotype1_0000023_103429213_103930285_0$HG03710.verkko_filt_pat.fa:haplotype2_0000488_101614437_102218208_0	0.9748208912929260 1KGrel
NA10865 chr1_hg38_103456064_103863972_0$HG01358#1#JAGYZB010000020.1_27445742_27855492_1	0.9747588315811229 1KGrel
NA10865 chr1_hg19_103998686_104406594_0$HG01358#1#JAGYZB010000020.1_27445742_27855492_1	0.9747588315811229 1KGrel
NA10865 HG00741#1#JAHALY010000007.1_18781197_19307680_1$HG03453#1#JAGYVW010000157.1_2105722_2585000_1	0.9746840473553577 1KGrel
NA10865 NA18906#2#JAHEON010000009.1_93748295_94249275_0$HG03710.verkko_filt_pat.fa:haplotype2_0000488_101614437_102218208_0	0.9746723346995427 1KGrel
NA10865 AV_HG01175#haplotype1#0000070:46006269$46414083$HG01358#1#JAGYZB010000020.1_27445742_27855492_1	0.9746540305096046 1KGrel
NA10865 HG005#2#JAHEPN010000023.1_51542210_51950070_0$HG01358#1#JAGYZB010000020.1_27445742_27855492_1	0.9746366895493126 1KGrel
NA10865 HG01358#1#JAGYZB010000020.1_27445742_27855492_1$HG002.verkko_filt_mat.fa:haplotype1_0000005_138228497_138636354_1	0.9745636211009480 1KGrel
NA10865 HG03486#1#JAHEOQ010000123.1_16677696_17085575_0$HG01358#1#JAGYZB010000020.1_27445742_27855492_1	0.9745510519646031 1KGrel
NA10865 HG01928#1#JAGYVQ010000053.1_16676493_17083407_0$HG01358#1#JAGYZB010000020.1_27445742_27855492_1	0.9745283565541439 1KGrel
NA10865 HG03453#2#JAGYVV010000088.1_22597550_23005370_1$HG01358#1#JAGYZB010000020.1_27445742_27855492_1	0.9744984228175002 1KGrel
NA10865 HG00741#1#JAHALY010000007.1_18781197_19307680_1$HG01109#2#JAHEOZ010000047.1_16671232_17151375_0	0.9744949729199546 1KGrel
NA10865 HG01258#2#JAGYYU010000072.1_51562603_51970395_0$HG01358#1#JAGYZB010000020.1_27445742_27855492_1	0.9744840154698929 1KGrel
NA10865 HG01358#1#JAGYZB010000020.1_27445742_27855492_1$HG02071.verkko_filt_mat.fa:haplotype1_0000041_103610513_104018399_0	0.9744496641850422 1KGrel
NA10865 HG01978#2#JAGYVR010000007.1_51532241_51939176_0$HG01358#1#JAGYZB010000020.1_27445742_27855492_1	0.9744213102048841 1KGrel
NA10865 HG00621#2#JAHBCC010000031.1_16669999_17077865_0$HG01358#1#JAGYZB010000020.1_27445742_27855492_1	0.9744040206535289 1KGrel
NA10865 HG02109#1#JAHEPG010000026.1_16673035_17080816_0$HG01358#1#JAGYZB010000020.1_27445742_27855492_1	0.9743521573710996 1KGrel
NA10865 HG01358#1#JAGYZB010000020.1_27445742_27855492_1$HG02004.verkko_filt_mat.fa:haplotype1_0000022_97828542_98235483_0	0.9743246713676973 1KGrel
NA10865 HG01123#1#JAGYYZ010000015.1_51528240_51935090_0$HG01358#1#JAGYZB010000020.1_27445742_27855492_1	0.9742986912364561 1KGrel
NA10865 AV_HG02148#haplotype2#0002863:16304803$16712699$HG01358#1#JAGYZB010000020.1_27445742_27855492_1	0.9742822078199225 1KGrel
NA10865 HG005#1#JAHEPO010000002.1_51519219_51926067_0$HG01358#1#JAGYZB010000020.1_27445742_27855492_1	0.9741871305360947 1KGrel
NA10865 HG01358#1#JAGYZB010000020.1_27445742_27855492_1$HG02300.verkko_filt_pat.fa:haplotype2_0000620_143362344_143769323_1	0.9741295866408547 1KGrel
NA10865 HG01358#1#JAGYZB010000020.1_27445742_27855492_1$HG02717#2#JAHAOR010000006.1_19663827_20070693_1	0.9741120075070901 1KGrel
NA10865 HG01109#1#JAHEPA010000099.1_2104245_2511104_1$HG01358#1#JAGYZB010000020.1_27445742_27855492_1	0.9740429855405724 1KGrel
NA10865 HG01358#1#JAGYZB010000020.1_27445742_27855492_1$HG02809.verkko_filt_pat.fa:haplotype2_0001251_103421111_103827972_0	0.9739417600757813 1KGrel
NA10865 HG00741#2#JAHALX010000013.1_51574319_51981226_0$HG01358#1#JAGYZB010000020.1_27445742_27855492_1	0.9739366775734918 1KGrel
NA10865 HG02630#2#JAHAOP010000089.1_16669255_17076135_0$HG01358#1#JAGYZB010000020.1_27445742_27855492_1	0.9736030769146725 1KGrel
NA10865 AV_HG01106#haplotype1#0000048:16666181$17262214$HG00741#1#JAHALY010000007.1_18781197_19307680_1	0.9735343879651902 1KGrel
NA10865 HG02559#2#JAGYVJ010000037.1_52167780_52574597_1$HG01358#1#JAGYZB010000020.1_27445742_27855492_1	0.9733971244865551 1KGrel
NA10865 chr1_chm13_103304997_103901127_0$HG01358#1#JAGYZB010000020.1_27445742_27855492_1	0.9733152708323092 1KGrel
NA10865 HG02486#2#JAGYVL010000029.1_94163344_94570162_0$HG01358#1#JAGYZB010000020.1_27445742_27855492_1	0.9732221936100356 1KGrel
NA10865 AV_HG01106#haplotype1#0000048:16666181$17262214$HG01358#1#JAGYZB010000020.1_27445742_27855492_1	0.9732093826884076 1KGrel
NA10865 HG00741#1#JAHALY010000007.1_18781197_19307680_1$chr1_chm13_103304997_103901127_0	0.9732058256357778 1KGrel
NA10865 HG02886#1#JAHAOU010000178.1_62411_469262_0$HG01358#1#JAGYZB010000020.1_27445742_27855492_1	0.9731092521708198 1KGrel
NA10865 HG00741#1#JAHALY010000007.1_18781197_19307680_1$HG01243#1#JAHEOY010000013.1_90081_424495_0	0.9730500424949045 1KGrel
NA10865 HG00741#1#JAHALY010000007.1_18781197_19307680_1$HG03492#2#JAHEPH010000288.1_2098270_2432686_1	0.9730142480622540 1KGrel
NA10865 HG02723#2#JAHEOT010000034.1_19776337_20321518_1$HG03710.verkko_filt_pat.fa:haplotype2_0000488_101614437_102218208_0	0.9728087299064375 1KGrel
NA10865 HG02145#1#JAHKSG010000134.1_2102465_2647653_1$HG03710.verkko_filt_pat.fa:haplotype2_0000488_101614437_102218208_0	0.9727944363557931 1KGrel
NA10865 HG02145#2#JAHKSF010000206.1_1005292_1413195_1$HG01358#1#JAGYZB010000020.1_27445742_27855492_1	0.9724885290626537 1KGrel
NA10865 AV_HG02257#haplotype2#0001152:102843493$103251377$HG01358#1#JAGYZB010000020.1_27445742_27855492_1	0.9724747883465360 1KGrel
NA10865 HG02622#1#JAHAOO010000002.1_16673678_17080663_0$HG01358#1#JAGYZB010000020.1_27445742_27855492_1	0.9723454283213967 1KGrel
NA10865 HG00741#1#JAHALY010000007.1_18781197_19307680_1$HG002.verkko_filt_pat.fa:haplotype2_0000649_147937390_148315979_1	0.9722876803888882 1KGrel
NA10865 HG02717#1#JAHAOS010000015.1_16660311_17067250_0$HG01358#1#JAGYZB010000020.1_27445742_27855492_1	0.9722744624505375 1KGrel
NA10865 HG02630#1#JAHAOQ010000102.1_16672145_17079089_0$HG01358#1#JAGYZB010000020.1_27445742_27855492_1	0.9722628949315775 1KGrel
NA10865 HG01358#1#JAGYZB010000020.1_27445742_27855492_1$HG02818#1#JAHEOS010000101.1_89626_496613_0	0.9722354829558538 1KGrel
NA10865 NA18906#1#JAHEOO010000054.1_2103477_2510435_1$HG01358#1#JAGYZB010000020.1_27445742_27855492_1	0.9721507000599016 1KGrel
NA10865 HG005#1#JAHEPO010000002.1_51519219_51926067_0$HG01099.verkko_filt_pat.fa:haplotype2_0000583_143544270_144046196_1	0.9717560247432685 1KGrel
NA10865 HG00741#1#JAHALY010000007.1_18781197_19307680_1$HG03492#1#JAHEPI010000180.1_2103395_2543326_1	0.9716640150381602 1KGrel
NA10865 HG03540#1#JAGYVY010000208.1_95187_596142_0$HG01258#2#JAGYYU010000072.1_51562603_51970395_0	0.9716229601546900 1KGrel
NA10865 HG005#1#JAHEPO010000002.1_51519219_51926067_0$HG03540#1#JAGYVY010000208.1_95187_596142_0	0.9716112100214677 1KGrel
NA10865 HG01109#1#JAHEPA010000099.1_2104245_2511104_1$HG01099.verkko_filt_pat.fa:haplotype2_0000583_143544270_144046196_1	0.9714370235747817 1KGrel
NA10865 HG01071#1#JAHBCF010000053.1_26607100_27108065_1$HG01099.verkko_filt_mat.fa:haplotype1_0000034_142513097_142920876_1	0.9713920064181074 1KGrel
NA10865 HG02486#1#JAGYVM010000007.1_28868414_29370339_1$HG03927.verkko_filt_mat.fa:haplotype1_0000009_134765170_135173010_1	0.9713878703979318 1KGrel
NA10865 HG01258#2#JAGYYU010000072.1_51562603_51970395_0$HG01099.verkko_filt_pat.fa:haplotype2_0000583_143544270_144046196_1	0.9713609246698629 1KGrel
NA10865 HG03540#1#JAGYVY010000208.1_95187_596142_0$HG02717#2#JAHAOR010000006.1_19663827_20070693_1	0.9713423344549613 1KGrel
NA10865 HG01071#1#JAHBCF010000053.1_26607100_27108065_1$HG03579#1#JAGYVU010000029.1_91404_499180_0	0.9713416114860975 1KGrel
NA10865 HG02559#1#JAGYVK010000012.1_51505852_51913611_0$HG01071#1#JAHBCF010000053.1_26607100_27108065_1	0.9713306041778950 1KGrel
NA10865 HG01109#1#JAHEPA010000099.1_2104245_2511104_1$HG03540#1#JAGYVY010000208.1_95187_596142_0	0.9713089621931418 1KGrel
NA10865 HG01071#1#JAHBCF010000053.1_26607100_27108065_1$HG03927.verkko_filt_mat.fa:haplotype1_0000009_134765170_135173010_1	0.9712937388181806 1KGrel
NA10865 HG01071#1#JAHBCF010000053.1_26607100_27108065_1$HG03516#2#JAGYYS010000004.1_24452130_24859892_1	0.9712927171181425 1KGrel
NA10865 AV_HG01361#haplotype1#0000023:101593539$102001341$HG01071#1#JAHBCF010000053.1_26607100_27108065_1	0.9712917853297340 1KGrel
NA10865 HG02717#2#JAHAOR010000006.1_19663827_20070693_1$HG01099.verkko_filt_pat.fa:haplotype2_0000583_143544270_144046196_1	0.9712808988114562 1KGrel
NA10865 HG02818#2#JAHEOR010000010.1_31775319_32183091_1$HG01071#1#JAHBCF010000053.1_26607100_27108065_1	0.9712601508221895 1KGrel
NA10865 HG01123#1#JAGYYZ010000015.1_51528240_51935090_0$HG01099.verkko_filt_pat.fa:haplotype2_0000583_143544270_144046196_1	0.9712447659680160 1KGrel
NA10865 HG03540#1#JAGYVY010000208.1_95187_596142_0$HG02809.verkko_filt_pat.fa:haplotype2_0001251_103421111_103827972_0	0.9712319802416551 1KGrel
NA10865 HG01071#1#JAHBCF010000053.1_26607100_27108065_1$NA19240#1#JAHEOM010000047.1_30103390_30511199_1	0.9712048796960467 1KGrel
NA10865 HG01071#1#JAHBCF010000053.1_26607100_27108065_1$HG02300.verkko_filt_mat.fa:haplotype1_0000028_144052837_144460586_1	0.9712033216791940 1KGrel
NA10865 HG01123#1#JAGYYZ010000015.1_51528240_51935090_0$HG03540#1#JAGYVY010000208.1_95187_596142_0	0.9712032188283134 1KGrel
NA10865 HG01123#1#JAGYYZ010000015.1_51528240_51935090_0$HG03927.verkko_filt_pat.fa:haplotype2_0000800_29002142_29504057_1	0.9711883471220319 1KGrel
NA10865 HG03540#1#JAGYVY010000208.1_95187_596142_0$HG00741#2#JAHALX010000013.1_51574319_51981226_0	0.9711659595973766 1KGrel
NA10865 HG02809.verkko_filt_pat.fa:haplotype2_0001251_103421111_103827972_0$HG01099.verkko_filt_pat.fa:haplotype2_0000583_143544270_144046196_1	0.9711652244255713 1KGrel
NA10865 HG02486#1#JAGYVM010000007.1_28868414_29370339_1$HG02300.verkko_filt_mat.fa:haplotype1_0000028_144052837_144460586_1	0.9711570404567371 1KGrel
NA10865 HG01258#1#JAGYYV010000004.1_56955948_57456952_1$HG01099.verkko_filt_mat.fa:haplotype1_0000034_142513097_142920876_1	0.9711507127706248 1KGrel
NA10865 HG005#1#JAHEPO010000002.1_51519219_51926067_0$HG02486#1#JAGYVM010000007.1_28868414_29370339_1	0.9711462664841499 1KGrel
NA10865 HG01258#1#JAGYYV010000004.1_56955948_57456952_1$HG02300.verkko_filt_mat.fa:haplotype1_0000028_144052837_144460586_1	0.9711419289766773 1KGrel
NA10865 HG02818#2#JAHEOR010000010.1_31775319_32183091_1$HG01258#1#JAGYYV010000004.1_56955948_57456952_1	0.9711369498215201 1KGrel
NA10865 HG01109#1#JAHEPA010000099.1_2104245_2511104_1$HG03927.verkko_filt_pat.fa:haplotype2_0000800_29002142_29504057_1	0.9711369242467264 1KGrel
NA10865 HG01258#2#JAGYYU010000072.1_51562603_51970395_0$HG03927.verkko_filt_pat.fa:haplotype2_0000800_29002142_29504057_1	0.9711256840204877 1KGrel
NA10865 HG02559#1#JAGYVK010000012.1_51505852_51913611_0$HG01258#1#JAGYYV010000004.1_56955948_57456952_1	0.9711155382093632 1KGrel
NA10865 HG005#1#JAHEPO010000002.1_51519219_51926067_0$HG03927.verkko_filt_pat.fa:haplotype2_0000800_29002142_29504057_1	0.9711084905593858 1KGrel
NA10865 HG02486#1#JAGYVM010000007.1_28868414_29370339_1$HG01099.verkko_filt_mat.fa:haplotype1_0000034_142513097_142920876_1	0.9711059226242468 1KGrel
NA10865 HG01258#1#JAGYYV010000004.1_56955948_57456952_1$HG03927.verkko_filt_mat.fa:haplotype1_0000009_134765170_135173010_1	0.9711052088357265 1KGrel
NA10865 HG01258#1#JAGYYV010000004.1_56955948_57456952_1$HG03579#1#JAGYVU010000029.1_91404_499180_0	0.9711048909717166 1KGrel
NA10865 HG00741#2#JAHALX010000013.1_51574319_51981226_0$HG01099.verkko_filt_pat.fa:haplotype2_0000583_143544270_144046196_1	0.9711044053913461 1KGrel
NA10865 HG02080#1#JAHEOW010000048.1_16689583_17097287_0$HG01071#1#JAHBCF010000053.1_26607100_27108065_1	0.9710936823948768 1KGrel
NA10865 AV_HG01106#haplotype1#0000048:16666181$17262214$HG03540#2#JAGYVX010000148.1_1368955_1877115_0	0.9710787719107847 1KGrel
NA10865 HG01258#1#JAGYYV010000004.1_56955948_57456952_1$HG03516#2#JAGYYS010000004.1_24452130_24859892_1	0.9710614602222546 1KGrel
NA10865 HG03540#1#JAGYVY010000208.1_95187_596142_0$HG03927.verkko_filt_mat.fa:haplotype1_0000009_134765170_135173010_1	0.9710561105340324 1KGrel
NA10865 HG01258#1#JAGYYV010000004.1_56955948_57456952_1$NA19240#1#JAHEOM010000047.1_30103390_30511199_1	0.9710545354963447 1KGrel
NA10865 HG02080#1#JAHEOW010000048.1_16689583_17097287_0$HG01258#1#JAGYYV010000004.1_56955948_57456952_1	0.9710431463170555 1KGrel
NA10865 HG02559#2#JAGYVJ010000037.1_52167780_52574597_1$HG01099.verkko_filt_pat.fa:haplotype2_0000583_143544270_144046196_1	0.9710320543611390 1KGrel
NA10865 AV_HG00673#haplotype2#0001165:24014011$24421797$HG01071#1#JAHBCF010000053.1_26607100_27108065_1	0.9710312418783551 1KGrel
NA10865 HG02630#2#JAHAOP010000089.1_16669255_17076135_0$HG03927.verkko_filt_pat.fa:haplotype2_0000800_29002142_29504057_1	0.9710049414231545 1KGrel
NA10865 HG02886#1#JAHAOU010000178.1_62411_469262_0$HG03927.verkko_filt_pat.fa:haplotype2_0000800_29002142_29504057_1	0.9710046950009590 1KGrel
NA10865 AV_HG01361#haplotype1#0000023:101593539$102001341$HG01258#1#JAGYYV010000004.1_56955948_57456952_1	0.9709849073002272 1KGrel
NA10865 HG02109#1#JAHEPG010000026.1_16673035_17080816_0$HG03540#1#JAGYVY010000208.1_95187_596142_0	0.9709733375482996 1KGrel
NA10865 HG02486#2#JAGYVL010000029.1_94163344_94570162_0$HG03927.verkko_filt_pat.fa:haplotype2_0000800_29002142_29504057_1	0.9709701657679736 1KGrel
NA10865 HG01071#1#JAHBCF010000053.1_26607100_27108065_1$HG03516#1#JAGYYT010000012.1_24170958_24578778_1	0.9709643664032165 1KGrel
NA10865 AV_HG01361#haplotype1#0000023:101593539$102001341$HG02486#1#JAGYVM010000007.1_28868414_29370339_1	0.9709512100625713 1KGrel
NA10865 HG01258#1#JAGYYV010000004.1_56955948_57456952_1$NA19240#2#JAHEOL010000010.1_37445323_37853017_0	0.9709143364615538 1KGrel
NA10865 HG00741#2#JAHALX010000013.1_51574319_51981226_0$HG03927.verkko_filt_pat.fa:haplotype2_0000800_29002142_29504057_1	0.9709073375886427 1KGrel
NA10865 HG01071#1#JAHBCF010000053.1_26607100_27108065_1$NA19240#2#JAHEOL010000010.1_37445323_37853017_0	0.9709005577212340 1KGrel
NA10865 HG02559#2#JAGYVJ010000037.1_52167780_52574597_1$HG03540#1#JAGYVY010000208.1_95187_596142_0	0.9708706462792194 1KGrel
NA10865 HG02080#1#JAHEOW010000048.1_16689583_17097287_0$HG02486#1#JAGYVM010000007.1_28868414_29370339_1	0.9708620612214143 1KGrel
NA10865 AV_HG00673#haplotype2#0001165:24014011$24421797$HG02486#1#JAGYVM010000007.1_28868414_29370339_1	0.9708323090541253 1KGrel
NA10865 HG02818#2#JAHEOR010000010.1_31775319_32183091_1$NA18906#2#JAHEON010000009.1_93748295_94249275_0	0.9708316707557726 1KGrel
NA10865 HG03492#1#JAHEPI010000180.1_2103395_2543326_1$HG01358#1#JAGYZB010000020.1_27445742_27855492_1	0.9708307012323669 1KGrel
NA10865 HG02717#2#JAHAOR010000006.1_19663827_20070693_1$HG03927.verkko_filt_pat.fa:haplotype2_0000800_29002142_29504057_1	0.9708288311618980 1KGrel
NA10865 HG02486#1#JAGYVM010000007.1_28868414_29370339_1$HG02717#2#JAHAOR010000006.1_19663827_20070693_1	0.9708230325084125 1KGrel
NA10865 HG02486#1#JAGYVM010000007.1_28868414_29370339_1$HG01258#2#JAGYYU010000072.1_51562603_51970395_0	0.9708164163698403 1KGrel
NA10865 HG02559#1#JAGYVK010000012.1_51505852_51913611_0$NA18906#2#JAHEON010000009.1_93748295_94249275_0	0.9708090676428160 1KGrel
NA10865 HG02486#1#JAGYVM010000007.1_28868414_29370339_1$NA19240#2#JAHEOL010000010.1_37445323_37853017_0	0.9708049571687766 1KGrel
NA10865 HG01258#1#JAGYYV010000004.1_56955948_57456952_1$HG03516#1#JAGYYT010000012.1_24170958_24578778_1	0.9707920775906819 1KGrel
NA10865 HG01123#1#JAGYYZ010000015.1_51528240_51935090_0$HG02486#1#JAGYVM010000007.1_28868414_29370339_1	0.9707814755516114 1KGrel
NA10865 HG01928#1#JAGYVQ010000053.1_16676493_17083407_0$HG02486#1#JAGYVM010000007.1_28868414_29370339_1	0.9707786508534455 1KGrel
NA10865 HG03540#1#JAGYVY010000208.1_95187_596142_0$HG01099.verkko_filt_mat.fa:haplotype1_0000034_142513097_142920876_1	0.9707765452787878 1KGrel
NA10865 NA18906#2#JAHEON010000009.1_93748295_94249275_0$HG03579#1#JAGYVU010000029.1_91404_499180_0	0.9707764576522349 1KGrel
NA10865 HG02818#2#JAHEOR010000010.1_31775319_32183091_1$HG03927.verkko_filt_pat.fa:haplotype2_0000800_29002142_29504057_1	0.9707636049654349 1KGrel
NA10865 HG03516#1#JAGYYT010000012.1_24170958_24578778_1$HG02486#1#JAGYVM010000007.1_28868414_29370339_1	0.9707600281085748 1KGrel
NA10865 NA18906#2#JAHEON010000009.1_93748295_94249275_0$HG03516#2#JAGYYS010000004.1_24452130_24859892_1	0.9707491428342298 1KGrel
NA10865 HG03540#2#JAGYVX010000148.1_1368955_1877115_0$chr1_chm13_103304997_103901127_0	0.9707490134092511 1KGrel
NA10865 NA18906#2#JAHEON010000009.1_93748295_94249275_0$HG03927.verkko_filt_mat.fa:haplotype1_0000009_134765170_135173010_1	0.9707464808713990 1KGrel
NA10865 HG03927.verkko_filt_mat.fa:haplotype1_0000009_134765170_135173010_1$HG01099.verkko_filt_pat.fa:haplotype2_0000583_143544270_144046196_1	0.9707347920577630 1KGrel
NA10865 NA18906#2#JAHEON010000009.1_93748295_94249275_0$NA19240#1#JAHEOM010000047.1_30103390_30511199_1	0.9707330078959265 1KGrel
NA10865 AV_HG00673#haplotype2#0001165:24014011$24421797$HG01258#1#JAGYYV010000004.1_56955948_57456952_1	0.9707294883036013 1KGrel
NA10865 HG02809.verkko_filt_pat.fa:haplotype2_0001251_103421111_103827972_0$HG03927.verkko_filt_pat.fa:haplotype2_0000800_29002142_29504057_1	0.9707066449408495 1KGrel
NA10865 HG03540#1#JAGYVY010000208.1_95187_596142_0$HG02300.verkko_filt_mat.fa:haplotype1_0000028_144052837_144460586_1	0.9706914706604091 1KGrel
NA10865 HG01109#1#JAHEPA010000099.1_2104245_2511104_1$HG02486#1#JAGYVM010000007.1_28868414_29370339_1	0.9706814754331772 1KGrel
NA10865 HG01978#2#JAGYVR010000007.1_51532241_51939176_0$HG02486#1#JAGYVM010000007.1_28868414_29370339_1	0.9706809961948727 1KGrel
NA10865 HG02486#1#JAGYVM010000007.1_28868414_29370339_1$HG00741#2#JAHALX010000013.1_51574319_51981226_0	0.9706791905504698 1KGrel
NA10865 chr1_hg38_103456064_103863972_0$HG02486#1#JAGYVM010000007.1_28868414_29370339_1	0.9706765151188160 1KGrel
NA10865 chr1_hg19_103998686_104406594_0$HG02486#1#JAGYVM010000007.1_28868414_29370339_1	0.9706765151188160 1KGrel
NA10865 AV_HG01361#haplotype1#0000023:101593539$102001341$HG03540#1#JAGYVY010000208.1_95187_596142_0	0.9706221639061672 1KGrel
NA10865 HG02486#1#JAGYVM010000007.1_28868414_29370339_1$HG02809.verkko_filt_pat.fa:haplotype2_0001251_103421111_103827972_0	0.9706145936628475 1KGrel
NA10865 HG02559#1#JAGYVK010000012.1_51505852_51913611_0$HG03927.verkko_filt_pat.fa:haplotype2_0000800_29002142_29504057_1	0.9706109193888643 1KGrel
NA10865 HG02486#1#JAGYVM010000007.1_28868414_29370339_1$HG02004.verkko_filt_mat.fa:haplotype1_0000022_97828542_98235483_0	0.9706077266461578 1KGrel
NA10865 HG02109#1#JAHEPG010000026.1_16673035_17080816_0$HG01099.verkko_filt_pat.fa:haplotype2_0000583_143544270_144046196_1	0.9706024424397535 1KGrel
NA10865 NA19240#1#JAHEOM010000047.1_30103390_30511199_1$HG03927.verkko_filt_pat.fa:haplotype2_0000800_29002142_29504057_1	0.9705999806835924 1KGrel
NA10865 AV_HG00673#haplotype2#0001165:24014011$24421797$HG03540#1#JAGYVY010000208.1_95187_596142_0	0.9705905386864604 1KGrel
NA10865 HG02630#2#JAHAOP010000089.1_16669255_17076135_0$HG03540#1#JAGYVY010000208.1_95187_596142_0	0.9705823046276492 1KGrel
NA10865 HG03516#1#JAGYYT010000012.1_24170958_24578778_1$HG03540#1#JAGYVY010000208.1_95187_596142_0	0.9705750828112165 1KGrel
NA10865 HG02080#1#JAHEOW010000048.1_16689583_17097287_0$HG03540#1#JAGYVY010000208.1_95187_596142_0	0.9705601297964681 1KGrel
NA10865 HG005#2#JAHEPN010000023.1_51542210_51950070_0$HG02486#1#JAGYVM010000007.1_28868414_29370339_1	0.9705598075279964 1KGrel
NA10865 NA18906#2#JAHEON010000009.1_93748295_94249275_0$HG01099.verkko_filt_mat.fa:haplotype1_0000034_142513097_142920876_1	0.9705420565391411 1KGrel
NA10865 HG03540#1#JAGYVY010000208.1_95187_596142_0$NA19240#2#JAHEOL010000010.1_37445323_37853017_0	0.9705368175346455 1KGrel
NA10865 HG03516#2#JAGYYS010000004.1_24452130_24859892_1$HG03927.verkko_filt_pat.fa:haplotype2_0000800_29002142_29504057_1	0.9705346634548776 1KGrel
NA10865 HG02630#2#JAHAOP010000089.1_16669255_17076135_0$HG01099.verkko_filt_pat.fa:haplotype2_0000583_143544270_144046196_1	0.9705151852796009 1KGrel
NA10865 HG02818#2#JAHEOR010000010.1_31775319_32183091_1$HG02486#1#JAGYVM010000007.1_28868414_29370339_1	0.9705083788906731 1KGrel
NA10865 HG02559#1#JAGYVK010000012.1_51505852_51913611_0$HG02486#1#JAGYVM010000007.1_28868414_29370339_1	0.9705074977506729 1KGrel
NA10865 HG02486#1#JAGYVM010000007.1_28868414_29370339_1$HG03579#1#JAGYVU010000029.1_91404_499180_0	0.9704965851768006 1KGrel
NA10865 AV_HG01106#haplotype2#0000932:16673968$17175925$HG005#1#JAHEPO010000002.1_51519219_51926067_0	0.9704904688633809 1KGrel
NA10865 HG03579#1#JAGYVU010000029.1_91404_499180_0$HG03927.verkko_filt_pat.fa:haplotype2_0000800_29002142_29504057_1	0.9704861641085104 1KGrel
NA10865 HG03927.verkko_filt_mat.fa:haplotype1_0000009_134765170_135173010_1$HG03927.verkko_filt_pat.fa:haplotype2_0000800_29002142_29504057_1	0.9704567277665841 1KGrel
NA10865 HG01099.verkko_filt_mat.fa:haplotype1_0000034_142513097_142920876_1$HG01099.verkko_filt_pat.fa:haplotype2_0000583_143544270_144046196_1	0.9704543403096383 1KGrel
NA10865 HG02630#2#JAHAOP010000089.1_16669255_17076135_0$HG02486#1#JAGYVM010000007.1_28868414_29370339_1	0.9704521372718932 1KGrel
NA10865 HG02486#1#JAGYVM010000007.1_28868414_29370339_1$NA19240#1#JAHEOM010000047.1_30103390_30511199_1	0.9704475960295791 1KGrel
NA10865 chr1_hg38_103456064_103863972_0$HG03540#1#JAGYVY010000208.1_95187_596142_0	0.9704400436789845 1KGrel
NA10865 chr1_hg19_103998686_104406594_0$HG03540#1#JAGYVY010000208.1_95187_596142_0	0.9704400436789845 1KGrel
NA10865 HG02300.verkko_filt_mat.fa:haplotype1_0000028_144052837_144460586_1$HG01099.verkko_filt_pat.fa:haplotype2_0000583_143544270_144046196_1	0.9704344491699827 1KGrel
NA10865 AV_HG00673#haplotype1#0000019:16627360$17129375$HG01123#1#JAGYYZ010000015.1_51528240_51935090_0	0.9704315805004040 1KGrel
NA10865 NA18906#2#JAHEON010000009.1_93748295_94249275_0$HG02300.verkko_filt_mat.fa:haplotype1_0000028_144052837_144460586_1	0.9704135253632007 1KGrel
NA10865 HG02109#1#JAHEPG010000026.1_16673035_17080816_0$HG03927.verkko_filt_pat.fa:haplotype2_0000800_29002142_29504057_1	0.9704103378943794 1KGrel
NA10865 HG02486#1#JAGYVM010000007.1_28868414_29370339_1$HG03516#2#JAGYYS010000004.1_24452130_24859892_1	0.9704041742705659 1KGrel
NA10865 HG01928#1#JAGYVQ010000053.1_16676493_17083407_0$HG01099.verkko_filt_pat.fa:haplotype2_0000583_143544270_144046196_1	0.9703893976735649 1KGrel
NA10865 HG02080#1#JAHEOW010000048.1_16689583_17097287_0$HG01099.verkko_filt_pat.fa:haplotype2_0000583_143544270_144046196_1	0.9703682940877678 1KGrel
NA10865 HG01123#1#JAGYYZ010000015.1_51528240_51935090_0$HG02293.verkko_filt_pat.fa:haplotype2_0000836_148310532_148812524_1	0.9703608663357441 1KGrel
NA10865 HG02559#2#JAGYVJ010000037.1_52167780_52574597_1$HG02486#1#JAGYVM010000007.1_28868414_29370339_1	0.9703564408348117 1KGrel
NA10865 HG02080#2#JAHEOV010000017.1_16662177_17164189_0$HG01123#1#JAGYYZ010000015.1_51528240_51935090_0	0.9703436899970127 1KGrel
NA10865 NA19240#2#JAHEOL010000010.1_37445323_37853017_0$HG01099.verkko_filt_pat.fa:haplotype2_0000583_143544270_144046196_1	0.9703396746877552 1KGrel
NA10865 AV_HG00673#haplotype1#0000019:16627360$17129375$HG02717#2#JAHAOR010000006.1_19663827_20070693_1	0.9703375374272900 1KGrel
NA10865 AV_HG01106#haplotype2#0000932:16673968$17175925$HG01123#1#JAGYYZ010000015.1_51528240_51935090_0	0.9703371151977687 1KGrel
NA10865 HG02486#1#JAGYVM010000007.1_28868414_29370339_1$HG002.verkko_filt_mat.fa:haplotype1_0000005_138228497_138636354_1	0.9703356642874750 1KGrel
NA10865 HG005#1#JAHEPO010000002.1_51519219_51926067_0$HG02293.verkko_filt_pat.fa:haplotype2_0000836_148310532_148812524_1	0.9703354091263979 1KGrel
NA10865 HG01071#1#JAHBCF010000053.1_26607100_27108065_1$HG02109#1#JAHEPG010000026.1_16673035_17080816_0	0.9703324423745650 1KGrel
NA10865 AV_HG01175#haplotype1#0000070:46006269$46414083$HG02486#1#JAGYVM010000007.1_28868414_29370339_1	0.9703315875841918 1KGrel
NA10865 AV_HG00673#haplotype1#0000019:16627360$17129375$HG005#1#JAHEPO010000002.1_51519219_51926067_0	0.9703192040574260 1KGrel
NA10865 HG005#2#JAHEPN010000023.1_51542210_51950070_0$HG03540#1#JAGYVY010000208.1_95187_596142_0	0.9703191775749819 1KGrel
NA10865 AV_HG01361#haplotype1#0000023:101593539$102001341$NA18906#2#JAHEON010000009.1_93748295_94249275_0	0.9703116840511364 1KGrel
NA10865 AV_HG00673#haplotype1#0000019:16627360$17129375$HG01258#2#JAGYYU010000072.1_51562603_51970395_0	0.9702930586324648 1KGrel
NA10865 HG03516#1#JAGYYT010000012.1_24170958_24578778_1$HG01099.verkko_filt_pat.fa:haplotype2_0000583_143544270_144046196_1	0.9702915965857200 1KGrel
NA10865 AV_HG01106#haplotype2#0000932:16673968$17175925$HG01258#2#JAGYYU010000072.1_51562603_51970395_0	0.9702900324726015 1KGrel
NA10865 AV_HG00673#haplotype2#0001165:24014011$24421797$HG01099.verkko_filt_pat.fa:haplotype2_0000583_143544270_144046196_1	0.9702684123834954 1KGrel
NA10865 AV_HG01361#haplotype1#0000023:101593539$102001341$HG01099.verkko_filt_pat.fa:haplotype2_0000583_143544270_144046196_1	0.9702674339375790 1KGrel
NA10865 HG02080#1#JAHEOW010000048.1_16689583_17097287_0$NA18906#2#JAHEON010000009.1_93748295_94249275_0	0.9702550303486442 1KGrel
NA10865 HG02486#1#JAGYVM010000007.1_28868414_29370339_1$HG02071.verkko_filt_mat.fa:haplotype1_0000041_103610513_104018399_0	0.9702510921623827 1KGrel
NA10865 HG01258#2#JAGYYU010000072.1_51562603_51970395_0$HG02293.verkko_filt_pat.fa:haplotype2_0000836_148310532_148812524_1	0.9702443261679543 1KGrel
NA10865 HG02717#2#JAHAOR010000006.1_19663827_20070693_1$HG02293.verkko_filt_pat.fa:haplotype2_0000836_148310532_148812524_1	0.9702344159319735 1KGrel
NA10865 AV_HG01106#haplotype2#0000932:16673968$17175925$HG02717#2#JAHAOR010000006.1_19663827_20070693_1	0.9702318667714742 1KGrel
NA10865 HG03486#1#JAHEOQ010000123.1_16677696_17085575_0$HG02486#1#JAGYVM010000007.1_28868414_29370339_1	0.9702311419855163 1KGrel
NA10865 HG02630#2#JAHAOP010000089.1_16669255_17076135_0$HG01071#1#JAHBCF010000053.1_26607100_27108065_1	0.9702133240938071 1KGrel
NA10865 HG01978#2#JAGYVR010000007.1_51532241_51939176_0$HG01099.verkko_filt_pat.fa:haplotype2_0000583_143544270_144046196_1	0.9702096340926950 1KGrel
NA10865 HG00621#1#JAHBCD010000034.1_2122997_2624098_1$HG01258#2#JAGYYU010000072.1_51562603_51970395_0	0.9702050855562041 1KGrel
NA10865 HG01258#1#JAGYYV010000004.1_56955948_57456952_1$HG02109#1#JAHEPG010000026.1_16673035_17080816_0	0.9702034190025635 1KGrel
NA10865 HG005#2#JAHEPN010000023.1_51542210_51950070_0$HG01099.verkko_filt_pat.fa:haplotype2_0000583_143544270_144046196_1	0.9702033924812982 1KGrel
NA10865 HG03453#2#JAGYVV010000088.1_22597550_23005370_1$HG02486#1#JAGYVM010000007.1_28868414_29370339_1	0.9701942929795648 1KGrel
NA10865 chr1_hg38_103456064_103863972_0$HG01099.verkko_filt_pat.fa:haplotype2_0000583_143544270_144046196_1	0.9701938725085767 1KGrel
NA10865 chr1_hg19_103998686_104406594_0$HG01099.verkko_filt_pat.fa:haplotype2_0000583_143544270_144046196_1	0.9701938725085767 1KGrel
NA10865 HG005#1#JAHEPO010000002.1_51519219_51926067_0$HG02080#2#JAHEOV010000017.1_16662177_17164189_0	0.9701931705536679 1KGrel
NA10865 HG00621#2#JAHBCC010000031.1_16669999_17077865_0$HG02486#1#JAGYVM010000007.1_28868414_29370339_1	0.9701913161022695 1KGrel
NA10865 HG02486#1#JAGYVM010000007.1_28868414_29370339_1$HG02300.verkko_filt_pat.fa:haplotype2_0000620_143362344_143769323_1	0.9701861975697327 1KGrel
NA10865 HG01928#1#JAGYVQ010000053.1_16676493_17083407_0$HG03540#1#JAGYVY010000208.1_95187_596142_0	0.9701852453170746 1KGrel
NA10865 HG02080#2#JAHEOV010000017.1_16662177_17164189_0$HG02717#2#JAHAOR010000006.1_19663827_20070693_1	0.9701844505118199 1KGrel
NA10865 HG01071#1#JAHBCF010000053.1_26607100_27108065_1$HG01258#2#JAGYYU010000072.1_51562603_51970395_0	0.9701765234989252 1KGrel
NA10865 HG01978#2#JAGYVR010000007.1_51532241_51939176_0$HG03540#1#JAGYVY010000208.1_95187_596142_0	0.9701680251436431 1KGrel
NA10865 AV_HG02148#haplotype2#0002863:16304803$16712699$HG02486#1#JAGYVM010000007.1_28868414_29370339_1	0.9701516352161319 1KGrel
NA10865 HG005#1#JAHEPO010000002.1_51519219_51926067_0$HG01071#1#JAHBCF010000053.1_26607100_27108065_1	0.9701484777127423 1KGrel
NA10865 HG03516#1#JAGYYT010000012.1_24170958_24578778_1$NA18906#2#JAHEON010000009.1_93748295_94249275_0	0.9701464611621040 1KGrel
NA10865 AV_HG01106#haplotype2#0000932:16673968$17175925$HG00741#2#JAHALX010000013.1_51574319_51981226_0	0.9701300879254806 1KGrel
NA10865 chr1_hg38_103456064_103863972_0$NA18906#2#JAHEON010000009.1_93748295_94249275_0	0.9701295092569218 1KGrel
NA10865 chr1_hg19_103998686_104406594_0$NA18906#2#JAHEON010000009.1_93748295_94249275_0	0.9701295092569218 1KGrel
NA10865 NA18906#2#JAHEON010000009.1_93748295_94249275_0$NA19240#2#JAHEOL010000010.1_37445323_37853017_0	0.9701290222806664 1KGrel
NA10865 HG02486#2#JAGYVL010000029.1_94163344_94570162_0$HG01099.verkko_filt_pat.fa:haplotype2_0000583_143544270_144046196_1	0.9701244839671597 1KGrel
NA10865 HG02080#2#JAHEOV010000017.1_16662177_17164189_0$HG01258#2#JAGYYU010000072.1_51562603_51970395_0	0.9701181985011245 1KGrel
NA10865 HG02004.verkko_filt_mat.fa:haplotype1_0000022_97828542_98235483_0$HG01099.verkko_filt_pat.fa:haplotype2_0000583_143544270_144046196_1	0.9701156468361740 1KGrel
NA10865 HG02886#1#JAHAOU010000178.1_62411_469262_0$HG03540#1#JAGYVY010000208.1_95187_596142_0	0.9700905483265864 1KGrel
NA10865 HG005#2#JAHEPN010000023.1_51542210_51950070_0$NA18906#2#JAHEON010000009.1_93748295_94249275_0	0.9700903390641223 1KGrel
NA10865 HG005#1#JAHEPO010000002.1_51519219_51926067_0$HG01258#1#JAGYYV010000004.1_56955948_57456952_1	0.9700881851828649 1KGrel
NA10865 NA18906#2#JAHEON010000009.1_93748295_94249275_0$HG002.verkko_filt_mat.fa:haplotype1_0000005_138228497_138636354_1	0.9700826840177169 1KGrel
NA10865 HG03540#1#JAGYVY010000208.1_95187_596142_0$HG02004.verkko_filt_mat.fa:haplotype1_0000022_97828542_98235483_0	0.9700796583551567 1KGrel
NA10865 HG03540#1#JAGYVY010000208.1_95187_596142_0$HG02486#2#JAGYVL010000029.1_94163344_94570162_0	0.9700775154593051 1KGrel
NA10865 HG01071#1#JAHBCF010000053.1_26607100_27108065_1$HG02809.verkko_filt_pat.fa:haplotype2_0001251_103421111_103827972_0	0.9700752835622989 1KGrel
NA10865 HG03540#1#JAGYVY010000208.1_95187_596142_0$HG002.verkko_filt_mat.fa:haplotype1_0000005_138228497_138636354_1	0.9700673657417507 1KGrel
NA10865 HG02886#1#JAHAOU010000178.1_62411_469262_0$HG01099.verkko_filt_pat.fa:haplotype2_0000583_143544270_144046196_1	0.9700560970137911 1KGrel
NA10865 AV_HG00673#haplotype1#0000019:16627360$17129375$HG02486#2#JAGYVL010000029.1_94163344_94570162_0	0.9700551299907180 1KGrel
NA10865 HG02630#2#JAHAOP010000089.1_16669255_17076135_0$HG01258#1#JAGYYV010000004.1_56955948_57456952_1	0.9700391200292225 1KGrel
NA10865 NA18906#2#JAHEON010000009.1_93748295_94249275_0$HG02071.verkko_filt_mat.fa:haplotype1_0000041_103610513_104018399_0	0.9700309085146377 1KGrel
NA10865 HG005#1#JAHEPO010000002.1_51519219_51926067_0$HG01978#1#JAGYVS010000002.1_51519970_52021951_0	0.9700281376067704 1KGrel
NA10865 HG01258#2#JAGYYU010000072.1_51562603_51970395_0$HG04228.verkko_filt_mat.fa:haplotype1_0000023_103429213_103930285_0	0.9700257024215236 1KGrel
NA10865 HG01258#1#JAGYYV010000004.1_56955948_57456952_1$HG02809.verkko_filt_pat.fa:haplotype2_0001251_103421111_103827972_0	0.9700110364226125 1KGrel
NA10865 HG02486#2#JAGYVL010000029.1_94163344_94570162_0$HG02293.verkko_filt_pat.fa:haplotype2_0000836_148310532_148812524_1	0.9700054140790575 1KGrel
NA10865 HG01123#1#JAGYYZ010000015.1_51528240_51935090_0$HG01978#1#JAGYVS010000002.1_51519970_52021951_0	0.9700053207830351 1KGrel
NA10865 AV_HG00673#haplotype1#0000019:16627360$17129375$HG00741#2#JAHALX010000013.1_51574319_51981226_0	0.9699990051980667 1KGrel
NA10865 AV_HG02257#haplotype2#0001152:102843493$103251377$HG03540#1#JAGYVY010000208.1_95187_596142_0	0.9699948314042163 1KGrel
NA10865 HG03540#1#JAGYVY010000208.1_95187_596142_0$HG02071.verkko_filt_mat.fa:haplotype1_0000041_103610513_104018399_0	0.9699939099095199 1KGrel
NA10865 HG03486#1#JAHEOQ010000123.1_16677696_17085575_0$NA18906#2#JAHEON010000009.1_93748295_94249275_0	0.9699899188751786 1KGrel
NA10865 HG00741#2#JAHALX010000013.1_51574319_51981226_0$HG02293.verkko_filt_pat.fa:haplotype2_0000836_148310532_148812524_1	0.9699885600231933 1KGrel
NA10865 AV_HG00673#haplotype2#0001165:24014011$24421797$NA18906#2#JAHEON010000009.1_93748295_94249275_0	0.9699870657948334 1KGrel
NA10865 HG01258#1#JAGYYV010000004.1_56955948_57456952_1$HG01258#2#JAGYYU010000072.1_51562603_51970395_0	0.9699863002280997 1KGrel
NA10865 AV_HG01175#haplotype1#0000070:46006269$46414083$HG03540#1#JAGYVY010000208.1_95187_596142_0	0.9699820843546137 1KGrel
NA10865 HG02109#1#JAHEPG010000026.1_16673035_17080816_0$HG02486#1#JAGYVM010000007.1_28868414_29370339_1	0.9699814838063699 1KGrel
NA10865 HG005#1#JAHEPO010000002.1_51519219_51926067_0$HG02071.verkko_filt_pat.fa:haplotype2_0000736_102745972_103248026_0	0.9699797456601867 1KGrel
NA10865 AV_HG00673#haplotype1#0000019:16627360$17129375$HG02886#1#JAHAOU010000178.1_62411_469262_0	0.9699754814127246 1KGrel
NA10865 HG01071#1#JAHBCF010000053.1_26607100_27108065_1$HG02886#1#JAHAOU010000178.1_62411_469262_0	0.9699705212605294 1KGrel
NA10865 HG01928#1#JAGYVQ010000053.1_16676493_17083407_0$NA18906#2#JAHEON010000009.1_93748295_94249275_0	0.9699673364852188 1KGrel
NA10865 HG03453#2#JAGYVV010000088.1_22597550_23005370_1$HG03540#1#JAGYVY010000208.1_95187_596142_0	0.9699602104658068 1KGrel
NA10865 HG02717#2#JAHAOR010000006.1_19663827_20070693_1$HG02071.verkko_filt_pat.fa:haplotype2_0000736_102745972_103248026_0	0.9699598014889447 1KGrel
NA10865 HG01258#2#JAGYYU010000072.1_51562603_51970395_0$HG02071.verkko_filt_pat.fa:haplotype2_0000736_102745972_103248026_0	0.9699591261130666 1KGrel
NA10865 HG01123#1#JAGYYZ010000015.1_51528240_51935090_0$HG02071.verkko_filt_pat.fa:haplotype2_0000736_102745972_103248026_0	0.9699561998045065 1KGrel
NA10865 HG00621#1#JAHBCD010000034.1_2122997_2624098_1$HG005#1#JAHEPO010000002.1_51519219_51926067_0	0.9699493690571961 1KGrel
NA10865 AV_HG01175#haplotype1#0000070:46006269$46414083$NA18906#2#JAHEON010000009.1_93748295_94249275_0	0.9699484900105192 1KGrel
NA10865 HG03453#2#JAGYVV010000088.1_22597550_23005370_1$NA18906#2#JAHEON010000009.1_93748295_94249275_0	0.9699427663896343 1KGrel
NA10865 HG00621#1#JAHBCD010000034.1_2122997_2624098_1$HG01123#1#JAGYYZ010000015.1_51528240_51935090_0	0.9699423143486416 1KGrel
NA10865 HG03486#1#JAHEOQ010000123.1_16677696_17085575_0$HG03540#1#JAGYVY010000208.1_95187_596142_0	0.9699368190290965 1KGrel
NA10865 HG02080#2#JAHEOV010000017.1_16662177_17164189_0$HG00741#2#JAHALX010000013.1_51574319_51981226_0	0.9699322362636639 1KGrel
NA10865 HG02145#2#JAHKSF010000206.1_1005292_1413195_1$HG03540#1#JAGYVY010000208.1_95187_596142_0	0.9699260395097369 1KGrel
NA10865 HG02886#1#JAHAOU010000178.1_62411_469262_0$HG02293.verkko_filt_pat.fa:haplotype2_0000836_148310532_148812524_1	0.9699150457800880 1KGrel
NA10865 AV_HG01106#haplotype2#0000932:16673968$17175925$HG02630#2#JAHAOP010000089.1_16669255_17076135_0	0.9699076215855648 1KGrel
NA10865 AV_HG00673#haplotype1#0000019:16627360$17129375$HG02809.verkko_filt_pat.fa:haplotype2_0001251_103421111_103827972_0	0.9699005481703166 1KGrel
NA10865 HG02080#2#JAHEOV010000017.1_16662177_17164189_0$HG02486#2#JAGYVL010000029.1_94163344_94570162_0	0.9698968387549437 1KGrel
NA10865 HG00621#2#JAHBCC010000031.1_16669999_17077865_0$NA18906#2#JAHEON010000009.1_93748295_94249275_0	0.9698953419490058 1KGrel
NA10865 AV_HG01106#haplotype2#0000932:16673968$17175925$HG02809.verkko_filt_pat.fa:haplotype2_0001251_103421111_103827972_0	0.9698883297192643 1KGrel
NA10865 AV_HG01175#haplotype1#0000070:46006269$46414083$HG01099.verkko_filt_pat.fa:haplotype2_0000583_143544270_144046196_1	0.9698716853812144 1KGrel
NA10865 HG01978#2#JAGYVR010000007.1_51532241_51939176_0$NA18906#2#JAHEON010000009.1_93748295_94249275_0	0.9698686071953707 1KGrel
NA10865 chr1_chm13_103304997_103901127_0$HG02647.verkko_filt_mat.fa:haplotype1_0000002_103892584_104321036_0	0.9698638815749174 1KGrel
NA10865 HG00621#2#JAHBCC010000031.1_16669999_17077865_0$HG03540#1#JAGYVY010000208.1_95187_596142_0	0.9698638502180659 1KGrel
NA10865 NA18906#2#JAHEON010000009.1_93748295_94249275_0$HG02004.verkko_filt_mat.fa:haplotype1_0000022_97828542_98235483_0	0.9698617416970580 1KGrel
NA10865 HG01123#1#JAGYYZ010000015.1_51528240_51935090_0$HG01071#1#JAHBCF010000053.1_26607100_27108065_1	0.9698600104227915 1KGrel
NA10865 HG01978#1#JAGYVS010000002.1_51519970_52021951_0$HG01258#2#JAGYYU010000072.1_51562603_51970395_0	0.9698549919863106 1KGrel
NA10865 AV_HG01106#haplotype2#0000932:16673968$17175925$HG02486#2#JAGYVL010000029.1_94163344_94570162_0	0.9698535656494802 1KGrel
NA10865 HG02055#2#JAHEPJ010000017.1_24870122_25298560_1$chr1_chm13_103304997_103901127_0	0.9698463362793316 1KGrel
NA10865 HG02293.verkko_filt_pat.fa:haplotype2_0000836_148310532_148812524_1$HG02809.verkko_filt_pat.fa:haplotype2_0001251_103421111_103827972_0	0.9698350389025939 1KGrel
NA10865 AV_HG01106#haplotype2#0000932:16673968$17175925$HG02886#1#JAHAOU010000178.1_62411_469262_0	0.9698334960218793 1KGrel
NA10865 HG01071#1#JAHBCF010000053.1_26607100_27108065_1$HG02486#2#JAGYVL010000029.1_94163344_94570162_0	0.9698327032953790 1KGrel
NA10865 NA18906#2#JAHEON010000009.1_93748295_94249275_0$HG01258#2#JAGYYU010000072.1_51562603_51970395_0	0.9698259276507888 1KGrel
NA10865 HG01071#1#JAHBCF010000053.1_26607100_27108065_1$HG02717#2#JAHAOR010000006.1_19663827_20070693_1	0.9698257950169030 1KGrel
NA10865 HG01978#1#JAGYVS010000002.1_51519970_52021951_0$HG02717#2#JAHAOR010000006.1_19663827_20070693_1	0.9698184710311818 1KGrel
NA10865 HG00621#1#JAHBCD010000034.1_2122997_2624098_1$HG02717#2#JAHAOR010000006.1_19663827_20070693_1	0.9698158192272336 1KGrel
NA10865 AV_HG01106#haplotype2#0000932:16673968$17175925$HG02559#2#JAGYVJ010000037.1_52167780_52574597_1	0.9698148493733043 1KGrel
NA10865 HG02080#2#JAHEOV010000017.1_16662177_17164189_0$HG02886#1#JAHAOU010000178.1_62411_469262_0	0.9698116812290514 1KGrel
NA10865 HG01123#1#JAGYYZ010000015.1_51528240_51935090_0$HG01258#1#JAGYYV010000004.1_56955948_57456952_1	0.9698048431077615 1KGrel
NA10865 AV_HG02148#haplotype2#0002863:16304803$16712699$HG03540#1#JAGYVY010000208.1_95187_596142_0	0.9697975286801482 1KGrel
NA10865 HG01928#1#JAGYVQ010000053.1_16676493_17083407_0$HG03927.verkko_filt_pat.fa:haplotype2_0000800_29002142_29504057_1	0.9697908700142389 1KGrel
NA10865 HG01258#1#JAGYYV010000004.1_56955948_57456952_1$HG02486#2#JAGYVL010000029.1_94163344_94570162_0	0.9697903742418338 1KGrel
NA10865 AV_HG02257#haplotype2#0001152:102843493$103251377$HG01099.verkko_filt_pat.fa:haplotype2_0000583_143544270_144046196_1	0.9697812226181762 1KGrel
NA10865 HG02071.verkko_filt_mat.fa:haplotype1_0000041_103610513_104018399_0$HG01099.verkko_filt_pat.fa:haplotype2_0000583_143544270_144046196_1	0.9697695540224284 1KGrel
NA10865 HG02622#1#JAHAOO010000002.1_16673678_17080663_0$HG03927.verkko_filt_pat.fa:haplotype2_0000800_29002142_29504057_1	0.9697618709917399 1KGrel
NA10865 HG02717#1#JAHAOS010000015.1_16660311_17067250_0$HG01099.verkko_filt_pat.fa:haplotype2_0000583_143544270_144046196_1	0.9697614579475550 1KGrel
NA10865 chr1_chm13_103304997_103901127_0$HG02809.verkko_filt_mat.fa:haplotype1_0000023_94161320_94589755_0	0.9697602494955377 1KGrel
NA10865 HG02886#1#JAHAOU010000178.1_62411_469262_0$HG01258#1#JAGYYV010000004.1_56955948_57456952_1	0.9697598072378470 1KGrel
NA10865 AV_HG02148#haplotype2#0002863:16304803$16712699$NA18906#2#JAHEON010000009.1_93748295_94249275_0	0.9697584378834946 1KGrel
NA10865 HG01978#1#JAGYVS010000002.1_51519970_52021951_0$HG00741#2#JAHALX010000013.1_51574319_51981226_0	0.9697495450952194 1KGrel
NA10865 AV_HG01106#haplotype1#0000048:16666181$17262214$HG03098#1#JAHEPM010000059.1_16676208_17105596_0	0.9697486461599183 1KGrel
NA10865 HG01123#1#JAGYYZ010000015.1_51528240_51935090_0$HG04228.verkko_filt_mat.fa:haplotype1_0000023_103429213_103930285_0	0.9697468514482915 1KGrel
NA10865 HG02717#2#JAHAOR010000006.1_19663827_20070693_1$HG04228.verkko_filt_mat.fa:haplotype1_0000023_103429213_103930285_0	0.9697450438285794 1KGrel
NA10865 HG01258#1#JAGYYV010000004.1_56955948_57456952_1$HG02717#2#JAHAOR010000006.1_19663827_20070693_1	0.9697434862440506 1KGrel
NA10865 HG002.verkko_filt_mat.fa:haplotype1_0000005_138228497_138636354_1$HG01099.verkko_filt_pat.fa:haplotype2_0000583_143544270_144046196_1	0.9697398878041048 1KGrel
NA10865 HG03453#2#JAGYVV010000088.1_22597550_23005370_1$HG01099.verkko_filt_pat.fa:haplotype2_0000583_143544270_144046196_1	0.9697360664108601 1KGrel
NA10865 HG03486#2#JAHEOP010000248.1_2105565_2584784_1$HG03540#1#JAGYVY010000208.1_95187_596142_0	0.9697330567438518 1KGrel
NA10865 AV_HG01106#haplotype1#0000048:16666181$17262214$HG02647.verkko_filt_mat.fa:haplotype1_0000002_103892584_104321036_0	0.9697267663948028 1KGrel
NA10865 HG03486#2#JAHEOP010000248.1_2105565_2584784_1$HG01099.verkko_filt_pat.fa:haplotype2_0000583_143544270_144046196_1	0.9697054512345222 1KGrel
NA10865 HG02080#2#JAHEOV010000017.1_16662177_17164189_0$HG02809.verkko_filt_pat.fa:haplotype2_0001251_103421111_103827972_0	0.9697040153215566 1KGrel
NA10865 HG02559#2#JAGYVJ010000037.1_52167780_52574597_1$HG02293.verkko_filt_pat.fa:haplotype2_0000836_148310532_148812524_1	0.9697019346636180 1KGrel
NA10865 HG02630#1#JAHAOQ010000102.1_16672145_17079089_0$HG03540#1#JAGYVY010000208.1_95187_596142_0	0.9696921872178448 1KGrel
NA10865 HG03540#1#JAGYVY010000208.1_95187_596142_0$HG02300.verkko_filt_pat.fa:haplotype2_0000620_143362344_143769323_1	0.9696897084472003 1KGrel
NA10865 HG02630#1#JAHAOQ010000102.1_16672145_17079089_0$HG03927.verkko_filt_pat.fa:haplotype2_0000800_29002142_29504057_1	0.9696884005128116 1KGrel
NA10865 AV_HG01106#haplotype2#0000932:16673968$17175925$HG03927.verkko_filt_mat.fa:haplotype1_0000009_134765170_135173010_1	0.9696780729589524 1KGrel
NA10865 HG02622#1#JAHAOO010000002.1_16673678_17080663_0$HG01099.verkko_filt_pat.fa:haplotype2_0000583_143544270_144046196_1	0.9696775063856601 1KGrel
NA10865 HG03540#1#JAGYVY010000208.1_95187_596142_0$HG02818#1#JAHEOS010000101.1_89626_496613_0	0.9696762559289888 1KGrel
NA10865 HG02717#1#JAHAOS010000015.1_16660311_17067250_0$HG03540#1#JAGYVY010000208.1_95187_596142_0	0.9696760427627115 1KGrel
NA10865 HG02630#1#JAHAOQ010000102.1_16672145_17079089_0$HG01099.verkko_filt_pat.fa:haplotype2_0000583_143544270_144046196_1	0.9696742287011082 1KGrel
NA10865 HG02622#1#JAHAOO010000002.1_16673678_17080663_0$HG03540#1#JAGYVY010000208.1_95187_596142_0	0.9696688642948255 1KGrel
NA10865 HG03540#1#JAGYVY010000208.1_95187_596142_0$HG02647.verkko_filt_mat.fa:haplotype1_0000002_103892584_104321036_0	0.9696616740932291 1KGrel
NA10865 HG005#1#JAHEPO010000002.1_51519219_51926067_0$HG04228.verkko_filt_mat.fa:haplotype1_0000023_103429213_103930285_0	0.9696569086791189 1KGrel
NA10865 HG03486#1#JAHEOQ010000123.1_16677696_17085575_0$HG03927.verkko_filt_pat.fa:haplotype2_0000800_29002142_29504057_1	0.9696561529638554 1KGrel
NA10865 HG02630#2#JAHAOP010000089.1_16669255_17076135_0$NA18906#2#JAHEON010000009.1_93748295_94249275_0	0.9696528826128689 1KGrel
NA10865 HG02559#2#JAGYVJ010000037.1_52167780_52574597_1$HG01258#1#JAGYYV010000004.1_56955948_57456952_1	0.9696497929923141 1KGrel
NA10865 HG02486#2#JAGYVL010000029.1_94163344_94570162_0$HG02071.verkko_filt_pat.fa:haplotype2_0000736_102745972_103248026_0	0.9696481035537721 1KGrel
NA10865 AV_HG00673#haplotype1#0000019:16627360$17129375$HG02559#2#JAGYVJ010000037.1_52167780_52574597_1	0.9696479104872671 1KGrel
NA10865 HG03486#1#JAHEOQ010000123.1_16677696_17085575_0$HG01099.verkko_filt_pat.fa:haplotype2_0000583_143544270_144046196_1	0.9696475747980671 1KGrel
NA10865 AV_HG00673#haplotype1#0000019:16627360$17129375$HG03927.verkko_filt_mat.fa:haplotype1_0000009_134765170_135173010_1	0.9696455874417182 1KGrel
NA10865 HG02809.verkko_filt_mat.fa:haplotype1_0000023_94161320_94589755_0$HG01099.verkko_filt_pat.fa:haplotype2_0000583_143544270_144046196_1	0.9696409140817088 1KGrel
NA10865 HG03492#1#JAHEPI010000180.1_2103395_2543326_1$HG03540#1#JAGYVY010000208.1_95187_596142_0	0.9696382807414068 1KGrel
NA10865 HG02647.verkko_filt_mat.fa:haplotype1_0000002_103892584_104321036_0$HG01099.verkko_filt_pat.fa:haplotype2_0000583_143544270_144046196_1	0.9696367860699104 1KGrel
NA10865 HG02818#1#JAHEOS010000101.1_89626_496613_0$HG01099.verkko_filt_pat.fa:haplotype2_0000583_143544270_144046196_1	0.9696363792746180 1KGrel
NA10865 HG02055#2#JAHEPJ010000017.1_24870122_25298560_1$HG01099.verkko_filt_pat.fa:haplotype2_0000583_143544270_144046196_1	0.9696297821802328 1KGrel
NA10865 HG02486#1#JAGYVM010000007.1_28868414_29370339_1$HG02486#2#JAGYVL010000029.1_94163344_94570162_0	0.9696281384146943 1KGrel
NA10865 AV_HG00673#haplotype1#0000019:16627360$17129375$HG02630#2#JAHAOP010000089.1_16669255_17076135_0	0.9696261711114457 1KGrel
NA10865 HG01071#1#JAHBCF010000053.1_26607100_27108065_1$HG00741#2#JAHALX010000013.1_51574319_51981226_0	0.9696248537522427 1KGrel
NA10865 HG02559#2#JAGYVJ010000037.1_52167780_52574597_1$HG03927.verkko_filt_pat.fa:haplotype2_0000800_29002142_29504057_1	0.9696248158374287 1KGrel
NA10865 HG02886#1#JAHAOU010000178.1_62411_469262_0$HG02486#1#JAGYVM010000007.1_28868414_29370339_1	0.9696140521834441 1KGrel
NA10865 HG00621#1#JAHBCD010000034.1_2122997_2624098_1$HG00741#2#JAHALX010000013.1_51574319_51981226_0	0.9696131674539782 1KGrel
NA10865 NA18906#2#JAHEON010000009.1_93748295_94249275_0$HG02300.verkko_filt_pat.fa:haplotype2_0000620_143362344_143769323_1	0.9696126742910995 1KGrel
NA10865 HG02559#2#JAGYVJ010000037.1_52167780_52574597_1$HG01071#1#JAHBCF010000053.1_26607100_27108065_1	0.9696117216875680 1KGrel
NA10865 AV_HG01106#haplotype1#0000048:16666181$17262214$HG02055#2#JAHEPJ010000017.1_24870122_25298560_1	0.9696073892317653 1KGrel
NA10865 HG02818#1#JAHEOS010000101.1_89626_496613_0$HG03927.verkko_filt_pat.fa:haplotype2_0000800_29002142_29504057_1	0.9696070269054690 1KGrel
NA10865 HG03927.verkko_filt_mat.fa:haplotype1_0000009_134765170_135173010_1$HG02293.verkko_filt_pat.fa:haplotype2_0000836_148310532_148812524_1	0.9696029150861026 1KGrel
NA10865 HG02630#2#JAHAOP010000089.1_16669255_17076135_0$HG02293.verkko_filt_pat.fa:haplotype2_0000836_148310532_148812524_1	0.9695998540686771 1KGrel
NA10865 HG02559#2#JAGYVJ010000037.1_52167780_52574597_1$HG02080#2#JAHEOV010000017.1_16662177_17164189_0	0.9695979666499512 1KGrel
NA10865 HG002.verkko_filt_mat.fa:haplotype1_0000005_138228497_138636354_1$HG03927.verkko_filt_pat.fa:haplotype2_0000800_29002142_29504057_1	0.9695966222882640 1KGrel
NA10865 HG02622#2#JAHAON010000012.1_51551779_52031001_0$HG01099.verkko_filt_pat.fa:haplotype2_0000583_143544270_144046196_1	0.9695911414968608 1KGrel
NA10865 HG02300.verkko_filt_pat.fa:haplotype2_0000620_143362344_143769323_1$HG01099.verkko_filt_pat.fa:haplotype2_0000583_143544270_144046196_1	0.9695901305910246 1KGrel
NA10865 HG00621#1#JAHBCD010000034.1_2122997_2624098_1$HG03927.verkko_filt_mat.fa:haplotype1_0000009_134765170_135173010_1	0.9695842648882681 1KGrel
NA10865 HG02886#1#JAHAOU010000178.1_62411_469262_0$HG02071.verkko_filt_pat.fa:haplotype2_0000736_102745972_103248026_0	0.9695796992711742 1KGrel
NA10865 HG02622#2#JAHAON010000012.1_51551779_52031001_0$HG03540#1#JAGYVY010000208.1_95187_596142_0	0.9695796029776748 1KGrel
NA10865 NA18906#1#JAHEOO010000054.1_2103477_2510435_1$HG03540#1#JAGYVY010000208.1_95187_596142_0	0.9695793678909079 1KGrel
NA10865 HG01258#1#JAGYYV010000004.1_56955948_57456952_1$HG00741#2#JAHALX010000013.1_51574319_51981226_0	0.9695793586091456 1KGrel
NA10865 AV_HG02148#haplotype2#0002863:16304803$16712699$HG01099.verkko_filt_pat.fa:haplotype2_0000583_143544270_144046196_1	0.9695787006414741 1KGrel
NA10865 AV_HG01106#haplotype1#0000048:16666181$17262214$HG02809.verkko_filt_mat.fa:haplotype1_0000023_94161320_94589755_0	0.9695780055014555 1KGrel
NA10865 AV_HG00673#haplotype1#0000019:16627360$17129375$HG03579#1#JAGYVU010000029.1_91404_499180_0	0.9695772363977008 1KGrel
NA10865 HG02145#2#JAHKSF010000206.1_1005292_1413195_1$HG03927.verkko_filt_pat.fa:haplotype2_0000800_29002142_29504057_1	0.9695690275409939 1KGrel
NA10865 NA20129#2#JAHEPD010000155.1_90039_569275_0$HG03540#1#JAGYVY010000208.1_95187_596142_0	0.9695634195184235 1KGrel
NA10865 AV_HG02257#haplotype2#0001152:102843493$103251377$HG03927.verkko_filt_pat.fa:haplotype2_0000800_29002142_29504057_1	0.9695618248494607 1KGrel
NA10865 HG02071.verkko_filt_pat.fa:haplotype2_0000736_102745972_103248026_0$HG02809.verkko_filt_pat.fa:haplotype2_0001251_103421111_103827972_0	0.9695598720030479 1KGrel
NA10865 HG00438#1#JAHBCB010000015.1_33474867_33954171_0$HG02486#1#JAGYVM010000007.1_28868414_29370339_1	0.9695584122536443 1KGrel
NA10865 AV_HG01106#haplotype2#0000932:16673968$17175925$HG02559#1#JAGYVK010000012.1_51505852_51913611_0	0.9695569901698959 1KGrel
NA10865 AV_HG01175#haplotype1#0000070:46006269$46414083$HG03927.verkko_filt_pat.fa:haplotype2_0000800_29002142_29504057_1	0.9695548678403545 1KGrel
NA10865 HG02717#1#JAHAOS010000015.1_16660311_17067250_0$HG03927.verkko_filt_pat.fa:haplotype2_0000800_29002142_29504057_1	0.9695525722981618 1KGrel
NA10865 HG005#1#JAHEPO010000002.1_51519219_51926067_0$NA18906#2#JAHEON010000009.1_93748295_94249275_0	0.9695498001535833 1KGrel
NA10865 NA20129#2#JAHEPD010000155.1_90039_569275_0$HG01099.verkko_filt_pat.fa:haplotype2_0000583_143544270_144046196_1	0.9695489655277820 1KGrel
NA10865 HG00621#2#JAHBCC010000031.1_16669999_17077865_0$HG01099.verkko_filt_pat.fa:haplotype2_0000583_143544270_144046196_1	0.9695473615565320 1KGrel
NA10865 HG02055#2#JAHEPJ010000017.1_24870122_25298560_1$HG03540#1#JAGYVY010000208.1_95187_596142_0	0.9695467678848183 1KGrel
NA10865 AV_HG01106#haplotype2#0000932:16673968$17175925$HG02818#2#JAHEOR010000010.1_31775319_32183091_1	0.9695466422196176 1KGrel
NA10865 HG02145#2#JAHKSF010000206.1_1005292_1413195_1$HG01099.verkko_filt_pat.fa:haplotype2_0000583_143544270_144046196_1	0.9695386617694230 1KGrel
NA10865 NA18906#1#JAHEOO010000054.1_2103477_2510435_1$HG03927.verkko_filt_pat.fa:haplotype2_0000800_29002142_29504057_1	0.9695320708694831 1KGrel
NA10865 HG03540#1#JAGYVY010000208.1_95187_596142_0$HG02809.verkko_filt_mat.fa:haplotype1_0000023_94161320_94589755_0	0.9695239969631474 1KGrel
NA10865 NA18906#1#JAHEOO010000054.1_2103477_2510435_1$HG01099.verkko_filt_pat.fa:haplotype2_0000583_143544270_144046196_1	0.9695233363109945 1KGrel
NA10865 HG02071.verkko_filt_mat.fa:haplotype1_0000041_103610513_104018399_0$HG03927.verkko_filt_pat.fa:haplotype2_0000800_29002142_29504057_1	0.9695232473495307 1KGrel
NA10865 AV_HG00673#haplotype1#0000019:16627360$17129375$HG03516#2#JAGYYS010000004.1_24452130_24859892_1	0.9695227011609138 1KGrel
NA10865 HG00621#1#JAHBCD010000034.1_2122997_2624098_1$HG02486#2#JAGYVL010000029.1_94163344_94570162_0	0.9695213951866920 1KGrel
NA10865 HG01978#2#JAGYVR010000007.1_51532241_51939176_0$HG03927.verkko_filt_pat.fa:haplotype2_0000800_29002142_29504057_1	0.9695185773014900 1KGrel
NA10865 HG005#2#JAHEPN010000023.1_51542210_51950070_0$HG03927.verkko_filt_pat.fa:haplotype2_0000800_29002142_29504057_1	0.9695183420342300 1KGrel
NA10865 AV_HG00673#haplotype1#0000019:16627360$17129375$HG02559#1#JAGYVK010000012.1_51505852_51913611_0	0.9695179058357473 1KGrel
NA10865 HG00741#2#JAHALX010000013.1_51574319_51981226_0$HG02071.verkko_filt_pat.fa:haplotype2_0000736_102745972_103248026_0	0.9695149935221784 1KGrel
NA10865 AV_HG00673#haplotype1#0000019:16627360$17129375$HG02818#2#JAHEOR010000010.1_31775319_32183091_1	0.9695141599152673 1KGrel
NA10865 HG02080#2#JAHEOV010000017.1_16662177_17164189_0$HG03927.verkko_filt_mat.fa:haplotype1_0000009_134765170_135173010_1	0.9695082850437174 1KGrel
NA10865 AV_HG01106#haplotype2#0000932:16673968$17175925$NA19240#1#JAHEOM010000047.1_30103390_30511199_1	0.9695075335286654 1KGrel
NA10865 HG03579#1#JAGYVU010000029.1_91404_499180_0$HG02293.verkko_filt_pat.fa:haplotype2_0000836_148310532_148812524_1	0.9695016518522112 1KGrel
NA10865 AV_HG00673#haplotype1#0000019:16627360$17129375$HG02109#1#JAHEPG010000026.1_16673035_17080816_0	0.9695010642552718 1KGrel
NA10865 HG02109#1#JAHEPG010000026.1_16673035_17080816_0$HG02293.verkko_filt_pat.fa:haplotype2_0000836_148310532_148812524_1	0.9695010190616751 1KGrel
NA10865 AV_HG01106#haplotype2#0000932:16673968$17175925$HG02109#1#JAHEPG010000026.1_16673035_17080816_0	0.9694982308236548 1KGrel
NA10865 HG02004.verkko_filt_mat.fa:haplotype1_0000022_97828542_98235483_0$HG03927.verkko_filt_pat.fa:haplotype2_0000800_29002142_29504057_1	0.9694957663340347 1KGrel
NA10865 HG01123#1#JAGYYZ010000015.1_51528240_51935090_0$NA18906#2#JAHEON010000009.1_93748295_94249275_0	0.9694826412744050 1KGrel
NA10865 HG03098#1#JAHEPM010000059.1_16676208_17105596_0$chr1_chm13_103304997_103901127_0	0.9694805632439617 1KGrel
NA10865 HG02559#1#JAGYVK010000012.1_51505852_51913611_0$HG02293.verkko_filt_pat.fa:haplotype2_0000836_148310532_148812524_1	0.9694803352425364 1KGrel
NA10865 HG01109#1#JAHEPA010000099.1_2104245_2511104_1$NA18906#2#JAHEON010000009.1_93748295_94249275_0	0.9694771567058118 1KGrel
NA10865 HG03098#1#JAHEPM010000059.1_16676208_17105596_0$HG03540#1#JAGYVY010000208.1_95187_596142_0	0.9694738187016388 1KGrel
NA10865 HG03492#1#JAHEPI010000180.1_2103395_2543326_1$HG01099.verkko_filt_pat.fa:haplotype2_0000583_143544270_144046196_1	0.9694734807972966 1KGrel
NA10865 AV_HG01106#haplotype2#0000932:16673968$17175925$HG03516#2#JAGYYS010000004.1_24452130_24859892_1	0.9694699362978496 1KGrel
NA10865 NA18906#2#JAHEON010000009.1_93748295_94249275_0$HG02486#2#JAGYVL010000029.1_94163344_94570162_0	0.9694693040497533 1KGrel
NA10865 HG02818#2#JAHEOR010000010.1_31775319_32183091_1$HG02293.verkko_filt_pat.fa:haplotype2_0000836_148310532_148812524_1	0.9694660810446579 1KGrel
NA10865 HG00621#1#JAHBCD010000034.1_2122997_2624098_1$HG02886#1#JAHAOU010000178.1_62411_469262_0	0.9694582131430612 1KGrel
NA10865 HG02886#1#JAHAOU010000178.1_62411_469262_0$NA18906#2#JAHEON010000009.1_93748295_94249275_0	0.9694554000379239 1KGrel
NA10865 chr1_hg38_103456064_103863972_0$HG03927.verkko_filt_pat.fa:haplotype2_0000800_29002142_29504057_1	0.9694482906192646 1KGrel
NA10865 chr1_hg19_103998686_104406594_0$HG03927.verkko_filt_pat.fa:haplotype2_0000800_29002142_29504057_1	0.9694482906192646 1KGrel
NA10865 HG03516#2#JAGYYS010000004.1_24452130_24859892_1$HG02293.verkko_filt_pat.fa:haplotype2_0000836_148310532_148812524_1	0.9694416758292044 1KGrel
NA10865 HG02300.verkko_filt_pat.fa:haplotype2_0000620_143362344_143769323_1$HG03927.verkko_filt_pat.fa:haplotype2_0000800_29002142_29504057_1	0.9694359675287482 1KGrel
NA10865 HG00621#1#JAHBCD010000034.1_2122997_2624098_1$HG02809.verkko_filt_pat.fa:haplotype2_0001251_103421111_103827972_0	0.9694271042582361 1KGrel
NA10865 AV_HG01106#haplotype2#0000932:16673968$17175925$HG03579#1#JAGYVU010000029.1_91404_499180_0	0.9694265670165859 1KGrel
NA10865 HG00621#1#JAHBCD010000034.1_2122997_2624098_1$HG02559#1#JAGYVK010000012.1_51505852_51913611_0	0.9694242546795639 1KGrel
NA10865 HG00621#1#JAHBCD010000034.1_2122997_2624098_1$HG02109#1#JAHEPG010000026.1_16673035_17080816_0	0.9694239022459715 1KGrel
NA10865 HG02886#1#JAHAOU010000178.1_62411_469262_0$HG04228.verkko_filt_mat.fa:haplotype1_0000023_103429213_103930285_0	0.9694188833322701 1KGrel
NA10865 HG00621#1#JAHBCD010000034.1_2122997_2624098_1$HG03579#1#JAGYVU010000029.1_91404_499180_0	0.9694131938876458 1KGrel
NA10865 HG02080#2#JAHEOV010000017.1_16662177_17164189_0$HG03579#1#JAGYVU010000029.1_91404_499180_0	0.9694130179948568 1KGrel
NA10865 AV_HG00673#haplotype1#0000019:16627360$17129375$NA19240#1#JAHEOM010000047.1_30103390_30511199_1	0.9694100055213124 1KGrel
NA10865 HG02818#2#JAHEOR010000010.1_31775319_32183091_1$HG02080#2#JAHEOV010000017.1_16662177_17164189_0	0.9694093058243166 1KGrel
NA10865 HG02630#2#JAHAOP010000089.1_16669255_17076135_0$HG02080#2#JAHEOV010000017.1_16662177_17164189_0	0.9694077024773260 1KGrel
NA10865 HG00621#2#JAHBCC010000031.1_16669999_17077865_0$HG03927.verkko_filt_pat.fa:haplotype2_0000800_29002142_29504057_1	0.9694041775759300 1KGrel
NA10865 HG01978#1#JAGYVS010000002.1_51519970_52021951_0$HG02809.verkko_filt_pat.fa:haplotype2_0001251_103421111_103827972_0	0.9693927955399267 1KGrel
NA10865 AV_HG02148#haplotype2#0002863:16304803$16712699$HG03927.verkko_filt_pat.fa:haplotype2_0000800_29002142_29504057_1	0.9693813864615540 1KGrel
NA10865 HG02559#1#JAGYVK010000012.1_51505852_51913611_0$HG02080#2#JAHEOV010000017.1_16662177_17164189_0	0.9693753038955880 1KGrel
NA10865 HG02080#2#JAHEOV010000017.1_16662177_17164189_0$HG03516#2#JAGYYS010000004.1_24452130_24859892_1	0.9693747442622139 1KGrel
NA10865 HG01258#1#JAGYYV010000004.1_56955948_57456952_1$HG01109#2#JAHEOZ010000047.1_16671232_17151375_0	0.9693745921513433 1KGrel
NA10865 HG01978#1#JAGYVS010000002.1_51519970_52021951_0$HG02486#2#JAGYVL010000029.1_94163344_94570162_0	0.9693740596637974 1KGrel
NA10865 HG02559#2#JAGYVJ010000037.1_52167780_52574597_1$HG01978#1#JAGYVS010000002.1_51519970_52021951_0	0.9693737824483930 1KGrel
NA10865 HG02717#1#JAHAOS010000015.1_16660311_17067250_0$HG02486#1#JAGYVM010000007.1_28868414_29370339_1	0.9693734048806263 1KGrel
NA10865 AV_HG00673#haplotype1#0000019:16627360$17129375$HG02300.verkko_filt_mat.fa:haplotype1_0000028_144052837_144460586_1	0.9693705939970630 1KGrel
NA10865 HG00621#1#JAHBCD010000034.1_2122997_2624098_1$HG03516#2#JAGYYS010000004.1_24452130_24859892_1	0.9693694941390012 1KGrel
NA10865 NA18906#2#JAHEON010000009.1_93748295_94249275_0$HG02717#2#JAHAOR010000006.1_19663827_20070693_1	0.9693676229721393 1KGrel
NA10865 HG02055#2#JAHEPJ010000017.1_24870122_25298560_1$HG03927.verkko_filt_pat.fa:haplotype2_0000800_29002142_29504057_1	0.9693672806451937 1KGrel
NA10865 HG01109#2#JAHEOZ010000047.1_16671232_17151375_0$HG02486#1#JAGYVM010000007.1_28868414_29370339_1	0.9693665366495624 1KGrel
NA10865 HG02486#2#JAGYVL010000029.1_94163344_94570162_0$HG04228.verkko_filt_mat.fa:haplotype1_0000023_103429213_103930285_0	0.9693624217840016 1KGrel
NA10865 HG03453#2#JAGYVV010000088.1_22597550_23005370_1$HG03927.verkko_filt_pat.fa:haplotype2_0000800_29002142_29504057_1	0.9693603223098149 1KGrel
NA10865 AV_HG00673#haplotype1#0000019:16627360$17129375$HG01099.verkko_filt_mat.fa:haplotype1_0000034_142513097_142920876_1	0.9693579741660565 1KGrel
NA10865 HG04228.verkko_filt_mat.fa:haplotype1_0000023_103429213_103930285_0$HG03927.verkko_filt_mat.fa:haplotype1_0000009_134765170_135173010_1	0.9693576494012344 1KGrel
NA10865 AV_HG02257#haplotype2#0001152:102843493$103251377$HG02486#1#JAGYVM010000007.1_28868414_29370339_1	0.9693552466182267 1KGrel
NA10865 HG02630#2#JAHAOP010000089.1_16669255_17076135_0$HG02071.verkko_filt_pat.fa:haplotype2_0000736_102745972_103248026_0	0.9693426723674654 1KGrel
NA10865 HG01099.verkko_filt_mat.fa:haplotype1_0000034_142513097_142920876_1$HG02293.verkko_filt_pat.fa:haplotype2_0000836_148310532_148812524_1	0.9693415261688717 1KGrel
NA10865 HG02559#2#JAGYVJ010000037.1_52167780_52574597_1$HG02071.verkko_filt_pat.fa:haplotype2_0000736_102745972_103248026_0	0.9693401387698384 1KGrel
NA10865 HG00741#2#JAHALX010000013.1_51574319_51981226_0$HG04228.verkko_filt_mat.fa:haplotype1_0000023_103429213_103930285_0	0.9693382195211445 1KGrel
NA10865 HG02300.verkko_filt_mat.fa:haplotype1_0000028_144052837_144460586_1$HG02293.verkko_filt_pat.fa:haplotype2_0000836_148310532_148812524_1	0.9693323884875500 1KGrel
NA10865 HG02630#2#JAHAOP010000089.1_16669255_17076135_0$HG01978#1#JAGYVS010000002.1_51519970_52021951_0	0.9693318293420549 1KGrel
NA10865 NA19240#1#JAHEOM010000047.1_30103390_30511199_1$HG02293.verkko_filt_pat.fa:haplotype2_0000836_148310532_148812524_1	0.9693295323999446 1KGrel
NA10865 HG04228.verkko_filt_mat.fa:haplotype1_0000023_103429213_103930285_0$HG02809.verkko_filt_pat.fa:haplotype2_0001251_103421111_103827972_0	0.9693286469466204 1KGrel
NA10865 NA18906#2#JAHEON010000009.1_93748295_94249275_0$HG00741#2#JAHALX010000013.1_51574319_51981226_0	0.9693240360440631 1KGrel
NA10865 HG02647.verkko_filt_mat.fa:haplotype1_0000002_103892584_104321036_0$HG03927.verkko_filt_pat.fa:haplotype2_0000800_29002142_29504057_1	0.9693228217494982 1KGrel
NA10865 HG02109#1#JAHEPG010000026.1_16673035_17080816_0$HG04228.verkko_filt_mat.fa:haplotype1_0000023_103429213_103930285_0	0.9693200801737704 1KGrel
NA10865 HG03927.verkko_filt_mat.fa:haplotype1_0000009_134765170_135173010_1$HG02071.verkko_filt_pat.fa:haplotype2_0000736_102745972_103248026_0	0.9693185502687562 1KGrel
NA10865 HG00621#1#JAHBCD010000034.1_2122997_2624098_1$HG02818#2#JAHEOR010000010.1_31775319_32183091_1	0.9693121587514189 1KGrel
NA10865 HG02080#2#JAHEOV010000017.1_16662177_17164189_0$NA19240#1#JAHEOM010000047.1_30103390_30511199_1	0.9693051251080662 1KGrel
NA10865 HG02809.verkko_filt_mat.fa:haplotype1_0000023_94161320_94589755_0$HG03927.verkko_filt_pat.fa:haplotype2_0000800_29002142_29504057_1	0.9692991182818911 1KGrel
NA10865 HG02886#1#JAHAOU010000178.1_62411_469262_0$HG01978#1#JAGYVS010000002.1_51519970_52021951_0	0.9692940853137076 1KGrel
NA10865 HG02630#1#JAHAOQ010000102.1_16672145_17079089_0$HG02486#1#JAGYVM010000007.1_28868414_29370339_1	0.9692916013178502 1KGrel
NA10865 AV_HG01106#haplotype2#0000932:16673968$17175925$HG01109#1#JAHEPA010000099.1_2104245_2511104_1	0.9692807003976972 1KGrel
NA10865 HG00621#1#JAHBCD010000034.1_2122997_2624098_1$HG02559#2#JAGYVJ010000037.1_52167780_52574597_1	0.9692776631055509 1KGrel
NA10865 HG02080#2#JAHEOV010000017.1_16662177_17164189_0$HG02109#1#JAHEPG010000026.1_16673035_17080816_0	0.9692663817844943 1KGrel
NA10865 HG02080#1#JAHEOW010000048.1_16689583_17097287_0$HG02293.verkko_filt_pat.fa:haplotype2_0000836_148310532_148812524_1	0.9692606975746606 1KGrel
NA10865 HG02145#2#JAHKSF010000206.1_1005292_1413195_1$HG02486#1#JAGYVM010000007.1_28868414_29370339_1	0.9692538317260893 1KGrel
NA10865 HG03540#1#JAGYVY010000208.1_95187_596142_0$HG03579#1#JAGYVU010000029.1_91404_499180_0	0.9692474963687597 1KGrel
NA10865 HG00621#1#JAHBCD010000034.1_2122997_2624098_1$NA19240#1#JAHEOM010000047.1_30103390_30511199_1	0.9692458483596300 1KGrel
NA10865 HG03098#1#JAHEPM010000059.1_16676208_17105596_0$HG01099.verkko_filt_pat.fa:haplotype2_0000583_143544270_144046196_1	0.9692443091775600 1KGrel
NA10865 HG01071#1#JAHBCF010000053.1_26607100_27108065_1$HG01109#2#JAHEOZ010000047.1_16671232_17151375_0	0.9692426048876998 1KGrel
NA10865 chr1_hg19_103998686_104406594_0$HG01071#1#JAHBCF010000053.1_26607100_27108065_1	0.9692401541542758 1KGrel
NA10865 HG01071#1#JAHBCF010000053.1_26607100_27108065_1$chr1_hg38_103456064_103863972_0	0.9692401541542758 1KGrel
NA10865 HG01071#1#JAHBCF010000053.1_26607100_27108065_1$HG005#2#JAHEPN010000023.1_51542210_51950070_0	0.9692399613858231 1KGrel
NA10865 NA18906#1#JAHEOO010000054.1_2103477_2510435_1$HG02486#1#JAGYVM010000007.1_28868414_29370339_1	0.9692386268977854 1KGrel
NA10865 HG02622#1#JAHAOO010000002.1_16673678_17080663_0$HG02486#1#JAGYVM010000007.1_28868414_29370339_1	0.9692355387660306 1KGrel
NA10865 HG00741#1#JAHALY010000007.1_18781197_19307680_1$HG02004.verkko_filt_pat.fa:haplotype2_0000813_139386576_140076845_1	0.9692319053041324 1KGrel
NA10865 HG02559#1#JAGYVK010000012.1_51505852_51913611_0$HG03540#1#JAGYVY010000208.1_95187_596142_0	0.9692265348592055 1KGrel
NA10865 HG01978#1#JAGYVS010000002.1_51519970_52021951_0$HG03927.verkko_filt_mat.fa:haplotype1_0000009_134765170_135173010_1	0.9692215837545434 1KGrel
NA10865 HG02486#1#JAGYVM010000007.1_28868414_29370339_1$HG02818#1#JAHEOS010000101.1_89626_496613_0	0.9692212641009430 1KGrel
NA10865 HG02559#1#JAGYVK010000012.1_51505852_51913611_0$HG04228.verkko_filt_mat.fa:haplotype1_0000023_103429213_103930285_0	0.9692185536573396 1KGrel
NA10865 HG03516#2#JAGYYS010000004.1_24452130_24859892_1$HG04228.verkko_filt_mat.fa:haplotype1_0000023_103429213_103930285_0	0.9692176479304468 1KGrel
NA10865 AV_HG00673#haplotype1#0000019:16627360$17129375$HG02080#1#JAHEOW010000048.1_16689583_17097287_0	0.9692174573136261 1KGrel
NA10865 HG02559#1#JAGYVK010000012.1_51505852_51913611_0$HG02071.verkko_filt_pat.fa:haplotype2_0000736_102745972_103248026_0	0.9692170789740201 1KGrel
NA10865 HG02080#2#JAHEOV010000017.1_16662177_17164189_0$HG02300.verkko_filt_mat.fa:haplotype1_0000028_144052837_144460586_1	0.9692119461247055 1KGrel
NA10865 HG03516#2#JAGYYS010000004.1_24452130_24859892_1$HG02071.verkko_filt_pat.fa:haplotype2_0000736_102745972_103248026_0	0.9692106907562748 1KGrel
NA10865 AV_HG01106#haplotype2#0000932:16673968$17175925$HG02300.verkko_filt_mat.fa:haplotype1_0000028_144052837_144460586_1	0.9692105545222607 1KGrel
NA10865 HG00621#1#JAHBCD010000034.1_2122997_2624098_1$HG01099.verkko_filt_mat.fa:haplotype1_0000034_142513097_142920876_1	0.9692102725304502 1KGrel
NA10865 AV_HG01106#haplotype2#0000932:16673968$17175925$HG01099.verkko_filt_mat.fa:haplotype1_0000034_142513097_142920876_1	0.9692086398342966 1KGrel
NA10865 HG03540#1#JAGYVY010000208.1_95187_596142_0$HG03516#2#JAGYYS010000004.1_24452130_24859892_1	0.9692036296755747 1KGrel
NA10865 HG02080#2#JAHEOV010000017.1_16662177_17164189_0$HG01099.verkko_filt_mat.fa:haplotype1_0000034_142513097_142920876_1	0.9691993020152685 1KGrel
NA10865 HG01071#1#JAHBCF010000053.1_26607100_27108065_1$HG002.verkko_filt_mat.fa:haplotype1_0000005_138228497_138636354_1	0.9691987025825063 1KGrel
NA10865 HG02630#2#JAHAOP010000089.1_16669255_17076135_0$HG04228.verkko_filt_mat.fa:haplotype1_0000023_103429213_103930285_0	0.9691874852524983 1KGrel
NA10865 HG02818#2#JAHEOR010000010.1_31775319_32183091_1$HG02071.verkko_filt_pat.fa:haplotype2_0000736_102745972_103248026_0	0.9691870839172444 1KGrel
NA10865 NA20129#2#JAHEPD010000155.1_90039_569275_0$HG02486#1#JAGYVM010000007.1_28868414_29370339_1	0.9691837660938585 1KGrel
NA10865 HG02818#2#JAHEOR010000010.1_31775319_32183091_1$HG03540#1#JAGYVY010000208.1_95187_596142_0	0.9691811581918840 1KGrel
NA10865 HG00621#1#JAHBCD010000034.1_2122997_2624098_1$HG02300.verkko_filt_mat.fa:haplotype1_0000028_144052837_144460586_1	0.9691794511047744 1KGrel
NA10865 HG00621#1#JAHBCD010000034.1_2122997_2624098_1$HG02630#2#JAHAOP010000089.1_16669255_17076135_0	0.9691756592666581 1KGrel
NA10865 HG03579#1#JAGYVU010000029.1_91404_499180_0$HG04228.verkko_filt_mat.fa:haplotype1_0000023_103429213_103930285_0	0.9691748898338234 1KGrel
NA10865 AV_HG00673#haplotype1#0000019:16627360$17129375$HG01109#1#JAHEPA010000099.1_2104245_2511104_1	0.9691746220269964 1KGrel
NA10865 NA19240#2#JAHEOL010000010.1_37445323_37853017_0$HG02293.verkko_filt_pat.fa:haplotype2_0000836_148310532_148812524_1	0.9691733630373740 1KGrel
NA10865 AV_HG00673#haplotype1#0000019:16627360$17129375$NA19240#2#JAHEOL010000010.1_37445323_37853017_0	0.9691677955861132 1KGrel
NA10865 HG02109#1#JAHEPG010000026.1_16673035_17080816_0$HG02071.verkko_filt_pat.fa:haplotype2_0000736_102745972_103248026_0	0.9691667261251613 1KGrel
NA10865 HG04228.verkko_filt_mat.fa:haplotype1_0000023_103429213_103930285_0$HG01099.verkko_filt_mat.fa:haplotype1_0000034_142513097_142920876_1	0.9691658974212023 1KGrel
NA10865 HG03540#1#JAGYVY010000208.1_95187_596142_0$NA19240#1#JAHEOM010000047.1_30103390_30511199_1	0.9691632489988878 1KGrel
NA10865 HG04228.verkko_filt_mat.fa:haplotype1_0000023_103429213_103930285_0$HG02300.verkko_filt_mat.fa:haplotype1_0000028_144052837_144460586_1	0.9691621590218571 1KGrel
NA10865 AV_HG01361#haplotype1#0000023:101593539$102001341$HG02293.verkko_filt_pat.fa:haplotype2_0000836_148310532_148812524_1	0.9691547740528678 1KGrel
NA10865 HG00438#1#JAHBCB010000015.1_33474867_33954171_0$HG01071#1#JAHBCF010000053.1_26607100_27108065_1	0.9691534727193085 1KGrel
NA10865 HG02622#2#JAHAON010000012.1_51551779_52031001_0$HG02486#1#JAGYVM010000007.1_28868414_29370339_1	0.9691524091389212 1KGrel
NA10865 AV_HG00673#haplotype1#0000019:16627360$17129375$AV_HG01361#haplotype1#0000023:101593539$102001341	0.9691493876803079 1KGrel
NA10865 HG02818#2#JAHEOR010000010.1_31775319_32183091_1$HG04228.verkko_filt_mat.fa:haplotype1_0000023_103429213_103930285_0	0.9691398020975162 1KGrel
NA10865 HG03579#1#JAGYVU010000029.1_91404_499180_0$HG02071.verkko_filt_pat.fa:haplotype2_0000736_102745972_103248026_0	0.9691301622335904 1KGrel
NA10865 HG02818#2#JAHEOR010000010.1_31775319_32183091_1$HG01099.verkko_filt_pat.fa:haplotype2_0000583_143544270_144046196_1	0.9691245053483833 1KGrel
NA10865 HG01109#1#JAHEPA010000099.1_2104245_2511104_1$HG02293.verkko_filt_pat.fa:haplotype2_0000836_148310532_148812524_1	0.9691163450528966 1KGrel
NA10865 AV_HG01361#haplotype1#0000023:101593539$102001341$HG00621#1#JAHBCD010000034.1_2122997_2624098_1	0.9691156331428702 1KGrel
NA10865 HG03492#1#JAHEPI010000180.1_2103395_2543326_1$HG03927.verkko_filt_pat.fa:haplotype2_0000800_29002142_29504057_1	0.9691129173815467 1KGrel
NA10865 HG03486#1#JAHEOQ010000123.1_16677696_17085575_0$HG01071#1#JAHBCF010000053.1_26607100_27108065_1	0.9691069257822641 1KGrel
NA10865 HG01109#2#JAHEOZ010000047.1_16671232_17151375_0$HG03540#1#JAGYVY010000208.1_95187_596142_0	0.9691041929581421 1KGrel
NA10865 AV_HG01106#haplotype2#0000932:16673968$17175925$AV_HG01361#haplotype1#0000023:101593539$102001341	0.9690975034298983 1KGrel
NA10865 AV_HG01106#haplotype2#0000932:16673968$17175925$HG03516#1#JAGYYT010000012.1_24170958_24578778_1	0.9690930842254682 1KGrel
NA10865 HG02559#2#JAGYVJ010000037.1_52167780_52574597_1$NA18906#2#JAHEON010000009.1_93748295_94249275_0	0.9690925983272288 1KGrel
NA10865 HG02080#1#JAHEOW010000048.1_16689583_17097287_0$HG00621#1#JAHBCD010000034.1_2122997_2624098_1	0.9690914605989757 1KGrel
NA10865 HG01258#1#JAGYYV010000004.1_56955948_57456952_1$HG005#2#JAHEPN010000023.1_51542210_51950070_0	0.9690821941703871 1KGrel
NA10865 HG01928#1#JAGYVQ010000053.1_16676493_17083407_0$HG01071#1#JAHBCF010000053.1_26607100_27108065_1	0.9690796063273028 1KGrel
NA10865 AV_HG01106#haplotype2#0000932:16673968$17175925$HG02080#1#JAHEOW010000048.1_16689583_17097287_0	0.9690789680396774 1KGrel
NA10865 AV_HG01361#haplotype1#0000023:101593539$102001341$HG04228.verkko_filt_mat.fa:haplotype1_0000023_103429213_103930285_0	0.9690767743246457 1KGrel
NA10865 HG01109#1#JAHEPA010000099.1_2104245_2511104_1$HG02080#2#JAHEOV010000017.1_16662177_17164189_0	0.9690747851586514 1KGrel
NA10865 HG02559#2#JAGYVJ010000037.1_52167780_52574597_1$HG04228.verkko_filt_mat.fa:haplotype1_0000023_103429213_103930285_0	0.9690710215125522 1KGrel
NA10865 HG02818#2#JAHEOR010000010.1_31775319_32183091_1$HG01978#1#JAGYVS010000002.1_51519970_52021951_0	0.9690683915010960 1KGrel
NA10865 HG03486#2#JAHEOP010000248.1_2105565_2584784_1$HG03927.verkko_filt_pat.fa:haplotype2_0000800_29002142_29504057_1	0.9690654272669135 1KGrel
NA10865 HG02559#1#JAGYVK010000012.1_51505852_51913611_0$HG01099.verkko_filt_pat.fa:haplotype2_0000583_143544270_144046196_1	0.9690621207505810 1KGrel
NA10865 HG03486#2#JAHEOP010000248.1_2105565_2584784_1$HG02486#1#JAGYVM010000007.1_28868414_29370339_1	0.9690605222572976 1KGrel
NA10865 HG02080#1#JAHEOW010000048.1_16689583_17097287_0$HG02080#2#JAHEOV010000017.1_16662177_17164189_0	0.9690587589405877 1KGrel
NA10865 chr1_hg38_103456064_103863972_0$HG01258#1#JAGYYV010000004.1_56955948_57456952_1	0.9690557639290006 1KGrel
NA10865 chr1_hg19_103998686_104406594_0$HG01258#1#JAGYYV010000004.1_56955948_57456952_1	0.9690557639290006 1KGrel
NA10865 HG01099.verkko_filt_mat.fa:haplotype1_0000034_142513097_142920876_1$HG02071.verkko_filt_pat.fa:haplotype2_0000736_102745972_103248026_0	0.9690556924304033 1KGrel
NA10865 HG02559#1#JAGYVK010000012.1_51505852_51913611_0$HG01978#1#JAGYVS010000002.1_51519970_52021951_0	0.9690512704864617 1KGrel
NA10865 HG01071#1#JAHBCF010000053.1_26607100_27108065_1$HG01978#2#JAGYVR010000007.1_51532241_51939176_0	0.9690451257719706 1KGrel
NA10865 HG02300.verkko_filt_mat.fa:haplotype1_0000028_144052837_144460586_1$HG02071.verkko_filt_pat.fa:haplotype2_0000736_102745972_103248026_0	0.9690410711128621 1KGrel
NA10865 HG00621#1#JAHBCD010000034.1_2122997_2624098_1$NA19240#2#JAHEOL010000010.1_37445323_37853017_0	0.9690362334156516 1KGrel
NA10865 HG02818#2#JAHEOR010000010.1_31775319_32183091_1$NA20129#2#JAHEPD010000155.1_90039_569275_0	0.9690316765643587 1KGrel
NA10865 HG01928#1#JAGYVQ010000053.1_16676493_17083407_0$HG01258#1#JAGYYV010000004.1_56955948_57456952_1	0.9690243513930754 1KGrel
NA10865 AV_HG00673#haplotype1#0000019:16627360$17129375$HG03516#1#JAGYYT010000012.1_24170958_24578778_1	0.9690236727929956 1KGrel
NA10865 AV_HG01106#haplotype2#0000932:16673968$17175925$NA19240#2#JAHEOL010000010.1_37445323_37853017_0	0.9690226612488695 1KGrel
NA10865 HG01978#1#JAGYVS010000002.1_51519970_52021951_0$HG03579#1#JAGYVU010000029.1_91404_499180_0	0.9690131836763207 1KGrel
NA10865 NA19240#1#JAHEOM010000047.1_30103390_30511199_1$HG04228.verkko_filt_mat.fa:haplotype1_0000023_103429213_103930285_0	0.9690086740778200 1KGrel
NA10865 HG01978#1#JAGYVS010000002.1_51519970_52021951_0$NA19240#1#JAHEOM010000047.1_30103390_30511199_1	0.9690075214296384 1KGrel
NA10865 HG00438#1#JAHBCB010000015.1_33474867_33954171_0$HG01258#1#JAGYYV010000004.1_56955948_57456952_1	0.9690049712487568 1KGrel
NA10865 HG00438#1#JAHBCB010000015.1_33474867_33954171_0$HG01099.verkko_filt_pat.fa:haplotype2_0000583_143544270_144046196_1	0.9690043609646506 1KGrel
NA10865 NA20129#2#JAHEPD010000155.1_90039_569275_0$HG03927.verkko_filt_pat.fa:haplotype2_0000800_29002142_29504057_1	0.9690020578872830 1KGrel
NA10865 HG00438#1#JAHBCB010000015.1_33474867_33954171_0$HG03540#1#JAGYVY010000208.1_95187_596142_0	0.9690018767625266 1KGrel
NA10865 HG03516#1#JAGYYT010000012.1_24170958_24578778_1$HG02293.verkko_filt_pat.fa:haplotype2_0000836_148310532_148812524_1	0.9689974502508700 1KGrel
NA10865 HG03098#1#JAHEPM010000059.1_16676208_17105596_0$HG03927.verkko_filt_pat.fa:haplotype2_0000800_29002142_29504057_1	0.9689936654038270 1KGrel
NA10865 HG02080#1#JAHEOW010000048.1_16689583_17097287_0$HG04228.verkko_filt_mat.fa:haplotype1_0000023_103429213_103930285_0	0.9689928280649457 1KGrel
NA10865 HG01978#1#JAGYVS010000002.1_51519970_52021951_0$HG02109#1#JAHEPG010000026.1_16673035_17080816_0	0.9689866081201112 1KGrel
NA10865 HG01071#1#JAHBCF010000053.1_26607100_27108065_1$HG02004.verkko_filt_mat.fa:haplotype1_0000022_97828542_98235483_0	0.9689848214917453 1KGrel
NA10865 NA19240#1#JAHEOM010000047.1_30103390_30511199_1$HG02071.verkko_filt_pat.fa:haplotype2_0000736_102745972_103248026_0	0.9689804423863480 1KGrel
NA10865 NA20129#2#JAHEPD010000155.1_90039_569275_0$NA19240#1#JAHEOM010000047.1_30103390_30511199_1	0.9689796385682916 1KGrel
NA10865 HG02080#2#JAHEOV010000017.1_16662177_17164189_0$NA19240#2#JAHEOL010000010.1_37445323_37853017_0	0.9689764075066650 1KGrel
NA10865 HG02080#1#JAHEOW010000048.1_16689583_17097287_0$HG02071.verkko_filt_pat.fa:haplotype2_0000736_102745972_103248026_0	0.9689747648732546 1KGrel
NA10865 HG02818#2#JAHEOR010000010.1_31775319_32183091_1$HG02622#2#JAHAON010000012.1_51551779_52031001_0	0.9689719073845069 1KGrel
NA10865 HG03492#1#JAHEPI010000180.1_2103395_2543326_1$HG02486#1#JAGYVM010000007.1_28868414_29370339_1	0.9689718309709237 1KGrel
NA10865 HG02559#1#JAGYVK010000012.1_51505852_51913611_0$NA20129#2#JAHEPD010000155.1_90039_569275_0	0.9689696744430077 1KGrel
NA10865 HG01978#1#JAGYVS010000002.1_51519970_52021951_0$HG03516#2#JAGYYS010000004.1_24452130_24859892_1	0.9689695326489830 1KGrel
NA10865 AV_HG01361#haplotype1#0000023:101593539$102001341$HG02080#2#JAHEOV010000017.1_16662177_17164189_0	0.9689634753156960 1KGrel
NA10865 HG01109#2#JAHEOZ010000047.1_16671232_17151375_0$HG01099.verkko_filt_pat.fa:haplotype2_0000583_143544270_144046196_1	0.9689602441306555 1KGrel
NA10865 HG03579#1#JAGYVU010000029.1_91404_499180_0$HG01099.verkko_filt_pat.fa:haplotype2_0000583_143544270_144046196_1	0.9689482573438336 1KGrel
NA10865 NA19240#1#JAHEOM010000047.1_30103390_30511199_1$HG01099.verkko_filt_pat.fa:haplotype2_0000583_143544270_144046196_1	0.9689396573846394 1KGrel
NA10865 HG01258#1#JAGYYV010000004.1_56955948_57456952_1$HG01978#2#JAGYVR010000007.1_51532241_51939176_0	0.9689144657430371 1KGrel
NA10865 HG01109#1#JAHEPA010000099.1_2104245_2511104_1$HG01978#1#JAGYVS010000002.1_51519970_52021951_0	0.9689111515514897 1KGrel
NA10865 HG03516#2#JAGYYS010000004.1_24452130_24859892_1$HG01099.verkko_filt_pat.fa:haplotype2_0000583_143544270_144046196_1	0.9689097445226083 1KGrel
NA10865 HG00621#1#JAHBCD010000034.1_2122997_2624098_1$HG03516#1#JAGYYT010000012.1_24170958_24578778_1	0.9689080625650648 1KGrel
NA10865 HG02622#2#JAHAON010000012.1_51551779_52031001_0$NA19240#1#JAHEOM010000047.1_30103390_30511199_1	0.9689075382525723 1KGrel
NA10865 HG01258#1#JAGYYV010000004.1_56955948_57456952_1$HG002.verkko_filt_mat.fa:haplotype1_0000005_138228497_138636354_1	0.9689057659597307 1KGrel
NA10865 NA20129#2#JAHEPD010000155.1_90039_569275_0$HG03516#2#JAGYYS010000004.1_24452130_24859892_1	0.9689045847896713 1KGrel
NA10865 HG02559#1#JAGYVK010000012.1_51505852_51913611_0$HG02622#2#JAHAON010000012.1_51551779_52031001_0	0.9689038278948169 1KGrel
NA10865 HG02109#1#JAHEPG010000026.1_16673035_17080816_0$NA18906#2#JAHEON010000009.1_93748295_94249275_0	0.9689037020467962 1KGrel
NA10865 HG01071#1#JAHBCF010000053.1_26607100_27108065_1$HG02071.verkko_filt_mat.fa:haplotype1_0000041_103610513_104018399_0	0.9688979143779203 1KGrel
NA10865 HG02622#2#JAHAON010000012.1_51551779_52031001_0$HG03927.verkko_filt_pat.fa:haplotype2_0000800_29002142_29504057_1	0.9688971519745931 1KGrel
NA10865 HG02818#2#JAHEOR010000010.1_31775319_32183091_1$HG03486#2#JAHEOP010000248.1_2105565_2584784_1	0.9688889790647324 1KGrel
NA10865 HG02080#2#JAHEOV010000017.1_16662177_17164189_0$HG03516#1#JAGYYT010000012.1_24170958_24578778_1	0.9688861565952852 1KGrel
NA10865 HG00621#2#JAHBCC010000031.1_16669999_17077865_0$HG01071#1#JAHBCF010000053.1_26607100_27108065_1	0.9688710855925801 1KGrel
NA10865 NA19240#2#JAHEOL010000010.1_37445323_37853017_0$HG02071.verkko_filt_pat.fa:haplotype2_0000736_102745972_103248026_0	0.9688610035421441 1KGrel
NA10865 HG01099.verkko_filt_mat.fa:haplotype1_0000034_142513097_142920876_1$HG03927.verkko_filt_pat.fa:haplotype2_0000800_29002142_29504057_1	0.9688590436865955 1KGrel
NA10865 HG03486#1#JAHEOQ010000123.1_16677696_17085575_0$HG01258#1#JAGYYV010000004.1_56955948_57456952_1	0.9688569697522551 1KGrel
NA10865 HG02559#1#JAGYVK010000012.1_51505852_51913611_0$HG03486#2#JAHEOP010000248.1_2105565_2584784_1	0.9688564557235700 1KGrel
NA10865 HG01258#1#JAGYYV010000004.1_56955948_57456952_1$HG02004.verkko_filt_mat.fa:haplotype1_0000022_97828542_98235483_0	0.9688536819531721 1KGrel
NA10865 NA19240#2#JAHEOL010000010.1_37445323_37853017_0$HG04228.verkko_filt_mat.fa:haplotype1_0000023_103429213_103930285_0	0.9688517447392881 1KGrel
NA10865 HG01978#1#JAGYVS010000002.1_51519970_52021951_0$HG01099.verkko_filt_mat.fa:haplotype1_0000034_142513097_142920876_1	0.9688438395655895 1KGrel
NA10865 HG02145#2#JAHKSF010000206.1_1005292_1413195_1$HG01071#1#JAHBCF010000053.1_26607100_27108065_1	0.9688399975469028 1KGrel
NA10865 HG02055#2#JAHEPJ010000017.1_24870122_25298560_1$HG02486#1#JAGYVM010000007.1_28868414_29370339_1	0.9688359487044766 1KGrel
NA10865 HG02622#2#JAHAON010000012.1_51551779_52031001_0$HG03516#2#JAGYYS010000004.1_24452130_24859892_1	0.9688325899770259 1KGrel
NA10865 HG02723#2#JAHEOT010000034.1_19776337_20321518_1$HG03540#2#JAGYVX010000148.1_1368955_1877115_0	0.9688289473474395 1KGrel
NA10865 HG03486#2#JAHEOP010000248.1_2105565_2584784_1$HG03516#2#JAGYYS010000004.1_24452130_24859892_1	0.9688278139700800 1KGrel
NA10865 AV_HG01361#haplotype1#0000023:101593539$102001341$HG02071.verkko_filt_pat.fa:haplotype2_0000736_102745972_103248026_0	0.9688257877500372 1KGrel
NA10865 HG01978#1#JAGYVS010000002.1_51519970_52021951_0$HG02300.verkko_filt_mat.fa:haplotype1_0000028_144052837_144460586_1	0.9688239426819294 1KGrel
NA10865 HG02486#1#JAGYVM010000007.1_28868414_29370339_1$HG02647.verkko_filt_mat.fa:haplotype1_0000002_103892584_104321036_0	0.9688197089479793 1KGrel
NA10865 HG02300.verkko_filt_mat.fa:haplotype1_0000028_144052837_144460586_1$HG03927.verkko_filt_pat.fa:haplotype2_0000800_29002142_29504057_1	0.9688064856443289 1KGrel
NA10865 NA20129#2#JAHEPD010000155.1_90039_569275_0$HG03579#1#JAGYVU010000029.1_91404_499180_0	0.9688014739430818 1KGrel
NA10865 NA20129#2#JAHEPD010000155.1_90039_569275_0$HG03927.verkko_filt_mat.fa:haplotype1_0000009_134765170_135173010_1	0.9687993462626391 1KGrel
NA10865 HG01071#1#JAHBCF010000053.1_26607100_27108065_1$HG03453#2#JAGYVV010000088.1_22597550_23005370_1	0.9687955694274610 1KGrel
NA10865 HG02080#1#JAHEOW010000048.1_16689583_17097287_0$HG03927.verkko_filt_pat.fa:haplotype2_0000800_29002142_29504057_1	0.9687941934991707 1KGrel
NA10865 HG01109#1#JAHEPA010000099.1_2104245_2511104_1$HG02071.verkko_filt_pat.fa:haplotype2_0000736_102745972_103248026_0	0.9687896894231813 1KGrel
NA10865 HG03486#2#JAHEOP010000248.1_2105565_2584784_1$NA19240#1#JAHEOM010000047.1_30103390_30511199_1	0.9687876767630444 1KGrel
NA10865 HG03486#2#JAHEOP010000248.1_2105565_2584784_1$HG03579#1#JAGYVU010000029.1_91404_499180_0	0.9687869601779988 1KGrel
NA10865 HG01358#1#JAGYZB010000020.1_27445742_27855492_1$HG02004.verkko_filt_pat.fa:haplotype2_0000813_139386576_140076845_1	0.9687791304031967 1KGrel
NA10865 HG02622#2#JAHAON010000012.1_51551779_52031001_0$HG03579#1#JAGYVU010000029.1_91404_499180_0	0.9687664615110470 1KGrel
NA10865 AV_HG01361#haplotype1#0000023:101593539$102001341$HG03927.verkko_filt_pat.fa:haplotype2_0000800_29002142_29504057_1	0.9687646760346355 1KGrel
NA10865 HG01071#1#JAHBCF010000053.1_26607100_27108065_1$HG03098#1#JAHEPM010000059.1_16676208_17105596_0	0.9687643969048201 1KGrel
NA10865 HG02486#1#JAGYVM010000007.1_28868414_29370339_1$HG02809.verkko_filt_mat.fa:haplotype1_0000023_94161320_94589755_0	0.9687339481583194 1KGrel
NA10865 HG02080#1#JAHEOW010000048.1_16689583_17097287_0$HG01978#1#JAGYVS010000002.1_51519970_52021951_0	0.9687250105615710 1KGrel
NA10865 HG00621#1#JAHBCD010000034.1_2122997_2624098_1$HG01109#1#JAHEPA010000099.1_2104245_2511104_1	0.9687243455711188 1KGrel
NA10865 HG00438#1#JAHBCB010000015.1_33474867_33954171_0$HG03927.verkko_filt_pat.fa:haplotype2_0000800_29002142_29504057_1	0.9687171107053987 1KGrel
NA10865 HG03516#1#JAGYYT010000012.1_24170958_24578778_1$HG04228.verkko_filt_mat.fa:haplotype1_0000023_103429213_103930285_0	0.9687144855074343 1KGrel
NA10865 HG01978#1#JAGYVS010000002.1_51519970_52021951_0$HG03516#1#JAGYYT010000012.1_24170958_24578778_1	0.9687124652491005 1KGrel
NA10865 HG03540#2#JAGYVX010000148.1_1368955_1877115_0$HG02145#1#JAHKSG010000134.1_2102465_2647653_1	0.9686953051733408 1KGrel
NA10865 AV_HG02257#haplotype2#0001152:102843493$103251377$HG01071#1#JAHBCF010000053.1_26607100_27108065_1	0.9686920837194082 1KGrel
NA10865 AV_HG01361#haplotype1#0000023:101593539$102001341$HG01978#1#JAGYVS010000002.1_51519970_52021951_0	0.9686891479866995 1KGrel
NA10865 HG01109#1#JAHEPA010000099.1_2104245_2511104_1$HG01258#1#JAGYYV010000004.1_56955948_57456952_1	0.9686861819019370 1KGrel
NA10865 HG02145#2#JAHKSF010000206.1_1005292_1413195_1$HG01258#1#JAGYYV010000004.1_56955948_57456952_1	0.9686825892792978 1KGrel
NA10865 HG01258#1#JAGYYV010000004.1_56955948_57456952_1$HG03098#1#JAHEPM010000059.1_16676208_17105596_0	0.9686809764107411 1KGrel
NA10865 HG02622#2#JAHAON010000012.1_51551779_52031001_0$HG03927.verkko_filt_mat.fa:haplotype1_0000009_134765170_135173010_1	0.9686778192288430 1KGrel
NA10865 HG01978#1#JAGYVS010000002.1_51519970_52021951_0$NA19240#2#JAHEOL010000010.1_37445323_37853017_0	0.9686743081137499 1KGrel
NA10865 HG01258#1#JAGYYV010000004.1_56955948_57456952_1$HG02071.verkko_filt_mat.fa:haplotype1_0000041_103610513_104018399_0	0.9686696475929613 1KGrel
NA10865 HG03486#2#JAHEOP010000248.1_2105565_2584784_1$HG03927.verkko_filt_mat.fa:haplotype1_0000009_134765170_135173010_1	0.9686583193391007 1KGrel
NA10865 AV_HG00673#haplotype2#0001165:24014011$24421797$HG02293.verkko_filt_pat.fa:haplotype2_0000836_148310532_148812524_1	0.9686519229655234 1KGrel
NA10865 NA18906#2#JAHEON010000009.1_93748295_94249275_0$HG02809.verkko_filt_pat.fa:haplotype2_0001251_103421111_103827972_0	0.9686476843466121 1KGrel
NA10865 HG01109#1#JAHEPA010000099.1_2104245_2511104_1$HG01071#1#JAHBCF010000053.1_26607100_27108065_1	0.9686474946456816 1KGrel
NA10865 HG03516#1#JAGYYT010000012.1_24170958_24578778_1$HG02071.verkko_filt_pat.fa:haplotype2_0000736_102745972_103248026_0	0.9686378158623411 1KGrel
NA10865 HG03453#2#JAGYVV010000088.1_22597550_23005370_1$HG01258#1#JAGYYV010000004.1_56955948_57456952_1	0.9686315483841992 1KGrel
NA10865 HG02630#1#JAHAOQ010000102.1_16672145_17079089_0$HG01071#1#JAHBCF010000053.1_26607100_27108065_1	0.9686269615608570 1KGrel
NA10865 AV_HG00673#haplotype1#0000019:16627360$17129375$AV_HG00673#haplotype2#0001165:24014011$24421797	0.9686190489704218 1KGrel
NA10865 AV_HG00673#haplotype2#0001165:24014011$24421797$AV_HG01106#haplotype2#0000932:16673968$17175925	0.9686088045811818 1KGrel
NA10865 AV_HG00673#haplotype2#0001165:24014011$24421797$HG04228.verkko_filt_mat.fa:haplotype1_0000023_103429213_103930285_0	0.9686064379561254 1KGrel
NA10865 AV_HG01175#haplotype1#0000070:46006269$46414083$HG01071#1#JAHBCF010000053.1_26607100_27108065_1	0.9685941106879730 1KGrel
NA10865 HG00438#1#JAHBCB010000015.1_33474867_33954171_0$NA18906#2#JAHEON010000009.1_93748295_94249275_0	0.9685908513180413 1KGrel
NA10865 AV_HG01175#haplotype1#0000070:46006269$46414083$HG01258#1#JAGYYV010000004.1_56955948_57456952_1	0.9685874753494935 1KGrel
NA10865 HG01071#1#JAHBCF010000053.1_26607100_27108065_1$HG02300.verkko_filt_pat.fa:haplotype2_0000620_143362344_143769323_1	0.9685774420226539 1KGrel
NA10865 HG02145#2#JAHKSF010000206.1_1005292_1413195_1$NA18906#2#JAHEON010000009.1_93748295_94249275_0	0.9685693120030071 1KGrel
NA10865 HG03516#1#JAGYYT010000012.1_24170958_24578778_1$HG03927.verkko_filt_pat.fa:haplotype2_0000800_29002142_29504057_1	0.9685680783214597 1KGrel
NA10865 HG03486#2#JAHEOP010000248.1_2105565_2584784_1$HG02300.verkko_filt_mat.fa:haplotype1_0000028_144052837_144460586_1	0.9685674862721223 1KGrel
NA10865 AV_HG02148#haplotype2#0002863:16304803$16712699$HG01071#1#JAHBCF010000053.1_26607100_27108065_1	0.9685672866026547 1KGrel
NA10865 AV_HG00673#haplotype1#0000019:16627360$17129375$NA20129#2#JAHEPD010000155.1_90039_569275_0	0.9685639922775252 1KGrel
NA10865 HG01071#1#JAHBCF010000053.1_26607100_27108065_1$HG02647.verkko_filt_mat.fa:haplotype1_0000002_103892584_104321036_0	0.9685533638401204 1KGrel
NA10865 AV_HG02257#haplotype2#0001152:102843493$103251377$NA18906#2#JAHEON010000009.1_93748295_94249275_0	0.9685515420151956 1KGrel
NA10865 AV_HG00673#haplotype1#0000019:16627360$17129375$HG02622#2#JAHAON010000012.1_51551779_52031001_0	0.9685454673732232 1KGrel
NA10865 AV_HG02257#haplotype2#0001152:102843493$103251377$HG01258#1#JAGYYV010000004.1_56955948_57456952_1	0.9685451970936689 1KGrel
NA10865 HG02630#2#JAHAOP010000089.1_16669255_17076135_0$HG01109#2#JAHEOZ010000047.1_16671232_17151375_0	0.9685421503136967 1KGrel
NA10865 HG01071#1#JAHBCF010000053.1_26607100_27108065_1$HG02818#1#JAHEOS010000101.1_89626_496613_0	0.9685369700628644 1KGrel
NA10865 HG01071#1#JAHBCF010000053.1_26607100_27108065_1$HG03486#2#JAHEOP010000248.1_2105565_2584784_1	0.9685246983802558 1KGrel
NA10865 HG00621#2#JAHBCC010000031.1_16669999_17077865_0$HG01258#1#JAGYYV010000004.1_56955948_57456952_1	0.9685235027592296 1KGrel
NA10865 HG02622#2#JAHAON010000012.1_51551779_52031001_0$HG02293.verkko_filt_pat.fa:haplotype2_0000836_148310532_148812524_1	0.9685220618297007 1KGrel
NA10865 NA20129#2#JAHEPD010000155.1_90039_569275_0$HG02293.verkko_filt_pat.fa:haplotype2_0000836_148310532_148812524_1	0.9685147807637590 1KGrel
NA10865 HG01109#2#JAHEOZ010000047.1_16671232_17151375_0$HG03927.verkko_filt_pat.fa:haplotype2_0000800_29002142_29504057_1	0.9685142173816054 1KGrel
NA10865 HG03486#2#JAHEOP010000248.1_2105565_2584784_1$HG01258#1#JAGYYV010000004.1_56955948_57456952_1	0.9685122121451692 1KGrel
NA10865 HG02630#1#JAHAOQ010000102.1_16672145_17079089_0$HG01258#1#JAGYYV010000004.1_56955948_57456952_1	0.9685078762810129 1KGrel
NA10865 AV_HG00673#haplotype2#0001165:24014011$24421797$HG00621#1#JAHBCD010000034.1_2122997_2624098_1	0.9685035750690730 1KGrel
NA10865 NA19240#2#JAHEOL010000010.1_37445323_37853017_0$HG03927.verkko_filt_pat.fa:haplotype2_0000800_29002142_29504057_1	0.9685034828792045 1KGrel
NA10865 NA20129#2#JAHEPD010000155.1_90039_569275_0$HG01258#1#JAGYYV010000004.1_56955948_57456952_1	0.9685006783979555 1KGrel
NA10865 AV_HG01106#haplotype2#0000932:16673968$17175925$HG02622#2#JAHAON010000012.1_51551779_52031001_0	0.9684973817837464 1KGrel
NA10865 HG01258#1#JAGYYV010000004.1_56955948_57456952_1$HG02622#1#JAHAOO010000002.1_16673678_17080663_0	0.9684973257908426 1KGrel
NA10865 HG02630#2#JAHAOP010000089.1_16669255_17076135_0$HG00438#1#JAHBCB010000015.1_33474867_33954171_0	0.9684946087253730 1KGrel
NA10865 AV_HG01106#haplotype2#0000932:16673968$17175925$HG03486#2#JAHEOP010000248.1_2105565_2584784_1	0.9684941404117442 1KGrel
NA10865 AV_HG01106#haplotype2#0000932:16673968$17175925$NA20129#2#JAHEPD010000155.1_90039_569275_0	0.9684939213699021 1KGrel
NA10865 HG03486#2#JAHEOP010000248.1_2105565_2584784_1$HG01099.verkko_filt_mat.fa:haplotype1_0000034_142513097_142920876_1	0.9684907136107938 1KGrel
NA10865 HG01071#1#JAHBCF010000053.1_26607100_27108065_1$HG02622#1#JAHAOO010000002.1_16673678_17080663_0	0.9684888412778527 1KGrel
NA10865 HG02622#2#JAHAON010000012.1_51551779_52031001_0$HG01258#1#JAGYYV010000004.1_56955948_57456952_1	0.9684864258587350 1KGrel
NA10865 HG02717#1#JAHAOS010000015.1_16660311_17067250_0$HG01071#1#JAHBCF010000053.1_26607100_27108065_1	0.9684752153751555 1KGrel
NA10865 HG01123#1#JAGYYZ010000015.1_51528240_51935090_0$HG01109#2#JAHEOZ010000047.1_16671232_17151375_0	0.9684554326617325 1KGrel
NA10865 NA20129#2#JAHEPD010000155.1_90039_569275_0$HG01071#1#JAHBCF010000053.1_26607100_27108065_1	0.9684470145579852 1KGrel
NA10865 HG01109#1#JAHEPA010000099.1_2104245_2511104_1$HG04228.verkko_filt_mat.fa:haplotype1_0000023_103429213_103930285_0	0.9684461147823651 1KGrel
NA10865 HG01109#1#JAHEPA010000099.1_2104245_2511104_1$HG00438#1#JAHBCB010000015.1_33474867_33954171_0	0.9684303895472612 1KGrel
NA10865 HG01258#1#JAGYYV010000004.1_56955948_57456952_1$HG02818#1#JAHEOS010000101.1_89626_496613_0	0.9684222898228749 1KGrel
NA10865 NA20129#2#JAHEPD010000155.1_90039_569275_0$HG02080#2#JAHEOV010000017.1_16662177_17164189_0	0.9684208623097436 1KGrel
NA10865 AV_HG00673#haplotype2#0001165:24014011$24421797$HG02080#2#JAHEOV010000017.1_16662177_17164189_0	0.9684166476127805 1KGrel
NA10865 HG02080#1#JAHEOW010000048.1_16689583_17097287_0$HG03486#2#JAHEOP010000248.1_2105565_2584784_1	0.9684048465494635 1KGrel
NA10865 HG02717#1#JAHAOS010000015.1_16660311_17067250_0$HG01258#1#JAGYYV010000004.1_56955948_57456952_1	0.9684047708785749 1KGrel
NA10865 HG02080#2#JAHEOV010000017.1_16662177_17164189_0$HG02622#2#JAHAON010000012.1_51551779_52031001_0	0.9684023679570101 1KGrel
NA10865 HG02622#2#JAHAON010000012.1_51551779_52031001_0$HG01071#1#JAHBCF010000053.1_26607100_27108065_1	0.9684023455708501 1KGrel
NA10865 HG01071#1#JAHBCF010000053.1_26607100_27108065_1$HG02055#2#JAHEPJ010000017.1_24870122_25298560_1	0.9683999478396172 1KGrel
NA10865 HG02630#1#JAHAOQ010000102.1_16672145_17079089_0$NA18906#2#JAHEON010000009.1_93748295_94249275_0	0.9683991934624635 1KGrel
NA10865 HG01109#2#JAHEOZ010000047.1_16671232_17151375_0$HG01258#2#JAGYYU010000072.1_51562603_51970395_0	0.9683982898668193 1KGrel
NA10865 AV_HG01106#haplotype2#0000932:16673968$17175925$HG03492#1#JAHEPI010000180.1_2103395_2543326_1	0.9683929410623856 1KGrel
NA10865 HG01071#1#JAHBCF010000053.1_26607100_27108065_1$NA18906#1#JAHEOO010000054.1_2103477_2510435_1	0.9683836014382695 1KGrel
NA10865 AV_HG00673#haplotype1#0000019:16627360$17129375$HG03486#2#JAHEOP010000248.1_2105565_2584784_1	0.9683772243349623 1KGrel
NA10865 HG03486#2#JAHEOP010000248.1_2105565_2584784_1$HG02293.verkko_filt_pat.fa:haplotype2_0000836_148310532_148812524_1	0.9683633064045136 1KGrel
NA10865 HG00438#1#JAHBCB010000015.1_33474867_33954171_0$HG02809.verkko_filt_pat.fa:haplotype2_0001251_103421111_103827972_0	0.9683571124556276 1KGrel
NA10865 HG005#1#JAHEPO010000002.1_51519219_51926067_0$HG01109#2#JAHEOZ010000047.1_16671232_17151375_0	0.9683514580759432 1KGrel
NA10865 HG01258#1#JAGYYV010000004.1_56955948_57456952_1$HG02647.verkko_filt_mat.fa:haplotype1_0000002_103892584_104321036_0	0.9683453638945761 1KGrel
NA10865 HG02886#1#JAHAOU010000178.1_62411_469262_0$HG01109#2#JAHEOZ010000047.1_16671232_17151375_0	0.9683402452633300 1KGrel
NA10865 AV_HG01361#haplotype1#0000023:101593539$102001341$HG03486#2#JAHEOP010000248.1_2105565_2584784_1	0.9683389400075878 1KGrel
NA10865 HG01258#1#JAGYYV010000004.1_56955948_57456952_1$HG02055#2#JAHEPJ010000017.1_24870122_25298560_1	0.9683333402152531 1KGrel
NA10865 HG02622#2#JAHAON010000012.1_51551779_52031001_0$HG02071.verkko_filt_pat.fa:haplotype2_0000736_102745972_103248026_0	0.9683306220039372 1KGrel
NA10865 HG02622#1#JAHAOO010000002.1_16673678_17080663_0$NA18906#2#JAHEON010000009.1_93748295_94249275_0	0.9683278551398562 1KGrel
NA10865 NA18906#2#JAHEON010000009.1_93748295_94249275_0$HG02818#1#JAHEOS010000101.1_89626_496613_0	0.9683155590218261 1KGrel
NA10865 AV_HG02148#haplotype2#0002863:16304803$16712699$HG01258#1#JAGYYV010000004.1_56955948_57456952_1	0.9683058908171260 1KGrel
NA10865 HG03453#1#JAGYVW010000157.1_2105722_2585000_1$HG03927.verkko_filt_pat.fa:haplotype2_0000800_29002142_29504057_1	0.9682930894984715 1KGrel
NA10865 HG01109#2#JAHEOZ010000047.1_16671232_17151375_0$HG00741#2#JAHALX010000013.1_51574319_51981226_0	0.9682873082188741 1KGrel
NA10865 NA20129#2#JAHEPD010000155.1_90039_569275_0$HG03516#1#JAGYYT010000012.1_24170958_24578778_1	0.9682863748174325 1KGrel
NA10865 NA20129#2#JAHEPD010000155.1_90039_569275_0$HG01099.verkko_filt_mat.fa:haplotype1_0000034_142513097_142920876_1	0.9682844115248833 1KGrel
NA10865 HG00438#1#JAHBCB010000015.1_33474867_33954171_0$HG02486#2#JAGYVL010000029.1_94163344_94570162_0	0.9682832465904085 1KGrel
NA10865 HG01109#1#JAHEPA010000099.1_2104245_2511104_1$HG01109#2#JAHEOZ010000047.1_16671232_17151375_0	0.9682818027808806 1KGrel
NA10865 HG01109#2#JAHEOZ010000047.1_16671232_17151375_0$HG02717#2#JAHAOR010000006.1_19663827_20070693_1	0.9682808302170167 1KGrel
NA10865 NA20129#2#JAHEPD010000155.1_90039_569275_0$HG02071.verkko_filt_pat.fa:haplotype2_0000736_102745972_103248026_0	0.9682760574507678 1KGrel
NA10865 HG01258#1#JAGYYV010000004.1_56955948_57456952_1$HG02300.verkko_filt_pat.fa:haplotype2_0000620_143362344_143769323_1	0.9682730745324984 1KGrel
NA10865 AV_HG00673#haplotype2#0001165:24014011$24421797$HG01978#1#JAGYVS010000002.1_51519970_52021951_0	0.9682712502896357 1KGrel
NA10865 HG02559#2#JAGYVJ010000037.1_52167780_52574597_1$HG00438#1#JAHBCB010000015.1_33474867_33954171_0	0.9682694762330130 1KGrel
NA10865 AV_HG00673#haplotype1#0000019:16627360$17129375$HG00438#1#JAHBCB010000015.1_33474867_33954171_0	0.9682612796211204 1KGrel
NA10865 HG01258#1#JAGYYV010000004.1_56955948_57456952_1$HG02809.verkko_filt_mat.fa:haplotype1_0000023_94161320_94589755_0	0.9682598679140869 1KGrel
NA10865 AV_HG00673#haplotype2#0001165:24014011$24421797$HG02071.verkko_filt_pat.fa:haplotype2_0000736_102745972_103248026_0	0.9682587529129807 1KGrel
NA10865 HG02818#2#JAHEOR010000010.1_31775319_32183091_1$HG00438#1#JAHBCB010000015.1_33474867_33954171_0	0.9682459263471865 1KGrel
NA10865 AV_HG01361#haplotype1#0000023:101593539$102001341$NA20129#2#JAHEPD010000155.1_90039_569275_0	0.9682434817734337 1KGrel
NA10865 HG01258#1#JAGYYV010000004.1_56955948_57456952_1$NA18906#1#JAHEOO010000054.1_2103477_2510435_1	0.9682426167622291 1KGrel
NA10865 NA18906#1#JAHEOO010000054.1_2103477_2510435_1$NA18906#2#JAHEON010000009.1_93748295_94249275_0	0.9682426004293199 1KGrel
NA10865 HG01071#1#JAHBCF010000053.1_26607100_27108065_1$HG02809.verkko_filt_mat.fa:haplotype1_0000023_94161320_94589755_0	0.9682307794712978 1KGrel
NA10865 HG00438#1#JAHBCB010000015.1_33474867_33954171_0$HG02293.verkko_filt_pat.fa:haplotype2_0000836_148310532_148812524_1	0.9682297920068385 1KGrel
NA10865 HG02717#1#JAHAOS010000015.1_16660311_17067250_0$NA18906#2#JAHEON010000009.1_93748295_94249275_0	0.9682259838233183 1KGrel
NA10865 HG02080#2#JAHEOV010000017.1_16662177_17164189_0$HG03486#2#JAHEOP010000248.1_2105565_2584784_1	0.9682165444005317 1KGrel
NA10865 HG03492#1#JAHEPI010000180.1_2103395_2543326_1$HG01258#1#JAGYYV010000004.1_56955948_57456952_1	0.9681949084705834 1KGrel
NA10865 HG00438#1#JAHBCB010000015.1_33474867_33954171_0$HG02886#1#JAHAOU010000178.1_62411_469262_0	0.9681828858386510 1KGrel
NA10865 HG00438#1#JAHBCB010000015.1_33474867_33954171_0$NA19240#1#JAHEOM010000047.1_30103390_30511199_1	0.9681814179137078 1KGrel
NA10865 NA20129#2#JAHEPD010000155.1_90039_569275_0$HG01978#1#JAGYVS010000002.1_51519970_52021951_0	0.9681785149802351 1KGrel
NA10865 HG03453#1#JAGYVW010000157.1_2105722_2585000_1$HG01099.verkko_filt_pat.fa:haplotype2_0000583_143544270_144046196_1	0.9681759517873977 1KGrel
NA10865 HG02622#2#JAHAON010000012.1_51551779_52031001_0$HG01978#1#JAGYVS010000002.1_51519970_52021951_0	0.9681732550826110 1KGrel
NA10865 NA20129#2#JAHEPD010000155.1_90039_569275_0$HG02300.verkko_filt_mat.fa:haplotype1_0000028_144052837_144460586_1	0.9681699768803712 1KGrel
NA10865 AV_HG00673#haplotype1#0000019:16627360$17129375$HG03492#1#JAHEPI010000180.1_2103395_2543326_1	0.9681645359810654 1KGrel
NA10865 AV_HG01106#haplotype2#0000932:16673968$17175925$HG00438#1#JAHBCB010000015.1_33474867_33954171_0	0.9681592956490394 1KGrel
NA10865 HG01109#2#JAHEOZ010000047.1_16671232_17151375_0$HG02486#2#JAGYVL010000029.1_94163344_94570162_0	0.9681567866671754 1KGrel
NA10865 HG03098#1#JAHEPM010000059.1_16676208_17105596_0$NA18906#2#JAHEON010000009.1_93748295_94249275_0	0.9681510758127541 1KGrel
NA10865 HG02559#1#JAGYVK010000012.1_51505852_51913611_0$HG00438#1#JAHBCB010000015.1_33474867_33954171_0	0.9681457561964280 1KGrel
NA10865 NA20129#2#JAHEPD010000155.1_90039_569275_0$HG04228.verkko_filt_mat.fa:haplotype1_0000023_103429213_103930285_0	0.9681381533192672 1KGrel
NA10865 HG00621#1#JAHBCD010000034.1_2122997_2624098_1$HG02622#2#JAHAON010000012.1_51551779_52031001_0	0.9681370705574455 1KGrel
NA10865 HG01978#1#JAGYVS010000002.1_51519970_52021951_0$HG03486#2#JAHEOP010000248.1_2105565_2584784_1	0.9681359018228742 1KGrel
NA10865 HG03492#1#JAHEPI010000180.1_2103395_2543326_1$HG02293.verkko_filt_pat.fa:haplotype2_0000836_148310532_148812524_1	0.9681320864116779 1KGrel
NA10865 HG02622#2#JAHAON010000012.1_51551779_52031001_0$HG04228.verkko_filt_mat.fa:haplotype1_0000023_103429213_103930285_0	0.9681279963639486 1KGrel
NA10865 HG02080#2#JAHEOV010000017.1_16662177_17164189_0$HG03492#1#JAHEPI010000180.1_2103395_2543326_1	0.9681270430391741 1KGrel
NA10865 HG03098#1#JAHEPM010000059.1_16676208_17105596_0$HG02486#1#JAGYVM010000007.1_28868414_29370339_1	0.9681170610419074 1KGrel
NA10865 HG00438#1#JAHBCB010000015.1_33474867_33954171_0$HG02109#1#JAHEPG010000026.1_16673035_17080816_0	0.9681156983717295 1KGrel
NA10865 HG02622#2#JAHAON010000012.1_51551779_52031001_0$HG01099.verkko_filt_mat.fa:haplotype1_0000034_142513097_142920876_1	0.9681134592082755 1KGrel
NA10865 HG02622#2#JAHAON010000012.1_51551779_52031001_0$HG03516#1#JAGYYT010000012.1_24170958_24578778_1	0.9681093376862167 1KGrel
NA10865 HG03486#2#JAHEOP010000248.1_2105565_2584784_1$HG02071.verkko_filt_pat.fa:haplotype2_0000736_102745972_103248026_0	0.9680999998686718 1KGrel
NA10865 HG00621#1#JAHBCD010000034.1_2122997_2624098_1$NA20129#2#JAHEPD010000155.1_90039_569275_0	0.9680995863586673 1KGrel
NA10865 HG00438#1#JAHBCB010000015.1_33474867_33954171_0$HG02080#2#JAHEOV010000017.1_16662177_17164189_0	0.9680877471854124 1KGrel
NA10865 HG00438#1#JAHBCB010000015.1_33474867_33954171_0$HG02071.verkko_filt_pat.fa:haplotype2_0000736_102745972_103248026_0	0.9680863570730402 1KGrel
NA10865 HG03486#2#JAHEOP010000248.1_2105565_2584784_1$NA19240#2#JAHEOL010000010.1_37445323_37853017_0	0.9680789181639617 1KGrel
NA10865 HG00438#1#JAHBCB010000015.1_33474867_33954171_0$HG03579#1#JAGYVU010000029.1_91404_499180_0	0.9680762073241100 1KGrel
NA10865 HG03453#1#JAGYVW010000157.1_2105722_2585000_1$HG03540#1#JAGYVY010000208.1_95187_596142_0	0.9680753178377048 1KGrel
NA10865 HG00438#1#JAHBCB010000015.1_33474867_33954171_0$HG01258#2#JAGYYU010000072.1_51562603_51970395_0	0.9680744857984218 1KGrel
NA10865 HG00438#1#JAHBCB010000015.1_33474867_33954171_0$HG03516#2#JAGYYS010000004.1_24452130_24859892_1	0.9680555410238820 1KGrel
NA10865 AV_HG01361#haplotype1#0000023:101593539$102001341$HG02622#2#JAHAON010000012.1_51551779_52031001_0	0.9680539778207949 1KGrel
NA10865 HG00621#1#JAHBCD010000034.1_2122997_2624098_1$HG03486#2#JAHEOP010000248.1_2105565_2584784_1	0.9680514883552342 1KGrel
NA10865 HG005#1#JAHEPO010000002.1_51519219_51926067_0$HG00438#1#JAHBCB010000015.1_33474867_33954171_0	0.9680399157182390 1KGrel
NA10865 AV_HG01106#haplotype2#0000932:16673968$17175925$HG01109#2#JAHEOZ010000047.1_16671232_17151375_0	0.9680367350757362 1KGrel
NA10865 HG01978#1#JAGYVS010000002.1_51519970_52021951_0$HG03492#1#JAHEPI010000180.1_2103395_2543326_1	0.9680343647797361 1KGrel
NA10865 HG01071#1#JAHBCF010000053.1_26607100_27108065_1$HG03492#1#JAHEPI010000180.1_2103395_2543326_1	0.9680194869173974 1KGrel
NA10865 AV_HG00673#haplotype2#0001165:24014011$24421797$HG03927.verkko_filt_pat.fa:haplotype2_0000800_29002142_29504057_1	0.9680153757425385 1KGrel
NA10865 AV_HG01106#haplotype2#0000932:16673968$17175925$HG02647.verkko_filt_mat.fa:haplotype1_0000002_103892584_104321036_0	0.9680131812545936 1KGrel
NA10865 HG02622#2#JAHAON010000012.1_51551779_52031001_0$HG02300.verkko_filt_mat.fa:haplotype1_0000028_144052837_144460586_1	0.9679990090983069 1KGrel
NA10865 HG00621#1#JAHBCD010000034.1_2122997_2624098_1$HG03492#1#JAHEPI010000180.1_2103395_2543326_1	0.9679967628804436 1KGrel
NA10865 HG03486#1#JAHEOQ010000123.1_16677696_17085575_0$NA20129#2#JAHEPD010000155.1_90039_569275_0	0.9679883367557136 1KGrel
NA10865 HG02630#1#JAHAOQ010000102.1_16672145_17079089_0$HG02293.verkko_filt_pat.fa:haplotype2_0000836_148310532_148812524_1	0.9679792309262052 1KGrel
NA10865 AV_HG01106#haplotype2#0000932:16673968$17175925$HG02055#2#JAHEPJ010000017.1_24870122_25298560_1	0.9679776852678865 1KGrel
NA10865 AV_HG00673#haplotype1#0000019:16627360$17129375$HG01109#2#JAHEOZ010000047.1_16671232_17151375_0	0.9679762420052905 1KGrel
NA10865 HG01109#2#JAHEOZ010000047.1_16671232_17151375_0$HG02293.verkko_filt_pat.fa:haplotype2_0000836_148310532_148812524_1	0.9679623911839326 1KGrel
NA10865 HG03486#2#JAHEOP010000248.1_2105565_2584784_1$HG03516#1#JAGYYT010000012.1_24170958_24578778_1	0.9679560199982935 1KGrel
NA10865 NA20129#2#JAHEPD010000155.1_90039_569275_0$HG02071.verkko_filt_mat.fa:haplotype1_0000041_103610513_104018399_0	0.9679477078830270 1KGrel
NA10865 NA20129#2#JAHEPD010000155.1_90039_569275_0$chr1_hg38_103456064_103863972_0	0.9679436715226125 1KGrel
NA10865 NA20129#2#JAHEPD010000155.1_90039_569275_0$chr1_hg19_103998686_104406594_0	0.9679436715226125 1KGrel
NA10865 AV_HG00673#haplotype1#0000019:16627360$17129375$HG02630#1#JAHAOQ010000102.1_16672145_17079089_0	0.9679410865971699 1KGrel
NA10865 NA20129#2#JAHEPD010000155.1_90039_569275_0$NA19240#2#JAHEOL010000010.1_37445323_37853017_0	0.9679383191103130 1KGrel
NA10865 NA20129#2#JAHEPD010000155.1_90039_569275_0$HG005#2#JAHEPN010000023.1_51542210_51950070_0	0.9679377258443076 1KGrel
NA10865 NA20129#2#JAHEPD010000155.1_90039_569275_0$HG002.verkko_filt_mat.fa:haplotype1_0000005_138228497_138636354_1	0.9679341722550239 1KGrel
NA10865 HG02080#1#JAHEOW010000048.1_16689583_17097287_0$NA20129#2#JAHEPD010000155.1_90039_569275_0	0.9679329441017385 1KGrel
NA10865 AV_HG01106#haplotype2#0000932:16673968$17175925$HG02809.verkko_filt_mat.fa:haplotype1_0000023_94161320_94589755_0	0.9679319519683321 1KGrel
NA10865 HG03486#1#JAHEOQ010000123.1_16677696_17085575_0$HG02622#2#JAHAON010000012.1_51551779_52031001_0	0.9679161817947219 1KGrel
NA10865 AV_HG01106#haplotype2#0000932:16673968$17175925$HG02622#1#JAHAOO010000002.1_16673678_17080663_0	0.9679087463682560 1KGrel
NA10865 HG01928#1#JAGYVQ010000053.1_16676493_17083407_0$NA20129#2#JAHEPD010000155.1_90039_569275_0	0.9679020800356245 1KGrel
NA10865 HG00438#1#JAHBCB010000015.1_33474867_33954171_0$HG00741#2#JAHALX010000013.1_51574319_51981226_0	0.9678960593673146 1KGrel
NA10865 AV_HG01106#haplotype2#0000932:16673968$17175925$HG02630#1#JAHAOQ010000102.1_16672145_17079089_0	0.9678936613943072 1KGrel
NA10865 NA20129#2#JAHEPD010000155.1_90039_569275_0$HG03453#2#JAGYVV010000088.1_22597550_23005370_1	0.9678902677663020 1KGrel
NA10865 HG02145#2#JAHKSF010000206.1_1005292_1413195_1$HG02293.verkko_filt_pat.fa:haplotype2_0000836_148310532_148812524_1	0.9678893902699041 1KGrel
NA10865 NA18906#2#JAHEON010000009.1_93748295_94249275_0$HG02647.verkko_filt_mat.fa:haplotype1_0000002_103892584_104321036_0	0.9678879404899707 1KGrel
NA10865 AV_HG00673#haplotype1#0000019:16627360$17129375$HG03453#1#JAGYVW010000157.1_2105722_2585000_1	0.9678838337364597 1KGrel
NA10865 AV_HG01106#haplotype2#0000932:16673968$17175925$HG02818#1#JAHEOS010000101.1_89626_496613_0	0.9678779245095063 1KGrel
NA10865 HG02080#2#JAHEOV010000017.1_16662177_17164189_0$HG01109#2#JAHEOZ010000047.1_16671232_17151375_0	0.9678757342629976 1KGrel
NA10865 HG00438#1#JAHBCB010000015.1_33474867_33954171_0$HG01123#1#JAGYYZ010000015.1_51528240_51935090_0	0.9678736979315213 1KGrel
NA10865 AV_HG01106#haplotype2#0000932:16673968$17175925$HG02145#2#JAHKSF010000206.1_1005292_1413195_1	0.9678724315301672 1KGrel
NA10865 HG03486#2#JAHEOP010000248.1_2105565_2584784_1$HG04228.verkko_filt_mat.fa:haplotype1_0000023_103429213_103930285_0	0.9678720367504079 1KGrel
NA10865 HG02622#2#JAHAON010000012.1_51551779_52031001_0$HG002.verkko_filt_mat.fa:haplotype1_0000005_138228497_138636354_1	0.9678682743687687 1KGrel
NA10865 HG03453#1#JAGYVW010000157.1_2105722_2585000_1$HG02293.verkko_filt_pat.fa:haplotype2_0000836_148310532_148812524_1	0.9678658413346077 1KGrel
NA10865 HG02622#2#JAHAON010000012.1_51551779_52031001_0$HG02071.verkko_filt_mat.fa:haplotype1_0000041_103610513_104018399_0	0.9678632599116703 1KGrel
NA10865 AV_HG00673#haplotype1#0000019:16627360$17129375$HG02145#2#JAHKSF010000206.1_1005292_1413195_1	0.9678617517744649 1KGrel
NA10865 chr1_hg19_103998686_104406594_0$HG02622#2#JAHAON010000012.1_51551779_52031001_0	0.9678592114253993 1KGrel
NA10865 HG02622#2#JAHAON010000012.1_51551779_52031001_0$chr1_hg38_103456064_103863972_0	0.9678592114253993 1KGrel
NA10865 HG00438#1#JAHBCB010000015.1_33474867_33954171_0$HG04228.verkko_filt_mat.fa:haplotype1_0000023_103429213_103930285_0	0.9678538120492742 1KGrel
NA10865 HG02622#2#JAHAON010000012.1_51551779_52031001_0$HG005#2#JAHEPN010000023.1_51542210_51950070_0	0.9678531620518008 1KGrel
NA10865 AV_HG00673#haplotype2#0001165:24014011$24421797$HG03486#2#JAHEOP010000248.1_2105565_2584784_1	0.9678462606399574 1KGrel
NA10865 HG01928#1#JAGYVQ010000053.1_16676493_17083407_0$HG02622#2#JAHAON010000012.1_51551779_52031001_0	0.9678421565894251 1KGrel
NA10865 HG00621#1#JAHBCD010000034.1_2122997_2624098_1$HG01109#2#JAHEOZ010000047.1_16671232_17151375_0	0.9678397338780991 1KGrel
NA10865 HG00621#2#JAHBCC010000031.1_16669999_17077865_0$NA20129#2#JAHEPD010000155.1_90039_569275_0	0.9678389790465816 1KGrel
NA10865 HG03453#1#JAGYVW010000157.1_2105722_2585000_1$HG02486#1#JAGYVM010000007.1_28868414_29370339_1	0.9678236397145538 1KGrel
NA10865 HG02818#1#JAHEOS010000101.1_89626_496613_0$HG02293.verkko_filt_pat.fa:haplotype2_0000836_148310532_148812524_1	0.9678195222868602 1KGrel
NA10865 AV_HG00673#haplotype2#0001165:24014011$24421797$NA20129#2#JAHEPD010000155.1_90039_569275_0	0.9678168040252960 1KGrel
NA10865 HG02622#2#JAHAON010000012.1_51551779_52031001_0$HG03453#2#JAGYVV010000088.1_22597550_23005370_1	0.9678118379871591 1KGrel
NA10865 HG02486#1#JAGYVM010000007.1_28868414_29370339_1$HG03927.verkko_filt_pat.fa:haplotype2_0000800_29002142_29504057_1	0.9678102009196935 1KGrel
NA10865 HG02630#1#JAHAOQ010000102.1_16672145_17079089_0$HG02080#2#JAHEOV010000017.1_16662177_17164189_0	0.9678091757734268 1KGrel
NA10865 HG00438#1#JAHBCB010000015.1_33474867_33954171_0$HG02717#2#JAHAOR010000006.1_19663827_20070693_1	0.9678035141328772 1KGrel
NA10865 AV_HG01106#haplotype2#0000932:16673968$17175925$HG03453#1#JAGYVW010000157.1_2105722_2585000_1	0.9678013172667153 1KGrel
NA10865 HG03453#1#JAGYVW010000157.1_2105722_2585000_1$HG02080#2#JAHEOV010000017.1_16662177_17164189_0	0.9677961234938014 1KGrel
NA10865 HG00621#1#JAHBCD010000034.1_2122997_2624098_1$HG00438#1#JAHBCB010000015.1_33474867_33954171_0	0.9677930664638174 1KGrel
NA10865 AV_HG00673#haplotype1#0000019:16627360$17129375$HG02818#1#JAHEOS010000101.1_89626_496613_0	0.9677917704330913 1KGrel
NA10865 chr1_hg38_103456064_103863972_0$HG03486#2#JAHEOP010000248.1_2105565_2584784_1	0.9677872147094760 1KGrel
NA10865 chr1_hg19_103998686_104406594_0$HG03486#2#JAHEOP010000248.1_2105565_2584784_1	0.9677872147094760 1KGrel
NA10865 HG02145#2#JAHKSF010000206.1_1005292_1413195_1$HG02080#2#JAHEOV010000017.1_16662177_17164189_0	0.9677621206560131 1KGrel
NA10865 HG00621#2#JAHBCC010000031.1_16669999_17077865_0$HG02622#2#JAHAON010000012.1_51551779_52031001_0	0.9677606639415421 1KGrel
NA10865 HG03492#1#JAHEPI010000180.1_2103395_2543326_1$HG02071.verkko_filt_pat.fa:haplotype2_0000736_102745972_103248026_0	0.9677602142306043 1KGrel
NA10865 HG03492#1#JAHEPI010000180.1_2103395_2543326_1$NA18906#2#JAHEON010000009.1_93748295_94249275_0	0.9677585338836379 1KGrel
NA10865 AV_HG01106#haplotype2#0000932:16673968$17175925$HG02717#1#JAHAOS010000015.1_16660311_17067250_0	0.9677577088182906 1KGrel
NA10865 NA18906#1#JAHEOO010000054.1_2103477_2510435_1$HG02293.verkko_filt_pat.fa:haplotype2_0000836_148310532_148812524_1	0.9677574871117930 1KGrel
NA10865 AV_HG01106#haplotype2#0000932:16673968$17175925$AV_HG02257#haplotype2#0001152:102843493$103251377	0.9677565761825038 1KGrel
NA10865 NA20129#2#JAHEPD010000155.1_90039_569275_0$HG02004.verkko_filt_mat.fa:haplotype1_0000022_97828542_98235483_0	0.9677553397158219 1KGrel
NA10865 HG01071#1#JAHBCF010000053.1_26607100_27108065_1$HG01099.verkko_filt_pat.fa:haplotype2_0000583_143544270_144046196_1	0.9677543622208263 1KGrel
NA10865 HG02622#2#JAHAON010000012.1_51551779_52031001_0$NA19240#2#JAHEOL010000010.1_37445323_37853017_0	0.9677488449128404 1KGrel
NA10865 HG02647.verkko_filt_mat.fa:haplotype1_0000002_103892584_104321036_0$HG02293.verkko_filt_pat.fa:haplotype2_0000836_148310532_148812524_1	0.9677456593709297 1KGrel
NA10865 HG02622#1#JAHAOO010000002.1_16673678_17080663_0$HG02293.verkko_filt_pat.fa:haplotype2_0000836_148310532_148812524_1	0.9677454010046730 1KGrel
NA10865 HG02080#1#JAHEOW010000048.1_16689583_17097287_0$HG02622#2#JAHAON010000012.1_51551779_52031001_0	0.9677434116328577 1KGrel
NA10865 HG02717#1#JAHAOS010000015.1_16660311_17067250_0$HG02293.verkko_filt_pat.fa:haplotype2_0000836_148310532_148812524_1	0.9677408207367809 1KGrel
NA10865 AV_HG00673#haplotype1#0000019:16627360$17129375$NA18906#1#JAHEOO010000054.1_2103477_2510435_1	0.9677355804864313 1KGrel
NA10865 NA20129#2#JAHEPD010000155.1_90039_569275_0$HG01258#2#JAGYYU010000072.1_51562603_51970395_0	0.9677337756602360 1KGrel
NA10865 NA20129#2#JAHEPD010000155.1_90039_569275_0$HG01978#2#JAGYVR010000007.1_51532241_51939176_0	0.9677336872278770 1KGrel
NA10865 AV_HG00673#haplotype1#0000019:16627360$17129375$HG02622#1#JAHAOO010000002.1_16673678_17080663_0	0.9677279360839142 1KGrel
NA10865 HG01071#1#JAHBCF010000053.1_26607100_27108065_1$HG03927.verkko_filt_pat.fa:haplotype2_0000800_29002142_29504057_1	0.9677260056943345 1KGrel
NA10865 HG00438#1#JAHBCB010000015.1_33474867_33954171_0$HG01978#1#JAGYVS010000002.1_51519970_52021951_0	0.9677230145324989 1KGrel
NA10865 HG01109#2#JAHEOZ010000047.1_16671232_17151375_0$HG02071.verkko_filt_pat.fa:haplotype2_0000736_102745972_103248026_0	0.9677205777600081 1KGrel
NA10865 HG01109#2#JAHEOZ010000047.1_16671232_17151375_0$HG03927.verkko_filt_mat.fa:haplotype1_0000009_134765170_135173010_1	0.9677199581536913 1KGrel
NA10865 AV_HG02148#haplotype2#0002863:16304803$16712699$NA20129#2#JAHEPD010000155.1_90039_569275_0	0.9677171452675420 1KGrel
NA10865 AV_HG01175#haplotype1#0000070:46006269$46414083$HG03486#2#JAHEOP010000248.1_2105565_2584784_1	0.9677095781077577 1KGrel
NA10865 AV_HG01175#haplotype1#0000070:46006269$46414083$NA20129#2#JAHEPD010000155.1_90039_569275_0	0.9677050209376981 1KGrel
NA10865 HG03486#2#JAHEOP010000248.1_2105565_2584784_1$HG02071.verkko_filt_mat.fa:haplotype1_0000041_103610513_104018399_0	0.9677049187639499 1KGrel
NA10865 HG02080#2#JAHEOV010000017.1_16662177_17164189_0$HG02818#1#JAHEOS010000101.1_89626_496613_0	0.9677028688755959 1KGrel
NA10865 HG02622#2#JAHAON010000012.1_51551779_52031001_0$HG02004.verkko_filt_mat.fa:haplotype1_0000022_97828542_98235483_0	0.9677015513204426 1KGrel
NA10865 HG02080#2#JAHEOV010000017.1_16662177_17164189_0$HG02622#1#JAHAOO010000002.1_16673678_17080663_0	0.9676979783991944 1KGrel
NA10865 NA18906#2#JAHEON010000009.1_93748295_94249275_0$HG02809.verkko_filt_mat.fa:haplotype1_0000023_94161320_94589755_0	0.9676977637652009 1KGrel
NA10865 HG01109#2#JAHEOZ010000047.1_16671232_17151375_0$HG03516#2#JAGYYS010000004.1_24452130_24859892_1	0.9676973913075124 1KGrel
NA10865 HG03486#2#JAHEOP010000248.1_2105565_2584784_1$HG005#2#JAHEPN010000023.1_51542210_51950070_0	0.9676970059685841 1KGrel
NA10865 HG02055#2#JAHEPJ010000017.1_24870122_25298560_1$NA18906#2#JAHEON010000009.1_93748295_94249275_0	0.9676962745034619 1KGrel
NA10865 HG01123#1#JAGYYZ010000015.1_51528240_51935090_0$HG03486#2#JAHEOP010000248.1_2105565_2584784_1	0.9676961124488397 1KGrel
NA10865 HG03486#1#JAHEOQ010000123.1_16677696_17085575_0$HG03486#2#JAHEOP010000248.1_2105565_2584784_1	0.9676914304085372 1KGrel
NA10865 HG03486#2#JAHEOP010000248.1_2105565_2584784_1$HG01258#2#JAGYYU010000072.1_51562603_51970395_0	0.9676889440117322 1KGrel
NA10865 HG02559#1#JAGYVK010000012.1_51505852_51913611_0$HG01109#2#JAHEOZ010000047.1_16671232_17151375_0	0.9676835553613811 1KGrel
NA10865 AV_HG00673#haplotype1#0000019:16627360$17129375$HG02717#1#JAHAOS010000015.1_16660311_17067250_0	0.9676808267932840 1KGrel
NA10865 HG02818#2#JAHEOR010000010.1_31775319_32183091_1$HG01109#2#JAHEOZ010000047.1_16671232_17151375_0	0.9676803605532769 1KGrel
NA10865 HG01978#1#JAGYVS010000002.1_51519970_52021951_0$HG01109#2#JAHEOZ010000047.1_16671232_17151375_0	0.9676697845327272 1KGrel
NA10865 HG02622#2#JAHAON010000012.1_51551779_52031001_0$HG01978#2#JAGYVR010000007.1_51532241_51939176_0	0.9676676374458878 1KGrel
NA10865 HG03486#2#JAHEOP010000248.1_2105565_2584784_1$HG002.verkko_filt_mat.fa:haplotype1_0000005_138228497_138636354_1	0.9676667764887065 1KGrel
NA10865 HG02055#2#JAHEPJ010000017.1_24870122_25298560_1$HG02293.verkko_filt_pat.fa:haplotype2_0000836_148310532_148812524_1	0.9676664845656335 1KGrel
NA10865 HG01109#2#JAHEOZ010000047.1_16671232_17151375_0$NA19240#1#JAHEOM010000047.1_30103390_30511199_1	0.9676525054766465 1KGrel
NA10865 AV_HG00673#haplotype2#0001165:24014011$24421797$HG02622#2#JAHAON010000012.1_51551779_52031001_0	0.9676519773061912 1KGrel
NA10865 AV_HG02148#haplotype2#0002863:16304803$16712699$HG02622#2#JAHAON010000012.1_51551779_52031001_0	0.9676510990893628 1KGrel
NA10865 HG00621#1#JAHBCD010000034.1_2122997_2624098_1$HG02145#2#JAHKSF010000206.1_1005292_1413195_1	0.9676485696959896 1KGrel
NA10865 AV_HG00673#haplotype1#0000019:16627360$17129375$HG02647.verkko_filt_mat.fa:haplotype1_0000002_103892584_104321036_0	0.9676465671520554 1KGrel
NA10865 HG02559#2#JAGYVJ010000037.1_52167780_52574597_1$HG01109#2#JAHEOZ010000047.1_16671232_17151375_0	0.9676452662895930 1KGrel
NA10865 HG01109#2#JAHEOZ010000047.1_16671232_17151375_0$HG04228.verkko_filt_mat.fa:haplotype1_0000023_103429213_103930285_0	0.9676428674226751 1KGrel
NA10865 AV_HG02257#haplotype2#0001152:102843493$103251377$HG02293.verkko_filt_pat.fa:haplotype2_0000836_148310532_148812524_1	0.9676390552721623 1KGrel
NA10865 AV_HG01175#haplotype1#0000070:46006269$46414083$HG02622#2#JAHAON010000012.1_51551779_52031001_0	0.9676328251332630 1KGrel
NA10865 AV_HG01106#haplotype2#0000932:16673968$17175925$NA18906#1#JAHEOO010000054.1_2103477_2510435_1	0.9676281124432780 1KGrel
NA10865 HG02145#2#JAHKSF010000206.1_1005292_1413195_1$HG04228.verkko_filt_mat.fa:haplotype1_0000023_103429213_103930285_0	0.9676274330259313 1KGrel
NA10865 HG01928#1#JAGYVQ010000053.1_16676493_17083407_0$HG03486#2#JAHEOP010000248.1_2105565_2584784_1	0.9676190559957856 1KGrel
NA10865 HG00438#1#JAHBCB010000015.1_33474867_33954171_0$HG03516#1#JAGYYT010000012.1_24170958_24578778_1	0.9676189775611146 1KGrel
NA10865 HG02622#2#JAHAON010000012.1_51551779_52031001_0$HG01258#2#JAGYYU010000072.1_51562603_51970395_0	0.9676181303378297 1KGrel
NA10865 HG01258#1#JAGYYV010000004.1_56955948_57456952_1$HG01099.verkko_filt_pat.fa:haplotype2_0000583_143544270_144046196_1	0.9676097147386392 1KGrel
NA10865 HG02080#2#JAHEOV010000017.1_16662177_17164189_0$NA18906#1#JAHEOO010000054.1_2103477_2510435_1	0.9676090543106709 1KGrel
NA10865 HG03492#1#JAHEPI010000180.1_2103395_2543326_1$HG04228.verkko_filt_mat.fa:haplotype1_0000023_103429213_103930285_0	0.9676082540298034 1KGrel
NA10865 HG03453#1#JAGYVW010000157.1_2105722_2585000_1$HG02071.verkko_filt_pat.fa:haplotype2_0000736_102745972_103248026_0	0.9675985211497623 1KGrel
NA10865 AV_HG00673#haplotype1#0000019:16627360$17129375$HG02055#2#JAHEPJ010000017.1_24870122_25298560_1	0.9675955896141450 1KGrel
NA10865 NA20129#2#JAHEPD010000155.1_90039_569275_0$HG02630#2#JAHAOP010000089.1_16669255_17076135_0	0.9675955850776957 1KGrel
NA10865 HG02809.verkko_filt_mat.fa:haplotype1_0000023_94161320_94589755_0$HG02293.verkko_filt_pat.fa:haplotype2_0000836_148310532_148812524_1	0.9675939335049215 1KGrel
NA10865 HG01258#1#JAGYYV010000004.1_56955948_57456952_1$HG03927.verkko_filt_pat.fa:haplotype2_0000800_29002142_29504057_1	0.9675928715797786 1KGrel
NA10865 HG01109#2#JAHEOZ010000047.1_16671232_17151375_0$HG03579#1#JAGYVU010000029.1_91404_499180_0	0.9675893972893628 1KGrel
NA10865 HG01109#1#JAHEPA010000099.1_2104245_2511104_1$NA20129#2#JAHEPD010000155.1_90039_569275_0	0.9675804905564892 1KGrel
NA10865 HG01978#1#JAGYVS010000002.1_51519970_52021951_0$HG02622#1#JAHAOO010000002.1_16673678_17080663_0	0.9675767366259844 1KGrel
NA10865 HG02080#2#JAHEOV010000017.1_16662177_17164189_0$HG02055#2#JAHEPJ010000017.1_24870122_25298560_1	0.9675708175518005 1KGrel
NA10865 AV_HG00673#haplotype1#0000019:16627360$17129375$AV_HG02257#haplotype2#0001152:102843493$103251377	0.9675679174197453 1KGrel
NA10865 AV_HG02257#haplotype2#0001152:102843493$103251377$HG00438#1#JAHBCB010000015.1_33474867_33954171_0	0.9675647399053655 1KGrel
NA10865 HG02630#1#JAHAOQ010000102.1_16672145_17079089_0$HG02071.verkko_filt_pat.fa:haplotype2_0000736_102745972_103248026_0	0.9675636020763321 1KGrel
NA10865 HG02080#2#JAHEOV010000017.1_16662177_17164189_0$HG02647.verkko_filt_mat.fa:haplotype1_0000002_103892584_104321036_0	0.9675595978528483 1KGrel
NA10865 HG03540#1#JAGYVY010000208.1_95187_596142_0$HG03927.verkko_filt_pat.fa:haplotype2_0000800_29002142_29504057_1	0.9675550608006560 1KGrel
NA10865 HG00621#1#JAHBCD010000034.1_2122997_2624098_1$HG03453#1#JAGYVW010000157.1_2105722_2585000_1	0.9675495088018736 1KGrel
NA10865 HG02717#1#JAHAOS010000015.1_16660311_17067250_0$HG02080#2#JAHEOV010000017.1_16662177_17164189_0	0.9675487633377757 1KGrel
NA10865 HG00621#2#JAHBCC010000031.1_16669999_17077865_0$HG03486#2#JAHEOP010000248.1_2105565_2584784_1	0.9675415201409470 1KGrel
NA10865 HG01071#1#JAHBCF010000053.1_26607100_27108065_1$HG03540#1#JAGYVY010000208.1_95187_596142_0	0.9675367925335607 1KGrel
NA10865 HG005#1#JAHEPO010000002.1_51519219_51926067_0$HG03486#2#JAHEOP010000248.1_2105565_2584784_1	0.9675321449782567 1KGrel
NA10865 NA20129#2#JAHEPD010000155.1_90039_569275_0$HG00741#2#JAHALX010000013.1_51574319_51981226_0	0.9675308111823355 1KGrel
NA10865 AV_HG01106#haplotype2#0000932:16673968$17175925$HG03098#1#JAHEPM010000059.1_16676208_17105596_0	0.9675291287672978 1KGrel
NA10865 HG02630#2#JAHAOP010000089.1_16669255_17076135_0$HG02622#2#JAHAON010000012.1_51551779_52031001_0	0.9675289396064413 1KGrel
NA10865 HG02145#2#JAHKSF010000206.1_1005292_1413195_1$HG01978#1#JAGYVS010000002.1_51519970_52021951_0	0.9675238309829036 1KGrel
NA10865 HG02630#1#JAHAOQ010000102.1_16672145_17079089_0$HG01978#1#JAGYVS010000002.1_51519970_52021951_0	0.9675230948566115 1KGrel
NA10865 HG01978#1#JAGYVS010000002.1_51519970_52021951_0$HG02818#1#JAHEOS010000101.1_89626_496613_0	0.9675184977911548 1KGrel
NA10865 HG01978#1#JAGYVS010000002.1_51519970_52021951_0$HG02647.verkko_filt_mat.fa:haplotype1_0000002_103892584_104321036_0	0.9675169876190030 1KGrel
NA10865 HG01109#2#JAHEOZ010000047.1_16671232_17151375_0$HG01099.verkko_filt_mat.fa:haplotype1_0000034_142513097_142920876_1	0.9675126524910471 1KGrel
NA10865 HG005#1#JAHEPO010000002.1_51519219_51926067_0$NA20129#2#JAHEPD010000155.1_90039_569275_0	0.9675089350848757 1KGrel
NA10865 NA20129#2#JAHEPD010000155.1_90039_569275_0$HG02300.verkko_filt_pat.fa:haplotype2_0000620_143362344_143769323_1	0.9675077329151486 1KGrel
NA10865 NA20129#2#JAHEPD010000155.1_90039_569275_0$HG01123#1#JAGYYZ010000015.1_51528240_51935090_0	0.9675022207591417 1KGrel
NA10865 HG01258#1#JAGYYV010000004.1_56955948_57456952_1$HG03540#1#JAGYVY010000208.1_95187_596142_0	0.9674915035780337 1KGrel
NA10865 HG03492#2#JAHEPH010000288.1_2098270_2432686_1$HG03927.verkko_filt_pat.fa:haplotype2_0000800_29002142_29504057_1	0.9674866187756943 1KGrel
NA10865 HG00438#1#JAHBCB010000015.1_33474867_33954171_0$HG02622#1#JAHAOO010000002.1_16673678_17080663_0	0.9674842051898657 1KGrel
NA10865 HG03453#1#JAGYVW010000157.1_2105722_2585000_1$HG01978#1#JAGYVS010000002.1_51519970_52021951_0	0.9674819137508049 1KGrel
NA10865 HG02145#2#JAHKSF010000206.1_1005292_1413195_1$HG00438#1#JAHBCB010000015.1_33474867_33954171_0	0.9674815953960979 1KGrel
NA10865 HG03492#2#JAHEPH010000288.1_2098270_2432686_1$HG03540#1#JAGYVY010000208.1_95187_596142_0	0.9674789778995144 1KGrel
NA10865 AV_HG02257#haplotype2#0001152:102843493$103251377$HG02080#2#JAHEOV010000017.1_16662177_17164189_0	0.9674788779783214 1KGrel
NA10865 AV_HG00673#haplotype1#0000019:16627360$17129375$HG02809.verkko_filt_mat.fa:haplotype1_0000023_94161320_94589755_0	0.9674775856923186 1KGrel
NA10865 HG01928#1#JAGYVQ010000053.1_16676493_17083407_0$HG00438#1#JAHBCB010000015.1_33474867_33954171_0	0.9674730173100909 1KGrel
NA10865 chr1_hg19_103998686_104406594_0$HG00438#1#JAHBCB010000015.1_33474867_33954171_0	0.9674699448311272 1KGrel
NA10865 HG00438#1#JAHBCB010000015.1_33474867_33954171_0$chr1_hg38_103456064_103863972_0	0.9674699448311272 1KGrel
NA10865 HG01243#1#JAHEOY010000013.1_90081_424495_0$HG03540#1#JAGYVY010000208.1_95187_596142_0	0.9674659250985922 1KGrel
NA10865 HG01978#1#JAGYVS010000002.1_51519970_52021951_0$HG02055#2#JAHEPJ010000017.1_24870122_25298560_1	0.9674646990518636 1KGrel
NA10865 HG00438#1#JAHBCB010000015.1_33474867_33954171_0$HG02300.verkko_filt_mat.fa:haplotype1_0000028_144052837_144460586_1	0.9674620729682992 1KGrel
NA10865 HG03492#2#JAHEPH010000288.1_2098270_2432686_1$HG01099.verkko_filt_pat.fa:haplotype2_0000583_143544270_144046196_1	0.9674605253943658 1KGrel
NA10865 HG03453#2#JAGYVV010000088.1_22597550_23005370_1$HG03486#2#JAHEOP010000248.1_2105565_2584784_1	0.9674598744054220 1KGrel
NA10865 HG01109#1#JAHEPA010000099.1_2104245_2511104_1$HG02622#2#JAHAON010000012.1_51551779_52031001_0	0.9674586419885488 1KGrel
NA10865 HG02109#2#JAHEPF010000078.1_16678387_16991144_0$chr1_chm13_103304997_103901127_0	0.9674560758819382 1KGrel
NA10865 HG00438#1#JAHBCB010000015.1_33474867_33954171_0$NA19240#2#JAHEOL010000010.1_37445323_37853017_0	0.9674537899281384 1KGrel
NA10865 HG01243#1#JAHEOY010000013.1_90081_424495_0$HG03927.verkko_filt_pat.fa:haplotype2_0000800_29002142_29504057_1	0.9674527873335881 1KGrel
NA10865 HG02630#1#JAHAOQ010000102.1_16672145_17079089_0$HG04228.verkko_filt_mat.fa:haplotype1_0000023_103429213_103930285_0	0.9674513692064227 1KGrel
NA10865 HG00621#1#JAHBCD010000034.1_2122997_2624098_1$HG02630#1#JAHAOQ010000102.1_16672145_17079089_0	0.9674511926408098 1KGrel
NA10865 HG02080#2#JAHEOV010000017.1_16662177_17164189_0$HG02809.verkko_filt_mat.fa:haplotype1_0000023_94161320_94589755_0	0.9674468351455224 1KGrel
NA10865 HG01978#1#JAGYVS010000002.1_51519970_52021951_0$HG02809.verkko_filt_mat.fa:haplotype1_0000023_94161320_94589755_0	0.9674362895488378 1KGrel
NA10865 HG02630#2#JAHAOP010000089.1_16669255_17076135_0$HG03486#2#JAHEOP010000248.1_2105565_2584784_1	0.9674301025089035 1KGrel
NA10865 HG03486#1#JAHEOQ010000123.1_16677696_17085575_0$HG00438#1#JAHBCB010000015.1_33474867_33954171_0	0.9674290506178372 1KGrel
NA10865 HG01243#1#JAHEOY010000013.1_90081_424495_0$HG01099.verkko_filt_pat.fa:haplotype2_0000583_143544270_144046196_1	0.9674267062229250 1KGrel
NA10865 HG03486#2#JAHEOP010000248.1_2105565_2584784_1$HG01978#2#JAGYVR010000007.1_51532241_51939176_0	0.9674252341260059 1KGrel
NA10865 HG02622#2#JAHAON010000012.1_51551779_52031001_0$HG02300.verkko_filt_pat.fa:haplotype2_0000620_143362344_143769323_1	0.9674231873198781 1KGrel
NA10865 AV_HG02257#haplotype2#0001152:102843493$103251377$HG01978#1#JAGYVS010000002.1_51519970_52021951_0	0.9674188734060711 1KGrel
NA10865 HG03486#2#JAHEOP010000248.1_2105565_2584784_1$HG02004.verkko_filt_mat.fa:haplotype1_0000022_97828542_98235483_0	0.9674173973346348 1KGrel
NA10865 HG02886#1#JAHAOU010000178.1_62411_469262_0$HG03486#2#JAHEOP010000248.1_2105565_2584784_1	0.9674169203401076 1KGrel
NA10865 HG01099.verkko_filt_pat.fa:haplotype2_0000583_143544270_144046196_1$HG03927.verkko_filt_pat.fa:haplotype2_0000800_29002142_29504057_1	0.9674161267740495 1KGrel
NA10865 AV_HG01361#haplotype1#0000023:101593539$102001341$HG01109#2#JAHEOZ010000047.1_16671232_17151375_0	0.9674102080338581 1KGrel
NA10865 HG02622#2#JAHAON010000012.1_51551779_52031001_0$HG01123#1#JAGYYZ010000015.1_51528240_51935090_0	0.9674049643913621 1KGrel
NA10865 HG02145#2#JAHKSF010000206.1_1005292_1413195_1$HG02071.verkko_filt_pat.fa:haplotype2_0000736_102745972_103248026_0	0.9674045055023152 1KGrel
NA10865 HG02717#1#JAHAOS010000015.1_16660311_17067250_0$HG01978#1#JAGYVS010000002.1_51519970_52021951_0	0.9674034875639284 1KGrel
NA10865 HG00438#1#JAHBCB010000015.1_33474867_33954171_0$HG03927.verkko_filt_mat.fa:haplotype1_0000009_134765170_135173010_1	0.9674021186109195 1KGrel
NA10865 HG01109#2#JAHEOZ010000047.1_16671232_17151375_0$HG02300.verkko_filt_mat.fa:haplotype1_0000028_144052837_144460586_1	0.9673984710297581 1KGrel
NA10865 HG04228.verkko_filt_mat.fa:haplotype1_0000023_103429213_103930285_0$HG02647.verkko_filt_mat.fa:haplotype1_0000002_103892584_104321036_0	0.9673938239651136 1KGrel
NA10865 HG03486#2#JAHEOP010000248.1_2105565_2584784_1$HG02486#2#JAGYVL010000029.1_94163344_94570162_0	0.9673934685374951 1KGrel
NA10865 HG02622#2#JAHAON010000012.1_51551779_52031001_0$HG00741#2#JAHALX010000013.1_51574319_51981226_0	0.9673905561425695 1KGrel
NA10865 HG03453#1#JAGYVW010000157.1_2105722_2585000_1$HG01258#1#JAGYYV010000004.1_56955948_57456952_1	0.9673872725317139 1KGrel
NA10865 HG00438#1#JAHBCB010000015.1_33474867_33954171_0$HG005#2#JAHEPN010000023.1_51542210_51950070_0	0.9673852006697966 1KGrel
NA10865 HG00438#1#JAHBCB010000015.1_33474867_33954171_0$HG002.verkko_filt_mat.fa:haplotype1_0000005_138228497_138636354_1	0.9673801791939773 1KGrel
NA10865 HG00438#1#JAHBCB010000015.1_33474867_33954171_0$HG01099.verkko_filt_mat.fa:haplotype1_0000034_142513097_142920876_1	0.9673731373754072 1KGrel
NA10865 HG01071#1#JAHBCF010000053.1_26607100_27108065_1$HG02486#1#JAGYVM010000007.1_28868414_29370339_1	0.9673699580218033 1KGrel
NA10865 NA18906#1#JAHEOO010000054.1_2103477_2510435_1$HG02071.verkko_filt_pat.fa:haplotype2_0000736_102745972_103248026_0	0.9673689502463997 1KGrel
NA10865 HG00438#1#JAHBCB010000015.1_33474867_33954171_0$HG03453#2#JAGYVV010000088.1_22597550_23005370_1	0.9673688790418109 1KGrel
NA10865 HG005#1#JAHEPO010000002.1_51519219_51926067_0$HG02622#2#JAHAON010000012.1_51551779_52031001_0	0.9673625488515425 1KGrel
NA10865 AV_HG02148#haplotype2#0002863:16304803$16712699$HG03486#2#JAHEOP010000248.1_2105565_2584784_1	0.9673594809854340 1KGrel
NA10865 HG01109#2#JAHEOZ010000047.1_16671232_17151375_0$HG02809.verkko_filt_pat.fa:haplotype2_0001251_103421111_103827972_0	0.9673580968068488 1KGrel
NA10865 HG02818#1#JAHEOS010000101.1_89626_496613_0$HG02071.verkko_filt_pat.fa:haplotype2_0000736_102745972_103248026_0	0.9673511794510524 1KGrel
NA10865 HG03486#2#JAHEOP010000248.1_2105565_2584784_1$HG02717#2#JAHAOR010000006.1_19663827_20070693_1	0.9673388071168706 1KGrel
NA10865 HG00621#1#JAHBCD010000034.1_2122997_2624098_1$HG02647.verkko_filt_mat.fa:haplotype1_0000002_103892584_104321036_0	0.9673367147346478 1KGrel
NA10865 NA20129#2#JAHEPD010000155.1_90039_569275_0$HG02717#2#JAHAOR010000006.1_19663827_20070693_1	0.9673215647688072 1KGrel
NA10865 HG00438#1#JAHBCB010000015.1_33474867_33954171_0$HG02071.verkko_filt_mat.fa:haplotype1_0000041_103610513_104018399_0	0.9673197752814068 1KGrel
NA10865 HG02647.verkko_filt_mat.fa:haplotype1_0000002_103892584_104321036_0$HG02071.verkko_filt_pat.fa:haplotype2_0000736_102745972_103248026_0	0.9673187538396115 1KGrel
NA10865 HG02080#1#JAHEOW010000048.1_16689583_17097287_0$HG00438#1#JAHBCB010000015.1_33474867_33954171_0	0.9673178600312609 1KGrel
NA10865 HG01258#1#JAGYYV010000004.1_56955948_57456952_1$HG02486#1#JAGYVM010000007.1_28868414_29370339_1	0.9673057992002333 1KGrel
NA10865 AV_HG01106#haplotype1#0000048:16666181$17262214$HG02109#2#JAHEPF010000078.1_16678387_16991144_0	0.9672881477135318 1KGrel
NA10865 AV_HG01361#haplotype1#0000023:101593539$102001341$HG00438#1#JAHBCB010000015.1_33474867_33954171_0	0.9672829439421766 1KGrel
NA10865 HG00621#1#JAHBCD010000034.1_2122997_2624098_1$HG02622#1#JAHAOO010000002.1_16673678_17080663_0	0.9672827045475675 1KGrel
NA10865 HG03453#1#JAGYVW010000157.1_2105722_2585000_1$HG01071#1#JAHBCF010000053.1_26607100_27108065_1	0.9672815973397833 1KGrel
NA10865 AV_HG01175#haplotype1#0000070:46006269$46414083$HG00438#1#JAHBCB010000015.1_33474867_33954171_0	0.9672812633027152 1KGrel
NA10865 HG02717#1#JAHAOS010000015.1_16660311_17067250_0$HG02071.verkko_filt_pat.fa:haplotype2_0000736_102745972_103248026_0	0.9672660447171627 1KGrel
NA10865 AV_HG02257#haplotype2#0001152:102843493$103251377$HG04228.verkko_filt_mat.fa:haplotype1_0000023_103429213_103930285_0	0.9672638457269431 1KGrel
NA10865 HG01978#1#JAGYVS010000002.1_51519970_52021951_0$NA18906#1#JAHEOO010000054.1_2103477_2510435_1	0.9672629407880922 1KGrel
NA10865 HG00621#1#JAHBCD010000034.1_2122997_2624098_1$HG02818#1#JAHEOS010000101.1_89626_496613_0	0.9672592943846064 1KGrel
NA10865 AV_HG02257#haplotype2#0001152:102843493$103251377$HG00621#1#JAHBCD010000034.1_2122997_2624098_1	0.9672518780548797 1KGrel
NA10865 HG03486#2#JAHEOP010000248.1_2105565_2584784_1$HG00741#2#JAHALX010000013.1_51574319_51981226_0	0.9672434781135522 1KGrel
NA10865 HG03486#2#JAHEOP010000248.1_2105565_2584784_1$NA18906#2#JAHEON010000009.1_93748295_94249275_0	0.9672418172284338 1KGrel
NA10865 HG03486#2#JAHEOP010000248.1_2105565_2584784_1$HG02300.verkko_filt_pat.fa:haplotype2_0000620_143362344_143769323_1	0.9672413076039618 1KGrel
NA10865 HG00438#1#JAHBCB010000015.1_33474867_33954171_0$HG02004.verkko_filt_mat.fa:haplotype1_0000022_97828542_98235483_0	0.9672403169957923 1KGrel
NA10865 NA20129#2#JAHEPD010000155.1_90039_569275_0$HG02886#1#JAHAOU010000178.1_62411_469262_0	0.9672315709531507 1KGrel
NA10865 HG00438#1#JAHBCB010000015.1_33474867_33954171_0$HG02818#1#JAHEOS010000101.1_89626_496613_0	0.9672280565901761 1KGrel
NA10865 HG00438#1#JAHBCB010000015.1_33474867_33954171_0$HG01978#2#JAGYVR010000007.1_51532241_51939176_0	0.9672240472985798 1KGrel
NA10865 AV_HG00673#haplotype2#0001165:24014011$24421797$HG00438#1#JAHBCB010000015.1_33474867_33954171_0	0.9672209864477703 1KGrel
NA10865 HG02717#1#JAHAOS010000015.1_16660311_17067250_0$HG00438#1#JAHBCB010000015.1_33474867_33954171_0	0.9672189504998876 1KGrel
NA10865 NA18906#2#JAHEON010000009.1_93748295_94249275_0$HG01099.verkko_filt_pat.fa:haplotype2_0000583_143544270_144046196_1	0.9672164219682435 1KGrel
NA10865 AV_HG01106#haplotype1#0000048:16666181$17262214$HG03710.verkko_filt_mat.fa:haplotype1_0000029_102593394_102907063_0	0.9672103039507799 1KGrel
NA10865 HG03098#1#JAHEPM010000059.1_16676208_17105596_0$HG02293.verkko_filt_pat.fa:haplotype2_0000836_148310532_148812524_1	0.9672048895904404 1KGrel
NA10865 NA18906#1#JAHEOO010000054.1_2103477_2510435_1$HG04228.verkko_filt_mat.fa:haplotype1_0000023_103429213_103930285_0	0.9672025387868001 1KGrel
NA10865 HG00621#1#JAHBCD010000034.1_2122997_2624098_1$HG02055#2#JAHEPJ010000017.1_24870122_25298560_1	0.9672008297999168 1KGrel
NA10865 HG03540#1#JAGYVY010000208.1_95187_596142_0$HG02486#1#JAGYVM010000007.1_28868414_29370339_1	0.9671991040695098 1KGrel
NA10865 HG02622#1#JAHAOO010000002.1_16673678_17080663_0$HG02071.verkko_filt_pat.fa:haplotype2_0000736_102745972_103248026_0	0.9671979431375559 1KGrel
NA10865 HG02818#1#JAHEOS010000101.1_89626_496613_0$HG04228.verkko_filt_mat.fa:haplotype1_0000023_103429213_103930285_0	0.9671957022954820 1KGrel
NA10865 HG01109#1#JAHEPA010000099.1_2104245_2511104_1$HG03486#2#JAHEOP010000248.1_2105565_2584784_1	0.9671953915766264 1KGrel
NA10865 HG03453#1#JAGYVW010000157.1_2105722_2585000_1$HG03927.verkko_filt_mat.fa:haplotype1_0000009_134765170_135173010_1	0.9671952990448646 1KGrel
NA10865 HG02055#2#JAHEPJ010000017.1_24870122_25298560_1$HG02071.verkko_filt_pat.fa:haplotype2_0000736_102745972_103248026_0	0.9671950070983085 1KGrel
NA10865 HG03540#2#JAGYVX010000148.1_1368955_1877115_0$HG02004.verkko_filt_pat.fa:haplotype2_0000813_139386576_140076845_1	0.9671936211391221 1KGrel
NA10865 HG02622#2#JAHAON010000012.1_51551779_52031001_0$HG02886#1#JAHAOU010000178.1_62411_469262_0	0.9671899262555290 1KGrel
NA10865 AV_HG02257#haplotype2#0001152:102843493$103251377$HG02071.verkko_filt_pat.fa:haplotype2_0000736_102745972_103248026_0	0.9671871334952618 1KGrel
NA10865 AV_HG01106#haplotype1#0000048:16666181$17262214$HG03098#2#JAHEPL010000003.1_93803759_94117426_0	0.9671844661138100 1KGrel
NA10865 HG01109#2#JAHEOZ010000047.1_16671232_17151375_0$NA18906#2#JAHEON010000009.1_93748295_94249275_0	0.9671832946849678 1KGrel
NA10865 HG03540#1#JAGYVY010000208.1_95187_596142_0$NA18906#2#JAHEON010000009.1_93748295_94249275_0	0.9671831606387994 1KGrel
NA10865 HG03453#1#JAGYVW010000157.1_2105722_2585000_1$HG01099.verkko_filt_mat.fa:haplotype1_0000034_142513097_142920876_1	0.9671814228257279 1KGrel
NA10865 HG02622#2#JAHAON010000012.1_51551779_52031001_0$HG02717#2#JAHAOR010000006.1_19663827_20070693_1	0.9671690125600644 1KGrel
NA10865 HG02055#2#JAHEPJ010000017.1_24870122_25298560_1$HG04228.verkko_filt_mat.fa:haplotype1_0000023_103429213_103930285_0	0.9671509429659385 1KGrel
NA10865 AV_HG01106#haplotype1#0000048:16666181$17262214$AV_HG01361#haplotype2#0001322:101872897$102186552	0.9671470424915721 1KGrel
NA10865 HG02630#1#JAHAOQ010000102.1_16672145_17079089_0$HG01109#2#JAHEOZ010000047.1_16671232_17151375_0	0.9671345911966399 1KGrel
NA10865 HG03453#1#JAGYVW010000157.1_2105722_2585000_1$HG03516#2#JAGYYS010000004.1_24452130_24859892_1	0.9671281974351074 1KGrel
NA10865 HG00621#1#JAHBCD010000034.1_2122997_2624098_1$NA18906#1#JAHEOO010000054.1_2103477_2510435_1	0.9671263259740221 1KGrel
NA10865 HG02630#1#JAHAOQ010000102.1_16672145_17079089_0$HG00438#1#JAHBCB010000015.1_33474867_33954171_0	0.9671251598552372 1KGrel
NA10865 HG00621#1#JAHBCD010000034.1_2122997_2624098_1$HG02809.verkko_filt_mat.fa:haplotype1_0000023_94161320_94589755_0	0.9671226493954823 1KGrel
NA10865 HG00621#1#JAHBCD010000034.1_2122997_2624098_1$HG02717#1#JAHAOS010000015.1_16660311_17067250_0	0.9671152345858531 1KGrel
NA10865 HG02109#1#JAHEPG010000026.1_16673035_17080816_0$HG01109#2#JAHEOZ010000047.1_16671232_17151375_0	0.9671056053917551 1KGrel
NA10865 HG00621#2#JAHBCC010000031.1_16669999_17077865_0$HG00438#1#JAHBCB010000015.1_33474867_33954171_0	0.9671006734228917 1KGrel
NA10865 HG03453#1#JAGYVW010000157.1_2105722_2585000_1$HG04228.verkko_filt_mat.fa:haplotype1_0000023_103429213_103930285_0	0.9670918764395441 1KGrel
NA10865 NA20129#2#JAHEPD010000155.1_90039_569275_0$HG02486#2#JAGYVL010000029.1_94163344_94570162_0	0.9670912350818712 1KGrel
NA10865 HG01928#1#JAGYVQ010000053.1_16676493_17083407_0$HG01109#2#JAHEOZ010000047.1_16671232_17151375_0	0.9670905721008050 1KGrel
NA10865 AV_HG00673#haplotype1#0000019:16627360$17129375$HG03098#1#JAHEPM010000059.1_16676208_17105596_0	0.9670883508542524 1KGrel
NA10865 HG02080#1#JAHEOW010000048.1_16689583_17097287_0$HG01109#2#JAHEOZ010000047.1_16671232_17151375_0	0.9670883493315336 1KGrel
NA10865 HG01109#2#JAHEOZ010000047.1_16671232_17151375_0$HG03516#1#JAGYYT010000012.1_24170958_24578778_1	0.9670851023764980 1KGrel
NA10865 AV_HG02257#haplotype2#0001152:102843493$103251377$HG01109#2#JAHEOZ010000047.1_16671232_17151375_0	0.9670813932881547 1KGrel
NA10865 HG01109#2#JAHEOZ010000047.1_16671232_17151375_0$HG02818#1#JAHEOS010000101.1_89626_496613_0	0.9670779584728767 1KGrel
NA10865 HG02622#1#JAHAOO010000002.1_16673678_17080663_0$HG04228.verkko_filt_mat.fa:haplotype1_0000023_103429213_103930285_0	0.9670748638406398 1KGrel
NA10865 HG02717#1#JAHAOS010000015.1_16660311_17067250_0$HG04228.verkko_filt_mat.fa:haplotype1_0000023_103429213_103930285_0	0.9670726199593431 1KGrel
NA10865 HG02145#2#JAHKSF010000206.1_1005292_1413195_1$HG01109#2#JAHEOZ010000047.1_16671232_17151375_0	0.9670721699652075 1KGrel
NA10865 HG02486#1#JAGYVM010000007.1_28868414_29370339_1$HG01099.verkko_filt_pat.fa:haplotype2_0000583_143544270_144046196_1	0.9670716266583211 1KGrel
NA10865 HG02818#2#JAHEOR010000010.1_31775319_32183091_1$HG03453#1#JAGYVW010000157.1_2105722_2585000_1	0.9670576431692076 1KGrel
NA10865 HG02622#1#JAHAOO010000002.1_16673678_17080663_0$HG01109#2#JAHEOZ010000047.1_16671232_17151375_0	0.9670526167750341 1KGrel
NA10865 HG02809.verkko_filt_mat.fa:haplotype1_0000023_94161320_94589755_0$HG02071.verkko_filt_pat.fa:haplotype2_0000736_102745972_103248026_0	0.9670496382626518 1KGrel
NA10865 HG02559#1#JAGYVK010000012.1_51505852_51913611_0$HG03453#1#JAGYVW010000157.1_2105722_2585000_1	0.9670475621075652 1KGrel
NA10865 AV_HG01106#haplotype2#0000932:16673968$17175925$HG02486#1#JAGYVM010000007.1_28868414_29370339_1	0.9670461423366158 1KGrel
NA10865 HG02622#2#JAHAON010000012.1_51551779_52031001_0$HG02486#2#JAGYVL010000029.1_94163344_94570162_0	0.9670433930593212 1KGrel
NA10865 AV_HG02148#haplotype2#0002863:16304803$16712699$HG00438#1#JAHBCB010000015.1_33474867_33954171_0	0.9670412949027284 1KGrel
NA10865 HG02080#2#JAHEOV010000017.1_16662177_17164189_0$HG03098#1#JAHEPM010000059.1_16676208_17105596_0	0.9670402192778353 1KGrel
NA10865 NA18906#2#JAHEON010000009.1_93748295_94249275_0$HG02486#1#JAGYVM010000007.1_28868414_29370339_1	0.9670273218791799 1KGrel
NA10865 HG03453#1#JAGYVW010000157.1_2105722_2585000_1$HG02300.verkko_filt_mat.fa:haplotype1_0000028_144052837_144460586_1	0.9670182001485214 1KGrel
NA10865 AV_HG00673#haplotype1#0000019:16627360$17129375$HG02486#1#JAGYVM010000007.1_28868414_29370339_1	0.9670044823928191 1KGrel
NA10865 HG03453#1#JAGYVW010000157.1_2105722_2585000_1$chr1_hg38_103456064_103863972_0	0.9670008450567342 1KGrel
NA10865 HG03453#1#JAGYVW010000157.1_2105722_2585000_1$chr1_hg19_103998686_104406594_0	0.9670008450567342 1KGrel
NA10865 HG00621#1#JAHBCD010000034.1_2122997_2624098_1$HG03098#1#JAHEPM010000059.1_16676208_17105596_0	0.9669993154456475 1KGrel
NA10865 HG02717#1#JAHAOS010000015.1_16660311_17067250_0$HG01109#2#JAHEOZ010000047.1_16671232_17151375_0	0.9669938193788965 1KGrel
NA10865 HG01978#1#JAGYVS010000002.1_51519970_52021951_0$HG03098#1#JAHEPM010000059.1_16676208_17105596_0	0.9669882847846337 1KGrel
NA10865 HG03098#1#JAHEPM010000059.1_16676208_17105596_0$HG04228.verkko_filt_mat.fa:haplotype1_0000023_103429213_103930285_0	0.9669840976428884 1KGrel
NA10865 NA18906#1#JAHEOO010000054.1_2103477_2510435_1$HG01109#2#JAHEOZ010000047.1_16671232_17151375_0	0.9669736978403778 1KGrel
NA10865 AV_HG00673#haplotype2#0001165:24014011$24421797$HG01109#2#JAHEOZ010000047.1_16671232_17151375_0	0.9669673526671405 1KGrel
NA10865 HG04228.verkko_filt_mat.fa:haplotype1_0000023_103429213_103930285_0$HG02809.verkko_filt_mat.fa:haplotype1_0000023_94161320_94589755_0	0.9669659055113684 1KGrel
NA10865 HG01109#2#JAHEOZ010000047.1_16671232_17151375_0$HG01978#2#JAGYVR010000007.1_51532241_51939176_0	0.9669641164570749 1KGrel
NA10865 AV_HG01361#haplotype1#0000023:101593539$102001341$HG03453#1#JAGYVW010000157.1_2105722_2585000_1	0.9669624300239479 1KGrel
NA10865 AV_HG01106#haplotype1#0000048:16666181$17262214$HG02886#2#JAHAOT010000031.1_87393_401061_0	0.9669567916189056 1KGrel
NA10865 HG03453#1#JAGYVW010000157.1_2105722_2585000_1$HG03579#1#JAGYVU010000029.1_91404_499180_0	0.9669472616446827 1KGrel
NA10865 HG03453#1#JAGYVW010000157.1_2105722_2585000_1$HG005#2#JAHEPN010000023.1_51542210_51950070_0	0.9669361296823842 1KGrel
NA10865 HG01109#2#JAHEOZ010000047.1_16671232_17151375_0$HG02004.verkko_filt_mat.fa:haplotype1_0000022_97828542_98235483_0	0.9669256966547700 1KGrel
NA10865 HG02080#2#JAHEOV010000017.1_16662177_17164189_0$HG02486#1#JAGYVM010000007.1_28868414_29370339_1	0.9669187677983788 1KGrel
NA10865 HG02486#1#JAGYVM010000007.1_28868414_29370339_1$HG02293.verkko_filt_pat.fa:haplotype2_0000836_148310532_148812524_1	0.9669181671044556 1KGrel
NA10865 HG02080#1#JAHEOW010000048.1_16689583_17097287_0$HG03453#1#JAGYVW010000157.1_2105722_2585000_1	0.9669171060135930 1KGrel
NA10865 chr1_chm13_103304997_103901127_0$HG02647.verkko_filt_pat.fa:haplotype2_0000857_103738150_104051769_0	0.9669138778830755 1KGrel
NA10865 NA20129#2#JAHEPD010000155.1_90039_569275_0$HG02109#1#JAHEPG010000026.1_16673035_17080816_0	0.9669070756135602 1KGrel
NA10865 HG01109#2#JAHEOZ010000047.1_16671232_17151375_0$NA19240#2#JAHEOL010000010.1_37445323_37853017_0	0.9669057480200465 1KGrel
NA10865 NA18906#2#JAHEON010000009.1_93748295_94249275_0$HG03927.verkko_filt_pat.fa:haplotype2_0000800_29002142_29504057_1	0.9669049793800114 1KGrel
NA10865 HG03579#2#JAGYVT010000094.1_51581892_51895531_0$chr1_chm13_103304997_103901127_0	0.9669029088024162 1KGrel
NA10865 HG00438#1#JAHBCB010000015.1_33474867_33954171_0$NA18906#1#JAHEOO010000054.1_2103477_2510435_1	0.9669025039793677 1KGrel
NA10865 NA20129#2#JAHEPD010000155.1_90039_569275_0$NA18906#2#JAHEON010000009.1_93748295_94249275_0	0.9669024460581921 1KGrel
NA10865 chr1_hg38_103456064_103863972_0$HG01109#2#JAHEOZ010000047.1_16671232_17151375_0	0.9668895163941039 1KGrel
NA10865 chr1_hg19_103998686_104406594_0$HG01109#2#JAHEOZ010000047.1_16671232_17151375_0	0.9668895163941039 1KGrel
NA10865 HG02559#2#JAGYVJ010000037.1_52167780_52574597_1$NA20129#2#JAHEPD010000155.1_90039_569275_0	0.9668817957725235 1KGrel
NA10865 chr1_chm13_103304997_103901127_0$HG01891#1#JAGYVO010000014.1_22855818_23168577_1	0.9668805750825480 1KGrel
NA10865 HG03453#1#JAGYVW010000157.1_2105722_2585000_1$NA19240#1#JAHEOM010000047.1_30103390_30511199_1	0.9668768522486074 1KGrel
NA10865 HG01109#2#JAHEOZ010000047.1_16671232_17151375_0$HG002.verkko_filt_mat.fa:haplotype1_0000005_138228497_138636354_1	0.9668612851207818 1KGrel
NA10865 HG00621#1#JAHBCD010000034.1_2122997_2624098_1$HG02486#1#JAGYVM010000007.1_28868414_29370339_1	0.9668515685289298 1KGrel
NA10865 HG01109#2#JAHEOZ010000047.1_16671232_17151375_0$HG005#2#JAHEPN010000023.1_51542210_51950070_0	0.9668431589344039 1KGrel
NA10865 AV_HG00673#haplotype2#0001165:24014011$24421797$HG03453#1#JAGYVW010000157.1_2105722_2585000_1	0.9668393262575723 1KGrel
NA10865 HG01109#2#JAHEOZ010000047.1_16671232_17151375_0$HG02071.verkko_filt_mat.fa:haplotype1_0000041_103610513_104018399_0	0.9668256736174278 1KGrel
NA10865 HG00438#1#JAHBCB010000015.1_33474867_33954171_0$HG02300.verkko_filt_pat.fa:haplotype2_0000620_143362344_143769323_1	0.9668187549300536 1KGrel
NA10865 HG03486#1#JAHEOQ010000123.1_16677696_17085575_0$HG01109#2#JAHEOZ010000047.1_16671232_17151375_0	0.9667943732356546 1KGrel
NA10865 HG02559#2#JAGYVJ010000037.1_52167780_52574597_1$HG03486#2#JAHEOP010000248.1_2105565_2584784_1	0.9667812446128957 1KGrel
NA10865 HG01109#2#JAHEOZ010000047.1_16671232_17151375_0$HG02300.verkko_filt_pat.fa:haplotype2_0000620_143362344_143769323_1	0.9667738669059706 1KGrel
NA10865 AV_HG00673#haplotype1#0000019:16627360$17129375$HG03540#1#JAGYVY010000208.1_95187_596142_0	0.9667573828816011 1KGrel
NA10865 HG02486#1#JAGYVM010000007.1_28868414_29370339_1$HG02071.verkko_filt_pat.fa:haplotype2_0000736_102745972_103248026_0	0.9667555029583573 1KGrel
NA10865 HG02622#2#JAHAON010000012.1_51551779_52031001_0$NA18906#2#JAHEON010000009.1_93748295_94249275_0	0.9667499757529107 1KGrel
NA10865 chr1_chm13_103304997_103901127_0$HG03710.verkko_filt_pat.fa:haplotype2_0000488_101614437_102218208_0	0.9667448137847318 1KGrel
NA10865 HG03453#1#JAGYVW010000157.1_2105722_2585000_1$HG01928#1#JAGYVQ010000053.1_16676493_17083407_0	0.9667420738914732 1KGrel
NA10865 AV_HG01106#haplotype1#0000048:16666181$17262214$HG01891#1#JAGYVO010000014.1_22855818_23168577_1	0.9667339259486367 1KGrel
NA10865 HG03453#1#JAGYVW010000157.1_2105722_2585000_1$HG01978#2#JAGYVR010000007.1_51532241_51939176_0	0.9667255827228288 1KGrel
NA10865 HG00621#2#JAHBCC010000031.1_16669999_17077865_0$HG01109#2#JAHEOZ010000047.1_16671232_17151375_0	0.9667239448514117 1KGrel
NA10865 AV_HG01106#haplotype2#0000932:16673968$17175925$HG03540#1#JAGYVY010000208.1_95187_596142_0	0.9667087047434992 1KGrel
NA10865 HG02622#2#JAHAON010000012.1_51551779_52031001_0$HG02109#1#JAHEPG010000026.1_16673035_17080816_0	0.9667052820342908 1KGrel
NA10865 HG03492#2#JAHEPH010000288.1_2098270_2432686_1$HG02486#1#JAGYVM010000007.1_28868414_29370339_1	0.9667038886540786 1KGrel
NA10865 HG02559#2#JAGYVJ010000037.1_52167780_52574597_1$HG02622#2#JAHAON010000012.1_51551779_52031001_0	0.9666984285667032 1KGrel
NA10865 AV_HG00673#haplotype1#0000019:16627360$17129375$HG01099.verkko_filt_pat.fa:haplotype2_0000583_143544270_144046196_1	0.9666911484137027 1KGrel
NA10865 HG01243#1#JAHEOY010000013.1_90081_424495_0$HG02486#1#JAGYVM010000007.1_28868414_29370339_1	0.9666908630787122 1KGrel
NA10865 HG03098#1#JAHEPM010000059.1_16676208_17105596_0$HG02071.verkko_filt_pat.fa:haplotype2_0000736_102745972_103248026_0	0.9666840488848243 1KGrel
NA10865 AV_HG01106#haplotype1#0000048:16666181$17262214$HG03710.verkko_filt_pat.fa:haplotype2_0000488_101614437_102218208_0	0.9666716818463973 1KGrel
NA10865 HG01978#1#JAGYVS010000002.1_51519970_52021951_0$HG02486#1#JAGYVM010000007.1_28868414_29370339_1	0.9666690053524571 1KGrel
NA10865 HG03540#1#JAGYVY010000208.1_95187_596142_0$HG02293.verkko_filt_pat.fa:haplotype2_0000836_148310532_148812524_1	0.9666678611849990 1KGrel
NA10865 HG03453#1#JAGYVW010000157.1_2105722_2585000_1$HG002.verkko_filt_mat.fa:haplotype1_0000005_138228497_138636354_1	0.9666655596713839 1KGrel
NA10865 AV_HG02148#haplotype2#0002863:16304803$16712699$HG01109#2#JAHEOZ010000047.1_16671232_17151375_0	0.9666650360755185 1KGrel
NA10865 AV_HG01106#haplotype1#0000048:16666181$17262214$HG02647.verkko_filt_pat.fa:haplotype2_0000857_103738150_104051769_0	0.9666590018139218 1KGrel
NA10865 HG02080#2#JAHEOV010000017.1_16662177_17164189_0$HG03540#1#JAGYVY010000208.1_95187_596142_0	0.9666521776193364 1KGrel
NA10865 HG03453#1#JAGYVW010000157.1_2105722_2585000_1$HG02004.verkko_filt_mat.fa:haplotype1_0000022_97828542_98235483_0	0.9666508237550391 1KGrel
NA10865 AV_HG01106#haplotype1#0000048:16666181$17262214$HG03579#2#JAGYVT010000094.1_51581892_51895531_0	0.9666479965442839 1KGrel
NA10865 chr1_chm13_103304997_103901127_0$HG03710.verkko_filt_mat.fa:haplotype1_0000029_102593394_102907063_0	0.9666447307078386 1KGrel
NA10865 HG02486#1#JAGYVM010000007.1_28868414_29370339_1$HG04228.verkko_filt_mat.fa:haplotype1_0000023_103429213_103930285_0	0.9666252077969049 1KGrel
NA10865 AV_HG01175#haplotype1#0000070:46006269$46414083$HG01109#2#JAHEOZ010000047.1_16671232_17151375_0	0.9666216405244484 1KGrel
NA10865 HG02080#2#JAHEOV010000017.1_16662177_17164189_0$HG01099.verkko_filt_pat.fa:haplotype2_0000583_143544270_144046196_1	0.9666204431040052 1KGrel
NA10865 HG03453#2#JAGYVV010000088.1_22597550_23005370_1$HG01109#2#JAHEOZ010000047.1_16671232_17151375_0	0.9665941791231413 1KGrel
NA10865 AV_HG01106#haplotype2#0000932:16673968$17175925$HG01099.verkko_filt_pat.fa:haplotype2_0000583_143544270_144046196_1	0.9665887683233474 1KGrel
NA10865 AV_HG01106#haplotype2#0000932:16673968$17175925$NA18906#2#JAHEON010000009.1_93748295_94249275_0	0.9665788660274942 1KGrel
NA10865 NA20129#2#JAHEPD010000155.1_90039_569275_0$HG02809.verkko_filt_pat.fa:haplotype2_0001251_103421111_103827972_0	0.9665516357751635 1KGrel
NA10865 HG03453#1#JAGYVW010000157.1_2105722_2585000_1$NA19240#2#JAHEOL010000010.1_37445323_37853017_0	0.9665330548833369 1KGrel
NA10865 HG02293.verkko_filt_pat.fa:haplotype2_0000836_148310532_148812524_1$HG01099.verkko_filt_pat.fa:haplotype2_0000583_143544270_144046196_1	0.9665327126054689 1KGrel
NA10865 HG03098#2#JAHEPL010000003.1_93803759_94117426_0$chr1_chm13_103304997_103901127_0	0.9665274595383284 1KGrel
NA10865 AV_HG00673#haplotype1#0000019:16627360$17129375$NA18906#2#JAHEON010000009.1_93748295_94249275_0	0.9665089957373141 1KGrel
NA10865 HG03486#1#JAHEOQ010000123.1_16677696_17085575_0$HG03453#1#JAGYVW010000157.1_2105722_2585000_1	0.9665071833429253 1KGrel
NA10865 HG03540#1#JAGYVY010000208.1_95187_596142_0$HG02071.verkko_filt_pat.fa:haplotype2_0000736_102745972_103248026_0	0.9664751566849001 1KGrel
NA10865 NA18906#2#JAHEON010000009.1_93748295_94249275_0$HG02293.verkko_filt_pat.fa:haplotype2_0000836_148310532_148812524_1	0.9664464003392023 1KGrel
NA10865 HG01258#1#JAGYYV010000004.1_56955948_57456952_1$NA18906#2#JAHEON010000009.1_93748295_94249275_0	0.9664458399676087 1KGrel
NA10865 HG00621#1#JAHBCD010000034.1_2122997_2624098_1$HG01099.verkko_filt_pat.fa:haplotype2_0000583_143544270_144046196_1	0.9664385238959500 1KGrel
NA10865 HG00438#1#JAHBCB010000015.1_33474867_33954171_0$HG03486#2#JAHEOP010000248.1_2105565_2584784_1	0.9664374075482139 1KGrel
NA10865 HG00621#2#JAHBCC010000031.1_16669999_17077865_0$HG03453#1#JAGYVW010000157.1_2105722_2585000_1	0.9664364303228400 1KGrel
NA10865 HG03453#1#JAGYVW010000157.1_2105722_2585000_1$HG03516#1#JAGYYT010000012.1_24170958_24578778_1	0.9664326598901938 1KGrel
NA10865 AV_HG01361#haplotype2#0001322:101872897$102186552$chr1_chm13_103304997_103901127_0	0.9664307474110544 1KGrel
NA10865 AV_HG02257#haplotype2#0001152:102843493$103251377$NA20129#2#JAHEPD010000155.1_90039_569275_0	0.9664158745894100 1KGrel
NA10865 HG03453#1#JAGYVW010000157.1_2105722_2585000_1$HG02071.verkko_filt_mat.fa:haplotype1_0000041_103610513_104018399_0	0.9664152771703438 1KGrel
NA10865 HG02145#2#JAHKSF010000206.1_1005292_1413195_1$NA20129#2#JAHEPD010000155.1_90039_569275_0	0.9664127943304730 1KGrel
NA10865 HG02080#2#JAHEOV010000017.1_16662177_17164189_0$NA18906#2#JAHEON010000009.1_93748295_94249275_0	0.9663845431121993 1KGrel
NA10865 AV_HG01175#haplotype1#0000070:46006269$46414083$HG03453#1#JAGYVW010000157.1_2105722_2585000_1	0.9663833579825601 1KGrel
NA10865 HG02622#2#JAHAON010000012.1_51551779_52031001_0$HG02809.verkko_filt_pat.fa:haplotype2_0001251_103421111_103827972_0	0.9663805390208628 1KGrel
NA10865 HG02886#2#JAHAOT010000031.1_87393_401061_0$chr1_chm13_103304997_103901127_0	0.9663741466949752 1KGrel
NA10865 HG00621#1#JAHBCD010000034.1_2122997_2624098_1$HG03540#1#JAGYVY010000208.1_95187_596142_0	0.9663631170221876 1KGrel
NA10865 HG02145#2#JAHKSF010000206.1_1005292_1413195_1$HG03486#2#JAHEOP010000248.1_2105565_2584784_1	0.9663535556218315 1KGrel
NA10865 NA20129#2#JAHEPD010000155.1_90039_569275_0$HG02622#1#JAHAOO010000002.1_16673678_17080663_0	0.9663442859127820 1KGrel
NA10865 HG01071#1#JAHBCF010000053.1_26607100_27108065_1$NA18906#2#JAHEON010000009.1_93748295_94249275_0	0.9663285197562900 1KGrel
NA10865 HG04228.verkko_filt_mat.fa:haplotype1_0000023_103429213_103930285_0$HG01099.verkko_filt_pat.fa:haplotype2_0000583_143544270_144046196_1	0.9663282945556895 1KGrel
NA10865 HG01978#1#JAGYVS010000002.1_51519970_52021951_0$HG03540#1#JAGYVY010000208.1_95187_596142_0	0.9663089124213906 1KGrel
NA10865 AV_HG02257#haplotype2#0001152:102843493$103251377$HG02622#2#JAHAON010000012.1_51551779_52031001_0	0.9663001370457307 1KGrel
NA10865 HG03453#1#JAGYVW010000157.1_2105722_2585000_1$HG03453#2#JAGYVV010000088.1_22597550_23005370_1	0.9662953781973740 1KGrel
NA10865 HG02145#2#JAHKSF010000206.1_1005292_1413195_1$HG02622#2#JAHAON010000012.1_51551779_52031001_0	0.9662909027042217 1KGrel
NA10865 AV_HG02257#haplotype2#0001152:102843493$103251377$HG03486#2#JAHEOP010000248.1_2105565_2584784_1	0.9662832813057236 1KGrel
NA10865 HG02071.verkko_filt_pat.fa:haplotype2_0000736_102745972_103248026_0$HG01099.verkko_filt_pat.fa:haplotype2_0000583_143544270_144046196_1	0.9662788638719302 1KGrel
NA10865 NA18906#2#JAHEON010000009.1_93748295_94249275_0$HG02071.verkko_filt_pat.fa:haplotype2_0000736_102745972_103248026_0	0.9662767330193952 1KGrel
NA10865 HG01978#1#JAGYVS010000002.1_51519970_52021951_0$HG01099.verkko_filt_pat.fa:haplotype2_0000583_143544270_144046196_1	0.9662235038712998 1KGrel
NA10865 HG03486#2#JAHEOP010000248.1_2105565_2584784_1$HG02109#1#JAHEPG010000026.1_16673035_17080816_0	0.9662198566679007 1KGrel
NA10865 HG02622#2#JAHAON010000012.1_51551779_52031001_0$HG02622#1#JAHAOO010000002.1_16673678_17080663_0	0.9662161373509849 1KGrel
NA10865 HG02630#1#JAHAOQ010000102.1_16672145_17079089_0$HG03486#2#JAHEOP010000248.1_2105565_2584784_1	0.9661986900614215 1KGrel
NA10865 HG01978#1#JAGYVS010000002.1_51519970_52021951_0$NA18906#2#JAHEON010000009.1_93748295_94249275_0	0.9661982569930209 1KGrel
NA10865 NA20129#2#JAHEPD010000155.1_90039_569275_0$HG02818#1#JAHEOS010000101.1_89626_496613_0	0.9661846967209485 1KGrel
NA10865 AV_HG02148#haplotype2#0002863:16304803$16712699$HG03453#1#JAGYVW010000157.1_2105722_2585000_1	0.9661817498736177 1KGrel
NA10865 HG03453#1#JAGYVW010000157.1_2105722_2585000_1$HG01258#2#JAGYYU010000072.1_51562603_51970395_0	0.9661803854289238 1KGrel
NA10865 AV_HG01106#haplotype2#0000932:16673968$17175925$HG03927.verkko_filt_pat.fa:haplotype2_0000800_29002142_29504057_1	0.9661765042379484 1KGrel
NA10865 HG00621#1#JAHBCD010000034.1_2122997_2624098_1$NA18906#2#JAHEON010000009.1_93748295_94249275_0	0.9661607010813277 1KGrel
NA10865 HG002.verkko_filt_pat.fa:haplotype2_0000649_147937390_148315979_1$HG01099.verkko_filt_pat.fa:haplotype2_0000583_143544270_144046196_1	0.9661541604689385 1KGrel
NA10865 AV_HG00673#haplotype1#0000019:16627360$17129375$HG03492#2#JAHEPH010000288.1_2098270_2432686_1	0.9661242971857823 1KGrel
NA10865 HG03540#1#JAGYVY010000208.1_95187_596142_0$HG04228.verkko_filt_mat.fa:haplotype1_0000023_103429213_103930285_0	0.9661232476276259 1KGrel
NA10865 AV_HG00673#haplotype1#0000019:16627360$17129375$HG03927.verkko_filt_pat.fa:haplotype2_0000800_29002142_29504057_1	0.9661230991445247 1KGrel
NA10865 HG02717#1#JAHAOS010000015.1_16660311_17067250_0$HG03486#2#JAHEOP010000248.1_2105565_2584784_1	0.9661137654385652 1KGrel
NA10865 AV_HG01106#haplotype2#0000932:16673968$17175925$HG03492#2#JAHEPH010000288.1_2098270_2432686_1	0.9661129984930431 1KGrel
NA10865 HG02293.verkko_filt_pat.fa:haplotype2_0000836_148310532_148812524_1$HG03927.verkko_filt_pat.fa:haplotype2_0000800_29002142_29504057_1	0.9661104772324045 1KGrel
NA10865 HG03453#1#JAGYVW010000157.1_2105722_2585000_1$HG005#1#JAHEPO010000002.1_51519219_51926067_0	0.9661092818970346 1KGrel
NA10865 HG03540#1#JAGYVY010000208.1_95187_596142_0$HG002.verkko_filt_pat.fa:haplotype2_0000649_147937390_148315979_1	0.9661068460877219 1KGrel
NA10865 AV_HG00673#haplotype1#0000019:16627360$17129375$HG01243#1#JAHEOY010000013.1_90081_424495_0	0.9660974622134169 1KGrel
NA10865 HG04228.verkko_filt_mat.fa:haplotype1_0000023_103429213_103930285_0$HG03927.verkko_filt_pat.fa:haplotype2_0000800_29002142_29504057_1	0.9660972887579391 1KGrel
NA10865 HG03453#1#JAGYVW010000157.1_2105722_2585000_1$HG02630#2#JAHAOP010000089.1_16669255_17076135_0	0.9660878177717679 1KGrel
NA10865 NA18906#2#JAHEON010000009.1_93748295_94249275_0$HG04228.verkko_filt_mat.fa:haplotype1_0000023_103429213_103930285_0	0.9660738636225343 1KGrel
NA10865 AV_HG01106#haplotype2#0000932:16673968$17175925$HG01243#1#JAHEOY010000013.1_90081_424495_0	0.9660720925156706 1KGrel
NA10865 HG02717#1#JAHAOS010000015.1_16660311_17067250_0$NA20129#2#JAHEPD010000155.1_90039_569275_0	0.9660691068407813 1KGrel
NA10865 HG02622#2#JAHAON010000012.1_51551779_52031001_0$HG02818#1#JAHEOS010000101.1_89626_496613_0	0.9660688906114558 1KGrel
NA10865 HG03492#2#JAHEPH010000288.1_2098270_2432686_1$HG02293.verkko_filt_pat.fa:haplotype2_0000836_148310532_148812524_1	0.9660621547996775 1KGrel
NA10865 HG02630#1#JAHAOQ010000102.1_16672145_17079089_0$NA20129#2#JAHEPD010000155.1_90039_569275_0	0.9660618510788114 1KGrel
NA10865 HG03453#1#JAGYVW010000157.1_2105722_2585000_1$HG02300.verkko_filt_pat.fa:haplotype2_0000620_143362344_143769323_1	0.9660440441568678 1KGrel
NA10865 HG01243#1#JAHEOY010000013.1_90081_424495_0$HG02293.verkko_filt_pat.fa:haplotype2_0000836_148310532_148812524_1	0.9660353736380655 1KGrel
NA10865 HG03486#2#JAHEOP010000248.1_2105565_2584784_1$HG02818#1#JAHEOS010000101.1_89626_496613_0	0.9660226987477499 1KGrel
NA10865 HG03486#2#JAHEOP010000248.1_2105565_2584784_1$HG02622#1#JAHAOO010000002.1_16673678_17080663_0	0.9660199771564123 1KGrel
NA10865 HG03486#2#JAHEOP010000248.1_2105565_2584784_1$NA18906#1#JAHEOO010000054.1_2103477_2510435_1	0.9660191207471551 1KGrel
NA10865 HG002.verkko_filt_pat.fa:haplotype2_0000649_147937390_148315979_1$HG03927.verkko_filt_pat.fa:haplotype2_0000800_29002142_29504057_1	0.9659852222913954 1KGrel
NA10865 HG01978#1#JAGYVS010000002.1_51519970_52021951_0$HG03927.verkko_filt_pat.fa:haplotype2_0000800_29002142_29504057_1	0.9659724675924306 1KGrel
NA10865 HG02080#2#JAHEOV010000017.1_16662177_17164189_0$HG03927.verkko_filt_pat.fa:haplotype2_0000800_29002142_29504057_1	0.9659717003659777 1KGrel
NA10865 HG00621#1#JAHBCD010000034.1_2122997_2624098_1$HG03927.verkko_filt_pat.fa:haplotype2_0000800_29002142_29504057_1	0.9659622906385441 1KGrel
NA10865 chr1_chm13_103304997_103901127_0$HG04228.verkko_filt_pat.fa:haplotype2_0000600_103806749_104119491_0	0.9659526044636290 1KGrel
NA10865 HG03492#2#JAHEPH010000288.1_2098270_2432686_1$HG02080#2#JAHEOV010000017.1_16662177_17164189_0	0.9659504429220471 1KGrel
NA10865 HG02717#1#JAHAOS010000015.1_16660311_17067250_0$HG02622#2#JAHAON010000012.1_51551779_52031001_0	0.9659471853152158 1KGrel
NA10865 HG02630#1#JAHAOQ010000102.1_16672145_17079089_0$HG02622#2#JAHAON010000012.1_51551779_52031001_0	0.9659399268471818 1KGrel
NA10865 NA20129#2#JAHEPD010000155.1_90039_569275_0$NA18906#1#JAHEOO010000054.1_2103477_2510435_1	0.9659377469204037 1KGrel
NA10865 AV_HG01106#haplotype1#0000048:16666181$17262214$HG02293.verkko_filt_mat.fa:haplotype1_0000039_30204405_30517145_1	0.9659160926884350 1KGrel
NA10865 HG02080#2#JAHEOV010000017.1_16662177_17164189_0$HG01243#1#JAHEOY010000013.1_90081_424495_0	0.9659097522330227 1KGrel
NA10865 HG02071.verkko_filt_pat.fa:haplotype2_0000736_102745972_103248026_0$HG03927.verkko_filt_pat.fa:haplotype2_0000800_29002142_29504057_1	0.9658799464002165 1KGrel
NA10865 HG01071#1#JAHBCF010000053.1_26607100_27108065_1$HG01243#1#JAHEOY010000013.1_90081_424495_0	0.9658757166061965 1KGrel
NA10865 HG03492#2#JAHEPH010000288.1_2098270_2432686_1$HG01071#1#JAHBCF010000053.1_26607100_27108065_1	0.9658610524609573 1KGrel
NA10865 HG00438#1#JAHBCB010000015.1_33474867_33954171_0$HG01109#2#JAHEOZ010000047.1_16671232_17151375_0	0.9658429749806330 1KGrel
NA10865 HG02723#1#JAHEOU010000204.1_2102082_2414876_1$chr1_chm13_103304997_103901127_0	0.9658268218835871 1KGrel
NA10865 HG01109#1#JAHEPA010000099.1_2104245_2511104_1$HG03453#1#JAGYVW010000157.1_2105722_2585000_1	0.9658234254355086 1KGrel
NA10865 HG02622#2#JAHAON010000012.1_51551779_52031001_0$NA18906#1#JAHEOO010000054.1_2103477_2510435_1	0.9658158136765240 1KGrel
NA10865 HG03540#1#JAGYVY010000208.1_95187_596142_0$HG01099.verkko_filt_pat.fa:haplotype2_0000583_143544270_144046196_1	0.9658110867776355 1KGrel
NA10865 HG03492#2#JAHEPH010000288.1_2098270_2432686_1$HG02071.verkko_filt_pat.fa:haplotype2_0000736_102745972_103248026_0	0.9658010294287774 1KGrel
NA10865 HG03453#1#JAGYVW010000157.1_2105722_2585000_1$HG01123#1#JAGYYZ010000015.1_51528240_51935090_0	0.9657784104201237 1KGrel
NA10865 HG03453#1#JAGYVW010000157.1_2105722_2585000_1$HG02886#1#JAHAOU010000178.1_62411_469262_0	0.9657562157722752 1KGrel
NA10865 AV_HG01106#haplotype1#0000048:16666181$17262214$HG04228.verkko_filt_pat.fa:haplotype2_0000600_103806749_104119491_0	0.9657455267826598 1KGrel
NA10865 HG03486#2#JAHEOP010000248.1_2105565_2584784_1$HG02809.verkko_filt_pat.fa:haplotype2_0001251_103421111_103827972_0	0.9657382879429456 1KGrel
NA10865 HG005#1#JAHEPO010000002.1_51519219_51926067_0$chr1_chm13_103304997_103901127_0	0.9657370070995169 1KGrel
NA10865 AV_HG01106#haplotype2#0000932:16673968$17175925$HG01928#1#JAGYVQ010000053.1_16676493_17083407_0	0.9657286633726757 1KGrel
NA10865 HG01123#1#JAGYYZ010000015.1_51528240_51935090_0$chr1_chm13_103304997_103901127_0	0.9656959609054437 1KGrel
NA10865 HG01243#1#JAHEOY010000013.1_90081_424495_0$HG02071.verkko_filt_pat.fa:haplotype2_0000736_102745972_103248026_0	0.9656915709778395 1KGrel
NA10865 AV_HG01106#haplotype1#0000048:16666181$17262214$HG02723#1#JAHEOU010000204.1_2102082_2414876_1	0.9656842617748381 1KGrel
NA10865 HG01258#1#JAGYYV010000004.1_56955948_57456952_1$HG01243#1#JAHEOY010000013.1_90081_424495_0	0.9656728851964841 1KGrel
NA10865 HG03492#2#JAHEPH010000288.1_2098270_2432686_1$HG01258#1#JAGYYV010000004.1_56955948_57456952_1	0.9656651295830434 1KGrel
NA10865 HG03453#1#JAGYVW010000157.1_2105722_2585000_1$HG00741#2#JAHALX010000013.1_51574319_51981226_0	0.9656585325751288 1KGrel
NA10865 HG03453#1#JAGYVW010000157.1_2105722_2585000_1$NA18906#2#JAHEON010000009.1_93748295_94249275_0	0.9656539151338958 1KGrel
NA10865 NA20129#2#JAHEPD010000155.1_90039_569275_0$HG00438#1#JAHBCB010000015.1_33474867_33954171_0	0.9656538474942212 1KGrel
NA10865 HG03453#1#JAGYVW010000157.1_2105722_2585000_1$HG02717#2#JAHAOR010000006.1_19663827_20070693_1	0.9656479965991762 1KGrel
NA10865 HG03453#1#JAGYVW010000157.1_2105722_2585000_1$HG02486#2#JAGYVL010000029.1_94163344_94570162_0	0.9656468045872911 1KGrel
NA10865 AV_HG01106#haplotype1#0000048:16666181$17262214$HG03927.verkko_filt_mat.fa:haplotype1_0000009_134765170_135173010_1	0.9655932652956123 1KGrel
NA10865 HG01258#2#JAGYYU010000072.1_51562603_51970395_0$chr1_chm13_103304997_103901127_0	0.9655796542728545 1KGrel
NA10865 HG03492#2#JAHEPH010000288.1_2098270_2432686_1$HG01978#1#JAGYVS010000002.1_51519970_52021951_0	0.9655789667362228 1KGrel
NA10865 HG00438#1#JAHBCB010000015.1_33474867_33954171_0$HG02622#2#JAHAON010000012.1_51551779_52031001_0	0.9655706741478264 1KGrel
NA10865 chr1_chm13_103304997_103901127_0$HG02717#2#JAHAOR010000006.1_19663827_20070693_1	0.9655655442320836 1KGrel
NA10865 HG00621#1#JAHBCD010000034.1_2122997_2624098_1$HG03492#2#JAHEPH010000288.1_2098270_2432686_1	0.9655534424117107 1KGrel
NA10865 chr1_chm13_103304997_103901127_0$HG02293.verkko_filt_mat.fa:haplotype1_0000039_30204405_30517145_1	0.9655463894249988 1KGrel
NA10865 HG03453#1#JAGYVW010000157.1_2105722_2585000_1$HG02109#1#JAHEPG010000026.1_16673035_17080816_0	0.9655407573247337 1KGrel
NA10865 HG01978#1#JAGYVS010000002.1_51519970_52021951_0$HG01243#1#JAHEOY010000013.1_90081_424495_0	0.9655381050067644 1KGrel
NA10865 HG02818#2#JAHEOR010000010.1_31775319_32183091_1$HG005#1#JAHEPO010000002.1_51519219_51926067_0	0.9655353220979584 1KGrel
NA10865 HG02486#1#JAGYVM010000007.1_28868414_29370339_1$HG002.verkko_filt_pat.fa:haplotype2_0000649_147937390_148315979_1	0.9655236664757797 1KGrel
NA10865 HG03492#2#JAHEPH010000288.1_2098270_2432686_1$HG04228.verkko_filt_mat.fa:haplotype1_0000023_103429213_103930285_0	0.9655197825270815 1KGrel
NA10865 AV_HG01106#haplotype1#0000048:16666181$17262214$HG01258#2#JAGYYU010000072.1_51562603_51970395_0	0.9655173130707141 1KGrel
NA10865 HG03492#2#JAHEPH010000288.1_2098270_2432686_1$NA18906#2#JAHEON010000009.1_93748295_94249275_0	0.9655115571788503 1KGrel
NA10865 AV_HG01106#haplotype2#0000932:16673968$17175925$HG002.verkko_filt_mat.fa:haplotype1_0000005_138228497_138636354_1	0.9655036899294642 1KGrel
NA10865 HG00621#1#JAHBCD010000034.1_2122997_2624098_1$HG01243#1#JAHEOY010000013.1_90081_424495_0	0.9654990360347488 1KGrel
NA10865 AV_HG01106#haplotype1#0000048:16666181$17262214$HG005#1#JAHEPO010000002.1_51519219_51926067_0	0.9654983872844806 1KGrel
NA10865 HG01243#1#JAHEOY010000013.1_90081_424495_0$NA18906#2#JAHEON010000009.1_93748295_94249275_0	0.9654918654935171 1KGrel
NA10865 AV_HG01106#haplotype2#0000932:16673968$17175925$HG01978#2#JAGYVR010000007.1_51532241_51939176_0	0.9654818292929064 1KGrel
NA10865 AV_HG01106#haplotype2#0000932:16673968$17175925$HG005#2#JAHEPN010000023.1_51542210_51950070_0	0.9654783897940077 1KGrel
NA10865 AV_HG01106#haplotype2#0000932:16673968$17175925$HG02004.verkko_filt_mat.fa:haplotype1_0000022_97828542_98235483_0	0.9654722674919202 1KGrel
NA10865 HG005#1#JAHEPO010000002.1_51519219_51926067_0$HG03516#2#JAGYYS010000004.1_24452130_24859892_1	0.9654676387245257 1KGrel
NA10865 AV_HG00673#haplotype1#0000019:16627360$17129375$HG01071#1#JAHBCF010000053.1_26607100_27108065_1	0.9654663085097002 1KGrel
NA10865 HG01243#1#JAHEOY010000013.1_90081_424495_0$HG04228.verkko_filt_mat.fa:haplotype1_0000023_103429213_103930285_0	0.9654586182021823 1KGrel
NA10865 AV_HG01106#haplotype1#0000048:16666181$17262214$HG01123#1#JAGYYZ010000015.1_51528240_51935090_0	0.9654535285353543 1KGrel
NA10865 HG02559#1#JAGYVK010000012.1_51505852_51913611_0$HG005#1#JAHEPO010000002.1_51519219_51926067_0	0.9654455026418990 1KGrel
NA10865 HG01071#1#JAHBCF010000053.1_26607100_27108065_1$HG02293.verkko_filt_pat.fa:haplotype2_0000836_148310532_148812524_1	0.9654159286778005 1KGrel
NA10865 AV_HG01106#haplotype1#0000048:16666181$17262214$HG02717#2#JAHAOR010000006.1_19663827_20070693_1	0.9653959094728887 1KGrel
NA10865 AV_HG01106#haplotype2#0000932:16673968$17175925$HG03486#1#JAHEOQ010000123.1_16677696_17085575_0	0.9653880222808969 1KGrel
NA10865 AV_HG00673#haplotype1#0000019:16627360$17129375$HG03453#2#JAGYVV010000088.1_22597550_23005370_1	0.9653874143743079 1KGrel
NA10865 HG005#1#JAHEPO010000002.1_51519219_51926067_0$HG03579#1#JAGYVU010000029.1_91404_499180_0	0.9653811295022461 1KGrel
NA10865 HG00741#2#JAHALX010000013.1_51574319_51981226_0$chr1_chm13_103304997_103901127_0	0.9653802940706634 1KGrel
NA10865 AV_HG01106#haplotype2#0000932:16673968$17175925$chr1_hg38_103456064_103863972_0	0.9653783321002858 1KGrel
NA10865 AV_HG01106#haplotype2#0000932:16673968$17175925$chr1_hg19_103998686_104406594_0	0.9653783321002858 1KGrel
NA10865 HG02080#2#JAHEOV010000017.1_16662177_17164189_0$HG01071#1#JAHBCF010000053.1_26607100_27108065_1	0.9653643410855447 1KGrel
NA10865 AV_HG01106#haplotype2#0000932:16673968$17175925$HG01071#1#JAHBCF010000053.1_26607100_27108065_1	0.9653571200925365 1KGrel
NA10865 AV_HG01175#haplotype1#0000070:46006269$46414083$HG02293.verkko_filt_pat.fa:haplotype2_0000836_148310532_148812524_1	0.9653521728026372 1KGrel
NA10865 AV_HG01106#haplotype2#0000932:16673968$17175925$HG03453#2#JAGYVV010000088.1_22597550_23005370_1	0.9653488779532062 1KGrel
NA10865 HG03453#1#JAGYVW010000157.1_2105722_2585000_1$HG00438#1#JAHBCB010000015.1_33474867_33954171_0	0.9653429254274661 1KGrel
NA10865 AV_HG00673#haplotype1#0000019:16627360$17129375$HG01258#1#JAGYYV010000004.1_56955948_57456952_1	0.9653421925322083 1KGrel
NA10865 AV_HG01106#haplotype2#0000932:16673968$17175925$HG02071.verkko_filt_mat.fa:haplotype1_0000041_103610513_104018399_0	0.9653231542461381 1KGrel
NA10865 HG02080#2#JAHEOV010000017.1_16662177_17164189_0$HG03453#2#JAGYVV010000088.1_22597550_23005370_1	0.9653178047613953 1KGrel
NA10865 HG005#1#JAHEPO010000002.1_51519219_51926067_0$NA19240#1#JAHEOM010000047.1_30103390_30511199_1	0.9653102519334452 1KGrel
NA10865 HG03453#2#JAGYVV010000088.1_22597550_23005370_1$HG02293.verkko_filt_pat.fa:haplotype2_0000836_148310532_148812524_1	0.9653102229868914 1KGrel
NA10865 AV_HG01106#haplotype1#0000048:16666181$17262214$HG02559#1#JAGYVK010000012.1_51505852_51913611_0	0.9653074079146107 1KGrel
NA10865 HG02630#2#JAHAOP010000089.1_16669255_17076135_0$HG03927.verkko_filt_mat.fa:haplotype1_0000009_134765170_135173010_1	0.9653034546194393 1KGrel
NA10865 AV_HG01106#haplotype1#0000048:16666181$17262214$HG02818#2#JAHEOR010000010.1_31775319_32183091_1	0.9652964847705450 1KGrel
NA10865 AV_HG00673#haplotype1#0000019:16627360$17129375$AV_HG01175#haplotype1#0000070:46006269$46414083	0.9652956749131313 1KGrel
NA10865 AV_HG01106#haplotype1#0000048:16666181$17262214$HG01099.verkko_filt_mat.fa:haplotype1_0000034_142513097_142920876_1	0.9652851978629513 1KGrel
NA10865 HG01258#1#JAGYYV010000004.1_56955948_57456952_1$HG02293.verkko_filt_pat.fa:haplotype2_0000836_148310532_148812524_1	0.9652838865751762 1KGrel
NA10865 HG02071.verkko_filt_mat.fa:haplotype1_0000041_103610513_104018399_0$HG02293.verkko_filt_pat.fa:haplotype2_0000836_148310532_148812524_1	0.9652772616884909 1KGrel
NA10865 AV_HG01106#haplotype1#0000048:16666181$17262214$HG00741#2#JAHALX010000013.1_51574319_51981226_0	0.9652754059001789 1KGrel
NA10865 AV_HG01106#haplotype1#0000048:16666181$17262214$HG03579#1#JAGYVU010000029.1_91404_499180_0	0.9652710070258926 1KGrel
NA10865 AV_HG00673#haplotype1#0000019:16627360$17129375$HG02300.verkko_filt_pat.fa:haplotype2_0000620_143362344_143769323_1	0.9652547152938644 1KGrel
NA10865 AV_HG01106#haplotype1#0000048:16666181$17262214$NA19240#1#JAHEOM010000047.1_30103390_30511199_1	0.9652515123300601 1KGrel
NA10865 AV_HG00673#haplotype1#0000019:16627360$17129375$HG002.verkko_filt_mat.fa:haplotype1_0000005_138228497_138636354_1	0.9652448735697984 1KGrel
NA10865 chr1_chm13_103304997_103901127_0$HG02809.verkko_filt_pat.fa:haplotype2_0001251_103421111_103827972_0	0.9652416008690037 1KGrel
NA10865 AV_HG01106#haplotype1#0000048:16666181$17262214$HG03516#2#JAGYYS010000004.1_24452130_24859892_1	0.9652387025037303 1KGrel
NA10865 HG00621#1#JAHBCD010000034.1_2122997_2624098_1$HG03453#2#JAGYVV010000088.1_22597550_23005370_1	0.9652380825586369 1KGrel
NA10865 HG01071#1#JAHBCF010000053.1_26607100_27108065_1$HG02071.verkko_filt_pat.fa:haplotype2_0000736_102745972_103248026_0	0.9652355038631609 1KGrel
NA10865 HG02080#2#JAHEOV010000017.1_16662177_17164189_0$HG01258#1#JAGYYV010000004.1_56955948_57456952_1	0.9652250452361546 1KGrel
NA10865 AV_HG01106#haplotype1#0000048:16666181$17262214$HG02300.verkko_filt_mat.fa:haplotype1_0000028_144052837_144460586_1	0.9652227350449284 1KGrel
NA10865 HG02818#2#JAHEOR010000010.1_31775319_32183091_1$HG01258#2#JAGYYU010000072.1_51562603_51970395_0	0.9652213293437747 1KGrel
NA10865 chr1_hg38_103456064_103863972_0$HG02293.verkko_filt_pat.fa:haplotype2_0000836_148310532_148812524_1	0.9652197645712519 1KGrel
NA10865 chr1_hg19_103998686_104406594_0$HG02293.verkko_filt_pat.fa:haplotype2_0000836_148310532_148812524_1	0.9652197645712519 1KGrel
NA10865 NA20129#2#JAHEPD010000155.1_90039_569275_0$HG01109#2#JAHEOZ010000047.1_16671232_17151375_0	0.9652197512680517 1KGrel
NA10865 HG03492#2#JAHEPH010000288.1_2098270_2432686_1$chr1_chm13_103304997_103901127_0	0.9652097327881863 1KGrel
NA10865 AV_HG01106#haplotype2#0000932:16673968$17175925$HG01258#1#JAGYYV010000004.1_56955948_57456952_1	0.9652031362974097 1KGrel
NA10865 AV_HG01175#haplotype1#0000070:46006269$46414083$HG02080#2#JAHEOV010000017.1_16662177_17164189_0	0.9651994255655882 1KGrel
NA10865 chr1_chm13_103304997_103901127_0$HG02486#2#JAGYVL010000029.1_94163344_94570162_0	0.9651925391015788 1KGrel
NA10865 HG02818#2#JAHEOR010000010.1_31775319_32183091_1$HG02717#2#JAHAOR010000006.1_19663827_20070693_1	0.9651885437191328 1KGrel
NA10865 HG01109#1#JAHEPA010000099.1_2104245_2511104_1$HG02559#1#JAGYVK010000012.1_51505852_51913611_0	0.9651877987907984 1KGrel
NA10865 HG02818#2#JAHEOR010000010.1_31775319_32183091_1$HG01123#1#JAGYYZ010000015.1_51528240_51935090_0	0.9651855479767523 1KGrel
NA10865 AV_HG00673#haplotype1#0000019:16627360$17129375$HG02071.verkko_filt_mat.fa:haplotype1_0000041_103610513_104018399_0	0.9651831881321220 1KGrel
NA10865 HG01109#1#JAHEPA010000099.1_2104245_2511104_1$HG03516#2#JAGYYS010000004.1_24452130_24859892_1	0.9651776038538362 1KGrel
NA10865 chr1_chm13_103304997_103901127_0$HG03927.verkko_filt_mat.fa:haplotype1_0000009_134765170_135173010_1	0.9651770088461078 1KGrel
NA10865 AV_HG02148#haplotype2#0002863:16304803$16712699$HG02293.verkko_filt_pat.fa:haplotype2_0000836_148310532_148812524_1	0.9651765684961043 1KGrel
NA10865 AV_HG01106#haplotype2#0000932:16673968$17175925$AV_HG01175#haplotype1#0000070:46006269$46414083	0.9651720257864422 1KGrel
NA10865 HG02300.verkko_filt_pat.fa:haplotype2_0000620_143362344_143769323_1$HG02293.verkko_filt_pat.fa:haplotype2_0000836_148310532_148812524_1	0.9651715685501001 1KGrel
NA10865 HG01109#1#JAHEPA010000099.1_2104245_2511104_1$HG03579#1#JAGYVU010000029.1_91404_499180_0	0.9651711571233271 1KGrel
NA10865 HG01071#1#JAHBCF010000053.1_26607100_27108065_1$HG01258#1#JAGYYV010000004.1_56955948_57456952_1	0.9651669107293993 1KGrel
NA10865 HG02559#2#JAGYVJ010000037.1_52167780_52574597_1$chr1_chm13_103304997_103901127_0	0.9651623017843833 1KGrel
NA10865 HG01258#1#JAGYYV010000004.1_56955948_57456952_1$HG02071.verkko_filt_pat.fa:haplotype2_0000736_102745972_103248026_0	0.9651527517699084 1KGrel
NA10865 HG01243#1#JAHEOY010000013.1_90081_424495_0$chr1_chm13_103304997_103901127_0	0.9651499111210686 1KGrel
NA10865 AV_HG00673#haplotype1#0000019:16627360$17129375$HG01928#1#JAGYVQ010000053.1_16676493_17083407_0	0.9651496897542532 1KGrel
NA10865 AV_HG00673#haplotype1#0000019:16627360$17129375$HG00621#2#JAHBCC010000031.1_16669999_17077865_0	0.9651462286573556 1KGrel
NA10865 AV_HG01106#haplotype1#0000048:16666181$17262214$HG03516#1#JAGYYT010000012.1_24170958_24578778_1	0.9651388615667023 1KGrel
NA10865 HG02080#2#JAHEOV010000017.1_16662177_17164189_0$HG02300.verkko_filt_pat.fa:haplotype2_0000620_143362344_143769323_1	0.9651370977701803 1KGrel
NA10865 HG01928#1#JAGYVQ010000053.1_16676493_17083407_0$HG02293.verkko_filt_pat.fa:haplotype2_0000836_148310532_148812524_1	0.9651369614929186 1KGrel
NA10865 HG02818#2#JAHEOR010000010.1_31775319_32183091_1$HG01109#1#JAHEPA010000099.1_2104245_2511104_1	0.9651350741456681 1KGrel
NA10865 AV_HG01106#haplotype1#0000048:16666181$17262214$AV_HG01361#haplotype1#0000023:101593539$102001341	0.9651317215596215 1KGrel
NA10865 AV_HG01106#haplotype1#0000048:16666181$17262214$HG02080#1#JAHEOW010000048.1_16689583_17097287_0	0.9651232319195568 1KGrel
NA10865 HG00621#1#JAHBCD010000034.1_2122997_2624098_1$HG002.verkko_filt_mat.fa:haplotype1_0000005_138228497_138636354_1	0.9651224368111727 1KGrel
NA10865 HG02886#1#JAHAOU010000178.1_62411_469262_0$chr1_chm13_103304997_103901127_0	0.9651178047937587 1KGrel
NA10865 HG02630#2#JAHAOP010000089.1_16669255_17076135_0$HG02300.verkko_filt_mat.fa:haplotype1_0000028_144052837_144460586_1	0.9651154714376402 1KGrel
NA10865 HG01071#1#JAHBCF010000053.1_26607100_27108065_1$HG01978#1#JAGYVS010000002.1_51519970_52021951_0	0.9651146232212672 1KGrel
NA10865 HG002.verkko_filt_mat.fa:haplotype1_0000005_138228497_138636354_1$HG02293.verkko_filt_pat.fa:haplotype2_0000836_148310532_148812524_1	0.9651137242774254 1KGrel
NA10865 AV_HG01106#haplotype2#0000932:16673968$17175925$HG00621#2#JAHBCC010000031.1_16669999_17077865_0	0.9651136531016977 1KGrel
NA10865 HG03453#1#JAGYVW010000157.1_2105722_2585000_1$HG02809.verkko_filt_pat.fa:haplotype2_0001251_103421111_103827972_0	0.9651084383880748 1KGrel
NA10865 HG01109#1#JAHEPA010000099.1_2104245_2511104_1$HG02300.verkko_filt_mat.fa:haplotype1_0000028_144052837_144460586_1	0.9651062074972828 1KGrel
NA10865 HG02080#2#JAHEOV010000017.1_16662177_17164189_0$HG002.verkko_filt_mat.fa:haplotype1_0000005_138228497_138636354_1	0.9651056680893595 1KGrel
NA10865 AV_HG01106#haplotype1#0000048:16666181$17262214$NA19240#2#JAHEOL010000010.1_37445323_37853017_0	0.9651053953790010 1KGrel
NA10865 HG00621#2#JAHBCC010000031.1_16669999_17077865_0$HG00621#1#JAHBCD010000034.1_2122997_2624098_1	0.9651042342042755 1KGrel
NA10865 AV_HG01175#haplotype1#0000070:46006269$46414083$HG00621#1#JAHBCD010000034.1_2122997_2624098_1	0.9651034616124295 1KGrel
NA10865 AV_HG01106#haplotype1#0000048:16666181$17262214$HG02809.verkko_filt_pat.fa:haplotype2_0001251_103421111_103827972_0	0.9651028375659843 1KGrel
NA10865 HG00621#2#JAHBCC010000031.1_16669999_17077865_0$HG02293.verkko_filt_pat.fa:haplotype2_0000836_148310532_148812524_1	0.9650956184733697 1KGrel
NA10865 HG04228.verkko_filt_mat.fa:haplotype1_0000023_103429213_103930285_0$HG002.verkko_filt_mat.fa:haplotype1_0000005_138228497_138636354_1	0.9650949084225510 1KGrel
NA10865 HG01928#1#JAGYVQ010000053.1_16676493_17083407_0$HG02080#2#JAHEOV010000017.1_16662177_17164189_0	0.9650852314793729 1KGrel
NA10865 AV_HG01106#haplotype1#0000048:16666181$17262214$HG02109#1#JAHEPG010000026.1_16673035_17080816_0	0.9650844352774389 1KGrel
NA10865 AV_HG00673#haplotype1#0000019:16627360$17129375$chr1_hg38_103456064_103863972_0	0.9650827455905520 1KGrel
NA10865 AV_HG00673#haplotype1#0000019:16627360$17129375$chr1_hg19_103998686_104406594_0	0.9650827455905520 1KGrel
NA10865 HG02559#1#JAGYVK010000012.1_51505852_51913611_0$HG01123#1#JAGYYZ010000015.1_51528240_51935090_0	0.9650795349082292 1KGrel
NA10865 HG03453#1#JAGYVW010000157.1_2105722_2585000_1$HG02559#2#JAGYVJ010000037.1_52167780_52574597_1	0.9650757452121301 1KGrel
NA10865 HG00621#1#JAHBCD010000034.1_2122997_2624098_1$HG01071#1#JAHBCF010000053.1_26607100_27108065_1	0.9650724888659526 1KGrel
NA10865 AV_HG00673#haplotype1#0000019:16627360$17129375$AV_HG02148#haplotype2#0002863:16304803$16712699	0.9650716691373641 1KGrel
NA10865 HG00621#1#JAHBCD010000034.1_2122997_2624098_1$HG02071.verkko_filt_mat.fa:haplotype1_0000041_103610513_104018399_0	0.9650714526097043 1KGrel
NA10865 chr1_hg38_103456064_103863972_0$HG04228.verkko_filt_mat.fa:haplotype1_0000023_103429213_103930285_0	0.9650669578740912 1KGrel
NA10865 chr1_hg19_103998686_104406594_0$HG04228.verkko_filt_mat.fa:haplotype1_0000023_103429213_103930285_0	0.9650669578740912 1KGrel
NA10865 HG02630#2#JAHAOP010000089.1_16669255_17076135_0$HG01099.verkko_filt_mat.fa:haplotype1_0000034_142513097_142920876_1	0.9650628993265301 1KGrel
NA10865 HG00621#1#JAHBCD010000034.1_2122997_2624098_1$HG01258#1#JAGYYV010000004.1_56955948_57456952_1	0.9650588815358871 1KGrel
NA10865 HG01109#1#JAHEPA010000099.1_2104245_2511104_1$HG01099.verkko_filt_mat.fa:haplotype1_0000034_142513097_142920876_1	0.9650536351818561 1KGrel
NA10865 HG02559#1#JAGYVK010000012.1_51505852_51913611_0$HG02717#2#JAHAOR010000006.1_19663827_20070693_1	0.9650506169713950 1KGrel
NA10865 HG03486#2#JAHEOP010000248.1_2105565_2584784_1$HG01109#2#JAHEOZ010000047.1_16671232_17151375_0	0.9650462424214000 1KGrel
NA10865 HG02818#2#JAHEOR010000010.1_31775319_32183091_1$HG00741#2#JAHALX010000013.1_51574319_51981226_0	0.9650437337294220 1KGrel
NA10865 HG00621#2#JAHBCC010000031.1_16669999_17077865_0$HG02080#2#JAHEOV010000017.1_16662177_17164189_0	0.9650391517848278 1KGrel
NA10865 AV_HG01175#haplotype1#0000070:46006269$46414083$HG04228.verkko_filt_mat.fa:haplotype1_0000023_103429213_103930285_0	0.9650385499042304 1KGrel
NA10865 HG01123#1#JAGYYZ010000015.1_51528240_51935090_0$HG03516#2#JAGYYS010000004.1_24452130_24859892_1	0.9650376438640312 1KGrel
NA10865 AV_HG00673#haplotype1#0000019:16627360$17129375$HG03486#1#JAHEOQ010000123.1_16677696_17085575_0	0.9650345226180789 1KGrel
NA10865 HG01978#2#JAGYVR010000007.1_51532241_51939176_0$HG02293.verkko_filt_pat.fa:haplotype2_0000836_148310532_148812524_1	0.9650287764655093 1KGrel
NA10865 HG03516#2#JAGYYS010000004.1_24452130_24859892_1$HG02717#2#JAHAOR010000006.1_19663827_20070693_1	0.9650246695050597 1KGrel
NA10865 HG03453#2#JAGYVV010000088.1_22597550_23005370_1$HG04228.verkko_filt_mat.fa:haplotype1_0000023_103429213_103930285_0	0.9650238168420981 1KGrel
NA10865 AV_HG01361#haplotype1#0000023:101593539$102001341$HG01109#1#JAHEPA010000099.1_2104245_2511104_1	0.9650202458107319 1KGrel
NA10865 HG03453#2#JAGYVV010000088.1_22597550_23005370_1$HG02071.verkko_filt_pat.fa:haplotype2_0000736_102745972_103248026_0	0.9650187729840208 1KGrel
NA10865 HG01123#1#JAGYYZ010000015.1_51528240_51935090_0$NA19240#1#JAHEOM010000047.1_30103390_30511199_1	0.9650162554326714 1KGrel
NA10865 HG01258#2#JAGYYU010000072.1_51562603_51970395_0$NA19240#1#JAHEOM010000047.1_30103390_30511199_1	0.9650043320913470 1KGrel
NA10865 HG02622#2#JAHAON010000012.1_51551779_52031001_0$HG01109#2#JAHEOZ010000047.1_16671232_17151375_0	0.9650019563464178 1KGrel
NA10865 HG00621#2#JAHBCC010000031.1_16669999_17077865_0$HG04228.verkko_filt_mat.fa:haplotype1_0000023_103429213_103930285_0	0.9650017766949520 1KGrel
NA10865 HG02080#2#JAHEOV010000017.1_16662177_17164189_0$HG02071.verkko_filt_mat.fa:haplotype1_0000041_103610513_104018399_0	0.9650010014052899 1KGrel
NA10865 HG01978#1#JAGYVS010000002.1_51519970_52021951_0$HG03453#2#JAGYVV010000088.1_22597550_23005370_1	0.9650008093703567 1KGrel
NA10865 HG01928#1#JAGYVQ010000053.1_16676493_17083407_0$HG01978#1#JAGYVS010000002.1_51519970_52021951_0	0.9649986568260090 1KGrel
NA10865 HG01109#1#JAHEPA010000099.1_2104245_2511104_1$NA19240#1#JAHEOM010000047.1_30103390_30511199_1	0.9649977319112264 1KGrel
NA10865 AV_HG01106#haplotype1#0000048:16666181$17262214$HG02559#2#JAGYVJ010000037.1_52167780_52574597_1	0.9649966073617761 1KGrel
NA10865 HG02630#2#JAHAOP010000089.1_16669255_17076135_0$chr1_chm13_103304997_103901127_0	0.9649963386053715 1KGrel
NA10865 NA19240#1#JAHEOM010000047.1_30103390_30511199_1$HG02717#2#JAHAOR010000006.1_19663827_20070693_1	0.9649873849816393 1KGrel
NA10865 chr1_hg19_103998686_104406594_0$HG02080#2#JAHEOV010000017.1_16662177_17164189_0	0.9649809872797525 1KGrel
NA10865 HG02080#2#JAHEOV010000017.1_16662177_17164189_0$chr1_hg38_103456064_103863972_0	0.9649809872797525 1KGrel
NA10865 HG005#2#JAHEPN010000023.1_51542210_51950070_0$HG02293.verkko_filt_pat.fa:haplotype2_0000836_148310532_148812524_1	0.9649785327379676 1KGrel
NA10865 HG02004.verkko_filt_mat.fa:haplotype1_0000022_97828542_98235483_0$HG02293.verkko_filt_pat.fa:haplotype2_0000836_148310532_148812524_1	0.9649779047161700 1KGrel
NA10865 HG02559#1#JAGYVK010000012.1_51505852_51913611_0$HG01258#2#JAGYYU010000072.1_51562603_51970395_0	0.9649716559879894 1KGrel
NA10865 HG01258#2#JAGYYU010000072.1_51562603_51970395_0$HG03516#2#JAGYYS010000004.1_24452130_24859892_1	0.9649694418839301 1KGrel
NA10865 HG00621#1#JAHBCD010000034.1_2122997_2624098_1$HG03486#1#JAHEOQ010000123.1_16677696_17085575_0	0.9649654875402055 1KGrel
NA10865 HG03579#1#JAGYVU010000029.1_91404_499180_0$HG02717#2#JAHAOR010000006.1_19663827_20070693_1	0.9649622544215103 1KGrel
NA10865 HG02080#1#JAHEOW010000048.1_16689583_17097287_0$HG01109#1#JAHEPA010000099.1_2104245_2511104_1	0.9649620335925835 1KGrel
NA10865 AV_HG01106#haplotype2#0000932:16673968$17175925$HG02300.verkko_filt_pat.fa:haplotype2_0000620_143362344_143769323_1	0.9649593670959838 1KGrel
NA10865 AV_HG02148#haplotype2#0002863:16304803$16712699$HG02080#2#JAHEOV010000017.1_16662177_17164189_0	0.9649537539288112 1KGrel
NA10865 HG04228.verkko_filt_mat.fa:haplotype1_0000023_103429213_103930285_0$HG02071.verkko_filt_mat.fa:haplotype1_0000041_103610513_104018399_0	0.9649529288161020 1KGrel
NA10865 AV_HG01106#haplotype1#0000048:16666181$17262214$HG03492#2#JAHEPH010000288.1_2098270_2432686_1	0.9649517900411273 1KGrel
NA10865 HG02109#1#JAHEPG010000026.1_16673035_17080816_0$chr1_chm13_103304997_103901127_0	0.9649508451573752 1KGrel
NA10865 HG00741#2#JAHALX010000013.1_51574319_51981226_0$HG03516#2#JAGYYS010000004.1_24452130_24859892_1	0.9649506077970477 1KGrel
NA10865 AV_HG00673#haplotype1#0000019:16627360$17129375$HG01978#2#JAGYVR010000007.1_51532241_51939176_0	0.9649505834617961 1KGrel
NA10865 HG02080#1#JAHEOW010000048.1_16689583_17097287_0$HG02630#2#JAHAOP010000089.1_16669255_17076135_0	0.9649473095529034 1KGrel
NA10865 HG01109#1#JAHEPA010000099.1_2104245_2511104_1$HG03927.verkko_filt_mat.fa:haplotype1_0000009_134765170_135173010_1	0.9649445179749050 1KGrel
NA10865 HG01123#1#JAGYYZ010000015.1_51528240_51935090_0$HG03579#1#JAGYVU010000029.1_91404_499180_0	0.9649433040461786 1KGrel
NA10865 HG01978#1#JAGYVS010000002.1_51519970_52021951_0$HG01258#1#JAGYYV010000004.1_56955948_57456952_1	0.9649337188022794 1KGrel
NA10865 HG02300.verkko_filt_pat.fa:haplotype2_0000620_143362344_143769323_1$HG02071.verkko_filt_pat.fa:haplotype2_0000736_102745972_103248026_0	0.9649328870273054 1KGrel
NA10865 HG02559#1#JAGYVK010000012.1_51505852_51913611_0$HG00741#2#JAHALX010000013.1_51574319_51981226_0	0.9649291132231703 1KGrel
NA10865 chr1_chm13_103304997_103901127_0$HG01099.verkko_filt_mat.fa:haplotype1_0000034_142513097_142920876_1	0.9649241784531216 1KGrel
NA10865 chr1_chm13_103304997_103901127_0$HG03579#1#JAGYVU010000029.1_91404_499180_0	0.9649231781101189 1KGrel
NA10865 HG02486#2#JAGYVL010000029.1_94163344_94570162_0$HG03927.verkko_filt_mat.fa:haplotype1_0000009_134765170_135173010_1	0.9649211310502371 1KGrel
NA10865 HG03486#1#JAHEOQ010000123.1_16677696_17085575_0$HG02080#2#JAHEOV010000017.1_16662177_17164189_0	0.9649165212806944 1KGrel
NA10865 AV_HG01175#haplotype1#0000070:46006269$46414083$HG02071.verkko_filt_pat.fa:haplotype2_0000736_102745972_103248026_0	0.9649155024165164 1KGrel
NA10865 HG01123#2#JAGYYY010000006.1_51579630_51892388_0$chr1_chm13_103304997_103901127_0	0.9649130984364329 1KGrel
NA10865 HG02818#2#JAHEOR010000010.1_31775319_32183091_1$HG02809.verkko_filt_pat.fa:haplotype2_0001251_103421111_103827972_0	0.9649124769128835 1KGrel
NA10865 HG00621#1#JAHBCD010000034.1_2122997_2624098_1$chr1_hg38_103456064_103863972_0	0.9649119332061554 1KGrel
NA10865 HG00621#1#JAHBCD010000034.1_2122997_2624098_1$chr1_hg19_103998686_104406594_0	0.9649119332061554 1KGrel
NA10865 chr1_chm13_103304997_103901127_0$HG02300.verkko_filt_mat.fa:haplotype1_0000028_144052837_144460586_1	0.9649116545367356 1KGrel
NA10865 HG02818#2#JAHEOR010000010.1_31775319_32183091_1$chr1_chm13_103304997_103901127_0	0.9649112794547168 1KGrel
NA10865 AV_HG01106#haplotype1#0000048:16666181$17262214$HG01243#1#JAHEOY010000013.1_90081_424495_0	0.9649061533060687 1KGrel
NA10865 HG02886#1#JAHAOU010000178.1_62411_469262_0$HG03927.verkko_filt_mat.fa:haplotype1_0000009_134765170_135173010_1	0.9649028555593545 1KGrel
NA10865 AV_HG01106#haplotype1#0000048:16666181$17262214$HG02630#2#JAHAOP010000089.1_16669255_17076135_0	0.9649024946035296 1KGrel
NA10865 HG02559#1#JAGYVK010000012.1_51505852_51913611_0$chr1_chm13_103304997_103901127_0	0.9649022461109816 1KGrel
NA10865 HG002.verkko_filt_mat.fa:haplotype1_0000005_138228497_138636354_1$HG02071.verkko_filt_pat.fa:haplotype2_0000736_102745972_103248026_0	0.9649021352884659 1KGrel
NA10865 HG00621#1#JAHBCD010000034.1_2122997_2624098_1$HG02300.verkko_filt_pat.fa:haplotype2_0000620_143362344_143769323_1	0.9648960125829246 1KGrel
NA10865 HG01258#1#JAGYYV010000004.1_56955948_57456952_1$HG04228.verkko_filt_mat.fa:haplotype1_0000023_103429213_103930285_0	0.9648888142462277 1KGrel
NA10865 AV_HG01106#haplotype1#0000048:16666181$17262214$HG00733#1#JAHEPQ010000019.1_46106835_46420495_0	0.9648887809059010 1KGrel
NA10865 AV_HG00673#haplotype1#0000019:16627360$17129375$HG02004.verkko_filt_mat.fa:haplotype1_0000022_97828542_98235483_0	0.9648835221776768 1KGrel
NA10865 HG01258#2#JAGYYU010000072.1_51562603_51970395_0$HG03579#1#JAGYVU010000029.1_91404_499180_0	0.9648832795862825 1KGrel
NA10865 HG03927.verkko_filt_mat.fa:haplotype1_0000009_134765170_135173010_1$HG02809.verkko_filt_pat.fa:haplotype2_0001251_103421111_103827972_0	0.9648799758370025 1KGrel
NA10865 AV_HG01106#haplotype1#0000048:16666181$17262214$HG02486#2#JAGYVL010000029.1_94163344_94570162_0	0.9648732374732258 1KGrel
NA10865 HG02080#2#JAHEOV010000017.1_16662177_17164189_0$HG02004.verkko_filt_mat.fa:haplotype1_0000022_97828542_98235483_0	0.9648724635858250 1KGrel
NA10865 HG03516#2#JAGYYS010000004.1_24452130_24859892_1$chr1_chm13_103304997_103901127_0	0.9648716214660578 1KGrel
NA10865 HG02071.verkko_filt_mat.fa:haplotype1_0000041_103610513_104018399_0$HG02071.verkko_filt_pat.fa:haplotype2_0000736_102745972_103248026_0	0.9648673814064100 1KGrel
NA10865 HG03486#1#JAHEOQ010000123.1_16677696_17085575_0$HG04228.verkko_filt_mat.fa:haplotype1_0000023_103429213_103930285_0	0.9648637144916031 1KGrel
NA10865 NA19240#1#JAHEOM010000047.1_30103390_30511199_1$chr1_chm13_103304997_103901127_0	0.9648585780298899 1KGrel
NA10865 HG01258#2#JAGYYU010000072.1_51562603_51970395_0$HG02300.verkko_filt_mat.fa:haplotype1_0000028_144052837_144460586_1	0.9648580945844171 1KGrel
NA10865 AV_HG00673#haplotype2#0001165:24014011$24421797$AV_HG01106#haplotype1#0000048:16666181$17262214	0.9648547888453840 1KGrel
NA10865 HG02080#2#JAHEOV010000017.1_16662177_17164189_0$HG01978#2#JAGYVR010000007.1_51532241_51939176_0	0.9648540202939281 1KGrel
NA10865 HG01243#1#JAHEOY010000013.1_90081_424495_0$HG01109#2#JAHEOZ010000047.1_16671232_17151375_0	0.9648518927802979 1KGrel
NA10865 AV_HG02148#haplotype2#0002863:16304803$16712699$HG00621#1#JAHBCD010000034.1_2122997_2624098_1	0.9648472248457691 1KGrel
NA10865 chr1_hg19_103998686_104406594_0$HG01978#1#JAGYVS010000002.1_51519970_52021951_0	0.9648470060301504 1KGrel
NA10865 HG01978#1#JAGYVS010000002.1_51519970_52021951_0$chr1_hg38_103456064_103863972_0	0.9648470060301504 1KGrel
NA10865 AV_HG01106#haplotype1#0000048:16666181$17262214$HG02886#1#JAHAOU010000178.1_62411_469262_0	0.9648445784590944 1KGrel
NA10865 HG03492#2#JAHEPH010000288.1_2098270_2432686_1$HG01109#2#JAHEOZ010000047.1_16671232_17151375_0	0.9648383580946416 1KGrel
NA10865 HG005#2#JAHEPN010000023.1_51542210_51950070_0$HG04228.verkko_filt_mat.fa:haplotype1_0000023_103429213_103930285_0	0.9648366470685520 1KGrel
NA10865 HG02559#1#JAGYVK010000012.1_51505852_51913611_0$HG02809.verkko_filt_pat.fa:haplotype2_0001251_103421111_103827972_0	0.9648310871349083 1KGrel
NA10865 HG02004.verkko_filt_pat.fa:haplotype2_0000813_139386576_140076845_1$HG02647.verkko_filt_mat.fa:haplotype1_0000002_103892584_104321036_0	0.9648233629558304 1KGrel
NA10865 HG01071#1#JAHBCF010000053.1_26607100_27108065_1$HG04228.verkko_filt_mat.fa:haplotype1_0000023_103429213_103930285_0	0.9648232692970942 1KGrel
NA10865 HG02080#1#JAHEOW010000048.1_16689583_17097287_0$chr1_chm13_103304997_103901127_0	0.9648198825138599 1KGrel
NA10865 HG03486#1#JAHEOQ010000123.1_16677696_17085575_0$HG02293.verkko_filt_pat.fa:haplotype2_0000836_148310532_148812524_1	0.9648183921983202 1KGrel
NA10865 HG005#1#JAHEPO010000002.1_51519219_51926067_0$HG02300.verkko_filt_mat.fa:haplotype1_0000028_144052837_144460586_1	0.9648135071898598 1KGrel
NA10865 AV_HG02257#haplotype2#0001152:102843493$103251377$HG03453#1#JAGYVW010000157.1_2105722_2585000_1	0.9648134557099631 1KGrel
NA10865 HG01978#1#JAGYVS010000002.1_51519970_52021951_0$HG002.verkko_filt_mat.fa:haplotype1_0000005_138228497_138636354_1	0.9648106790967160 1KGrel
NA10865 AV_HG01175#haplotype1#0000070:46006269$46414083$HG01978#1#JAGYVS010000002.1_51519970_52021951_0	0.9648076512325744 1KGrel
NA10865 AV_HG01361#haplotype1#0000023:101593539$102001341$HG02630#2#JAHAOP010000089.1_16669255_17076135_0	0.9648057483101771 1KGrel
NA10865 HG01978#1#JAGYVS010000002.1_51519970_52021951_0$HG02071.verkko_filt_mat.fa:haplotype1_0000041_103610513_104018399_0	0.9648025872656428 1KGrel
NA10865 HG01123#1#JAGYYZ010000015.1_51528240_51935090_0$HG01099.verkko_filt_mat.fa:haplotype1_0000034_142513097_142920876_1	0.9648023662974056 1KGrel
NA10865 HG03516#2#JAGYYS010000004.1_24452130_24859892_1$HG02809.verkko_filt_pat.fa:haplotype2_0001251_103421111_103827972_0	0.9647975534058205 1KGrel
NA10865 AV_HG01106#haplotype2#0000932:16673968$17175925$AV_HG02148#haplotype2#0002863:16304803$16712699	0.9647965119594760 1KGrel
NA10865 HG00741#2#JAHALX010000013.1_51574319_51981226_0$HG03579#1#JAGYVU010000029.1_91404_499180_0	0.9647929607136473 1KGrel
NA10865 HG01978#1#JAGYVS010000002.1_51519970_52021951_0$HG02004.verkko_filt_mat.fa:haplotype1_0000022_97828542_98235483_0	0.9647907990822983 1KGrel
NA10865 HG04228.verkko_filt_mat.fa:haplotype1_0000023_103429213_103930285_0$HG02300.verkko_filt_pat.fa:haplotype2_0000620_143362344_143769323_1	0.9647881136684920 1KGrel
NA10865 AV_HG01361#haplotype1#0000023:101593539$102001341$chr1_chm13_103304997_103901127_0	0.9647786790214777 1KGrel
NA10865 HG02004.verkko_filt_pat.fa:haplotype2_0000813_139386576_140076845_1$HG02809.verkko_filt_mat.fa:haplotype1_0000023_94161320_94589755_0	0.9647768112363020 1KGrel
NA10865 HG02055#2#JAHEPJ010000017.1_24870122_25298560_1$HG02004.verkko_filt_pat.fa:haplotype2_0000813_139386576_140076845_1	0.9647766094337322 1KGrel
NA10865 chr1_chm13_103304997_103901127_0$NA19240#2#JAHEOL010000010.1_37445323_37853017_0	0.9647683663966041 1KGrel
NA10865 HG01258#2#JAGYYU010000072.1_51562603_51970395_0$HG01099.verkko_filt_mat.fa:haplotype1_0000034_142513097_142920876_1	0.9647655450579615 1KGrel
NA10865 AV_HG01106#haplotype1#0000048:16666181$17262214$HG00438#2#JAHBCA010000012.1_51513023_51826723_0	0.9647650353192954 1KGrel
NA10865 HG01978#1#JAGYVS010000002.1_51519970_52021951_0$HG02300.verkko_filt_pat.fa:haplotype2_0000620_143362344_143769323_1	0.9647618465208547 1KGrel
NA10865 HG03453#1#JAGYVW010000157.1_2105722_2585000_1$HG02145#2#JAHKSF010000206.1_1005292_1413195_1	0.9647548578331323 1KGrel
NA10865 NA19240#1#JAHEOM010000047.1_30103390_30511199_1$HG02809.verkko_filt_pat.fa:haplotype2_0001251_103421111_103827972_0	0.9647509463479143 1KGrel
NA10865 HG03579#1#JAGYVU010000029.1_91404_499180_0$HG02809.verkko_filt_pat.fa:haplotype2_0001251_103421111_103827972_0	0.9647507210213988 1KGrel
NA10865 HG00621#2#JAHBCC010000031.1_16669999_17077865_0$HG02071.verkko_filt_pat.fa:haplotype2_0000736_102745972_103248026_0	0.9647502873805974 1KGrel
NA10865 HG03486#1#JAHEOQ010000123.1_16677696_17085575_0$HG01978#1#JAGYVS010000002.1_51519970_52021951_0	0.9647386556783084 1KGrel
NA10865 HG00741#2#JAHALX010000013.1_51574319_51981226_0$HG02300.verkko_filt_mat.fa:haplotype1_0000028_144052837_144460586_1	0.9647347393928802 1KGrel
NA10865 AV_HG00673#haplotype1#0000019:16627360$17129375$HG005#2#JAHEPN010000023.1_51542210_51950070_0	0.9647343489429504 1KGrel
NA10865 HG005#1#JAHEPO010000002.1_51519219_51926067_0$HG01099.verkko_filt_mat.fa:haplotype1_0000034_142513097_142920876_1	0.9647289566688465 1KGrel
NA10865 HG02630#2#JAHAOP010000089.1_16669255_17076135_0$NA19240#2#JAHEOL010000010.1_37445323_37853017_0	0.9647271868824624 1KGrel
NA10865 chr1_hg38_103456064_103863972_0$HG02071.verkko_filt_pat.fa:haplotype2_0000736_102745972_103248026_0	0.9647244271525045 1KGrel
NA10865 chr1_hg19_103998686_104406594_0$HG02071.verkko_filt_pat.fa:haplotype2_0000736_102745972_103248026_0	0.9647244271525045 1KGrel
NA10865 HG005#1#JAHEPO010000002.1_51519219_51926067_0$HG03927.verkko_filt_mat.fa:haplotype1_0000009_134765170_135173010_1	0.9647235159927690 1KGrel
NA10865 AV_HG02148#haplotype2#0002863:16304803$16712699$HG04228.verkko_filt_mat.fa:haplotype1_0000023_103429213_103930285_0	0.9647186795046260 1KGrel
NA10865 HG01123#1#JAGYYZ010000015.1_51528240_51935090_0$HG02300.verkko_filt_mat.fa:haplotype1_0000028_144052837_144460586_1	0.9647109762625888 1KGrel
NA10865 HG01978#1#JAGYVS010000002.1_51519970_52021951_0$HG01978#2#JAGYVR010000007.1_51532241_51939176_0	0.9647084951253918 1KGrel
NA10865 HG01109#1#JAHEPA010000099.1_2104245_2511104_1$chr1_chm13_103304997_103901127_0	0.9647017440181891 1KGrel
NA10865 HG03516#1#JAGYYT010000012.1_24170958_24578778_1$chr1_chm13_103304997_103901127_0	0.9647000026996282 1KGrel
NA10865 NA20129#2#JAHEPD010000155.1_90039_569275_0$HG03486#2#JAHEOP010000248.1_2105565_2584784_1	0.9646969472246202 1KGrel
NA10865 HG01109#1#JAHEPA010000099.1_2104245_2511104_1$NA19240#2#JAHEOL010000010.1_37445323_37853017_0	0.9646939921001034 1KGrel
NA10865 HG02559#2#JAGYVJ010000037.1_52167780_52574597_1$HG03927.verkko_filt_mat.fa:haplotype1_0000009_134765170_135173010_1	0.9646900169786029 1KGrel
NA10865 AV_HG01361#haplotype1#0000023:101593539$102001341$HG005#1#JAHEPO010000002.1_51519219_51926067_0	0.9646875587782893 1KGrel
NA10865 HG02080#1#JAHEOW010000048.1_16689583_17097287_0$HG00741#2#JAHALX010000013.1_51574319_51981226_0	0.9646784590014758 1KGrel
NA10865 HG01928#1#JAGYVQ010000053.1_16676493_17083407_0$HG04228.verkko_filt_mat.fa:haplotype1_0000023_103429213_103930285_0	0.9646743473015542 1KGrel
NA10865 AV_HG02148#haplotype2#0002863:16304803$16712699$HG02071.verkko_filt_pat.fa:haplotype2_0000736_102745972_103248026_0	0.9646708527590289 1KGrel
NA10865 HG00621#1#JAHBCD010000034.1_2122997_2624098_1$HG005#2#JAHEPN010000023.1_51542210_51950070_0	0.9646596998630319 1KGrel
NA10865 AV_HG01106#haplotype2#0000932:16673968$17175925$HG002.verkko_filt_pat.fa:haplotype2_0000649_147937390_148315979_1	0.9646596969298148 1KGrel
NA10865 HG03486#1#JAHEOQ010000123.1_16677696_17085575_0$HG02071.verkko_filt_pat.fa:haplotype2_0000736_102745972_103248026_0	0.9646555041024737 1KGrel
NA10865 HG00741#2#JAHALX010000013.1_51574319_51981226_0$HG01099.verkko_filt_mat.fa:haplotype1_0000034_142513097_142920876_1	0.9646503752655367 1KGrel
NA10865 AV_HG02148#haplotype2#0002863:16304803$16712699$HG01978#1#JAGYVS010000002.1_51519970_52021951_0	0.9646472585927012 1KGrel
NA10865 HG02630#1#JAHAOQ010000102.1_16672145_17079089_0$HG03453#1#JAGYVW010000157.1_2105722_2585000_1	0.9646470502102983 1KGrel
NA10865 HG01978#1#JAGYVS010000002.1_51519970_52021951_0$HG005#2#JAHEPN010000023.1_51542210_51950070_0	0.9646410573005526 1KGrel
NA10865 HG02080#1#JAHEOW010000048.1_16689583_17097287_0$HG005#1#JAHEPO010000002.1_51519219_51926067_0	0.9646373054899575 1KGrel
NA10865 HG02080#2#JAHEOV010000017.1_16662177_17164189_0$HG005#2#JAHEPN010000023.1_51542210_51950070_0	0.9646321525510335 1KGrel
NA10865 HG02080#1#JAHEOW010000048.1_16689583_17097287_0$HG01258#2#JAGYYU010000072.1_51562603_51970395_0	0.9646259197309907 1KGrel
NA10865 AV_HG01106#haplotype1#0000048:16666181$17262214$HG01123#2#JAGYYY010000006.1_51579630_51892388_0	0.9646244125100432 1KGrel
NA10865 HG02080#1#JAHEOW010000048.1_16689583_17097287_0$HG01123#1#JAGYYZ010000015.1_51528240_51935090_0	0.9646227502116473 1KGrel
NA10865 AV_HG01106#haplotype1#0000048:16666181$17262214$HG01109#1#JAHEPA010000099.1_2104245_2511104_1	0.9646190447134881 1KGrel
NA10865 AV_HG01106#haplotype1#0000048:16666181$17262214$HG03492#1#JAHEPI010000180.1_2103395_2543326_1	0.9646116550309960 1KGrel
NA10865 HG02717#2#JAHAOR010000006.1_19663827_20070693_1$HG01099.verkko_filt_mat.fa:haplotype1_0000034_142513097_142920876_1	0.9646053683648425 1KGrel
NA10865 HG01928#1#JAGYVQ010000053.1_16676493_17083407_0$HG02071.verkko_filt_pat.fa:haplotype2_0000736_102745972_103248026_0	0.9646000800187643 1KGrel
NA10865 HG01928#1#JAGYVQ010000053.1_16676493_17083407_0$HG01258#2#JAGYYU010000072.1_51562603_51970395_0	0.9645978417778267 1KGrel
NA10865 HG02717#2#JAHAOR010000006.1_19663827_20070693_1$HG02300.verkko_filt_mat.fa:haplotype1_0000028_144052837_144460586_1	0.9645939615475795 1KGrel
NA10865 HG01123#1#JAGYYZ010000015.1_51528240_51935090_0$HG03516#1#JAGYYT010000012.1_24170958_24578778_1	0.9645919033359843 1KGrel
NA10865 HG02630#2#JAHAOP010000089.1_16669255_17076135_0$HG03516#1#JAGYYT010000012.1_24170958_24578778_1	0.9645910921448194 1KGrel
NA10865 HG01123#1#JAGYYZ010000015.1_51528240_51935090_0$HG03927.verkko_filt_mat.fa:haplotype1_0000009_134765170_135173010_1	0.9645886713540989 1KGrel
NA10865 HG00621#1#JAHBCD010000034.1_2122997_2624098_1$HG01928#1#JAGYVQ010000053.1_16676493_17083407_0	0.9645881056140921 1KGrel
NA10865 HG00621#2#JAHBCC010000031.1_16669999_17077865_0$HG01978#1#JAGYVS010000002.1_51519970_52021951_0	0.9645878679145957 1KGrel
NA10865 HG02622#2#JAHAON010000012.1_51551779_52031001_0$HG03486#2#JAHEOP010000248.1_2105565_2584784_1	0.9645846387245991 1KGrel
NA10865 AV_HG01361#haplotype1#0000023:101593539$102001341$HG01123#1#JAGYYZ010000015.1_51528240_51935090_0	0.9645769704402063 1KGrel
NA10865 AV_HG00673#haplotype2#0001165:24014011$24421797$HG01109#1#JAHEPA010000099.1_2104245_2511104_1	0.9645685434678231 1KGrel
NA10865 HG005#1#JAHEPO010000002.1_51519219_51926067_0$NA19240#2#JAHEOL010000010.1_37445323_37853017_0	0.9645608584295762 1KGrel
NA10865 HG02559#2#JAGYVJ010000037.1_52167780_52574597_1$HG03579#1#JAGYVU010000029.1_91404_499180_0	0.9645604895736551 1KGrel
NA10865 HG02717#2#JAHAOR010000006.1_19663827_20070693_1$HG03927.verkko_filt_mat.fa:haplotype1_0000009_134765170_135173010_1	0.9645598847493591 1KGrel
NA10865 AV_HG01361#haplotype1#0000023:101593539$102001341$HG01258#2#JAGYYU010000072.1_51562603_51970395_0	0.9645563074124112 1KGrel
NA10865 HG005#2#JAHEPN010000023.1_51542210_51950070_0$HG02071.verkko_filt_pat.fa:haplotype2_0000736_102745972_103248026_0	0.9645538570894826 1KGrel
NA10865 AV_HG00673#haplotype1#0000019:16627360$17129375$HG002.verkko_filt_pat.fa:haplotype2_0000649_147937390_148315979_1	0.9645461075059176 1KGrel
NA10865 HG00741#2#JAHALX010000013.1_51574319_51981226_0$NA19240#1#JAHEOM010000047.1_30103390_30511199_1	0.9645408605653332 1KGrel
NA10865 HG02818#2#JAHEOR010000010.1_31775319_32183091_1$HG02630#2#JAHAOP010000089.1_16669255_17076135_0	0.9645325555713269 1KGrel
NA10865 HG03098#1#JAHEPM010000059.1_16676208_17105596_0$HG02004.verkko_filt_pat.fa:haplotype2_0000813_139386576_140076845_1	0.9645281910955088 1KGrel
NA10865 HG005#1#JAHEPO010000002.1_51519219_51926067_0$HG03516#1#JAGYYT010000012.1_24170958_24578778_1	0.9645277495637384 1KGrel
NA10865 HG02717#1#JAHAOS010000015.1_16660311_17067250_0$HG03453#1#JAGYVW010000157.1_2105722_2585000_1	0.9645257108079196 1KGrel
NA10865 HG03492#1#JAHEPI010000180.1_2103395_2543326_1$chr1_chm13_103304997_103901127_0	0.9645235336565611 1KGrel
NA10865 HG01978#2#JAGYVR010000007.1_51532241_51939176_0$HG02071.verkko_filt_pat.fa:haplotype2_0000736_102745972_103248026_0	0.9645234056931566 1KGrel
NA10865 HG01978#2#JAGYVR010000007.1_51532241_51939176_0$HG04228.verkko_filt_mat.fa:haplotype1_0000023_103429213_103930285_0	0.9645229933100536 1KGrel
NA10865 HG01109#1#JAHEPA010000099.1_2104245_2511104_1$HG03516#1#JAGYYT010000012.1_24170958_24578778_1	0.9645182552998049 1KGrel
NA10865 AV_HG00673#haplotype2#0001165:24014011$24421797$chr1_chm13_103304997_103901127_0	0.9645024671780613 1KGrel
NA10865 AV_HG01361#haplotype1#0000023:101593539$102001341$HG02717#2#JAHAOR010000006.1_19663827_20070693_1	0.9644999932955127 1KGrel
NA10865 AV_HG01106#haplotype1#0000048:16666181$17262214$HG02145#1#JAHKSG010000134.1_2102465_2647653_1	0.9644989755857315 1KGrel
NA10865 HG01258#1#JAGYYV010000004.1_56955948_57456952_1$HG03710.verkko_filt_mat.fa:haplotype1_0000029_102593394_102907063_0	0.9644964447794501 1KGrel
NA10865 HG01258#2#JAGYYU010000072.1_51562603_51970395_0$HG03927.verkko_filt_mat.fa:haplotype1_0000009_134765170_135173010_1	0.9644820819779570 1KGrel
NA10865 HG03453#1#JAGYVW010000157.1_2105722_2585000_1$HG02818#1#JAHEOS010000101.1_89626_496613_0	0.9644746948528233 1KGrel
NA10865 HG04228.verkko_filt_mat.fa:haplotype1_0000023_103429213_103930285_0$HG02004.verkko_filt_mat.fa:haplotype1_0000022_97828542_98235483_0	0.9644726308562430 1KGrel
NA10865 HG01258#2#JAGYYU010000072.1_51562603_51970395_0$HG02004.verkko_filt_mat.fa:haplotype1_0000022_97828542_98235483_0	0.9644724392659142 1KGrel
NA10865 AV_HG01106#haplotype1#0000048:16666181$17262214$HG02723#2#JAHEOT010000034.1_19776337_20321518_1	0.9644717089679588 1KGrel
NA10865 HG01258#2#JAGYYU010000072.1_51562603_51970395_0$NA19240#2#JAHEOL010000010.1_37445323_37853017_0	0.9644697683204949 1KGrel
NA10865 HG03453#1#JAGYVW010000157.1_2105722_2585000_1$NA18906#1#JAHEOO010000054.1_2103477_2510435_1	0.9644672055848102 1KGrel
NA10865 HG02559#2#JAGYVJ010000037.1_52167780_52574597_1$HG03516#2#JAGYYS010000004.1_24452130_24859892_1	0.9644632349435387 1KGrel
NA10865 HG01123#1#JAGYYZ010000015.1_51528240_51935090_0$NA19240#2#JAHEOL010000010.1_37445323_37853017_0	0.9644581165451599 1KGrel
NA10865 HG02080#1#JAHEOW010000048.1_16689583_17097287_0$HG02717#2#JAHAOR010000006.1_19663827_20070693_1	0.9644497264030991 1KGrel
NA10865 HG02559#1#JAGYVK010000012.1_51505852_51913611_0$HG02559#2#JAGYVJ010000037.1_52167780_52574597_1	0.9644489848045985 1KGrel
NA10865 AV_HG01361#haplotype2#0001322:101872897$102186552$HG01071#1#JAHBCF010000053.1_26607100_27108065_1	0.9644474290209328 1KGrel
NA10865 HG02293.verkko_filt_pat.fa:haplotype2_0000836_148310532_148812524_1$HG002.verkko_filt_pat.fa:haplotype2_0000649_147937390_148315979_1	0.9644456323860744 1KGrel
NA10865 HG01071#1#JAHBCF010000053.1_26607100_27108065_1$HG03710.verkko_filt_mat.fa:haplotype1_0000029_102593394_102907063_0	0.9644443578397641 1KGrel
NA10865 HG01978#2#JAGYVR010000007.1_51532241_51939176_0$HG01258#2#JAGYYU010000072.1_51562603_51970395_0	0.9644404324236452 1KGrel
NA10865 HG02080#2#JAHEOV010000017.1_16662177_17164189_0$HG002.verkko_filt_pat.fa:haplotype2_0000649_147937390_148315979_1	0.9644330100950570 1KGrel
NA10865 chr1_hg19_103998686_104406594_0$HG01123#1#JAGYYZ010000015.1_51528240_51935090_0	0.9644316569694341 1KGrel
NA10865 HG01123#1#JAGYYZ010000015.1_51528240_51935090_0$chr1_hg38_103456064_103863972_0	0.9644316569694341 1KGrel
NA10865 AV_HG00673#haplotype2#0001165:24014011$24421797$HG02630#2#JAHAOP010000089.1_16669255_17076135_0	0.9644261773725681 1KGrel
NA10865 HG00741#2#JAHALX010000013.1_51574319_51981226_0$NA19240#2#JAHEOL010000010.1_37445323_37853017_0	0.9644190707574305 1KGrel
NA10865 HG03540#1#JAGYVY010000208.1_95187_596142_0$HG04228.verkko_filt_pat.fa:haplotype2_0000600_103806749_104119491_0	0.9644160549019858 1KGrel
NA10865 HG03516#1#JAGYYT010000012.1_24170958_24578778_1$HG01258#2#JAGYYU010000072.1_51562603_51970395_0	0.9644132149615342 1KGrel
NA10865 HG03453#1#JAGYVW010000157.1_2105722_2585000_1$HG02622#1#JAHAOO010000002.1_16673678_17080663_0	0.9644028547330535 1KGrel
NA10865 HG01071#1#JAHBCF010000053.1_26607100_27108065_1$HG002.verkko_filt_pat.fa:haplotype2_0000649_147937390_148315979_1	0.9643997453800301 1KGrel
NA10865 HG02630#2#JAHAOP010000089.1_16669255_17076135_0$HG03516#2#JAGYYS010000004.1_24452130_24859892_1	0.9643985641510142 1KGrel
NA10865 HG02004.verkko_filt_mat.fa:haplotype1_0000022_97828542_98235483_0$HG02071.verkko_filt_pat.fa:haplotype2_0000736_102745972_103248026_0	0.9643931124410809 1KGrel
NA10865 HG005#1#JAHEPO010000002.1_51519219_51926067_0$HG002.verkko_filt_mat.fa:haplotype1_0000005_138228497_138636354_1	0.9643857821451111 1KGrel
NA10865 HG02723#2#JAHEOT010000034.1_19776337_20321518_1$chr1_chm13_103304997_103901127_0	0.9643786948772103 1KGrel
NA10865 HG02559#1#JAGYVK010000012.1_51505852_51913611_0$HG02630#2#JAHAOP010000089.1_16669255_17076135_0	0.9643775550938043 1KGrel
NA10865 AV_HG01361#haplotype1#0000023:101593539$102001341$HG00741#2#JAHALX010000013.1_51574319_51981226_0	0.9643774990503051 1KGrel
NA10865 HG01258#1#JAGYYV010000004.1_56955948_57456952_1$HG002.verkko_filt_pat.fa:haplotype2_0000649_147937390_148315979_1	0.9643738302171552 1KGrel
NA10865 HG02818#2#JAHEOR010000010.1_31775319_32183091_1$HG02559#2#JAGYVJ010000037.1_52167780_52574597_1	0.9643711755611772 1KGrel
NA10865 HG02300.verkko_filt_mat.fa:haplotype1_0000028_144052837_144460586_1$HG02809.verkko_filt_pat.fa:haplotype2_0001251_103421111_103827972_0	0.9643677096316582 1KGrel
NA10865 HG01123#1#JAGYYZ010000015.1_51528240_51935090_0$HG005#2#JAHEPN010000023.1_51542210_51950070_0	0.9643672192754991 1KGrel
NA10865 chr1_chm13_103304997_103901127_0$HG00733#1#JAHEPQ010000019.1_46106835_46420495_0	0.9643652009613726 1KGrel
NA10865 HG03098#2#JAHEPL010000003.1_93803759_94117426_0$HG01071#1#JAHBCF010000053.1_26607100_27108065_1	0.9643637417848495 1KGrel
NA10865 HG005#1#JAHEPO010000002.1_51519219_51926067_0$chr1_hg38_103456064_103863972_0	0.9643583358015109 1KGrel
NA10865 HG005#1#JAHEPO010000002.1_51519219_51926067_0$chr1_hg19_103998686_104406594_0	0.9643583358015109 1KGrel
NA10865 AV_HG00673#haplotype2#0001165:24014011$24421797$HG01123#1#JAGYYZ010000015.1_51528240_51935090_0	0.9643327782928591 1KGrel
NA10865 HG02818#2#JAHEOR010000010.1_31775319_32183091_1$HG03927.verkko_filt_mat.fa:haplotype1_0000009_134765170_135173010_1	0.9643253350656831 1KGrel
NA10865 HG00621#1#JAHBCD010000034.1_2122997_2624098_1$HG01978#2#JAGYVR010000007.1_51532241_51939176_0	0.9643245059734122 1KGrel
NA10865 HG01099.verkko_filt_mat.fa:haplotype1_0000034_142513097_142920876_1$HG02809.verkko_filt_pat.fa:haplotype2_0001251_103421111_103827972_0	0.9643228535030685 1KGrel
NA10865 NA18906#2#JAHEON010000009.1_93748295_94249275_0$HG002.verkko_filt_pat.fa:haplotype2_0000649_147937390_148315979_1	0.9643089901218133 1KGrel
NA10865 AV_HG00673#haplotype2#0001165:24014011$24421797$HG005#1#JAHEPO010000002.1_51519219_51926067_0	0.9643076989364010 1KGrel
NA10865 HG02145#1#JAHKSG010000134.1_2102465_2647653_1$chr1_chm13_103304997_103901127_0	0.9642990468852852 1KGrel
NA10865 HG02818#2#JAHEOR010000010.1_31775319_32183091_1$HG02109#1#JAHEPG010000026.1_16673035_17080816_0	0.9642961339491763 1KGrel
NA10865 HG02109#1#JAHEPG010000026.1_16673035_17080816_0$HG03927.verkko_filt_mat.fa:haplotype1_0000009_134765170_135173010_1	0.9642959927460637 1KGrel
NA10865 chr1_hg38_103456064_103863972_0$HG01258#2#JAGYYU010000072.1_51562603_51970395_0	0.9642910362931770 1KGrel
NA10865 chr1_hg19_103998686_104406594_0$HG01258#2#JAGYYU010000072.1_51562603_51970395_0	0.9642910362931770 1KGrel
NA10865 HG00741#2#JAHALX010000013.1_51574319_51981226_0$HG03927.verkko_filt_mat.fa:haplotype1_0000009_134765170_135173010_1	0.9642899307583561 1KGrel
NA10865 HG03516#1#JAGYYT010000012.1_24170958_24578778_1$HG02486#2#JAGYVL010000029.1_94163344_94570162_0	0.9642787533331474 1KGrel
NA10865 HG02886#1#JAHAOU010000178.1_62411_469262_0$HG03516#1#JAGYYT010000012.1_24170958_24578778_1	0.9642765558814199 1KGrel
NA10865 HG02630#2#JAHAOP010000089.1_16669255_17076135_0$NA19240#1#JAHEOM010000047.1_30103390_30511199_1	0.9642761980098552 1KGrel
NA10865 HG01123#1#JAGYYZ010000015.1_51528240_51935090_0$HG002.verkko_filt_mat.fa:haplotype1_0000005_138228497_138636354_1	0.9642751515245157 1KGrel
NA10865 HG02630#2#JAHAOP010000089.1_16669255_17076135_0$HG03579#1#JAGYVU010000029.1_91404_499180_0	0.9642732113254431 1KGrel
NA10865 HG02886#1#JAHAOU010000178.1_62411_469262_0$HG02300.verkko_filt_mat.fa:haplotype1_0000028_144052837_144460586_1	0.9642715974533820 1KGrel
NA10865 HG03540#1#JAGYVY010000208.1_95187_596142_0$HG02109#2#JAHEPF010000078.1_16678387_16991144_0	0.9642662154463145 1KGrel
NA10865 HG02559#2#JAGYVJ010000037.1_52167780_52574597_1$NA19240#1#JAHEOM010000047.1_30103390_30511199_1	0.9642655343231693 1KGrel
NA10865 chr1_hg38_103456064_103863972_0$HG02717#2#JAHAOR010000006.1_19663827_20070693_1	0.9642586666533857 1KGrel
NA10865 chr1_hg19_103998686_104406594_0$HG02717#2#JAHAOR010000006.1_19663827_20070693_1	0.9642586666533857 1KGrel
NA10865 HG005#2#JAHEPN010000023.1_51542210_51950070_0$HG02717#2#JAHAOR010000006.1_19663827_20070693_1	0.9642584309167915 1KGrel
NA10865 HG00621#1#JAHBCD010000034.1_2122997_2624098_1$HG02004.verkko_filt_mat.fa:haplotype1_0000022_97828542_98235483_0	0.9642579145099363 1KGrel
NA10865 HG02486#2#JAGYVL010000029.1_94163344_94570162_0$HG01099.verkko_filt_mat.fa:haplotype1_0000034_142513097_142920876_1	0.9642533034298254 1KGrel
NA10865 AV_HG01361#haplotype1#0000023:101593539$102001341$HG02486#2#JAGYVL010000029.1_94163344_94570162_0	0.9642520474107193 1KGrel
NA10865 AV_HG00673#haplotype2#0001165:24014011$24421797$HG01258#2#JAGYYU010000072.1_51562603_51970395_0	0.9642484916937817 1KGrel
NA10865 HG03516#1#JAGYYT010000012.1_24170958_24578778_1$HG02717#2#JAHAOR010000006.1_19663827_20070693_1	0.9642447734903624 1KGrel
NA10865 AV_HG01361#haplotype1#0000023:101593539$102001341$HG02809.verkko_filt_pat.fa:haplotype2_0001251_103421111_103827972_0	0.9642413502299237 1KGrel
NA10865 HG03486#1#JAHEOQ010000123.1_16677696_17085575_0$HG005#1#JAHEPO010000002.1_51519219_51926067_0	0.9642393756219645 1KGrel
NA10865 HG005#1#JAHEPO010000002.1_51519219_51926067_0$HG005#2#JAHEPN010000023.1_51542210_51950070_0	0.9642385519021729 1KGrel
NA10865 HG01123#2#JAGYYY010000006.1_51579630_51892388_0$HG03540#1#JAGYVY010000208.1_95187_596142_0	0.9642383193937605 1KGrel
NA10865 HG02071.verkko_filt_pat.fa:haplotype2_0000736_102745972_103248026_0$HG002.verkko_filt_pat.fa:haplotype2_0000649_147937390_148315979_1	0.9642213189052843 1KGrel
NA10865 HG04228.verkko_filt_pat.fa:haplotype2_0000600_103806749_104119491_0$HG01099.verkko_filt_pat.fa:haplotype2_0000583_143544270_144046196_1	0.9642150180643522 1KGrel
NA10865 HG01978#1#JAGYVS010000002.1_51519970_52021951_0$HG002.verkko_filt_pat.fa:haplotype2_0000649_147937390_148315979_1	0.9642073371013308 1KGrel
NA10865 HG01928#1#JAGYVQ010000053.1_16676493_17083407_0$HG02717#2#JAHAOR010000006.1_19663827_20070693_1	0.9642061089175387 1KGrel
NA10865 HG01123#1#JAGYYZ010000015.1_51528240_51935090_0$HG01978#2#JAGYVR010000007.1_51532241_51939176_0	0.9642052447571544 1KGrel
NA10865 HG005#1#JAHEPO010000002.1_51519219_51926067_0$HG02071.verkko_filt_mat.fa:haplotype1_0000041_103610513_104018399_0	0.9641914688688693 1KGrel
NA10865 HG005#2#JAHEPN010000023.1_51542210_51950070_0$HG01258#2#JAGYYU010000072.1_51562603_51970395_0	0.9641874091650771 1KGrel
NA10865 HG02080#1#JAHEOW010000048.1_16689583_17097287_0$HG02809.verkko_filt_pat.fa:haplotype2_0001251_103421111_103827972_0	0.9641832161430454 1KGrel
NA10865 HG02717#2#JAHAOR010000006.1_19663827_20070693_1$NA19240#2#JAHEOL010000010.1_37445323_37853017_0	0.9641817737099501 1KGrel
NA10865 HG02886#1#JAHAOU010000178.1_62411_469262_0$HG01099.verkko_filt_mat.fa:haplotype1_0000034_142513097_142920876_1	0.9641784771475713 1KGrel
NA10865 HG03486#1#JAHEOQ010000123.1_16677696_17085575_0$HG01123#1#JAGYYZ010000015.1_51528240_51935090_0	0.9641765062372829 1KGrel
NA10865 HG02004.verkko_filt_pat.fa:haplotype2_0000813_139386576_140076845_1$HG03710.verkko_filt_pat.fa:haplotype2_0000488_101614437_102218208_0	0.9641744635244925 1KGrel
NA10865 HG03486#1#JAHEOQ010000123.1_16677696_17085575_0$HG02717#2#JAHAOR010000006.1_19663827_20070693_1	0.9641715163264735 1KGrel
NA10865 AV_HG01361#haplotype1#0000023:101593539$102001341$HG02886#1#JAHAOU010000178.1_62411_469262_0	0.9641691658562507 1KGrel
NA10865 HG02717#2#JAHAOR010000006.1_19663827_20070693_1$HG002.verkko_filt_mat.fa:haplotype1_0000005_138228497_138636354_1	0.9641661717752480 1KGrel
NA10865 HG01123#2#JAGYYY010000006.1_51579630_51892388_0$HG01099.verkko_filt_pat.fa:haplotype2_0000583_143544270_144046196_1	0.9641570503128343 1KGrel
NA10865 AV_HG01361#haplotype2#0001322:101872897$102186552$HG01258#1#JAGYYV010000004.1_56955948_57456952_1	0.9641563716701849 1KGrel
NA10865 AV_HG01175#haplotype1#0000070:46006269$46414083$HG005#1#JAHEPO010000002.1_51519219_51926067_0	0.9641493703037649 1KGrel
NA10865 HG01123#1#JAGYYZ010000015.1_51528240_51935090_0$HG02004.verkko_filt_mat.fa:haplotype1_0000022_97828542_98235483_0	0.9641415149544008 1KGrel
NA10865 HG02559#1#JAGYVK010000012.1_51505852_51913611_0$HG03927.verkko_filt_mat.fa:haplotype1_0000009_134765170_135173010_1	0.9641384872777452 1KGrel
NA10865 HG02486#2#JAGYVL010000029.1_94163344_94570162_0$HG02300.verkko_filt_mat.fa:haplotype1_0000028_144052837_144460586_1	0.9641296532576400 1KGrel
NA10865 HG03516#1#JAGYYT010000012.1_24170958_24578778_1$HG00741#2#JAHALX010000013.1_51574319_51981226_0	0.9641252353075148 1KGrel
NA10865 HG01071#1#JAHBCF010000053.1_26607100_27108065_1$HG02886#2#JAHAOT010000031.1_87393_401061_0	0.9641210637540742 1KGrel
NA10865 HG02109#2#JAHEPF010000078.1_16678387_16991144_0$HG01099.verkko_filt_pat.fa:haplotype2_0000583_143544270_144046196_1	0.9641210402916335 1KGrel
NA10865 chr1_hg38_103456064_103863972_0$HG00741#2#JAHALX010000013.1_51574319_51981226_0	0.9641202370773855 1KGrel
NA10865 chr1_hg19_103998686_104406594_0$HG00741#2#JAHALX010000013.1_51574319_51981226_0	0.9641202370773855 1KGrel
NA10865 HG01928#1#JAGYVQ010000053.1_16676493_17083407_0$HG01123#1#JAGYYZ010000015.1_51528240_51935090_0	0.9641153619075093 1KGrel
NA10865 HG00438#2#JAHBCA010000012.1_51513023_51826723_0$chr1_chm13_103304997_103901127_0	0.9641146177488593 1KGrel
NA10865 HG02886#1#JAHAOU010000178.1_62411_469262_0$NA19240#2#JAHEOL010000010.1_37445323_37853017_0	0.9641130083507728 1KGrel
NA10865 HG03098#2#JAHEPL010000003.1_93803759_94117426_0$HG01258#1#JAGYYV010000004.1_56955948_57456952_1	0.9641123444080555 1KGrel
NA10865 HG02080#1#JAHEOW010000048.1_16689583_17097287_0$HG02886#1#JAHAOU010000178.1_62411_469262_0	0.9641110900002381 1KGrel
NA10865 HG02559#1#JAGYVK010000012.1_51505852_51913611_0$HG02109#1#JAHEPG010000026.1_16673035_17080816_0	0.9641101205844526 1KGrel
NA10865 HG005#1#JAHEPO010000002.1_51519219_51926067_0$HG01978#2#JAGYVR010000007.1_51532241_51939176_0	0.9641003775228019 1KGrel
NA10865 AV_HG01175#haplotype1#0000070:46006269$46414083$HG01258#2#JAGYYU010000072.1_51562603_51970395_0	0.9640981178688804 1KGrel
NA10865 HG01123#1#JAGYYZ010000015.1_51528240_51935090_0$HG02071.verkko_filt_mat.fa:haplotype1_0000041_103610513_104018399_0	0.9640967450446860 1KGrel
NA10865 HG01258#2#JAGYYU010000072.1_51562603_51970395_0$HG002.verkko_filt_mat.fa:haplotype1_0000005_138228497_138636354_1	0.9640947082353558 1KGrel
NA10865 HG03516#2#JAGYYS010000004.1_24452130_24859892_1$HG03927.verkko_filt_mat.fa:haplotype1_0000009_134765170_135173010_1	0.9640878809531767 1KGrel
NA10865 HG00621#1#JAHBCD010000034.1_2122997_2624098_1$HG002.verkko_filt_pat.fa:haplotype2_0000649_147937390_148315979_1	0.9640841393168041 1KGrel
NA10865 AV_HG01175#haplotype1#0000070:46006269$46414083$HG02717#2#JAHAOR010000006.1_19663827_20070693_1	0.9640815769958866 1KGrel
NA10865 AV_HG00673#haplotype2#0001165:24014011$24421797$HG02486#2#JAGYVL010000029.1_94163344_94570162_0	0.9640709701785545 1KGrel
NA10865 HG02109#2#JAHEPF010000078.1_16678387_16991144_0$HG03927.verkko_filt_pat.fa:haplotype2_0000800_29002142_29504057_1	0.9640683497362056 1KGrel
NA10865 HG02717#2#JAHAOR010000006.1_19663827_20070693_1$HG02004.verkko_filt_mat.fa:haplotype1_0000022_97828542_98235483_0	0.9640647269066769 1KGrel
NA10865 AV_HG00673#haplotype2#0001165:24014011$24421797$HG02717#2#JAHAOR010000006.1_19663827_20070693_1	0.9640641863667305 1KGrel
NA10865 AV_HG01175#haplotype1#0000070:46006269$46414083$HG01123#1#JAGYYZ010000015.1_51528240_51935090_0	0.9640625985488708 1KGrel
NA10865 HG02486#1#JAGYVM010000007.1_28868414_29370339_1$HG02293.verkko_filt_mat.fa:haplotype1_0000039_30204405_30517145_1	0.9640550006900430 1KGrel
NA10865 HG03516#1#JAGYYT010000012.1_24170958_24578778_1$HG02809.verkko_filt_pat.fa:haplotype2_0001251_103421111_103827972_0	0.9640544978071753 1KGrel
NA10865 HG005#2#JAHEPN010000023.1_51542210_51950070_0$HG00741#2#JAHALX010000013.1_51574319_51981226_0	0.9640492649867801 1KGrel
NA10865 HG005#1#JAHEPO010000002.1_51519219_51926067_0$HG02004.verkko_filt_mat.fa:haplotype1_0000022_97828542_98235483_0	0.9640450159807146 1KGrel
NA10865 HG03486#1#JAHEOQ010000123.1_16677696_17085575_0$HG01258#2#JAGYYU010000072.1_51562603_51970395_0	0.9640445856929445 1KGrel
NA10865 AV_HG00673#haplotype2#0001165:24014011$24421797$HG02886#1#JAHAOU010000178.1_62411_469262_0	0.9640363468311206 1KGrel
NA10865 HG01978#2#JAGYVR010000007.1_51532241_51939176_0$HG02717#2#JAHAOR010000006.1_19663827_20070693_1	0.9640324972098631 1KGrel
NA10865 HG02109#1#JAHEPG010000026.1_16673035_17080816_0$HG03516#2#JAGYYS010000004.1_24452130_24859892_1	0.9640281676108713 1KGrel
NA10865 HG005#1#JAHEPO010000002.1_51519219_51926067_0$HG03453#2#JAGYVV010000088.1_22597550_23005370_1	0.9640205866770151 1KGrel
NA10865 HG02717#2#JAHAOR010000006.1_19663827_20070693_1$HG02071.verkko_filt_mat.fa:haplotype1_0000041_103610513_104018399_0	0.9640198048597362 1KGrel
NA10865 HG01928#1#JAGYVQ010000053.1_16676493_17083407_0$HG005#1#JAHEPO010000002.1_51519219_51926067_0	0.9640189937066161 1KGrel
NA10865 HG02723#1#JAHEOU010000204.1_2102082_2414876_1$HG03540#1#JAGYVY010000208.1_95187_596142_0	0.9640141775522293 1KGrel
NA10865 HG00621#2#JAHBCC010000031.1_16669999_17077865_0$HG005#1#JAHEPO010000002.1_51519219_51926067_0	0.9640100545668029 1KGrel
NA10865 NA19240#2#JAHEOL010000010.1_37445323_37853017_0$HG02809.verkko_filt_pat.fa:haplotype2_0001251_103421111_103827972_0	0.9640094953259897 1KGrel
NA10865 HG02486#1#JAGYVM010000007.1_28868414_29370339_1$HG03710.verkko_filt_mat.fa:haplotype1_0000029_102593394_102907063_0	0.9640015542422620 1KGrel
NA10865 AV_HG01361#haplotype2#0001322:101872897$102186552$HG03540#1#JAGYVY010000208.1_95187_596142_0	0.9639998043077925 1KGrel
NA10865 HG03540#1#JAGYVY010000208.1_95187_596142_0$HG02647.verkko_filt_pat.fa:haplotype2_0000857_103738150_104051769_0	0.9639858419196726 1KGrel
NA10865 HG02109#1#JAHEPG010000026.1_16673035_17080816_0$NA19240#1#JAHEOM010000047.1_30103390_30511199_1	0.9639832357341946 1KGrel
NA10865 HG02109#1#JAHEPG010000026.1_16673035_17080816_0$HG03579#1#JAGYVU010000029.1_91404_499180_0	0.9639817601260678 1KGrel
NA10865 HG02630#2#JAHAOP010000089.1_16669255_17076135_0$chr1_hg38_103456064_103863972_0	0.9639738025846427 1KGrel
NA10865 HG02630#2#JAHAOP010000089.1_16669255_17076135_0$chr1_hg19_103998686_104406594_0	0.9639738025846427 1KGrel
NA10865 HG01258#2#JAGYYU010000072.1_51562603_51970395_0$HG02300.verkko_filt_pat.fa:haplotype2_0000620_143362344_143769323_1	0.9639689319588443 1KGrel
NA10865 HG01123#1#JAGYYZ010000015.1_51528240_51935090_0$HG03453#2#JAGYVV010000088.1_22597550_23005370_1	0.9639654631969815 1KGrel
NA10865 HG00741#2#JAHALX010000013.1_51574319_51981226_0$HG002.verkko_filt_mat.fa:haplotype1_0000005_138228497_138636354_1	0.9639639787942516 1KGrel
NA10865 HG03453#2#JAGYVV010000088.1_22597550_23005370_1$HG01258#2#JAGYYU010000072.1_51562603_51970395_0	0.9639615658707523 1KGrel
NA10865 HG02080#1#JAHEOW010000048.1_16689583_17097287_0$HG02486#2#JAGYVL010000029.1_94163344_94570162_0	0.9639611071963642 1KGrel
NA10865 HG03540#1#JAGYVY010000208.1_95187_596142_0$HG01891#1#JAGYVO010000014.1_22855818_23168577_1	0.9639584330994079 1KGrel
NA10865 HG03579#2#JAGYVT010000094.1_51581892_51895531_0$HG03540#1#JAGYVY010000208.1_95187_596142_0	0.9639554226183589 1KGrel
NA10865 HG03579#1#JAGYVU010000029.1_91404_499180_0$HG03927.verkko_filt_mat.fa:haplotype1_0000009_134765170_135173010_1	0.9639546634666246 1KGrel
NA10865 NA19240#1#JAHEOM010000047.1_30103390_30511199_1$HG03927.verkko_filt_mat.fa:haplotype1_0000009_134765170_135173010_1	0.9639499379989624 1KGrel
NA10865 AV_HG00673#haplotype2#0001165:24014011$24421797$HG00741#2#JAHALX010000013.1_51574319_51981226_0	0.9639426355666850 1KGrel
NA10865 HG02630#2#JAHAOP010000089.1_16669255_17076135_0$HG01258#2#JAGYYU010000072.1_51562603_51970395_0	0.9639360244580227 1KGrel
NA10865 HG01258#2#JAGYYU010000072.1_51562603_51970395_0$HG02071.verkko_filt_mat.fa:haplotype1_0000041_103610513_104018399_0	0.9639325471494559 1KGrel
NA10865 AV_HG01175#haplotype1#0000070:46006269$46414083$HG00741#2#JAHALX010000013.1_51574319_51981226_0	0.9639116647745644 1KGrel
NA10865 HG03486#2#JAHEOP010000248.1_2105565_2584784_1$HG01243#1#JAHEOY010000013.1_90081_424495_0	0.9639090464585371 1KGrel
NA10865 HG00621#2#JAHBCC010000031.1_16669999_17077865_0$HG02717#2#JAHAOR010000006.1_19663827_20070693_1	0.9639022571424627 1KGrel
NA10865 HG02818#2#JAHEOR010000010.1_31775319_32183091_1$HG02486#2#JAGYVL010000029.1_94163344_94570162_0	0.9638991162425230 1KGrel
NA10865 AV_HG01361#haplotype2#0001322:101872897$102186552$HG02486#1#JAGYVM010000007.1_28868414_29370339_1	0.9638931827437823 1KGrel
NA10865 HG00621#2#JAHBCC010000031.1_16669999_17077865_0$HG01123#1#JAGYYZ010000015.1_51528240_51935090_0	0.9638912719505313 1KGrel
NA10865 HG005#1#JAHEPO010000002.1_51519219_51926067_0$HG02109#1#JAHEPG010000026.1_16673035_17080816_0	0.9638827317455447 1KGrel
NA10865 HG02559#1#JAGYVK010000012.1_51505852_51913611_0$HG02486#2#JAGYVL010000029.1_94163344_94570162_0	0.9638808210249461 1KGrel
NA10865 HG03492#2#JAHEPH010000288.1_2098270_2432686_1$HG03486#2#JAHEOP010000248.1_2105565_2584784_1	0.9638795450638122 1KGrel
NA10865 HG02486#2#JAGYVL010000029.1_94163344_94570162_0$NA19240#2#JAHEOL010000010.1_37445323_37853017_0	0.9638749868554127 1KGrel
NA10865 HG02818#2#JAHEOR010000010.1_31775319_32183091_1$HG02300.verkko_filt_mat.fa:haplotype1_0000028_144052837_144460586_1	0.9638702462367956 1KGrel
NA10865 HG01928#1#JAGYVQ010000053.1_16676493_17083407_0$HG00741#2#JAHALX010000013.1_51574319_51981226_0	0.9638700307775377 1KGrel
NA10865 HG02723#1#JAHEOU010000204.1_2102082_2414876_1$HG01099.verkko_filt_pat.fa:haplotype2_0000583_143544270_144046196_1	0.9638609960691664 1KGrel
NA10865 HG03453#2#JAGYVV010000088.1_22597550_23005370_1$HG02717#2#JAHAOR010000006.1_19663827_20070693_1	0.9638568569851177 1KGrel
NA10865 AV_HG02148#haplotype2#0002863:16304803$16712699$HG005#1#JAHEPO010000002.1_51519219_51926067_0	0.9638567593619799 1KGrel
NA10865 NA19240#1#JAHEOM010000047.1_30103390_30511199_1$HG02486#2#JAGYVL010000029.1_94163344_94570162_0	0.9638492861394521 1KGrel
NA10865 HG03098#2#JAHEPL010000003.1_93803759_94117426_0$NA18906#2#JAHEON010000009.1_93748295_94249275_0	0.9638428868179196 1KGrel
NA10865 HG01258#1#JAGYYV010000004.1_56955948_57456952_1$HG02886#2#JAHAOT010000031.1_87393_401061_0	0.9638381616929834 1KGrel
NA10865 HG02109#1#JAHEPG010000026.1_16673035_17080816_0$HG02300.verkko_filt_mat.fa:haplotype1_0000028_144052837_144460586_1	0.9638368822513704 1KGrel
NA10865 NA18906#2#JAHEON010000009.1_93748295_94249275_0$HG03710.verkko_filt_mat.fa:haplotype1_0000029_102593394_102907063_0	0.9638358654195635 1KGrel
NA10865 HG01123#1#JAGYYZ010000015.1_51528240_51935090_0$HG02109#1#JAHEPG010000026.1_16673035_17080816_0	0.9638354251824977 1KGrel
NA10865 HG04228.verkko_filt_mat.fa:haplotype1_0000023_103429213_103930285_0$HG002.verkko_filt_pat.fa:haplotype2_0000649_147937390_148315979_1	0.9638320007208794 1KGrel
NA10865 HG005#1#JAHEPO010000002.1_51519219_51926067_0$HG02630#2#JAHAOP010000089.1_16669255_17076135_0	0.9638281994744740 1KGrel
NA10865 HG02818#2#JAHEOR010000010.1_31775319_32183091_1$HG02886#1#JAHAOU010000178.1_62411_469262_0	0.9638253846756328 1KGrel
NA10865 HG01978#2#JAGYVR010000007.1_51532241_51939176_0$HG00741#2#JAHALX010000013.1_51574319_51981226_0	0.9638072641072305 1KGrel
NA10865 HG02559#1#JAGYVK010000012.1_51505852_51913611_0$HG02886#1#JAHAOU010000178.1_62411_469262_0	0.9638068450835756 1KGrel
NA10865 AV_HG02148#haplotype2#0002863:16304803$16712699$HG01258#2#JAGYYU010000072.1_51562603_51970395_0	0.9638056265004173 1KGrel
NA10865 HG02818#2#JAHEOR010000010.1_31775319_32183091_1$HG01099.verkko_filt_mat.fa:haplotype1_0000034_142513097_142920876_1	0.9637861429635659 1KGrel
NA10865 HG00741#2#JAHALX010000013.1_51574319_51981226_0$HG02071.verkko_filt_mat.fa:haplotype1_0000041_103610513_104018399_0	0.9637781267003719 1KGrel
NA10865 HG00621#2#JAHBCC010000031.1_16669999_17077865_0$HG01258#2#JAGYYU010000072.1_51562603_51970395_0	0.9637752758978424 1KGrel
NA10865 HG03453#1#JAGYVW010000157.1_2105722_2585000_1$HG01109#2#JAHEOZ010000047.1_16671232_17151375_0	0.9637703295753731 1KGrel
NA10865 chr1_hg38_103456064_103863972_0$HG02486#2#JAGYVL010000029.1_94163344_94570162_0	0.9637696519879251 1KGrel
NA10865 chr1_hg19_103998686_104406594_0$HG02486#2#JAGYVL010000029.1_94163344_94570162_0	0.9637696519879251 1KGrel
NA10865 AV_HG02148#haplotype2#0002863:16304803$16712699$HG02717#2#JAHAOR010000006.1_19663827_20070693_1	0.9637648273344299 1KGrel
NA10865 HG01928#1#JAGYVQ010000053.1_16676493_17083407_0$HG02630#2#JAHAOP010000089.1_16669255_17076135_0	0.9637638752049683 1KGrel
NA10865 HG03453#1#JAGYVW010000157.1_2105722_2585000_1$NA20129#2#JAHEPD010000155.1_90039_569275_0	0.9637634800960745 1KGrel
NA10865 AV_HG01361#haplotype1#0000023:101593539$102001341$HG02818#2#JAHEOR010000010.1_31775319_32183091_1	0.9637606473786046 1KGrel
NA10865 HG005#2#JAHEPN010000023.1_51542210_51950070_0$HG02486#2#JAGYVL010000029.1_94163344_94570162_0	0.9637600474441634 1KGrel
NA10865 HG03540#1#JAGYVY010000208.1_95187_596142_0$HG03710.verkko_filt_mat.fa:haplotype1_0000029_102593394_102907063_0	0.9637586543881531 1KGrel
NA10865 AV_HG01175#haplotype1#0000070:46006269$46414083$HG02630#2#JAHAOP010000089.1_16669255_17076135_0	0.9637573897650383 1KGrel
NA10865 HG02630#2#JAHAOP010000089.1_16669255_17076135_0$HG01123#1#JAGYYZ010000015.1_51528240_51935090_0	0.9637564062671609 1KGrel
NA10865 HG02559#1#JAGYVK010000012.1_51505852_51913611_0$HG02300.verkko_filt_mat.fa:haplotype1_0000028_144052837_144460586_1	0.9637560299425458 1KGrel
NA10865 HG02109#1#JAHEPG010000026.1_16673035_17080816_0$HG01099.verkko_filt_mat.fa:haplotype1_0000034_142513097_142920876_1	0.9637522316519971 1KGrel
NA10865 HG02886#1#JAHAOU010000178.1_62411_469262_0$NA19240#1#JAHEOM010000047.1_30103390_30511199_1	0.9637515948807649 1KGrel
NA10865 HG01891#1#JAGYVO010000014.1_22855818_23168577_1$HG01099.verkko_filt_pat.fa:haplotype2_0000583_143544270_144046196_1	0.9637494904159918 1KGrel
NA10865 HG03492#2#JAHEPH010000288.1_2098270_2432686_1$HG00438#1#JAHBCB010000015.1_33474867_33954171_0	0.9637462752200114 1KGrel
NA10865 HG01109#1#JAHEPA010000099.1_2104245_2511104_1$HG02109#1#JAHEPG010000026.1_16673035_17080816_0	0.9637459814938817 1KGrel
NA10865 AV_HG02148#haplotype2#0002863:16304803$16712699$HG01123#1#JAGYYZ010000015.1_51528240_51935090_0	0.9637458663632267 1KGrel
NA10865 HG02630#2#JAHAOP010000089.1_16669255_17076135_0$HG005#2#JAHEPN010000023.1_51542210_51950070_0	0.9637360563918512 1KGrel
NA10865 NA19240#1#JAHEOM010000047.1_30103390_30511199_1$HG02300.verkko_filt_mat.fa:haplotype1_0000028_144052837_144460586_1	0.9637326485458124 1KGrel
NA10865 HG005#1#JAHEPO010000002.1_51519219_51926067_0$HG02300.verkko_filt_pat.fa:haplotype2_0000620_143362344_143769323_1	0.9637325548263986 1KGrel
NA10865 HG02486#1#JAGYVM010000007.1_28868414_29370339_1$HG00733#1#JAHEPQ010000019.1_46106835_46420495_0	0.9637282149935269 1KGrel
NA10865 HG01928#1#JAGYVQ010000053.1_16676493_17083407_0$HG02886#1#JAHAOU010000178.1_62411_469262_0	0.9637209012103015 1KGrel
NA10865 HG00741#2#JAHALX010000013.1_51574319_51981226_0$HG02004.verkko_filt_mat.fa:haplotype1_0000022_97828542_98235483_0	0.9637208018185536 1KGrel
NA10865 HG03486#1#JAHEOQ010000123.1_16677696_17085575_0$HG00741#2#JAHALX010000013.1_51574319_51981226_0	0.9637153023197892 1KGrel
NA10865 HG01928#1#JAGYVQ010000053.1_16676493_17083407_0$HG02486#2#JAGYVL010000029.1_94163344_94570162_0	0.9637151787772735 1KGrel
NA10865 HG03927.verkko_filt_mat.fa:haplotype1_0000009_134765170_135173010_1$HG02300.verkko_filt_mat.fa:haplotype1_0000028_144052837_144460586_1	0.9637107004824426 1KGrel
NA10865 HG02080#1#JAHEOW010000048.1_16689583_17097287_0$HG03927.verkko_filt_mat.fa:haplotype1_0000009_134765170_135173010_1	0.9637100034351126 1KGrel
NA10865 AV_HG00673#haplotype2#0001165:24014011$24421797$HG02809.verkko_filt_pat.fa:haplotype2_0001251_103421111_103827972_0	0.9637082454250643 1KGrel
NA10865 HG02818#2#JAHEOR010000010.1_31775319_32183091_1$NA19240#2#JAHEOL010000010.1_37445323_37853017_0	0.9636910995120600 1KGrel
NA10865 HG02630#2#JAHAOP010000089.1_16669255_17076135_0$HG002.verkko_filt_mat.fa:haplotype1_0000005_138228497_138636354_1	0.9636900438341101 1KGrel
NA10865 chr1_hg38_103456064_103863972_0$HG02809.verkko_filt_pat.fa:haplotype2_0001251_103421111_103827972_0	0.9636873101118005 1KGrel
NA10865 chr1_hg19_103998686_104406594_0$HG02809.verkko_filt_pat.fa:haplotype2_0001251_103421111_103827972_0	0.9636873101118005 1KGrel
NA10865 chr1_hg19_103998686_104406594_0$HG02886#1#JAHAOU010000178.1_62411_469262_0	0.9636869181337898 1KGrel
NA10865 HG02886#1#JAHAOU010000178.1_62411_469262_0$chr1_hg38_103456064_103863972_0	0.9636869181337898 1KGrel
NA10865 HG02886#1#JAHAOU010000178.1_62411_469262_0$HG005#2#JAHEPN010000023.1_51542210_51950070_0	0.9636856239552636 1KGrel
NA10865 HG02630#2#JAHAOP010000089.1_16669255_17076135_0$HG02109#1#JAHEPG010000026.1_16673035_17080816_0	0.9636837204645409 1KGrel
NA10865 HG00438#1#JAHBCB010000015.1_33474867_33954171_0$HG01243#1#JAHEOY010000013.1_90081_424495_0	0.9636801422310122 1KGrel
NA10865 HG02559#1#JAGYVK010000012.1_51505852_51913611_0$HG01099.verkko_filt_mat.fa:haplotype1_0000034_142513097_142920876_1	0.9636797397355924 1KGrel
NA10865 HG03516#2#JAGYYS010000004.1_24452130_24859892_1$HG02486#2#JAGYVL010000029.1_94163344_94570162_0	0.9636790460358309 1KGrel
NA10865 HG02723#2#JAHEOT010000034.1_19776337_20321518_1$HG03540#1#JAGYVY010000208.1_95187_596142_0	0.9636656410964511 1KGrel
NA10865 HG03579#1#JAGYVU010000029.1_91404_499180_0$HG02300.verkko_filt_mat.fa:haplotype1_0000028_144052837_144460586_1	0.9636595600938852 1KGrel
NA10865 HG01258#2#JAGYYU010000072.1_51562603_51970395_0$HG02809.verkko_filt_pat.fa:haplotype2_0001251_103421111_103827972_0	0.9636583355319407 1KGrel
NA10865 HG02630#1#JAHAOQ010000102.1_16672145_17079089_0$chr1_chm13_103304997_103901127_0	0.9636555743936902 1KGrel
NA10865 HG02630#2#JAHAOP010000089.1_16669255_17076135_0$HG03453#2#JAGYVV010000088.1_22597550_23005370_1	0.9636540602797670 1KGrel
NA10865 HG01928#1#JAGYVQ010000053.1_16676493_17083407_0$HG02809.verkko_filt_pat.fa:haplotype2_0001251_103421111_103827972_0	0.9636500181733879 1KGrel
NA10865 NA19240#1#JAHEOM010000047.1_30103390_30511199_1$HG01099.verkko_filt_mat.fa:haplotype1_0000034_142513097_142920876_1	0.9636485591988706 1KGrel
NA10865 HG02080#1#JAHEOW010000048.1_16689583_17097287_0$HG02818#2#JAHEOR010000010.1_31775319_32183091_1	0.9636463027382125 1KGrel
NA10865 HG02818#2#JAHEOR010000010.1_31775319_32183091_1$HG03516#1#JAGYYT010000012.1_24170958_24578778_1	0.9636448067931087 1KGrel
NA10865 HG02145#2#JAHKSF010000206.1_1005292_1413195_1$chr1_chm13_103304997_103901127_0	0.9636283193514243 1KGrel
NA10865 HG03927.verkko_filt_mat.fa:haplotype1_0000009_134765170_135173010_1$HG01099.verkko_filt_mat.fa:haplotype1_0000034_142513097_142920876_1	0.9636267748172020 1KGrel
NA10865 HG03516#2#JAGYYS010000004.1_24452130_24859892_1$HG02300.verkko_filt_mat.fa:haplotype1_0000028_144052837_144460586_1	0.9636261382099256 1KGrel
NA10865 HG02647.verkko_filt_pat.fa:haplotype2_0000857_103738150_104051769_0$HG01099.verkko_filt_pat.fa:haplotype2_0000583_143544270_144046196_1	0.9636255784143007 1KGrel
NA10865 HG02109#1#JAHEPG010000026.1_16673035_17080816_0$HG02717#2#JAHAOR010000006.1_19663827_20070693_1	0.9636234300261176 1KGrel
NA10865 HG005#2#JAHEPN010000023.1_51542210_51950070_0$HG02809.verkko_filt_pat.fa:haplotype2_0001251_103421111_103827972_0	0.9636226080116520 1KGrel
NA10865 HG02886#1#JAHAOU010000178.1_62411_469262_0$HG03516#2#JAGYYS010000004.1_24452130_24859892_1	0.9636210388396635 1KGrel
NA10865 HG03453#2#JAGYVV010000088.1_22597550_23005370_1$HG00741#2#JAHALX010000013.1_51574319_51981226_0	0.9636170364497584 1KGrel
NA10865 HG03486#1#JAHEOQ010000123.1_16677696_17085575_0$HG02630#2#JAHAOP010000089.1_16669255_17076135_0	0.9636170310926142 1KGrel
NA10865 HG02630#2#JAHAOP010000089.1_16669255_17076135_0$HG02717#2#JAHAOR010000006.1_19663827_20070693_1	0.9636168600739849 1KGrel
NA10865 HG03579#2#JAGYVT010000094.1_51581892_51895531_0$HG01099.verkko_filt_pat.fa:haplotype2_0000583_143544270_144046196_1	0.9636111439414233 1KGrel
NA10865 HG02647.verkko_filt_pat.fa:haplotype2_0000857_103738150_104051769_0$HG03927.verkko_filt_pat.fa:haplotype2_0000800_29002142_29504057_1	0.9636047181847988 1KGrel
NA10865 HG02080#1#JAHEOW010000048.1_16689583_17097287_0$HG02109#1#JAHEPG010000026.1_16673035_17080816_0	0.9636044560877968 1KGrel
NA10865 HG01109#1#JAHEPA010000099.1_2104245_2511104_1$HG02630#2#JAHAOP010000089.1_16669255_17076135_0	0.9635987276283200 1KGrel
NA10865 HG02886#1#JAHAOU010000178.1_62411_469262_0$HG03579#1#JAGYVU010000029.1_91404_499180_0	0.9635985904715325 1KGrel
NA10865 AV_HG00673#haplotype2#0001165:24014011$24421797$HG02818#2#JAHEOR010000010.1_31775319_32183091_1	0.9635969230519199 1KGrel
NA10865 HG01123#1#JAGYYZ010000015.1_51528240_51935090_0$HG02300.verkko_filt_pat.fa:haplotype2_0000620_143362344_143769323_1	0.9635897693900430 1KGrel
NA10865 HG02717#1#JAHAOS010000015.1_16660311_17067250_0$HG03927.verkko_filt_mat.fa:haplotype1_0000009_134765170_135173010_1	0.9635891356346394 1KGrel
NA10865 HG002.verkko_filt_mat.fa:haplotype1_0000005_138228497_138636354_1$HG02809.verkko_filt_pat.fa:haplotype2_0001251_103421111_103827972_0	0.9635867089302760 1KGrel
NA10865 HG03486#1#JAHEOQ010000123.1_16677696_17085575_0$HG02809.verkko_filt_pat.fa:haplotype2_0001251_103421111_103827972_0	0.9635836837889105 1KGrel
NA10865 AV_HG01361#haplotype2#0001322:101872897$102186552$NA18906#2#JAHEON010000009.1_93748295_94249275_0	0.9635768857830291 1KGrel
NA10865 AV_HG01106#haplotype1#0000048:16666181$17262214$HG02145#2#JAHKSF010000206.1_1005292_1413195_1	0.9635767629660965 1KGrel
NA10865 HG02486#2#JAGYVL010000029.1_94163344_94570162_0$HG03579#1#JAGYVU010000029.1_91404_499180_0	0.9635766588088401 1KGrel
NA10865 AV_HG02257#haplotype2#0001152:102843493$103251377$HG03927.verkko_filt_mat.fa:haplotype1_0000009_134765170_135173010_1	0.9635757084564153 1KGrel
NA10865 HG03579#1#JAGYVU010000029.1_91404_499180_0$HG01099.verkko_filt_mat.fa:haplotype1_0000034_142513097_142920876_1	0.9635752799893813 1KGrel
NA10865 AV_HG01175#haplotype1#0000070:46006269$46414083$HG02809.verkko_filt_pat.fa:haplotype2_0001251_103421111_103827972_0	0.9635739426606215 1KGrel
NA10865 HG01891#1#JAGYVO010000014.1_22855818_23168577_1$HG03927.verkko_filt_pat.fa:haplotype2_0000800_29002142_29504057_1	0.9635693826217928 1KGrel
NA10865 HG02717#2#JAHAOR010000006.1_19663827_20070693_1$HG02300.verkko_filt_pat.fa:haplotype2_0000620_143362344_143769323_1	0.9635687970611535 1KGrel
NA10865 HG01258#2#JAGYYU010000072.1_51562603_51970395_0$HG02486#2#JAGYVL010000029.1_94163344_94570162_0	0.9635618828969471 1KGrel
NA10865 HG02109#1#JAHEPG010000026.1_16673035_17080816_0$HG01258#2#JAGYYU010000072.1_51562603_51970395_0	0.9635612802690275 1KGrel
NA10865 HG03579#2#JAGYVT010000094.1_51581892_51895531_0$HG03927.verkko_filt_pat.fa:haplotype2_0000800_29002142_29504057_1	0.9635584396475545 1KGrel
NA10865 HG02293.verkko_filt_mat.fa:haplotype1_0000039_30204405_30517145_1$HG01099.verkko_filt_pat.fa:haplotype2_0000583_143544270_144046196_1	0.9635529236677775 1KGrel
NA10865 HG02886#1#JAHAOU010000178.1_62411_469262_0$HG01258#2#JAGYYU010000072.1_51562603_51970395_0	0.9635521212906247 1KGrel
NA10865 HG03516#2#JAGYYS010000004.1_24452130_24859892_1$HG01099.verkko_filt_mat.fa:haplotype1_0000034_142513097_142920876_1	0.9635498051614823 1KGrel
NA10865 HG02080#1#JAHEOW010000048.1_16689583_17097287_0$NA19240#1#JAHEOM010000047.1_30103390_30511199_1	0.9635485710241837 1KGrel
NA10865 HG01928#1#JAGYVQ010000053.1_16676493_17083407_0$HG03927.verkko_filt_mat.fa:haplotype1_0000009_134765170_135173010_1	0.9635485031820122 1KGrel
NA10865 HG005#1#JAHEPO010000002.1_51519219_51926067_0$HG02886#1#JAHAOU010000178.1_62411_469262_0	0.9635394109407048 1KGrel
NA10865 HG03540#1#JAGYVY010000208.1_95187_596142_0$HG00733#1#JAHEPQ010000019.1_46106835_46420495_0	0.9635383720545736 1KGrel
NA10865 HG02630#1#JAHAOQ010000102.1_16672145_17079089_0$HG03927.verkko_filt_mat.fa:haplotype1_0000009_134765170_135173010_1	0.9635374598424604 1KGrel
NA10865 AV_HG01361#haplotype2#0001322:101872897$102186552$HG01099.verkko_filt_pat.fa:haplotype2_0000583_143544270_144046196_1	0.9635370511804096 1KGrel
NA10865 HG02630#2#JAHAOP010000089.1_16669255_17076135_0$HG02071.verkko_filt_mat.fa:haplotype1_0000041_103610513_104018399_0	0.9635362505327056 1KGrel
NA10865 NA19240#2#JAHEOL010000010.1_37445323_37853017_0$HG03927.verkko_filt_mat.fa:haplotype1_0000009_134765170_135173010_1	0.9635321885444922 1KGrel
NA10865 HG03453#1#JAGYVW010000157.1_2105722_2585000_1$HG02622#2#JAHAON010000012.1_51551779_52031001_0	0.9635315741878728 1KGrel
NA10865 chr1_chm13_103304997_103901127_0$HG02818#1#JAHEOS010000101.1_89626_496613_0	0.9635314587222834 1KGrel
NA10865 NA19240#1#JAHEOM010000047.1_30103390_30511199_1$NA19240#2#JAHEOL010000010.1_37445323_37853017_0	0.9635296821754248 1KGrel
NA10865 HG02071.verkko_filt_mat.fa:haplotype1_0000041_103610513_104018399_0$HG02809.verkko_filt_pat.fa:haplotype2_0001251_103421111_103827972_0	0.9635281506624868 1KGrel
NA10865 HG01928#1#JAGYVQ010000053.1_16676493_17083407_0$HG02109#1#JAHEPG010000026.1_16673035_17080816_0	0.9635204076259208 1KGrel
NA10865 HG01978#2#JAGYVR010000007.1_51532241_51939176_0$HG02486#2#JAGYVL010000029.1_94163344_94570162_0	0.9635180715660393 1KGrel
NA10865 AV_HG01106#haplotype1#0000048:16666181$17262214$HG02630#1#JAHAOQ010000102.1_16672145_17079089_0	0.9635122965754651 1KGrel
NA10865 HG02145#1#JAHKSG010000134.1_2102465_2647653_1$HG03540#1#JAGYVY010000208.1_95187_596142_0	0.9635088281530363 1KGrel
NA10865 HG02717#1#JAHAOS010000015.1_16660311_17067250_0$chr1_chm13_103304997_103901127_0	0.9635080983569456 1KGrel
NA10865 AV_HG01106#haplotype1#0000048:16666181$17262214$HG02622#1#JAHAOO010000002.1_16673678_17080663_0	0.9635043917301691 1KGrel
NA10865 HG02622#1#JAHAOO010000002.1_16673678_17080663_0$HG03927.verkko_filt_mat.fa:haplotype1_0000009_134765170_135173010_1	0.9635018752542923 1KGrel
NA10865 HG02622#1#JAHAOO010000002.1_16673678_17080663_0$chr1_chm13_103304997_103901127_0	0.9634995196192970 1KGrel
NA10865 HG03540#1#JAGYVY010000208.1_95187_596142_0$HG02293.verkko_filt_mat.fa:haplotype1_0000039_30204405_30517145_1	0.9634993000873733 1KGrel
NA10865 HG02109#1#JAHEPG010000026.1_16673035_17080816_0$NA19240#2#JAHEOL010000010.1_37445323_37853017_0	0.9634960422125978 1KGrel
NA10865 HG02886#2#JAHAOT010000031.1_87393_401061_0$HG02486#1#JAGYVM010000007.1_28868414_29370339_1	0.9634946931415025 1KGrel
NA10865 AV_HG01106#haplotype1#0000048:16666181$17262214$HG02818#1#JAHEOS010000101.1_89626_496613_0	0.9634873525288271 1KGrel
NA10865 HG01978#2#JAGYVR010000007.1_51532241_51939176_0$HG03927.verkko_filt_mat.fa:haplotype1_0000009_134765170_135173010_1	0.9634775343003120 1KGrel
NA10865 AV_HG02257#haplotype2#0001152:102843493$103251377$chr1_chm13_103304997_103901127_0	0.9634770545919028 1KGrel
NA10865 HG02109#1#JAHEPG010000026.1_16673035_17080816_0$HG03516#1#JAGYYT010000012.1_24170958_24578778_1	0.9634710826536885 1KGrel
NA10865 HG02004.verkko_filt_mat.fa:haplotype1_0000022_97828542_98235483_0$HG03927.verkko_filt_mat.fa:haplotype1_0000009_134765170_135173010_1	0.9634708460350018 1KGrel
NA10865 HG01123#1#JAGYYZ010000015.1_51528240_51935090_0$HG02809.verkko_filt_pat.fa:haplotype2_0001251_103421111_103827972_0	0.9634708313513900 1KGrel
NA10865 HG03516#1#JAGYYT010000012.1_24170958_24578778_1$HG03516#2#JAGYYS010000004.1_24452130_24859892_1	0.9634703999801677 1KGrel
NA10865 HG02818#1#JAHEOS010000101.1_89626_496613_0$HG03927.verkko_filt_mat.fa:haplotype1_0000009_134765170_135173010_1	0.9634701003045368 1KGrel
NA10865 HG02486#2#JAGYVL010000029.1_94163344_94570162_0$HG02004.verkko_filt_mat.fa:haplotype1_0000022_97828542_98235483_0	0.9634694777596242 1KGrel
NA10865 HG02559#1#JAGYVK010000012.1_51505852_51913611_0$HG03516#1#JAGYYT010000012.1_24170958_24578778_1	0.9634655526107653 1KGrel
NA10865 HG02559#1#JAGYVK010000012.1_51505852_51913611_0$HG01928#1#JAGYVQ010000053.1_16676493_17083407_0	0.9634651297537263 1KGrel
NA10865 HG02109#1#JAHEPG010000026.1_16673035_17080816_0$HG00741#2#JAHALX010000013.1_51574319_51981226_0	0.9634639686350536 1KGrel
NA10865 AV_HG01361#haplotype1#0000023:101593539$102001341$HG02559#1#JAGYVK010000012.1_51505852_51913611_0	0.9634627079173301 1KGrel
NA10865 NA18906#1#JAHEOO010000054.1_2103477_2510435_1$chr1_chm13_103304997_103901127_0	0.9634574233262858 1KGrel
NA10865 HG005#1#JAHEPO010000002.1_51519219_51926067_0$HG02486#2#JAGYVL010000029.1_94163344_94570162_0	0.9634535849091567 1KGrel
NA10865 HG00621#2#JAHBCC010000031.1_16669999_17077865_0$HG02630#2#JAHAOP010000089.1_16669255_17076135_0	0.9634510693667437 1KGrel
NA10865 HG005#1#JAHEPO010000002.1_51519219_51926067_0$HG02809.verkko_filt_pat.fa:haplotype2_0001251_103421111_103827972_0	0.9634467691056287 1KGrel
NA10865 HG02080#1#JAHEOW010000048.1_16689583_17097287_0$HG02559#1#JAGYVK010000012.1_51505852_51913611_0	0.9634441033479131 1KGrel
NA10865 HG03486#1#JAHEOQ010000123.1_16677696_17085575_0$HG02486#2#JAGYVL010000029.1_94163344_94570162_0	0.9634409065384333 1KGrel
NA10865 HG03710.verkko_filt_mat.fa:haplotype1_0000029_102593394_102907063_0$HG01099.verkko_filt_pat.fa:haplotype2_0000583_143544270_144046196_1	0.9634388844210133 1KGrel
NA10865 AV_HG01361#haplotype1#0000023:101593539$102001341$HG02109#1#JAHEPG010000026.1_16673035_17080816_0	0.9634387877499863 1KGrel
NA10865 HG01928#1#JAGYVQ010000053.1_16676493_17083407_0$HG03516#2#JAGYYS010000004.1_24452130_24859892_1	0.9634387019284215 1KGrel
NA10865 HG02630#2#JAHAOP010000089.1_16669255_17076135_0$HG00741#2#JAHALX010000013.1_51574319_51981226_0	0.9634366981504872 1KGrel
NA10865 HG01928#1#JAGYVQ010000053.1_16676493_17083407_0$HG03579#1#JAGYVU010000029.1_91404_499180_0	0.9634323991665585 1KGrel
NA10865 HG02630#2#JAHAOP010000089.1_16669255_17076135_0$HG01978#2#JAGYVR010000007.1_51532241_51939176_0	0.9634302949076227 1KGrel
NA10865 HG02818#2#JAHEOR010000010.1_31775319_32183091_1$HG01928#1#JAGYVQ010000053.1_16676493_17083407_0	0.9634288707850696 1KGrel
NA10865 HG02886#1#JAHAOU010000178.1_62411_469262_0$HG01978#2#JAGYVR010000007.1_51532241_51939176_0	0.9634275966309545 1KGrel
NA10865 HG02559#1#JAGYVK010000012.1_51505852_51913611_0$NA19240#2#JAHEOL010000010.1_37445323_37853017_0	0.9634248827399766 1KGrel
NA10865 HG02559#2#JAGYVJ010000037.1_52167780_52574597_1$chr1_hg38_103456064_103863972_0	0.9634247845700997 1KGrel
NA10865 HG02559#2#JAGYVJ010000037.1_52167780_52574597_1$chr1_hg19_103998686_104406594_0	0.9634247845700997 1KGrel
NA10865 HG02486#2#JAGYVL010000029.1_94163344_94570162_0$HG02071.verkko_filt_mat.fa:haplotype1_0000041_103610513_104018399_0	0.9634177357350596 1KGrel
NA10865 AV_HG01361#haplotype1#0000023:101593539$102001341$NA19240#1#JAHEOM010000047.1_30103390_30511199_1	0.9634158107259068 1KGrel
NA10865 HG03516#2#JAGYYS010000004.1_24452130_24859892_1$NA19240#2#JAHEOL010000010.1_37445323_37853017_0	0.9634143756364961 1KGrel
NA10865 HG01109#1#JAHEPA010000099.1_2104245_2511104_1$HG01258#2#JAGYYU010000072.1_51562603_51970395_0	0.9634123855949164 1KGrel
NA10865 HG03453#2#JAGYVV010000088.1_22597550_23005370_1$HG02486#2#JAGYVL010000029.1_94163344_94570162_0	0.9634047269464284 1KGrel
NA10865 AV_HG01361#haplotype1#0000023:101593539$102001341$HG03516#2#JAGYYS010000004.1_24452130_24859892_1	0.9634045485010662 1KGrel
NA10865 HG02886#1#JAHAOU010000178.1_62411_469262_0$HG03453#2#JAGYVV010000088.1_22597550_23005370_1	0.9634025483483392 1KGrel
NA10865 HG00621#2#JAHBCC010000031.1_16669999_17077865_0$HG02809.verkko_filt_pat.fa:haplotype2_0001251_103421111_103827972_0	0.9634023092604651 1KGrel
NA10865 HG02886#2#JAHAOT010000031.1_87393_401061_0$NA18906#2#JAHEON010000009.1_93748295_94249275_0	0.9634003781955105 1KGrel
NA10865 AV_HG01106#haplotype1#0000048:16666181$17262214$AV_HG02257#haplotype2#0001152:102843493$103251377	0.9633984263693380 1KGrel
NA10865 HG005#1#JAHEPO010000002.1_51519219_51926067_0$HG01258#2#JAGYYU010000072.1_51562603_51970395_0	0.9633965389393450 1KGrel
NA10865 HG02723#1#JAHEOU010000204.1_2102082_2414876_1$HG03927.verkko_filt_pat.fa:haplotype2_0000800_29002142_29504057_1	0.9633943413218855 1KGrel
NA10865 AV_HG01361#haplotype1#0000023:101593539$102001341$HG03927.verkko_filt_mat.fa:haplotype1_0000009_134765170_135173010_1	0.9633942370255256 1KGrel
NA10865 HG02723#2#JAHEOT010000034.1_19776337_20321518_1$HG01099.verkko_filt_pat.fa:haplotype2_0000583_143544270_144046196_1	0.9633939358409965 1KGrel
NA10865 HG02004.verkko_filt_mat.fa:haplotype1_0000022_97828542_98235483_0$HG02809.verkko_filt_pat.fa:haplotype2_0001251_103421111_103827972_0	0.9633886304283815 1KGrel
NA10865 HG00621#2#JAHBCC010000031.1_16669999_17077865_0$HG00741#2#JAHALX010000013.1_51574319_51981226_0	0.9633821759075266 1KGrel
NA10865 HG02886#1#JAHAOU010000178.1_62411_469262_0$HG02004.verkko_filt_mat.fa:haplotype1_0000022_97828542_98235483_0	0.9633792428469836 1KGrel
NA10865 HG02559#2#JAGYVJ010000037.1_52167780_52574597_1$HG01258#2#JAGYYU010000072.1_51562603_51970395_0	0.9633732863514054 1KGrel
NA10865 HG03453#2#JAGYVV010000088.1_22597550_23005370_1$HG02809.verkko_filt_pat.fa:haplotype2_0001251_103421111_103827972_0	0.9633720438649035 1KGrel
NA10865 HG02080#1#JAHEOW010000048.1_16689583_17097287_0$HG03579#1#JAGYVU010000029.1_91404_499180_0	0.9633715545976046 1KGrel
NA10865 HG02886#2#JAHAOT010000031.1_87393_401061_0$HG03540#1#JAGYVY010000208.1_95187_596142_0	0.9633707126046176 1KGrel
NA10865 HG03453#1#JAGYVW010000157.1_2105722_2585000_1$HG03486#2#JAHEOP010000248.1_2105565_2584784_1	0.9633681681702561 1KGrel
NA10865 HG03516#1#JAGYYT010000012.1_24170958_24578778_1$HG03927.verkko_filt_mat.fa:haplotype1_0000009_134765170_135173010_1	0.9633681115579081 1KGrel
NA10865 HG02080#1#JAHEOW010000048.1_16689583_17097287_0$HG03516#2#JAGYYS010000004.1_24452130_24859892_1	0.9633620348382438 1KGrel
NA10865 HG01123#2#JAGYYY010000006.1_51579630_51892388_0$HG03927.verkko_filt_pat.fa:haplotype2_0000800_29002142_29504057_1	0.9633617440433156 1KGrel
NA10865 HG02630#2#JAHAOP010000089.1_16669255_17076135_0$HG02004.verkko_filt_mat.fa:haplotype1_0000022_97828542_98235483_0	0.9633603011672750 1KGrel
NA10865 AV_HG01175#haplotype1#0000070:46006269$46414083$HG02886#1#JAHAOU010000178.1_62411_469262_0	0.9633569444816051 1KGrel
NA10865 HG02559#2#JAGYVJ010000037.1_52167780_52574597_1$HG002.verkko_filt_mat.fa:haplotype1_0000005_138228497_138636354_1	0.9633562168385374 1KGrel
NA10865 NA18906#1#JAHEOO010000054.1_2103477_2510435_1$HG03927.verkko_filt_mat.fa:haplotype1_0000009_134765170_135173010_1	0.9633521904993612 1KGrel
NA10865 AV_HG00673#haplotype2#0001165:24014011$24421797$HG02559#1#JAGYVK010000012.1_51505852_51913611_0	0.9633467240978826 1KGrel
NA10865 HG02486#2#JAGYVL010000029.1_94163344_94570162_0$HG002.verkko_filt_mat.fa:haplotype1_0000005_138228497_138636354_1	0.9633400541168857 1KGrel
NA10865 HG02109#1#JAHEPG010000026.1_16673035_17080816_0$HG02004.verkko_filt_mat.fa:haplotype1_0000022_97828542_98235483_0	0.9633389581816230 1KGrel
NA10865 HG03486#1#JAHEOQ010000123.1_16677696_17085575_0$HG02886#1#JAHAOU010000178.1_62411_469262_0	0.9633345575341233 1KGrel
NA10865 AV_HG02148#haplotype2#0002863:16304803$16712699$HG00741#2#JAHALX010000013.1_51574319_51981226_0	0.9633332233592842 1KGrel
NA10865 HG02145#1#JAHKSG010000134.1_2102465_2647653_1$HG01099.verkko_filt_pat.fa:haplotype2_0000583_143544270_144046196_1	0.9633329813291451 1KGrel
NA10865 HG01978#2#JAGYVR010000007.1_51532241_51939176_0$HG02809.verkko_filt_pat.fa:haplotype2_0001251_103421111_103827972_0	0.9633325720844242 1KGrel
NA10865 HG02818#2#JAHEOR010000010.1_31775319_32183091_1$HG01978#2#JAGYVR010000007.1_51532241_51939176_0	0.9633260780472754 1KGrel
NA10865 HG03098#2#JAHEPL010000003.1_93803759_94117426_0$HG02486#1#JAGYVM010000007.1_28868414_29370339_1	0.9633248009905960 1KGrel
NA10865 HG01109#1#JAHEPA010000099.1_2104245_2511104_1$HG02486#2#JAGYVL010000029.1_94163344_94570162_0	0.9633167472569300 1KGrel
NA10865 HG02559#1#JAGYVK010000012.1_51505852_51913611_0$HG01978#2#JAGYVR010000007.1_51532241_51939176_0	0.9633149338265852 1KGrel
NA10865 HG02886#1#JAHAOU010000178.1_62411_469262_0$HG02071.verkko_filt_mat.fa:haplotype1_0000041_103610513_104018399_0	0.9633111481646368 1KGrel
NA10865 HG01109#1#JAHEPA010000099.1_2104245_2511104_1$HG02886#1#JAHAOU010000178.1_62411_469262_0	0.9633071761930520 1KGrel
NA10865 AV_HG01106#haplotype1#0000048:16666181$17262214$HG02717#1#JAHAOS010000015.1_16660311_17067250_0	0.9633071101772632 1KGrel
NA10865 AV_HG02148#haplotype2#0002863:16304803$16712699$HG02630#2#JAHAOP010000089.1_16669255_17076135_0	0.9633066184938652 1KGrel
NA10865 HG03516#1#JAGYYT010000012.1_24170958_24578778_1$HG03579#1#JAGYVU010000029.1_91404_499180_0	0.9633055253065689 1KGrel
NA10865 HG02559#2#JAGYVJ010000037.1_52167780_52574597_1$HG005#2#JAHEPN010000023.1_51542210_51950070_0	0.9633045099794442 1KGrel
NA10865 chr1_hg38_103456064_103863972_0$HG03927.verkko_filt_mat.fa:haplotype1_0000009_134765170_135173010_1	0.9633040646999078 1KGrel
NA10865 chr1_hg19_103998686_104406594_0$HG03927.verkko_filt_mat.fa:haplotype1_0000009_134765170_135173010_1	0.9633040646999078 1KGrel
NA10865 AV_HG01106#haplotype1#0000048:16666181$17262214$NA18906#1#JAHEOO010000054.1_2103477_2510435_1	0.9633025487902206 1KGrel
NA10865 HG03486#1#JAHEOQ010000123.1_16677696_17085575_0$HG02559#2#JAGYVJ010000037.1_52167780_52574597_1	0.9632974414728824 1KGrel
NA10865 AV_HG01361#haplotype1#0000023:101593539$102001341$HG03579#1#JAGYVU010000029.1_91404_499180_0	0.9632944023846506 1KGrel
NA10865 HG02109#1#JAHEPG010000026.1_16673035_17080816_0$HG01978#2#JAGYVR010000007.1_51532241_51939176_0	0.9632828218913120 1KGrel
NA10865 AV_HG02148#haplotype2#0002863:16304803$16712699$HG02809.verkko_filt_pat.fa:haplotype2_0001251_103421111_103827972_0	0.9632804000286215 1KGrel
NA10865 HG02630#2#JAHAOP010000089.1_16669255_17076135_0$HG02809.verkko_filt_pat.fa:haplotype2_0001251_103421111_103827972_0	0.9632802006524117 1KGrel
NA10865 HG01928#1#JAGYVQ010000053.1_16676493_17083407_0$NA19240#1#JAHEOM010000047.1_30103390_30511199_1	0.9632754374317940 1KGrel
NA10865 HG01978#2#JAGYVR010000007.1_51532241_51939176_0$HG03579#1#JAGYVU010000029.1_91404_499180_0	0.9632662953951651 1KGrel
NA10865 HG02109#1#JAHEPG010000026.1_16673035_17080816_0$HG02486#2#JAGYVL010000029.1_94163344_94570162_0	0.9632658380798406 1KGrel
NA10865 HG00733#1#JAHEPQ010000019.1_46106835_46420495_0$HG01099.verkko_filt_pat.fa:haplotype2_0000583_143544270_144046196_1	0.9632656526424606 1KGrel
NA10865 HG01109#1#JAHEPA010000099.1_2104245_2511104_1$HG005#1#JAHEPO010000002.1_51519219_51926067_0	0.9632651434227505 1KGrel
NA10865 HG01109#1#JAHEPA010000099.1_2104245_2511104_1$HG02809.verkko_filt_pat.fa:haplotype2_0001251_103421111_103827972_0	0.9632629868576227 1KGrel
NA10865 HG02486#1#JAGYVM010000007.1_28868414_29370339_1$HG04228.verkko_filt_pat.fa:haplotype2_0000600_103806749_104119491_0	0.9632580925593484 1KGrel
NA10865 HG03579#1#JAGYVU010000029.1_91404_499180_0$NA19240#2#JAHEOL010000010.1_37445323_37853017_0	0.9632566770842333 1KGrel
NA10865 HG02145#2#JAHKSF010000206.1_1005292_1413195_1$HG03927.verkko_filt_mat.fa:haplotype1_0000009_134765170_135173010_1	0.9632542917027902 1KGrel
NA10865 HG03516#1#JAGYYT010000012.1_24170958_24578778_1$NA19240#1#JAHEOM010000047.1_30103390_30511199_1	0.9632536079877394 1KGrel
NA10865 HG02559#1#JAGYVK010000012.1_51505852_51913611_0$HG02004.verkko_filt_mat.fa:haplotype1_0000022_97828542_98235483_0	0.9632520312660307 1KGrel
NA10865 HG03579#1#JAGYVU010000029.1_91404_499180_0$HG02004.verkko_filt_mat.fa:haplotype1_0000022_97828542_98235483_0	0.9632431694976693 1KGrel
NA10865 HG01978#2#JAGYVR010000007.1_51532241_51939176_0$HG03516#2#JAGYYS010000004.1_24452130_24859892_1	0.9632407549091159 1KGrel
NA10865 HG02886#1#JAHAOU010000178.1_62411_469262_0$HG002.verkko_filt_mat.fa:haplotype1_0000005_138228497_138636354_1	0.9632335090169974 1KGrel
NA10865 AV_HG00673#haplotype2#0001165:24014011$24421797$HG03516#2#JAGYYS010000004.1_24452130_24859892_1	0.9632326305589374 1KGrel
NA10865 AV_HG01175#haplotype1#0000070:46006269$46414083$HG02486#2#JAGYVL010000029.1_94163344_94570162_0	0.9632310521747653 1KGrel
NA10865 HG00621#2#JAHBCC010000031.1_16669999_17077865_0$HG02486#2#JAGYVL010000029.1_94163344_94570162_0	0.9632195470341268 1KGrel
NA10865 HG00741#2#JAHALX010000013.1_51574319_51981226_0$HG02809.verkko_filt_pat.fa:haplotype2_0001251_103421111_103827972_0	0.9632034946649989 1KGrel
NA10865 HG00741#2#JAHALX010000013.1_51574319_51981226_0$HG02486#2#JAGYVL010000029.1_94163344_94570162_0	0.9632015164175397 1KGrel
NA10865 HG02818#2#JAHEOR010000010.1_31775319_32183091_1$chr1_hg38_103456064_103863972_0	0.9632003798861899 1KGrel
NA10865 HG02818#2#JAHEOR010000010.1_31775319_32183091_1$chr1_hg19_103998686_104406594_0	0.9632003798861899 1KGrel
NA10865 HG01123#1#JAGYYZ010000015.1_51528240_51935090_0$HG02886#1#JAHAOU010000178.1_62411_469262_0	0.9631973771465940 1KGrel
NA10865 HG005#2#JAHEPN010000023.1_51542210_51950070_0$HG03927.verkko_filt_mat.fa:haplotype1_0000009_134765170_135173010_1	0.9631946286667328 1KGrel
NA10865 AV_HG00673#haplotype2#0001165:24014011$24421797$HG03927.verkko_filt_mat.fa:haplotype1_0000009_134765170_135173010_1	0.9631910632023227 1KGrel
NA10865 HG02559#1#JAGYVK010000012.1_51505852_51913611_0$chr1_hg38_103456064_103863972_0	0.9631892812259518 1KGrel
NA10865 HG02559#1#JAGYVK010000012.1_51505852_51913611_0$chr1_hg19_103998686_104406594_0	0.9631892812259518 1KGrel
NA10865 HG03516#2#JAGYYS010000004.1_24452130_24859892_1$HG02004.verkko_filt_mat.fa:haplotype1_0000022_97828542_98235483_0	0.9631856585791216 1KGrel
NA10865 HG02886#1#JAHAOU010000178.1_62411_469262_0$HG00741#2#JAHALX010000013.1_51574319_51981226_0	0.9631760888655544 1KGrel
NA10865 HG01071#1#JAHBCF010000053.1_26607100_27108065_1$HG02723#2#JAHEOT010000034.1_19776337_20321518_1	0.9631707268117423 1KGrel
NA10865 HG02818#2#JAHEOR010000010.1_31775319_32183091_1$HG02004.verkko_filt_mat.fa:haplotype1_0000022_97828542_98235483_0	0.9631682597540683 1KGrel
NA10865 HG02886#1#JAHAOU010000178.1_62411_469262_0$HG02109#1#JAHEPG010000026.1_16673035_17080816_0	0.9631678914409110 1KGrel
NA10865 AV_HG02148#haplotype2#0002863:16304803$16712699$HG02486#2#JAGYVL010000029.1_94163344_94570162_0	0.9631614239635851 1KGrel
NA10865 HG02622#1#JAHAOO010000002.1_16673678_17080663_0$HG02300.verkko_filt_mat.fa:haplotype1_0000028_144052837_144460586_1	0.9631592672990750 1KGrel
NA10865 HG02818#2#JAHEOR010000010.1_31775319_32183091_1$HG02717#1#JAHAOS010000015.1_16660311_17067250_0	0.9631577174754763 1KGrel
NA10865 chr1_hg38_103456064_103863972_0$HG02109#1#JAHEPG010000026.1_16673035_17080816_0	0.9631572322705484 1KGrel
NA10865 chr1_hg19_103998686_104406594_0$HG02109#1#JAHEPG010000026.1_16673035_17080816_0	0.9631572322705484 1KGrel
NA10865 HG01928#1#JAGYVQ010000053.1_16676493_17083407_0$HG02559#2#JAGYVJ010000037.1_52167780_52574597_1	0.9631563459148847 1KGrel
NA10865 HG02622#1#JAHAOO010000002.1_16673678_17080663_0$HG01099.verkko_filt_mat.fa:haplotype1_0000034_142513097_142920876_1	0.9631548100884161 1KGrel
NA10865 AV_HG02257#haplotype2#0001152:102843493$103251377$HG02818#2#JAHEOR010000010.1_31775319_32183091_1	0.9631529359836041 1KGrel
NA10865 HG01978#2#JAGYVR010000007.1_51532241_51939176_0$NA19240#1#JAHEOM010000047.1_30103390_30511199_1	0.9631486708369182 1KGrel
NA10865 HG02559#1#JAGYVK010000012.1_51505852_51913611_0$HG02717#1#JAHAOS010000015.1_16660311_17067250_0	0.9631479727440707 1KGrel
NA10865 HG01928#1#JAGYVQ010000053.1_16676493_17083407_0$HG01099.verkko_filt_mat.fa:haplotype1_0000034_142513097_142920876_1	0.9631456821080896 1KGrel
NA10865 HG03492#2#JAHEPH010000288.1_2098270_2432686_1$NA20129#2#JAHEPD010000155.1_90039_569275_0	0.9631372828892086 1KGrel
NA10865 HG02622#1#JAHAOO010000002.1_16673678_17080663_0$HG03516#2#JAGYYS010000004.1_24452130_24859892_1	0.9631369249213577 1KGrel
NA10865 HG02109#1#JAHEPG010000026.1_16673035_17080816_0$HG005#2#JAHEPN010000023.1_51542210_51950070_0	0.9631335221594711 1KGrel
NA10865 HG02486#1#JAGYVM010000007.1_28868414_29370339_1$HG02109#2#JAHEPF010000078.1_16678387_16991144_0	0.9631334918296798 1KGrel
NA10865 HG03098#2#JAHEPL010000003.1_93803759_94117426_0$HG03927.verkko_filt_pat.fa:haplotype2_0000800_29002142_29504057_1	0.9631316702931391 1KGrel
NA10865 NA18906#2#JAHEON010000009.1_93748295_94249275_0$HG00733#1#JAHEPQ010000019.1_46106835_46420495_0	0.9631304088660574 1KGrel
NA10865 chr1_chm13_103304997_103901127_0$HG002.verkko_filt_pat.fa:haplotype2_0000649_147937390_148315979_1	0.9631242278879293 1KGrel
NA10865 HG02559#2#JAGYVJ010000037.1_52167780_52574597_1$HG02071.verkko_filt_mat.fa:haplotype1_0000041_103610513_104018399_0	0.9631216254767397 1KGrel
NA10865 AV_HG01175#haplotype1#0000070:46006269$46414083$HG03927.verkko_filt_mat.fa:haplotype1_0000009_134765170_135173010_1	0.9631198108395176 1KGrel
NA10865 HG01123#1#JAGYYZ010000015.1_51528240_51935090_0$HG01258#2#JAGYYU010000072.1_51562603_51970395_0	0.9631187932474783 1KGrel
NA10865 AV_HG00673#haplotype2#0001165:24014011$24421797$NA19240#1#JAHEOM010000047.1_30103390_30511199_1	0.9631168539501845 1KGrel
NA10865 chr1_hg38_103456064_103863972_0$HG03516#2#JAGYYS010000004.1_24452130_24859892_1	0.9631151070956278 1KGrel
NA10865 chr1_hg19_103998686_104406594_0$HG03516#2#JAGYYS010000004.1_24452130_24859892_1	0.9631151070956278 1KGrel
NA10865 HG02717#1#JAHAOS010000015.1_16660311_17067250_0$HG03516#2#JAGYYS010000004.1_24452130_24859892_1	0.9631142817183060 1KGrel
NA10865 HG01109#1#JAHEPA010000099.1_2104245_2511104_1$HG01123#1#JAGYYZ010000015.1_51528240_51935090_0	0.9631139876785708 1KGrel
NA10865 HG01123#1#JAGYYZ010000015.1_51528240_51935090_0$HG02486#2#JAGYVL010000029.1_94163344_94570162_0	0.9631115186928078 1KGrel
NA10865 HG01928#1#JAGYVQ010000053.1_16676493_17083407_0$HG02300.verkko_filt_mat.fa:haplotype1_0000028_144052837_144460586_1	0.9631101686975779 1KGrel
NA10865 NA18906#2#JAHEON010000009.1_93748295_94249275_0$HG02293.verkko_filt_mat.fa:haplotype1_0000039_30204405_30517145_1	0.9631076997483082 1KGrel
NA10865 HG00438#2#JAHBCA010000012.1_51513023_51826723_0$NA18906#2#JAHEON010000009.1_93748295_94249275_0	0.9631060732911590 1KGrel
NA10865 HG00741#2#JAHALX010000013.1_51574319_51981226_0$HG02300.verkko_filt_pat.fa:haplotype2_0000620_143362344_143769323_1	0.9631044422149460 1KGrel
NA10865 HG01123#2#JAGYYY010000006.1_51579630_51892388_0$HG02486#1#JAGYVM010000007.1_28868414_29370339_1	0.9631033398382129 1KGrel
NA10865 chr1_hg38_103456064_103863972_0$HG03579#1#JAGYVU010000029.1_91404_499180_0	0.9631007383871139 1KGrel
NA10865 chr1_hg19_103998686_104406594_0$HG03579#1#JAGYVU010000029.1_91404_499180_0	0.9631007383871139 1KGrel
NA10865 HG01258#2#JAGYYU010000072.1_51562603_51970395_0$HG02717#2#JAHAOR010000006.1_19663827_20070693_1	0.9630980763708186 1KGrel
NA10865 HG02559#1#JAGYVK010000012.1_51505852_51913611_0$HG005#2#JAHEPN010000023.1_51542210_51950070_0	0.9630948424041685 1KGrel
NA10865 chr1_hg38_103456064_103863972_0$NA19240#1#JAHEOM010000047.1_30103390_30511199_1	0.9630946395741726 1KGrel
NA10865 chr1_hg19_103998686_104406594_0$NA19240#1#JAHEOM010000047.1_30103390_30511199_1	0.9630946395741726 1KGrel
NA10865 HG02630#2#JAHAOP010000089.1_16669255_17076135_0$HG02300.verkko_filt_pat.fa:haplotype2_0000620_143362344_143769323_1	0.9630937141949476 1KGrel
NA10865 HG02300.verkko_filt_pat.fa:haplotype2_0000620_143362344_143769323_1$HG02809.verkko_filt_pat.fa:haplotype2_0001251_103421111_103827972_0	0.9630926337702594 1KGrel
NA10865 HG00621#2#JAHBCC010000031.1_16669999_17077865_0$HG02559#2#JAGYVJ010000037.1_52167780_52574597_1	0.9630919263312798 1KGrel
NA10865 HG02559#1#JAGYVK010000012.1_51505852_51913611_0$HG02622#1#JAHAOO010000002.1_16673678_17080663_0	0.9630919087977597 1KGrel
NA10865 HG00621#2#JAHBCC010000031.1_16669999_17077865_0$HG02886#1#JAHAOU010000178.1_62411_469262_0	0.9630891020433572 1KGrel
NA10865 HG02559#2#JAGYVJ010000037.1_52167780_52574597_1$HG01978#2#JAGYVR010000007.1_51532241_51939176_0	0.9630863422389391 1KGrel
NA10865 HG005#2#JAHEPN010000023.1_51542210_51950070_0$HG03579#1#JAGYVU010000029.1_91404_499180_0	0.9630859309483051 1KGrel
NA10865 HG02717#2#JAHAOR010000006.1_19663827_20070693_1$HG02809.verkko_filt_pat.fa:haplotype2_0001251_103421111_103827972_0	0.9630841545508863 1KGrel
NA10865 HG02818#2#JAHEOR010000010.1_31775319_32183091_1$HG02622#1#JAHAOO010000002.1_16673678_17080663_0	0.9630801009391802 1KGrel
NA10865 HG03927.verkko_filt_mat.fa:haplotype1_0000009_134765170_135173010_1$HG002.verkko_filt_mat.fa:haplotype1_0000005_138228497_138636354_1	0.9630762899720438 1KGrel
NA10865 HG02818#2#JAHEOR010000010.1_31775319_32183091_1$HG005#2#JAHEPN010000023.1_51542210_51950070_0	0.9630749144603599 1KGrel
NA10865 HG02486#2#JAGYVL010000029.1_94163344_94570162_0$HG02717#2#JAHAOR010000006.1_19663827_20070693_1	0.9630747186131881 1KGrel
NA10865 HG02886#1#JAHAOU010000178.1_62411_469262_0$HG02717#2#JAHAOR010000006.1_19663827_20070693_1	0.9630730262216226 1KGrel
NA10865 AV_HG02148#haplotype2#0002863:16304803$16712699$HG02886#1#JAHAOU010000178.1_62411_469262_0	0.9630711556919356 1KGrel
NA10865 AV_HG02257#haplotype2#0001152:102843493$103251377$HG03516#2#JAGYYS010000004.1_24452130_24859892_1	0.9630682566595284 1KGrel
NA10865 HG005#2#JAHEPN010000023.1_51542210_51950070_0$HG03516#2#JAGYYS010000004.1_24452130_24859892_1	0.9630682323010301 1KGrel
NA10865 HG02818#2#JAHEOR010000010.1_31775319_32183091_1$HG02818#1#JAHEOS010000101.1_89626_496613_0	0.9630633983860132 1KGrel
NA10865 AV_HG02257#haplotype2#0001152:102843493$103251377$HG02559#1#JAGYVK010000012.1_51505852_51913611_0	0.9630624069296133 1KGrel
NA10865 HG01109#1#JAHEPA010000099.1_2104245_2511104_1$HG002.verkko_filt_mat.fa:haplotype1_0000005_138228497_138636354_1	0.9630596972642658 1KGrel
NA10865 AV_HG00673#haplotype2#0001165:24014011$24421797$HG03579#1#JAGYVU010000029.1_91404_499180_0	0.9630588417694239 1KGrel
NA10865 AV_HG02257#haplotype2#0001152:102843493$103251377$HG03579#1#JAGYVU010000029.1_91404_499180_0	0.9630537538449423 1KGrel
NA10865 HG02717#1#JAHAOS010000015.1_16660311_17067250_0$HG03579#1#JAGYVU010000029.1_91404_499180_0	0.9630514371238725 1KGrel
NA10865 HG02622#1#JAHAOO010000002.1_16673678_17080663_0$HG03579#1#JAGYVU010000029.1_91404_499180_0	0.9630511108982373 1KGrel
NA10865 NA20129#2#JAHEPD010000155.1_90039_569275_0$HG01243#1#JAHEOY010000013.1_90081_424495_0	0.9630473035593254 1KGrel
NA10865 HG02080#1#JAHEOW010000048.1_16689583_17097287_0$HG02622#1#JAHAOO010000002.1_16673678_17080663_0	0.9630468891257249 1KGrel
NA10865 NA19240#1#JAHEOM010000047.1_30103390_30511199_1$HG02004.verkko_filt_mat.fa:haplotype1_0000022_97828542_98235483_0	0.9630466329799193 1KGrel
NA10865 HG03453#2#JAGYVV010000088.1_22597550_23005370_1$HG02109#1#JAHEPG010000026.1_16673035_17080816_0	0.9630430549172118 1KGrel
NA10865 AV_HG00673#haplotype2#0001165:24014011$24421797$HG02109#1#JAHEPG010000026.1_16673035_17080816_0	0.9630428690350443 1KGrel
NA10865 HG04228.verkko_filt_pat.fa:haplotype2_0000600_103806749_104119491_0$HG03927.verkko_filt_pat.fa:haplotype2_0000800_29002142_29504057_1	0.9630391651283743 1KGrel
NA10865 HG01109#1#JAHEPA010000099.1_2104245_2511104_1$chr1_hg38_103456064_103863972_0	0.9630327747024281 1KGrel
NA10865 HG01109#1#JAHEPA010000099.1_2104245_2511104_1$chr1_hg19_103998686_104406594_0	0.9630327747024281 1KGrel
NA10865 HG02486#2#JAGYVL010000029.1_94163344_94570162_0$HG02300.verkko_filt_pat.fa:haplotype2_0000620_143362344_143769323_1	0.9630300546170227 1KGrel
NA10865 NA20129#2#JAHEPD010000155.1_90039_569275_0$HG02622#2#JAHAON010000012.1_51551779_52031001_0	0.9630187713121856 1KGrel
NA10865 AV_HG01175#haplotype1#0000070:46006269$46414083$HG02109#1#JAHEPG010000026.1_16673035_17080816_0	0.9630121294350715 1KGrel
NA10865 HG00438#2#JAHBCA010000012.1_51513023_51826723_0$HG02486#1#JAGYVM010000007.1_28868414_29370339_1	0.9630089911112202 1KGrel
NA10865 HG005#1#JAHEPO010000002.1_51519219_51926067_0$HG02717#2#JAHAOR010000006.1_19663827_20070693_1	0.9630061102649340 1KGrel
NA10865 HG02559#1#JAGYVK010000012.1_51505852_51913611_0$HG02630#1#JAHAOQ010000102.1_16672145_17079089_0	0.9630001728692318 1KGrel
NA10865 HG02723#2#JAHEOT010000034.1_19776337_20321518_1$HG03927.verkko_filt_pat.fa:haplotype2_0000800_29002142_29504057_1	0.9629998843501868 1KGrel
NA10865 AV_HG01106#haplotype1#0000048:16666181$17262214$HG002.verkko_filt_pat.fa:haplotype2_0000649_147937390_148315979_1	0.9629979398722087 1KGrel
NA10865 HG03710.verkko_filt_mat.fa:haplotype1_0000029_102593394_102907063_0$HG03927.verkko_filt_pat.fa:haplotype2_0000800_29002142_29504057_1	0.9629978128092028 1KGrel
NA10865 HG02717#1#JAHAOS010000015.1_16660311_17067250_0$NA19240#1#JAHEOM010000047.1_30103390_30511199_1	0.9629959558726626 1KGrel
NA10865 HG02818#2#JAHEOR010000010.1_31775319_32183091_1$HG02630#1#JAHAOQ010000102.1_16672145_17079089_0	0.9629941727446445 1KGrel
NA10865 HG02559#2#JAGYVJ010000037.1_52167780_52574597_1$HG02109#1#JAHEPG010000026.1_16673035_17080816_0	0.9629878224662389 1KGrel
NA10865 AV_HG02257#haplotype2#0001152:102843493$103251377$HG01099.verkko_filt_mat.fa:haplotype1_0000034_142513097_142920876_1	0.9629844187635974 1KGrel
NA10865 HG02818#1#JAHEOS010000101.1_89626_496613_0$HG01099.verkko_filt_mat.fa:haplotype1_0000034_142513097_142920876_1	0.9629823618771688 1KGrel
NA10865 HG01071#1#JAHBCF010000053.1_26607100_27108065_1$HG02109#2#JAHEPF010000078.1_16678387_16991144_0	0.9629802686950717 1KGrel
NA10865 HG02559#2#JAGYVJ010000037.1_52167780_52574597_1$HG02630#2#JAHAOP010000089.1_16669255_17076135_0	0.9629797183051551 1KGrel
NA10865 HG00438#2#JAHBCA010000012.1_51513023_51826723_0$HG03540#1#JAGYVY010000208.1_95187_596142_0	0.9629733239840158 1KGrel
NA10865 AV_HG02257#haplotype2#0001152:102843493$103251377$HG02300.verkko_filt_mat.fa:haplotype1_0000028_144052837_144460586_1	0.9629730313306750 1KGrel
NA10865 HG03486#1#JAHEOQ010000123.1_16677696_17085575_0$HG03927.verkko_filt_mat.fa:haplotype1_0000009_134765170_135173010_1	0.9629721650477830 1KGrel
NA10865 HG02818#1#JAHEOS010000101.1_89626_496613_0$HG02300.verkko_filt_mat.fa:haplotype1_0000028_144052837_144460586_1	0.9629709637106245 1KGrel
NA10865 AV_HG01361#haplotype1#0000023:101593539$102001341$HG02559#2#JAGYVJ010000037.1_52167780_52574597_1	0.9629705792758979 1KGrel
NA10865 HG03453#2#JAGYVV010000088.1_22597550_23005370_1$HG03927.verkko_filt_mat.fa:haplotype1_0000009_134765170_135173010_1	0.9629698782210028 1KGrel
NA10865 AV_HG02257#haplotype2#0001152:102843493$103251377$NA19240#1#JAHEOM010000047.1_30103390_30511199_1	0.9629674074375819 1KGrel
NA10865 HG02559#1#JAGYVK010000012.1_51505852_51913611_0$HG02818#1#JAHEOS010000101.1_89626_496613_0	0.9629647114374381 1KGrel
NA10865 HG03492#2#JAHEPH010000288.1_2098270_2432686_1$HG02622#2#JAHAON010000012.1_51551779_52031001_0	0.9629626930391060 1KGrel
NA10865 HG005#2#JAHEPN010000023.1_51542210_51950070_0$NA19240#1#JAHEOM010000047.1_30103390_30511199_1	0.9629612345409890 1KGrel
NA10865 HG02630#1#JAHAOQ010000102.1_16672145_17079089_0$HG03579#1#JAGYVU010000029.1_91404_499180_0	0.9629596701847047 1KGrel
NA10865 HG02630#1#JAHAOQ010000102.1_16672145_17079089_0$HG03516#2#JAGYYS010000004.1_24452130_24859892_1	0.9629583668247539 1KGrel
NA10865 HG02559#2#JAGYVJ010000037.1_52167780_52574597_1$HG01099.verkko_filt_mat.fa:haplotype1_0000034_142513097_142920876_1	0.9629561424349576 1KGrel
NA10865 HG005#1#JAHEPO010000002.1_51519219_51926067_0$HG01123#1#JAGYYZ010000015.1_51528240_51935090_0	0.9629556145483359 1KGrel
NA10865 HG02109#1#JAHEPG010000026.1_16673035_17080816_0$HG002.verkko_filt_mat.fa:haplotype1_0000005_138228497_138636354_1	0.9629527385250776 1KGrel
NA10865 HG01109#1#JAHEPA010000099.1_2104245_2511104_1$HG02717#2#JAHAOR010000006.1_19663827_20070693_1	0.9629510217351032 1KGrel
NA10865 HG02818#1#JAHEOS010000101.1_89626_496613_0$HG03579#1#JAGYVU010000029.1_91404_499180_0	0.9629480188980285 1KGrel
NA10865 HG01258#2#JAGYYU010000072.1_51562603_51970395_0$HG00741#2#JAHALX010000013.1_51574319_51981226_0	0.9629422006245079 1KGrel
NA10865 HG00438#1#JAHBCB010000015.1_33474867_33954171_0$HG03492#1#JAHEPI010000180.1_2103395_2543326_1	0.9629412813589807 1KGrel
NA10865 HG03516#2#JAGYYS010000004.1_24452130_24859892_1$HG02818#1#JAHEOS010000101.1_89626_496613_0	0.9629384859481414 1KGrel
NA10865 AV_HG01361#haplotype1#0000023:101593539$102001341$HG01928#1#JAGYVQ010000053.1_16676493_17083407_0	0.9629364289303991 1KGrel
NA10865 HG02071.verkko_filt_mat.fa:haplotype1_0000041_103610513_104018399_0$HG03927.verkko_filt_mat.fa:haplotype1_0000009_134765170_135173010_1	0.9629306604031531 1KGrel
NA10865 HG02818#2#JAHEOR010000010.1_31775319_32183091_1$HG02145#2#JAHKSF010000206.1_1005292_1413195_1	0.9629273338312333 1KGrel
NA10865 HG02723#2#JAHEOT010000034.1_19776337_20321518_1$HG01258#1#JAGYYV010000004.1_56955948_57456952_1	0.9629244303136155 1KGrel
NA10865 HG01109#1#JAHEPA010000099.1_2104245_2511104_1$HG005#2#JAHEPN010000023.1_51542210_51950070_0	0.9629242636802081 1KGrel
NA10865 HG01109#1#JAHEPA010000099.1_2104245_2511104_1$HG03486#1#JAHEOQ010000123.1_16677696_17085575_0	0.9629241385234042 1KGrel
NA10865 HG02486#2#JAGYVL010000029.1_94163344_94570162_0$HG02809.verkko_filt_pat.fa:haplotype2_0001251_103421111_103827972_0	0.9629240198642728 1KGrel
NA10865 HG02145#1#JAHKSG010000134.1_2102465_2647653_1$HG03927.verkko_filt_pat.fa:haplotype2_0000800_29002142_29504057_1	0.9629239367194600 1KGrel
NA10865 HG02622#2#JAHAON010000012.1_51551779_52031001_0$HG01243#1#JAHEOY010000013.1_90081_424495_0	0.9629205067382882 1KGrel
NA10865 HG02886#2#JAHAOT010000031.1_87393_401061_0$HG01099.verkko_filt_pat.fa:haplotype2_0000583_143544270_144046196_1	0.9629157538993232 1KGrel
NA10865 HG02886#1#JAHAOU010000178.1_62411_469262_0$HG02809.verkko_filt_pat.fa:haplotype2_0001251_103421111_103827972_0	0.9629140786147677 1KGrel
NA10865 HG02559#2#JAGYVJ010000037.1_52167780_52574597_1$HG02004.verkko_filt_mat.fa:haplotype1_0000022_97828542_98235483_0	0.9629110825563925 1KGrel
NA10865 HG02717#1#JAHAOS010000015.1_16660311_17067250_0$HG01099.verkko_filt_mat.fa:haplotype1_0000034_142513097_142920876_1	0.9629035920618703 1KGrel
NA10865 HG02109#1#JAHEPG010000026.1_16673035_17080816_0$HG02071.verkko_filt_mat.fa:haplotype1_0000041_103610513_104018399_0	0.9629023359592861 1KGrel
NA10865 HG02886#1#JAHAOU010000178.1_62411_469262_0$HG02300.verkko_filt_pat.fa:haplotype2_0000620_143362344_143769323_1	0.9628994895361268 1KGrel
NA10865 HG02818#2#JAHEOR010000010.1_31775319_32183091_1$NA18906#1#JAHEOO010000054.1_2103477_2510435_1	0.9628967233451721 1KGrel
NA10865 HG02080#1#JAHEOW010000048.1_16689583_17097287_0$HG01928#1#JAGYVQ010000053.1_16676493_17083407_0	0.9628938950809106 1KGrel
NA10865 HG02630#1#JAHAOQ010000102.1_16672145_17079089_0$NA19240#1#JAHEOM010000047.1_30103390_30511199_1	0.9628883772471664 1KGrel
NA10865 AV_HG01361#haplotype1#0000023:101593539$102001341$HG02622#1#JAHAOO010000002.1_16673678_17080663_0	0.9628816468268649 1KGrel
NA10865 AV_HG02257#haplotype2#0001152:102843493$103251377$HG02080#1#JAHEOW010000048.1_16689583_17097287_0	0.9628766293404741 1KGrel
NA10865 HG02559#1#JAGYVK010000012.1_51505852_51913611_0$NA18906#1#JAHEOO010000054.1_2103477_2510435_1	0.9628548391406246 1KGrel
NA10865 NA19240#1#JAHEOM010000047.1_30103390_30511199_1$HG02818#1#JAHEOS010000101.1_89626_496613_0	0.9628539893931919 1KGrel
NA10865 HG02004.verkko_filt_mat.fa:haplotype1_0000022_97828542_98235483_0$HG02300.verkko_filt_mat.fa:haplotype1_0000028_144052837_144460586_1	0.9628487322988640 1KGrel
NA10865 HG02559#1#JAGYVK010000012.1_51505852_51913611_0$HG02145#2#JAHKSF010000206.1_1005292_1413195_1	0.9628445756739151 1KGrel
NA10865 HG01928#1#JAGYVQ010000053.1_16676493_17083407_0$NA19240#2#JAHEOL010000010.1_37445323_37853017_0	0.9628425660118313 1KGrel
NA10865 HG02080#1#JAHEOW010000048.1_16689583_17097287_0$HG02818#1#JAHEOS010000101.1_89626_496613_0	0.9628424928140357 1KGrel
NA10865 HG02630#2#JAHAOP010000089.1_16669255_17076135_0$HG02486#2#JAGYVL010000029.1_94163344_94570162_0	0.9628412512903224 1KGrel
NA10865 AV_HG01175#haplotype1#0000070:46006269$46414083$HG02559#2#JAGYVJ010000037.1_52167780_52574597_1	0.9628396199810335 1KGrel
NA10865 HG03492#1#JAHEPI010000180.1_2103395_2543326_1$HG03516#2#JAGYYS010000004.1_24452130_24859892_1	0.9628389699914999 1KGrel
NA10865 HG01109#1#JAHEPA010000099.1_2104245_2511104_1$HG01928#1#JAGYVQ010000053.1_16676493_17083407_0	0.9628334132689363 1KGrel
NA10865 HG01978#2#JAGYVR010000007.1_51532241_51939176_0$HG02300.verkko_filt_mat.fa:haplotype1_0000028_144052837_144460586_1	0.9628325017231669 1KGrel
NA10865 HG03486#1#JAHEOQ010000123.1_16677696_17085575_0$HG02109#1#JAHEPG010000026.1_16673035_17080816_0	0.9628309057566919 1KGrel
NA10865 HG02818#2#JAHEOR010000010.1_31775319_32183091_1$HG002.verkko_filt_mat.fa:haplotype1_0000005_138228497_138636354_1	0.9628212741189075 1KGrel
NA10865 HG01071#1#JAHBCF010000053.1_26607100_27108065_1$HG02145#1#JAHKSG010000134.1_2102465_2647653_1	0.9628167105972545 1KGrel
NA10865 AV_HG01175#haplotype1#0000070:46006269$46414083$HG02559#1#JAGYVK010000012.1_51505852_51913611_0	0.9628133308408681 1KGrel
NA10865 HG02559#2#JAGYVJ010000037.1_52167780_52574597_1$HG01123#1#JAGYYZ010000015.1_51528240_51935090_0	0.9628121347749575 1KGrel
NA10865 HG02717#1#JAHAOS010000015.1_16660311_17067250_0$HG02300.verkko_filt_mat.fa:haplotype1_0000028_144052837_144460586_1	0.9628119620690766 1KGrel
NA10865 HG02559#2#JAGYVJ010000037.1_52167780_52574597_1$HG03453#2#JAGYVV010000088.1_22597550_23005370_1	0.9628068736385352 1KGrel
NA10865 AV_HG01361#haplotype1#0000023:101593539$102001341$HG02818#1#JAHEOS010000101.1_89626_496613_0	0.9627966482849756 1KGrel
NA10865 AV_HG01175#haplotype1#0000070:46006269$46414083$HG03579#1#JAGYVU010000029.1_91404_499180_0	0.9627964863031222 1KGrel
NA10865 HG02559#2#JAGYVJ010000037.1_52167780_52574597_1$HG02300.verkko_filt_mat.fa:haplotype1_0000028_144052837_144460586_1	0.9627928209726763 1KGrel
NA10865 HG005#1#JAHEPO010000002.1_51519219_51926067_0$HG02559#2#JAGYVJ010000037.1_52167780_52574597_1	0.9627885507205226 1KGrel
NA10865 HG02622#1#JAHAOO010000002.1_16673678_17080663_0$NA19240#2#JAHEOL010000010.1_37445323_37853017_0	0.9627878542877468 1KGrel
NA10865 HG02004.verkko_filt_mat.fa:haplotype1_0000022_97828542_98235483_0$HG01099.verkko_filt_mat.fa:haplotype1_0000034_142513097_142920876_1	0.9627804472732795 1KGrel
NA10865 HG01928#1#JAGYVQ010000053.1_16676493_17083407_0$HG03516#1#JAGYYT010000012.1_24170958_24578778_1	0.9627797000592617 1KGrel
NA10865 HG03492#1#JAHEPI010000180.1_2103395_2543326_1$HG03579#1#JAGYVU010000029.1_91404_499180_0	0.9627785936176131 1KGrel
NA10865 HG02559#1#JAGYVK010000012.1_51505852_51913611_0$HG002.verkko_filt_mat.fa:haplotype1_0000005_138228497_138636354_1	0.9627777956606870 1KGrel
NA10865 AV_HG01361#haplotype1#0000023:101593539$102001341$HG02004.verkko_filt_mat.fa:haplotype1_0000022_97828542_98235483_0	0.9627709062923797 1KGrel
NA10865 AV_HG01175#haplotype1#0000070:46006269$46414083$HG03516#2#JAGYYS010000004.1_24452130_24859892_1	0.9627708419040221 1KGrel
NA10865 HG03492#1#JAHEPI010000180.1_2103395_2543326_1$HG02300.verkko_filt_mat.fa:haplotype1_0000028_144052837_144460586_1	0.9627705943914004 1KGrel
NA10865 NA18906#1#JAHEOO010000054.1_2103477_2510435_1$NA19240#1#JAHEOM010000047.1_30103390_30511199_1	0.9627669214615857 1KGrel
NA10865 HG02486#1#JAGYVM010000007.1_28868414_29370339_1$HG02647.verkko_filt_pat.fa:haplotype2_0000857_103738150_104051769_0	0.9627650464318357 1KGrel
NA10865 HG01978#2#JAGYVR010000007.1_51532241_51939176_0$HG01099.verkko_filt_mat.fa:haplotype1_0000034_142513097_142920876_1	0.9627640731051370 1KGrel
NA10865 HG02145#2#JAHKSF010000206.1_1005292_1413195_1$HG03516#2#JAGYYS010000004.1_24452130_24859892_1	0.9627624177126591 1KGrel
NA10865 AV_HG01106#haplotype1#0000048:16666181$17262214$HG01109#2#JAHEOZ010000047.1_16671232_17151375_0	0.9627620920973816 1KGrel
NA10865 HG02630#1#JAHAOQ010000102.1_16672145_17079089_0$HG02300.verkko_filt_mat.fa:haplotype1_0000028_144052837_144460586_1	0.9627600582500200 1KGrel
NA10865 HG02622#1#JAHAOO010000002.1_16673678_17080663_0$NA19240#1#JAHEOM010000047.1_30103390_30511199_1	0.9627598642727534 1KGrel
NA10865 NA18906#1#JAHEOO010000054.1_2103477_2510435_1$HG03579#1#JAGYVU010000029.1_91404_499180_0	0.9627582750377460 1KGrel
NA10865 HG02630#1#JAHAOQ010000102.1_16672145_17079089_0$HG01099.verkko_filt_mat.fa:haplotype1_0000034_142513097_142920876_1	0.9627553122445164 1KGrel
NA10865 HG01109#1#JAHEPA010000099.1_2104245_2511104_1$HG02071.verkko_filt_mat.fa:haplotype1_0000041_103610513_104018399_0	0.9627552144412441 1KGrel
NA10865 HG005#2#JAHEPN010000023.1_51542210_51950070_0$HG02300.verkko_filt_mat.fa:haplotype1_0000028_144052837_144460586_1	0.9627550409856080 1KGrel
NA10865 AV_HG01175#haplotype1#0000070:46006269$46414083$HG01109#1#JAHEPA010000099.1_2104245_2511104_1	0.9627534821683664 1KGrel
NA10865 AV_HG01175#haplotype1#0000070:46006269$46414083$HG02818#2#JAHEOR010000010.1_31775319_32183091_1	0.9627534220305549 1KGrel
NA10865 HG02630#2#JAHAOP010000089.1_16669255_17076135_0$HG02886#1#JAHAOU010000178.1_62411_469262_0	0.9627525032136972 1KGrel
NA10865 HG03927.verkko_filt_mat.fa:haplotype1_0000009_134765170_135173010_1$HG02300.verkko_filt_pat.fa:haplotype2_0000620_143362344_143769323_1	0.9627507697364267 1KGrel
NA10865 HG02145#2#JAHKSF010000206.1_1005292_1413195_1$HG01099.verkko_filt_mat.fa:haplotype1_0000034_142513097_142920876_1	0.9627500052346263 1KGrel
NA10865 NA18906#1#JAHEOO010000054.1_2103477_2510435_1$HG03516#2#JAGYYS010000004.1_24452130_24859892_1	0.9627489599554343 1KGrel
NA10865 AV_HG02148#haplotype2#0002863:16304803$16712699$HG02559#2#JAGYVJ010000037.1_52167780_52574597_1	0.9627465444696487 1KGrel
NA10865 HG02080#1#JAHEOW010000048.1_16689583_17097287_0$HG02717#1#JAHAOS010000015.1_16660311_17067250_0	0.9627396519288292 1KGrel
NA10865 HG02145#2#JAHKSF010000206.1_1005292_1413195_1$HG02300.verkko_filt_mat.fa:haplotype1_0000028_144052837_144460586_1	0.9627385795695068 1KGrel
NA10865 HG02622#2#JAHAON010000012.1_51551779_52031001_0$chr1_chm13_103304997_103901127_0	0.9627350091766139 1KGrel
NA10865 HG03579#2#JAGYVT010000094.1_51581892_51895531_0$HG02486#1#JAGYVM010000007.1_28868414_29370339_1	0.9627348204689695 1KGrel
NA10865 HG02080#1#JAHEOW010000048.1_16689583_17097287_0$HG02004.verkko_filt_mat.fa:haplotype1_0000022_97828542_98235483_0	0.9627283419554618 1KGrel
NA10865 AV_HG01361#haplotype1#0000023:101593539$102001341$AV_HG02257#haplotype2#0001152:102843493$103251377	0.9627265635658171 1KGrel
NA10865 AV_HG01361#haplotype1#0000023:101593539$102001341$HG01978#2#JAGYVR010000007.1_51532241_51939176_0	0.9627225881453001 1KGrel
NA10865 HG01109#1#JAHEPA010000099.1_2104245_2511104_1$HG01978#2#JAGYVR010000007.1_51532241_51939176_0	0.9627215978060922 1KGrel
NA10865 HG02818#2#JAHEOR010000010.1_31775319_32183091_1$HG02300.verkko_filt_pat.fa:haplotype2_0000620_143362344_143769323_1	0.9627186479734308 1KGrel
NA10865 HG02818#2#JAHEOR010000010.1_31775319_32183091_1$HG03486#1#JAHEOQ010000123.1_16677696_17085575_0	0.9627172967992500 1KGrel
NA10865 HG005#1#JAHEPO010000002.1_51519219_51926067_0$HG00741#2#JAHALX010000013.1_51574319_51981226_0	0.9627161817268293 1KGrel
NA10865 HG02818#2#JAHEOR010000010.1_31775319_32183091_1$HG02071.verkko_filt_mat.fa:haplotype1_0000041_103610513_104018399_0	0.9627154511887513 1KGrel
NA10865 HG01258#1#JAGYYV010000004.1_56955948_57456952_1$HG02145#1#JAHKSG010000134.1_2102465_2647653_1	0.9627139488277383 1KGrel
NA10865 AV_HG01175#haplotype1#0000070:46006269$46414083$NA19240#1#JAHEOM010000047.1_30103390_30511199_1	0.9627113084498087 1KGrel
NA10865 HG01258#1#JAGYYV010000004.1_56955948_57456952_1$HG02109#2#JAHEPF010000078.1_16678387_16991144_0	0.9627110491809188 1KGrel
NA10865 HG03492#1#JAHEPI010000180.1_2103395_2543326_1$HG01099.verkko_filt_mat.fa:haplotype1_0000034_142513097_142920876_1	0.9627084802035802 1KGrel
NA10865 HG02145#2#JAHKSF010000206.1_1005292_1413195_1$HG03579#1#JAGYVU010000029.1_91404_499180_0	0.9627080940604351 1KGrel
NA10865 HG03486#1#JAHEOQ010000123.1_16677696_17085575_0$HG02300.verkko_filt_mat.fa:haplotype1_0000028_144052837_144460586_1	0.9627078845689818 1KGrel
NA10865 HG02723#1#JAHEOU010000204.1_2102082_2414876_1$HG02486#1#JAGYVM010000007.1_28868414_29370339_1	0.9627060308938804 1KGrel
NA10865 HG02486#1#JAGYVM010000007.1_28868414_29370339_1$HG01891#1#JAGYVO010000014.1_22855818_23168577_1	0.9627059380865181 1KGrel
NA10865 HG01071#1#JAHBCF010000053.1_26607100_27108065_1$HG02293.verkko_filt_mat.fa:haplotype1_0000039_30204405_30517145_1	0.9626982720559283 1KGrel
NA10865 NA20129#2#JAHEPD010000155.1_90039_569275_0$chr1_chm13_103304997_103901127_0	0.9626961234367659 1KGrel
NA10865 AV_HG02257#haplotype2#0001152:102843493$103251377$NA19240#2#JAHEOL010000010.1_37445323_37853017_0	0.9626955655839913 1KGrel
NA10865 AV_HG02148#haplotype2#0002863:16304803$16712699$HG03927.verkko_filt_mat.fa:haplotype1_0000009_134765170_135173010_1	0.9626936410746912 1KGrel
NA10865 HG01109#1#JAHEPA010000099.1_2104245_2511104_1$HG00741#2#JAHALX010000013.1_51574319_51981226_0	0.9626935134447492 1KGrel
NA10865 HG03579#1#JAGYVU010000029.1_91404_499180_0$HG002.verkko_filt_mat.fa:haplotype1_0000005_138228497_138636354_1	0.9626892068062406 1KGrel
NA10865 HG02559#1#JAGYVK010000012.1_51505852_51913611_0$HG03492#1#JAHEPI010000180.1_2103395_2543326_1	0.9626891856818317 1KGrel
NA10865 HG02080#1#JAHEOW010000048.1_16689583_17097287_0$HG01978#2#JAGYVR010000007.1_51532241_51939176_0	0.9626880910742961 1KGrel
NA10865 HG02559#2#JAGYVJ010000037.1_52167780_52574597_1$HG02300.verkko_filt_pat.fa:haplotype2_0000620_143362344_143769323_1	0.9626861694951750 1KGrel
NA10865 NA19240#2#JAHEOL010000010.1_37445323_37853017_0$HG02004.verkko_filt_mat.fa:haplotype1_0000022_97828542_98235483_0	0.9626851262139959 1KGrel
NA10865 HG01123#1#JAGYYZ010000015.1_51528240_51935090_0$HG02717#2#JAHAOR010000006.1_19663827_20070693_1	0.9626808656075700 1KGrel
NA10865 HG00621#2#JAHBCC010000031.1_16669999_17077865_0$HG03927.verkko_filt_mat.fa:haplotype1_0000009_134765170_135173010_1	0.9626786566579112 1KGrel
NA10865 AV_HG01361#haplotype1#0000023:101593539$102001341$HG02717#1#JAHAOS010000015.1_16660311_17067250_0	0.9626773841131566 1KGrel
NA10865 HG02559#1#JAGYVK010000012.1_51505852_51913611_0$HG02300.verkko_filt_pat.fa:haplotype2_0000620_143362344_143769323_1	0.9626753624157166 1KGrel
NA10865 HG03486#2#JAHEOP010000248.1_2105565_2584784_1$chr1_chm13_103304997_103901127_0	0.9626749770628665 1KGrel
NA10865 HG02109#1#JAHEPG010000026.1_16673035_17080816_0$HG02300.verkko_filt_pat.fa:haplotype2_0000620_143362344_143769323_1	0.9626748175603483 1KGrel
NA10865 AV_HG01361#haplotype1#0000023:101593539$102001341$HG03492#1#JAHEPI010000180.1_2103395_2543326_1	0.9626741432169766 1KGrel
NA10865 HG005#2#JAHEPN010000023.1_51542210_51950070_0$HG01099.verkko_filt_mat.fa:haplotype1_0000034_142513097_142920876_1	0.9626708215520225 1KGrel
NA10865 HG02723#2#JAHEOT010000034.1_19776337_20321518_1$HG02486#1#JAGYVM010000007.1_28868414_29370339_1	0.9626683254934665 1KGrel
NA10865 AV_HG01106#haplotype2#0000932:16673968$17175925$HG02109#2#JAHEPF010000078.1_16678387_16991144_0	0.9626675090271705 1KGrel
NA10865 HG01109#1#JAHEPA010000099.1_2104245_2511104_1$HG02559#2#JAGYVJ010000037.1_52167780_52574597_1	0.9626611925227747 1KGrel
NA10865 HG01109#1#JAHEPA010000099.1_2104245_2511104_1$HG02004.verkko_filt_mat.fa:haplotype1_0000022_97828542_98235483_0	0.9626604940943556 1KGrel
NA10865 HG01978#2#JAGYVR010000007.1_51532241_51939176_0$NA19240#2#JAHEOL010000010.1_37445323_37853017_0	0.9626523897979438 1KGrel
NA10865 HG03486#1#JAHEOQ010000123.1_16677696_17085575_0$HG02559#1#JAGYVK010000012.1_51505852_51913611_0	0.9626493414469355 1KGrel
NA10865 HG02818#1#JAHEOS010000101.1_89626_496613_0$NA19240#2#JAHEOL010000010.1_37445323_37853017_0	0.9626456366371560 1KGrel
NA10865 NA19240#1#JAHEOM010000047.1_30103390_30511199_1$HG002.verkko_filt_mat.fa:haplotype1_0000005_138228497_138636354_1	0.9626438736441253 1KGrel
NA10865 HG02717#1#JAHAOS010000015.1_16660311_17067250_0$HG03516#1#JAGYYT010000012.1_24170958_24578778_1	0.9626422354417251 1KGrel
NA10865 HG02080#1#JAHEOW010000048.1_16689583_17097287_0$HG02145#2#JAHKSF010000206.1_1005292_1413195_1	0.9626421527648139 1KGrel
NA10865 AV_HG01361#haplotype1#0000023:101593539$102001341$HG02630#1#JAHAOQ010000102.1_16672145_17079089_0	0.9626415679883014 1KGrel
NA10865 AV_HG02148#haplotype2#0002863:16304803$16712699$HG02109#1#JAHEPG010000026.1_16673035_17080816_0	0.9626395916023233 1KGrel
NA10865 AV_HG01106#haplotype1#0000048:16666181$17262214$HG00438#1#JAHBCB010000015.1_33474867_33954171_0	0.9626357137370476 1KGrel
NA10865 HG02559#1#JAGYVK010000012.1_51505852_51913611_0$HG03453#2#JAGYVV010000088.1_22597550_23005370_1	0.9626309561180229 1KGrel
NA10865 HG02630#1#JAHAOQ010000102.1_16672145_17079089_0$HG03516#1#JAGYYT010000012.1_24170958_24578778_1	0.9626305988042880 1KGrel
NA10865 HG01978#2#JAGYVR010000007.1_51532241_51939176_0$HG03516#1#JAGYYT010000012.1_24170958_24578778_1	0.9626286547944002 1KGrel
NA10865 chr1_hg38_103456064_103863972_0$HG02300.verkko_filt_mat.fa:haplotype1_0000028_144052837_144460586_1	0.9626268601928257 1KGrel
NA10865 chr1_hg19_103998686_104406594_0$HG02300.verkko_filt_mat.fa:haplotype1_0000028_144052837_144460586_1	0.9626268601928257 1KGrel
NA10865 NA18906#1#JAHEOO010000054.1_2103477_2510435_1$HG01099.verkko_filt_mat.fa:haplotype1_0000034_142513097_142920876_1	0.9626261714112267 1KGrel
NA10865 HG02818#2#JAHEOR010000010.1_31775319_32183091_1$HG03492#1#JAHEPI010000180.1_2103395_2543326_1	0.9626244885936577 1KGrel
NA10865 HG02559#1#JAGYVK010000012.1_51505852_51913611_0$HG02071.verkko_filt_mat.fa:haplotype1_0000041_103610513_104018399_0	0.9626239960776677 1KGrel
NA10865 AV_HG01106#haplotype1#0000048:16666181$17262214$HG03486#2#JAHEOP010000248.1_2105565_2584784_1	0.9626238338350057 1KGrel
NA10865 HG02080#1#JAHEOW010000048.1_16689583_17097287_0$HG02630#1#JAHAOQ010000102.1_16672145_17079089_0	0.9626234755051412 1KGrel
NA10865 HG02818#2#JAHEOR010000010.1_31775319_32183091_1$HG03453#2#JAGYVV010000088.1_22597550_23005370_1	0.9626198493149341 1KGrel
NA10865 HG03486#1#JAHEOQ010000123.1_16677696_17085575_0$HG01099.verkko_filt_mat.fa:haplotype1_0000034_142513097_142920876_1	0.9626156145564173 1KGrel
NA10865 HG03453#2#JAGYVV010000088.1_22597550_23005370_1$HG03516#2#JAGYYS010000004.1_24452130_24859892_1	0.9626119279799574 1KGrel
NA10865 HG02293.verkko_filt_mat.fa:haplotype1_0000039_30204405_30517145_1$HG03927.verkko_filt_pat.fa:haplotype2_0000800_29002142_29504057_1	0.9626101361782758 1KGrel
NA10865 HG00621#2#JAHBCC010000031.1_16669999_17077865_0$HG02109#1#JAHEPG010000026.1_16673035_17080816_0	0.9626091462252078 1KGrel
NA10865 HG03516#2#JAGYYS010000004.1_24452130_24859892_1$HG002.verkko_filt_mat.fa:haplotype1_0000005_138228497_138636354_1	0.9626077341190020 1KGrel
NA10865 HG02559#2#JAGYVJ010000037.1_52167780_52574597_1$HG03516#1#JAGYYT010000012.1_24170958_24578778_1	0.9626070943027614 1KGrel
NA10865 NA18906#1#JAHEOO010000054.1_2103477_2510435_1$HG02300.verkko_filt_mat.fa:haplotype1_0000028_144052837_144460586_1	0.9626068324942294 1KGrel
NA10865 HG00621#2#JAHBCC010000031.1_16669999_17077865_0$HG01109#1#JAHEPA010000099.1_2104245_2511104_1	0.9626068010014525 1KGrel
NA10865 HG02630#1#JAHAOQ010000102.1_16672145_17079089_0$NA19240#2#JAHEOL010000010.1_37445323_37853017_0	0.9626018595759013 1KGrel
NA10865 HG02559#2#JAGYVJ010000037.1_52167780_52574597_1$HG02717#2#JAHAOR010000006.1_19663827_20070693_1	0.9626007454318126 1KGrel
NA10865 HG03579#1#JAGYVU010000029.1_91404_499180_0$HG02071.verkko_filt_mat.fa:haplotype1_0000041_103610513_104018399_0	0.9625991369683005 1KGrel
NA10865 HG03486#1#JAHEOQ010000123.1_16677696_17085575_0$HG03516#2#JAGYYS010000004.1_24452130_24859892_1	0.9625986327743219 1KGrel
NA10865 HG02145#2#JAHKSF010000206.1_1005292_1413195_1$NA19240#1#JAHEOM010000047.1_30103390_30511199_1	0.9625983496686424 1KGrel
NA10865 HG03516#2#JAGYYS010000004.1_24452130_24859892_1$HG02071.verkko_filt_mat.fa:haplotype1_0000041_103610513_104018399_0	0.9625973647607239 1KGrel
NA10865 HG01258#1#JAGYYV010000004.1_56955948_57456952_1$HG00733#1#JAHEPQ010000019.1_46106835_46420495_0	0.9625955134944887 1KGrel
NA10865 HG02559#2#JAGYVJ010000037.1_52167780_52574597_1$HG00741#2#JAHALX010000013.1_51574319_51981226_0	0.9625938303380547 1KGrel
NA10865 HG01071#1#JAHBCF010000053.1_26607100_27108065_1$HG00733#1#JAHEPQ010000019.1_46106835_46420495_0	0.9625933945791031 1KGrel
NA10865 HG02559#2#JAGYVJ010000037.1_52167780_52574597_1$HG02809.verkko_filt_pat.fa:haplotype2_0001251_103421111_103827972_0	0.9625909379685774 1KGrel
NA10865 AV_HG02148#haplotype2#0002863:16304803$16712699$HG02818#2#JAHEOR010000010.1_31775319_32183091_1	0.9625897275089194 1KGrel
NA10865 HG02717#1#JAHAOS010000015.1_16660311_17067250_0$NA19240#2#JAHEOL010000010.1_37445323_37853017_0	0.9625895068218017 1KGrel
NA10865 HG03516#1#JAGYYT010000012.1_24170958_24578778_1$HG02004.verkko_filt_mat.fa:haplotype1_0000022_97828542_98235483_0	0.9625827547947323 1KGrel
NA10865 HG00621#2#JAHBCC010000031.1_16669999_17077865_0$HG02818#2#JAHEOR010000010.1_31775319_32183091_1	0.9625827196201305 1KGrel
NA10865 AV_HG02257#haplotype2#0001152:102843493$103251377$HG03516#1#JAGYYT010000012.1_24170958_24578778_1	0.9625743203282782 1KGrel
NA10865 AV_HG01361#haplotype1#0000023:101593539$102001341$HG005#2#JAHEPN010000023.1_51542210_51950070_0	0.9625734495898012 1KGrel
NA10865 HG03453#2#JAGYVV010000088.1_22597550_23005370_1$HG03579#1#JAGYVU010000029.1_91404_499180_0	0.9625661891110747 1KGrel
NA10865 chr1_hg38_103456064_103863972_0$HG01099.verkko_filt_mat.fa:haplotype1_0000034_142513097_142920876_1	0.9625584433758977 1KGrel
NA10865 chr1_hg19_103998686_104406594_0$HG01099.verkko_filt_mat.fa:haplotype1_0000034_142513097_142920876_1	0.9625584433758977 1KGrel
NA10865 HG00438#2#JAHBCA010000012.1_51513023_51826723_0$HG03927.verkko_filt_pat.fa:haplotype2_0000800_29002142_29504057_1	0.9625531422783279 1KGrel
NA10865 HG00741#2#JAHALX010000013.1_51574319_51981226_0$HG02717#2#JAHAOR010000006.1_19663827_20070693_1	0.9625521271600787 1KGrel
NA10865 HG00438#2#JAHBCA010000012.1_51513023_51826723_0$HG01099.verkko_filt_pat.fa:haplotype2_0000583_143544270_144046196_1	0.9625502984528158 1KGrel
NA10865 HG02559#2#JAGYVJ010000037.1_52167780_52574597_1$HG02886#1#JAHAOU010000178.1_62411_469262_0	0.9625484665553473 1KGrel
NA10865 HG01258#1#JAGYYV010000004.1_56955948_57456952_1$HG02293.verkko_filt_mat.fa:haplotype1_0000039_30204405_30517145_1	0.9625484255362167 1KGrel
NA10865 HG03516#2#JAGYYS010000004.1_24452130_24859892_1$HG02300.verkko_filt_pat.fa:haplotype2_0000620_143362344_143769323_1	0.9625451880455559 1KGrel
NA10865 AV_HG01361#haplotype1#0000023:101593539$102001341$NA18906#1#JAHEOO010000054.1_2103477_2510435_1	0.9625445198915420 1KGrel
NA10865 HG02080#1#JAHEOW010000048.1_16689583_17097287_0$NA18906#1#JAHEOO010000054.1_2103477_2510435_1	0.9625425424654461 1KGrel
NA10865 AV_HG01106#haplotype1#0000048:16666181$17262214$HG02622#2#JAHAON010000012.1_51551779_52031001_0	0.9625400346715064 1KGrel
NA10865 HG02071.verkko_filt_mat.fa:haplotype1_0000041_103610513_104018399_0$HG02300.verkko_filt_mat.fa:haplotype1_0000028_144052837_144460586_1	0.9625398097957747 1KGrel
NA10865 HG02300.verkko_filt_mat.fa:haplotype1_0000028_144052837_144460586_1$HG002.verkko_filt_mat.fa:haplotype1_0000005_138228497_138636354_1	0.9625342615072361 1KGrel
NA10865 HG02080#1#JAHEOW010000048.1_16689583_17097287_0$HG005#2#JAHEPN010000023.1_51542210_51950070_0	0.9625308218200485 1KGrel
NA10865 AV_HG02148#haplotype2#0002863:16304803$16712699$HG02559#1#JAGYVK010000012.1_51505852_51913611_0	0.9625297473897253 1KGrel
NA10865 HG02080#1#JAHEOW010000048.1_16689583_17097287_0$HG02559#2#JAGYVJ010000037.1_52167780_52574597_1	0.9625287405484175 1KGrel
NA10865 HG02559#2#JAGYVJ010000037.1_52167780_52574597_1$NA19240#2#JAHEOL010000010.1_37445323_37853017_0	0.9625259158985237 1KGrel
NA10865 HG01109#1#JAHEPA010000099.1_2104245_2511104_1$HG03453#2#JAGYVV010000088.1_22597550_23005370_1	0.9625256399933501 1KGrel
NA10865 HG03516#1#JAGYYT010000012.1_24170958_24578778_1$HG02818#1#JAHEOS010000101.1_89626_496613_0	0.9625247579962225 1KGrel
NA10865 HG03486#1#JAHEOQ010000123.1_16677696_17085575_0$HG03579#1#JAGYVU010000029.1_91404_499180_0	0.9625209431396587 1KGrel
NA10865 NA18906#1#JAHEOO010000054.1_2103477_2510435_1$HG03516#1#JAGYYT010000012.1_24170958_24578778_1	0.9625170712688750 1KGrel
NA10865 chr1_hg38_103456064_103863972_0$HG03516#1#JAGYYT010000012.1_24170958_24578778_1	0.9625107665850020 1KGrel
NA10865 chr1_hg19_103998686_104406594_0$HG03516#1#JAGYYT010000012.1_24170958_24578778_1	0.9625107665850020 1KGrel
NA10865 HG01071#1#JAHBCF010000053.1_26607100_27108065_1$HG02647.verkko_filt_pat.fa:haplotype2_0000857_103738150_104051769_0	0.9625085130347363 1KGrel
NA10865 HG02080#1#JAHEOW010000048.1_16689583_17097287_0$HG03486#1#JAHEOQ010000123.1_16677696_17085575_0	0.9625075702593209 1KGrel
NA10865 HG02723#2#JAHEOT010000034.1_19776337_20321518_1$NA18906#2#JAHEON010000009.1_93748295_94249275_0	0.9625070673751575 1KGrel
NA10865 HG005#2#JAHEPN010000023.1_51542210_51950070_0$NA19240#2#JAHEOL010000010.1_37445323_37853017_0	0.9625038811133136 1KGrel
NA10865 HG03579#2#JAGYVT010000094.1_51581892_51895531_0$HG01071#1#JAHBCF010000053.1_26607100_27108065_1	0.9625022602878903 1KGrel
NA10865 AV_HG01106#haplotype1#0000048:16666181$17262214$NA20129#2#JAHEPD010000155.1_90039_569275_0	0.9625010716411894 1KGrel
NA10865 HG00621#2#JAHBCC010000031.1_16669999_17077865_0$HG02559#1#JAGYVK010000012.1_51505852_51913611_0	0.9624990168013131 1KGrel
NA10865 HG03098#2#JAHEPL010000003.1_93803759_94117426_0$HG03540#1#JAGYVY010000208.1_95187_596142_0	0.9624986300098540 1KGrel
NA10865 NA19240#1#JAHEOM010000047.1_30103390_30511199_1$HG02071.verkko_filt_mat.fa:haplotype1_0000041_103610513_104018399_0	0.9624982988441833 1KGrel
NA10865 HG02622#1#JAHAOO010000002.1_16673678_17080663_0$HG03516#1#JAGYYT010000012.1_24170958_24578778_1	0.9624947788907753 1KGrel
NA10865 AV_HG01361#haplotype1#0000023:101593539$102001341$HG02145#2#JAHKSF010000206.1_1005292_1413195_1	0.9624922385016286 1KGrel
NA10865 NA20129#2#JAHEPD010000155.1_90039_569275_0$HG03492#1#JAHEPI010000180.1_2103395_2543326_1	0.9624873426900971 1KGrel
NA10865 AV_HG00673#haplotype2#0001165:24014011$24421797$HG02622#1#JAHAOO010000002.1_16673678_17080663_0	0.9624862547663386 1KGrel
NA10865 AV_HG01361#haplotype1#0000023:101593539$102001341$chr1_hg38_103456064_103863972_0	0.9624849719942503 1KGrel
NA10865 AV_HG01361#haplotype1#0000023:101593539$102001341$chr1_hg19_103998686_104406594_0	0.9624849719942503 1KGrel
NA10865 HG03453#2#JAGYVV010000088.1_22597550_23005370_1$NA19240#1#JAHEOM010000047.1_30103390_30511199_1	0.9624823486276260 1KGrel
NA10865 HG02071.verkko_filt_mat.fa:haplotype1_0000041_103610513_104018399_0$HG01099.verkko_filt_mat.fa:haplotype1_0000034_142513097_142920876_1	0.9624794040483098 1KGrel
NA10865 HG02145#2#JAHKSF010000206.1_1005292_1413195_1$NA19240#2#JAHEOL010000010.1_37445323_37853017_0	0.9624774656640392 1KGrel
NA10865 HG03579#1#JAGYVU010000029.1_91404_499180_0$HG02300.verkko_filt_pat.fa:haplotype2_0000620_143362344_143769323_1	0.9624751011858605 1KGrel
NA10865 HG02080#1#JAHEOW010000048.1_16689583_17097287_0$HG03492#1#JAHEPI010000180.1_2103395_2543326_1	0.9624738504529265 1KGrel
NA10865 HG03492#1#JAHEPI010000180.1_2103395_2543326_1$NA19240#1#JAHEOM010000047.1_30103390_30511199_1	0.9624703333943707 1KGrel
NA10865 HG02080#1#JAHEOW010000048.1_16689583_17097287_0$HG002.verkko_filt_mat.fa:haplotype1_0000005_138228497_138636354_1	0.9624698059410698 1KGrel
NA10865 HG01071#1#JAHBCF010000053.1_26607100_27108065_1$HG00438#2#JAHBCA010000012.1_51513023_51826723_0	0.9624665374056935 1KGrel
NA10865 HG01099.verkko_filt_mat.fa:haplotype1_0000034_142513097_142920876_1$HG002.verkko_filt_mat.fa:haplotype1_0000005_138228497_138636354_1	0.9624578627939760 1KGrel
NA10865 HG01109#2#JAHEOZ010000047.1_16671232_17151375_0$chr1_chm13_103304997_103901127_0	0.9624490186957838 1KGrel
NA10865 NA18906#1#JAHEOO010000054.1_2103477_2510435_1$NA19240#2#JAHEOL010000010.1_37445323_37853017_0	0.9624485080179433 1KGrel
NA10865 HG02717#1#JAHAOS010000015.1_16660311_17067250_0$HG01258#2#JAGYYU010000072.1_51562603_51970395_0	0.9624444745523505 1KGrel
NA10865 HG02109#2#JAHEPF010000078.1_16678387_16991144_0$HG02293.verkko_filt_pat.fa:haplotype2_0000836_148310532_148812524_1	0.9624431521252707 1KGrel
NA10865 HG02080#1#JAHEOW010000048.1_16689583_17097287_0$chr1_hg38_103456064_103863972_0	0.9624424417626807 1KGrel
NA10865 HG02080#1#JAHEOW010000048.1_16689583_17097287_0$chr1_hg19_103998686_104406594_0	0.9624424417626807 1KGrel
NA10865 HG03486#1#JAHEOQ010000123.1_16677696_17085575_0$NA19240#2#JAHEOL010000010.1_37445323_37853017_0	0.9624405289460731 1KGrel
NA10865 HG00621#2#JAHBCC010000031.1_16669999_17077865_0$HG03516#2#JAGYYS010000004.1_24452130_24859892_1	0.9624404061791073 1KGrel
NA10865 AV_HG02148#haplotype2#0002863:16304803$16712699$HG03516#2#JAGYYS010000004.1_24452130_24859892_1	0.9624392313156642 1KGrel
NA10865 chr1_hg38_103456064_103863972_0$NA19240#2#JAHEOL010000010.1_37445323_37853017_0	0.9624388302286346 1KGrel
NA10865 chr1_hg19_103998686_104406594_0$NA19240#2#JAHEOL010000010.1_37445323_37853017_0	0.9624388302286346 1KGrel
NA10865 AV_HG01175#haplotype1#0000070:46006269$46414083$HG01099.verkko_filt_mat.fa:haplotype1_0000034_142513097_142920876_1	0.9624373734859230 1KGrel
NA10865 HG02622#1#JAHAOO010000002.1_16673678_17080663_0$HG01258#2#JAGYYU010000072.1_51562603_51970395_0	0.9624353237582641 1KGrel
NA10865 HG03516#1#JAGYYT010000012.1_24170958_24578778_1$HG005#2#JAHEPN010000023.1_51542210_51950070_0	0.9624338507633402 1KGrel
NA10865 AV_HG00673#haplotype2#0001165:24014011$24421797$HG02559#2#JAGYVJ010000037.1_52167780_52574597_1	0.9624315154043480 1KGrel
NA10865 AV_HG02257#haplotype2#0001152:102843493$103251377$HG005#1#JAHEPO010000002.1_51519219_51926067_0	0.9624288973027356 1KGrel
NA10865 AV_HG00673#haplotype1#0000019:16627360$17129375$HG02109#2#JAHEPF010000078.1_16678387_16991144_0	0.9624283335744533 1KGrel
NA10865 NA19240#2#JAHEOL010000010.1_37445323_37853017_0$HG002.verkko_filt_mat.fa:haplotype1_0000005_138228497_138636354_1	0.9624261185671185 1KGrel
NA10865 HG02300.verkko_filt_mat.fa:haplotype1_0000028_144052837_144460586_1$HG02300.verkko_filt_pat.fa:haplotype2_0000620_143362344_143769323_1	0.9624242393591440 1KGrel
NA10865 HG00438#1#JAHBCB010000015.1_33474867_33954171_0$chr1_chm13_103304997_103901127_0	0.9624227306301096 1KGrel
NA10865 HG02559#2#JAGYVJ010000037.1_52167780_52574597_1$HG02486#2#JAGYVL010000029.1_94163344_94570162_0	0.9624226713934911 1KGrel
NA10865 HG01258#1#JAGYYV010000004.1_56955948_57456952_1$HG02647.verkko_filt_pat.fa:haplotype2_0000857_103738150_104051769_0	0.9624220219028279 1KGrel
NA10865 AV_HG02148#haplotype2#0002863:16304803$16712699$HG01109#1#JAHEPA010000099.1_2104245_2511104_1	0.9624155831222991 1KGrel
NA10865 AV_HG00673#haplotype2#0001165:24014011$24421797$HG02818#1#JAHEOS010000101.1_89626_496613_0	0.9624079781210255 1KGrel
NA10865 HG02818#2#JAHEOR010000010.1_31775319_32183091_1$HG03579#1#JAGYVU010000029.1_91404_499180_0	0.9624077871324955 1KGrel
NA10865 HG03486#1#JAHEOQ010000123.1_16677696_17085575_0$NA19240#1#JAHEOM010000047.1_30103390_30511199_1	0.9624049896013667 1KGrel
NA10865 HG01071#1#JAHBCF010000053.1_26607100_27108065_1$HG01891#1#JAGYVO010000014.1_22855818_23168577_1	0.9623860609142197 1KGrel
NA10865 AV_HG02148#haplotype2#0002863:16304803$16712699$HG03579#1#JAGYVU010000029.1_91404_499180_0	0.9623854118396801 1KGrel
NA10865 HG03453#2#JAGYVV010000088.1_22597550_23005370_1$HG02300.verkko_filt_mat.fa:haplotype1_0000028_144052837_144460586_1	0.9623852298561921 1KGrel
NA10865 HG03579#2#JAGYVT010000094.1_51581892_51895531_0$HG01258#1#JAGYYV010000004.1_56955948_57456952_1	0.9623838069997429 1KGrel
NA10865 AV_HG01175#haplotype1#0000070:46006269$46414083$AV_HG01361#haplotype1#0000023:101593539$102001341	0.9623719007968746 1KGrel
NA10865 HG03492#1#JAHEPI010000180.1_2103395_2543326_1$HG01109#2#JAHEOZ010000047.1_16671232_17151375_0	0.9623606768201233 1KGrel
NA10865 HG03516#1#JAGYYT010000012.1_24170958_24578778_1$HG002.verkko_filt_mat.fa:haplotype1_0000005_138228497_138636354_1	0.9623546753974871 1KGrel
NA10865 AV_HG02257#haplotype2#0001152:102843493$103251377$HG01258#2#JAGYYU010000072.1_51562603_51970395_0	0.9623541485754613 1KGrel
NA10865 HG02630#1#JAHAOQ010000102.1_16672145_17079089_0$HG01258#2#JAGYYU010000072.1_51562603_51970395_0	0.9623531381755656 1KGrel
NA10865 AV_HG01361#haplotype1#0000023:101593539$102001341$HG03486#1#JAHEOQ010000123.1_16677696_17085575_0	0.9623505589321693 1KGrel
NA10865 HG005#1#JAHEPO010000002.1_51519219_51926067_0$HG02145#2#JAHKSF010000206.1_1005292_1413195_1	0.9623468531636121 1KGrel
NA10865 HG00733#1#JAHEPQ010000019.1_46106835_46420495_0$HG03927.verkko_filt_pat.fa:haplotype2_0000800_29002142_29504057_1	0.9623461322103267 1KGrel
NA10865 AV_HG01361#haplotype1#0000023:101593539$102001341$HG002.verkko_filt_mat.fa:haplotype1_0000005_138228497_138636354_1	0.9623444248344486 1KGrel
NA10865 HG02145#1#JAHKSG010000134.1_2102465_2647653_1$NA18906#2#JAHEON010000009.1_93748295_94249275_0	0.9623426505633472 1KGrel
NA10865 AV_HG02148#haplotype2#0002863:16304803$16712699$HG02300.verkko_filt_mat.fa:haplotype1_0000028_144052837_144460586_1	0.9623407298258335 1KGrel
NA10865 HG02145#1#JAHKSG010000134.1_2102465_2647653_1$HG02486#1#JAGYVM010000007.1_28868414_29370339_1	0.9623407111413990 1KGrel
NA10865 HG02080#1#JAHEOW010000048.1_16689583_17097287_0$HG02071.verkko_filt_mat.fa:haplotype1_0000041_103610513_104018399_0	0.9623393985994531 1KGrel
NA10865 HG01109#1#JAHEPA010000099.1_2104245_2511104_1$HG02300.verkko_filt_pat.fa:haplotype2_0000620_143362344_143769323_1	0.9623367416419258 1KGrel
NA10865 HG02622#2#JAHAON010000012.1_51551779_52031001_0$HG03492#1#JAHEPI010000180.1_2103395_2543326_1	0.9623345942671954 1KGrel
NA10865 AV_HG00673#haplotype2#0001165:24014011$24421797$AV_HG02257#haplotype2#0001152:102843493$103251377	0.9623138971380611 1KGrel
NA10865 HG01099.verkko_filt_mat.fa:haplotype1_0000034_142513097_142920876_1$HG02300.verkko_filt_pat.fa:haplotype2_0000620_143362344_143769323_1	0.9623077610621958 1KGrel
NA10865 HG03453#2#JAGYVV010000088.1_22597550_23005370_1$HG01099.verkko_filt_mat.fa:haplotype1_0000034_142513097_142920876_1	0.9623012496384282 1KGrel
NA10865 AV_HG02148#haplotype2#0002863:16304803$16712699$NA19240#1#JAHEOM010000047.1_30103390_30511199_1	0.9623011919885940 1KGrel
NA10865 HG02145#2#JAHKSF010000206.1_1005292_1413195_1$HG03516#1#JAGYYT010000012.1_24170958_24578778_1	0.9623009987417729 1KGrel
NA10865 AV_HG00673#haplotype2#0001165:24014011$24421797$HG02630#1#JAHAOQ010000102.1_16672145_17079089_0	0.9623001659337029 1KGrel
NA10865 HG00621#2#JAHBCC010000031.1_16669999_17077865_0$HG03579#1#JAGYVU010000029.1_91404_499180_0	0.9622989254841922 1KGrel
NA10865 HG02080#1#JAHEOW010000048.1_16689583_17097287_0$HG02300.verkko_filt_pat.fa:haplotype2_0000620_143362344_143769323_1	0.9622957634609304 1KGrel
NA10865 HG00621#2#JAHBCC010000031.1_16669999_17077865_0$HG02300.verkko_filt_mat.fa:haplotype1_0000028_144052837_144460586_1	0.9622943514411002 1KGrel
NA10865 AV_HG00673#haplotype2#0001165:24014011$24421797$HG01928#1#JAGYVQ010000053.1_16676493_17083407_0	0.9622937791954059 1KGrel
NA10865 AV_HG02257#haplotype2#0001152:102843493$103251377$HG01123#1#JAGYYZ010000015.1_51528240_51935090_0	0.9622936887081759 1KGrel
NA10865 AV_HG01361#haplotype1#0000023:101593539$102001341$HG02071.verkko_filt_mat.fa:haplotype1_0000041_103610513_104018399_0	0.9622860525022836 1KGrel
NA10865 AV_HG00673#haplotype1#0000019:16627360$17129375$AV_HG01106#haplotype2#0000932:16673968$17175925	0.9622815019109385 1KGrel
NA10865 NA18906#2#JAHEON010000009.1_93748295_94249275_0$HG02109#2#JAHEPF010000078.1_16678387_16991144_0	0.9622794598223680 1KGrel
NA10865 AV_HG01175#haplotype1#0000070:46006269$46414083$HG03516#1#JAGYYT010000012.1_24170958_24578778_1	0.9622789659895848 1KGrel
NA10865 NA19240#1#JAHEOM010000047.1_30103390_30511199_1$HG02300.verkko_filt_pat.fa:haplotype2_0000620_143362344_143769323_1	0.9622784786382919 1KGrel
NA10865 HG00438#2#JAHBCA010000012.1_51513023_51826723_0$HG01258#1#JAGYYV010000004.1_56955948_57456952_1	0.9622762526670601 1KGrel
NA10865 AV_HG01361#haplotype1#0000023:101593539$102001341$HG03453#2#JAGYVV010000088.1_22597550_23005370_1	0.9622756849725769 1KGrel
NA10865 HG02818#2#JAHEOR010000010.1_31775319_32183091_1$HG02559#1#JAGYVK010000012.1_51505852_51913611_0	0.9622750185102410 1KGrel
NA10865 AV_HG01175#haplotype1#0000070:46006269$46414083$HG02300.verkko_filt_mat.fa:haplotype1_0000028_144052837_144460586_1	0.9622739664244940 1KGrel
NA10865 HG01258#2#JAGYYU010000072.1_51562603_51970395_0$HG02818#1#JAHEOS010000101.1_89626_496613_0	0.9622730027051881 1KGrel
NA10865 NA19240#2#JAHEOL010000010.1_37445323_37853017_0$HG02300.verkko_filt_pat.fa:haplotype2_0000620_143362344_143769323_1	0.9622679062557343 1KGrel
NA10865 AV_HG01106#haplotype2#0000932:16673968$17175925$HG02293.verkko_filt_pat.fa:haplotype2_0000836_148310532_148812524_1	0.9622668620476523 1KGrel
NA10865 AV_HG02148#haplotype2#0002863:16304803$16712699$HG01099.verkko_filt_mat.fa:haplotype1_0000034_142513097_142920876_1	0.9622645305536774 1KGrel
NA10865 HG03486#1#JAHEOQ010000123.1_16677696_17085575_0$HG03516#1#JAGYYT010000012.1_24170958_24578778_1	0.9622589805252361 1KGrel
NA10865 NA19240#2#JAHEOL010000010.1_37445323_37853017_0$HG02071.verkko_filt_mat.fa:haplotype1_0000041_103610513_104018399_0	0.9622560885150881 1KGrel
NA10865 AV_HG00673#haplotype2#0001165:24014011$24421797$HG02717#1#JAHAOS010000015.1_16660311_17067250_0	0.9622557331595314 1KGrel
NA10865 HG02080#1#JAHEOW010000048.1_16689583_17097287_0$HG03453#2#JAGYVV010000088.1_22597550_23005370_1	0.9622488783118355 1KGrel
NA10865 HG02080#2#JAHEOV010000017.1_16662177_17164189_0$HG02109#2#JAHEPF010000078.1_16678387_16991144_0	0.9622461469360467 1KGrel
NA10865 HG01123#1#JAGYYZ010000015.1_51528240_51935090_0$HG00741#2#JAHALX010000013.1_51574319_51981226_0	0.9622256334041558 1KGrel
NA10865 HG03098#2#JAHEPL010000003.1_93803759_94117426_0$HG01099.verkko_filt_pat.fa:haplotype2_0000583_143544270_144046196_1	0.9622110236309221 1KGrel
NA10865 AV_HG00673#haplotype2#0001165:24014011$24421797$NA18906#1#JAHEOO010000054.1_2103477_2510435_1	0.9622109508572249 1KGrel
NA10865 HG02818#2#JAHEOR010000010.1_31775319_32183091_1$HG03516#2#JAGYYS010000004.1_24452130_24859892_1	0.9621917173090176 1KGrel
NA10865 HG00621#2#JAHBCC010000031.1_16669999_17077865_0$NA19240#1#JAHEOM010000047.1_30103390_30511199_1	0.9621907718639521 1KGrel
NA10865 AV_HG02148#haplotype2#0002863:16304803$16712699$HG02080#1#JAHEOW010000048.1_16689583_17097287_0	0.9621803606079921 1KGrel
NA10865 NA18906#1#JAHEOO010000054.1_2103477_2510435_1$HG01258#2#JAGYYU010000072.1_51562603_51970395_0	0.9621755360964187 1KGrel
NA10865 HG02145#2#JAHKSF010000206.1_1005292_1413195_1$HG01123#1#JAGYYZ010000015.1_51528240_51935090_0	0.9621718330911556 1KGrel
NA10865 HG00621#2#JAHBCC010000031.1_16669999_17077865_0$HG01099.verkko_filt_mat.fa:haplotype1_0000034_142513097_142920876_1	0.9621622002540203 1KGrel
NA10865 HG02145#2#JAHKSF010000206.1_1005292_1413195_1$HG01258#2#JAGYYU010000072.1_51562603_51970395_0	0.9621607627604883 1KGrel
NA10865 HG02818#2#JAHEOR010000010.1_31775319_32183091_1$NA19240#1#JAHEOM010000047.1_30103390_30511199_1	0.9621604646940551 1KGrel
NA10865 AV_HG01106#haplotype2#0000932:16673968$17175925$HG02080#2#JAHEOV010000017.1_16662177_17164189_0	0.9621593505473132 1KGrel
NA10865 HG03516#1#JAGYYT010000012.1_24170958_24578778_1$HG02071.verkko_filt_mat.fa:haplotype1_0000041_103610513_104018399_0	0.9621534859373979 1KGrel
NA10865 HG005#1#JAHEPO010000002.1_51519219_51926067_0$HG02622#1#JAHAOO010000002.1_16673678_17080663_0	0.9621530425453679 1KGrel
NA10865 HG02080#1#JAHEOW010000048.1_16689583_17097287_0$HG00621#2#JAHBCC010000031.1_16669999_17077865_0	0.9621499313206495 1KGrel
NA10865 AV_HG02257#haplotype2#0001152:102843493$103251377$HG00741#2#JAHALX010000013.1_51574319_51981226_0	0.9621458002627602 1KGrel
NA10865 HG03453#2#JAGYVV010000088.1_22597550_23005370_1$NA19240#2#JAHEOL010000010.1_37445323_37853017_0	0.9621430078048110 1KGrel
NA10865 AV_HG00673#haplotype2#0001165:24014011$24421797$HG03492#1#JAHEPI010000180.1_2103395_2543326_1	0.9621354108088108 1KGrel
NA10865 HG00621#2#JAHBCC010000031.1_16669999_17077865_0$NA19240#2#JAHEOL010000010.1_37445323_37853017_0	0.9621308705403018 1KGrel
NA10865 HG03492#1#JAHEPI010000180.1_2103395_2543326_1$HG03927.verkko_filt_mat.fa:haplotype1_0000009_134765170_135173010_1	0.9621292388663492 1KGrel
NA10865 NA19240#1#JAHEOM010000047.1_30103390_30511199_1$HG03516#2#JAGYYS010000004.1_24452130_24859892_1	0.9621255111878277 1KGrel
NA10865 HG02630#1#JAHAOQ010000102.1_16672145_17079089_0$HG005#1#JAHEPO010000002.1_51519219_51926067_0	0.9621251878239174 1KGrel
NA10865 AV_HG02148#haplotype2#0002863:16304803$16712699$NA19240#2#JAHEOL010000010.1_37445323_37853017_0	0.9621216343128741 1KGrel
NA10865 AV_HG01175#haplotype1#0000070:46006269$46414083$HG02080#1#JAHEOW010000048.1_16689583_17097287_0	0.9621215637595547 1KGrel
NA10865 AV_HG01106#haplotype2#0000932:16673968$17175925$HG04228.verkko_filt_mat.fa:haplotype1_0000023_103429213_103930285_0	0.9621091251909775 1KGrel
NA10865 HG01258#1#JAGYYV010000004.1_56955948_57456952_1$HG01891#1#JAGYVO010000014.1_22855818_23168577_1	0.9621083551259022 1KGrel
NA10865 AV_HG02257#haplotype2#0001152:102843493$103251377$HG02717#2#JAHAOR010000006.1_19663827_20070693_1	0.9621057290992426 1KGrel
NA10865 AV_HG01175#haplotype1#0000070:46006269$46414083$NA19240#2#JAHEOL010000010.1_37445323_37853017_0	0.9620946287710055 1KGrel
NA10865 HG02559#1#JAGYVK010000012.1_51505852_51913611_0$HG03579#1#JAGYVU010000029.1_91404_499180_0	0.9620928636814688 1KGrel
NA10865 AV_HG01361#haplotype1#0000023:101593539$102001341$HG02300.verkko_filt_pat.fa:haplotype2_0000620_143362344_143769323_1	0.9620903364753555 1KGrel
NA10865 AV_HG01106#haplotype2#0000932:16673968$17175925$HG00621#1#JAHBCD010000034.1_2122997_2624098_1	0.9620781069670246 1KGrel
NA10865 HG005#1#JAHEPO010000002.1_51519219_51926067_0$HG02818#1#JAHEOS010000101.1_89626_496613_0	0.9620773942249472 1KGrel
NA10865 HG03516#1#JAGYYT010000012.1_24170958_24578778_1$HG02300.verkko_filt_pat.fa:haplotype2_0000620_143362344_143769323_1	0.9620767587944289 1KGrel
NA10865 HG03453#2#JAGYVV010000088.1_22597550_23005370_1$HG03516#1#JAGYYT010000012.1_24170958_24578778_1	0.9620665797305727 1KGrel
NA10865 NA19240#1#JAHEOM010000047.1_30103390_30511199_1$HG03579#1#JAGYVU010000029.1_91404_499180_0	0.9620647697455937 1KGrel
NA10865 HG01123#1#JAGYYZ010000015.1_51528240_51935090_0$HG02622#1#JAHAOO010000002.1_16673678_17080663_0	0.9620572138146544 1KGrel
NA10865 HG03453#1#JAGYVW010000157.1_2105722_2585000_1$chr1_chm13_103304997_103901127_0	0.9620467332926012 1KGrel
NA10865 HG02559#1#JAGYVK010000012.1_51505852_51913611_0$HG03516#2#JAGYYS010000004.1_24452130_24859892_1	0.9620429284212370 1KGrel
NA10865 HG02717#1#JAHAOS010000015.1_16660311_17067250_0$HG005#1#JAHEPO010000002.1_51519219_51926067_0	0.9620411476242624 1KGrel
NA10865 AV_HG00673#haplotype2#0001165:24014011$24421797$HG02145#2#JAHKSF010000206.1_1005292_1413195_1	0.9620397885537717 1KGrel
NA10865 AV_HG01106#haplotype2#0000932:16673968$17175925$HG01891#1#JAGYVO010000014.1_22855818_23168577_1	0.9620397276898173 1KGrel
NA10865 AV_HG00673#haplotype2#0001165:24014011$24421797$HG02004.verkko_filt_mat.fa:haplotype1_0000022_97828542_98235483_0	0.9620327228963624 1KGrel
NA10865 AV_HG01361#haplotype1#0000023:101593539$102001341$AV_HG02148#haplotype2#0002863:16304803$16712699	0.9620314789355475 1KGrel
NA10865 HG02109#2#JAHEPF010000078.1_16678387_16991144_0$HG02071.verkko_filt_pat.fa:haplotype2_0000736_102745972_103248026_0	0.9620190051737638 1KGrel
NA10865 HG02109#1#JAHEPG010000026.1_16673035_17080816_0$HG02809.verkko_filt_pat.fa:haplotype2_0001251_103421111_103827972_0	0.9620151996376274 1KGrel
NA10865 HG02559#1#JAGYVK010000012.1_51505852_51913611_0$NA19240#1#JAHEOM010000047.1_30103390_30511199_1	0.9620111972523384 1KGrel
NA10865 HG01978#1#JAGYVS010000002.1_51519970_52021951_0$HG02109#2#JAHEPF010000078.1_16678387_16991144_0	0.9620067550675893 1KGrel
NA10865 HG00621#1#JAHBCD010000034.1_2122997_2624098_1$HG02109#2#JAHEPF010000078.1_16678387_16991144_0	0.9620060648928930 1KGrel
NA10865 HG03516#1#JAGYYT010000012.1_24170958_24578778_1$HG02300.verkko_filt_mat.fa:haplotype1_0000028_144052837_144460586_1	0.9620030967327440 1KGrel
NA10865 HG03492#1#JAHEPI010000180.1_2103395_2543326_1$NA19240#2#JAHEOL010000010.1_37445323_37853017_0	0.9620001056693214 1KGrel
NA10865 AV_HG01106#haplotype2#0000932:16673968$17175925$HG02071.verkko_filt_pat.fa:haplotype2_0000736_102745972_103248026_0	0.9619967797368340 1KGrel
NA10865 HG02145#2#JAHKSF010000206.1_1005292_1413195_1$HG00741#2#JAHALX010000013.1_51574319_51981226_0	0.9619843557445662 1KGrel
NA10865 HG005#1#JAHEPO010000002.1_51519219_51926067_0$NA18906#1#JAHEOO010000054.1_2103477_2510435_1	0.9619714367610965 1KGrel
NA10865 HG01891#1#JAGYVO010000014.1_22855818_23168577_1$HG02293.verkko_filt_pat.fa:haplotype2_0000836_148310532_148812524_1	0.9619677862307191 1KGrel
NA10865 AV_HG00673#haplotype2#0001165:24014011$24421797$HG01978#2#JAGYVR010000007.1_51532241_51939176_0	0.9619676936721246 1KGrel
NA10865 AV_HG02148#haplotype2#0002863:16304803$16712699$HG03516#1#JAGYYT010000012.1_24170958_24578778_1	0.9619486549991689 1KGrel
NA10865 HG03516#1#JAGYYT010000012.1_24170958_24578778_1$HG01099.verkko_filt_mat.fa:haplotype1_0000034_142513097_142920876_1	0.9619436134899463 1KGrel
NA10865 chr1_hg19_103998686_104406594_0$HG03492#1#JAHEPI010000180.1_2103395_2543326_1	0.9619421701623787 1KGrel
NA10865 HG03492#1#JAHEPI010000180.1_2103395_2543326_1$chr1_hg38_103456064_103863972_0	0.9619421701623787 1KGrel
NA10865 AV_HG01106#haplotype1#0000048:16666181$17262214$HG03453#1#JAGYVW010000157.1_2105722_2585000_1	0.9619418148852708 1KGrel
NA10865 AV_HG01106#haplotype2#0000932:16673968$17175925$HG02723#2#JAHEOT010000034.1_19776337_20321518_1	0.9619380642677123 1KGrel
NA10865 AV_HG00673#haplotype2#0001165:24014011$24421797$AV_HG01175#haplotype1#0000070:46006269$46414083	0.9619364128972261 1KGrel
NA10865 HG02145#2#JAHKSF010000206.1_1005292_1413195_1$HG02717#2#JAHAOR010000006.1_19663827_20070693_1	0.9619361748628866 1KGrel
NA10865 HG02630#1#JAHAOQ010000102.1_16672145_17079089_0$HG01123#1#JAGYYZ010000015.1_51528240_51935090_0	0.9619341923251987 1KGrel
NA10865 HG02717#1#JAHAOS010000015.1_16660311_17067250_0$HG00741#2#JAHALX010000013.1_51574319_51981226_0	0.9619325053698667 1KGrel
NA10865 HG01123#1#JAGYYZ010000015.1_51528240_51935090_0$HG02818#1#JAHEOS010000101.1_89626_496613_0	0.9619261650111920 1KGrel
NA10865 HG00621#2#JAHBCC010000031.1_16669999_17077865_0$HG03516#1#JAGYYT010000012.1_24170958_24578778_1	0.9619255491367802 1KGrel
NA10865 AV_HG00673#haplotype2#0001165:24014011$24421797$HG002.verkko_filt_mat.fa:haplotype1_0000005_138228497_138636354_1	0.9619248008047312 1KGrel
NA10865 HG03516#2#JAGYYS010000004.1_24452130_24859892_1$HG03579#1#JAGYVU010000029.1_91404_499180_0	0.9619225577451479 1KGrel
NA10865 AV_HG01106#haplotype1#0000048:16666181$17262214$chr1_hg38_103456064_103863972_0	0.9619141337511672 1KGrel
NA10865 AV_HG01106#haplotype1#0000048:16666181$17262214$chr1_hg19_103998686_104406594_0	0.9619141337511672 1KGrel
NA10865 AV_HG00673#haplotype1#0000019:16627360$17129375$HG01891#1#JAGYVO010000014.1_22855818_23168577_1	0.9619131093531862 1KGrel
NA10865 HG02647.verkko_filt_pat.fa:haplotype2_0000857_103738150_104051769_0$HG02293.verkko_filt_pat.fa:haplotype2_0000836_148310532_148812524_1	0.9619076357240078 1KGrel
NA10865 AV_HG02257#haplotype2#0001152:102843493$103251377$HG02109#1#JAHEPG010000026.1_16673035_17080816_0	0.9619040630902761 1KGrel
NA10865 HG02109#1#JAHEPG010000026.1_16673035_17080816_0$HG02622#1#JAHAOO010000002.1_16673678_17080663_0	0.9619038993186872 1KGrel
NA10865 HG01928#1#JAGYVQ010000053.1_16676493_17083407_0$HG03492#1#JAHEPI010000180.1_2103395_2543326_1	0.9619008503183211 1KGrel
NA10865 HG02630#1#JAHAOQ010000102.1_16672145_17079089_0$HG00741#2#JAHALX010000013.1_51574319_51981226_0	0.9618970985154730 1KGrel
NA10865 AV_HG01361#haplotype1#0000023:101593539$102001341$HG00621#2#JAHBCC010000031.1_16669999_17077865_0	0.9618891999259046 1KGrel
NA10865 HG01358#1#JAGYZB010000020.1_27445742_27855492_1$HG002.verkko_filt_pat.fa:haplotype2_0000649_147937390_148315979_1	0.9618868374440399 1KGrel
NA10865 HG02723#1#JAHEOU010000204.1_2102082_2414876_1$HG01071#1#JAHBCF010000053.1_26607100_27108065_1	0.9618867039587455 1KGrel
NA10865 HG03579#2#JAGYVT010000094.1_51581892_51895531_0$HG02293.verkko_filt_pat.fa:haplotype2_0000836_148310532_148812524_1	0.9618855376299742 1KGrel
NA10865 HG02717#1#JAHAOS010000015.1_16660311_17067250_0$HG02109#1#JAHEPG010000026.1_16673035_17080816_0	0.9618840899646158 1KGrel
NA10865 AV_HG01106#haplotype2#0000932:16673968$17175925$HG02647.verkko_filt_pat.fa:haplotype2_0000857_103738150_104051769_0	0.9618835759330099 1KGrel
NA10865 AV_HG01106#haplotype2#0000932:16673968$17175925$HG01978#1#JAGYVS010000002.1_51519970_52021951_0	0.9618820004586394 1KGrel
NA10865 HG03492#1#JAHEPI010000180.1_2103395_2543326_1$HG01978#2#JAGYVR010000007.1_51532241_51939176_0	0.9618779379396208 1KGrel
NA10865 NA18906#2#JAHEON010000009.1_93748295_94249275_0$HG04228.verkko_filt_pat.fa:haplotype2_0000600_103806749_104119491_0	0.9618777970178870 1KGrel
NA10865 AV_HG00673#haplotype2#0001165:24014011$24421797$HG03486#1#JAHEOQ010000123.1_16677696_17085575_0	0.9618757273655110 1KGrel
NA10865 HG02109#1#JAHEPG010000026.1_16673035_17080816_0$HG02818#1#JAHEOS010000101.1_89626_496613_0	0.9618624359197570 1KGrel
NA10865 AV_HG01106#haplotype2#0000932:16673968$17175925$HG03579#2#JAGYVT010000094.1_51581892_51895531_0	0.9618610847324698 1KGrel
NA10865 AV_HG00673#haplotype2#0001165:24014011$24421797$HG005#2#JAHEPN010000023.1_51542210_51950070_0	0.9618595576104090 1KGrel
NA10865 HG02717#1#JAHAOS010000015.1_16660311_17067250_0$HG01123#1#JAGYYZ010000015.1_51528240_51935090_0	0.9618581072136104 1KGrel
NA10865 AV_HG01106#haplotype2#0000932:16673968$17175925$HG02145#1#JAHKSG010000134.1_2102465_2647653_1	0.9618483245527947 1KGrel
NA10865 HG01109#1#JAHEPA010000099.1_2104245_2511104_1$HG02145#2#JAHKSF010000206.1_1005292_1413195_1	0.9618454167879389 1KGrel
NA10865 AV_HG00673#haplotype1#0000019:16627360$17129375$HG02647.verkko_filt_pat.fa:haplotype2_0000857_103738150_104051769_0	0.9618449819658532 1KGrel
NA10865 AV_HG00673#haplotype2#0001165:24014011$24421797$HG02071.verkko_filt_mat.fa:haplotype1_0000041_103610513_104018399_0	0.9618425970754287 1KGrel
NA10865 HG02622#1#JAHAOO010000002.1_16673678_17080663_0$HG02717#2#JAHAOR010000006.1_19663827_20070693_1	0.9618384090224306 1KGrel
NA10865 HG02717#1#JAHAOS010000015.1_16660311_17067250_0$HG02717#2#JAHAOR010000006.1_19663827_20070693_1	0.9618372187896780 1KGrel
NA10865 HG02109#2#JAHEPF010000078.1_16678387_16991144_0$HG04228.verkko_filt_mat.fa:haplotype1_0000023_103429213_103930285_0	0.9618347411134490 1KGrel
NA10865 HG03492#1#JAHEPI010000180.1_2103395_2543326_1$HG002.verkko_filt_mat.fa:haplotype1_0000005_138228497_138636354_1	0.9618247768419920 1KGrel
NA10865 HG02630#1#JAHAOQ010000102.1_16672145_17079089_0$HG02109#1#JAHEPG010000026.1_16673035_17080816_0	0.9618244810564134 1KGrel
NA10865 AV_HG00673#haplotype1#0000019:16627360$17129375$HG03579#2#JAGYVT010000094.1_51581892_51895531_0	0.9618228293217471 1KGrel
NA10865 AV_HG01106#haplotype1#0000048:16666181$17262214$HG01928#1#JAGYVQ010000053.1_16676493_17083407_0	0.9618220076141711 1KGrel
NA10865 AV_HG00673#haplotype2#0001165:24014011$24421797$chr1_hg38_103456064_103863972_0	0.9618099062265378 1KGrel
NA10865 AV_HG00673#haplotype2#0001165:24014011$24421797$chr1_hg19_103998686_104406594_0	0.9618099062265378 1KGrel
NA10865 NA18906#1#JAHEOO010000054.1_2103477_2510435_1$HG00741#2#JAHALX010000013.1_51574319_51981226_0	0.9617989261039804 1KGrel
NA10865 HG03453#1#JAGYVW010000157.1_2105722_2585000_1$HG01243#1#JAHEOY010000013.1_90081_424495_0	0.9617920309165008 1KGrel
NA10865 HG03453#1#JAGYVW010000157.1_2105722_2585000_1$HG03492#2#JAHEPH010000288.1_2098270_2432686_1	0.9617862394645804 1KGrel
NA10865 AV_HG01106#haplotype1#0000048:16666181$17262214$HG03453#2#JAGYVV010000088.1_22597550_23005370_1	0.9617857677359227 1KGrel
NA10865 NA19240#2#JAHEOL010000010.1_37445323_37853017_0$HG01099.verkko_filt_mat.fa:haplotype1_0000034_142513097_142920876_1	0.9617816337788371 1KGrel
NA10865 HG01123#1#JAGYYZ010000015.1_51528240_51935090_0$NA18906#1#JAHEOO010000054.1_2103477_2510435_1	0.9617724357900168 1KGrel
NA10865 HG02886#2#JAHAOT010000031.1_87393_401061_0$HG03927.verkko_filt_pat.fa:haplotype2_0000800_29002142_29504057_1	0.9617697168608613 1KGrel
NA10865 HG03492#1#JAHEPI010000180.1_2103395_2543326_1$HG03516#1#JAGYYT010000012.1_24170958_24578778_1	0.9617691693770640 1KGrel
NA10865 AV_HG01106#haplotype1#0000048:16666181$17262214$HG005#2#JAHEPN010000023.1_51542210_51950070_0	0.9617686551354804 1KGrel
NA10865 HG02723#2#JAHEOT010000034.1_19776337_20321518_1$HG04228.verkko_filt_mat.fa:haplotype1_0000023_103429213_103930285_0	0.9617585641798777 1KGrel
NA10865 HG03492#1#JAHEPI010000180.1_2103395_2543326_1$HG005#2#JAHEPN010000023.1_51542210_51950070_0	0.9617575285885439 1KGrel
NA10865 HG02080#1#JAHEOW010000048.1_16689583_17097287_0$HG03516#1#JAGYYT010000012.1_24170958_24578778_1	0.9617557551868109 1KGrel
NA10865 HG00741#2#JAHALX010000013.1_51574319_51981226_0$HG02818#1#JAHEOS010000101.1_89626_496613_0	0.9617554060046315 1KGrel
NA10865 HG03492#1#JAHEPI010000180.1_2103395_2543326_1$HG02004.verkko_filt_mat.fa:haplotype1_0000022_97828542_98235483_0	0.9617292749393798 1KGrel
NA10865 HG02723#2#JAHEOT010000034.1_19776337_20321518_1$HG02293.verkko_filt_pat.fa:haplotype2_0000836_148310532_148812524_1	0.9617285505328333 1KGrel
NA10865 HG00621#1#JAHBCD010000034.1_2122997_2624098_1$HG02647.verkko_filt_pat.fa:haplotype2_0000857_103738150_104051769_0	0.9617246317200481 1KGrel
NA10865 HG02109#1#JAHEPG010000026.1_16673035_17080816_0$NA18906#1#JAHEOO010000054.1_2103477_2510435_1	0.9617188109668816 1KGrel
NA10865 AV_HG01106#haplotype1#0000048:16666181$17262214$HG02071.verkko_filt_mat.fa:haplotype1_0000041_103610513_104018399_0	0.9617168637090258 1KGrel
NA10865 HG02145#2#JAHKSF010000206.1_1005292_1413195_1$HG02809.verkko_filt_pat.fa:haplotype2_0001251_103421111_103827972_0	0.9617119138614345 1KGrel
NA10865 HG02080#2#JAHEOV010000017.1_16662177_17164189_0$HG01891#1#JAGYVO010000014.1_22855818_23168577_1	0.9617068913754858 1KGrel
NA10865 AV_HG01361#haplotype2#0001322:101872897$102186552$HG03927.verkko_filt_pat.fa:haplotype2_0000800_29002142_29504057_1	0.9617039867053719 1KGrel
NA10865 AV_HG00673#haplotype1#0000019:16627360$17129375$HG02293.verkko_filt_pat.fa:haplotype2_0000836_148310532_148812524_1	0.9616988311663466 1KGrel
NA10865 AV_HG02257#haplotype2#0001152:102843493$103251377$HG02809.verkko_filt_pat.fa:haplotype2_0001251_103421111_103827972_0	0.9616983481927044 1KGrel
NA10865 AV_HG00673#haplotype2#0001165:24014011$24421797$HG03453#2#JAGYVV010000088.1_22597550_23005370_1	0.9616979579329020 1KGrel
NA10865 HG01978#1#JAGYVS010000002.1_51519970_52021951_0$HG02293.verkko_filt_pat.fa:haplotype2_0000836_148310532_148812524_1	0.9616976691531458 1KGrel
NA10865 AV_HG01361#haplotype1#0000023:101593539$102001341$HG03516#1#JAGYYT010000012.1_24170958_24578778_1	0.9616958133493566 1KGrel
NA10865 HG00621#1#JAHBCD010000034.1_2122997_2624098_1$HG03579#2#JAGYVT010000094.1_51581892_51895531_0	0.9616944856369335 1KGrel
NA10865 HG03486#1#JAHEOQ010000123.1_16677696_17085575_0$HG03492#1#JAHEPI010000180.1_2103395_2543326_1	0.9616929947887801 1KGrel
NA10865 HG02818#1#JAHEOS010000101.1_89626_496613_0$HG02717#2#JAHAOR010000006.1_19663827_20070693_1	0.9616908067353701 1KGrel
NA10865 AV_HG01106#haplotype1#0000048:16666181$17262214$HG02004.verkko_filt_mat.fa:haplotype1_0000022_97828542_98235483_0	0.9616890759193262 1KGrel
NA10865 AV_HG01106#haplotype1#0000048:16666181$17262214$HG002.verkko_filt_mat.fa:haplotype1_0000005_138228497_138636354_1	0.9616888497028504 1KGrel
NA10865 AV_HG00673#haplotype1#0000019:16627360$17129375$HG01978#1#JAGYVS010000002.1_51519970_52021951_0	0.9616816842904803 1KGrel
NA10865 HG03492#1#JAHEPI010000180.1_2103395_2543326_1$HG02486#2#JAGYVL010000029.1_94163344_94570162_0	0.9616658154789082 1KGrel
NA10865 HG02723#1#JAHEOU010000204.1_2102082_2414876_1$HG01258#1#JAGYYV010000004.1_56955948_57456952_1	0.9616636205957166 1KGrel
NA10865 HG02080#2#JAHEOV010000017.1_16662177_17164189_0$HG02647.verkko_filt_pat.fa:haplotype2_0000857_103738150_104051769_0	0.9616625873741563 1KGrel
NA10865 AV_HG01106#haplotype1#0000048:16666181$17262214$HG01978#2#JAGYVR010000007.1_51532241_51939176_0	0.9616602886790481 1KGrel
NA10865 AV_HG00673#haplotype1#0000019:16627360$17129375$HG02723#2#JAHEOT010000034.1_19776337_20321518_1	0.9616599265786923 1KGrel
NA10865 HG02622#1#JAHAOO010000002.1_16673678_17080663_0$HG00741#2#JAHALX010000013.1_51574319_51981226_0	0.9616510087497745 1KGrel
NA10865 HG03492#1#JAHEPI010000180.1_2103395_2543326_1$HG02300.verkko_filt_pat.fa:haplotype2_0000620_143362344_143769323_1	0.9616508828427581 1KGrel
NA10865 HG02630#1#JAHAOQ010000102.1_16672145_17079089_0$HG02717#2#JAHAOR010000006.1_19663827_20070693_1	0.9616504269327751 1KGrel
NA10865 HG01123#2#JAGYYY010000006.1_51579630_51892388_0$NA18906#2#JAHEON010000009.1_93748295_94249275_0	0.9616490564866176 1KGrel
NA10865 HG02886#1#JAHAOU010000178.1_62411_469262_0$HG03492#1#JAHEPI010000180.1_2103395_2543326_1	0.9616448441648384 1KGrel
NA10865 HG03492#1#JAHEPI010000180.1_2103395_2543326_1$HG03486#2#JAHEOP010000248.1_2105565_2584784_1	0.9616435864794156 1KGrel
NA10865 AV_HG01106#haplotype1#0000048:16666181$17262214$AV_HG01175#haplotype1#0000070:46006269$46414083	0.9616268505677636 1KGrel
NA10865 HG02080#2#JAHEOV010000017.1_16662177_17164189_0$HG02293.verkko_filt_pat.fa:haplotype2_0000836_148310532_148812524_1	0.9616252521721159 1KGrel
NA10865 HG03579#2#JAGYVT010000094.1_51581892_51895531_0$HG02080#2#JAHEOV010000017.1_16662177_17164189_0	0.9616244967286767 1KGrel
NA10865 HG02145#2#JAHKSF010000206.1_1005292_1413195_1$HG02109#1#JAHEPG010000026.1_16673035_17080816_0	0.9616225684428772 1KGrel
NA10865 AV_HG01175#haplotype1#0000070:46006269$46414083$HG03492#1#JAHEPI010000180.1_2103395_2543326_1	0.9616141600141532 1KGrel
NA10865 AV_HG02257#haplotype2#0001152:102843493$103251377$HG01109#1#JAHEPA010000099.1_2104245_2511104_1	0.9616101570405647 1KGrel
NA10865 AV_HG00673#haplotype1#0000019:16627360$17129375$HG04228.verkko_filt_mat.fa:haplotype1_0000023_103429213_103930285_0	0.9616096505133742 1KGrel
NA10865 NA19240#2#JAHEOL010000010.1_37445323_37853017_0$HG02300.verkko_filt_mat.fa:haplotype1_0000028_144052837_144460586_1	0.9615947413944754 1KGrel
NA10865 HG02145#2#JAHKSF010000206.1_1005292_1413195_1$HG02630#2#JAHAOP010000089.1_16669255_17076135_0	0.9615929142154774 1KGrel
NA10865 HG02080#2#JAHEOV010000017.1_16662177_17164189_0$HG02723#2#JAHEOT010000034.1_19776337_20321518_1	0.9615910313093735 1KGrel
NA10865 AV_HG02257#haplotype2#0001152:102843493$103251377$HG02486#2#JAGYVL010000029.1_94163344_94570162_0	0.9615857913418667 1KGrel
NA10865 HG02630#2#JAHAOP010000089.1_16669255_17076135_0$HG03492#1#JAHEPI010000180.1_2103395_2543326_1	0.9615812171170633 1KGrel
NA10865 HG00621#2#JAHBCC010000031.1_16669999_17077865_0$HG03492#1#JAHEPI010000180.1_2103395_2543326_1	0.9615797201542723 1KGrel
NA10865 HG04228.verkko_filt_mat.fa:haplotype1_0000023_103429213_103930285_0$HG02293.verkko_filt_pat.fa:haplotype2_0000836_148310532_148812524_1	0.9615772360944985 1KGrel
NA10865 HG03492#1#JAHEPI010000180.1_2103395_2543326_1$HG02071.verkko_filt_mat.fa:haplotype1_0000041_103610513_104018399_0	0.9615741512690311 1KGrel
NA10865 AV_HG01361#haplotype1#0000023:101593539$102001341$NA19240#2#JAHEOL010000010.1_37445323_37853017_0	0.9615730253816727 1KGrel
NA10865 HG02622#1#JAHAOO010000002.1_16673678_17080663_0$HG02809.verkko_filt_pat.fa:haplotype2_0001251_103421111_103827972_0	0.9615717226904333 1KGrel
NA10865 HG02080#1#JAHEOW010000048.1_16689583_17097287_0$HG01099.verkko_filt_mat.fa:haplotype1_0000034_142513097_142920876_1	0.9615684492427261 1KGrel
NA10865 HG01978#1#JAGYVS010000002.1_51519970_52021951_0$HG04228.verkko_filt_mat.fa:haplotype1_0000023_103429213_103930285_0	0.9615627755574129 1KGrel
NA10865 AV_HG01106#haplotype1#0000048:16666181$17262214$HG03486#1#JAHEOQ010000123.1_16677696_17085575_0	0.9615621488724150 1KGrel
NA10865 HG02080#2#JAHEOV010000017.1_16662177_17164189_0$HG04228.verkko_filt_mat.fa:haplotype1_0000023_103429213_103930285_0	0.9615511575803460 1KGrel
NA10865 HG01891#1#JAGYVO010000014.1_22855818_23168577_1$HG02071.verkko_filt_pat.fa:haplotype2_0000736_102745972_103248026_0	0.9615357651604495 1KGrel
NA10865 HG01109#1#JAHEPA010000099.1_2104245_2511104_1$HG02630#1#JAHAOQ010000102.1_16672145_17079089_0	0.9615353251836926 1KGrel
NA10865 HG00621#1#JAHBCD010000034.1_2122997_2624098_1$HG02723#2#JAHEOT010000034.1_19776337_20321518_1	0.9615328843275918 1KGrel
NA10865 AV_HG00673#haplotype2#0001165:24014011$24421797$AV_HG02148#haplotype2#0002863:16304803$16712699	0.9615249746162661 1KGrel
NA10865 NA18906#1#JAHEOO010000054.1_2103477_2510435_1$HG02717#2#JAHAOR010000006.1_19663827_20070693_1	0.9615204362183964 1KGrel
NA10865 chr1_hg38_103456064_103863972_0$chr1_chm13_103304997_103901127_0	0.9615192749780230 1KGrel
NA10865 chr1_hg19_103998686_104406594_0$chr1_chm13_103304997_103901127_0	0.9615192749780230 1KGrel
NA10865 HG02145#1#JAHKSG010000134.1_2102465_2647653_1$HG02293.verkko_filt_pat.fa:haplotype2_0000836_148310532_148812524_1	0.9615159673690425 1KGrel
NA10865 AV_HG02257#haplotype2#0001152:102843493$103251377$HG02886#1#JAHAOU010000178.1_62411_469262_0	0.9615041766803679 1KGrel
NA10865 HG01928#1#JAGYVQ010000053.1_16676493_17083407_0$chr1_chm13_103304997_103901127_0	0.9614968020373820 1KGrel
NA10865 HG00621#1#JAHBCD010000034.1_2122997_2624098_1$HG01891#1#JAGYVO010000014.1_22855818_23168577_1	0.9614907287857644 1KGrel
NA10865 HG02723#1#JAHEOU010000204.1_2102082_2414876_1$NA18906#2#JAHEON010000009.1_93748295_94249275_0	0.9614882993626033 1KGrel
NA10865 HG02080#1#JAHEOW010000048.1_16689583_17097287_0$HG02300.verkko_filt_mat.fa:haplotype1_0000028_144052837_144460586_1	0.9614849510394637 1KGrel
NA10865 AV_HG02257#haplotype2#0001152:102843493$103251377$HG02630#2#JAHAOP010000089.1_16669255_17076135_0	0.9614846932796929 1KGrel
NA10865 HG02080#2#JAHEOV010000017.1_16662177_17164189_0$HG01978#1#JAGYVS010000002.1_51519970_52021951_0	0.9614833854876611 1KGrel
NA10865 HG01109#1#JAHEPA010000099.1_2104245_2511104_1$HG02818#1#JAHEOS010000101.1_89626_496613_0	0.9614819276189945 1KGrel
NA10865 AV_HG00673#haplotype2#0001165:24014011$24421797$HG02300.verkko_filt_pat.fa:haplotype2_0000620_143362344_143769323_1	0.9614790774213043 1KGrel
NA10865 HG00621#1#JAHBCD010000034.1_2122997_2624098_1$HG01978#1#JAGYVS010000002.1_51519970_52021951_0	0.9614630268778100 1KGrel
NA10865 HG03492#1#JAHEPI010000180.1_2103395_2543326_1$HG02109#1#JAHEPG010000026.1_16673035_17080816_0	0.9614620408448482 1KGrel
NA10865 HG00621#1#JAHBCD010000034.1_2122997_2624098_1$HG02293.verkko_filt_pat.fa:haplotype2_0000836_148310532_148812524_1	0.9614614811007749 1KGrel
NA10865 HG02723#2#JAHEOT010000034.1_19776337_20321518_1$HG01978#1#JAGYVS010000002.1_51519970_52021951_0	0.9614465706544428 1KGrel
NA10865 AV_HG01106#haplotype1#0000048:16666181$17262214$AV_HG02148#haplotype2#0002863:16304803$16712699	0.9614457963034194 1KGrel
NA10865 AV_HG00673#haplotype1#0000019:16627360$17129375$HG00621#1#JAHBCD010000034.1_2122997_2624098_1	0.9614448940388923 1KGrel
NA10865 HG01978#1#JAGYVS010000002.1_51519970_52021951_0$HG02071.verkko_filt_pat.fa:haplotype2_0000736_102745972_103248026_0	0.9614393011643839 1KGrel
NA10865 AV_HG01361#haplotype1#0000023:101593539$102001341$HG02080#1#JAHEOW010000048.1_16689583_17097287_0	0.9614392844354821 1KGrel
NA10865 HG02630#1#JAHAOQ010000102.1_16672145_17079089_0$HG02630#2#JAHAOP010000089.1_16669255_17076135_0	0.9614334014434155 1KGrel
NA10865 HG01109#1#JAHEPA010000099.1_2104245_2511104_1$HG02717#1#JAHAOS010000015.1_16660311_17067250_0	0.9614276708572534 1KGrel
NA10865 HG02630#2#JAHAOP010000089.1_16669255_17076135_0$HG02622#1#JAHAOO010000002.1_16673678_17080663_0	0.9614273717294760 1KGrel
NA10865 HG02622#1#JAHAOO010000002.1_16673678_17080663_0$HG02486#2#JAGYVL010000029.1_94163344_94570162_0	0.9614260989992949 1KGrel
NA10865 AV_HG01361#haplotype1#0000023:101593539$102001341$HG02300.verkko_filt_mat.fa:haplotype1_0000028_144052837_144460586_1	0.9614243715467349 1KGrel
NA10865 HG02145#2#JAHKSF010000206.1_1005292_1413195_1$HG02486#2#JAGYVL010000029.1_94163344_94570162_0	0.9614237997091700 1KGrel
NA10865 HG02717#1#JAHAOS010000015.1_16660311_17067250_0$HG02809.verkko_filt_pat.fa:haplotype2_0001251_103421111_103827972_0	0.9614223229362571 1KGrel
NA10865 AV_HG01106#haplotype1#0000048:16666181$17262214$HG00621#2#JAHBCC010000031.1_16669999_17077865_0	0.9614199902974243 1KGrel
NA10865 HG02630#1#JAHAOQ010000102.1_16672145_17079089_0$HG02809.verkko_filt_pat.fa:haplotype2_0001251_103421111_103827972_0	0.9614186983132742 1KGrel
NA10865 HG02818#1#JAHEOS010000101.1_89626_496613_0$HG02809.verkko_filt_pat.fa:haplotype2_0001251_103421111_103827972_0	0.9614177520408156 1KGrel
NA10865 AV_HG01106#haplotype1#0000048:16666181$17262214$HG02300.verkko_filt_pat.fa:haplotype2_0000620_143362344_143769323_1	0.9614172234347848 1KGrel
NA10865 HG00621#1#JAHBCD010000034.1_2122997_2624098_1$HG02080#2#JAHEOV010000017.1_16662177_17164189_0	0.9614053898931754 1KGrel
NA10865 AV_HG00673#haplotype2#0001165:24014011$24421797$HG02300.verkko_filt_mat.fa:haplotype1_0000028_144052837_144460586_1	0.9614042158357937 1KGrel
NA10865 AV_HG02148#haplotype2#0002863:16304803$16712699$HG03492#1#JAHEPI010000180.1_2103395_2543326_1	0.9613996193799400 1KGrel
NA10865 HG02080#2#JAHEOV010000017.1_16662177_17164189_0$HG02071.verkko_filt_pat.fa:haplotype2_0000736_102745972_103248026_0	0.9613943662298123 1KGrel
NA10865 AV_HG01106#haplotype2#0000932:16673968$17175925$HG03098#2#JAHEPL010000003.1_93803759_94117426_0	0.9613929246950847 1KGrel
NA10865 HG01109#1#JAHEPA010000099.1_2104245_2511104_1$HG02622#1#JAHAOO010000002.1_16673678_17080663_0	0.9613865037123854 1KGrel
NA10865 HG01928#1#JAGYVQ010000053.1_16676493_17083407_0$HG02145#2#JAHKSF010000206.1_1005292_1413195_1	0.9613841280173647 1KGrel
NA10865 HG03453#2#JAGYVV010000088.1_22597550_23005370_1$chr1_chm13_103304997_103901127_0	0.9613809044712079 1KGrel
NA10865 HG01978#1#JAGYVS010000002.1_51519970_52021951_0$HG02145#1#JAHKSG010000134.1_2102465_2647653_1	0.9613786864994864 1KGrel
NA10865 HG005#1#JAHEPO010000002.1_51519219_51926067_0$HG02004.verkko_filt_pat.fa:haplotype2_0000813_139386576_140076845_1	0.9613739505167160 1KGrel
NA10865 HG02647.verkko_filt_pat.fa:haplotype2_0000857_103738150_104051769_0$HG02071.verkko_filt_pat.fa:haplotype2_0000736_102745972_103248026_0	0.9613726365043608 1KGrel
NA10865 HG02723#2#JAHEOT010000034.1_19776337_20321518_1$HG02071.verkko_filt_pat.fa:haplotype2_0000736_102745972_103248026_0	0.9613704543481992 1KGrel
NA10865 AV_HG00673#haplotype1#0000019:16627360$17129375$HG02080#2#JAHEOV010000017.1_16662177_17164189_0	0.9613667533177976 1KGrel
NA10865 AV_HG01361#haplotype1#0000023:101593539$102001341$HG01099.verkko_filt_mat.fa:haplotype1_0000034_142513097_142920876_1	0.9613566352182678 1KGrel
NA10865 AV_HG00673#haplotype1#0000019:16627360$17129375$HG02145#1#JAHKSG010000134.1_2102465_2647653_1	0.9613561710431900 1KGrel
NA10865 AV_HG00673#haplotype1#0000019:16627360$17129375$HG02071.verkko_filt_pat.fa:haplotype2_0000736_102745972_103248026_0	0.9613548991294811 1KGrel
NA10865 HG02071.verkko_filt_pat.fa:haplotype2_0000736_102745972_103248026_0$HG02293.verkko_filt_pat.fa:haplotype2_0000836_148310532_148812524_1	0.9613529266426185 1KGrel
NA10865 HG01978#1#JAGYVS010000002.1_51519970_52021951_0$HG01891#1#JAGYVO010000014.1_22855818_23168577_1	0.9613470465608506 1KGrel
NA10865 HG03579#2#JAGYVT010000094.1_51581892_51895531_0$HG02071.verkko_filt_pat.fa:haplotype2_0000736_102745972_103248026_0	0.9613427984316455 1KGrel
NA10865 HG00621#1#JAHBCD010000034.1_2122997_2624098_1$HG02145#1#JAHKSG010000134.1_2102465_2647653_1	0.9613401227045120 1KGrel
NA10865 HG01071#1#JAHBCF010000053.1_26607100_27108065_1$HG04228.verkko_filt_pat.fa:haplotype2_0000600_103806749_104119491_0	0.9613342206136459 1KGrel
NA10865 HG04228.verkko_filt_mat.fa:haplotype1_0000023_103429213_103930285_0$HG02647.verkko_filt_pat.fa:haplotype2_0000857_103738150_104051769_0	0.9613309624761047 1KGrel
NA10865 HG02886#1#JAHAOU010000178.1_62411_469262_0$HG02622#1#JAHAOO010000002.1_16673678_17080663_0	0.9613293023081804 1KGrel
NA10865 AV_HG00673#haplotype2#0001165:24014011$24421797$HG01099.verkko_filt_mat.fa:haplotype1_0000034_142513097_142920876_1	0.9613285401551181 1KGrel
NA10865 HG02145#1#JAHKSG010000134.1_2102465_2647653_1$HG04228.verkko_filt_mat.fa:haplotype1_0000023_103429213_103930285_0	0.9613231985030648 1KGrel
NA10865 AV_HG00673#haplotype2#0001165:24014011$24421797$HG00621#2#JAHBCC010000031.1_16669999_17077865_0	0.9613189162282409 1KGrel
NA10865 HG02145#2#JAHKSF010000206.1_1005292_1413195_1$HG02886#1#JAHAOU010000178.1_62411_469262_0	0.9613183091091745 1KGrel
NA10865 chr1_chm13_103304997_103901127_0$HG002.verkko_filt_mat.fa:haplotype1_0000005_138228497_138636354_1	0.9613134578959144 1KGrel
NA10865 HG02080#2#JAHEOV010000017.1_16662177_17164189_0$HG02145#1#JAHKSG010000134.1_2102465_2647653_1	0.9613112416286662 1KGrel
NA10865 HG03579#2#JAGYVT010000094.1_51581892_51895531_0$HG04228.verkko_filt_mat.fa:haplotype1_0000023_103429213_103930285_0	0.9613090136023945 1KGrel
NA10865 HG02717#1#JAHAOS010000015.1_16660311_17067250_0$HG02630#2#JAHAOP010000089.1_16669255_17076135_0	0.9613019617956954 1KGrel
NA10865 chr1_hg38_103456064_103863972_0$HG02622#1#JAHAOO010000002.1_16673678_17080663_0	0.9613008362185681 1KGrel
NA10865 chr1_hg19_103998686_104406594_0$HG02622#1#JAHAOO010000002.1_16673678_17080663_0	0.9613008362185681 1KGrel
NA10865 HG03492#1#JAHEPI010000180.1_2103395_2543326_1$HG03453#2#JAGYVV010000088.1_22597550_23005370_1	0.9613003362839615 1KGrel
NA10865 HG01978#2#JAGYVR010000007.1_51532241_51939176_0$chr1_chm13_103304997_103901127_0	0.9612930039624114 1KGrel
NA10865 HG01258#2#JAGYYU010000072.1_51562603_51970395_0$HG02004.verkko_filt_pat.fa:haplotype2_0000813_139386576_140076845_1	0.9612916408905983 1KGrel
NA10865 HG01123#1#JAGYYZ010000015.1_51528240_51935090_0$HG02004.verkko_filt_pat.fa:haplotype2_0000813_139386576_140076845_1	0.9612893484463687 1KGrel
NA10865 HG01109#1#JAHEPA010000099.1_2104245_2511104_1$NA18906#1#JAHEOO010000054.1_2103477_2510435_1	0.9612859441046586 1KGrel
NA10865 NA18906#2#JAHEON010000009.1_93748295_94249275_0$HG02647.verkko_filt_pat.fa:haplotype2_0000857_103738150_104051769_0	0.9612856747184660 1KGrel
NA10865 chr1_chm13_103304997_103901127_0$HG02004.verkko_filt_mat.fa:haplotype1_0000022_97828542_98235483_0	0.9612843478926101 1KGrel
NA10865 HG005#2#JAHEPN010000023.1_51542210_51950070_0$chr1_chm13_103304997_103901127_0	0.9612839939207684 1KGrel
NA10865 HG02109#2#JAHEPF010000078.1_16678387_16991144_0$HG02004.verkko_filt_pat.fa:haplotype2_0000813_139386576_140076845_1	0.9612832164040155 1KGrel
NA10865 AV_HG01106#haplotype2#0000932:16673968$17175925$HG03710.verkko_filt_mat.fa:haplotype1_0000029_102593394_102907063_0	0.9612825841680157 1KGrel
NA10865 HG01891#1#JAGYVO010000014.1_22855818_23168577_1$HG04228.verkko_filt_mat.fa:haplotype1_0000023_103429213_103930285_0	0.9612800910477134 1KGrel
NA10865 HG03579#2#JAGYVT010000094.1_51581892_51895531_0$NA18906#2#JAHEON010000009.1_93748295_94249275_0	0.9612797603862824 1KGrel
NA10865 chr1_chm13_103304997_103901127_0$HG02071.verkko_filt_mat.fa:haplotype1_0000041_103610513_104018399_0	0.9612768480178754 1KGrel
NA10865 HG01123#2#JAGYYY010000006.1_51579630_51892388_0$HG01071#1#JAHBCF010000053.1_26607100_27108065_1	0.9612714513951960 1KGrel
NA10865 AV_HG01175#haplotype1#0000070:46006269$46414083$chr1_chm13_103304997_103901127_0	0.9612517695474444 1KGrel
NA10865 HG02717#2#JAHAOR010000006.1_19663827_20070693_1$HG02004.verkko_filt_pat.fa:haplotype2_0000813_139386576_140076845_1	0.9612480678955707 1KGrel
NA10865 chr1_hg38_103456064_103863972_0$HG02818#1#JAHEOS010000101.1_89626_496613_0	0.9612354931957817 1KGrel
NA10865 chr1_hg19_103998686_104406594_0$HG02818#1#JAHEOS010000101.1_89626_496613_0	0.9612354931957817 1KGrel
NA10865 HG02559#2#JAGYVJ010000037.1_52167780_52574597_1$HG02145#2#JAHKSF010000206.1_1005292_1413195_1	0.9612349328627515 1KGrel
NA10865 NA18906#1#JAHEOO010000054.1_2103477_2510435_1$HG02809.verkko_filt_pat.fa:haplotype2_0001251_103421111_103827972_0	0.9612329493503257 1KGrel
NA10865 HG03492#1#JAHEPI010000180.1_2103395_2543326_1$HG02809.verkko_filt_pat.fa:haplotype2_0001251_103421111_103827972_0	0.9612325276347522 1KGrel
NA10865 AV_HG02257#haplotype2#0001152:102843493$103251377$HG02559#2#JAGYVJ010000037.1_52167780_52574597_1	0.9612214929945326 1KGrel
NA10865 HG02145#2#JAHKSF010000206.1_1005292_1413195_1$HG02004.verkko_filt_mat.fa:haplotype1_0000022_97828542_98235483_0	0.9612186255222699 1KGrel
NA10865 HG03098#2#JAHEPL010000003.1_93803759_94117426_0$HG02293.verkko_filt_pat.fa:haplotype2_0000836_148310532_148812524_1	0.9612182859549228 1KGrel
NA10865 HG02145#2#JAHKSF010000206.1_1005292_1413195_1$HG01978#2#JAGYVR010000007.1_51532241_51939176_0	0.9612012499287110 1KGrel
NA10865 HG01978#1#JAGYVS010000002.1_51519970_52021951_0$HG02647.verkko_filt_pat.fa:haplotype2_0000857_103738150_104051769_0	0.9611989757980550 1KGrel
NA10865 HG02630#1#JAHAOQ010000102.1_16672145_17079089_0$chr1_hg38_103456064_103863972_0	0.9611975233275541 1KGrel
NA10865 HG02630#1#JAHAOQ010000102.1_16672145_17079089_0$chr1_hg19_103998686_104406594_0	0.9611975233275541 1KGrel
NA10865 HG02080#1#JAHEOW010000048.1_16689583_17097287_0$NA19240#2#JAHEOL010000010.1_37445323_37853017_0	0.9611960051090251 1KGrel
NA10865 HG04228.verkko_filt_mat.fa:haplotype1_0000023_103429213_103930285_0$HG02071.verkko_filt_pat.fa:haplotype2_0000736_102745972_103248026_0	0.9611959797515840 1KGrel
NA10865 HG01099.verkko_filt_mat.fa:haplotype1_0000034_142513097_142920876_1$HG02300.verkko_filt_mat.fa:haplotype1_0000028_144052837_144460586_1	0.9611953727723214 1KGrel
NA10865 HG02486#2#JAGYVL010000029.1_94163344_94570162_0$HG02818#1#JAHEOS010000101.1_89626_496613_0	0.9611851368815825 1KGrel
NA10865 HG02630#2#JAHAOP010000089.1_16669255_17076135_0$HG02818#1#JAHEOS010000101.1_89626_496613_0	0.9611823483140179 1KGrel
NA10865 HG03516#1#JAGYYT010000012.1_24170958_24578778_1$NA19240#2#JAHEOL010000010.1_37445323_37853017_0	0.9611778791509713 1KGrel
NA10865 HG02622#1#JAHAOO010000002.1_16673678_17080663_0$HG005#2#JAHEPN010000023.1_51542210_51950070_0	0.9611770443564958 1KGrel
NA10865 chr1_chm13_103304997_103901127_0$HG02300.verkko_filt_pat.fa:haplotype2_0000620_143362344_143769323_1	0.9611636085476118 1KGrel
NA10865 HG02630#1#JAHAOQ010000102.1_16672145_17079089_0$HG005#2#JAHEPN010000023.1_51542210_51950070_0	0.9611585411210203 1KGrel
NA10865 HG005#2#JAHEPN010000023.1_51542210_51950070_0$HG02818#1#JAHEOS010000101.1_89626_496613_0	0.9611577919824821 1KGrel
NA10865 HG03486#1#JAHEOQ010000123.1_16677696_17085575_0$chr1_chm13_103304997_103901127_0	0.9611536114173638 1KGrel
NA10865 HG00621#1#JAHBCD010000034.1_2122997_2624098_1$HG03098#2#JAHEPL010000003.1_93803759_94117426_0	0.9611519408293160 1KGrel
NA10865 HG03579#2#JAGYVT010000094.1_51581892_51895531_0$HG01978#1#JAGYVS010000002.1_51519970_52021951_0	0.9611447010712004 1KGrel
NA10865 HG02717#1#JAHAOS010000015.1_16660311_17067250_0$HG02886#1#JAHAOU010000178.1_62411_469262_0	0.9611403683580223 1KGrel
NA10865 HG02717#1#JAHAOS010000015.1_16660311_17067250_0$HG02486#2#JAGYVL010000029.1_94163344_94570162_0	0.9611342420523681 1KGrel
NA10865 AV_HG00673#haplotype1#0000019:16627360$17129375$HG03098#2#JAHEPL010000003.1_93803759_94117426_0	0.9611229258726193 1KGrel
NA10865 HG02630#1#JAHAOQ010000102.1_16672145_17079089_0$HG01928#1#JAGYVQ010000053.1_16676493_17083407_0	0.9611225037134534 1KGrel
NA10865 AV_HG02148#haplotype2#0002863:16304803$16712699$chr1_chm13_103304997_103901127_0	0.9611207312013145 1KGrel
NA10865 HG02630#2#JAHAOP010000089.1_16669255_17076135_0$NA18906#1#JAHEOO010000054.1_2103477_2510435_1	0.9611125359156936 1KGrel
NA10865 AV_HG02257#haplotype2#0001152:102843493$103251377$HG01928#1#JAGYVQ010000053.1_16676493_17083407_0	0.9611078247376510 1KGrel
NA10865 HG02145#1#JAHKSG010000134.1_2102465_2647653_1$HG02071.verkko_filt_pat.fa:haplotype2_0000736_102745972_103248026_0	0.9611063635485003 1KGrel
NA10865 HG02145#2#JAHKSF010000206.1_1005292_1413195_1$chr1_hg38_103456064_103863972_0	0.9610991944533984 1KGrel
NA10865 HG02145#2#JAHKSF010000206.1_1005292_1413195_1$chr1_hg19_103998686_104406594_0	0.9610991944533984 1KGrel
NA10865 AV_HG00673#haplotype2#0001165:24014011$24421797$HG03516#1#JAGYYT010000012.1_24170958_24578778_1	0.9610974160593444 1KGrel
NA10865 AV_HG01106#haplotype2#0000932:16673968$17175925$AV_HG01361#haplotype2#0001322:101872897$102186552	0.9610949583695773 1KGrel
NA10865 HG02886#1#JAHAOU010000178.1_62411_469262_0$HG02818#1#JAHEOS010000101.1_89626_496613_0	0.9610878721321466 1KGrel
NA10865 HG00621#1#JAHBCD010000034.1_2122997_2624098_1$HG04228.verkko_filt_mat.fa:haplotype1_0000023_103429213_103930285_0	0.9610852974901134 1KGrel
NA10865 HG00741#2#JAHALX010000013.1_51574319_51981226_0$HG02004.verkko_filt_pat.fa:haplotype2_0000813_139386576_140076845_1	0.9610773676760154 1KGrel
NA10865 HG02145#2#JAHKSF010000206.1_1005292_1413195_1$HG005#2#JAHEPN010000023.1_51542210_51950070_0	0.9610772848797283 1KGrel
NA10865 HG02622#1#JAHAOO010000002.1_16673678_17080663_0$HG002.verkko_filt_mat.fa:haplotype1_0000005_138228497_138636354_1	0.9610731531903811 1KGrel
NA10865 HG01928#1#JAGYVQ010000053.1_16676493_17083407_0$HG02818#1#JAHEOS010000101.1_89626_496613_0	0.9610664239851804 1KGrel
NA10865 HG02630#1#JAHAOQ010000102.1_16672145_17079089_0$HG002.verkko_filt_mat.fa:haplotype1_0000005_138228497_138636354_1	0.9610568392722258 1KGrel
NA10865 HG03486#1#JAHEOQ010000123.1_16677696_17085575_0$HG02630#1#JAHAOQ010000102.1_16672145_17079089_0	0.9610472092105103 1KGrel
NA10865 HG00621#2#JAHBCC010000031.1_16669999_17077865_0$chr1_chm13_103304997_103901127_0	0.9610415942480134 1KGrel
NA10865 HG02886#2#JAHAOT010000031.1_87393_401061_0$HG02293.verkko_filt_pat.fa:haplotype2_0000836_148310532_148812524_1	0.9610266903902871 1KGrel
NA10865 HG01258#1#JAGYYV010000004.1_56955948_57456952_1$HG04228.verkko_filt_pat.fa:haplotype2_0000600_103806749_104119491_0	0.9610231019582227 1KGrel
NA10865 HG03710.verkko_filt_mat.fa:haplotype1_0000029_102593394_102907063_0$HG02293.verkko_filt_pat.fa:haplotype2_0000836_148310532_148812524_1	0.9610137084302587 1KGrel
NA10865 AV_HG00673#haplotype2#0001165:24014011$24421797$NA19240#2#JAHEOL010000010.1_37445323_37853017_0	0.9610125568087960 1KGrel
NA10865 HG02630#1#JAHAOQ010000102.1_16672145_17079089_0$HG02486#2#JAGYVL010000029.1_94163344_94570162_0	0.9610027661548058 1KGrel
NA10865 HG02818#1#JAHEOS010000101.1_89626_496613_0$HG002.verkko_filt_mat.fa:haplotype1_0000005_138228497_138636354_1	0.9609992889150886 1KGrel
NA10865 AV_HG00673#haplotype1#0000019:16627360$17129375$HG03710.verkko_filt_mat.fa:haplotype1_0000029_102593394_102907063_0	0.9609893185230374 1KGrel
NA10865 HG02486#2#JAGYVL010000029.1_94163344_94570162_0$HG02004.verkko_filt_pat.fa:haplotype2_0000813_139386576_140076845_1	0.9609851649289117 1KGrel
NA10865 HG01928#1#JAGYVQ010000053.1_16676493_17083407_0$HG02622#1#JAHAOO010000002.1_16673678_17080663_0	0.9609832515185400 1KGrel
NA10865 HG03098#2#JAHEPL010000003.1_93803759_94117426_0$HG02080#2#JAHEOV010000017.1_16662177_17164189_0	0.9609792259385151 1KGrel
NA10865 AV_HG00673#haplotype1#0000019:16627360$17129375$HG02886#2#JAHAOT010000031.1_87393_401061_0	0.9609790218419192 1KGrel
NA10865 HG02559#2#JAGYVJ010000037.1_52167780_52574597_1$HG02004.verkko_filt_pat.fa:haplotype2_0000813_139386576_140076845_1	0.9609763418021454 1KGrel
NA10865 HG03486#1#JAHEOQ010000123.1_16677696_17085575_0$HG02818#1#JAHEOS010000101.1_89626_496613_0	0.9609746837236933 1KGrel
NA10865 HG02630#1#JAHAOQ010000102.1_16672145_17079089_0$HG03453#2#JAGYVV010000088.1_22597550_23005370_1	0.9609564864440074 1KGrel
NA10865 HG02004.verkko_filt_pat.fa:haplotype2_0000813_139386576_140076845_1$HG02809.verkko_filt_pat.fa:haplotype2_0001251_103421111_103827972_0	0.9609536844294515 1KGrel
NA10865 HG02559#2#JAGYVJ010000037.1_52167780_52574597_1$HG02818#1#JAHEOS010000101.1_89626_496613_0	0.9609492687751657 1KGrel
NA10865 HG02717#1#JAHAOS010000015.1_16660311_17067250_0$chr1_hg38_103456064_103863972_0	0.9609452693221907 1KGrel
NA10865 HG02717#1#JAHAOS010000015.1_16660311_17067250_0$chr1_hg19_103998686_104406594_0	0.9609452693221907 1KGrel
NA10865 HG02717#1#JAHAOS010000015.1_16660311_17067250_0$HG02559#2#JAGYVJ010000037.1_52167780_52574597_1	0.9609448162303734 1KGrel
NA10865 HG005#1#JAHEPO010000002.1_51519219_51926067_0$HG03492#1#JAHEPI010000180.1_2103395_2543326_1	0.9609432878824260 1KGrel
NA10865 HG02630#1#JAHAOQ010000102.1_16672145_17079089_0$HG02559#2#JAGYVJ010000037.1_52167780_52574597_1	0.9609332341617802 1KGrel
NA10865 HG01123#1#JAGYYZ010000015.1_51528240_51935090_0$HG03492#1#JAHEPI010000180.1_2103395_2543326_1	0.9609310331505798 1KGrel
NA10865 HG00621#1#JAHBCD010000034.1_2122997_2624098_1$HG02886#2#JAHAOT010000031.1_87393_401061_0	0.9609213465051015 1KGrel
NA10865 HG01123#2#JAGYYY010000006.1_51579630_51892388_0$HG01258#1#JAGYYV010000004.1_56955948_57456952_1	0.9609211626842269 1KGrel
NA10865 HG02717#1#JAHAOS010000015.1_16660311_17067250_0$HG005#2#JAHEPN010000023.1_51542210_51950070_0	0.9609147174747950 1KGrel
NA10865 NA18906#1#JAHEOO010000054.1_2103477_2510435_1$HG02486#2#JAGYVL010000029.1_94163344_94570162_0	0.9609128402344274 1KGrel
NA10865 HG02717#1#JAHAOS010000015.1_16660311_17067250_0$HG002.verkko_filt_mat.fa:haplotype1_0000005_138228497_138636354_1	0.9609085455222256 1KGrel
NA10865 HG02559#2#JAGYVJ010000037.1_52167780_52574597_1$HG02622#1#JAHAOO010000002.1_16673678_17080663_0	0.9609061610428513 1KGrel
NA10865 HG02630#1#JAHAOQ010000102.1_16672145_17079089_0$HG02886#1#JAHAOU010000178.1_62411_469262_0	0.9609051422200420 1KGrel
NA10865 AV_HG02257#haplotype2#0001152:102843493$103251377$chr1_hg38_103456064_103863972_0	0.9609021875776703 1KGrel
NA10865 AV_HG02257#haplotype2#0001152:102843493$103251377$chr1_hg19_103998686_104406594_0	0.9609021875776703 1KGrel
NA10865 AV_HG01106#haplotype2#0000932:16673968$17175925$HG02886#2#JAHAOT010000031.1_87393_401061_0	0.9609013421016491 1KGrel
NA10865 HG02630#1#JAHAOQ010000102.1_16672145_17079089_0$HG02004.verkko_filt_mat.fa:haplotype1_0000022_97828542_98235483_0	0.9609010306291971 1KGrel
NA10865 HG03453#2#JAGYVV010000088.1_22597550_23005370_1$HG02818#1#JAHEOS010000101.1_89626_496613_0	0.9609007712192088 1KGrel
NA10865 HG02630#1#JAHAOQ010000102.1_16672145_17079089_0$HG01978#2#JAGYVR010000007.1_51532241_51939176_0	0.9608998308976627 1KGrel
NA10865 HG03486#1#JAHEOQ010000123.1_16677696_17085575_0$HG02622#1#JAHAOO010000002.1_16673678_17080663_0	0.9608988236425186 1KGrel
NA10865 HG02886#1#JAHAOU010000178.1_62411_469262_0$HG02004.verkko_filt_pat.fa:haplotype2_0000813_139386576_140076845_1	0.9608945907716198 1KGrel
NA10865 AV_HG00673#haplotype2#0001165:24014011$24421797$AV_HG01361#haplotype1#0000023:101593539$102001341	0.9608894082595137 1KGrel
NA10865 HG00621#1#JAHBCD010000034.1_2122997_2624098_1$HG03710.verkko_filt_mat.fa:haplotype1_0000029_102593394_102907063_0	0.9608837831681579 1KGrel
NA10865 HG02622#1#JAHAOO010000002.1_16673678_17080663_0$HG01978#2#JAGYVR010000007.1_51532241_51939176_0	0.9608786422094218 1KGrel
NA10865 chr1_hg38_103456064_103863972_0$NA18906#1#JAHEOO010000054.1_2103477_2510435_1	0.9608757573846755 1KGrel
NA10865 chr1_hg19_103998686_104406594_0$NA18906#1#JAHEOO010000054.1_2103477_2510435_1	0.9608757573846755 1KGrel
NA10865 NA18906#2#JAHEON010000009.1_93748295_94249275_0$HG01891#1#JAGYVO010000014.1_22855818_23168577_1	0.9608717842341536 1KGrel
NA10865 NA18906#1#JAHEOO010000054.1_2103477_2510435_1$HG005#2#JAHEPN010000023.1_51542210_51950070_0	0.9608689231009638 1KGrel
NA10865 AV_HG01175#haplotype1#0000070:46006269$46414083$HG02818#1#JAHEOS010000101.1_89626_496613_0	0.9608675182248971 1KGrel
NA10865 HG02559#2#JAGYVJ010000037.1_52167780_52574597_1$NA18906#1#JAHEOO010000054.1_2103477_2510435_1	0.9608670482799179 1KGrel
NA10865 HG01928#1#JAGYVQ010000053.1_16676493_17083407_0$NA18906#1#JAHEOO010000054.1_2103477_2510435_1	0.9608648488523851 1KGrel
NA10865 AV_HG02257#haplotype2#0001152:102843493$103251377$HG005#2#JAHEPN010000023.1_51542210_51950070_0	0.9608648324796999 1KGrel
NA10865 HG02004.verkko_filt_pat.fa:haplotype2_0000813_139386576_140076845_1$HG02647.verkko_filt_pat.fa:haplotype2_0000857_103738150_104051769_0	0.9608611951670805 1KGrel
NA10865 HG03579#2#JAGYVT010000094.1_51581892_51895531_0$HG02004.verkko_filt_pat.fa:haplotype2_0000813_139386576_140076845_1	0.9608572012187695 1KGrel
NA10865 HG02145#2#JAHKSF010000206.1_1005292_1413195_1$HG002.verkko_filt_mat.fa:haplotype1_0000005_138228497_138636354_1	0.9608549969204996 1KGrel
NA10865 AV_HG01175#haplotype1#0000070:46006269$46414083$HG02622#1#JAHAOO010000002.1_16673678_17080663_0	0.9608546410848480 1KGrel
NA10865 HG03492#1#JAHEPI010000180.1_2103395_2543326_1$HG01258#2#JAGYYU010000072.1_51562603_51970395_0	0.9608517713425488 1KGrel
NA10865 HG02145#2#JAHKSF010000206.1_1005292_1413195_1$HG03453#2#JAGYVV010000088.1_22597550_23005370_1	0.9608440677824660 1KGrel
NA10865 HG03486#1#JAHEOQ010000123.1_16677696_17085575_0$HG02717#1#JAHAOS010000015.1_16660311_17067250_0	0.9608432317544102 1KGrel
NA10865 HG02004.verkko_filt_pat.fa:haplotype2_0000813_139386576_140076845_1$HG03927.verkko_filt_mat.fa:haplotype1_0000009_134765170_135173010_1	0.9608344021750063 1KGrel
NA10865 HG00621#1#JAHBCD010000034.1_2122997_2624098_1$HG02071.verkko_filt_pat.fa:haplotype2_0000736_102745972_103248026_0	0.9608309222255725 1KGrel
NA10865 AV_HG01361#haplotype2#0001322:101872897$102186552$HG02293.verkko_filt_pat.fa:haplotype2_0000836_148310532_148812524_1	0.9608271070247834 1KGrel
NA10865 HG02622#1#JAHAOO010000002.1_16673678_17080663_0$HG02004.verkko_filt_mat.fa:haplotype1_0000022_97828542_98235483_0	0.9608260216223271 1KGrel
NA10865 HG03098#2#JAHEPL010000003.1_93803759_94117426_0$HG04228.verkko_filt_mat.fa:haplotype1_0000023_103429213_103930285_0	0.9608258197594295 1KGrel
NA10865 AV_HG02257#haplotype2#0001152:102843493$103251377$HG002.verkko_filt_mat.fa:haplotype1_0000005_138228497_138636354_1	0.9608255373623547 1KGrel
NA10865 HG01891#1#JAGYVO010000014.1_22855818_23168577_1$HG02004.verkko_filt_pat.fa:haplotype2_0000813_139386576_140076845_1	0.9608189122219678 1KGrel
NA10865 HG02886#1#JAHAOU010000178.1_62411_469262_0$NA18906#1#JAHEOO010000054.1_2103477_2510435_1	0.9608151195354104 1KGrel
NA10865 HG02080#2#JAHEOV010000017.1_16662177_17164189_0$HG03710.verkko_filt_mat.fa:haplotype1_0000029_102593394_102907063_0	0.9608139066548622 1KGrel
NA10865 AV_HG02257#haplotype2#0001152:102843493$103251377$HG01978#2#JAGYVR010000007.1_51532241_51939176_0	0.9608130868267775 1KGrel
NA10865 AV_HG01175#haplotype1#0000070:46006269$46414083$HG02630#1#JAHAOQ010000102.1_16672145_17079089_0	0.9608126217144386 1KGrel
NA10865 HG02080#2#JAHEOV010000017.1_16662177_17164189_0$HG02886#2#JAHAOT010000031.1_87393_401061_0	0.9608117913455683 1KGrel
NA10865 HG03453#2#JAGYVV010000088.1_22597550_23005370_1$HG02622#1#JAHAOO010000002.1_16673678_17080663_0	0.9608022266878705 1KGrel
NA10865 HG03486#1#JAHEOQ010000123.1_16677696_17085575_0$HG02145#2#JAHKSF010000206.1_1005292_1413195_1	0.9607985755716892 1KGrel
NA10865 HG02717#1#JAHAOS010000015.1_16660311_17067250_0$HG03453#2#JAGYVV010000088.1_22597550_23005370_1	0.9607926104871173 1KGrel
NA10865 AV_HG01361#haplotype2#0001322:101872897$102186552$HG00621#1#JAHBCD010000034.1_2122997_2624098_1	0.9607917470006231 1KGrel
NA10865 AV_HG01106#haplotype2#0000932:16673968$17175925$HG02723#1#JAHEOU010000204.1_2102082_2414876_1	0.9607806639863209 1KGrel
NA10865 HG02630#1#JAHAOQ010000102.1_16672145_17079089_0$HG02071.verkko_filt_mat.fa:haplotype1_0000041_103610513_104018399_0	0.9607746211360213 1KGrel
NA10865 HG00621#2#JAHBCC010000031.1_16669999_17077865_0$HG02630#1#JAHAOQ010000102.1_16672145_17079089_0	0.9607690510544611 1KGrel
NA10865 HG02818#1#JAHEOS010000101.1_89626_496613_0$HG02004.verkko_filt_mat.fa:haplotype1_0000022_97828542_98235483_0	0.9607657587270996 1KGrel
NA10865 HG03486#1#JAHEOQ010000123.1_16677696_17085575_0$NA18906#1#JAHEOO010000054.1_2103477_2510435_1	0.9607655317798710 1KGrel
NA10865 HG01978#2#JAGYVR010000007.1_51532241_51939176_0$HG02818#1#JAHEOS010000101.1_89626_496613_0	0.9607636818786504 1KGrel
NA10865 AV_HG00673#haplotype1#0000019:16627360$17129375$AV_HG01361#haplotype2#0001322:101872897$102186552	0.9607630891516259 1KGrel
NA10865 HG02717#1#JAHAOS010000015.1_16660311_17067250_0$HG01928#1#JAGYVQ010000053.1_16676493_17083407_0	0.9607592216264662 1KGrel
NA10865 AV_HG01175#haplotype1#0000070:46006269$46414083$HG02145#2#JAHKSF010000206.1_1005292_1413195_1	0.9607551156308574 1KGrel
NA10865 HG00621#2#JAHBCC010000031.1_16669999_17077865_0$HG02818#1#JAHEOS010000101.1_89626_496613_0	0.9607522700197354 1KGrel
NA10865 HG03098#2#JAHEPL010000003.1_93803759_94117426_0$HG01978#1#JAGYVS010000002.1_51519970_52021951_0	0.9607497398053958 1KGrel
NA10865 AV_HG00673#haplotype2#0001165:24014011$24421797$HG02080#1#JAHEOW010000048.1_16689583_17097287_0	0.9607429172274136 1KGrel
NA10865 AV_HG02257#haplotype2#0001152:102843493$103251377$HG03486#1#JAHEOQ010000123.1_16677696_17085575_0	0.9607374231846519 1KGrel
NA10865 HG02622#1#JAHAOO010000002.1_16673678_17080663_0$HG02071.verkko_filt_mat.fa:haplotype1_0000041_103610513_104018399_0	0.9607370920434865 1KGrel
NA10865 HG02559#1#JAGYVK010000012.1_51505852_51913611_0$HG02004.verkko_filt_pat.fa:haplotype2_0000813_139386576_140076845_1	0.9607286177317190 1KGrel
NA10865 AV_HG02257#haplotype2#0001152:102843493$103251377$HG02004.verkko_filt_mat.fa:haplotype1_0000022_97828542_98235483_0	0.9607275393352817 1KGrel
NA10865 AV_HG02257#haplotype2#0001152:102843493$103251377$HG03453#2#JAGYVV010000088.1_22597550_23005370_1	0.9607273393701118 1KGrel
NA10865 NA18906#1#JAHEOO010000054.1_2103477_2510435_1$HG002.verkko_filt_mat.fa:haplotype1_0000005_138228497_138636354_1	0.9607270702756030 1KGrel
NA10865 HG03492#1#JAHEPI010000180.1_2103395_2543326_1$HG02004.verkko_filt_pat.fa:haplotype2_0000813_139386576_140076845_1	0.9607204064249861 1KGrel
NA10865 HG02818#2#JAHEOR010000010.1_31775319_32183091_1$HG02004.verkko_filt_pat.fa:haplotype2_0000813_139386576_140076845_1	0.9607100319119378 1KGrel
NA10865 HG04228.verkko_filt_mat.fa:haplotype1_0000023_103429213_103930285_0$HG03710.verkko_filt_mat.fa:haplotype1_0000029_102593394_102907063_0	0.9607081606387856 1KGrel
NA10865 HG01109#1#JAHEPA010000099.1_2104245_2511104_1$HG03492#1#JAHEPI010000180.1_2103395_2543326_1	0.9607017057564682 1KGrel
NA10865 HG02818#1#JAHEOS010000101.1_89626_496613_0$HG02071.verkko_filt_mat.fa:haplotype1_0000041_103610513_104018399_0	0.9606939880641004 1KGrel
NA10865 AV_HG01361#haplotype2#0001322:101872897$102186552$HG04228.verkko_filt_mat.fa:haplotype1_0000023_103429213_103930285_0	0.9606872681537999 1KGrel
NA10865 HG03098#2#JAHEPL010000003.1_93803759_94117426_0$HG02071.verkko_filt_pat.fa:haplotype2_0000736_102745972_103248026_0	0.9606867439959629 1KGrel
NA10865 HG03579#1#JAGYVU010000029.1_91404_499180_0$HG02004.verkko_filt_pat.fa:haplotype2_0000813_139386576_140076845_1	0.9606837651449238 1KGrel
NA10865 HG02886#2#JAHAOT010000031.1_87393_401061_0$HG04228.verkko_filt_mat.fa:haplotype1_0000023_103429213_103930285_0	0.9606652424644586 1KGrel
NA10865 HG01109#2#JAHEOZ010000047.1_16671232_17151375_0$HG002.verkko_filt_pat.fa:haplotype2_0000649_147937390_148315979_1	0.9606618925976504 1KGrel
NA10865 HG03516#2#JAGYYS010000004.1_24452130_24859892_1$HG02004.verkko_filt_pat.fa:haplotype2_0000813_139386576_140076845_1	0.9606542034260037 1KGrel
NA10865 HG02717#1#JAHAOS010000015.1_16660311_17067250_0$HG02071.verkko_filt_mat.fa:haplotype1_0000041_103610513_104018399_0	0.9606504192285794 1KGrel
NA10865 HG01978#1#JAGYVS010000002.1_51519970_52021951_0$HG03710.verkko_filt_mat.fa:haplotype1_0000029_102593394_102907063_0	0.9606473848120142 1KGrel
NA10865 AV_HG01361#haplotype2#0001322:101872897$102186552$HG02080#2#JAHEOV010000017.1_16662177_17164189_0	0.9606428423842580 1KGrel
NA10865 HG03453#2#JAGYVV010000088.1_22597550_23005370_1$NA18906#1#JAHEOO010000054.1_2103477_2510435_1	0.9606350038340433 1KGrel
NA10865 HG02004.verkko_filt_pat.fa:haplotype2_0000813_139386576_140076845_1$HG01099.verkko_filt_mat.fa:haplotype1_0000034_142513097_142920876_1	0.9606331419566588 1KGrel
NA10865 AV_HG01175#haplotype1#0000070:46006269$46414083$AV_HG02257#haplotype2#0001152:102843493$103251377	0.9606301155274725 1KGrel
NA10865 HG02145#2#JAHKSF010000206.1_1005292_1413195_1$HG02300.verkko_filt_pat.fa:haplotype2_0000620_143362344_143769323_1	0.9606244828434468 1KGrel
NA10865 NA19240#1#JAHEOM010000047.1_30103390_30511199_1$HG02004.verkko_filt_pat.fa:haplotype2_0000813_139386576_140076845_1	0.9606230644539159 1KGrel
NA10865 HG02109#1#JAHEPG010000026.1_16673035_17080816_0$HG02004.verkko_filt_pat.fa:haplotype2_0000813_139386576_140076845_1	0.9606167284005015 1KGrel
NA10865 AV_HG02148#haplotype2#0002863:16304803$16712699$HG02630#1#JAHAOQ010000102.1_16672145_17079089_0	0.9606160612038559 1KGrel
NA10865 HG03492#1#JAHEPI010000180.1_2103395_2543326_1$HG02717#2#JAHAOR010000006.1_19663827_20070693_1	0.9606157201103880 1KGrel
NA10865 HG02145#2#JAHKSF010000206.1_1005292_1413195_1$HG02071.verkko_filt_mat.fa:haplotype1_0000041_103610513_104018399_0	0.9606134414150572 1KGrel
NA10865 HG00621#2#JAHBCC010000031.1_16669999_17077865_0$HG02622#1#JAHAOO010000002.1_16673678_17080663_0	0.9606126698762176 1KGrel
NA10865 HG02630#2#JAHAOP010000089.1_16669255_17076135_0$HG02004.verkko_filt_pat.fa:haplotype2_0000813_139386576_140076845_1	0.9606117789967578 1KGrel
NA10865 AV_HG01106#haplotype2#0000932:16673968$17175925$HG04228.verkko_filt_pat.fa:haplotype2_0000600_103806749_104119491_0	0.9606080242901555 1KGrel
NA10865 AV_HG01175#haplotype1#0000070:46006269$46414083$HG02717#1#JAHAOS010000015.1_16660311_17067250_0	0.9605926087506352 1KGrel
NA10865 HG02717#1#JAHAOS010000015.1_16660311_17067250_0$HG01978#2#JAGYVR010000007.1_51532241_51939176_0	0.9605920980869636 1KGrel
NA10865 HG02004.verkko_filt_pat.fa:haplotype2_0000813_139386576_140076845_1$HG02300.verkko_filt_mat.fa:haplotype1_0000028_144052837_144460586_1	0.9605897322360312 1KGrel
NA10865 AV_HG02257#haplotype2#0001152:102843493$103251377$HG00621#2#JAHBCC010000031.1_16669999_17077865_0	0.9605547312219103 1KGrel
NA10865 HG02630#1#JAHAOQ010000102.1_16672145_17079089_0$HG02300.verkko_filt_pat.fa:haplotype2_0000620_143362344_143769323_1	0.9605545156278136 1KGrel
NA10865 HG00621#2#JAHBCC010000031.1_16669999_17077865_0$HG02717#1#JAHAOS010000015.1_16660311_17067250_0	0.9605490438047029 1KGrel
NA10865 HG02717#1#JAHAOS010000015.1_16660311_17067250_0$HG02004.verkko_filt_mat.fa:haplotype1_0000022_97828542_98235483_0	0.9605458270042977 1KGrel
NA10865 HG02559#2#JAGYVJ010000037.1_52167780_52574597_1$HG03492#1#JAHEPI010000180.1_2103395_2543326_1	0.9605296495791712 1KGrel
NA10865 AV_HG01175#haplotype1#0000070:46006269$46414083$NA18906#1#JAHEOO010000054.1_2103477_2510435_1	0.9605228796120570 1KGrel
NA10865 HG00621#2#JAHBCC010000031.1_16669999_17077865_0$HG02145#2#JAHKSF010000206.1_1005292_1413195_1	0.9605123714534721 1KGrel
NA10865 NA18906#1#JAHEOO010000054.1_2103477_2510435_1$HG02004.verkko_filt_mat.fa:haplotype1_0000022_97828542_98235483_0	0.9605077484079148 1KGrel
NA10865 AV_HG01361#haplotype2#0001322:101872897$102186552$HG01978#1#JAGYVS010000002.1_51519970_52021951_0	0.9605074680734957 1KGrel
NA10865 HG01109#1#JAHEPA010000099.1_2104245_2511104_1$HG02004.verkko_filt_pat.fa:haplotype2_0000813_139386576_140076845_1	0.9605063775345767 1KGrel
NA10865 HG02080#1#JAHEOW010000048.1_16689583_17097287_0$HG02004.verkko_filt_pat.fa:haplotype2_0000813_139386576_140076845_1	0.9605056710959018 1KGrel
NA10865 HG04228.verkko_filt_pat.fa:haplotype2_0000600_103806749_104119491_0$HG02293.verkko_filt_pat.fa:haplotype2_0000836_148310532_148812524_1	0.9605038248528707 1KGrel
NA10865 HG02723#1#JAHEOU010000204.1_2102082_2414876_1$HG02293.verkko_filt_pat.fa:haplotype2_0000836_148310532_148812524_1	0.9605024230450436 1KGrel
NA10865 HG02886#2#JAHAOT010000031.1_87393_401061_0$HG02071.verkko_filt_pat.fa:haplotype2_0000736_102745972_103248026_0	0.9605019926217067 1KGrel
NA10865 AV_HG02148#haplotype2#0002863:16304803$16712699$HG02145#2#JAHKSF010000206.1_1005292_1413195_1	0.9604955613899819 1KGrel
NA10865 NA19240#2#JAHEOL010000010.1_37445323_37853017_0$HG02004.verkko_filt_pat.fa:haplotype2_0000813_139386576_140076845_1	0.9604925010297301 1KGrel
NA10865 AV_HG02148#haplotype2#0002863:16304803$16712699$HG02622#1#JAHAOO010000002.1_16673678_17080663_0	0.9604853342572365 1KGrel
NA10865 NA18906#1#JAHEOO010000054.1_2103477_2510435_1$HG02071.verkko_filt_mat.fa:haplotype1_0000041_103610513_104018399_0	0.9604848599863380 1KGrel
NA10865 HG03710.verkko_filt_mat.fa:haplotype1_0000029_102593394_102907063_0$HG02071.verkko_filt_pat.fa:haplotype2_0000736_102745972_103248026_0	0.9604825176213542 1KGrel
NA10865 AV_HG02257#haplotype2#0001152:102843493$103251377$HG02071.verkko_filt_mat.fa:haplotype1_0000041_103610513_104018399_0	0.9604805240805868 1KGrel
NA10865 HG00621#2#JAHBCC010000031.1_16669999_17077865_0$NA18906#1#JAHEOO010000054.1_2103477_2510435_1	0.9604793022512962 1KGrel
NA10865 AV_HG02257#haplotype2#0001152:102843493$103251377$HG02300.verkko_filt_pat.fa:haplotype2_0000620_143362344_143769323_1	0.9604753981962915 1KGrel
NA10865 NA18906#1#JAHEOO010000054.1_2103477_2510435_1$HG01978#2#JAGYVR010000007.1_51532241_51939176_0	0.9604743927448358 1KGrel
NA10865 AV_HG00673#haplotype1#0000019:16627360$17129375$HG02723#1#JAHEOU010000204.1_2102082_2414876_1	0.9604623686441169 1KGrel
NA10865 AV_HG00673#haplotype1#0000019:16627360$17129375$HG04228.verkko_filt_pat.fa:haplotype2_0000600_103806749_104119491_0	0.9604559769947840 1KGrel
NA10865 HG02622#1#JAHAOO010000002.1_16673678_17080663_0$HG02300.verkko_filt_pat.fa:haplotype2_0000620_143362344_143769323_1	0.9604531825786496 1KGrel
NA10865 HG03516#1#JAGYYT010000012.1_24170958_24578778_1$HG02004.verkko_filt_pat.fa:haplotype2_0000813_139386576_140076845_1	0.9604388337676414 1KGrel
NA10865 HG03098#2#JAHEPL010000003.1_93803759_94117426_0$HG02004.verkko_filt_pat.fa:haplotype2_0000813_139386576_140076845_1	0.9604173046797527 1KGrel
NA10865 AV_HG02148#haplotype2#0002863:16304803$16712699$HG02818#1#JAHEOS010000101.1_89626_496613_0	0.9604170083064335 1KGrel
NA10865 HG02818#1#JAHEOS010000101.1_89626_496613_0$HG02300.verkko_filt_pat.fa:haplotype2_0000620_143362344_143769323_1	0.9604099866589366 1KGrel
NA10865 HG02717#1#JAHAOS010000015.1_16660311_17067250_0$HG03492#1#JAHEPI010000180.1_2103395_2543326_1	0.9603717497747751 1KGrel
NA10865 AV_HG01361#haplotype1#0000023:101593539$102001341$HG02004.verkko_filt_pat.fa:haplotype2_0000813_139386576_140076845_1	0.9603695688398498 1KGrel
NA10865 HG00438#1#JAHBCB010000015.1_33474867_33954171_0$HG002.verkko_filt_pat.fa:haplotype2_0000649_147937390_148315979_1	0.9603613720326865 1KGrel
NA10865 HG02145#1#JAHKSG010000134.1_2102465_2647653_1$HG02004.verkko_filt_pat.fa:haplotype2_0000813_139386576_140076845_1	0.9603553712406803 1KGrel
NA10865 HG02886#2#JAHAOT010000031.1_87393_401061_0$HG02004.verkko_filt_pat.fa:haplotype2_0000813_139386576_140076845_1	0.9603317224591399 1KGrel
NA10865 AV_HG02148#haplotype2#0002863:16304803$16712699$HG02717#1#JAHAOS010000015.1_16660311_17067250_0	0.9603244964749635 1KGrel
NA10865 HG03492#1#JAHEPI010000180.1_2103395_2543326_1$HG00741#2#JAHALX010000013.1_51574319_51981226_0	0.9603219551652389 1KGrel
NA10865 HG01978#1#JAGYVS010000002.1_51519970_52021951_0$HG02886#2#JAHAOT010000031.1_87393_401061_0	0.9603133440844636 1KGrel
NA10865 HG02080#2#JAHEOV010000017.1_16662177_17164189_0$HG04228.verkko_filt_pat.fa:haplotype2_0000600_103806749_104119491_0	0.9603123127328009 1KGrel
NA10865 HG02723#1#JAHEOU010000204.1_2102082_2414876_1$HG02080#2#JAHEOV010000017.1_16662177_17164189_0	0.9602790344036132 1KGrel
NA10865 HG02723#2#JAHEOT010000034.1_19776337_20321518_1$HG02004.verkko_filt_pat.fa:haplotype2_0000813_139386576_140076845_1	0.9602718531939791 1KGrel
NA10865 HG02630#1#JAHAOQ010000102.1_16672145_17079089_0$HG03492#1#JAHEPI010000180.1_2103395_2543326_1	0.9602694563324619 1KGrel
NA10865 HG02004.verkko_filt_pat.fa:haplotype2_0000813_139386576_140076845_1$HG03710.verkko_filt_mat.fa:haplotype1_0000029_102593394_102907063_0	0.9602581145913721 1KGrel
NA10865 AV_HG01361#haplotype2#0001322:101872897$102186552$HG02071.verkko_filt_pat.fa:haplotype2_0000736_102745972_103248026_0	0.9602568805728400 1KGrel
NA10865 AV_HG02257#haplotype2#0001152:102843493$103251377$HG03492#1#JAHEPI010000180.1_2103395_2543326_1	0.9602515865266137 1KGrel
NA10865 HG02717#1#JAHAOS010000015.1_16660311_17067250_0$HG02300.verkko_filt_pat.fa:haplotype2_0000620_143362344_143769323_1	0.9602465288424953 1KGrel
NA10865 HG03453#1#JAGYVW010000157.1_2105722_2585000_1$HG03492#1#JAHEPI010000180.1_2103395_2543326_1	0.9602396700329003 1KGrel
NA10865 AV_HG02148#haplotype2#0002863:16304803$16712699$NA18906#1#JAHEOO010000054.1_2103477_2510435_1	0.9602066836484424 1KGrel
NA10865 HG03492#1#JAHEPI010000180.1_2103395_2543326_1$NA18906#1#JAHEOO010000054.1_2103477_2510435_1	0.9602036255183286 1KGrel
NA10865 AV_HG02148#haplotype2#0002863:16304803$16712699$AV_HG02257#haplotype2#0001152:102843493$103251377	0.9601878828220159 1KGrel
NA10865 AV_HG01361#haplotype2#0001322:101872897$102186552$HG02004.verkko_filt_pat.fa:haplotype2_0000813_139386576_140076845_1	0.9601280800042327 1KGrel
NA10865 HG02723#1#JAHEOU010000204.1_2102082_2414876_1$HG01978#1#JAGYVS010000002.1_51519970_52021951_0	0.9601210000443030 1KGrel
NA10865 HG02145#2#JAHKSF010000206.1_1005292_1413195_1$HG03492#1#JAHEPI010000180.1_2103395_2543326_1	0.9601002238446681 1KGrel
NA10865 NA18906#1#JAHEOO010000054.1_2103477_2510435_1$HG02300.verkko_filt_pat.fa:haplotype2_0000620_143362344_143769323_1	0.9600808825274808 1KGrel
NA10865 HG00621#1#JAHBCD010000034.1_2122997_2624098_1$HG02723#1#JAHEOU010000204.1_2102082_2414876_1	0.9600720325321576 1KGrel
NA10865 HG00621#1#JAHBCD010000034.1_2122997_2624098_1$HG04228.verkko_filt_pat.fa:haplotype2_0000600_103806749_104119491_0	0.9600655560780655 1KGrel
NA10865 HG01978#1#JAGYVS010000002.1_51519970_52021951_0$HG04228.verkko_filt_pat.fa:haplotype2_0000600_103806749_104119491_0	0.9600357051522597 1KGrel
NA10865 HG02723#1#JAHEOU010000204.1_2102082_2414876_1$HG02071.verkko_filt_pat.fa:haplotype2_0000736_102745972_103248026_0	0.9600256637251351 1KGrel
NA10865 HG03492#1#JAHEPI010000180.1_2103395_2543326_1$HG02818#1#JAHEOS010000101.1_89626_496613_0	0.9600062185611555 1KGrel
NA10865 HG02886#1#JAHAOU010000178.1_62411_469262_0$HG02486#2#JAGYVL010000029.1_94163344_94570162_0	0.9599850095190905 1KGrel
NA10865 AV_HG00673#haplotype2#0001165:24014011$24421797$HG02004.verkko_filt_pat.fa:haplotype2_0000813_139386576_140076845_1	0.9599828949617430 1KGrel
NA10865 HG04228.verkko_filt_pat.fa:haplotype2_0000600_103806749_104119491_0$HG04228.verkko_filt_mat.fa:haplotype1_0000023_103429213_103930285_0	0.9599370640449026 1KGrel
NA10865 AV_HG01106#haplotype2#0000932:16673968$17175925$HG02293.verkko_filt_mat.fa:haplotype1_0000039_30204405_30517145_1	0.9599252824191138 1KGrel
NA10865 HG04228.verkko_filt_pat.fa:haplotype2_0000600_103806749_104119491_0$HG02071.verkko_filt_pat.fa:haplotype2_0000736_102745972_103248026_0	0.9599162145961191 1KGrel
NA10865 HG02723#1#JAHEOU010000204.1_2102082_2414876_1$HG04228.verkko_filt_mat.fa:haplotype1_0000023_103429213_103930285_0	0.9599123110766535 1KGrel
NA10865 HG02293.verkko_filt_mat.fa:haplotype1_0000039_30204405_30517145_1$HG02293.verkko_filt_pat.fa:haplotype2_0000836_148310532_148812524_1	0.9598021020697109 1KGrel
NA10865 NA20129#2#JAHEPD010000155.1_90039_569275_0$HG002.verkko_filt_pat.fa:haplotype2_0000649_147937390_148315979_1	0.9597883714057203 1KGrel
NA10865 HG03492#1#JAHEPI010000180.1_2103395_2543326_1$HG02622#1#JAHAOO010000002.1_16673678_17080663_0	0.9597757759200746 1KGrel
NA10865 HG04228.verkko_filt_pat.fa:haplotype2_0000600_103806749_104119491_0$HG02004.verkko_filt_pat.fa:haplotype2_0000813_139386576_140076845_1	0.9597500009627661 1KGrel
NA10865 AV_HG00673#haplotype1#0000019:16627360$17129375$HG02293.verkko_filt_mat.fa:haplotype1_0000039_30204405_30517145_1	0.9597456738532706 1KGrel
NA10865 HG03492#2#JAHEPH010000288.1_2098270_2432686_1$HG02004.verkko_filt_pat.fa:haplotype2_0000813_139386576_140076845_1	0.9597181837247707 1KGrel
NA10865 HG02723#1#JAHEOU010000204.1_2102082_2414876_1$HG02004.verkko_filt_pat.fa:haplotype2_0000813_139386576_140076845_1	0.9597051731243025 1KGrel
NA10865 HG01243#1#JAHEOY010000013.1_90081_424495_0$HG02004.verkko_filt_pat.fa:haplotype2_0000813_139386576_140076845_1	0.9596649903973129 1KGrel
NA10865 HG03486#2#JAHEOP010000248.1_2105565_2584784_1$HG002.verkko_filt_pat.fa:haplotype2_0000649_147937390_148315979_1	0.9596344093283361 1KGrel
NA10865 AV_HG01106#haplotype1#0000048:16666181$17262214$HG02486#1#JAGYVM010000007.1_28868414_29370339_1	0.9596295828623491 1KGrel
NA10865 HG02080#2#JAHEOV010000017.1_16662177_17164189_0$HG02293.verkko_filt_mat.fa:haplotype1_0000039_30204405_30517145_1	0.9596013646980467 1KGrel
NA10865 HG02622#2#JAHAON010000012.1_51551779_52031001_0$HG002.verkko_filt_pat.fa:haplotype2_0000649_147937390_148315979_1	0.9596005814600290 1KGrel
NA10865 HG02486#1#JAGYVM010000007.1_28868414_29370339_1$chr1_chm13_103304997_103901127_0	0.9594691279048516 1KGrel
NA10865 AV_HG01106#haplotype2#0000932:16673968$17175925$HG01123#2#JAGYYY010000006.1_51579630_51892388_0	0.9594492747502954 1KGrel
NA10865 AV_HG01106#haplotype1#0000048:16666181$17262214$HG03927.verkko_filt_pat.fa:haplotype2_0000800_29002142_29504057_1	0.9594430601389772 1KGrel
NA10865 HG01123#2#JAGYYY010000006.1_51579630_51892388_0$HG02293.verkko_filt_pat.fa:haplotype2_0000836_148310532_148812524_1	0.9593883920542408 1KGrel
NA10865 AV_HG01106#haplotype1#0000048:16666181$17262214$HG01099.verkko_filt_pat.fa:haplotype2_0000583_143544270_144046196_1	0.9593796091335249 1KGrel
NA10865 HG01243#1#JAHEOY010000013.1_90081_424495_0$HG01358#1#JAGYZB010000020.1_27445742_27855492_1	0.9593767612745144 1KGrel
NA10865 HG03492#2#JAHEPH010000288.1_2098270_2432686_1$HG01358#1#JAGYZB010000020.1_27445742_27855492_1	0.9593661588170403 1KGrel
NA10865 HG02630#1#JAHAOQ010000102.1_16672145_17079089_0$HG02004.verkko_filt_pat.fa:haplotype2_0000813_139386576_140076845_1	0.9593551236995553 1KGrel
NA10865 AV_HG00673#haplotype1#0000019:16627360$17129375$HG01123#2#JAGYYY010000006.1_51579630_51892388_0	0.9593320869922070 1KGrel
NA10865 HG02293.verkko_filt_mat.fa:haplotype1_0000039_30204405_30517145_1$HG02071.verkko_filt_pat.fa:haplotype2_0000736_102745972_103248026_0	0.9593266340406458 1KGrel
NA10865 AV_HG01106#haplotype1#0000048:16666181$17262214$HG03540#1#JAGYVY010000208.1_95187_596142_0	0.9593081538352981 1KGrel
NA10865 HG02145#2#JAHKSF010000206.1_1005292_1413195_1$HG02004.verkko_filt_pat.fa:haplotype2_0000813_139386576_140076845_1	0.9593032880927728 1KGrel
NA10865 HG02004.verkko_filt_pat.fa:haplotype2_0000813_139386576_140076845_1$HG02293.verkko_filt_mat.fa:haplotype1_0000039_30204405_30517145_1	0.9592959470422420 1KGrel
NA10865 HG01978#1#JAGYVS010000002.1_51519970_52021951_0$HG02293.verkko_filt_mat.fa:haplotype1_0000039_30204405_30517145_1	0.9592821737527404 1KGrel
NA10865 HG02818#1#JAHEOS010000101.1_89626_496613_0$HG02004.verkko_filt_pat.fa:haplotype2_0000813_139386576_140076845_1	0.9592703564430665 1KGrel
NA10865 HG02622#1#JAHAOO010000002.1_16673678_17080663_0$HG02004.verkko_filt_pat.fa:haplotype2_0000813_139386576_140076845_1	0.9592191570150327 1KGrel
NA10865 AV_HG02257#haplotype2#0001152:102843493$103251377$HG02004.verkko_filt_pat.fa:haplotype2_0000813_139386576_140076845_1	0.9592087184361526 1KGrel
NA10865 HG03486#2#JAHEOP010000248.1_2105565_2584784_1$HG02004.verkko_filt_pat.fa:haplotype2_0000813_139386576_140076845_1	0.9592065291701573 1KGrel
NA10865 NA18906#1#JAHEOO010000054.1_2103477_2510435_1$HG02004.verkko_filt_pat.fa:haplotype2_0000813_139386576_140076845_1	0.9591913667413596 1KGrel
NA10865 HG02717#1#JAHAOS010000015.1_16660311_17067250_0$HG02004.verkko_filt_pat.fa:haplotype2_0000813_139386576_140076845_1	0.9591654171734805 1KGrel
NA10865 HG00621#1#JAHBCD010000034.1_2122997_2624098_1$HG02293.verkko_filt_mat.fa:haplotype1_0000039_30204405_30517145_1	0.9591582255762907 1KGrel
NA10865 HG03540#1#JAGYVY010000208.1_95187_596142_0$chr1_chm13_103304997_103901127_0	0.9591432358705111 1KGrel
NA10865 NA18906#2#JAHEON010000009.1_93748295_94249275_0$chr1_chm13_103304997_103901127_0	0.9591321559337276 1KGrel
NA10865 HG02622#2#JAHAON010000012.1_51551779_52031001_0$HG02004.verkko_filt_pat.fa:haplotype2_0000813_139386576_140076845_1	0.9591252778243027 1KGrel
NA10865 chr1_chm13_103304997_103901127_0$HG03927.verkko_filt_pat.fa:haplotype2_0000800_29002142_29504057_1	0.9591228143517926 1KGrel
NA10865 chr1_chm13_103304997_103901127_0$HG01099.verkko_filt_pat.fa:haplotype2_0000583_143544270_144046196_1	0.9591102282045634 1KGrel
NA10865 NA20129#2#JAHEPD010000155.1_90039_569275_0$HG02004.verkko_filt_pat.fa:haplotype2_0000813_139386576_140076845_1	0.9590862857365998 1KGrel
NA10865 HG01123#2#JAGYYY010000006.1_51579630_51892388_0$HG02080#2#JAHEOV010000017.1_16662177_17164189_0	0.9590376047274815 1KGrel
NA10865 HG01123#2#JAGYYY010000006.1_51579630_51892388_0$HG02071.verkko_filt_pat.fa:haplotype2_0000736_102745972_103248026_0	0.9590226129061038 1KGrel
NA10865 AV_HG01106#haplotype1#0000048:16666181$17262214$NA18906#2#JAHEON010000009.1_93748295_94249275_0	0.9590124653988014 1KGrel
NA10865 HG04228.verkko_filt_mat.fa:haplotype1_0000023_103429213_103930285_0$HG02293.verkko_filt_mat.fa:haplotype1_0000039_30204405_30517145_1	0.9589848527803495 1KGrel
NA10865 HG01109#2#JAHEOZ010000047.1_16671232_17151375_0$HG02004.verkko_filt_pat.fa:haplotype2_0000813_139386576_140076845_1	0.9589790391026856 1KGrel
NA10865 HG01123#2#JAGYYY010000006.1_51579630_51892388_0$HG04228.verkko_filt_mat.fa:haplotype1_0000023_103429213_103930285_0	0.9589485284788066 1KGrel
NA10865 HG03453#1#JAGYVW010000157.1_2105722_2585000_1$HG02004.verkko_filt_pat.fa:haplotype2_0000813_139386576_140076845_1	0.9589056100604567 1KGrel
NA10865 HG00621#1#JAHBCD010000034.1_2122997_2624098_1$HG01123#2#JAGYYY010000006.1_51579630_51892388_0	0.9589020786780407 1KGrel
NA10865 HG01123#2#JAGYYY010000006.1_51579630_51892388_0$HG02004.verkko_filt_pat.fa:haplotype2_0000813_139386576_140076845_1	0.9588935699941523 1KGrel
NA10865 HG00438#1#JAHBCB010000015.1_33474867_33954171_0$HG02004.verkko_filt_pat.fa:haplotype2_0000813_139386576_140076845_1	0.9588316056884408 1KGrel
NA10865 HG01928#1#JAGYVQ010000053.1_16676493_17083407_0$HG03453#2#JAGYVV010000088.1_22597550_23005370_1	0.9586920556213476 1KGrel
NA10865 HG01928#1#JAGYVQ010000053.1_16676493_17083407_0$HG002.verkko_filt_mat.fa:haplotype1_0000005_138228497_138636354_1	0.9586563485947973 1KGrel
NA10865 HG01123#2#JAGYYY010000006.1_51579630_51892388_0$HG01978#1#JAGYVS010000002.1_51519970_52021951_0	0.9585439218067544 1KGrel
NA10865 HG01928#1#JAGYVQ010000053.1_16676493_17083407_0$HG02071.verkko_filt_mat.fa:haplotype1_0000041_103610513_104018399_0	0.9585437465870836 1KGrel
NA10865 HG01928#1#JAGYVQ010000053.1_16676493_17083407_0$chr1_hg38_103456064_103863972_0	0.9585041918711412 1KGrel
NA10865 HG01928#1#JAGYVQ010000053.1_16676493_17083407_0$chr1_hg19_103998686_104406594_0	0.9585041918711412 1KGrel
NA10865 HG03453#2#JAGYVV010000088.1_22597550_23005370_1$HG01978#2#JAGYVR010000007.1_51532241_51939176_0	0.9584980036673837 1KGrel
NA10865 AV_HG01175#haplotype1#0000070:46006269$46414083$HG01928#1#JAGYVQ010000053.1_16676493_17083407_0	0.9584638775169384 1KGrel
NA10865 HG03486#1#JAHEOQ010000123.1_16677696_17085575_0$HG01928#1#JAGYVQ010000053.1_16676493_17083407_0	0.9584630057084785 1KGrel
NA10865 AV_HG01106#haplotype2#0000932:16673968$17175925$HG00733#1#JAHEPQ010000019.1_46106835_46420495_0	0.9584481126045219 1KGrel
NA10865 HG02004.verkko_filt_pat.fa:haplotype2_0000813_139386576_140076845_1$HG002.verkko_filt_pat.fa:haplotype2_0000649_147937390_148315979_1	0.9584356033565958 1KGrel
NA10865 HG00438#2#JAHBCA010000012.1_51513023_51826723_0$HG02004.verkko_filt_pat.fa:haplotype2_0000813_139386576_140076845_1	0.9584066186388838 1KGrel
NA10865 HG00621#2#JAHBCC010000031.1_16669999_17077865_0$HG01928#1#JAGYVQ010000053.1_16676493_17083407_0	0.9583889500618822 1KGrel
NA10865 AV_HG01175#haplotype1#0000070:46006269$46414083$HG01978#2#JAGYVR010000007.1_51532241_51939176_0	0.9583804515256400 1KGrel
NA10865 HG03453#2#JAGYVV010000088.1_22597550_23005370_1$HG005#2#JAHEPN010000023.1_51542210_51950070_0	0.9583715296918801 1KGrel
NA10865 HG00438#2#JAHBCA010000012.1_51513023_51826723_0$HG02293.verkko_filt_pat.fa:haplotype2_0000836_148310532_148812524_1	0.9583698008875901 1KGrel
NA10865 HG01978#2#JAGYVR010000007.1_51532241_51939176_0$HG02071.verkko_filt_mat.fa:haplotype1_0000041_103610513_104018399_0	0.9583578422633181 1KGrel
NA10865 HG03453#2#JAGYVV010000088.1_22597550_23005370_1$HG002.verkko_filt_mat.fa:haplotype1_0000005_138228497_138636354_1	0.9583576773532849 1KGrel
NA10865 chr1_hg38_103456064_103863972_0$HG03453#2#JAGYVV010000088.1_22597550_23005370_1	0.9583475539328681 1KGrel
NA10865 chr1_hg19_103998686_104406594_0$HG03453#2#JAGYVV010000088.1_22597550_23005370_1	0.9583475539328681 1KGrel
NA10865 HG03453#2#JAGYVV010000088.1_22597550_23005370_1$HG02004.verkko_filt_mat.fa:haplotype1_0000022_97828542_98235483_0	0.9583461962564219 1KGrel
NA10865 AV_HG00673#haplotype1#0000019:16627360$17129375$HG00438#2#JAHBCA010000012.1_51513023_51826723_0	0.9583435920509412 1KGrel
NA10865 chr1_hg38_103456064_103863972_0$HG002.verkko_filt_mat.fa:haplotype1_0000005_138228497_138636354_1	0.9583280215753868 1KGrel
NA10865 chr1_hg19_103998686_104406594_0$HG002.verkko_filt_mat.fa:haplotype1_0000005_138228497_138636354_1	0.9583280215753868 1KGrel
NA10865 AV_HG01106#haplotype2#0000932:16673968$17175925$HG00438#2#JAHBCA010000012.1_51513023_51826723_0	0.9583185426612669 1KGrel
NA10865 HG01978#2#JAGYVR010000007.1_51532241_51939176_0$HG002.verkko_filt_mat.fa:haplotype1_0000005_138228497_138636354_1	0.9582968503383302 1KGrel
NA10865 HG03486#1#JAHEOQ010000123.1_16677696_17085575_0$HG01978#2#JAGYVR010000007.1_51532241_51939176_0	0.9582846681171407 1KGrel
NA10865 HG02071.verkko_filt_mat.fa:haplotype1_0000041_103610513_104018399_0$HG02004.verkko_filt_mat.fa:haplotype1_0000022_97828542_98235483_0	0.9582841324485086 1KGrel
NA10865 HG005#2#JAHEPN010000023.1_51542210_51950070_0$HG002.verkko_filt_mat.fa:haplotype1_0000005_138228497_138636354_1	0.9582643916517809 1KGrel
NA10865 HG02004.verkko_filt_mat.fa:haplotype1_0000022_97828542_98235483_0$HG002.verkko_filt_mat.fa:haplotype1_0000005_138228497_138636354_1	0.9582626208739586 1KGrel
NA10865 chr1_hg38_103456064_103863972_0$HG01978#2#JAGYVR010000007.1_51532241_51939176_0	0.9582550825225892 1KGrel
NA10865 chr1_hg19_103998686_104406594_0$HG01978#2#JAGYVR010000007.1_51532241_51939176_0	0.9582550825225892 1KGrel
NA10865 HG01928#1#JAGYVQ010000053.1_16676493_17083407_0$HG02300.verkko_filt_pat.fa:haplotype2_0000620_143362344_143769323_1	0.9582515312437159 1KGrel
NA10865 HG00621#1#JAHBCD010000034.1_2122997_2624098_1$HG00438#2#JAHBCA010000012.1_51513023_51826723_0	0.9582443964256174 1KGrel
NA10865 HG03486#1#JAHEOQ010000123.1_16677696_17085575_0$HG03453#2#JAGYVV010000088.1_22597550_23005370_1	0.9582435485701644 1KGrel
NA10865 HG03486#1#JAHEOQ010000123.1_16677696_17085575_0$chr1_hg38_103456064_103863972_0	0.9582366968813315 1KGrel
NA10865 HG03486#1#JAHEOQ010000123.1_16677696_17085575_0$chr1_hg19_103998686_104406594_0	0.9582366968813315 1KGrel
NA10865 HG02080#2#JAHEOV010000017.1_16662177_17164189_0$HG00438#2#JAHBCA010000012.1_51513023_51826723_0	0.9582295867951932 1KGrel
NA10865 HG01928#1#JAGYVQ010000053.1_16676493_17083407_0$HG005#2#JAHEPN010000023.1_51542210_51950070_0	0.9582289685891470 1KGrel
NA10865 HG03453#2#JAGYVV010000088.1_22597550_23005370_1$HG02071.verkko_filt_mat.fa:haplotype1_0000041_103610513_104018399_0	0.9582215389652923 1KGrel
NA10865 HG005#2#JAHEPN010000023.1_51542210_51950070_0$HG02300.verkko_filt_pat.fa:haplotype2_0000620_143362344_143769323_1	0.9582145135917238 1KGrel
NA10865 chr1_hg38_103456064_103863972_0$HG02004.verkko_filt_mat.fa:haplotype1_0000022_97828542_98235483_0	0.9582131009570084 1KGrel
NA10865 chr1_hg19_103998686_104406594_0$HG02004.verkko_filt_mat.fa:haplotype1_0000022_97828542_98235483_0	0.9582131009570084 1KGrel
NA10865 AV_HG00673#haplotype1#0000019:16627360$17129375$HG00733#1#JAHEPQ010000019.1_46106835_46420495_0	0.9582031226302981 1KGrel
NA10865 AV_HG01175#haplotype1#0000070:46006269$46414083$HG02004.verkko_filt_mat.fa:haplotype1_0000022_97828542_98235483_0	0.9581964596035163 1KGrel
NA10865 AV_HG02148#haplotype2#0002863:16304803$16712699$HG01928#1#JAGYVQ010000053.1_16676493_17083407_0	0.9581928630963632 1KGrel
NA10865 HG03486#1#JAHEOQ010000123.1_16677696_17085575_0$HG02004.verkko_filt_mat.fa:haplotype1_0000022_97828542_98235483_0	0.9581879041528342 1KGrel
NA10865 HG005#2#JAHEPN010000023.1_51542210_51950070_0$HG02071.verkko_filt_mat.fa:haplotype1_0000041_103610513_104018399_0	0.9581755376465924 1KGrel
NA10865 HG00621#2#JAHBCC010000031.1_16669999_17077865_0$HG01978#2#JAGYVR010000007.1_51532241_51939176_0	0.9581713135896893 1KGrel
NA10865 chr1_hg38_103456064_103863972_0$HG02300.verkko_filt_pat.fa:haplotype2_0000620_143362344_143769323_1	0.9581678604629664 1KGrel
NA10865 chr1_hg19_103998686_104406594_0$HG02300.verkko_filt_pat.fa:haplotype2_0000620_143362344_143769323_1	0.9581678604629664 1KGrel
NA10865 AV_HG01175#haplotype1#0000070:46006269$46414083$HG005#2#JAHEPN010000023.1_51542210_51950070_0	0.9581666966524566 1KGrel
NA10865 AV_HG01175#haplotype1#0000070:46006269$46414083$HG002.verkko_filt_mat.fa:haplotype1_0000005_138228497_138636354_1	0.9581375722955356 1KGrel
NA10865 HG02071.verkko_filt_mat.fa:haplotype1_0000041_103610513_104018399_0$HG002.verkko_filt_mat.fa:haplotype1_0000005_138228497_138636354_1	0.9580991613990258 1KGrel
NA10865 AV_HG01175#haplotype1#0000070:46006269$46414083$chr1_hg38_103456064_103863972_0	0.9580958052326158 1KGrel
NA10865 AV_HG01175#haplotype1#0000070:46006269$46414083$chr1_hg19_103998686_104406594_0	0.9580958052326158 1KGrel
NA10865 HG00733#1#JAHEPQ010000019.1_46106835_46420495_0$HG02004.verkko_filt_pat.fa:haplotype2_0000813_139386576_140076845_1	0.9580901755859402 1KGrel
NA10865 chr1_hg38_103456064_103863972_0$HG005#2#JAHEPN010000023.1_51542210_51950070_0	0.9580887828697786 1KGrel
NA10865 chr1_hg19_103998686_104406594_0$HG005#2#JAHEPN010000023.1_51542210_51950070_0	0.9580887828697786 1KGrel
NA10865 HG00621#2#JAHBCC010000031.1_16669999_17077865_0$chr1_hg38_103456064_103863972_0	0.9580760560514222 1KGrel
NA10865 HG00621#2#JAHBCC010000031.1_16669999_17077865_0$chr1_hg19_103998686_104406594_0	0.9580760560514222 1KGrel
NA10865 HG00621#2#JAHBCC010000031.1_16669999_17077865_0$HG02004.verkko_filt_mat.fa:haplotype1_0000022_97828542_98235483_0	0.9580742781481022 1KGrel
NA10865 AV_HG02148#haplotype2#0002863:16304803$16712699$HG005#2#JAHEPN010000023.1_51542210_51950070_0	0.9580454488702267 1KGrel
NA10865 chr1_hg38_103456064_103863972_0$HG02071.verkko_filt_mat.fa:haplotype1_0000041_103610513_104018399_0	0.9580337071412401 1KGrel
NA10865 chr1_hg19_103998686_104406594_0$HG02071.verkko_filt_mat.fa:haplotype1_0000041_103610513_104018399_0	0.9580337071412401 1KGrel
NA10865 AV_HG01175#haplotype1#0000070:46006269$46414083$HG03486#1#JAHEOQ010000123.1_16677696_17085575_0	0.9580308258446593 1KGrel
NA10865 HG03486#1#JAHEOQ010000123.1_16677696_17085575_0$HG005#2#JAHEPN010000023.1_51542210_51950070_0	0.9580243677049072 1KGrel
NA10865 HG00621#2#JAHBCC010000031.1_16669999_17077865_0$HG005#2#JAHEPN010000023.1_51542210_51950070_0	0.9580208830353967 1KGrel
NA10865 HG00733#1#JAHEPQ010000019.1_46106835_46420495_0$HG02293.verkko_filt_pat.fa:haplotype2_0000836_148310532_148812524_1	0.9580169308853997 1KGrel
NA10865 HG02080#2#JAHEOV010000017.1_16662177_17164189_0$HG00733#1#JAHEPQ010000019.1_46106835_46420495_0	0.9580106051985917 1KGrel
NA10865 HG00621#1#JAHBCD010000034.1_2122997_2624098_1$HG00733#1#JAHEPQ010000019.1_46106835_46420495_0	0.9580017807673453 1KGrel
NA10865 HG005#2#JAHEPN010000023.1_51542210_51950070_0$HG02004.verkko_filt_mat.fa:haplotype1_0000022_97828542_98235483_0	0.9579933981162251 1KGrel
NA10865 HG002.verkko_filt_mat.fa:haplotype1_0000005_138228497_138636354_1$HG02300.verkko_filt_pat.fa:haplotype2_0000620_143362344_143769323_1	0.9579884712226900 1KGrel
NA10865 HG01978#2#JAGYVR010000007.1_51532241_51939176_0$HG005#2#JAHEPN010000023.1_51542210_51950070_0	0.9579715732053762 1KGrel
NA10865 AV_HG02148#haplotype2#0002863:16304803$16712699$HG01978#2#JAGYVR010000007.1_51532241_51939176_0	0.9579670946696314 1KGrel
NA10865 HG00438#2#JAHBCA010000012.1_51513023_51826723_0$HG04228.verkko_filt_mat.fa:haplotype1_0000023_103429213_103930285_0	0.9579635996810421 1KGrel
NA10865 HG03486#1#JAHEOQ010000123.1_16677696_17085575_0$HG02071.verkko_filt_mat.fa:haplotype1_0000041_103610513_104018399_0	0.9579450844326213 1KGrel
NA10865 AV_HG01175#haplotype1#0000070:46006269$46414083$HG03453#2#JAGYVV010000088.1_22597550_23005370_1	0.9579370840220253 1KGrel
NA10865 HG01928#1#JAGYVQ010000053.1_16676493_17083407_0$HG01978#2#JAGYVR010000007.1_51532241_51939176_0	0.9579144192482962 1KGrel
NA10865 HG01978#2#JAGYVR010000007.1_51532241_51939176_0$HG02300.verkko_filt_pat.fa:haplotype2_0000620_143362344_143769323_1	0.9579076588686170 1KGrel
NA10865 HG00733#1#JAHEPQ010000019.1_46106835_46420495_0$HG04228.verkko_filt_mat.fa:haplotype1_0000023_103429213_103930285_0	0.9579008841772961 1KGrel
NA10865 AV_HG02148#haplotype2#0002863:16304803$16712699$HG002.verkko_filt_mat.fa:haplotype1_0000005_138228497_138636354_1	0.9578975996286786 1KGrel
NA10865 HG01071#1#JAHBCF010000053.1_26607100_27108065_1$chr1_chm13_103304997_103901127_0	0.9578950421878151 1KGrel
NA10865 HG03453#1#JAGYVW010000157.1_2105722_2585000_1$HG002.verkko_filt_pat.fa:haplotype2_0000649_147937390_148315979_1	0.9578849554972902 1KGrel
NA10865 HG00438#1#JAHBCB010000015.1_33474867_33954171_0$HG02055#2#JAHEPJ010000017.1_24870122_25298560_1	0.9578744300722489 1KGrel
NA10865 HG03486#1#JAHEOQ010000123.1_16677696_17085575_0$HG002.verkko_filt_mat.fa:haplotype1_0000005_138228497_138636354_1	0.9578605286743219 1KGrel
NA10865 HG01928#1#JAGYVQ010000053.1_16676493_17083407_0$HG02004.verkko_filt_mat.fa:haplotype1_0000022_97828542_98235483_0	0.9578578680761549 1KGrel
NA10865 AV_HG02148#haplotype2#0002863:16304803$16712699$chr1_hg38_103456064_103863972_0	0.9578480843887894 1KGrel
NA10865 AV_HG02148#haplotype2#0002863:16304803$16712699$chr1_hg19_103998686_104406594_0	0.9578480843887894 1KGrel
NA10865 HG00621#2#JAHBCC010000031.1_16669999_17077865_0$HG02071.verkko_filt_mat.fa:haplotype1_0000041_103610513_104018399_0	0.9578394799710874 1KGrel
NA10865 HG00621#2#JAHBCC010000031.1_16669999_17077865_0$HG002.verkko_filt_mat.fa:haplotype1_0000005_138228497_138636354_1	0.9578337339071775 1KGrel
NA10865 HG02071.verkko_filt_mat.fa:haplotype1_0000041_103610513_104018399_0$HG02300.verkko_filt_pat.fa:haplotype2_0000620_143362344_143769323_1	0.9578204238653943 1KGrel
NA10865 HG00438#2#JAHBCA010000012.1_51513023_51826723_0$HG02071.verkko_filt_pat.fa:haplotype2_0000736_102745972_103248026_0	0.9578110406827561 1KGrel
NA10865 AV_HG02148#haplotype2#0002863:16304803$16712699$HG02004.verkko_filt_mat.fa:haplotype1_0000022_97828542_98235483_0	0.9578076256400412 1KGrel
NA10865 HG00438#1#JAHBCB010000015.1_33474867_33954171_0$HG02647.verkko_filt_mat.fa:haplotype1_0000002_103892584_104321036_0	0.9578067599447324 1KGrel
NA10865 HG01258#1#JAGYYV010000004.1_56955948_57456952_1$chr1_chm13_103304997_103901127_0	0.9578023483863233 1KGrel
NA10865 HG03453#2#JAGYVV010000088.1_22597550_23005370_1$HG02300.verkko_filt_pat.fa:haplotype2_0000620_143362344_143769323_1	0.9577953037704451 1KGrel
NA10865 HG02004.verkko_filt_mat.fa:haplotype1_0000022_97828542_98235483_0$HG02300.verkko_filt_pat.fa:haplotype2_0000620_143362344_143769323_1	0.9577947919396047 1KGrel
NA10865 HG00733#1#JAHEPQ010000019.1_46106835_46420495_0$HG02071.verkko_filt_pat.fa:haplotype2_0000736_102745972_103248026_0	0.9577713781461908 1KGrel
NA10865 HG00438#1#JAHBCB010000015.1_33474867_33954171_0$HG02809.verkko_filt_mat.fa:haplotype1_0000023_94161320_94589755_0	0.9577591316123226 1KGrel
NA10865 AV_HG01106#haplotype1#0000048:16666181$17262214$HG01071#1#JAHBCF010000053.1_26607100_27108065_1	0.9577519293152308 1KGrel
NA10865 HG01978#1#JAGYVS010000002.1_51519970_52021951_0$HG00733#1#JAHEPQ010000019.1_46106835_46420495_0	0.9577503371865503 1KGrel
NA10865 HG00621#2#JAHBCC010000031.1_16669999_17077865_0$HG03453#2#JAGYVV010000088.1_22597550_23005370_1	0.9577441804484250 1KGrel
NA10865 AV_HG01175#haplotype1#0000070:46006269$46414083$HG02300.verkko_filt_pat.fa:haplotype2_0000620_143362344_143769323_1	0.9577167567480481 1KGrel
NA10865 AV_HG01175#haplotype1#0000070:46006269$46414083$HG00621#2#JAHBCC010000031.1_16669999_17077865_0	0.9577044686396824 1KGrel
NA10865 HG00438#1#JAHBCB010000015.1_33474867_33954171_0$HG03098#1#JAHEPM010000059.1_16676208_17105596_0	0.9576866875095604 1KGrel
NA10865 AV_HG01175#haplotype1#0000070:46006269$46414083$HG02071.verkko_filt_mat.fa:haplotype1_0000041_103610513_104018399_0	0.9576778835515047 1KGrel
NA10865 AV_HG02148#haplotype2#0002863:16304803$16712699$HG03486#1#JAHEOQ010000123.1_16677696_17085575_0	0.9576497931481739 1KGrel
NA10865 AV_HG01106#haplotype1#0000048:16666181$17262214$HG01258#1#JAGYYV010000004.1_56955948_57456952_1	0.9576397191013898 1KGrel
NA10865 HG03486#1#JAHEOQ010000123.1_16677696_17085575_0$HG02300.verkko_filt_pat.fa:haplotype2_0000620_143362344_143769323_1	0.9576369705559853 1KGrel
NA10865 AV_HG02148#haplotype2#0002863:16304803$16712699$HG03453#2#JAGYVV010000088.1_22597550_23005370_1	0.9576116735199547 1KGrel
NA10865 HG00438#2#JAHBCA010000012.1_51513023_51826723_0$HG01978#1#JAGYVS010000002.1_51519970_52021951_0	0.9575979997333605 1KGrel
NA10865 HG00621#2#JAHBCC010000031.1_16669999_17077865_0$HG03486#1#JAHEOQ010000123.1_16677696_17085575_0	0.9575227841569458 1KGrel
NA10865 chr1_hg19_103998686_104406594_0$chr1_hg38_103456064_103863972_0	0.9574265753265636 1KGrel
NA10865 AV_HG02148#haplotype2#0002863:16304803$16712699$HG02071.verkko_filt_mat.fa:haplotype1_0000041_103610513_104018399_0	0.9574148628334870 1KGrel
NA10865 AV_HG01175#haplotype1#0000070:46006269$46414083$AV_HG02148#haplotype2#0002863:16304803$16712699	0.9573274503354372 1KGrel
NA10865 HG01978#2#JAGYVR010000007.1_51532241_51939176_0$HG02004.verkko_filt_mat.fa:haplotype1_0000022_97828542_98235483_0	0.9573173377102386 1KGrel
NA10865 HG03453#2#JAGYVV010000088.1_22597550_23005370_1$HG02004.verkko_filt_pat.fa:haplotype2_0000813_139386576_140076845_1	0.9573138997376486 1KGrel
NA10865 AV_HG01175#haplotype1#0000070:46006269$46414083$HG02004.verkko_filt_pat.fa:haplotype2_0000813_139386576_140076845_1	0.9572874579687213 1KGrel
NA10865 HG02004.verkko_filt_pat.fa:haplotype2_0000813_139386576_140076845_1$HG02071.verkko_filt_mat.fa:haplotype1_0000041_103610513_104018399_0	0.9572105390744916 1KGrel
NA10865 AV_HG02148#haplotype2#0002863:16304803$16712699$HG00621#2#JAHBCC010000031.1_16669999_17077865_0	0.9571660522040970 1KGrel
NA10865 HG00621#2#JAHBCC010000031.1_16669999_17077865_0$HG02300.verkko_filt_pat.fa:haplotype2_0000620_143362344_143769323_1	0.9571371140089158 1KGrel
NA10865 AV_HG02148#haplotype2#0002863:16304803$16712699$HG02004.verkko_filt_pat.fa:haplotype2_0000813_139386576_140076845_1	0.9571346137070145 1KGrel
NA10865 chr1_hg38_103456064_103863972_0$HG02004.verkko_filt_pat.fa:haplotype2_0000813_139386576_140076845_1	0.9570951090564733 1KGrel
NA10865 chr1_hg19_103998686_104406594_0$HG02004.verkko_filt_pat.fa:haplotype2_0000813_139386576_140076845_1	0.9570951090564733 1KGrel
NA10865 HG02004.verkko_filt_pat.fa:haplotype2_0000813_139386576_140076845_1$HG02300.verkko_filt_pat.fa:haplotype2_0000620_143362344_143769323_1	0.9570915473819184 1KGrel
NA10865 HG02004.verkko_filt_pat.fa:haplotype2_0000813_139386576_140076845_1$HG002.verkko_filt_mat.fa:haplotype1_0000005_138228497_138636354_1	0.9570451182190773 1KGrel
NA10865 HG00621#2#JAHBCC010000031.1_16669999_17077865_0$HG02004.verkko_filt_pat.fa:haplotype2_0000813_139386576_140076845_1	0.9570399757737706 1KGrel
NA10865 HG005#2#JAHEPN010000023.1_51542210_51950070_0$HG02004.verkko_filt_pat.fa:haplotype2_0000813_139386576_140076845_1	0.9569610716808736 1KGrel
NA10865 HG01928#1#JAGYVQ010000053.1_16676493_17083407_0$HG02004.verkko_filt_pat.fa:haplotype2_0000813_139386576_140076845_1	0.9569038920513678 1KGrel
NA10865 HG02004.verkko_filt_pat.fa:haplotype2_0000813_139386576_140076845_1$HG02004.verkko_filt_mat.fa:haplotype1_0000022_97828542_98235483_0	0.9568725993495788 1KGrel
NA10865 HG01978#2#JAGYVR010000007.1_51532241_51939176_0$HG02004.verkko_filt_pat.fa:haplotype2_0000813_139386576_140076845_1	0.9568687957095497 1KGrel
NA10865 HG03486#1#JAHEOQ010000123.1_16677696_17085575_0$HG02004.verkko_filt_pat.fa:haplotype2_0000813_139386576_140076845_1	0.9568494474109833 1KGrel
NA10865 HG01109#2#JAHEOZ010000047.1_16671232_17151375_0$HG02647.verkko_filt_mat.fa:haplotype1_0000002_103892584_104321036_0	0.9567953626159302 1KGrel
NA10865 AV_HG02148#haplotype2#0002863:16304803$16712699$HG02300.verkko_filt_pat.fa:haplotype2_0000620_143362344_143769323_1	0.9567604047284441 1KGrel
NA10865 NA20129#2#JAHEPD010000155.1_90039_569275_0$HG03098#1#JAHEPM010000059.1_16676208_17105596_0	0.9567201839559807 1KGrel
NA10865 AV_HG02257#haplotype2#0001152:102843493$103251377$HG02622#1#JAHAOO010000002.1_16673678_17080663_0	0.9566657038178258 1KGrel
NA10865 HG01109#2#JAHEOZ010000047.1_16671232_17151375_0$HG02055#2#JAHEPJ010000017.1_24870122_25298560_1	0.9566387134986246 1KGrel
NA10865 HG02622#2#JAHAON010000012.1_51551779_52031001_0$HG03098#1#JAHEPM010000059.1_16676208_17105596_0	0.9565722079345418 1KGrel
NA10865 HG01109#2#JAHEOZ010000047.1_16671232_17151375_0$HG02809.verkko_filt_mat.fa:haplotype1_0000023_94161320_94589755_0	0.9565629952012323 1KGrel
NA10865 HG02486#1#JAGYVM010000007.1_28868414_29370339_1$HG02004.verkko_filt_pat.fa:haplotype2_0000813_139386576_140076845_1	0.9565229568264805 1KGrel
NA10865 HG02717#1#JAHAOS010000015.1_16660311_17067250_0$HG02622#1#JAHAOO010000002.1_16673678_17080663_0	0.9565078563393999 1KGrel
NA10865 HG00741#1#JAHALY010000007.1_18781197_19307680_1$HG02109#2#JAHEPF010000078.1_16678387_16991144_0	0.9564955784480165 1KGrel
NA10865 HG00741#1#JAHALY010000007.1_18781197_19307680_1$HG01891#1#JAGYVO010000014.1_22855818_23168577_1	0.9564878155635609 1KGrel
NA10865 HG00741#1#JAHALY010000007.1_18781197_19307680_1$HG02647.verkko_filt_pat.fa:haplotype2_0000857_103738150_104051769_0	0.9564273767245982 1KGrel
NA10865 HG00741#1#JAHALY010000007.1_18781197_19307680_1$HG03579#2#JAGYVT010000094.1_51581892_51895531_0	0.9563893268188329 1KGrel
NA10865 HG02717#1#JAHAOS010000015.1_16660311_17067250_0$HG02145#2#JAHKSF010000206.1_1005292_1413195_1	0.9563803586264197 1KGrel
NA10865 AV_HG02257#haplotype2#0001152:102843493$103251377$HG02630#1#JAHAOQ010000102.1_16672145_17079089_0	0.9563645143480980 1KGrel
NA10865 AV_HG02257#haplotype2#0001152:102843493$103251377$HG02145#2#JAHKSF010000206.1_1005292_1413195_1	0.9563162976713236 1KGrel
NA10865 NA20129#2#JAHEPD010000155.1_90039_569275_0$HG02647.verkko_filt_mat.fa:haplotype1_0000002_103892584_104321036_0	0.9562917491267089 1KGrel
NA10865 HG00741#1#JAHALY010000007.1_18781197_19307680_1$HG04228.verkko_filt_pat.fa:haplotype2_0000600_103806749_104119491_0	0.9562907438063931 1KGrel
NA10865 HG02145#2#JAHKSF010000206.1_1005292_1413195_1$HG02622#1#JAHAOO010000002.1_16673678_17080663_0	0.9562852892209028 1KGrel
NA10865 NA20129#2#JAHEPD010000155.1_90039_569275_0$HG02809.verkko_filt_mat.fa:haplotype1_0000023_94161320_94589755_0	0.9562844056309558 1KGrel
NA10865 NA20129#2#JAHEPD010000155.1_90039_569275_0$HG02055#2#JAHEPJ010000017.1_24870122_25298560_1	0.9562476720920001 1KGrel
NA10865 HG03540#1#JAGYVY010000208.1_95187_596142_0$HG02004.verkko_filt_pat.fa:haplotype2_0000813_139386576_140076845_1	0.9562107172513323 1KGrel
NA10865 HG02723#1#JAHEOU010000204.1_2102082_2414876_1$HG00741#1#JAHALY010000007.1_18781197_19307680_1	0.9562091010442513 1KGrel
NA10865 AV_HG02257#haplotype2#0001152:102843493$103251377$HG02818#1#JAHEOS010000101.1_89626_496613_0	0.9562088960188613 1KGrel
NA10865 HG00741#1#JAHALY010000007.1_18781197_19307680_1$HG01123#2#JAGYYY010000006.1_51579630_51892388_0	0.9561886037107343 1KGrel
NA10865 HG03098#1#JAHEPM010000059.1_16676208_17105596_0$HG01109#2#JAHEOZ010000047.1_16671232_17151375_0	0.9561412419197217 1KGrel
NA10865 HG02622#2#JAHAON010000012.1_51551779_52031001_0$HG02647.verkko_filt_mat.fa:haplotype1_0000002_103892584_104321036_0	0.9561374292180221 1KGrel
NA10865 HG02004.verkko_filt_pat.fa:haplotype2_0000813_139386576_140076845_1$HG01099.verkko_filt_pat.fa:haplotype2_0000583_143544270_144046196_1	0.9561240599886562 1KGrel
NA10865 HG02630#1#JAHAOQ010000102.1_16672145_17079089_0$HG02622#1#JAHAOO010000002.1_16673678_17080663_0	0.9561192449634174 1KGrel
NA10865 HG02622#2#JAHAON010000012.1_51551779_52031001_0$HG02809.verkko_filt_mat.fa:haplotype1_0000023_94161320_94589755_0	0.9561175509692095 1KGrel
NA10865 HG02630#1#JAHAOQ010000102.1_16672145_17079089_0$HG02145#2#JAHKSF010000206.1_1005292_1413195_1	0.9561165349343657 1KGrel
NA10865 HG02630#1#JAHAOQ010000102.1_16672145_17079089_0$HG02717#1#JAHAOS010000015.1_16660311_17067250_0	0.9560821397866198 1KGrel
NA10865 HG02622#2#JAHAON010000012.1_51551779_52031001_0$HG02055#2#JAHEPJ010000017.1_24870122_25298560_1	0.9560808007586772 1KGrel
NA10865 HG02622#1#JAHAOO010000002.1_16673678_17080663_0$NA18906#1#JAHEOO010000054.1_2103477_2510435_1	0.9560736089544690 1KGrel
NA10865 HG02717#1#JAHAOS010000015.1_16660311_17067250_0$HG02818#1#JAHEOS010000101.1_89626_496613_0	0.9560594814972363 1KGrel
NA10865 NA18906#2#JAHEON010000009.1_93748295_94249275_0$HG02004.verkko_filt_pat.fa:haplotype2_0000813_139386576_140076845_1	0.9560350232473550 1KGrel
NA10865 HG02622#1#JAHAOO010000002.1_16673678_17080663_0$HG02818#1#JAHEOS010000101.1_89626_496613_0	0.9559671575420933 1KGrel
NA10865 HG02145#2#JAHKSF010000206.1_1005292_1413195_1$HG02818#1#JAHEOS010000101.1_89626_496613_0	0.9559378818753265 1KGrel
NA10865 HG02004.verkko_filt_pat.fa:haplotype2_0000813_139386576_140076845_1$HG03927.verkko_filt_pat.fa:haplotype2_0000800_29002142_29504057_1	0.9558977319225991 1KGrel
NA10865 HG03486#2#JAHEOP010000248.1_2105565_2584784_1$HG03098#1#JAHEPM010000059.1_16676208_17105596_0	0.9558657596168959 1KGrel
NA10865 HG02145#2#JAHKSF010000206.1_1005292_1413195_1$NA18906#1#JAHEOO010000054.1_2103477_2510435_1	0.9558584762146783 1KGrel
NA10865 HG02630#1#JAHAOQ010000102.1_16672145_17079089_0$HG02818#1#JAHEOS010000101.1_89626_496613_0	0.9558354422340086 1KGrel
NA10865 AV_HG02257#haplotype2#0001152:102843493$103251377$NA18906#1#JAHEOO010000054.1_2103477_2510435_1	0.9558225203803431 1KGrel
NA10865 HG03486#2#JAHEOP010000248.1_2105565_2584784_1$HG02647.verkko_filt_mat.fa:haplotype1_0000002_103892584_104321036_0	0.9556980569949057 1KGrel
NA10865 HG03486#2#JAHEOP010000248.1_2105565_2584784_1$HG02055#2#JAHEPJ010000017.1_24870122_25298560_1	0.9556872467109105 1KGrel
NA10865 AV_HG02257#haplotype2#0001152:102843493$103251377$HG02717#1#JAHAOS010000015.1_16660311_17067250_0	0.9556585262972620 1KGrel
NA10865 HG02630#1#JAHAOQ010000102.1_16672145_17079089_0$NA18906#1#JAHEOO010000054.1_2103477_2510435_1	0.9555992941759841 1KGrel
NA10865 HG03486#2#JAHEOP010000248.1_2105565_2584784_1$HG02809.verkko_filt_mat.fa:haplotype1_0000023_94161320_94589755_0	0.9555819853289966 1KGrel
NA10865 HG02717#1#JAHAOS010000015.1_16660311_17067250_0$NA18906#1#JAHEOO010000054.1_2103477_2510435_1	0.9555395630073440 1KGrel
NA10865 NA18906#1#JAHEOO010000054.1_2103477_2510435_1$HG02818#1#JAHEOS010000101.1_89626_496613_0	0.9554986443831445 1KGrel
NA10865 AV_HG01106#haplotype1#0000048:16666181$17262214$AV_HG01106#haplotype2#0000932:16673968$17175925	0.9554927333704338 1KGrel
NA10865 AV_HG00673#haplotype1#0000019:16627360$17129375$AV_HG01106#haplotype1#0000048:16666181$17262214	0.9554599281067485 1KGrel
NA10865 HG00741#1#JAHALY010000007.1_18781197_19307680_1$HG02886#2#JAHAOT010000031.1_87393_401061_0	0.9554240157573425 1KGrel
NA10865 HG00741#1#JAHALY010000007.1_18781197_19307680_1$HG03098#2#JAHEPL010000003.1_93803759_94117426_0	0.9554193964370419 1KGrel
NA10865 HG00741#1#JAHALY010000007.1_18781197_19307680_1$HG02293.verkko_filt_mat.fa:haplotype1_0000039_30204405_30517145_1	0.9554158656195568 1KGrel
NA10865 AV_HG01361#haplotype2#0001322:101872897$102186552$HG00741#1#JAHALY010000007.1_18781197_19307680_1	0.9553831792442843 1KGrel
NA10865 AV_HG01106#haplotype1#0000048:16666181$17262214$HG02293.verkko_filt_pat.fa:haplotype2_0000836_148310532_148812524_1	0.9553668901440474 1KGrel
NA10865 AV_HG01106#haplotype1#0000048:16666181$17262214$HG02071.verkko_filt_pat.fa:haplotype2_0000736_102745972_103248026_0	0.9553013368360881 1KGrel
NA10865 AV_HG01106#haplotype1#0000048:16666181$17262214$HG02080#2#JAHEOV010000017.1_16662177_17164189_0	0.9552881295266706 1KGrel
NA10865 HG00741#1#JAHALY010000007.1_18781197_19307680_1$HG03710.verkko_filt_mat.fa:haplotype1_0000029_102593394_102907063_0	0.9552457793917647 1KGrel
NA10865 AV_HG01106#haplotype2#0000932:16673968$17175925$chr1_chm13_103304997_103901127_0	0.9552286661830344 1KGrel
NA10865 AV_HG01106#haplotype1#0000048:16666181$17262214$HG00621#1#JAHBCD010000034.1_2122997_2624098_1	0.9552079466768676 1KGrel
NA10865 HG03453#1#JAGYVW010000157.1_2105722_2585000_1$HG03098#1#JAHEPM010000059.1_16676208_17105596_0	0.9551752077611642 1KGrel
NA10865 HG00741#1#JAHALY010000007.1_18781197_19307680_1$HG00438#2#JAHBCA010000012.1_51513023_51826723_0	0.9551529086816901 1KGrel
NA10865 AV_HG01106#haplotype1#0000048:16666181$17262214$HG04228.verkko_filt_mat.fa:haplotype1_0000023_103429213_103930285_0	0.9551247460278088 1KGrel
NA10865 AV_HG00673#haplotype1#0000019:16627360$17129375$chr1_chm13_103304997_103901127_0	0.9550775586624384 1KGrel
NA10865 HG01071#1#JAHBCF010000053.1_26607100_27108065_1$HG02004.verkko_filt_pat.fa:haplotype2_0000813_139386576_140076845_1	0.9550775310231798 1KGrel
NA10865 HG00741#1#JAHALY010000007.1_18781197_19307680_1$HG00733#1#JAHEPQ010000019.1_46106835_46420495_0	0.9550379701921824 1KGrel
NA10865 chr1_chm13_103304997_103901127_0$HG02293.verkko_filt_pat.fa:haplotype2_0000836_148310532_148812524_1	0.9550157578480004 1KGrel
NA10865 HG03453#1#JAGYVW010000157.1_2105722_2585000_1$HG02647.verkko_filt_mat.fa:haplotype1_0000002_103892584_104321036_0	0.9549817193908704 1KGrel
NA10865 HG02080#2#JAHEOV010000017.1_16662177_17164189_0$chr1_chm13_103304997_103901127_0	0.9549474807221623 1KGrel
NA10865 HG01258#1#JAGYYV010000004.1_56955948_57456952_1$HG02004.verkko_filt_pat.fa:haplotype2_0000813_139386576_140076845_1	0.9549296695644112 1KGrel
NA10865 HG00621#1#JAHBCD010000034.1_2122997_2624098_1$chr1_chm13_103304997_103901127_0	0.9548814786241373 1KGrel
NA10865 chr1_chm13_103304997_103901127_0$HG02071.verkko_filt_pat.fa:haplotype2_0000736_102745972_103248026_0	0.9548698166775554 1KGrel
NA10865 HG03098#1#JAHEPM010000059.1_16676208_17105596_0$HG01358#1#JAGYZB010000020.1_27445742_27855492_1	0.9548520565170365 1KGrel
NA10865 chr1_chm13_103304997_103901127_0$HG04228.verkko_filt_mat.fa:haplotype1_0000023_103429213_103930285_0	0.9548213906875548 1KGrel
NA10865 HG03453#1#JAGYVW010000157.1_2105722_2585000_1$HG02055#2#JAHEPJ010000017.1_24870122_25298560_1	0.9547349512830385 1KGrel
NA10865 HG03453#1#JAGYVW010000157.1_2105722_2585000_1$HG02809.verkko_filt_mat.fa:haplotype1_0000023_94161320_94589755_0	0.9546616494539010 1KGrel
NA10865 AV_HG01106#haplotype1#0000048:16666181$17262214$HG01978#1#JAGYVS010000002.1_51519970_52021951_0	0.9546532650993477 1KGrel
NA10865 HG02055#2#JAHEPJ010000017.1_24870122_25298560_1$HG01358#1#JAGYZB010000020.1_27445742_27855492_1	0.9544339707133935 1KGrel
NA10865 HG01358#1#JAGYZB010000020.1_27445742_27855492_1$HG02647.verkko_filt_mat.fa:haplotype1_0000002_103892584_104321036_0	0.9544076438201099 1KGrel
NA10865 HG01978#1#JAGYVS010000002.1_51519970_52021951_0$chr1_chm13_103304997_103901127_0	0.9543598294607769 1KGrel
NA10865 HG01358#1#JAGYZB010000020.1_27445742_27855492_1$HG02809.verkko_filt_mat.fa:haplotype1_0000023_94161320_94589755_0	0.9542518608303523 1KGrel
NA10865 AV_HG01106#haplotype2#0000932:16673968$17175925$HG02004.verkko_filt_pat.fa:haplotype2_0000813_139386576_140076845_1	0.9522919362801404 1KGrel
NA10865 HG00741#1#JAHALY010000007.1_18781197_19307680_1$HG02647.verkko_filt_mat.fa:haplotype1_0000002_103892584_104321036_0	0.9520142589240952 1KGrel
NA10865 HG00741#1#JAHALY010000007.1_18781197_19307680_1$HG02809.verkko_filt_mat.fa:haplotype1_0000023_94161320_94589755_0	0.9519388718072151 1KGrel
NA10865 HG00741#1#JAHALY010000007.1_18781197_19307680_1$HG02055#2#JAHEPJ010000017.1_24870122_25298560_1	0.9519223465295269 1KGrel
NA10865 HG00438#1#JAHBCB010000015.1_33474867_33954171_0$HG02145#1#JAHKSG010000134.1_2102465_2647653_1	0.9518755111910617 1KGrel
NA10865 AV_HG00673#haplotype1#0000019:16627360$17129375$HG02004.verkko_filt_pat.fa:haplotype2_0000813_139386576_140076845_1	0.9518336521891839 1KGrel
NA10865 HG04228.verkko_filt_mat.fa:haplotype1_0000023_103429213_103930285_0$HG02004.verkko_filt_pat.fa:haplotype2_0000813_139386576_140076845_1	0.9517973271994055 1KGrel
NA10865 HG01978#1#JAGYVS010000002.1_51519970_52021951_0$HG02004.verkko_filt_pat.fa:haplotype2_0000813_139386576_140076845_1	0.9517794044189105 1KGrel
NA10865 HG03492#1#JAHEPI010000180.1_2103395_2543326_1$HG01243#1#JAHEOY010000013.1_90081_424495_0	0.9517654683693858 1KGrel
NA10865 HG02080#2#JAHEOV010000017.1_16662177_17164189_0$HG02004.verkko_filt_pat.fa:haplotype2_0000813_139386576_140076845_1	0.9517187030520233 1KGrel
NA10865 HG03492#2#JAHEPH010000288.1_2098270_2432686_1$HG03492#1#JAHEPI010000180.1_2103395_2543326_1	0.9517068038995047 1KGrel
NA10865 HG00621#1#JAHBCD010000034.1_2122997_2624098_1$HG02004.verkko_filt_pat.fa:haplotype2_0000813_139386576_140076845_1	0.9515638189616724 1KGrel
NA10865 HG02004.verkko_filt_pat.fa:haplotype2_0000813_139386576_140076845_1$HG02071.verkko_filt_pat.fa:haplotype2_0000736_102745972_103248026_0	0.9515509365929954 1KGrel
NA10865 HG00741#1#JAHALY010000007.1_18781197_19307680_1$HG03098#1#JAHEPM010000059.1_16676208_17105596_0	0.9515473787735471 1KGrel
NA10865 HG03516#2#JAGYYS010000004.1_24452130_24859892_1$HG002.verkko_filt_pat.fa:haplotype2_0000649_147937390_148315979_1	0.9515382424024436 1KGrel
NA10865 HG02818#2#JAHEOR010000010.1_31775319_32183091_1$HG002.verkko_filt_pat.fa:haplotype2_0000649_147937390_148315979_1	0.9514900407396694 1KGrel
NA10865 HG00438#1#JAHBCB010000015.1_33474867_33954171_0$HG02723#2#JAHEOT010000034.1_19776337_20321518_1	0.9514774501183888 1KGrel
NA10865 HG03579#1#JAGYVU010000029.1_91404_499180_0$HG002.verkko_filt_pat.fa:haplotype2_0000649_147937390_148315979_1	0.9514759022838494 1KGrel
NA10865 HG02559#1#JAGYVK010000012.1_51505852_51913611_0$HG002.verkko_filt_pat.fa:haplotype2_0000649_147937390_148315979_1	0.9514662155548286 1KGrel
NA10865 HG02004.verkko_filt_pat.fa:haplotype2_0000813_139386576_140076845_1$HG02293.verkko_filt_pat.fa:haplotype2_0000836_148310532_148812524_1	0.9514552788313868 1KGrel
NA10865 NA20129#2#JAHEPD010000155.1_90039_569275_0$HG03098#2#JAHEPL010000003.1_93803759_94117426_0	0.9514426598351901 1KGrel
NA10865 NA19240#1#JAHEOM010000047.1_30103390_30511199_1$HG002.verkko_filt_pat.fa:haplotype2_0000649_147937390_148315979_1	0.9513016692721943 1KGrel
NA10865 HG02723#2#JAHEOT010000034.1_19776337_20321518_1$HG01109#2#JAHEOZ010000047.1_16671232_17151375_0	0.9512716018340399 1KGrel
NA10865 HG02300.verkko_filt_mat.fa:haplotype1_0000028_144052837_144460586_1$HG002.verkko_filt_pat.fa:haplotype2_0000649_147937390_148315979_1	0.9512690813527325 1KGrel
NA10865 HG02080#1#JAHEOW010000048.1_16689583_17097287_0$HG002.verkko_filt_pat.fa:haplotype2_0000649_147937390_148315979_1	0.9512438350253970 1KGrel
NA10865 AV_HG01361#haplotype1#0000023:101593539$102001341$HG002.verkko_filt_pat.fa:haplotype2_0000649_147937390_148315979_1	0.9512422614713164 1KGrel
NA10865 HG02723#2#JAHEOT010000034.1_19776337_20321518_1$HG01358#1#JAGYZB010000020.1_27445742_27855492_1	0.9512355623987364 1KGrel
NA10865 HG03098#2#JAHEPL010000003.1_93803759_94117426_0$HG02622#2#JAHAON010000012.1_51551779_52031001_0	0.9512211587715148 1KGrel
NA10865 NA20129#2#JAHEPD010000155.1_90039_569275_0$HG02145#1#JAHKSG010000134.1_2102465_2647653_1	0.9512042769636444 1KGrel
NA10865 HG01099.verkko_filt_mat.fa:haplotype1_0000034_142513097_142920876_1$HG002.verkko_filt_pat.fa:haplotype2_0000649_147937390_148315979_1	0.9511493271573979 1KGrel
NA10865 HG00438#1#JAHBCB010000015.1_33474867_33954171_0$HG02109#2#JAHEPF010000078.1_16678387_16991144_0	0.9511297902792725 1KGrel
NA10865 HG03927.verkko_filt_mat.fa:haplotype1_0000009_134765170_135173010_1$HG002.verkko_filt_pat.fa:haplotype2_0000649_147937390_148315979_1	0.9511069108803036 1KGrel
NA10865 AV_HG01361#haplotype2#0001322:101872897$102186552$NA20129#2#JAHEPD010000155.1_90039_569275_0	0.9510918575077453 1KGrel
NA10865 HG02723#2#JAHEOT010000034.1_19776337_20321518_1$HG03486#2#JAHEOP010000248.1_2105565_2584784_1	0.9510712805997764 1KGrel
NA10865 HG02622#2#JAHAON010000012.1_51551779_52031001_0$HG02145#1#JAHKSG010000134.1_2102465_2647653_1	0.9510664783250459 1KGrel
NA10865 NA19240#2#JAHEOL010000010.1_37445323_37853017_0$HG002.verkko_filt_pat.fa:haplotype2_0000649_147937390_148315979_1	0.9510028337066131 1KGrel
NA10865 NA20129#2#JAHEPD010000155.1_90039_569275_0$HG03710.verkko_filt_mat.fa:haplotype1_0000029_102593394_102907063_0	0.9509956899725898 1KGrel
NA10865 AV_HG00673#haplotype2#0001165:24014011$24421797$HG002.verkko_filt_pat.fa:haplotype2_0000649_147937390_148315979_1	0.9509755396346830 1KGrel
NA10865 HG03516#1#JAGYYT010000012.1_24170958_24578778_1$HG002.verkko_filt_pat.fa:haplotype2_0000649_147937390_148315979_1	0.9509678245394374 1KGrel
NA10865 NA20129#2#JAHEPD010000155.1_90039_569275_0$HG02723#2#JAHEOT010000034.1_19776337_20321518_1	0.9508454064401425 1KGrel
NA10865 AV_HG01361#haplotype2#0001322:101872897$102186552$HG02622#2#JAHAON010000012.1_51551779_52031001_0	0.9508252090292505 1KGrel
NA10865 HG00438#1#JAHBCB010000015.1_33474867_33954171_0$HG04228.verkko_filt_pat.fa:haplotype2_0000600_103806749_104119491_0	0.9508150397929124 1KGrel
NA10865 HG00438#1#JAHBCB010000015.1_33474867_33954171_0$HG02647.verkko_filt_pat.fa:haplotype2_0000857_103738150_104051769_0	0.9508132435026377 1KGrel
NA10865 HG02145#1#JAHKSG010000134.1_2102465_2647653_1$HG01358#1#JAGYZB010000020.1_27445742_27855492_1	0.9507960067006979 1KGrel
NA10865 HG03579#2#JAGYVT010000094.1_51581892_51895531_0$HG00438#1#JAHBCB010000015.1_33474867_33954171_0	0.9507903592152930 1KGrel
NA10865 HG02723#1#JAHEOU010000204.1_2102082_2414876_1$HG00438#1#JAHBCB010000015.1_33474867_33954171_0	0.9507840625126946 1KGrel
NA10865 HG02622#2#JAHAON010000012.1_51551779_52031001_0$HG03710.verkko_filt_mat.fa:haplotype1_0000029_102593394_102907063_0	0.9507741488964075 1KGrel
NA10865 HG02622#2#JAHAON010000012.1_51551779_52031001_0$HG02723#2#JAHEOT010000034.1_19776337_20321518_1	0.9507615516747164 1KGrel
NA10865 HG03453#1#JAGYVW010000157.1_2105722_2585000_1$HG02723#2#JAHEOT010000034.1_19776337_20321518_1	0.9507454169139611 1KGrel
NA10865 HG03098#2#JAHEPL010000003.1_93803759_94117426_0$HG03486#2#JAHEOP010000248.1_2105565_2584784_1	0.9507438165024118 1KGrel
NA10865 NA20129#2#JAHEPD010000155.1_90039_569275_0$HG00438#2#JAHBCA010000012.1_51513023_51826723_0	0.9506790420602826 1KGrel
NA10865 HG03486#2#JAHEOP010000248.1_2105565_2584784_1$HG03710.verkko_filt_mat.fa:haplotype1_0000029_102593394_102907063_0	0.9506761322270832 1KGrel
NA10865 NA20129#2#JAHEPD010000155.1_90039_569275_0$HG02886#2#JAHAOT010000031.1_87393_401061_0	0.9506672499109620 1KGrel
NA10865 HG01109#2#JAHEOZ010000047.1_16671232_17151375_0$HG02145#1#JAHKSG010000134.1_2102465_2647653_1	0.9506638096545295 1KGrel
NA10865 HG00438#1#JAHBCB010000015.1_33474867_33954171_0$HG03710.verkko_filt_mat.fa:haplotype1_0000029_102593394_102907063_0	0.9504800093190537 1KGrel
NA10865 HG02622#2#JAHAON010000012.1_51551779_52031001_0$HG00438#2#JAHBCA010000012.1_51513023_51826723_0	0.9504573727199201 1KGrel
NA10865 NA20129#2#JAHEPD010000155.1_90039_569275_0$HG02293.verkko_filt_mat.fa:haplotype1_0000039_30204405_30517145_1	0.9504480098697740 1KGrel
NA10865 HG02630#2#JAHAOP010000089.1_16669255_17076135_0$HG002.verkko_filt_pat.fa:haplotype2_0000649_147937390_148315979_1	0.9504473926155921 1KGrel
NA10865 HG00438#1#JAHBCB010000015.1_33474867_33954171_0$HG01891#1#JAGYVO010000014.1_22855818_23168577_1	0.9504363122173943 1KGrel
NA10865 chr1_hg38_103456064_103863972_0$HG002.verkko_filt_pat.fa:haplotype2_0000649_147937390_148315979_1	0.9504301540792632 1KGrel
NA10865 chr1_hg19_103998686_104406594_0$HG002.verkko_filt_pat.fa:haplotype2_0000649_147937390_148315979_1	0.9504301540792632 1KGrel
NA10865 HG02622#2#JAHAON010000012.1_51551779_52031001_0$HG02886#2#JAHAOT010000031.1_87393_401061_0	0.9504185012371555 1KGrel
NA10865 HG01123#2#JAGYYY010000006.1_51579630_51892388_0$HG00438#1#JAHBCB010000015.1_33474867_33954171_0	0.9503906252685050 1KGrel
NA10865 HG03098#2#JAHEPL010000003.1_93803759_94117426_0$HG00438#1#JAHBCB010000015.1_33474867_33954171_0	0.9503860223623893 1KGrel
NA10865 HG01109#2#JAHEOZ010000047.1_16671232_17151375_0$HG02109#2#JAHEPF010000078.1_16678387_16991144_0	0.9503674783263820 1KGrel
NA10865 HG03486#2#JAHEOP010000248.1_2105565_2584784_1$HG02145#1#JAHKSG010000134.1_2102465_2647653_1	0.9503285929470446 1KGrel
NA10865 HG005#2#JAHEPN010000023.1_51542210_51950070_0$HG002.verkko_filt_pat.fa:haplotype2_0000649_147937390_148315979_1	0.9502951432427914 1KGrel
NA10865 AV_HG01361#haplotype2#0001322:101872897$102186552$HG03486#2#JAHEOP010000248.1_2105565_2584784_1	0.9502876764015605 1KGrel
NA10865 HG01928#1#JAGYVQ010000053.1_16676493_17083407_0$HG002.verkko_filt_pat.fa:haplotype2_0000649_147937390_148315979_1	0.9502870161975704 1KGrel
NA10865 HG03486#2#JAHEOP010000248.1_2105565_2584784_1$HG02886#2#JAHAOT010000031.1_87393_401061_0	0.9502473241828390 1KGrel
NA10865 HG02109#1#JAHEPG010000026.1_16673035_17080816_0$HG002.verkko_filt_pat.fa:haplotype2_0000649_147937390_148315979_1	0.9502389005982784 1KGrel
NA10865 HG02622#2#JAHAON010000012.1_51551779_52031001_0$HG02293.verkko_filt_mat.fa:haplotype1_0000039_30204405_30517145_1	0.9502172749607022 1KGrel
NA10865 HG002.verkko_filt_mat.fa:haplotype1_0000005_138228497_138636354_1$HG002.verkko_filt_pat.fa:haplotype2_0000649_147937390_148315979_1	0.9501983720947212 1KGrel
NA10865 AV_HG01361#haplotype2#0001322:101872897$102186552$HG00438#1#JAHBCB010000015.1_33474867_33954171_0	0.9501713454252833 1KGrel
NA10865 HG01978#2#JAGYVR010000007.1_51532241_51939176_0$HG002.verkko_filt_pat.fa:haplotype2_0000649_147937390_148315979_1	0.9501505846001254 1KGrel
NA10865 AV_HG01175#haplotype1#0000070:46006269$46414083$HG002.verkko_filt_pat.fa:haplotype2_0000649_147937390_148315979_1	0.9501493252164706 1KGrel
NA10865 HG03486#1#JAHEOQ010000123.1_16677696_17085575_0$HG002.verkko_filt_pat.fa:haplotype2_0000649_147937390_148315979_1	0.9501329812066790 1KGrel
NA10865 NA20129#2#JAHEPD010000155.1_90039_569275_0$HG00733#1#JAHEPQ010000019.1_46106835_46420495_0	0.9501307434630213 1KGrel
NA10865 HG02004.verkko_filt_mat.fa:haplotype1_0000022_97828542_98235483_0$HG002.verkko_filt_pat.fa:haplotype2_0000649_147937390_148315979_1	0.9500937303182174 1KGrel
NA10865 HG03486#2#JAHEOP010000248.1_2105565_2584784_1$HG02293.verkko_filt_mat.fa:haplotype1_0000039_30204405_30517145_1	0.9500820055959095 1KGrel
NA10865 HG03486#2#JAHEOP010000248.1_2105565_2584784_1$HG00733#1#JAHEPQ010000019.1_46106835_46420495_0	0.9500517256864980 1KGrel
NA10865 HG01109#2#JAHEOZ010000047.1_16671232_17151375_0$HG04228.verkko_filt_pat.fa:haplotype2_0000600_103806749_104119491_0	0.9500425859703917 1KGrel
NA10865 HG02071.verkko_filt_mat.fa:haplotype1_0000041_103610513_104018399_0$HG002.verkko_filt_pat.fa:haplotype2_0000649_147937390_148315979_1	0.9500237976442182 1KGrel
NA10865 HG03453#2#JAGYVV010000088.1_22597550_23005370_1$HG002.verkko_filt_pat.fa:haplotype2_0000649_147937390_148315979_1	0.9499975144768140 1KGrel
NA10865 HG00438#2#JAHBCA010000012.1_51513023_51826723_0$HG03486#2#JAHEOP010000248.1_2105565_2584784_1	0.9499801509599851 1KGrel
NA10865 HG03453#1#JAGYVW010000157.1_2105722_2585000_1$HG02145#1#JAHKSG010000134.1_2102465_2647653_1	0.9499543604265529 1KGrel
NA10865 HG00621#2#JAHBCC010000031.1_16669999_17077865_0$HG002.verkko_filt_pat.fa:haplotype2_0000649_147937390_148315979_1	0.9499422071279623 1KGrel
NA10865 HG02622#2#JAHAON010000012.1_51551779_52031001_0$HG00733#1#JAHEPQ010000019.1_46106835_46420495_0	0.9499089566595731 1KGrel
NA10865 AV_HG02148#haplotype2#0002863:16304803$16712699$HG002.verkko_filt_pat.fa:haplotype2_0000649_147937390_148315979_1	0.9497827399817711 1KGrel
NA10865 HG01123#2#JAGYYY010000006.1_51579630_51892388_0$HG01109#2#JAHEOZ010000047.1_16671232_17151375_0	0.9497525448304424 1KGrel
NA10865 HG02723#1#JAHEOU010000204.1_2102082_2414876_1$HG01109#2#JAHEOZ010000047.1_16671232_17151375_0	0.9497338957305063 1KGrel
NA10865 HG01258#2#JAGYYU010000072.1_51562603_51970395_0$HG002.verkko_filt_pat.fa:haplotype2_0000649_147937390_148315979_1	0.9497136366172674 1KGrel
NA10865 HG00438#1#JAHBCB010000015.1_33474867_33954171_0$HG00733#1#JAHEPQ010000019.1_46106835_46420495_0	0.9497036169538601 1KGrel
NA10865 HG02486#2#JAGYVL010000029.1_94163344_94570162_0$HG002.verkko_filt_pat.fa:haplotype2_0000649_147937390_148315979_1	0.9496903699616016 1KGrel
NA10865 HG03927.verkko_filt_mat.fa:haplotype1_0000009_134765170_135173010_1$HG02647.verkko_filt_mat.fa:haplotype1_0000002_103892584_104321036_0	0.9496566903624076 1KGrel
NA10865 HG02055#2#JAHEPJ010000017.1_24870122_25298560_1$HG03927.verkko_filt_mat.fa:haplotype1_0000009_134765170_135173010_1	0.9496297113996451 1KGrel
NA10865 HG00438#1#JAHBCB010000015.1_33474867_33954171_0$HG02886#2#JAHAOT010000031.1_87393_401061_0	0.9496198125486639 1KGrel
NA10865 HG00438#1#JAHBCB010000015.1_33474867_33954171_0$HG00438#2#JAHBCA010000012.1_51513023_51826723_0	0.9496039621296315 1KGrel
NA10865 HG02886#1#JAHAOU010000178.1_62411_469262_0$HG002.verkko_filt_pat.fa:haplotype2_0000649_147937390_148315979_1	0.9495982205573620 1KGrel
NA10865 HG02809.verkko_filt_pat.fa:haplotype2_0001251_103421111_103827972_0$HG002.verkko_filt_pat.fa:haplotype2_0000649_147937390_148315979_1	0.9495925252769234 1KGrel
NA10865 HG02300.verkko_filt_pat.fa:haplotype2_0000620_143362344_143769323_1$HG002.verkko_filt_pat.fa:haplotype2_0000649_147937390_148315979_1	0.9495734187813025 1KGrel
NA10865 HG03927.verkko_filt_mat.fa:haplotype1_0000009_134765170_135173010_1$HG02809.verkko_filt_mat.fa:haplotype1_0000023_94161320_94589755_0	0.9495281844490296 1KGrel
NA10865 HG00438#1#JAHBCB010000015.1_33474867_33954171_0$HG02293.verkko_filt_mat.fa:haplotype1_0000039_30204405_30517145_1	0.9494184516558295 1KGrel
NA10865 HG005#1#JAHEPO010000002.1_51519219_51926067_0$HG002.verkko_filt_pat.fa:haplotype2_0000649_147937390_148315979_1	0.9493475835406896 1KGrel
NA10865 HG01109#1#JAHEPA010000099.1_2104245_2511104_1$HG002.verkko_filt_pat.fa:haplotype2_0000649_147937390_148315979_1	0.9493374883980689 1KGrel
NA10865 NA20129#2#JAHEPD010000155.1_90039_569275_0$HG02109#2#JAHEPF010000078.1_16678387_16991144_0	0.9493309729056834 1KGrel
NA10865 HG02300.verkko_filt_mat.fa:haplotype1_0000028_144052837_144460586_1$HG02647.verkko_filt_mat.fa:haplotype1_0000002_103892584_104321036_0	0.9492652950794042 1KGrel
NA10865 HG02559#1#JAGYVK010000012.1_51505852_51913611_0$HG02055#2#JAHEPJ010000017.1_24870122_25298560_1	0.9492626921623188 1KGrel
NA10865 HG02055#2#JAHEPJ010000017.1_24870122_25298560_1$HG03579#1#JAGYVU010000029.1_91404_499180_0	0.9492538667167573 1KGrel
NA10865 HG03516#2#JAGYYS010000004.1_24452130_24859892_1$HG02809.verkko_filt_mat.fa:haplotype1_0000023_94161320_94589755_0	0.9492392531930485 1KGrel
NA10865 HG01123#1#JAGYYZ010000015.1_51528240_51935090_0$HG002.verkko_filt_pat.fa:haplotype2_0000649_147937390_148315979_1	0.9492331101683220 1KGrel
NA10865 HG02559#1#JAGYVK010000012.1_51505852_51913611_0$HG02809.verkko_filt_mat.fa:haplotype1_0000023_94161320_94589755_0	0.9492174793425227 1KGrel
NA10865 HG03579#1#JAGYVU010000029.1_91404_499180_0$HG02809.verkko_filt_mat.fa:haplotype1_0000023_94161320_94589755_0	0.9492166350903219 1KGrel
NA10865 HG02055#2#JAHEPJ010000017.1_24870122_25298560_1$HG03516#2#JAGYYS010000004.1_24452130_24859892_1	0.9492117859260260 1KGrel
NA10865 HG01109#2#JAHEOZ010000047.1_16671232_17151375_0$HG01891#1#JAGYVO010000014.1_22855818_23168577_1	0.9491722941531093 1KGrel
NA10865 HG02818#2#JAHEOR010000010.1_31775319_32183091_1$HG02055#2#JAHEPJ010000017.1_24870122_25298560_1	0.9491525473680623 1KGrel
NA10865 HG02300.verkko_filt_mat.fa:haplotype1_0000028_144052837_144460586_1$HG02809.verkko_filt_mat.fa:haplotype1_0000023_94161320_94589755_0	0.9491414304638635 1KGrel
NA10865 HG03579#1#JAGYVU010000029.1_91404_499180_0$HG02647.verkko_filt_mat.fa:haplotype1_0000002_103892584_104321036_0	0.9491352202581290 1KGrel
NA10865 HG02055#2#JAHEPJ010000017.1_24870122_25298560_1$HG02300.verkko_filt_mat.fa:haplotype1_0000028_144052837_144460586_1	0.9491309181471054 1KGrel
NA10865 HG02818#2#JAHEOR010000010.1_31775319_32183091_1$HG02647.verkko_filt_mat.fa:haplotype1_0000002_103892584_104321036_0	0.9491305143503195 1KGrel
NA10865 HG02559#1#JAGYVK010000012.1_51505852_51913611_0$HG02647.verkko_filt_mat.fa:haplotype1_0000002_103892584_104321036_0	0.9491277603825788 1KGrel
NA10865 NA19240#1#JAHEOM010000047.1_30103390_30511199_1$HG02647.verkko_filt_mat.fa:haplotype1_0000002_103892584_104321036_0	0.9491203409768926 1KGrel
NA10865 HG02818#2#JAHEOR010000010.1_31775319_32183091_1$HG02809.verkko_filt_mat.fa:haplotype1_0000023_94161320_94589755_0	0.9491160342834657 1KGrel
NA10865 HG02055#2#JAHEPJ010000017.1_24870122_25298560_1$NA19240#1#JAHEOM010000047.1_30103390_30511199_1	0.9491099231146450 1KGrel
NA10865 HG02622#2#JAHAON010000012.1_51551779_52031001_0$HG02109#2#JAHEPF010000078.1_16678387_16991144_0	0.9490822731407063 1KGrel
NA10865 HG01099.verkko_filt_mat.fa:haplotype1_0000034_142513097_142920876_1$HG02647.verkko_filt_mat.fa:haplotype1_0000002_103892584_104321036_0	0.9490732767556592 1KGrel
NA10865 HG02717#2#JAHAOR010000006.1_19663827_20070693_1$HG002.verkko_filt_pat.fa:haplotype2_0000649_147937390_148315979_1	0.9490673515649930 1KGrel
NA10865 HG01099.verkko_filt_mat.fa:haplotype1_0000034_142513097_142920876_1$HG02809.verkko_filt_mat.fa:haplotype1_0000023_94161320_94589755_0	0.9490637628449800 1KGrel
NA10865 AV_HG01361#haplotype1#0000023:101593539$102001341$HG02809.verkko_filt_mat.fa:haplotype1_0000023_94161320_94589755_0	0.9490622726265681 1KGrel
NA10865 HG03098#1#JAHEPM010000059.1_16676208_17105596_0$HG03927.verkko_filt_mat.fa:haplotype1_0000009_134765170_135173010_1	0.9490501115225245 1KGrel
NA10865 HG02055#2#JAHEPJ010000017.1_24870122_25298560_1$HG01099.verkko_filt_mat.fa:haplotype1_0000034_142513097_142920876_1	0.9490449765048783 1KGrel
NA10865 HG03516#2#JAGYYS010000004.1_24452130_24859892_1$HG02647.verkko_filt_mat.fa:haplotype1_0000002_103892584_104321036_0	0.9490445069547124 1KGrel
NA10865 HG03453#1#JAGYVW010000157.1_2105722_2585000_1$HG03710.verkko_filt_mat.fa:haplotype1_0000029_102593394_102907063_0	0.9490432986330646 1KGrel
NA10865 HG02559#2#JAGYVJ010000037.1_52167780_52574597_1$HG002.verkko_filt_pat.fa:haplotype2_0000649_147937390_148315979_1	0.9490401967403310 1KGrel
NA10865 HG03486#2#JAHEOP010000248.1_2105565_2584784_1$HG02109#2#JAHEPF010000078.1_16678387_16991144_0	0.9490276980591693 1KGrel
NA10865 HG03516#1#JAGYYT010000012.1_24170958_24578778_1$HG02647.verkko_filt_mat.fa:haplotype1_0000002_103892584_104321036_0	0.9490209294844993 1KGrel
NA10865 AV_HG01361#haplotype1#0000023:101593539$102001341$HG02055#2#JAHEPJ010000017.1_24870122_25298560_1	0.9490191474847246 1KGrel
NA10865 NA19240#1#JAHEOM010000047.1_30103390_30511199_1$HG02809.verkko_filt_mat.fa:haplotype1_0000023_94161320_94589755_0	0.9490087407195026 1KGrel
NA10865 HG01109#2#JAHEOZ010000047.1_16671232_17151375_0$HG02647.verkko_filt_pat.fa:haplotype2_0000857_103738150_104051769_0	0.9490085998298754 1KGrel
NA10865 AV_HG01361#haplotype1#0000023:101593539$102001341$HG02647.verkko_filt_mat.fa:haplotype1_0000002_103892584_104321036_0	0.9490067849041718 1KGrel
NA10865 HG03579#2#JAGYVT010000094.1_51581892_51895531_0$HG01109#2#JAHEOZ010000047.1_16671232_17151375_0	0.9489953556932189 1KGrel
NA10865 NA19240#2#JAHEOL010000010.1_37445323_37853017_0$HG02647.verkko_filt_mat.fa:haplotype1_0000002_103892584_104321036_0	0.9489667967889041 1KGrel
NA10865 HG01109#2#JAHEOZ010000047.1_16671232_17151375_0$HG02293.verkko_filt_mat.fa:haplotype1_0000039_30204405_30517145_1	0.9489568270362906 1KGrel
NA10865 HG03516#1#JAGYYT010000012.1_24170958_24578778_1$HG02055#2#JAHEPJ010000017.1_24870122_25298560_1	0.9489376429512312 1KGrel
NA10865 HG02723#1#JAHEOU010000204.1_2102082_2414876_1$NA20129#2#JAHEPD010000155.1_90039_569275_0	0.9489306776611350 1KGrel
NA10865 HG03098#2#JAHEPL010000003.1_93803759_94117426_0$HG01109#2#JAHEOZ010000047.1_16671232_17151375_0	0.9489224196155982 1KGrel
NA10865 HG02055#2#JAHEPJ010000017.1_24870122_25298560_1$NA19240#2#JAHEOL010000010.1_37445323_37853017_0	0.9489065862434742 1KGrel
NA10865 HG02080#1#JAHEOW010000048.1_16689583_17097287_0$HG02809.verkko_filt_mat.fa:haplotype1_0000023_94161320_94589755_0	0.9488812102058581 1KGrel
NA10865 NA20129#2#JAHEPD010000155.1_90039_569275_0$HG04228.verkko_filt_pat.fa:haplotype2_0000600_103806749_104119491_0	0.9488705832814613 1KGrel
NA10865 HG02080#1#JAHEOW010000048.1_16689583_17097287_0$HG02647.verkko_filt_mat.fa:haplotype1_0000002_103892584_104321036_0	0.9488662618235695 1KGrel
NA10865 AV_HG01361#haplotype2#0001322:101872897$102186552$HG01109#2#JAHEOZ010000047.1_16671232_17151375_0	0.9488604760943695 1KGrel
NA10865 HG00741#2#JAHALX010000013.1_51574319_51981226_0$HG002.verkko_filt_pat.fa:haplotype2_0000649_147937390_148315979_1	0.9488480398364164 1KGrel
NA10865 HG01109#2#JAHEOZ010000047.1_16671232_17151375_0$HG03710.verkko_filt_mat.fa:haplotype1_0000029_102593394_102907063_0	0.9488459107204902 1KGrel
NA10865 AV_HG01361#haplotype2#0001322:101872897$102186552$HG03453#1#JAGYVW010000157.1_2105722_2585000_1	0.9488436100631427 1KGrel
NA10865 HG02080#1#JAHEOW010000048.1_16689583_17097287_0$HG02055#2#JAHEPJ010000017.1_24870122_25298560_1	0.9488380202686215 1KGrel
NA10865 NA19240#2#JAHEOL010000010.1_37445323_37853017_0$HG02809.verkko_filt_mat.fa:haplotype1_0000023_94161320_94589755_0	0.9488366478777336 1KGrel
NA10865 HG03516#1#JAGYYT010000012.1_24170958_24578778_1$HG02809.verkko_filt_mat.fa:haplotype1_0000023_94161320_94589755_0	0.9488364655869864 1KGrel
NA10865 HG02818#2#JAHEOR010000010.1_31775319_32183091_1$HG01243#1#JAHEOY010000013.1_90081_424495_0	0.9488231978375443 1KGrel
NA10865 HG02818#2#JAHEOR010000010.1_31775319_32183091_1$HG03492#2#JAHEPH010000288.1_2098270_2432686_1	0.9487604860311638 1KGrel
NA10865 HG02723#1#JAHEOU010000204.1_2102082_2414876_1$HG02622#2#JAHAON010000012.1_51551779_52031001_0	0.9486998665452090 1KGrel
NA10865 HG03098#1#JAHEPM010000059.1_16676208_17105596_0$HG02300.verkko_filt_mat.fa:haplotype1_0000028_144052837_144460586_1	0.9486848888036833 1KGrel
NA10865 HG03098#1#JAHEPM010000059.1_16676208_17105596_0$HG03516#2#JAGYYS010000004.1_24452130_24859892_1	0.9486630664683702 1KGrel
NA10865 HG02622#2#JAHAON010000012.1_51551779_52031001_0$HG04228.verkko_filt_pat.fa:haplotype2_0000600_103806749_104119491_0	0.9486577258129182 1KGrel
NA10865 HG03453#1#JAGYVW010000157.1_2105722_2585000_1$HG03098#2#JAHEPL010000003.1_93803759_94117426_0	0.9486379308862524 1KGrel
NA10865 NA20129#2#JAHEPD010000155.1_90039_569275_0$HG01123#2#JAGYYY010000006.1_51579630_51892388_0	0.9486338260629361 1KGrel
NA10865 HG03098#1#JAHEPM010000059.1_16676208_17105596_0$HG03579#1#JAGYVU010000029.1_91404_499180_0	0.9486326675121477 1KGrel
NA10865 HG02559#1#JAGYVK010000012.1_51505852_51913611_0$HG01243#1#JAHEOY010000013.1_90081_424495_0	0.9486233097997731 1KGrel
NA10865 HG01243#1#JAHEOY010000013.1_90081_424495_0$NA19240#1#JAHEOM010000047.1_30103390_30511199_1	0.9486208445066338 1KGrel
NA10865 HG02559#1#JAGYVK010000012.1_51505852_51913611_0$HG03492#2#JAHEPH010000288.1_2098270_2432686_1	0.9486125742880498 1KGrel
NA10865 HG02886#2#JAHAOT010000031.1_87393_401061_0$HG01109#2#JAHEOZ010000047.1_16671232_17151375_0	0.9485942924553347 1KGrel
NA10865 HG03486#2#JAHEOP010000248.1_2105565_2584784_1$HG04228.verkko_filt_pat.fa:haplotype2_0000600_103806749_104119491_0	0.9485847833656297 1KGrel
NA10865 HG02559#1#JAGYVK010000012.1_51505852_51913611_0$HG03098#1#JAHEPM010000059.1_16676208_17105596_0	0.9485772622389603 1KGrel
NA10865 NA20129#2#JAHEPD010000155.1_90039_569275_0$HG02647.verkko_filt_pat.fa:haplotype2_0000857_103738150_104051769_0	0.9485729338389657 1KGrel
NA10865 HG03492#2#JAHEPH010000288.1_2098270_2432686_1$NA19240#1#JAHEOM010000047.1_30103390_30511199_1	0.9485685238062959 1KGrel
NA10865 HG01123#1#JAGYYZ010000015.1_51528240_51935090_0$HG03098#1#JAHEPM010000059.1_16676208_17105596_0	0.9485587179265152 1KGrel
NA10865 NA20129#2#JAHEPD010000155.1_90039_569275_0$HG03579#2#JAGYVT010000094.1_51581892_51895531_0	0.9485326589877447 1KGrel
NA10865 HG01243#1#JAHEOY010000013.1_90081_424495_0$HG03516#2#JAGYYS010000004.1_24452130_24859892_1	0.9485318200074494 1KGrel
NA10865 AV_HG00673#haplotype2#0001165:24014011$24421797$HG02809.verkko_filt_mat.fa:haplotype1_0000023_94161320_94589755_0	0.9485306023285496 1KGrel
NA10865 HG03579#2#JAGYVT010000094.1_51581892_51895531_0$HG03486#2#JAHEOP010000248.1_2105565_2584784_1	0.9485265971336970 1KGrel
NA10865 HG03486#2#JAHEOP010000248.1_2105565_2584784_1$HG02647.verkko_filt_pat.fa:haplotype2_0000857_103738150_104051769_0	0.9485217114447518 1KGrel
NA10865 AV_HG01361#haplotype1#0000023:101593539$102001341$HG03098#1#JAHEPM010000059.1_16676208_17105596_0	0.9485086539427143 1KGrel
NA10865 HG03492#2#JAHEPH010000288.1_2098270_2432686_1$HG03516#2#JAGYYS010000004.1_24452130_24859892_1	0.9485002673097781 1KGrel
NA10865 HG03098#1#JAHEPM010000059.1_16676208_17105596_0$HG01099.verkko_filt_mat.fa:haplotype1_0000034_142513097_142920876_1	0.9484940494632860 1KGrel
NA10865 HG02818#2#JAHEOR010000010.1_31775319_32183091_1$HG03098#1#JAHEPM010000059.1_16676208_17105596_0	0.9484932761223821 1KGrel
NA10865 HG03453#1#JAGYVW010000157.1_2105722_2585000_1$HG02293.verkko_filt_mat.fa:haplotype1_0000039_30204405_30517145_1	0.9484919013381234 1KGrel
NA10865 HG03453#1#JAGYVW010000157.1_2105722_2585000_1$HG00733#1#JAHEPQ010000019.1_46106835_46420495_0	0.9484775310995158 1KGrel
NA10865 HG03098#1#JAHEPM010000059.1_16676208_17105596_0$NA19240#1#JAHEOM010000047.1_30103390_30511199_1	0.9484745797083459 1KGrel
NA10865 AV_HG00673#haplotype2#0001165:24014011$24421797$HG02055#2#JAHEPJ010000017.1_24870122_25298560_1	0.9484707315634757 1KGrel
NA10865 HG03492#2#JAHEPH010000288.1_2098270_2432686_1$HG03579#1#JAGYVU010000029.1_91404_499180_0	0.9484427356273306 1KGrel
NA10865 AV_HG00673#haplotype2#0001165:24014011$24421797$HG02647.verkko_filt_mat.fa:haplotype1_0000002_103892584_104321036_0	0.9484251500726406 1KGrel
NA10865 HG01123#2#JAGYYY010000006.1_51579630_51892388_0$HG02622#2#JAHAON010000012.1_51551779_52031001_0	0.9484118777022849 1KGrel
NA10865 HG01243#1#JAHEOY010000013.1_90081_424495_0$HG03579#1#JAGYVU010000029.1_91404_499180_0	0.9484118622594925 1KGrel
NA10865 HG02080#1#JAHEOW010000048.1_16689583_17097287_0$HG03098#1#JAHEPM010000059.1_16676208_17105596_0	0.9484086792255011 1KGrel
NA10865 HG03098#1#JAHEPM010000059.1_16676208_17105596_0$HG02717#2#JAHAOR010000006.1_19663827_20070693_1	0.9484086496734369 1KGrel
NA10865 HG03098#1#JAHEPM010000059.1_16676208_17105596_0$NA19240#2#JAHEOL010000010.1_37445323_37853017_0	0.9483813273684968 1KGrel
NA10865 HG01243#1#JAHEOY010000013.1_90081_424495_0$HG03927.verkko_filt_mat.fa:haplotype1_0000009_134765170_135173010_1	0.9483703795523343 1KGrel
NA10865 HG03098#1#JAHEPM010000059.1_16676208_17105596_0$HG03516#1#JAGYYT010000012.1_24170958_24578778_1	0.9483586698982220 1KGrel
NA10865 HG01109#2#JAHEOZ010000047.1_16671232_17151375_0$HG00733#1#JAHEPQ010000019.1_46106835_46420495_0	0.9483426414228225 1KGrel
NA10865 HG03492#2#JAHEPH010000288.1_2098270_2432686_1$HG03927.verkko_filt_mat.fa:haplotype1_0000009_134765170_135173010_1	0.9483388440108299 1KGrel
NA10865 HG03098#1#JAHEPM010000059.1_16676208_17105596_0$HG01258#2#JAGYYU010000072.1_51562603_51970395_0	0.9483384724500014 1KGrel
NA10865 NA20129#2#JAHEPD010000155.1_90039_569275_0$HG01891#1#JAGYVO010000014.1_22855818_23168577_1	0.9483328350737652 1KGrel
NA10865 HG02055#2#JAHEPJ010000017.1_24870122_25298560_1$HG01258#2#JAGYYU010000072.1_51562603_51970395_0	0.9483191370363109 1KGrel
NA10865 HG03492#2#JAHEPH010000288.1_2098270_2432686_1$HG03516#1#JAGYYT010000012.1_24170958_24578778_1	0.9483114289089721 1KGrel
NA10865 HG02622#2#JAHAON010000012.1_51551779_52031001_0$HG02647.verkko_filt_pat.fa:haplotype2_0000857_103738150_104051769_0	0.9483061693382281 1KGrel
NA10865 AV_HG02257#haplotype2#0001152:102843493$103251377$HG002.verkko_filt_pat.fa:haplotype2_0000649_147937390_148315979_1	0.9483046182415934 1KGrel
NA10865 HG01123#2#JAGYYY010000006.1_51579630_51892388_0$HG03486#2#JAHEOP010000248.1_2105565_2584784_1	0.9483015322073324 1KGrel
NA10865 HG01243#1#JAHEOY010000013.1_90081_424495_0$HG03516#1#JAGYYT010000012.1_24170958_24578778_1	0.9482910321545425 1KGrel
NA10865 HG03579#2#JAGYVT010000094.1_51581892_51895531_0$HG02622#2#JAHAON010000012.1_51551779_52031001_0	0.9482838710679693 1KGrel
NA10865 HG00438#2#JAHBCA010000012.1_51513023_51826723_0$HG01109#2#JAHEOZ010000047.1_16671232_17151375_0	0.9482827947548654 1KGrel
NA10865 HG005#1#JAHEPO010000002.1_51519219_51926067_0$HG03098#1#JAHEPM010000059.1_16676208_17105596_0	0.9482691233670092 1KGrel
NA10865 HG01258#2#JAGYYU010000072.1_51562603_51970395_0$HG02647.verkko_filt_mat.fa:haplotype1_0000002_103892584_104321036_0	0.9482636537791944 1KGrel
NA10865 HG02145#2#JAHKSF010000206.1_1005292_1413195_1$HG002.verkko_filt_pat.fa:haplotype2_0000649_147937390_148315979_1	0.9482197045789915 1KGrel
NA10865 HG01258#2#JAGYYU010000072.1_51562603_51970395_0$HG02809.verkko_filt_mat.fa:haplotype1_0000023_94161320_94589755_0	0.9482113150137751 1KGrel
NA10865 HG03098#1#JAHEPM010000059.1_16676208_17105596_0$HG00741#2#JAHALX010000013.1_51574319_51981226_0	0.9481684520973999 1KGrel
NA10865 HG01243#1#JAHEOY010000013.1_90081_424495_0$HG02300.verkko_filt_mat.fa:haplotype1_0000028_144052837_144460586_1	0.9481615032684004 1KGrel
NA10865 HG03492#2#JAHEPH010000288.1_2098270_2432686_1$HG02300.verkko_filt_mat.fa:haplotype1_0000028_144052837_144460586_1	0.9481508065203579 1KGrel
NA10865 HG03492#2#JAHEPH010000288.1_2098270_2432686_1$NA19240#2#JAHEOL010000010.1_37445323_37853017_0	0.9481484852864841 1KGrel
NA10865 HG01243#1#JAHEOY010000013.1_90081_424495_0$NA19240#2#JAHEOL010000010.1_37445323_37853017_0	0.9481383611136555 1KGrel
NA10865 HG02723#1#JAHEOU010000204.1_2102082_2414876_1$HG03486#2#JAHEOP010000248.1_2105565_2584784_1	0.9481276728798917 1KGrel
NA10865 HG01109#1#JAHEPA010000099.1_2104245_2511104_1$HG03098#1#JAHEPM010000059.1_16676208_17105596_0	0.9481242730403170 1KGrel
NA10865 HG03453#1#JAGYVW010000157.1_2105722_2585000_1$HG02886#2#JAHAOT010000031.1_87393_401061_0	0.9481217333583554 1KGrel
NA10865 HG02717#1#JAHAOS010000015.1_16660311_17067250_0$HG002.verkko_filt_pat.fa:haplotype2_0000649_147937390_148315979_1	0.9480938546717466 1KGrel
NA10865 HG02080#1#JAHEOW010000048.1_16689583_17097287_0$HG03492#2#JAHEPH010000288.1_2098270_2432686_1	0.9480551943091813 1KGrel
NA10865 AV_HG00673#haplotype2#0001165:24014011$24421797$HG03098#1#JAHEPM010000059.1_16676208_17105596_0	0.9480346962266025 1KGrel
NA10865 HG02080#1#JAHEOW010000048.1_16689583_17097287_0$HG01243#1#JAHEOY010000013.1_90081_424495_0	0.9480241268948930 1KGrel
NA10865 HG02622#2#JAHAON010000012.1_51551779_52031001_0$HG01891#1#JAGYVO010000014.1_22855818_23168577_1	0.9480212351990766 1KGrel
NA10865 HG01123#1#JAGYYZ010000015.1_51528240_51935090_0$HG02647.verkko_filt_mat.fa:haplotype1_0000002_103892584_104321036_0	0.9480165717433311 1KGrel
NA10865 AV_HG01361#haplotype1#0000023:101593539$102001341$HG03492#2#JAHEPH010000288.1_2098270_2432686_1	0.9479910453254615 1KGrel
NA10865 AV_HG01361#haplotype1#0000023:101593539$102001341$HG01243#1#JAHEOY010000013.1_90081_424495_0	0.9479808891548025 1KGrel
NA10865 HG02630#1#JAHAOQ010000102.1_16672145_17079089_0$HG002.verkko_filt_pat.fa:haplotype2_0000649_147937390_148315979_1	0.9479727706982581 1KGrel
NA10865 HG01243#1#JAHEOY010000013.1_90081_424495_0$HG01099.verkko_filt_mat.fa:haplotype1_0000034_142513097_142920876_1	0.9479697290200307 1KGrel
NA10865 HG03492#2#JAHEPH010000288.1_2098270_2432686_1$HG01099.verkko_filt_mat.fa:haplotype1_0000034_142513097_142920876_1	0.9479590128960815 1KGrel
NA10865 HG02717#2#JAHAOR010000006.1_19663827_20070693_1$HG02647.verkko_filt_mat.fa:haplotype1_0000002_103892584_104321036_0	0.9479550898461643 1KGrel
NA10865 HG02622#1#JAHAOO010000002.1_16673678_17080663_0$HG002.verkko_filt_pat.fa:haplotype2_0000649_147937390_148315979_1	0.9479377372209890 1KGrel
NA10865 HG03486#2#JAHEOP010000248.1_2105565_2584784_1$HG01891#1#JAGYVO010000014.1_22855818_23168577_1	0.9479350348554203 1KGrel
NA10865 HG03453#1#JAGYVW010000157.1_2105722_2585000_1$HG00438#2#JAHBCA010000012.1_51513023_51826723_0	0.9479266154871411 1KGrel
NA10865 HG02818#1#JAHEOS010000101.1_89626_496613_0$HG002.verkko_filt_pat.fa:haplotype2_0000649_147937390_148315979_1	0.9479142531745283 1KGrel
NA10865 HG01109#1#JAHEPA010000099.1_2104245_2511104_1$HG02647.verkko_filt_mat.fa:haplotype1_0000002_103892584_104321036_0	0.9479114966967416 1KGrel
NA10865 HG02723#2#JAHEOT010000034.1_19776337_20321518_1$HG03927.verkko_filt_mat.fa:haplotype1_0000009_134765170_135173010_1	0.9479047704864451 1KGrel
NA10865 HG005#1#JAHEPO010000002.1_51519219_51926067_0$HG02647.verkko_filt_mat.fa:haplotype1_0000002_103892584_104321036_0	0.9479039132765293 1KGrel
NA10865 HG02818#2#JAHEOR010000010.1_31775319_32183091_1$HG02723#2#JAHEOT010000034.1_19776337_20321518_1	0.9478941605996887 1KGrel
NA10865 HG02055#2#JAHEPJ010000017.1_24870122_25298560_1$HG02717#2#JAHAOR010000006.1_19663827_20070693_1	0.9478898558042561 1KGrel
NA10865 HG01123#1#JAGYYZ010000015.1_51528240_51935090_0$HG02055#2#JAHEPJ010000017.1_24870122_25298560_1	0.9478867871140348 1KGrel
NA10865 HG02717#2#JAHAOR010000006.1_19663827_20070693_1$HG02809.verkko_filt_mat.fa:haplotype1_0000023_94161320_94589755_0	0.9478466826956796 1KGrel
NA10865 NA18906#1#JAHEOO010000054.1_2103477_2510435_1$HG002.verkko_filt_pat.fa:haplotype2_0000649_147937390_148315979_1	0.9478313583167943 1KGrel
NA10865 HG02559#1#JAGYVK010000012.1_51505852_51913611_0$HG02723#2#JAHEOT010000034.1_19776337_20321518_1	0.9478305435940638 1KGrel
NA10865 AV_HG00673#haplotype2#0001165:24014011$24421797$HG03492#2#JAHEPH010000288.1_2098270_2432686_1	0.9478142485189350 1KGrel
NA10865 AV_HG00673#haplotype2#0001165:24014011$24421797$HG01243#1#JAHEOY010000013.1_90081_424495_0	0.9477936937677552 1KGrel
NA10865 HG03453#2#JAGYVV010000088.1_22597550_23005370_1$HG02647.verkko_filt_mat.fa:haplotype1_0000002_103892584_104321036_0	0.9477846801901761 1KGrel
NA10865 HG01109#1#JAHEPA010000099.1_2104245_2511104_1$HG02055#2#JAHEPJ010000017.1_24870122_25298560_1	0.9477666520518115 1KGrel
NA10865 HG02723#2#JAHEOT010000034.1_19776337_20321518_1$HG03516#2#JAGYYS010000004.1_24452130_24859892_1	0.9477650197512517 1KGrel
NA10865 AV_HG01175#haplotype1#0000070:46006269$46414083$HG02647.verkko_filt_mat.fa:haplotype1_0000002_103892584_104321036_0	0.9477608304817907 1KGrel
NA10865 HG01123#1#JAGYYZ010000015.1_51528240_51935090_0$HG02809.verkko_filt_mat.fa:haplotype1_0000023_94161320_94589755_0	0.9477551260435226 1KGrel
NA10865 HG00741#2#JAHALX010000013.1_51574319_51981226_0$HG02647.verkko_filt_mat.fa:haplotype1_0000002_103892584_104321036_0	0.9477545310607857 1KGrel
NA10865 HG03098#1#JAHEPM010000059.1_16676208_17105596_0$HG02809.verkko_filt_pat.fa:haplotype2_0001251_103421111_103827972_0	0.9477444298389071 1KGrel
NA10865 HG02630#2#JAHAOP010000089.1_16669255_17076135_0$HG03098#1#JAHEPM010000059.1_16676208_17105596_0	0.9477241523035895 1KGrel
NA10865 HG02109#1#JAHEPG010000026.1_16673035_17080816_0$HG02055#2#JAHEPJ010000017.1_24870122_25298560_1	0.9477079115996960 1KGrel
NA10865 HG005#2#JAHEPN010000023.1_51542210_51950070_0$HG02647.verkko_filt_mat.fa:haplotype1_0000002_103892584_104321036_0	0.9477063145146944 1KGrel
NA10865 HG02723#2#JAHEOT010000034.1_19776337_20321518_1$HG03579#1#JAGYVU010000029.1_91404_499180_0	0.9477020098655303 1KGrel
NA10865 HG03486#1#JAHEOQ010000123.1_16677696_17085575_0$HG02647.verkko_filt_mat.fa:haplotype1_0000002_103892584_104321036_0	0.9476987037976590 1KGrel
NA10865 HG01109#1#JAHEPA010000099.1_2104245_2511104_1$HG02723#2#JAHEOT010000034.1_19776337_20321518_1	0.9476986564813752 1KGrel
NA10865 HG02055#2#JAHEPJ010000017.1_24870122_25298560_1$HG02071.verkko_filt_mat.fa:haplotype1_0000041_103610513_104018399_0	0.9476955160506266 1KGrel
NA10865 HG02055#2#JAHEPJ010000017.1_24870122_25298560_1$HG00741#2#JAHALX010000013.1_51574319_51981226_0	0.9476902781581960 1KGrel
NA10865 HG02109#1#JAHEPG010000026.1_16673035_17080816_0$HG02809.verkko_filt_mat.fa:haplotype1_0000023_94161320_94589755_0	0.9476800341297749 1KGrel
NA10865 HG03453#2#JAGYVV010000088.1_22597550_23005370_1$HG02055#2#JAHEPJ010000017.1_24870122_25298560_1	0.9476777198062727 1KGrel
NA10865 HG02723#2#JAHEOT010000034.1_19776337_20321518_1$NA19240#1#JAHEOM010000047.1_30103390_30511199_1	0.9476745460157276 1KGrel
NA10865 chr1_hg38_103456064_103863972_0$HG02647.verkko_filt_mat.fa:haplotype1_0000002_103892584_104321036_0	0.9476727922745082 1KGrel
NA10865 chr1_hg19_103998686_104406594_0$HG02647.verkko_filt_mat.fa:haplotype1_0000002_103892584_104321036_0	0.9476727922745082 1KGrel
NA10865 HG03098#1#JAHEPM010000059.1_16676208_17105596_0$HG02486#2#JAGYVL010000029.1_94163344_94570162_0	0.9476698576513526 1KGrel
NA10865 HG02071.verkko_filt_mat.fa:haplotype1_0000041_103610513_104018399_0$HG02647.verkko_filt_mat.fa:haplotype1_0000002_103892584_104321036_0	0.9476655516185476 1KGrel
NA10865 HG03486#1#JAHEOQ010000123.1_16677696_17085575_0$HG02055#2#JAHEPJ010000017.1_24870122_25298560_1	0.9476642843852289 1KGrel
NA10865 HG005#1#JAHEPO010000002.1_51519219_51926067_0$HG02055#2#JAHEPJ010000017.1_24870122_25298560_1	0.9476620413546208 1KGrel
NA10865 HG01123#1#JAGYYZ010000015.1_51528240_51935090_0$HG02723#2#JAHEOT010000034.1_19776337_20321518_1	0.9476556208053893 1KGrel
NA10865 HG02109#1#JAHEPG010000026.1_16673035_17080816_0$HG02647.verkko_filt_mat.fa:haplotype1_0000002_103892584_104321036_0	0.9476528698190080 1KGrel
NA10865 HG002.verkko_filt_mat.fa:haplotype1_0000005_138228497_138636354_1$HG02647.verkko_filt_mat.fa:haplotype1_0000002_103892584_104321036_0	0.9476517914131211 1KGrel
NA10865 HG02055#2#JAHEPJ010000017.1_24870122_25298560_1$HG002.verkko_filt_mat.fa:haplotype1_0000005_138228497_138636354_1	0.9476493484937508 1KGrel
NA10865 HG01928#1#JAGYVQ010000053.1_16676493_17083407_0$HG03492#2#JAHEPH010000288.1_2098270_2432686_1	0.9476379750880809 1KGrel
NA10865 HG02809.verkko_filt_mat.fa:haplotype1_0000023_94161320_94589755_0$HG002.verkko_filt_mat.fa:haplotype1_0000005_138228497_138636354_1	0.9476287861443643 1KGrel
NA10865 HG02055#2#JAHEPJ010000017.1_24870122_25298560_1$HG005#2#JAHEPN010000023.1_51542210_51950070_0	0.9476235943256991 1KGrel
NA10865 AV_HG01175#haplotype1#0000070:46006269$46414083$HG02055#2#JAHEPJ010000017.1_24870122_25298560_1	0.9476125501509464 1KGrel
NA10865 HG01928#1#JAGYVQ010000053.1_16676493_17083407_0$HG01243#1#JAHEOY010000013.1_90081_424495_0	0.9476071135185485 1KGrel
NA10865 chr1_hg38_103456064_103863972_0$HG02055#2#JAHEPJ010000017.1_24870122_25298560_1	0.9476056100202552 1KGrel
NA10865 chr1_hg19_103998686_104406594_0$HG02055#2#JAHEPJ010000017.1_24870122_25298560_1	0.9476056100202552 1KGrel
NA10865 HG03486#1#JAHEOQ010000123.1_16677696_17085575_0$HG02809.verkko_filt_mat.fa:haplotype1_0000023_94161320_94589755_0	0.9475794574308404 1KGrel
NA10865 HG02886#1#JAHAOU010000178.1_62411_469262_0$HG03098#1#JAHEPM010000059.1_16676208_17105596_0	0.9475793695040755 1KGrel
NA10865 HG00621#2#JAHBCC010000031.1_16669999_17077865_0$HG02647.verkko_filt_mat.fa:haplotype1_0000002_103892584_104321036_0	0.9475787563531930 1KGrel
NA10865 chr1_hg38_103456064_103863972_0$HG01243#1#JAHEOY010000013.1_90081_424495_0	0.9475651943679487 1KGrel
NA10865 chr1_hg19_103998686_104406594_0$HG01243#1#JAHEOY010000013.1_90081_424495_0	0.9475651943679487 1KGrel
NA10865 HG03492#2#JAHEPH010000288.1_2098270_2432686_1$chr1_hg38_103456064_103863972_0	0.9475648979460024 1KGrel
NA10865 HG03492#2#JAHEPH010000288.1_2098270_2432686_1$chr1_hg19_103998686_104406594_0	0.9475648979460024 1KGrel
NA10865 chr1_hg38_103456064_103863972_0$HG02809.verkko_filt_mat.fa:haplotype1_0000023_94161320_94589755_0	0.9475609029415905 1KGrel
NA10865 chr1_hg19_103998686_104406594_0$HG02809.verkko_filt_mat.fa:haplotype1_0000023_94161320_94589755_0	0.9475609029415905 1KGrel
NA10865 HG02071.verkko_filt_mat.fa:haplotype1_0000041_103610513_104018399_0$HG02809.verkko_filt_mat.fa:haplotype1_0000023_94161320_94589755_0	0.9475454651934913 1KGrel
NA10865 HG03453#2#JAGYVV010000088.1_22597550_23005370_1$HG02809.verkko_filt_mat.fa:haplotype1_0000023_94161320_94589755_0	0.9475447764719936 1KGrel
NA10865 HG01109#1#JAHEPA010000099.1_2104245_2511104_1$HG02809.verkko_filt_mat.fa:haplotype1_0000023_94161320_94589755_0	0.9475396140652151 1KGrel
NA10865 HG005#1#JAHEPO010000002.1_51519219_51926067_0$HG02809.verkko_filt_mat.fa:haplotype1_0000023_94161320_94589755_0	0.9475390472970338 1KGrel
NA10865 HG005#2#JAHEPN010000023.1_51542210_51950070_0$HG02809.verkko_filt_mat.fa:haplotype1_0000023_94161320_94589755_0	0.9475228904353598 1KGrel
NA10865 HG00621#2#JAHBCC010000031.1_16669999_17077865_0$HG02055#2#JAHEPJ010000017.1_24870122_25298560_1	0.9475197987935597 1KGrel
NA10865 HG02145#1#JAHKSG010000134.1_2102465_2647653_1$HG03516#2#JAGYYS010000004.1_24452130_24859892_1	0.9475187956493319 1KGrel
NA10865 HG02723#2#JAHEOT010000034.1_19776337_20321518_1$HG01258#2#JAGYYU010000072.1_51562603_51970395_0	0.9475151935931719 1KGrel
NA10865 HG02723#2#JAHEOT010000034.1_19776337_20321518_1$HG02717#2#JAHAOR010000006.1_19663827_20070693_1	0.9475129690689070 1KGrel
NA10865 HG02723#2#JAHEOT010000034.1_19776337_20321518_1$HG03516#1#JAGYYT010000012.1_24170958_24578778_1	0.9475110477778637 1KGrel
NA10865 HG01928#1#JAGYVQ010000053.1_16676493_17083407_0$HG02647.verkko_filt_mat.fa:haplotype1_0000002_103892584_104321036_0	0.9475079858402642 1KGrel
NA10865 HG02145#1#JAHKSG010000134.1_2102465_2647653_1$HG02300.verkko_filt_mat.fa:haplotype1_0000028_144052837_144460586_1	0.9475042333081253 1KGrel
NA10865 HG02723#2#JAHEOT010000034.1_19776337_20321518_1$HG02300.verkko_filt_mat.fa:haplotype1_0000028_144052837_144460586_1	0.9474942265628121 1KGrel
NA10865 HG02145#1#JAHKSG010000134.1_2102465_2647653_1$HG03927.verkko_filt_mat.fa:haplotype1_0000009_134765170_135173010_1	0.9474934216588796 1KGrel
NA10865 HG02723#2#JAHEOT010000034.1_19776337_20321518_1$NA19240#2#JAHEOL010000010.1_37445323_37853017_0	0.9474815961779546 1KGrel
NA10865 HG00741#2#JAHALX010000013.1_51574319_51981226_0$HG02809.verkko_filt_mat.fa:haplotype1_0000023_94161320_94589755_0	0.9474713622963634 1KGrel
NA10865 HG03492#2#JAHEPH010000288.1_2098270_2432686_1$HG005#2#JAHEPN010000023.1_51542210_51950070_0	0.9474695382161261 1KGrel
NA10865 HG02145#1#JAHKSG010000134.1_2102465_2647653_1$HG03579#1#JAGYVU010000029.1_91404_499180_0	0.9474677964611040 1KGrel
NA10865 HG02559#1#JAGYVK010000012.1_51505852_51913611_0$HG02145#1#JAHKSG010000134.1_2102465_2647653_1	0.9474671516576871 1KGrel
NA10865 HG005#1#JAHEPO010000002.1_51519219_51926067_0$HG02723#2#JAHEOT010000034.1_19776337_20321518_1	0.9474639366037966 1KGrel
NA10865 HG01243#1#JAHEOY010000013.1_90081_424495_0$HG005#2#JAHEPN010000023.1_51542210_51950070_0	0.9474594915006753 1KGrel
NA10865 AV_HG01175#haplotype1#0000070:46006269$46414083$HG02809.verkko_filt_mat.fa:haplotype1_0000023_94161320_94589755_0	0.9474465627146904 1KGrel
NA10865 HG02818#2#JAHEOR010000010.1_31775319_32183091_1$HG02145#1#JAHKSG010000134.1_2102465_2647653_1	0.9474316449187199 1KGrel
NA10865 HG00621#2#JAHBCC010000031.1_16669999_17077865_0$HG02809.verkko_filt_mat.fa:haplotype1_0000023_94161320_94589755_0	0.9474185858287880 1KGrel
NA10865 HG02647.verkko_filt_mat.fa:haplotype1_0000002_103892584_104321036_0$HG02809.verkko_filt_pat.fa:haplotype2_0001251_103421111_103827972_0	0.9474038429130779 1KGrel
NA10865 HG01978#2#JAGYVR010000007.1_51532241_51939176_0$HG02647.verkko_filt_mat.fa:haplotype1_0000002_103892584_104321036_0	0.9474034372279584 1KGrel
NA10865 HG02723#2#JAHEOT010000034.1_19776337_20321518_1$HG00741#2#JAHALX010000013.1_51574319_51981226_0	0.9473986967350602 1KGrel
NA10865 HG03492#2#JAHEPH010000288.1_2098270_2432686_1$HG02004.verkko_filt_mat.fa:haplotype1_0000022_97828542_98235483_0	0.9473979298766941 1KGrel
NA10865 HG02630#2#JAHAOP010000089.1_16669255_17076135_0$HG02055#2#JAHEPJ010000017.1_24870122_25298560_1	0.9473905406194129 1KGrel
NA10865 HG01243#1#JAHEOY010000013.1_90081_424495_0$HG002.verkko_filt_mat.fa:haplotype1_0000005_138228497_138636354_1	0.9473892851013077 1KGrel
NA10865 HG02630#2#JAHAOP010000089.1_16669255_17076135_0$HG02647.verkko_filt_mat.fa:haplotype1_0000002_103892584_104321036_0	0.9473819435120133 1KGrel
NA10865 HG03492#2#JAHEPH010000288.1_2098270_2432686_1$HG01978#2#JAGYVR010000007.1_51532241_51939176_0	0.9473681131813761 1KGrel
NA10865 HG01243#1#JAHEOY010000013.1_90081_424495_0$HG02004.verkko_filt_mat.fa:haplotype1_0000022_97828542_98235483_0	0.9473670931513876 1KGrel
NA10865 HG02809.verkko_filt_mat.fa:haplotype1_0000023_94161320_94589755_0$HG02809.verkko_filt_pat.fa:haplotype2_0001251_103421111_103827972_0	0.9473670112106847 1KGrel
NA10865 AV_HG02148#haplotype2#0002863:16304803$16712699$HG02647.verkko_filt_mat.fa:haplotype1_0000002_103892584_104321036_0	0.9473666600507212 1KGrel
NA10865 HG02055#2#JAHEPJ010000017.1_24870122_25298560_1$HG02809.verkko_filt_pat.fa:haplotype2_0001251_103421111_103827972_0	0.9473622716626665 1KGrel
NA10865 HG03486#1#JAHEOQ010000123.1_16677696_17085575_0$HG01243#1#JAHEOY010000013.1_90081_424495_0	0.9473590492340723 1KGrel
NA10865 HG03486#1#JAHEOQ010000123.1_16677696_17085575_0$HG03492#2#JAHEPH010000288.1_2098270_2432686_1	0.9473586962010497 1KGrel
NA10865 HG03492#2#JAHEPH010000288.1_2098270_2432686_1$HG002.verkko_filt_mat.fa:haplotype1_0000005_138228497_138636354_1	0.9473576927159175 1KGrel
NA10865 HG02004.verkko_filt_mat.fa:haplotype1_0000022_97828542_98235483_0$HG02647.verkko_filt_mat.fa:haplotype1_0000002_103892584_104321036_0	0.9473481329131755 1KGrel
NA10865 HG02723#2#JAHEOT010000034.1_19776337_20321518_1$HG01099.verkko_filt_mat.fa:haplotype1_0000034_142513097_142920876_1	0.9473446250564221 1KGrel
NA10865 AV_HG02148#haplotype2#0002863:16304803$16712699$HG02055#2#JAHEPJ010000017.1_24870122_25298560_1	0.9473405854233986 1KGrel
NA10865 HG02630#2#JAHAOP010000089.1_16669255_17076135_0$HG02809.verkko_filt_mat.fa:haplotype1_0000023_94161320_94589755_0	0.9473405261092971 1KGrel
NA10865 AV_HG01175#haplotype1#0000070:46006269$46414083$HG01243#1#JAHEOY010000013.1_90081_424495_0	0.9473399848163745 1KGrel
NA10865 AV_HG01175#haplotype1#0000070:46006269$46414083$HG03492#2#JAHEPH010000288.1_2098270_2432686_1	0.9473396617436046 1KGrel
NA10865 HG01243#1#JAHEOY010000013.1_90081_424495_0$HG01978#2#JAGYVR010000007.1_51532241_51939176_0	0.9473372050827804 1KGrel
NA10865 HG02145#1#JAHKSG010000134.1_2102465_2647653_1$HG01099.verkko_filt_mat.fa:haplotype1_0000034_142513097_142920876_1	0.9473274760404038 1KGrel
NA10865 HG01123#1#JAGYYZ010000015.1_51528240_51935090_0$HG02145#1#JAHKSG010000134.1_2102465_2647653_1	0.9473226505589071 1KGrel
NA10865 HG01978#2#JAGYVR010000007.1_51532241_51939176_0$HG02055#2#JAHEPJ010000017.1_24870122_25298560_1	0.9473126731579268 1KGrel
NA10865 AV_HG01106#haplotype1#0000048:16666181$17262214$chr1_chm13_103304997_103901127_0	0.9472780456605379 1KGrel
NA10865 HG02055#2#JAHEPJ010000017.1_24870122_25298560_1$HG02004.verkko_filt_mat.fa:haplotype1_0000022_97828542_98235483_0	0.9472660200939538 1KGrel
NA10865 HG01928#1#JAGYVQ010000053.1_16676493_17083407_0$HG02055#2#JAHEPJ010000017.1_24870122_25298560_1	0.9472643109509898 1KGrel
NA10865 HG02080#1#JAHEOW010000048.1_16689583_17097287_0$HG02723#2#JAHEOT010000034.1_19776337_20321518_1	0.9472571836803674 1KGrel
NA10865 HG03453#2#JAGYVV010000088.1_22597550_23005370_1$HG01243#1#JAHEOY010000013.1_90081_424495_0	0.9472552976851544 1KGrel
NA10865 HG02486#2#JAGYVL010000029.1_94163344_94570162_0$HG02647.verkko_filt_mat.fa:haplotype1_0000002_103892584_104321036_0	0.9472487228655716 1KGrel
NA10865 HG03492#2#JAHEPH010000288.1_2098270_2432686_1$HG03453#2#JAGYVV010000088.1_22597550_23005370_1	0.9472341136110679 1KGrel
NA10865 HG01978#2#JAGYVR010000007.1_51532241_51939176_0$HG02809.verkko_filt_mat.fa:haplotype1_0000023_94161320_94589755_0	0.9472200834504129 1KGrel
NA10865 AV_HG01361#haplotype1#0000023:101593539$102001341$HG02723#2#JAHEOT010000034.1_19776337_20321518_1	0.9472185752190351 1KGrel
NA10865 HG02145#1#JAHKSG010000134.1_2102465_2647653_1$NA19240#1#JAHEOM010000047.1_30103390_30511199_1	0.9472072588448663 1KGrel
NA10865 HG03492#2#JAHEPH010000288.1_2098270_2432686_1$HG02071.verkko_filt_mat.fa:haplotype1_0000041_103610513_104018399_0	0.9472040477021562 1KGrel
NA10865 AV_HG02148#haplotype2#0002863:16304803$16712699$HG02809.verkko_filt_mat.fa:haplotype1_0000023_94161320_94589755_0	0.9471994549123195 1KGrel
NA10865 HG02145#1#JAHKSG010000134.1_2102465_2647653_1$NA19240#2#JAHEOL010000010.1_37445323_37853017_0	0.9471953373606420 1KGrel
NA10865 HG02080#1#JAHEOW010000048.1_16689583_17097287_0$HG02145#1#JAHKSG010000134.1_2102465_2647653_1	0.9471948280963716 1KGrel
NA10865 HG02145#1#JAHKSG010000134.1_2102465_2647653_1$HG02717#2#JAHAOR010000006.1_19663827_20070693_1	0.9471920388288574 1KGrel
NA10865 HG02145#1#JAHKSG010000134.1_2102465_2647653_1$HG01258#2#JAGYYU010000072.1_51562603_51970395_0	0.9471897070226940 1KGrel
NA10865 HG03492#2#JAHEPH010000288.1_2098270_2432686_1$HG02630#2#JAHAOP010000089.1_16669255_17076135_0	0.9471894410496186 1KGrel
NA10865 AV_HG01361#haplotype1#0000023:101593539$102001341$HG02145#1#JAHKSG010000134.1_2102465_2647653_1	0.9471849987578931 1KGrel
NA10865 HG01243#1#JAHEOY010000013.1_90081_424495_0$HG02071.verkko_filt_mat.fa:haplotype1_0000041_103610513_104018399_0	0.9471835378836985 1KGrel
NA10865 HG02055#2#JAHEPJ010000017.1_24870122_25298560_1$HG02486#2#JAGYVL010000029.1_94163344_94570162_0	0.9471663380653550 1KGrel
NA10865 HG02886#1#JAHAOU010000178.1_62411_469262_0$HG02055#2#JAHEPJ010000017.1_24870122_25298560_1	0.9471647850176487 1KGrel
NA10865 HG02109#1#JAHEPG010000026.1_16673035_17080816_0$HG01243#1#JAHEOY010000013.1_90081_424495_0	0.9471586780606129 1KGrel
NA10865 HG02886#1#JAHAOU010000178.1_62411_469262_0$HG02647.verkko_filt_mat.fa:haplotype1_0000002_103892584_104321036_0	0.9471580358918820 1KGrel
NA10865 HG02300.verkko_filt_pat.fa:haplotype2_0000620_143362344_143769323_1$HG02647.verkko_filt_mat.fa:haplotype1_0000002_103892584_104321036_0	0.9471504424352725 1KGrel
NA10865 HG03492#2#JAHEPH010000288.1_2098270_2432686_1$HG02109#1#JAHEPG010000026.1_16673035_17080816_0	0.9471478720455113 1KGrel
NA10865 HG01928#1#JAGYVQ010000053.1_16676493_17083407_0$HG02809.verkko_filt_mat.fa:haplotype1_0000023_94161320_94589755_0	0.9471320474109665 1KGrel
NA10865 HG02630#2#JAHAOP010000089.1_16669255_17076135_0$HG01243#1#JAHEOY010000013.1_90081_424495_0	0.9471280871882829 1KGrel
NA10865 HG03453#1#JAGYVW010000157.1_2105722_2585000_1$HG02109#2#JAHEPF010000078.1_16678387_16991144_0	0.9471232990978199 1KGrel
NA10865 HG01928#1#JAGYVQ010000053.1_16676493_17083407_0$HG03098#1#JAHEPM010000059.1_16676208_17105596_0	0.9471223761185117 1KGrel
NA10865 HG02886#1#JAHAOU010000178.1_62411_469262_0$HG02809.verkko_filt_mat.fa:haplotype1_0000023_94161320_94589755_0	0.9470806409182221 1KGrel
NA10865 HG02055#2#JAHEPJ010000017.1_24870122_25298560_1$HG02300.verkko_filt_pat.fa:haplotype2_0000620_143362344_143769323_1	0.9470754759405989 1KGrel
NA10865 HG02004.verkko_filt_mat.fa:haplotype1_0000022_97828542_98235483_0$HG02809.verkko_filt_mat.fa:haplotype1_0000023_94161320_94589755_0	0.9470691127885341 1KGrel
NA10865 HG02559#2#JAGYVJ010000037.1_52167780_52574597_1$HG03098#1#JAHEPM010000059.1_16676208_17105596_0	0.9470682094727132 1KGrel
NA10865 HG02486#2#JAGYVL010000029.1_94163344_94570162_0$HG02809.verkko_filt_mat.fa:haplotype1_0000023_94161320_94589755_0	0.9470659231144034 1KGrel
NA10865 HG02809.verkko_filt_mat.fa:haplotype1_0000023_94161320_94589755_0$HG02300.verkko_filt_pat.fa:haplotype2_0000620_143362344_143769323_1	0.9470633705265039 1KGrel
NA10865 HG00621#2#JAHBCC010000031.1_16669999_17077865_0$HG01243#1#JAHEOY010000013.1_90081_424495_0	0.9470619068126238 1KGrel
NA10865 HG03486#1#JAHEOQ010000123.1_16677696_17085575_0$HG03098#1#JAHEPM010000059.1_16676208_17105596_0	0.9470611554524768 1KGrel
NA10865 HG03098#1#JAHEPM010000059.1_16676208_17105596_0$HG002.verkko_filt_mat.fa:haplotype1_0000005_138228497_138636354_1	0.9470530564107160 1KGrel
NA10865 HG03453#1#JAGYVW010000157.1_2105722_2585000_1$HG04228.verkko_filt_pat.fa:haplotype2_0000600_103806749_104119491_0	0.9470529936060242 1KGrel
NA10865 HG00621#2#JAHBCC010000031.1_16669999_17077865_0$HG03492#2#JAHEPH010000288.1_2098270_2432686_1	0.9470407266145381 1KGrel
NA10865 HG02723#2#JAHEOT010000034.1_19776337_20321518_1$HG02809.verkko_filt_pat.fa:haplotype2_0001251_103421111_103827972_0	0.9470296022311624 1KGrel
NA10865 HG01109#1#JAHEPA010000099.1_2104245_2511104_1$HG02145#1#JAHKSG010000134.1_2102465_2647653_1	0.9470213888062805 1KGrel
NA10865 HG03098#1#JAHEPM010000059.1_16676208_17105596_0$HG01978#2#JAGYVR010000007.1_51532241_51939176_0	0.9470166251771984 1KGrel
NA10865 AV_HG02148#haplotype2#0002863:16304803$16712699$HG01243#1#JAHEOY010000013.1_90081_424495_0	0.9470089265265059 1KGrel
NA10865 HG03098#1#JAHEPM010000059.1_16676208_17105596_0$HG02071.verkko_filt_mat.fa:haplotype1_0000041_103610513_104018399_0	0.9470022377482661 1KGrel
NA10865 HG03516#1#JAGYYT010000012.1_24170958_24578778_1$HG02145#1#JAHKSG010000134.1_2102465_2647653_1	0.9469991461558550 1KGrel
NA10865 AV_HG02148#haplotype2#0002863:16304803$16712699$HG03492#2#JAHEPH010000288.1_2098270_2432686_1	0.9469981470579617 1KGrel
NA10865 HG03098#1#JAHEPM010000059.1_16676208_17105596_0$HG02300.verkko_filt_pat.fa:haplotype2_0000620_143362344_143769323_1	0.9469969107962718 1KGrel
NA10865 AV_HG01175#haplotype1#0000070:46006269$46414083$HG03098#1#JAHEPM010000059.1_16676208_17105596_0	0.9469843766929235 1KGrel
NA10865 HG005#1#JAHEPO010000002.1_51519219_51926067_0$HG02145#1#JAHKSG010000134.1_2102465_2647653_1	0.9469709387837822 1KGrel
NA10865 chr1_hg38_103456064_103863972_0$HG03098#1#JAHEPM010000059.1_16676208_17105596_0	0.9469531847338382 1KGrel
NA10865 chr1_hg19_103998686_104406594_0$HG03098#1#JAHEPM010000059.1_16676208_17105596_0	0.9469531847338382 1KGrel
NA10865 HG02109#1#JAHEPG010000026.1_16673035_17080816_0$HG03098#1#JAHEPM010000059.1_16676208_17105596_0	0.9469530839666225 1KGrel
NA10865 HG03453#2#JAGYVV010000088.1_22597550_23005370_1$HG03098#1#JAHEPM010000059.1_16676208_17105596_0	0.9469465416077706 1KGrel
NA10865 HG02723#2#JAHEOT010000034.1_19776337_20321518_1$HG02486#2#JAGYVL010000029.1_94163344_94570162_0	0.9469405405265496 1KGrel
NA10865 HG03453#1#JAGYVW010000157.1_2105722_2585000_1$HG01123#2#JAGYYY010000006.1_51579630_51892388_0	0.9469197736014320 1KGrel
NA10865 HG00621#2#JAHBCC010000031.1_16669999_17077865_0$HG03098#1#JAHEPM010000059.1_16676208_17105596_0	0.9469160373816827 1KGrel
NA10865 HG03098#1#JAHEPM010000059.1_16676208_17105596_0$HG02004.verkko_filt_mat.fa:haplotype1_0000022_97828542_98235483_0	0.9469144170783530 1KGrel
NA10865 HG02630#2#JAHAOP010000089.1_16669255_17076135_0$HG02723#2#JAHEOT010000034.1_19776337_20321518_1	0.9469104487179449 1KGrel
NA10865 HG03098#1#JAHEPM010000059.1_16676208_17105596_0$HG005#2#JAHEPN010000023.1_51542210_51950070_0	0.9469003174692997 1KGrel
NA10865 AV_HG02148#haplotype2#0002863:16304803$16712699$HG03098#1#JAHEPM010000059.1_16676208_17105596_0	0.9468507954278563 1KGrel
NA10865 HG02145#1#JAHKSG010000134.1_2102465_2647653_1$HG00741#2#JAHALX010000013.1_51574319_51981226_0	0.9468461025721487 1KGrel
NA10865 HG02723#2#JAHEOT010000034.1_19776337_20321518_1$HG02886#1#JAHAOU010000178.1_62411_469262_0	0.9468457975862667 1KGrel
NA10865 HG02145#1#JAHKSG010000134.1_2102465_2647653_1$HG02486#2#JAGYVL010000029.1_94163344_94570162_0	0.9468183539092624 1KGrel
NA10865 HG02559#2#JAGYVJ010000037.1_52167780_52574597_1$HG02723#2#JAHEOT010000034.1_19776337_20321518_1	0.9468133571072600 1KGrel
NA10865 AV_HG00673#haplotype2#0001165:24014011$24421797$HG02723#2#JAHEOT010000034.1_19776337_20321518_1	0.9467736975155855 1KGrel
NA10865 HG01243#1#JAHEOY010000013.1_90081_424495_0$HG02300.verkko_filt_pat.fa:haplotype2_0000620_143362344_143769323_1	0.9467680818444715 1KGrel
NA10865 HG02886#1#JAHAOU010000178.1_62411_469262_0$HG02145#1#JAHKSG010000134.1_2102465_2647653_1	0.9467357098485562 1KGrel
NA10865 HG02559#2#JAGYVJ010000037.1_52167780_52574597_1$HG02647.verkko_filt_mat.fa:haplotype1_0000002_103892584_104321036_0	0.9467266451151723 1KGrel
NA10865 AV_HG00673#haplotype2#0001165:24014011$24421797$HG02145#1#JAHKSG010000134.1_2102465_2647653_1	0.9467198876014880 1KGrel
NA10865 HG03492#2#JAHEPH010000288.1_2098270_2432686_1$HG02300.verkko_filt_pat.fa:haplotype2_0000620_143362344_143769323_1	0.9466843838163064 1KGrel
NA10865 HG02145#1#JAHKSG010000134.1_2102465_2647653_1$HG02809.verkko_filt_pat.fa:haplotype2_0001251_103421111_103827972_0	0.9466790268914798 1KGrel
NA10865 HG02723#2#JAHEOT010000034.1_19776337_20321518_1$HG03453#2#JAGYVV010000088.1_22597550_23005370_1	0.9466512047201939 1KGrel
NA10865 HG03492#2#JAHEPH010000288.1_2098270_2432686_1$HG01258#2#JAGYYU010000072.1_51562603_51970395_0	0.9466466625918959 1KGrel
NA10865 HG03098#1#JAHEPM010000059.1_16676208_17105596_0$HG02818#1#JAHEOS010000101.1_89626_496613_0	0.9466113168868117 1KGrel
NA10865 HG03492#2#JAHEPH010000288.1_2098270_2432686_1$HG02809.verkko_filt_pat.fa:haplotype2_0001251_103421111_103827972_0	0.9465990426211713 1KGrel
NA10865 AV_HG01175#haplotype1#0000070:46006269$46414083$HG02723#2#JAHEOT010000034.1_19776337_20321518_1	0.9465839657249620 1KGrel
NA10865 HG01243#1#JAHEOY010000013.1_90081_424495_0$HG01258#2#JAGYYU010000072.1_51562603_51970395_0	0.9465750595398228 1KGrel
NA10865 HG02630#1#JAHAOQ010000102.1_16672145_17079089_0$HG03098#1#JAHEPM010000059.1_16676208_17105596_0	0.9465705123459747 1KGrel
NA10865 HG01243#1#JAHEOY010000013.1_90081_424495_0$HG02809.verkko_filt_pat.fa:haplotype2_0001251_103421111_103827972_0	0.9465684170217379 1KGrel
NA10865 HG02622#1#JAHAOO010000002.1_16673678_17080663_0$HG03098#1#JAHEPM010000059.1_16676208_17105596_0	0.9465599436291625 1KGrel
NA10865 AV_HG02257#haplotype2#0001152:102843493$103251377$HG03098#1#JAHEPM010000059.1_16676208_17105596_0	0.9465563799474699 1KGrel
NA10865 HG02145#2#JAHKSF010000206.1_1005292_1413195_1$HG03098#1#JAHEPM010000059.1_16676208_17105596_0	0.9465537354879240 1KGrel
NA10865 HG02717#1#JAHAOS010000015.1_16660311_17067250_0$HG03098#1#JAHEPM010000059.1_16676208_17105596_0	0.9465498893132125 1KGrel
NA10865 HG01109#1#JAHEPA010000099.1_2104245_2511104_1$HG01243#1#JAHEOY010000013.1_90081_424495_0	0.9465411964572088 1KGrel
NA10865 HG01928#1#JAGYVQ010000053.1_16676493_17083407_0$HG02723#2#JAHEOT010000034.1_19776337_20321518_1	0.9465356140755272 1KGrel
NA10865 HG02723#2#JAHEOT010000034.1_19776337_20321518_1$HG02071.verkko_filt_mat.fa:haplotype1_0000041_103610513_104018399_0	0.9465292879780534 1KGrel
NA10865 HG02145#2#JAHKSF010000206.1_1005292_1413195_1$HG02647.verkko_filt_mat.fa:haplotype1_0000002_103892584_104321036_0	0.9465118954360223 1KGrel
NA10865 HG02630#2#JAHAOP010000089.1_16669255_17076135_0$HG02145#1#JAHKSG010000134.1_2102465_2647653_1	0.9464948910142675 1KGrel
NA10865 HG02559#2#JAGYVJ010000037.1_52167780_52574597_1$HG02055#2#JAHEPJ010000017.1_24870122_25298560_1	0.9464846162705758 1KGrel
NA10865 AV_HG02257#haplotype2#0001152:102843493$103251377$HG02647.verkko_filt_mat.fa:haplotype1_0000002_103892584_104321036_0	0.9464820126966377 1KGrel
NA10865 HG03098#1#JAHEPM010000059.1_16676208_17105596_0$NA18906#1#JAHEOO010000054.1_2103477_2510435_1	0.9464789653170987 1KGrel
NA10865 HG01109#1#JAHEPA010000099.1_2104245_2511104_1$HG03492#2#JAHEPH010000288.1_2098270_2432686_1	0.9464787428664183 1KGrel
NA10865 HG02723#1#JAHEOU010000204.1_2102082_2414876_1$HG03453#1#JAGYVW010000157.1_2105722_2585000_1	0.9464739712295841 1KGrel
NA10865 HG005#1#JAHEPO010000002.1_51519219_51926067_0$HG03492#2#JAHEPH010000288.1_2098270_2432686_1	0.9464637311347112 1KGrel
NA10865 AV_HG02257#haplotype2#0001152:102843493$103251377$HG02055#2#JAHEPJ010000017.1_24870122_25298560_1	0.9464565040683697 1KGrel
NA10865 HG03486#1#JAHEOQ010000123.1_16677696_17085575_0$HG02723#2#JAHEOT010000034.1_19776337_20321518_1	0.9464550138395265 1KGrel
NA10865 HG02145#2#JAHKSF010000206.1_1005292_1413195_1$HG02055#2#JAHEPJ010000017.1_24870122_25298560_1	0.9464458335338843 1KGrel
NA10865 HG005#1#JAHEPO010000002.1_51519219_51926067_0$HG01243#1#JAHEOY010000013.1_90081_424495_0	0.9464437277239357 1KGrel
NA10865 HG02723#2#JAHEOT010000034.1_19776337_20321518_1$HG02004.verkko_filt_mat.fa:haplotype1_0000022_97828542_98235483_0	0.9464382299849459 1KGrel
NA10865 HG02145#2#JAHKSF010000206.1_1005292_1413195_1$HG02809.verkko_filt_mat.fa:haplotype1_0000023_94161320_94589755_0	0.9464262401913307 1KGrel
NA10865 AV_HG02148#haplotype2#0002863:16304803$16712699$HG02723#2#JAHEOT010000034.1_19776337_20321518_1	0.9464246745366807 1KGrel
NA10865 HG02723#2#JAHEOT010000034.1_19776337_20321518_1$HG02622#1#JAHAOO010000002.1_16673678_17080663_0	0.9464211943970053 1KGrel
NA10865 HG02723#2#JAHEOT010000034.1_19776337_20321518_1$HG005#2#JAHEPN010000023.1_51542210_51950070_0	0.9464169401068060 1KGrel
NA10865 HG02622#1#JAHAOO010000002.1_16673678_17080663_0$HG02647.verkko_filt_mat.fa:haplotype1_0000002_103892584_104321036_0	0.9464109818347710 1KGrel
NA10865 HG02723#2#JAHEOT010000034.1_19776337_20321518_1$HG01978#2#JAGYVR010000007.1_51532241_51939176_0	0.9464035274171727 1KGrel
NA10865 HG02559#2#JAGYVJ010000037.1_52167780_52574597_1$HG02809.verkko_filt_mat.fa:haplotype1_0000023_94161320_94589755_0	0.9463937273865441 1KGrel
NA10865 HG02723#2#JAHEOT010000034.1_19776337_20321518_1$HG002.verkko_filt_mat.fa:haplotype1_0000005_138228497_138636354_1	0.9463746024239138 1KGrel
NA10865 chr1_hg19_103998686_104406594_0$HG02723#2#JAHEOT010000034.1_19776337_20321518_1	0.9463718621328779 1KGrel
NA10865 HG02723#2#JAHEOT010000034.1_19776337_20321518_1$chr1_hg38_103456064_103863972_0	0.9463718621328779 1KGrel
NA10865 AV_HG02257#haplotype2#0001152:102843493$103251377$HG02809.verkko_filt_mat.fa:haplotype1_0000023_94161320_94589755_0	0.9463562735473661 1KGrel
NA10865 HG02723#2#JAHEOT010000034.1_19776337_20321518_1$HG02109#1#JAHEPG010000026.1_16673035_17080816_0	0.9463448782429896 1KGrel
NA10865 HG02723#2#JAHEOT010000034.1_19776337_20321518_1$HG02818#1#JAHEOS010000101.1_89626_496613_0	0.9463432051398943 1KGrel
NA10865 AV_HG02257#haplotype2#0001152:102843493$103251377$HG02723#2#JAHEOT010000034.1_19776337_20321518_1	0.9463306701561406 1KGrel
NA10865 HG02622#1#JAHAOO010000002.1_16673678_17080663_0$HG02055#2#JAHEPJ010000017.1_24870122_25298560_1	0.9463063583362918 1KGrel
NA10865 HG02055#2#JAHEPJ010000017.1_24870122_25298560_1$HG02818#1#JAHEOS010000101.1_89626_496613_0	0.9462449139002386 1KGrel
NA10865 HG02818#1#JAHEOS010000101.1_89626_496613_0$HG02647.verkko_filt_mat.fa:haplotype1_0000002_103892584_104321036_0	0.9462377120545417 1KGrel
NA10865 HG00621#2#JAHBCC010000031.1_16669999_17077865_0$HG02723#2#JAHEOT010000034.1_19776337_20321518_1	0.9462303490039226 1KGrel
NA10865 HG02723#2#JAHEOT010000034.1_19776337_20321518_1$HG02300.verkko_filt_pat.fa:haplotype2_0000620_143362344_143769323_1	0.9462218887456050 1KGrel
NA10865 HG02630#1#JAHAOQ010000102.1_16672145_17079089_0$HG02647.verkko_filt_mat.fa:haplotype1_0000002_103892584_104321036_0	0.9462218458535148 1KGrel
NA10865 HG02630#1#JAHAOQ010000102.1_16672145_17079089_0$HG02055#2#JAHEPJ010000017.1_24870122_25298560_1	0.9462120532331351 1KGrel
NA10865 HG02717#1#JAHAOS010000015.1_16660311_17067250_0$HG02647.verkko_filt_mat.fa:haplotype1_0000002_103892584_104321036_0	0.9462012005487926 1KGrel
NA10865 HG02559#2#JAGYVJ010000037.1_52167780_52574597_1$HG01243#1#JAHEOY010000013.1_90081_424495_0	0.9461977315988518 1KGrel
NA10865 HG02630#1#JAHAOQ010000102.1_16672145_17079089_0$HG02723#2#JAHEOT010000034.1_19776337_20321518_1	0.9461639792896566 1KGrel
NA10865 HG03453#2#JAGYVV010000088.1_22597550_23005370_1$HG02145#1#JAHKSG010000134.1_2102465_2647653_1	0.9461567786739101 1KGrel
NA10865 AV_HG01175#haplotype1#0000070:46006269$46414083$HG02145#1#JAHKSG010000134.1_2102465_2647653_1	0.9461488456844613 1KGrel
NA10865 HG02717#1#JAHAOS010000015.1_16660311_17067250_0$HG02723#2#JAHEOT010000034.1_19776337_20321518_1	0.9461472998559843 1KGrel
NA10865 HG02559#2#JAGYVJ010000037.1_52167780_52574597_1$HG03492#2#JAHEPH010000288.1_2098270_2432686_1	0.9461350677431715 1KGrel
NA10865 HG02818#1#JAHEOS010000101.1_89626_496613_0$HG02809.verkko_filt_mat.fa:haplotype1_0000023_94161320_94589755_0	0.9461289331249083 1KGrel
NA10865 HG02145#2#JAHKSF010000206.1_1005292_1413195_1$HG02723#2#JAHEOT010000034.1_19776337_20321518_1	0.9461245782462763 1KGrel
NA10865 HG02145#1#JAHKSG010000134.1_2102465_2647653_1$HG002.verkko_filt_mat.fa:haplotype1_0000005_138228497_138636354_1	0.9461084653120684 1KGrel
NA10865 chr1_hg38_103456064_103863972_0$HG02145#1#JAHKSG010000134.1_2102465_2647653_1	0.9461004249168923 1KGrel
NA10865 chr1_hg19_103998686_104406594_0$HG02145#1#JAHKSG010000134.1_2102465_2647653_1	0.9461004249168923 1KGrel
NA10865 HG01243#1#JAHEOY010000013.1_90081_424495_0$HG02717#2#JAHAOR010000006.1_19663827_20070693_1	0.9460968994442518 1KGrel
NA10865 HG02630#1#JAHAOQ010000102.1_16672145_17079089_0$HG02809.verkko_filt_mat.fa:haplotype1_0000023_94161320_94589755_0	0.9460951207813600 1KGrel
NA10865 HG02145#1#JAHKSG010000134.1_2102465_2647653_1$HG02071.verkko_filt_mat.fa:haplotype1_0000041_103610513_104018399_0	0.9460885700707898 1KGrel
NA10865 HG02622#1#JAHAOO010000002.1_16673678_17080663_0$HG02809.verkko_filt_mat.fa:haplotype1_0000023_94161320_94589755_0	0.9460871528284018 1KGrel
NA10865 HG03492#2#JAHEPH010000288.1_2098270_2432686_1$HG02717#2#JAHAOR010000006.1_19663827_20070693_1	0.9460859516194239 1KGrel
NA10865 NA18906#1#JAHEOO010000054.1_2103477_2510435_1$HG02647.verkko_filt_mat.fa:haplotype1_0000002_103892584_104321036_0	0.9460817446830231 1KGrel
NA10865 HG02559#2#JAGYVJ010000037.1_52167780_52574597_1$HG02145#1#JAHKSG010000134.1_2102465_2647653_1	0.9460495537281065 1KGrel
NA10865 NA18906#1#JAHEOO010000054.1_2103477_2510435_1$HG02055#2#JAHEPJ010000017.1_24870122_25298560_1	0.9460475679018813 1KGrel
NA10865 HG01928#1#JAGYVQ010000053.1_16676493_17083407_0$HG02145#1#JAHKSG010000134.1_2102465_2647653_1	0.9460421057475976 1KGrel
NA10865 HG03486#1#JAHEOQ010000123.1_16677696_17085575_0$HG02145#1#JAHKSG010000134.1_2102465_2647653_1	0.9460388871669865 1KGrel
NA10865 HG01978#2#JAGYVR010000007.1_51532241_51939176_0$HG02145#1#JAHKSG010000134.1_2102465_2647653_1	0.9460374827514058 1KGrel
NA10865 HG03492#2#JAHEPH010000288.1_2098270_2432686_1$HG02486#2#JAGYVL010000029.1_94163344_94570162_0	0.9460281235668507 1KGrel
NA10865 HG02109#1#JAHEPG010000026.1_16673035_17080816_0$HG02145#1#JAHKSG010000134.1_2102465_2647653_1	0.9460264066687448 1KGrel
NA10865 HG02723#2#JAHEOT010000034.1_19776337_20321518_1$NA18906#1#JAHEOO010000054.1_2103477_2510435_1	0.9460208645608945 1KGrel
NA10865 NA18906#1#JAHEOO010000054.1_2103477_2510435_1$HG02809.verkko_filt_mat.fa:haplotype1_0000023_94161320_94589755_0	0.9460194989892337 1KGrel
NA10865 HG01243#1#JAHEOY010000013.1_90081_424495_0$HG02486#2#JAGYVL010000029.1_94163344_94570162_0	0.9460182411585394 1KGrel
NA10865 HG02717#1#JAHAOS010000015.1_16660311_17067250_0$HG02055#2#JAHEPJ010000017.1_24870122_25298560_1	0.9460134080127239 1KGrel
NA10865 HG01243#1#JAHEOY010000013.1_90081_424495_0$HG00741#2#JAHALX010000013.1_51574319_51981226_0	0.9459958408773059 1KGrel
NA10865 HG03492#2#JAHEPH010000288.1_2098270_2432686_1$HG00741#2#JAHALX010000013.1_51574319_51981226_0	0.9459951407302760 1KGrel
NA10865 HG03492#2#JAHEPH010000288.1_2098270_2432686_1$HG01123#1#JAGYYZ010000015.1_51528240_51935090_0	0.9459908916641827 1KGrel
NA10865 HG005#2#JAHEPN010000023.1_51542210_51950070_0$HG02145#1#JAHKSG010000134.1_2102465_2647653_1	0.9459794656282730 1KGrel
NA10865 HG02886#1#JAHAOU010000178.1_62411_469262_0$HG01243#1#JAHEOY010000013.1_90081_424495_0	0.9459685312880489 1KGrel
NA10865 HG03492#2#JAHEPH010000288.1_2098270_2432686_1$HG02886#1#JAHAOU010000178.1_62411_469262_0	0.9459680259479535 1KGrel
NA10865 HG02145#1#JAHKSG010000134.1_2102465_2647653_1$HG02004.verkko_filt_mat.fa:haplotype1_0000022_97828542_98235483_0	0.9459559968618356 1KGrel
NA10865 HG01123#1#JAGYYZ010000015.1_51528240_51935090_0$HG01243#1#JAHEOY010000013.1_90081_424495_0	0.9459297138040372 1KGrel
NA10865 HG00621#2#JAHBCC010000031.1_16669999_17077865_0$HG02145#1#JAHKSG010000134.1_2102465_2647653_1	0.9459148413464454 1KGrel
NA10865 HG02717#1#JAHAOS010000015.1_16660311_17067250_0$HG02809.verkko_filt_mat.fa:haplotype1_0000023_94161320_94589755_0	0.9459129087755402 1KGrel
NA10865 AV_HG02148#haplotype2#0002863:16304803$16712699$HG02145#1#JAHKSG010000134.1_2102465_2647653_1	0.9459071401105608 1KGrel
NA10865 HG02630#1#JAHAOQ010000102.1_16672145_17079089_0$HG02145#1#JAHKSG010000134.1_2102465_2647653_1	0.9458891205911346 1KGrel
NA10865 HG02145#1#JAHKSG010000134.1_2102465_2647653_1$HG02300.verkko_filt_pat.fa:haplotype2_0000620_143362344_143769323_1	0.9458656832520327 1KGrel
NA10865 HG02145#1#JAHKSG010000134.1_2102465_2647653_1$HG02818#1#JAHEOS010000101.1_89626_496613_0	0.9458573593961485 1KGrel
NA10865 AV_HG02257#haplotype2#0001152:102843493$103251377$HG02145#1#JAHKSG010000134.1_2102465_2647653_1	0.9458278030857069 1KGrel
NA10865 HG02622#1#JAHAOO010000002.1_16673678_17080663_0$HG02145#1#JAHKSG010000134.1_2102465_2647653_1	0.9457550914687062 1KGrel
NA10865 HG02145#2#JAHKSF010000206.1_1005292_1413195_1$HG02145#1#JAHKSG010000134.1_2102465_2647653_1	0.9457459434445608 1KGrel
NA10865 NA18906#1#JAHEOO010000054.1_2103477_2510435_1$HG02145#1#JAHKSG010000134.1_2102465_2647653_1	0.9457457960389961 1KGrel
NA10865 HG02717#1#JAHAOS010000015.1_16660311_17067250_0$HG02145#1#JAHKSG010000134.1_2102465_2647653_1	0.9457432944069416 1KGrel
NA10865 AV_HG01106#haplotype1#0000048:16666181$17262214$HG02004.verkko_filt_pat.fa:haplotype2_0000813_139386576_140076845_1	0.9456821219642818 1KGrel
NA10865 chr1_chm13_103304997_103901127_0$HG02004.verkko_filt_pat.fa:haplotype2_0000813_139386576_140076845_1	0.9454895241538203 1KGrel
NA10865 HG03492#1#JAHEPI010000180.1_2103395_2543326_1$HG002.verkko_filt_pat.fa:haplotype2_0000649_147937390_148315979_1	0.9454260189687114 1KGrel
NA10865 HG03453#1#JAGYVW010000157.1_2105722_2585000_1$HG02647.verkko_filt_pat.fa:haplotype2_0000857_103738150_104051769_0	0.9453657990268113 1KGrel
NA10865 HG03453#1#JAGYVW010000157.1_2105722_2585000_1$HG03579#2#JAGYVT010000094.1_51581892_51895531_0	0.9453447561760995 1KGrel
NA10865 HG03453#1#JAGYVW010000157.1_2105722_2585000_1$HG01891#1#JAGYVO010000014.1_22855818_23168577_1	0.9451206283749333 1KGrel
NA10865 HG03492#2#JAHEPH010000288.1_2098270_2432686_1$HG02622#1#JAHAOO010000002.1_16673678_17080663_0	0.9451026733641564 1KGrel
NA10865 HG02622#1#JAHAOO010000002.1_16673678_17080663_0$HG01243#1#JAHEOY010000013.1_90081_424495_0	0.9450723353885490 1KGrel
NA10865 AV_HG02257#haplotype2#0001152:102843493$103251377$HG03492#2#JAHEPH010000288.1_2098270_2432686_1	0.9450296752264542 1KGrel
NA10865 AV_HG02257#haplotype2#0001152:102843493$103251377$HG01243#1#JAHEOY010000013.1_90081_424495_0	0.9449887514160877 1KGrel
NA10865 HG03492#2#JAHEPH010000288.1_2098270_2432686_1$HG02145#2#JAHKSF010000206.1_1005292_1413195_1	0.9449216482608819 1KGrel
NA10865 HG02145#2#JAHKSF010000206.1_1005292_1413195_1$HG01243#1#JAHEOY010000013.1_90081_424495_0	0.9449118184991965 1KGrel
NA10865 HG03492#2#JAHEPH010000288.1_2098270_2432686_1$HG02818#1#JAHEOS010000101.1_89626_496613_0	0.9447745312572295 1KGrel
NA10865 HG01243#1#JAHEOY010000013.1_90081_424495_0$HG02818#1#JAHEOS010000101.1_89626_496613_0	0.9447233329840707 1KGrel
NA10865 HG02717#1#JAHAOS010000015.1_16660311_17067250_0$HG03492#2#JAHEPH010000288.1_2098270_2432686_1	0.9446685365568774 1KGrel
NA10865 HG02717#1#JAHAOS010000015.1_16660311_17067250_0$HG01243#1#JAHEOY010000013.1_90081_424495_0	0.9446378902729086 1KGrel
NA10865 HG02630#1#JAHAOQ010000102.1_16672145_17079089_0$HG03492#2#JAHEPH010000288.1_2098270_2432686_1	0.9445056815985882 1KGrel
NA10865 HG02630#1#JAHAOQ010000102.1_16672145_17079089_0$HG01243#1#JAHEOY010000013.1_90081_424495_0	0.9444854465111987 1KGrel
NA10865 HG01243#1#JAHEOY010000013.1_90081_424495_0$NA18906#1#JAHEOO010000054.1_2103477_2510435_1	0.9443565140196413 1KGrel
NA10865 HG03492#2#JAHEPH010000288.1_2098270_2432686_1$NA18906#1#JAHEOO010000054.1_2103477_2510435_1	0.9443560070247818 1KGrel
NA10865 HG03492#1#JAHEPI010000180.1_2103395_2543326_1$HG02647.verkko_filt_mat.fa:haplotype1_0000002_103892584_104321036_0	0.9434282423416295 1KGrel
NA10865 HG03492#1#JAHEPI010000180.1_2103395_2543326_1$HG02055#2#JAHEPJ010000017.1_24870122_25298560_1	0.9432861758784361 1KGrel
NA10865 HG03492#1#JAHEPI010000180.1_2103395_2543326_1$HG03098#1#JAHEPM010000059.1_16676208_17105596_0	0.9431335677952393 1KGrel
NA10865 HG03492#1#JAHEPI010000180.1_2103395_2543326_1$HG02809.verkko_filt_mat.fa:haplotype1_0000023_94161320_94589755_0	0.9429580281349719 1KGrel
NA10865 HG00741#1#JAHALY010000007.1_18781197_19307680_1$HG02723#2#JAHEOT010000034.1_19776337_20321518_1	0.9426064828637764 1KGrel
NA10865 HG02723#2#JAHEOT010000034.1_19776337_20321518_1$HG03492#1#JAHEPI010000180.1_2103395_2543326_1	0.9422981904891974 1KGrel
NA10865 HG00741#1#JAHALY010000007.1_18781197_19307680_1$HG02145#1#JAHKSG010000134.1_2102465_2647653_1	0.9422113528744133 1KGrel
NA10865 AV_HG01361#haplotype2#0001322:101872897$102186552$HG01358#1#JAGYZB010000020.1_27445742_27855492_1	0.9419630337907678 1KGrel
NA10865 HG01358#1#JAGYZB010000020.1_27445742_27855492_1$HG03710.verkko_filt_mat.fa:haplotype1_0000029_102593394_102907063_0	0.9419484939838035 1KGrel
NA10865 HG01358#1#JAGYZB010000020.1_27445742_27855492_1$HG00733#1#JAHEPQ010000019.1_46106835_46420495_0	0.9416524879287053 1KGrel
NA10865 HG02886#2#JAHAOT010000031.1_87393_401061_0$HG01358#1#JAGYZB010000020.1_27445742_27855492_1	0.9416159848088705 1KGrel
NA10865 HG03098#2#JAHEPL010000003.1_93803759_94117426_0$HG01358#1#JAGYZB010000020.1_27445742_27855492_1	0.9415825663270567 1KGrel
NA10865 HG01358#1#JAGYZB010000020.1_27445742_27855492_1$HG02293.verkko_filt_mat.fa:haplotype1_0000039_30204405_30517145_1	0.9415089619593403 1KGrel
NA10865 HG00438#2#JAHBCA010000012.1_51513023_51826723_0$HG01358#1#JAGYZB010000020.1_27445742_27855492_1	0.9413809425273271 1KGrel
NA10865 HG03492#1#JAHEPI010000180.1_2103395_2543326_1$HG02145#1#JAHKSG010000134.1_2102465_2647653_1	0.9411627823727373 1KGrel
NA10865 HG03579#2#JAGYVT010000094.1_51581892_51895531_0$HG01358#1#JAGYZB010000020.1_27445742_27855492_1	0.9394359156733653 1KGrel
NA10865 HG01358#1#JAGYZB010000020.1_27445742_27855492_1$HG02647.verkko_filt_pat.fa:haplotype2_0000857_103738150_104051769_0	0.9394006004044072 1KGrel
NA10865 HG02723#1#JAHEOU010000204.1_2102082_2414876_1$HG01358#1#JAGYZB010000020.1_27445742_27855492_1	0.9393208028346662 1KGrel
NA10865 HG01123#2#JAGYYY010000006.1_51579630_51892388_0$HG01358#1#JAGYZB010000020.1_27445742_27855492_1	0.9392574760025407 1KGrel
NA10865 HG01358#1#JAGYZB010000020.1_27445742_27855492_1$HG04228.verkko_filt_pat.fa:haplotype2_0000600_103806749_104119491_0	0.9392453465249585 1KGrel
NA10865 HG01358#1#JAGYZB010000020.1_27445742_27855492_1$HG01891#1#JAGYVO010000014.1_22855818_23168577_1	0.9390800302454229 1KGrel
NA10865 HG02723#2#JAHEOT010000034.1_19776337_20321518_1$HG002.verkko_filt_pat.fa:haplotype2_0000649_147937390_148315979_1	0.9390160310464466 1KGrel
NA10865 HG02109#2#JAHEPF010000078.1_16678387_16991144_0$HG01358#1#JAGYZB010000020.1_27445742_27855492_1	0.9382906852309543 1KGrel
NA10865 HG02145#1#JAHKSG010000134.1_2102465_2647653_1$HG002.verkko_filt_pat.fa:haplotype2_0000649_147937390_148315979_1	0.9382585840735816 1KGrel
NA10865 HG01243#1#JAHEOY010000013.1_90081_424495_0$HG02145#1#JAHKSG010000134.1_2102465_2647653_1	0.9352087423889974 1KGrel
NA10865 HG03492#2#JAHEPH010000288.1_2098270_2432686_1$HG02145#1#JAHKSG010000134.1_2102465_2647653_1	0.9351441654207592 1KGrel
NA10865 HG02723#2#JAHEOT010000034.1_19776337_20321518_1$HG01243#1#JAHEOY010000013.1_90081_424495_0	0.9350288744385826 1KGrel
NA10865 HG03492#2#JAHEPH010000288.1_2098270_2432686_1$HG02723#2#JAHEOT010000034.1_19776337_20321518_1	0.9349924362015956 1KGrel
NA10865 HG03098#1#JAHEPM010000059.1_16676208_17105596_0$HG002.verkko_filt_pat.fa:haplotype2_0000649_147937390_148315979_1	0.9317309858600068 1KGrel
NA10865 HG02647.verkko_filt_mat.fa:haplotype1_0000002_103892584_104321036_0$HG002.verkko_filt_pat.fa:haplotype2_0000649_147937390_148315979_1	0.9313327328742771 1KGrel
NA10865 HG02055#2#JAHEPJ010000017.1_24870122_25298560_1$HG002.verkko_filt_pat.fa:haplotype2_0000649_147937390_148315979_1	0.9312103664198684 1KGrel
NA10865 HG02809.verkko_filt_mat.fa:haplotype1_0000023_94161320_94589755_0$HG002.verkko_filt_pat.fa:haplotype2_0000649_147937390_148315979_1	0.9310557454501479 1KGrel
NA10865 HG01123#1#JAGYYZ010000015.1_51528240_51935090_0$HG03710.verkko_filt_mat.fa:haplotype1_0000029_102593394_102907063_0	0.9297062458071977 1KGrel
NA10865 HG00741#2#JAHALX010000013.1_51574319_51981226_0$HG03710.verkko_filt_mat.fa:haplotype1_0000029_102593394_102907063_0	0.9296819004438508 1KGrel
NA10865 HG02717#2#JAHAOR010000006.1_19663827_20070693_1$HG03710.verkko_filt_mat.fa:haplotype1_0000029_102593394_102907063_0	0.9296133638820416 1KGrel
NA10865 HG005#1#JAHEPO010000002.1_51519219_51926067_0$HG03710.verkko_filt_mat.fa:haplotype1_0000029_102593394_102907063_0	0.9295590100396187 1KGrel
NA10865 AV_HG01361#haplotype2#0001322:101872897$102186552$HG02630#2#JAHAOP010000089.1_16669255_17076135_0	0.9295376915885694 1KGrel
NA10865 HG005#1#JAHEPO010000002.1_51519219_51926067_0$HG03098#2#JAHEPL010000003.1_93803759_94117426_0	0.9295215432307793 1KGrel
NA10865 HG01258#2#JAGYYU010000072.1_51562603_51970395_0$HG03710.verkko_filt_mat.fa:haplotype1_0000029_102593394_102907063_0	0.9295040567327360 1KGrel
NA10865 HG02109#2#JAHEPF010000078.1_16678387_16991144_0$HG03927.verkko_filt_mat.fa:haplotype1_0000009_134765170_135173010_1	0.9294666650134649 1KGrel
NA10865 HG01109#1#JAHEPA010000099.1_2104245_2511104_1$HG03710.verkko_filt_mat.fa:haplotype1_0000029_102593394_102907063_0	0.9294665270666146 1KGrel
NA10865 HG03492#1#JAHEPI010000180.1_2103395_2543326_1$HG03710.verkko_filt_mat.fa:haplotype1_0000029_102593394_102907063_0	0.9294349345098646 1KGrel
NA10865 HG03098#2#JAHEPL010000003.1_93803759_94117426_0$HG02717#2#JAHAOR010000006.1_19663827_20070693_1	0.9293984519921944 1KGrel
NA10865 HG02630#2#JAHAOP010000089.1_16669255_17076135_0$HG03710.verkko_filt_mat.fa:haplotype1_0000029_102593394_102907063_0	0.9293581359068745 1KGrel
NA10865 AV_HG01361#haplotype2#0001322:101872897$102186552$HG01123#1#JAGYYZ010000015.1_51528240_51935090_0	0.9293540535128095 1KGrel
NA10865 HG03098#2#JAHEPL010000003.1_93803759_94117426_0$HG01123#1#JAGYYZ010000015.1_51528240_51935090_0	0.9293257441110413 1KGrel
NA10865 HG01109#1#JAHEPA010000099.1_2104245_2511104_1$HG03098#2#JAHEPL010000003.1_93803759_94117426_0	0.9293230411387583 1KGrel
NA10865 HG03492#1#JAHEPI010000180.1_2103395_2543326_1$HG02293.verkko_filt_mat.fa:haplotype1_0000039_30204405_30517145_1	0.9292980038265670 1KGrel
NA10865 AV_HG01361#haplotype2#0001322:101872897$102186552$HG01109#1#JAHEPA010000099.1_2104245_2511104_1	0.9292685975851166 1KGrel
NA10865 HG03098#2#JAHEPL010000003.1_93803759_94117426_0$HG03492#1#JAHEPI010000180.1_2103395_2543326_1	0.9292199650263868 1KGrel
NA10865 AV_HG01361#haplotype2#0001322:101872897$102186552$HG005#1#JAHEPO010000002.1_51519219_51926067_0	0.9291954753515629 1KGrel
NA10865 HG03098#2#JAHEPL010000003.1_93803759_94117426_0$HG01258#2#JAGYYU010000072.1_51562603_51970395_0	0.9291242897120643 1KGrel
NA10865 HG01258#2#JAGYYU010000072.1_51562603_51970395_0$HG02293.verkko_filt_mat.fa:haplotype1_0000039_30204405_30517145_1	0.9291028735645499 1KGrel
NA10865 AV_HG01361#haplotype2#0001322:101872897$102186552$HG02717#2#JAHAOR010000006.1_19663827_20070693_1	0.9290958582064038 1KGrel
NA10865 HG02630#2#JAHAOP010000089.1_16669255_17076135_0$HG02886#2#JAHAOT010000031.1_87393_401061_0	0.9290772908809128 1KGrel
NA10865 HG03492#1#JAHEPI010000180.1_2103395_2543326_1$HG00733#1#JAHEPQ010000019.1_46106835_46420495_0	0.9290666976553743 1KGrel
NA10865 HG03098#2#JAHEPL010000003.1_93803759_94117426_0$HG00741#2#JAHALX010000013.1_51574319_51981226_0	0.9290430496737149 1KGrel
NA10865 AV_HG01361#haplotype2#0001322:101872897$102186552$HG01258#2#JAGYYU010000072.1_51562603_51970395_0	0.9290344415136379 1KGrel
NA10865 HG02818#2#JAHEOR010000010.1_31775319_32183091_1$HG04228.verkko_filt_pat.fa:haplotype2_0000600_103806749_104119491_0	0.9290242506730563 1KGrel
NA10865 HG04228.verkko_filt_pat.fa:haplotype2_0000600_103806749_104119491_0$HG03927.verkko_filt_mat.fa:haplotype1_0000009_134765170_135173010_1	0.9289945067397298 1KGrel
NA10865 AV_HG01361#haplotype2#0001322:101872897$102186552$HG00741#2#JAHALX010000013.1_51574319_51981226_0	0.9289768051306728 1KGrel
NA10865 HG02723#1#JAHEOU010000204.1_2102082_2414876_1$HG03927.verkko_filt_mat.fa:haplotype1_0000009_134765170_135173010_1	0.9289403852427767 1KGrel
NA10865 HG01258#2#JAGYYU010000072.1_51562603_51970395_0$HG00733#1#JAHEPQ010000019.1_46106835_46420495_0	0.9289001528095198 1KGrel
NA10865 HG02630#2#JAHAOP010000089.1_16669255_17076135_0$HG02293.verkko_filt_mat.fa:haplotype1_0000039_30204405_30517145_1	0.9288968623438950 1KGrel
NA10865 HG01109#1#JAHEPA010000099.1_2104245_2511104_1$HG02886#2#JAHAOT010000031.1_87393_401061_0	0.9288787170057496 1KGrel
NA10865 HG03710.verkko_filt_mat.fa:haplotype1_0000029_102593394_102907063_0$HG02809.verkko_filt_pat.fa:haplotype2_0001251_103421111_103827972_0	0.9288731094201139 1KGrel
NA10865 AV_HG01361#haplotype2#0001322:101872897$102186552$HG03492#1#JAHEPI010000180.1_2103395_2543326_1	0.9288660154950922 1KGrel
NA10865 HG02630#2#JAHAOP010000089.1_16669255_17076135_0$HG03098#2#JAHEPL010000003.1_93803759_94117426_0	0.9288613331277510 1KGrel
NA10865 HG02818#2#JAHEOR010000010.1_31775319_32183091_1$HG02109#2#JAHEPF010000078.1_16678387_16991144_0	0.9288337130831569 1KGrel
NA10865 HG01123#1#JAGYYZ010000015.1_51528240_51935090_0$HG00733#1#JAHEPQ010000019.1_46106835_46420495_0	0.9288308145709214 1KGrel
NA10865 HG01123#1#JAGYYZ010000015.1_51528240_51935090_0$HG02886#2#JAHAOT010000031.1_87393_401061_0	0.9288109886399027 1KGrel
NA10865 HG00733#1#JAHEPQ010000019.1_46106835_46420495_0$HG02717#2#JAHAOR010000006.1_19663827_20070693_1	0.9288088486387641 1KGrel
NA10865 AV_HG01361#haplotype2#0001322:101872897$102186552$HG02486#2#JAGYVL010000029.1_94163344_94570162_0	0.9288064224580527 1KGrel
NA10865 HG005#1#JAHEPO010000002.1_51519219_51926067_0$HG02886#2#JAHAOT010000031.1_87393_401061_0	0.9288058244901594 1KGrel
NA10865 HG03098#2#JAHEPL010000003.1_93803759_94117426_0$HG02809.verkko_filt_pat.fa:haplotype2_0001251_103421111_103827972_0	0.9287880274711865 1KGrel
NA10865 HG01123#2#JAGYYY010000006.1_51579630_51892388_0$HG03927.verkko_filt_mat.fa:haplotype1_0000009_134765170_135173010_1	0.9287705568321684 1KGrel
NA10865 HG02559#1#JAGYVK010000012.1_51505852_51913611_0$HG04228.verkko_filt_pat.fa:haplotype2_0000600_103806749_104119491_0	0.9287666124149818 1KGrel
NA10865 HG00741#2#JAHALX010000013.1_51574319_51981226_0$HG00733#1#JAHEPQ010000019.1_46106835_46420495_0	0.9287461654533563 1KGrel
NA10865 HG02818#2#JAHEOR010000010.1_31775319_32183091_1$HG01123#2#JAGYYY010000006.1_51579630_51892388_0	0.9287175294050628 1KGrel
NA10865 HG02630#2#JAHAOP010000089.1_16669255_17076135_0$HG00733#1#JAHEPQ010000019.1_46106835_46420495_0	0.9287172423761528 1KGrel
NA10865 HG005#1#JAHEPO010000002.1_51519219_51926067_0$HG00733#1#JAHEPQ010000019.1_46106835_46420495_0	0.9287064140210738 1KGrel
NA10865 HG03492#1#JAHEPI010000180.1_2103395_2543326_1$HG02886#2#JAHAOT010000031.1_87393_401061_0	0.9287064094766707 1KGrel
NA10865 AV_HG01361#haplotype2#0001322:101872897$102186552$HG02886#1#JAHAOU010000178.1_62411_469262_0	0.9287004760492028 1KGrel
NA10865 HG01891#1#JAGYVO010000014.1_22855818_23168577_1$HG03927.verkko_filt_mat.fa:haplotype1_0000009_134765170_135173010_1	0.9286966404285510 1KGrel
NA10865 HG03516#2#JAGYYS010000004.1_24452130_24859892_1$HG04228.verkko_filt_pat.fa:haplotype2_0000600_103806749_104119491_0	0.9286767421436372 1KGrel
NA10865 HG005#1#JAHEPO010000002.1_51519219_51926067_0$HG00438#2#JAHBCA010000012.1_51513023_51826723_0	0.9286749446443845 1KGrel
NA10865 HG02109#2#JAHEPF010000078.1_16678387_16991144_0$HG02300.verkko_filt_mat.fa:haplotype1_0000028_144052837_144460586_1	0.9286727227356576 1KGrel
NA10865 HG02818#2#JAHEOR010000010.1_31775319_32183091_1$HG02723#1#JAHEOU010000204.1_2102082_2414876_1	0.9286620960850599 1KGrel
NA10865 HG02886#2#JAHAOT010000031.1_87393_401061_0$HG00741#2#JAHALX010000013.1_51574319_51981226_0	0.9286455197153012 1KGrel
NA10865 HG01123#1#JAGYYZ010000015.1_51528240_51935090_0$HG00438#2#JAHBCA010000012.1_51513023_51826723_0	0.9286209267445771 1KGrel
NA10865 HG02886#2#JAHAOT010000031.1_87393_401061_0$HG01258#2#JAGYYU010000072.1_51562603_51970395_0	0.9285618217755193 1KGrel
NA10865 HG02559#1#JAGYVK010000012.1_51505852_51913611_0$HG01123#2#JAGYYY010000006.1_51579630_51892388_0	0.9285551842429444 1KGrel
NA10865 HG02723#1#JAHEOU010000204.1_2102082_2414876_1$HG02559#1#JAGYVK010000012.1_51505852_51913611_0	0.9285460501097101 1KGrel
NA10865 HG03579#1#JAGYVU010000029.1_91404_499180_0$HG04228.verkko_filt_pat.fa:haplotype2_0000600_103806749_104119491_0	0.9285386879566152 1KGrel
NA10865 HG02717#2#JAHAOR010000006.1_19663827_20070693_1$HG02293.verkko_filt_mat.fa:haplotype1_0000039_30204405_30517145_1	0.9285376564629954 1KGrel
NA10865 HG02630#2#JAHAOP010000089.1_16669255_17076135_0$HG00438#2#JAHBCA010000012.1_51513023_51826723_0	0.9285331227926260 1KGrel
NA10865 HG00438#2#JAHBCA010000012.1_51513023_51826723_0$HG02717#2#JAHAOR010000006.1_19663827_20070693_1	0.9285280676582272 1KGrel
NA10865 AV_HG01361#haplotype2#0001322:101872897$102186552$HG02809.verkko_filt_pat.fa:haplotype2_0001251_103421111_103827972_0	0.9285202873120574 1KGrel
NA10865 HG02559#1#JAGYVK010000012.1_51505852_51913611_0$HG02109#2#JAHEPF010000078.1_16678387_16991144_0	0.9285161574989879 1KGrel
NA10865 HG03927.verkko_filt_mat.fa:haplotype1_0000009_134765170_135173010_1$HG02647.verkko_filt_pat.fa:haplotype2_0000857_103738150_104051769_0	0.9285007636531860 1KGrel
NA10865 HG00438#2#JAHBCA010000012.1_51513023_51826723_0$HG03492#1#JAHEPI010000180.1_2103395_2543326_1	0.9284948168151682 1KGrel
NA10865 HG02886#2#JAHAOT010000031.1_87393_401061_0$HG02717#2#JAHAOR010000006.1_19663827_20070693_1	0.9284816012627194 1KGrel
NA10865 HG02723#1#JAHEOU010000204.1_2102082_2414876_1$HG03516#2#JAGYYS010000004.1_24452130_24859892_1	0.9284796317406877 1KGrel
NA10865 HG02723#1#JAHEOU010000204.1_2102082_2414876_1$HG03579#1#JAGYVU010000029.1_91404_499180_0	0.9284723466415457 1KGrel
NA10865 HG03516#2#JAGYYS010000004.1_24452130_24859892_1$HG02109#2#JAHEPF010000078.1_16678387_16991144_0	0.9284612737102703 1KGrel
NA10865 HG01123#2#JAGYYY010000006.1_51579630_51892388_0$NA19240#1#JAHEOM010000047.1_30103390_30511199_1	0.9284523890407698 1KGrel
NA10865 HG02886#1#JAHAOU010000178.1_62411_469262_0$HG03710.verkko_filt_mat.fa:haplotype1_0000029_102593394_102907063_0	0.9284485425672907 1KGrel
NA10865 HG03579#2#JAGYVT010000094.1_51581892_51895531_0$HG03927.verkko_filt_mat.fa:haplotype1_0000009_134765170_135173010_1	0.9284419861287697 1KGrel
NA10865 HG02109#2#JAHEPF010000078.1_16678387_16991144_0$HG03579#1#JAGYVU010000029.1_91404_499180_0	0.9284305388197434 1KGrel
NA10865 HG02818#2#JAHEOR010000010.1_31775319_32183091_1$HG01891#1#JAGYVO010000014.1_22855818_23168577_1	0.9284183503054104 1KGrel
NA10865 HG01123#2#JAGYYY010000006.1_51579630_51892388_0$HG03516#2#JAGYYS010000004.1_24452130_24859892_1	0.9284179254836987 1KGrel
NA10865 NA19240#1#JAHEOM010000047.1_30103390_30511199_1$HG02109#2#JAHEPF010000078.1_16678387_16991144_0	0.9284157173219847 1KGrel
NA10865 HG00438#2#JAHBCA010000012.1_51513023_51826723_0$HG01258#2#JAGYYU010000072.1_51562603_51970395_0	0.9284072982142878 1KGrel
NA10865 NA19240#1#JAHEOM010000047.1_30103390_30511199_1$HG04228.verkko_filt_pat.fa:haplotype2_0000600_103806749_104119491_0	0.9284040234322343 1KGrel
NA10865 HG02109#2#JAHEPF010000078.1_16678387_16991144_0$HG01099.verkko_filt_mat.fa:haplotype1_0000034_142513097_142920876_1	0.9283979448703281 1KGrel
NA10865 HG005#1#JAHEPO010000002.1_51519219_51926067_0$HG02293.verkko_filt_mat.fa:haplotype1_0000039_30204405_30517145_1	0.9283770798848217 1KGrel
NA10865 HG01123#2#JAGYYY010000006.1_51579630_51892388_0$HG03579#1#JAGYVU010000029.1_91404_499180_0	0.9283508077457653 1KGrel
NA10865 HG00438#2#JAHBCA010000012.1_51513023_51826723_0$HG00741#2#JAHALX010000013.1_51574319_51981226_0	0.9283494505808623 1KGrel
NA10865 HG00741#2#JAHALX010000013.1_51574319_51981226_0$HG02293.verkko_filt_mat.fa:haplotype1_0000039_30204405_30517145_1	0.9283468907253594 1KGrel
NA10865 HG02080#1#JAHEOW010000048.1_16689583_17097287_0$HG02109#2#JAHEPF010000078.1_16678387_16991144_0	0.9283395998157042 1KGrel
NA10865 HG01123#1#JAGYYZ010000015.1_51528240_51935090_0$HG02293.verkko_filt_mat.fa:haplotype1_0000039_30204405_30517145_1	0.9283347341458158 1KGrel
NA10865 HG02723#1#JAHEOU010000204.1_2102082_2414876_1$NA19240#1#JAHEOM010000047.1_30103390_30511199_1	0.9283265019095988 1KGrel
NA10865 AV_HG01361#haplotype1#0000023:101593539$102001341$HG02109#2#JAHEPF010000078.1_16678387_16991144_0	0.9283215525694662 1KGrel
NA10865 HG03516#1#JAGYYT010000012.1_24170958_24578778_1$HG02109#2#JAHEPF010000078.1_16678387_16991144_0	0.9282507824919186 1KGrel
NA10865 HG02109#2#JAHEPF010000078.1_16678387_16991144_0$NA19240#2#JAHEOL010000010.1_37445323_37853017_0	0.9282206196526509 1KGrel
NA10865 HG02886#1#JAHAOU010000178.1_62411_469262_0$HG02293.verkko_filt_mat.fa:haplotype1_0000039_30204405_30517145_1	0.9282148262883887 1KGrel
NA10865 HG02559#1#JAGYVK010000012.1_51505852_51913611_0$HG01891#1#JAGYVO010000014.1_22855818_23168577_1	0.9282072213167960 1KGrel
NA10865 HG02486#2#JAGYVL010000029.1_94163344_94570162_0$HG03710.verkko_filt_mat.fa:haplotype1_0000029_102593394_102907063_0	0.9281983369608388 1KGrel
NA10865 HG02486#2#JAGYVL010000029.1_94163344_94570162_0$HG02293.verkko_filt_mat.fa:haplotype1_0000039_30204405_30517145_1	0.9281664224425593 1KGrel
NA10865 HG02723#1#JAHEOU010000204.1_2102082_2414876_1$HG02300.verkko_filt_mat.fa:haplotype1_0000028_144052837_144460586_1	0.9281572794372457 1KGrel
NA10865 HG03516#2#JAGYYS010000004.1_24452130_24859892_1$HG01891#1#JAGYVO010000014.1_22855818_23168577_1	0.9281168669498393 1KGrel
NA10865 HG03579#1#JAGYVU010000029.1_91404_499180_0$HG01891#1#JAGYVO010000014.1_22855818_23168577_1	0.9280979044070099 1KGrel
NA10865 HG02109#1#JAHEPG010000026.1_16673035_17080816_0$HG03710.verkko_filt_mat.fa:haplotype1_0000029_102593394_102907063_0	0.9280976499202103 1KGrel
NA10865 HG03710.verkko_filt_mat.fa:haplotype1_0000029_102593394_102907063_0$HG03927.verkko_filt_mat.fa:haplotype1_0000009_134765170_135173010_1	0.9280768049156096 1KGrel
NA10865 HG02818#2#JAHEOR010000010.1_31775319_32183091_1$HG03579#2#JAGYVT010000094.1_51581892_51895531_0	0.9280692260785480 1KGrel
NA10865 HG02818#2#JAHEOR010000010.1_31775319_32183091_1$HG02647.verkko_filt_pat.fa:haplotype2_0000857_103738150_104051769_0	0.9280688585035047 1KGrel
NA10865 HG03098#2#JAHEPL010000003.1_93803759_94117426_0$HG02486#2#JAGYVL010000029.1_94163344_94570162_0	0.9280658674286381 1KGrel
NA10865 HG02886#1#JAHAOU010000178.1_62411_469262_0$HG00733#1#JAHEPQ010000019.1_46106835_46420495_0	0.9280485400674338 1KGrel
NA10865 NA19240#1#JAHEOM010000047.1_30103390_30511199_1$HG01891#1#JAGYVO010000014.1_22855818_23168577_1	0.9280474035943609 1KGrel
NA10865 HG03492#1#JAHEPI010000180.1_2103395_2543326_1$HG02109#2#JAHEPF010000078.1_16678387_16991144_0	0.9280329627835646 1KGrel
NA10865 HG02080#1#JAHEOW010000048.1_16689583_17097287_0$HG02723#1#JAHEOU010000204.1_2102082_2414876_1	0.9280263319301367 1KGrel
NA10865 HG02293.verkko_filt_mat.fa:haplotype1_0000039_30204405_30517145_1$HG02809.verkko_filt_pat.fa:haplotype2_0001251_103421111_103827972_0	0.9279861142033562 1KGrel
NA10865 HG03098#2#JAHEPL010000003.1_93803759_94117426_0$HG02886#1#JAHAOU010000178.1_62411_469262_0	0.9279724194564426 1KGrel
NA10865 HG02886#2#JAHAOT010000031.1_87393_401061_0$HG02809.verkko_filt_pat.fa:haplotype2_0001251_103421111_103827972_0	0.9279531115026390 1KGrel
NA10865 HG02723#1#JAHEOU010000204.1_2102082_2414876_1$HG01099.verkko_filt_mat.fa:haplotype1_0000034_142513097_142920876_1	0.9278944133197652 1KGrel
NA10865 HG00733#1#JAHEPQ010000019.1_46106835_46420495_0$HG02809.verkko_filt_pat.fa:haplotype2_0001251_103421111_103827972_0	0.9278784438631433 1KGrel
NA10865 HG02723#1#JAHEOU010000204.1_2102082_2414876_1$NA19240#2#JAHEOL010000010.1_37445323_37853017_0	0.9278714710413819 1KGrel
NA10865 AV_HG01361#haplotype1#0000023:101593539$102001341$HG02723#1#JAHEOU010000204.1_2102082_2414876_1	0.9278536492680460 1KGrel
NA10865 HG03098#2#JAHEPL010000003.1_93803759_94117426_0$HG03927.verkko_filt_mat.fa:haplotype1_0000009_134765170_135173010_1	0.9278517615851782 1KGrel
NA10865 HG03516#2#JAGYYS010000004.1_24452130_24859892_1$HG02647.verkko_filt_pat.fa:haplotype2_0000857_103738150_104051769_0	0.9278495869438010 1KGrel
NA10865 HG02559#1#JAGYVK010000012.1_51505852_51913611_0$HG02647.verkko_filt_pat.fa:haplotype2_0000857_103738150_104051769_0	0.9278454650743961 1KGrel
NA10865 HG01891#1#JAGYVO010000014.1_22855818_23168577_1$HG02300.verkko_filt_mat.fa:haplotype1_0000028_144052837_144460586_1	0.9278291274594866 1KGrel
NA10865 HG01123#2#JAGYYY010000006.1_51579630_51892388_0$HG02300.verkko_filt_mat.fa:haplotype1_0000028_144052837_144460586_1	0.9278231801234792 1KGrel
NA10865 HG03579#2#JAGYVT010000094.1_51581892_51895531_0$HG03516#2#JAGYYS010000004.1_24452130_24859892_1	0.9278143088500923 1KGrel
NA10865 HG02559#1#JAGYVK010000012.1_51505852_51913611_0$HG03579#2#JAGYVT010000094.1_51581892_51895531_0	0.9278102889024127 1KGrel
NA10865 HG02723#1#JAHEOU010000204.1_2102082_2414876_1$HG03516#1#JAGYYT010000012.1_24170958_24578778_1	0.9278069114690876 1KGrel
NA10865 HG02559#2#JAGYVJ010000037.1_52167780_52574597_1$HG03098#2#JAHEPL010000003.1_93803759_94117426_0	0.9278068715044009 1KGrel
NA10865 HG02486#2#JAGYVL010000029.1_94163344_94570162_0$HG00733#1#JAHEPQ010000019.1_46106835_46420495_0	0.9277976599760074 1KGrel
NA10865 HG02818#2#JAHEOR010000010.1_31775319_32183091_1$HG02293.verkko_filt_mat.fa:haplotype1_0000039_30204405_30517145_1	0.9277945966924449 1KGrel
NA10865 HG01123#2#JAGYYY010000006.1_51579630_51892388_0$HG03516#1#JAGYYT010000012.1_24170958_24578778_1	0.9277893130405308 1KGrel
NA10865 AV_HG00673#haplotype2#0001165:24014011$24421797$HG02109#2#JAHEPF010000078.1_16678387_16991144_0	0.9277859221741928 1KGrel
NA10865 HG03098#2#JAHEPL010000003.1_93803759_94117426_0$HG02109#1#JAHEPG010000026.1_16673035_17080816_0	0.9277529676874473 1KGrel
NA10865 HG04228.verkko_filt_pat.fa:haplotype2_0000600_103806749_104119491_0$HG02300.verkko_filt_mat.fa:haplotype1_0000028_144052837_144460586_1	0.9277364991831551 1KGrel
NA10865 HG00438#2#JAHBCA010000012.1_51513023_51826723_0$HG02809.verkko_filt_pat.fa:haplotype2_0001251_103421111_103827972_0	0.9277153998291091 1KGrel
NA10865 HG02559#2#JAGYVJ010000037.1_52167780_52574597_1$HG03710.verkko_filt_mat.fa:haplotype1_0000029_102593394_102907063_0	0.9277142898472579 1KGrel
NA10865 HG02109#1#JAHEPG010000026.1_16673035_17080816_0$HG02293.verkko_filt_mat.fa:haplotype1_0000039_30204405_30517145_1	0.9276955875108251 1KGrel
NA10865 HG02886#2#JAHAOT010000031.1_87393_401061_0$HG02486#2#JAGYVL010000029.1_94163344_94570162_0	0.9276930794690076 1KGrel
NA10865 AV_HG01361#haplotype1#0000023:101593539$102001341$HG01123#2#JAGYYY010000006.1_51579630_51892388_0	0.9276737380281471 1KGrel
NA10865 AV_HG01361#haplotype2#0001322:101872897$102186552$HG02818#2#JAHEOR010000010.1_31775319_32183091_1	0.9276720354672927 1KGrel
NA10865 HG03579#1#JAGYVU010000029.1_91404_499180_0$HG02647.verkko_filt_pat.fa:haplotype2_0000857_103738150_104051769_0	0.9276651181818903 1KGrel
NA10865 NA19240#1#JAHEOM010000047.1_30103390_30511199_1$HG02647.verkko_filt_pat.fa:haplotype2_0000857_103738150_104051769_0	0.9276627065944101 1KGrel
NA10865 AV_HG01361#haplotype2#0001322:101872897$102186552$HG03927.verkko_filt_mat.fa:haplotype1_0000009_134765170_135173010_1	0.9276562939838350 1KGrel
NA10865 HG03579#2#JAGYVT010000094.1_51581892_51895531_0$NA19240#1#JAHEOM010000047.1_30103390_30511199_1	0.9276395541480505 1KGrel
NA10865 HG01123#2#JAGYYY010000006.1_51579630_51892388_0$HG01099.verkko_filt_mat.fa:haplotype1_0000034_142513097_142920876_1	0.9276310587903369 1KGrel
NA10865 HG02080#1#JAHEOW010000048.1_16689583_17097287_0$HG01123#2#JAGYYY010000006.1_51579630_51892388_0	0.9276206085342427 1KGrel
NA10865 HG03579#2#JAGYVT010000094.1_51581892_51895531_0$HG03579#1#JAGYVU010000029.1_91404_499180_0	0.9276181394860002 1KGrel
NA10865 AV_HG01361#haplotype2#0001322:101872897$102186552$HG02109#1#JAHEPG010000026.1_16673035_17080816_0	0.9276157645658453 1KGrel
NA10865 HG01123#2#JAGYYY010000006.1_51579630_51892388_0$NA19240#2#JAHEOL010000010.1_37445323_37853017_0	0.9276073320311472 1KGrel
NA10865 HG02559#1#JAGYVK010000012.1_51505852_51913611_0$HG02293.verkko_filt_mat.fa:haplotype1_0000039_30204405_30517145_1	0.9276062270529617 1KGrel
NA10865 NA19240#2#JAHEOL010000010.1_37445323_37853017_0$HG01891#1#JAGYVO010000014.1_22855818_23168577_1	0.9276033646487182 1KGrel
NA10865 HG02886#1#JAHAOU010000178.1_62411_469262_0$HG02886#2#JAHAOT010000031.1_87393_401061_0	0.9275993122291297 1KGrel
NA10865 AV_HG01361#haplotype1#0000023:101593539$102001341$HG01891#1#JAGYVO010000014.1_22855818_23168577_1	0.9275970608316378 1KGrel
NA10865 HG02080#1#JAHEOW010000048.1_16689583_17097287_0$HG01891#1#JAGYVO010000014.1_22855818_23168577_1	0.9275911471951616 1KGrel
NA10865 HG01891#1#JAGYVO010000014.1_22855818_23168577_1$HG01099.verkko_filt_mat.fa:haplotype1_0000034_142513097_142920876_1	0.9275903384779463 1KGrel
NA10865 HG03516#1#JAGYYT010000012.1_24170958_24578778_1$HG01891#1#JAGYVO010000014.1_22855818_23168577_1	0.9275634154113412 1KGrel
NA10865 HG03927.verkko_filt_mat.fa:haplotype1_0000009_134765170_135173010_1$HG02293.verkko_filt_mat.fa:haplotype1_0000039_30204405_30517145_1	0.9275422653179594 1KGrel
NA10865 HG01123#2#JAGYYY010000006.1_51579630_51892388_0$HG03492#1#JAHEPI010000180.1_2103395_2543326_1	0.9275379701652060 1KGrel
NA10865 HG04228.verkko_filt_pat.fa:haplotype2_0000600_103806749_104119491_0$HG01099.verkko_filt_mat.fa:haplotype1_0000034_142513097_142920876_1	0.9275332585857087 1KGrel
NA10865 HG03492#1#JAHEPI010000180.1_2103395_2543326_1$HG04228.verkko_filt_pat.fa:haplotype2_0000600_103806749_104119491_0	0.9275277220408866 1KGrel
NA10865 HG03579#1#JAGYVU010000029.1_91404_499180_0$HG02293.verkko_filt_mat.fa:haplotype1_0000039_30204405_30517145_1	0.9275204567014584 1KGrel
NA10865 NA19240#2#JAHEOL010000010.1_37445323_37853017_0$HG04228.verkko_filt_pat.fa:haplotype2_0000600_103806749_104119491_0	0.9274868463398207 1KGrel
NA10865 HG01928#1#JAGYVQ010000053.1_16676493_17083407_0$HG02109#2#JAHEPF010000078.1_16678387_16991144_0	0.9274738018244728 1KGrel
NA10865 HG03516#2#JAGYYS010000004.1_24452130_24859892_1$HG02293.verkko_filt_mat.fa:haplotype1_0000039_30204405_30517145_1	0.9274681315705984 1KGrel
NA10865 HG02080#1#JAHEOW010000048.1_16689583_17097287_0$HG04228.verkko_filt_pat.fa:haplotype2_0000600_103806749_104119491_0	0.9274628001175873 1KGrel
NA10865 HG02818#2#JAHEOR010000010.1_31775319_32183091_1$HG03710.verkko_filt_mat.fa:haplotype1_0000029_102593394_102907063_0	0.9274581682660419 1KGrel
NA10865 HG02647.verkko_filt_pat.fa:haplotype2_0000857_103738150_104051769_0$HG02300.verkko_filt_mat.fa:haplotype1_0000028_144052837_144460586_1	0.9274541350052266 1KGrel
NA10865 HG03579#2#JAGYVT010000094.1_51581892_51895531_0$HG02300.verkko_filt_mat.fa:haplotype1_0000028_144052837_144460586_1	0.9274423274017980 1KGrel
NA10865 HG02723#1#JAHEOU010000204.1_2102082_2414876_1$HG03492#1#JAHEPI010000180.1_2103395_2543326_1	0.9274421006161391 1KGrel
NA10865 HG00438#2#JAHBCA010000012.1_51513023_51826723_0$HG02486#2#JAGYVL010000029.1_94163344_94570162_0	0.9274195661225032 1KGrel
NA10865 HG005#2#JAHEPN010000023.1_51542210_51950070_0$HG02109#2#JAHEPF010000078.1_16678387_16991144_0	0.9274158398381041 1KGrel
NA10865 AV_HG01361#haplotype2#0001322:101872897$102186552$HG02559#1#JAGYVK010000012.1_51505852_51913611_0	0.9274118537464582 1KGrel
NA10865 AV_HG01361#haplotype2#0001322:101872897$102186552$HG03579#1#JAGYVU010000029.1_91404_499180_0	0.9274083129571202 1KGrel
NA10865 HG01099.verkko_filt_mat.fa:haplotype1_0000034_142513097_142920876_1$HG02647.verkko_filt_pat.fa:haplotype2_0000857_103738150_104051769_0	0.9274055926854431 1KGrel
NA10865 HG03516#1#JAGYYT010000012.1_24170958_24578778_1$HG04228.verkko_filt_pat.fa:haplotype2_0000600_103806749_104119491_0	0.9273995291779514 1KGrel
NA10865 HG03579#2#JAGYVT010000094.1_51581892_51895531_0$HG01099.verkko_filt_mat.fa:haplotype1_0000034_142513097_142920876_1	0.9273938261020725 1KGrel
NA10865 chr1_hg38_103456064_103863972_0$HG02109#2#JAHEPF010000078.1_16678387_16991144_0	0.9273915035907735 1KGrel
NA10865 chr1_hg19_103998686_104406594_0$HG02109#2#JAHEPF010000078.1_16678387_16991144_0	0.9273915035907735 1KGrel
NA10865 AV_HG01361#haplotype2#0001322:101872897$102186552$HG03516#2#JAGYYS010000004.1_24452130_24859892_1	0.9273910473115359 1KGrel
NA10865 NA19240#1#JAHEOM010000047.1_30103390_30511199_1$HG02293.verkko_filt_mat.fa:haplotype1_0000039_30204405_30517145_1	0.9273887449721202 1KGrel
NA10865 HG01258#2#JAGYYU010000072.1_51562603_51970395_0$HG02109#2#JAHEPF010000078.1_16678387_16991144_0	0.9273802255879895 1KGrel
NA10865 HG03516#1#JAGYYT010000012.1_24170958_24578778_1$HG02647.verkko_filt_pat.fa:haplotype2_0000857_103738150_104051769_0	0.9273795517084983 1KGrel
NA10865 AV_HG01361#haplotype1#0000023:101593539$102001341$HG04228.verkko_filt_pat.fa:haplotype2_0000600_103806749_104119491_0	0.9273736652063578 1KGrel
NA10865 HG02818#2#JAHEOR010000010.1_31775319_32183091_1$HG00733#1#JAHEPQ010000019.1_46106835_46420495_0	0.9273541314990544 1KGrel
NA10865 HG03516#2#JAGYYS010000004.1_24452130_24859892_1$HG03710.verkko_filt_mat.fa:haplotype1_0000029_102593394_102907063_0	0.9273532383655768 1KGrel
NA10865 HG02559#1#JAGYVK010000012.1_51505852_51913611_0$HG03710.verkko_filt_mat.fa:haplotype1_0000029_102593394_102907063_0	0.9273505782308630 1KGrel
NA10865 AV_HG01361#haplotype2#0001322:101872897$102186552$NA19240#1#JAHEOM010000047.1_30103390_30511199_1	0.9273495561937880 1KGrel
NA10865 HG01109#1#JAHEPA010000099.1_2104245_2511104_1$HG00733#1#JAHEPQ010000019.1_46106835_46420495_0	0.9273494018161061 1KGrel
NA10865 NA19240#1#JAHEOM010000047.1_30103390_30511199_1$HG03710.verkko_filt_mat.fa:haplotype1_0000029_102593394_102907063_0	0.9273354009164292 1KGrel
NA10865 HG03492#1#JAHEPI010000180.1_2103395_2543326_1$HG01891#1#JAGYVO010000014.1_22855818_23168577_1	0.9273275111806663 1KGrel
NA10865 HG00733#1#JAHEPQ010000019.1_46106835_46420495_0$HG03927.verkko_filt_mat.fa:haplotype1_0000009_134765170_135173010_1	0.9273256888227281 1KGrel
NA10865 AV_HG01361#haplotype1#0000023:101593539$102001341$HG03579#2#JAGYVT010000094.1_51581892_51895531_0	0.9273174115364513 1KGrel
NA10865 AV_HG01361#haplotype1#0000023:101593539$102001341$HG02647.verkko_filt_pat.fa:haplotype2_0000857_103738150_104051769_0	0.9273173009716993 1KGrel
NA10865 HG02886#1#JAHAOU010000178.1_62411_469262_0$HG00438#2#JAHBCA010000012.1_51513023_51826723_0	0.9273140493895652 1KGrel
NA10865 HG03579#2#JAGYVT010000094.1_51581892_51895531_0$HG03516#1#JAGYYT010000012.1_24170958_24578778_1	0.9273092350911806 1KGrel
NA10865 HG03453#2#JAGYVV010000088.1_22597550_23005370_1$HG02109#2#JAHEPF010000078.1_16678387_16991144_0	0.9273029125194003 1KGrel
NA10865 HG02109#1#JAHEPG010000026.1_16673035_17080816_0$HG00733#1#JAHEPQ010000019.1_46106835_46420495_0	0.9272906948923536 1KGrel
NA10865 HG03579#1#JAGYVU010000029.1_91404_499180_0$HG03710.verkko_filt_mat.fa:haplotype1_0000029_102593394_102907063_0	0.9272646327089906 1KGrel
NA10865 AV_HG00673#haplotype2#0001165:24014011$24421797$HG02723#1#JAHEOU010000204.1_2102082_2414876_1	0.9272585950405182 1KGrel
NA10865 AV_HG01175#haplotype1#0000070:46006269$46414083$HG02109#2#JAHEPF010000078.1_16678387_16991144_0	0.9272518199112145 1KGrel
NA10865 HG01109#1#JAHEPA010000099.1_2104245_2511104_1$HG02293.verkko_filt_mat.fa:haplotype1_0000039_30204405_30517145_1	0.9272249951886428 1KGrel
NA10865 HG02109#2#JAHEPF010000078.1_16678387_16991144_0$HG02004.verkko_filt_mat.fa:haplotype1_0000022_97828542_98235483_0	0.9272132331494620 1KGrel
NA10865 HG005#1#JAHEPO010000002.1_51519219_51926067_0$HG02109#2#JAHEPF010000078.1_16678387_16991144_0	0.9272112655593299 1KGrel
NA10865 AV_HG00673#haplotype2#0001165:24014011$24421797$HG01891#1#JAGYVO010000014.1_22855818_23168577_1	0.9271921558124561 1KGrel
NA10865 HG02559#1#JAGYVK010000012.1_51505852_51913611_0$HG00733#1#JAHEPQ010000019.1_46106835_46420495_0	0.9271893271436185 1KGrel
NA10865 HG02723#1#JAHEOU010000204.1_2102082_2414876_1$HG01258#2#JAGYYU010000072.1_51562603_51970395_0	0.9271832795951023 1KGrel
NA10865 HG01978#2#JAGYVR010000007.1_51532241_51939176_0$HG02109#2#JAHEPF010000078.1_16678387_16991144_0	0.9271819157713164 1KGrel
NA10865 HG02080#1#JAHEOW010000048.1_16689583_17097287_0$HG02647.verkko_filt_pat.fa:haplotype2_0000857_103738150_104051769_0	0.9271568683611227 1KGrel
NA10865 HG03098#2#JAHEPL010000003.1_93803759_94117426_0$HG02300.verkko_filt_mat.fa:haplotype1_0000028_144052837_144460586_1	0.9271527422100583 1KGrel
NA10865 NA19240#2#JAHEOL010000010.1_37445323_37853017_0$HG02647.verkko_filt_pat.fa:haplotype2_0000857_103738150_104051769_0	0.9271463011619971 1KGrel
NA10865 HG01258#2#JAGYYU010000072.1_51562603_51970395_0$HG04228.verkko_filt_pat.fa:haplotype2_0000600_103806749_104119491_0	0.9271415279674564 1KGrel
NA10865 HG01109#1#JAHEPA010000099.1_2104245_2511104_1$HG02109#2#JAHEPF010000078.1_16678387_16991144_0	0.9271335849899262 1KGrel
NA10865 HG02080#1#JAHEOW010000048.1_16689583_17097287_0$HG03579#2#JAGYVT010000094.1_51581892_51895531_0	0.9271332479288947 1KGrel
NA10865 HG01123#1#JAGYYZ010000015.1_51528240_51935090_0$HG02109#2#JAHEPF010000078.1_16678387_16991144_0	0.9271323685331291 1KGrel
NA10865 HG03516#2#JAGYYS010000004.1_24452130_24859892_1$HG00733#1#JAHEPQ010000019.1_46106835_46420495_0	0.9271221705914144 1KGrel
NA10865 HG02109#2#JAHEPF010000078.1_16678387_16991144_0$HG002.verkko_filt_mat.fa:haplotype1_0000005_138228497_138636354_1	0.9271163974053707 1KGrel
NA10865 HG03579#2#JAGYVT010000094.1_51581892_51895531_0$NA19240#2#JAHEOL010000010.1_37445323_37853017_0	0.9271110473902423 1KGrel
NA10865 HG02109#1#JAHEPG010000026.1_16673035_17080816_0$HG02886#2#JAHAOT010000031.1_87393_401061_0	0.9270950361967593 1KGrel
NA10865 HG02886#2#JAHAOT010000031.1_87393_401061_0$HG03927.verkko_filt_mat.fa:haplotype1_0000009_134765170_135173010_1	0.9270879374952686 1KGrel
NA10865 NA19240#1#JAHEOM010000047.1_30103390_30511199_1$HG00733#1#JAHEPQ010000019.1_46106835_46420495_0	0.9270660647869211 1KGrel
NA10865 HG03486#1#JAHEOQ010000123.1_16677696_17085575_0$HG02109#2#JAHEPF010000078.1_16678387_16991144_0	0.9270610725781342 1KGrel
NA10865 HG03492#1#JAHEPI010000180.1_2103395_2543326_1$HG02647.verkko_filt_pat.fa:haplotype2_0000857_103738150_104051769_0	0.9270500318225693 1KGrel
NA10865 HG03579#2#JAGYVT010000094.1_51581892_51895531_0$HG03492#1#JAHEPI010000180.1_2103395_2543326_1	0.9270481888303148 1KGrel
NA10865 HG00733#1#JAHEPQ010000019.1_46106835_46420495_0$HG03579#1#JAGYVU010000029.1_91404_499180_0	0.9270443969888396 1KGrel
NA10865 HG02630#2#JAHAOP010000089.1_16669255_17076135_0$HG02109#2#JAHEPF010000078.1_16678387_16991144_0	0.9270375989564090 1KGrel
NA10865 HG02559#2#JAGYVJ010000037.1_52167780_52574597_1$HG00438#2#JAHBCA010000012.1_51513023_51826723_0	0.9270297370929780 1KGrel
NA10865 HG00438#2#JAHBCA010000012.1_51513023_51826723_0$HG02109#1#JAHEPG010000026.1_16673035_17080816_0	0.9270230532524643 1KGrel
NA10865 HG02109#2#JAHEPF010000078.1_16678387_16991144_0$HG02717#2#JAHAOR010000006.1_19663827_20070693_1	0.9270166118551587 1KGrel
NA10865 HG01109#1#JAHEPA010000099.1_2104245_2511104_1$HG00438#2#JAHBCA010000012.1_51513023_51826723_0	0.9270166035728128 1KGrel
NA10865 HG02559#2#JAGYVJ010000037.1_52167780_52574597_1$HG02293.verkko_filt_mat.fa:haplotype1_0000039_30204405_30517145_1	0.9270036588471458 1KGrel
NA10865 HG02723#1#JAHEOU010000204.1_2102082_2414876_1$HG01123#1#JAGYYZ010000015.1_51528240_51935090_0	0.9269707028799703 1KGrel
NA10865 HG02559#2#JAGYVJ010000037.1_52167780_52574597_1$HG00733#1#JAHEPQ010000019.1_46106835_46420495_0	0.9269301240601345 1KGrel
NA10865 HG00438#2#JAHBCA010000012.1_51513023_51826723_0$HG03927.verkko_filt_mat.fa:haplotype1_0000009_134765170_135173010_1	0.9268981554024437 1KGrel
NA10865 HG03098#2#JAHEPL010000003.1_93803759_94117426_0$HG01099.verkko_filt_mat.fa:haplotype1_0000034_142513097_142920876_1	0.9268923857236311 1KGrel
NA10865 HG02630#2#JAHAOP010000089.1_16669255_17076135_0$HG04228.verkko_filt_pat.fa:haplotype2_0000600_103806749_104119491_0	0.9268918889149557 1KGrel
NA10865 HG02109#1#JAHEPG010000026.1_16673035_17080816_0$HG02109#2#JAHEPF010000078.1_16678387_16991144_0	0.9268908419182281 1KGrel
NA10865 HG03710.verkko_filt_mat.fa:haplotype1_0000029_102593394_102907063_0$HG01099.verkko_filt_mat.fa:haplotype1_0000034_142513097_142920876_1	0.9268824698870716 1KGrel
NA10865 HG01928#1#JAGYVQ010000053.1_16676493_17083407_0$HG01891#1#JAGYVO010000014.1_22855818_23168577_1	0.9268802895121577 1KGrel
NA10865 HG00741#2#JAHALX010000013.1_51574319_51981226_0$HG02109#2#JAHEPF010000078.1_16678387_16991144_0	0.9268782430023963 1KGrel
NA10865 AV_HG00673#haplotype2#0001165:24014011$24421797$HG02647.verkko_filt_pat.fa:haplotype2_0000857_103738150_104051769_0	0.9268771690295727 1KGrel
NA10865 HG02818#2#JAHEOR010000010.1_31775319_32183091_1$HG02886#2#JAHAOT010000031.1_87393_401061_0	0.9268685947699427 1KGrel
NA10865 AV_HG01361#haplotype1#0000023:101593539$102001341$HG03710.verkko_filt_mat.fa:haplotype1_0000029_102593394_102907063_0	0.9268651695750513 1KGrel
NA10865 HG02630#2#JAHAOP010000089.1_16669255_17076135_0$HG02647.verkko_filt_pat.fa:haplotype2_0000857_103738150_104051769_0	0.9268608630204739 1KGrel
NA10865 chr1_hg38_103456064_103863972_0$HG01891#1#JAGYVO010000014.1_22855818_23168577_1	0.9268450100283292 1KGrel
NA10865 chr1_hg19_103998686_104406594_0$HG01891#1#JAGYVO010000014.1_22855818_23168577_1	0.9268450100283292 1KGrel
NA10865 HG03516#1#JAGYYT010000012.1_24170958_24578778_1$HG03710.verkko_filt_mat.fa:haplotype1_0000029_102593394_102907063_0	0.9268413581647683 1KGrel
NA10865 HG01123#2#JAGYYY010000006.1_51579630_51892388_0$HG01258#2#JAGYYU010000072.1_51562603_51970395_0	0.9268317804209026 1KGrel
NA10865 HG03579#2#JAGYVT010000094.1_51581892_51895531_0$HG02630#2#JAHAOP010000089.1_16669255_17076135_0	0.9268264548381875 1KGrel
NA10865 HG02109#2#JAHEPF010000078.1_16678387_16991144_0$HG02071.verkko_filt_mat.fa:haplotype1_0000041_103610513_104018399_0	0.9268212467054282 1KGrel
NA10865 HG00621#2#JAHBCC010000031.1_16669999_17077865_0$HG02109#2#JAHEPF010000078.1_16678387_16991144_0	0.9268205795569415 1KGrel
NA10865 AV_HG00673#haplotype2#0001165:24014011$24421797$HG03579#2#JAGYVT010000094.1_51581892_51895531_0	0.9268181687813438 1KGrel
NA10865 HG03710.verkko_filt_mat.fa:haplotype1_0000029_102593394_102907063_0$HG02300.verkko_filt_mat.fa:haplotype1_0000028_144052837_144460586_1	0.9268003862723855 1KGrel
NA10865 HG01258#2#JAGYYU010000072.1_51562603_51970395_0$HG01891#1#JAGYVO010000014.1_22855818_23168577_1	0.9267994122178846 1KGrel
NA10865 AV_HG00673#haplotype2#0001165:24014011$24421797$HG01123#2#JAGYYY010000006.1_51579630_51892388_0	0.9267916271652465 1KGrel
NA10865 HG005#2#JAHEPN010000023.1_51542210_51950070_0$HG01891#1#JAGYVO010000014.1_22855818_23168577_1	0.9267748924447238 1KGrel
NA10865 HG01928#1#JAGYVQ010000053.1_16676493_17083407_0$HG02647.verkko_filt_pat.fa:haplotype2_0000857_103738150_104051769_0	0.9267670647248664 1KGrel
NA10865 HG01109#1#JAHEPA010000099.1_2104245_2511104_1$HG02647.verkko_filt_pat.fa:haplotype2_0000857_103738150_104051769_0	0.9267573030513855 1KGrel
NA10865 AV_HG01361#haplotype1#0000023:101593539$102001341$HG03098#2#JAHEPL010000003.1_93803759_94117426_0	0.9267334791475875 1KGrel
NA10865 HG01928#1#JAGYVQ010000053.1_16676493_17083407_0$HG03579#2#JAGYVT010000094.1_51581892_51895531_0	0.9267319620660942 1KGrel
NA10865 HG02723#1#JAHEOU010000204.1_2102082_2414876_1$HG005#1#JAHEPO010000002.1_51519219_51926067_0	0.9267319283634612 1KGrel
NA10865 HG01109#1#JAHEPA010000099.1_2104245_2511104_1$HG03579#2#JAGYVT010000094.1_51581892_51895531_0	0.9267229308659580 1KGrel
NA10865 HG03098#2#JAHEPL010000003.1_93803759_94117426_0$NA19240#2#JAHEOL010000010.1_37445323_37853017_0	0.9267191676406549 1KGrel
NA10865 HG03098#2#JAHEPL010000003.1_93803759_94117426_0$HG03516#1#JAGYYT010000012.1_24170958_24578778_1	0.9267106329395908 1KGrel
NA10865 HG02622#1#JAHAOO010000002.1_16673678_17080663_0$HG03710.verkko_filt_mat.fa:haplotype1_0000029_102593394_102907063_0	0.9267031021932163 1KGrel
NA10865 HG02559#1#JAGYVK010000012.1_51505852_51913611_0$HG02886#2#JAHAOT010000031.1_87393_401061_0	0.9267021860124584 1KGrel
NA10865 HG02293.verkko_filt_mat.fa:haplotype1_0000039_30204405_30517145_1$HG02300.verkko_filt_mat.fa:haplotype1_0000028_144052837_144460586_1	0.9266802838173441 1KGrel
NA10865 HG01978#2#JAGYVR010000007.1_51532241_51939176_0$HG02647.verkko_filt_pat.fa:haplotype2_0000857_103738150_104051769_0	0.9266643074219384 1KGrel
NA10865 HG02004.verkko_filt_mat.fa:haplotype1_0000022_97828542_98235483_0$HG02647.verkko_filt_pat.fa:haplotype2_0000857_103738150_104051769_0	0.9266602136776169 1KGrel
NA10865 HG02886#2#JAHAOT010000031.1_87393_401061_0$HG03516#2#JAGYYS010000004.1_24452130_24859892_1	0.9266577330503881 1KGrel
NA10865 HG02630#2#JAHAOP010000089.1_16669255_17076135_0$HG01891#1#JAGYVO010000014.1_22855818_23168577_1	0.9266564334255187 1KGrel
NA10865 HG02080#1#JAHEOW010000048.1_16689583_17097287_0$HG03098#2#JAHEPL010000003.1_93803759_94117426_0	0.9266556505594629 1KGrel
NA10865 HG02818#1#JAHEOS010000101.1_89626_496613_0$HG03710.verkko_filt_mat.fa:haplotype1_0000029_102593394_102907063_0	0.9266347729191405 1KGrel
NA10865 HG03579#2#JAGYVT010000094.1_51581892_51895531_0$HG02004.verkko_filt_mat.fa:haplotype1_0000022_97828542_98235483_0	0.9266251044968654 1KGrel
NA10865 AV_HG02148#haplotype2#0002863:16304803$16712699$HG02109#2#JAHEPF010000078.1_16678387_16991144_0	0.9266239722220452 1KGrel
NA10865 HG01099.verkko_filt_mat.fa:haplotype1_0000034_142513097_142920876_1$HG02293.verkko_filt_mat.fa:haplotype1_0000039_30204405_30517145_1	0.9266203150111728 1KGrel
NA10865 HG02723#1#JAHEOU010000204.1_2102082_2414876_1$HG02717#2#JAHAOR010000006.1_19663827_20070693_1	0.9266194852511009 1KGrel
NA10865 HG02886#2#JAHAOT010000031.1_87393_401061_0$NA19240#1#JAHEOM010000047.1_30103390_30511199_1	0.9266164755496490 1KGrel
NA10865 HG02886#2#JAHAOT010000031.1_87393_401061_0$HG03579#1#JAGYVU010000029.1_91404_499180_0	0.9266161818237404 1KGrel
NA10865 HG03579#2#JAGYVT010000094.1_51581892_51895531_0$HG01978#2#JAGYVR010000007.1_51532241_51939176_0	0.9266053586528284 1KGrel
NA10865 HG005#1#JAHEPO010000002.1_51519219_51926067_0$HG02647.verkko_filt_pat.fa:haplotype2_0000857_103738150_104051769_0	0.9266000142360156 1KGrel
NA10865 HG01109#1#JAHEPA010000099.1_2104245_2511104_1$HG01891#1#JAGYVO010000014.1_22855818_23168577_1	0.9265998835452193 1KGrel
NA10865 HG01123#1#JAGYYZ010000015.1_51528240_51935090_0$HG04228.verkko_filt_pat.fa:haplotype2_0000600_103806749_104119491_0	0.9265756844798463 1KGrel
NA10865 HG01123#1#JAGYYZ010000015.1_51528240_51935090_0$HG01891#1#JAGYVO010000014.1_22855818_23168577_1	0.9265749162158671 1KGrel
NA10865 HG005#1#JAHEPO010000002.1_51519219_51926067_0$HG01891#1#JAGYVO010000014.1_22855818_23168577_1	0.9265716682951254 1KGrel
NA10865 HG01978#2#JAGYVR010000007.1_51532241_51939176_0$HG01891#1#JAGYVO010000014.1_22855818_23168577_1	0.9265644165411447 1KGrel
NA10865 HG02717#2#JAHAOR010000006.1_19663827_20070693_1$HG04228.verkko_filt_pat.fa:haplotype2_0000600_103806749_104119491_0	0.9265539773566210 1KGrel
NA10865 HG01891#1#JAGYVO010000014.1_22855818_23168577_1$HG02004.verkko_filt_mat.fa:haplotype1_0000022_97828542_98235483_0	0.9265486937576420 1KGrel
NA10865 HG005#1#JAHEPO010000002.1_51519219_51926067_0$HG03579#2#JAGYVT010000094.1_51581892_51895531_0	0.9265420700095301 1KGrel
NA10865 HG005#1#JAHEPO010000002.1_51519219_51926067_0$HG04228.verkko_filt_pat.fa:haplotype2_0000600_103806749_104119491_0	0.9265370239916842 1KGrel
NA10865 HG02717#2#JAHAOR010000006.1_19663827_20070693_1$HG02647.verkko_filt_pat.fa:haplotype2_0000857_103738150_104051769_0	0.9265345720794255 1KGrel
NA10865 HG01258#2#JAGYYU010000072.1_51562603_51970395_0$HG02647.verkko_filt_pat.fa:haplotype2_0000857_103738150_104051769_0	0.9265339355532547 1KGrel
NA10865 HG03516#1#JAGYYT010000012.1_24170958_24578778_1$HG02293.verkko_filt_mat.fa:haplotype1_0000039_30204405_30517145_1	0.9265284989362116 1KGrel
NA10865 AV_HG01361#haplotype2#0001322:101872897$102186552$HG02717#1#JAHAOS010000015.1_16660311_17067250_0	0.9265249697497867 1KGrel
NA10865 HG02723#1#JAHEOU010000204.1_2102082_2414876_1$HG00741#2#JAHALX010000013.1_51574319_51981226_0	0.9265162547622652 1KGrel
NA10865 HG03579#2#JAGYVT010000094.1_51581892_51895531_0$HG02717#2#JAHAOR010000006.1_19663827_20070693_1	0.9265118152016733 1KGrel
NA10865 AV_HG02257#haplotype2#0001152:102843493$103251377$HG03710.verkko_filt_mat.fa:haplotype1_0000029_102593394_102907063_0	0.9265073304455552 1KGrel
NA10865 AV_HG01361#haplotype2#0001322:101872897$102186552$HG02622#1#JAHAOO010000002.1_16673678_17080663_0	0.9265053768805914 1KGrel
NA10865 AV_HG01361#haplotype2#0001322:101872897$102186552$HG02559#2#JAGYVJ010000037.1_52167780_52574597_1	0.9265019840798721 1KGrel
NA10865 HG01123#2#JAGYYY010000006.1_51579630_51892388_0$HG01123#1#JAGYYZ010000015.1_51528240_51935090_0	0.9265012214687459 1KGrel
NA10865 AV_HG01361#haplotype1#0000023:101593539$102001341$HG02293.verkko_filt_mat.fa:haplotype1_0000039_30204405_30517145_1	0.9264965694807038 1KGrel
NA10865 HG03579#2#JAGYVT010000094.1_51581892_51895531_0$HG01258#2#JAGYYU010000072.1_51562603_51970395_0	0.9264877858161763 1KGrel
NA10865 HG02109#2#JAHEPF010000078.1_16678387_16991144_0$HG02809.verkko_filt_pat.fa:haplotype2_0001251_103421111_103827972_0	0.9264835102829670 1KGrel
NA10865 HG02080#1#JAHEOW010000048.1_16689583_17097287_0$HG03710.verkko_filt_mat.fa:haplotype1_0000029_102593394_102907063_0	0.9264805279512212 1KGrel
NA10865 HG02818#2#JAHEOR010000010.1_31775319_32183091_1$HG00438#2#JAHBCA010000012.1_51513023_51826723_0	0.9264790562469579 1KGrel
NA10865 HG02723#1#JAHEOU010000204.1_2102082_2414876_1$HG02630#2#JAHAOP010000089.1_16669255_17076135_0	0.9264762457518152 1KGrel
NA10865 HG01123#1#JAGYYZ010000015.1_51528240_51935090_0$HG02647.verkko_filt_pat.fa:haplotype2_0000857_103738150_104051769_0	0.9264504148031285 1KGrel
NA10865 HG02717#1#JAHAOS010000015.1_16660311_17067250_0$HG03710.verkko_filt_mat.fa:haplotype1_0000029_102593394_102907063_0	0.9264274044115526 1KGrel
NA10865 HG03453#2#JAGYVV010000088.1_22597550_23005370_1$HG01891#1#JAGYVO010000014.1_22855818_23168577_1	0.9264256439002765 1KGrel
NA10865 AV_HG00673#haplotype2#0001165:24014011$24421797$HG04228.verkko_filt_pat.fa:haplotype2_0000600_103806749_104119491_0	0.9264236492541447 1KGrel
NA10865 HG02109#2#JAHEPF010000078.1_16678387_16991144_0$HG02300.verkko_filt_pat.fa:haplotype2_0000620_143362344_143769323_1	0.9264197334598797 1KGrel
NA10865 HG02630#1#JAHAOQ010000102.1_16672145_17079089_0$HG03710.verkko_filt_mat.fa:haplotype1_0000029_102593394_102907063_0	0.9264180398930150 1KGrel
NA10865 HG03579#2#JAGYVT010000094.1_51581892_51895531_0$HG01123#1#JAGYYZ010000015.1_51528240_51935090_0	0.9264159306460754 1KGrel
NA10865 HG005#1#JAHEPO010000002.1_51519219_51926067_0$HG01123#2#JAGYYY010000006.1_51579630_51892388_0	0.9264148523386332 1KGrel
NA10865 HG005#2#JAHEPN010000023.1_51542210_51950070_0$HG02647.verkko_filt_pat.fa:haplotype2_0000857_103738150_104051769_0	0.9264132636237109 1KGrel
NA10865 HG00741#2#JAHALX010000013.1_51574319_51981226_0$HG02647.verkko_filt_pat.fa:haplotype2_0000857_103738150_104051769_0	0.9264079040273379 1KGrel
NA10865 HG03486#1#JAHEOQ010000123.1_16677696_17085575_0$HG01891#1#JAGYVO010000014.1_22855818_23168577_1	0.9263963713778161 1KGrel
NA10865 AV_HG01361#haplotype2#0001322:101872897$102186552$HG02818#1#JAHEOS010000101.1_89626_496613_0	0.9263772277199143 1KGrel
NA10865 chr1_hg38_103456064_103863972_0$HG02647.verkko_filt_pat.fa:haplotype2_0000857_103738150_104051769_0	0.9263759209611773 1KGrel
NA10865 chr1_hg19_103998686_104406594_0$HG02647.verkko_filt_pat.fa:haplotype2_0000857_103738150_104051769_0	0.9263759209611773 1KGrel
NA10865 HG02559#1#JAGYVK010000012.1_51505852_51913611_0$HG00438#2#JAHBCA010000012.1_51513023_51826723_0	0.9263710386009462 1KGrel
NA10865 HG03579#2#JAGYVT010000094.1_51581892_51895531_0$HG00741#2#JAHALX010000013.1_51574319_51981226_0	0.9263619330013653 1KGrel
NA10865 HG02109#1#JAHEPG010000026.1_16673035_17080816_0$HG04228.verkko_filt_pat.fa:haplotype2_0000600_103806749_104119491_0	0.9263577218164190 1KGrel
NA10865 HG01891#1#JAGYVO010000014.1_22855818_23168577_1$HG002.verkko_filt_mat.fa:haplotype1_0000005_138228497_138636354_1	0.9263564766590839 1KGrel
NA10865 HG00741#2#JAHALX010000013.1_51574319_51981226_0$HG01891#1#JAGYVO010000014.1_22855818_23168577_1	0.9263562192058058 1KGrel
NA10865 HG01123#2#JAGYYY010000006.1_51579630_51892388_0$HG00741#2#JAHALX010000013.1_51574319_51981226_0	0.9263509980901296 1KGrel
NA10865 HG00438#2#JAHBCA010000012.1_51513023_51826723_0$HG03516#2#JAGYYS010000004.1_24452130_24859892_1	0.9263499473491889 1KGrel
NA10865 AV_HG01361#haplotype2#0001322:101872897$102186552$HG02630#1#JAHAOQ010000102.1_16672145_17079089_0	0.9263495430120309 1KGrel
NA10865 NA19240#2#JAHEOL010000010.1_37445323_37853017_0$HG03710.verkko_filt_mat.fa:haplotype1_0000029_102593394_102907063_0	0.9263442759582289 1KGrel
NA10865 HG03579#2#JAGYVT010000094.1_51581892_51895531_0$chr1_hg38_103456064_103863972_0	0.9263406893983999 1KGrel
NA10865 HG03579#2#JAGYVT010000094.1_51581892_51895531_0$chr1_hg19_103998686_104406594_0	0.9263406893983999 1KGrel
NA10865 NA19240#2#JAHEOL010000010.1_37445323_37853017_0$HG02293.verkko_filt_mat.fa:haplotype1_0000039_30204405_30517145_1	0.9263393361872826 1KGrel
NA10865 AV_HG01361#haplotype2#0001322:101872897$102186552$NA18906#1#JAHEOO010000054.1_2103477_2510435_1	0.9263385764027543 1KGrel
NA10865 HG02145#2#JAHKSF010000206.1_1005292_1413195_1$HG03710.verkko_filt_mat.fa:haplotype1_0000029_102593394_102907063_0	0.9263342475235011 1KGrel
NA10865 AV_HG01361#haplotype2#0001322:101872897$102186552$AV_HG02257#haplotype2#0001152:102843493$103251377	0.9263325507853840 1KGrel
NA10865 HG03579#2#JAGYVT010000094.1_51581892_51895531_0$HG005#2#JAHEPN010000023.1_51542210_51950070_0	0.9263309717833144 1KGrel
NA10865 HG02080#1#JAHEOW010000048.1_16689583_17097287_0$HG02293.verkko_filt_mat.fa:haplotype1_0000039_30204405_30517145_1	0.9263242157657291 1KGrel
NA10865 NA18906#1#JAHEOO010000054.1_2103477_2510435_1$HG03710.verkko_filt_mat.fa:haplotype1_0000029_102593394_102907063_0	0.9263240293854991 1KGrel
NA10865 HG02717#1#JAHAOS010000015.1_16660311_17067250_0$HG03098#2#JAHEPL010000003.1_93803759_94117426_0	0.9263186656158370 1KGrel
NA10865 HG01123#2#JAGYYY010000006.1_51579630_51892388_0$HG02717#2#JAHAOR010000006.1_19663827_20070693_1	0.9263143606761443 1KGrel
NA10865 AV_HG01175#haplotype1#0000070:46006269$46414083$HG01891#1#JAGYVO010000014.1_22855818_23168577_1	0.9263142550348324 1KGrel
NA10865 HG02717#2#JAHAOR010000006.1_19663827_20070693_1$HG01891#1#JAGYVO010000014.1_22855818_23168577_1	0.9263063450600558 1KGrel
NA10865 AV_HG00673#haplotype2#0001165:24014011$24421797$HG03710.verkko_filt_mat.fa:haplotype1_0000029_102593394_102907063_0	0.9262979583010221 1KGrel
NA10865 HG02723#1#JAHEOU010000204.1_2102082_2414876_1$HG02109#1#JAHEPG010000026.1_16673035_17080816_0	0.9262929751072951 1KGrel
NA10865 HG01123#2#JAGYYY010000006.1_51579630_51892388_0$HG02630#2#JAHAOP010000089.1_16669255_17076135_0	0.9262872704511024 1KGrel
NA10865 AV_HG00673#haplotype2#0001165:24014011$24421797$HG03098#2#JAHEPL010000003.1_93803759_94117426_0	0.9262843714898038 1KGrel
NA10865 HG00438#2#JAHBCA010000012.1_51513023_51826723_0$HG03579#1#JAGYVU010000029.1_91404_499180_0	0.9262732091639609 1KGrel
NA10865 HG03098#2#JAHEPL010000003.1_93803759_94117426_0$HG02622#1#JAHAOO010000002.1_16673678_17080663_0	0.9262658337688282 1KGrel
NA10865 HG03516#1#JAGYYT010000012.1_24170958_24578778_1$HG00733#1#JAHEPQ010000019.1_46106835_46420495_0	0.9262640546334819 1KGrel
NA10865 AV_HG01361#haplotype1#0000023:101593539$102001341$HG00733#1#JAHEPQ010000019.1_46106835_46420495_0	0.9262331702495108 1KGrel
NA10865 HG00438#2#JAHBCA010000012.1_51513023_51826723_0$NA19240#1#JAHEOM010000047.1_30103390_30511199_1	0.9262152483705778 1KGrel
NA10865 HG00733#1#JAHEPQ010000019.1_46106835_46420495_0$HG01099.verkko_filt_mat.fa:haplotype1_0000034_142513097_142920876_1	0.9262029928312892 1KGrel
NA10865 HG01928#1#JAGYVQ010000053.1_16676493_17083407_0$HG03098#2#JAHEPL010000003.1_93803759_94117426_0	0.9261891901832578 1KGrel
NA10865 AV_HG02257#haplotype2#0001152:102843493$103251377$HG03098#2#JAHEPL010000003.1_93803759_94117426_0	0.9261626714303185 1KGrel
NA10865 HG03098#2#JAHEPL010000003.1_93803759_94117426_0$HG02818#1#JAHEOS010000101.1_89626_496613_0	0.9261247136751374 1KGrel
NA10865 HG01123#2#JAGYYY010000006.1_51579630_51892388_0$HG02109#1#JAHEPG010000026.1_16673035_17080816_0	0.9261192947809693 1KGrel
NA10865 HG00741#2#JAHALX010000013.1_51574319_51981226_0$HG04228.verkko_filt_pat.fa:haplotype2_0000600_103806749_104119491_0	0.9261101957414584 1KGrel
NA10865 HG00438#2#JAHBCA010000012.1_51513023_51826723_0$HG02300.verkko_filt_mat.fa:haplotype1_0000028_144052837_144460586_1	0.9261031353863117 1KGrel
NA10865 AV_HG01361#haplotype2#0001322:101872897$102186552$HG02145#2#JAHKSF010000206.1_1005292_1413195_1	0.9261004093578478 1KGrel
NA10865 HG02559#2#JAGYVJ010000037.1_52167780_52574597_1$HG02886#2#JAHAOT010000031.1_87393_401061_0	0.9260980096070335 1KGrel
NA10865 HG02630#1#JAHAOQ010000102.1_16672145_17079089_0$HG03098#2#JAHEPL010000003.1_93803759_94117426_0	0.9260960266487059 1KGrel
NA10865 HG02647.verkko_filt_pat.fa:haplotype2_0000857_103738150_104051769_0$HG002.verkko_filt_mat.fa:haplotype1_0000005_138228497_138636354_1	0.9260891506490166 1KGrel
NA10865 HG03098#2#JAHEPL010000003.1_93803759_94117426_0$HG01978#2#JAGYVR010000007.1_51532241_51939176_0	0.9260721970171062 1KGrel
NA10865 HG03579#2#JAGYVT010000094.1_51581892_51895531_0$HG002.verkko_filt_mat.fa:haplotype1_0000005_138228497_138636354_1	0.9260658372350842 1KGrel
NA10865 HG01891#1#JAGYVO010000014.1_22855818_23168577_1$HG02071.verkko_filt_mat.fa:haplotype1_0000041_103610513_104018399_0	0.9260615178299468 1KGrel
NA10865 HG00621#2#JAHBCC010000031.1_16669999_17077865_0$HG01891#1#JAGYVO010000014.1_22855818_23168577_1	0.9260609079678251 1KGrel
NA10865 HG04228.verkko_filt_pat.fa:haplotype2_0000600_103806749_104119491_0$HG02809.verkko_filt_pat.fa:haplotype2_0001251_103421111_103827972_0	0.9260562894496925 1KGrel
NA10865 HG03453#2#JAGYVV010000088.1_22597550_23005370_1$HG02647.verkko_filt_pat.fa:haplotype2_0000857_103738150_104051769_0	0.9260527133147352 1KGrel
NA10865 HG00733#1#JAHEPQ010000019.1_46106835_46420495_0$HG02300.verkko_filt_mat.fa:haplotype1_0000028_144052837_144460586_1	0.9260497707377984 1KGrel
NA10865 HG03098#2#JAHEPL010000003.1_93803759_94117426_0$NA18906#1#JAHEOO010000054.1_2103477_2510435_1	0.9260491638506729 1KGrel
NA10865 HG03579#2#JAGYVT010000094.1_51581892_51895531_0$HG03453#2#JAGYVV010000088.1_22597550_23005370_1	0.9260296745238941 1KGrel
NA10865 HG02723#1#JAHEOU010000204.1_2102082_2414876_1$HG01109#1#JAHEPA010000099.1_2104245_2511104_1	0.9260095674761387 1KGrel
NA10865 HG02622#1#JAHAOO010000002.1_16673678_17080663_0$HG02886#2#JAHAOT010000031.1_87393_401061_0	0.9260071173957116 1KGrel
NA10865 AV_HG01361#haplotype1#0000023:101593539$102001341$HG00438#2#JAHBCA010000012.1_51513023_51826723_0	0.9260025844664708 1KGrel
NA10865 HG02486#2#JAGYVL010000029.1_94163344_94570162_0$HG04228.verkko_filt_pat.fa:haplotype2_0000600_103806749_104119491_0	0.9259832562481350 1KGrel
NA10865 HG03098#2#JAHEPL010000003.1_93803759_94117426_0$HG02004.verkko_filt_mat.fa:haplotype1_0000022_97828542_98235483_0	0.9259646688873382 1KGrel
NA10865 HG03486#1#JAHEOQ010000123.1_16677696_17085575_0$HG02647.verkko_filt_pat.fa:haplotype2_0000857_103738150_104051769_0	0.9259521666993529 1KGrel
NA10865 HG00438#2#JAHBCA010000012.1_51513023_51826723_0$HG03516#1#JAGYYT010000012.1_24170958_24578778_1	0.9259440299819615 1KGrel
NA10865 HG00438#2#JAHBCA010000012.1_51513023_51826723_0$HG01099.verkko_filt_mat.fa:haplotype1_0000034_142513097_142920876_1	0.9259372623036902 1KGrel
NA10865 HG02717#1#JAHAOS010000015.1_16660311_17067250_0$HG02886#2#JAHAOT010000031.1_87393_401061_0	0.9259209167391892 1KGrel
NA10865 HG03486#1#JAHEOQ010000123.1_16677696_17085575_0$HG03579#2#JAGYVT010000094.1_51581892_51895531_0	0.9259054384693961 1KGrel
NA10865 HG02080#1#JAHEOW010000048.1_16689583_17097287_0$HG00438#2#JAHBCA010000012.1_51513023_51826723_0	0.9259010879108340 1KGrel
NA10865 HG00438#2#JAHBCA010000012.1_51513023_51826723_0$NA19240#2#JAHEOL010000010.1_37445323_37853017_0	0.9258938121557003 1KGrel
NA10865 AV_HG01361#haplotype2#0001322:101872897$102186552$HG02300.verkko_filt_mat.fa:haplotype1_0000028_144052837_144460586_1	0.9258835561897369 1KGrel
NA10865 AV_HG02257#haplotype2#0001152:102843493$103251377$HG02886#2#JAHAOT010000031.1_87393_401061_0	0.9258820730047871 1KGrel
NA10865 HG02886#1#JAHAOU010000178.1_62411_469262_0$HG04228.verkko_filt_pat.fa:haplotype2_0000600_103806749_104119491_0	0.9258786459620989 1KGrel
NA10865 HG02145#2#JAHKSF010000206.1_1005292_1413195_1$HG03098#2#JAHEPL010000003.1_93803759_94117426_0	0.9258598044316338 1KGrel
NA10865 HG02886#2#JAHAOT010000031.1_87393_401061_0$HG02818#1#JAHEOS010000101.1_89626_496613_0	0.9258202657885160 1KGrel
NA10865 AV_HG02148#haplotype2#0002863:16304803$16712699$HG01891#1#JAGYVO010000014.1_22855818_23168577_1	0.9258173681840058 1KGrel
NA10865 HG02723#1#JAHEOU010000204.1_2102082_2414876_1$HG02809.verkko_filt_pat.fa:haplotype2_0001251_103421111_103827972_0	0.9258149855686050 1KGrel
NA10865 AV_HG01175#haplotype1#0000070:46006269$46414083$HG02647.verkko_filt_pat.fa:haplotype2_0000857_103738150_104051769_0	0.9257868118405440 1KGrel
NA10865 HG03098#2#JAHEPL010000003.1_93803759_94117426_0$HG03579#1#JAGYVU010000029.1_91404_499180_0	0.9257842705122747 1KGrel
NA10865 HG02109#1#JAHEPG010000026.1_16673035_17080816_0$HG01891#1#JAGYVO010000014.1_22855818_23168577_1	0.9257785239639783 1KGrel
NA10865 HG02080#1#JAHEOW010000048.1_16689583_17097287_0$HG00733#1#JAHEPQ010000019.1_46106835_46420495_0	0.9257765002057029 1KGrel
NA10865 HG02647.verkko_filt_pat.fa:haplotype2_0000857_103738150_104051769_0$HG02300.verkko_filt_pat.fa:haplotype2_0000620_143362344_143769323_1	0.9257595862756728 1KGrel
NA10865 HG01928#1#JAGYVQ010000053.1_16676493_17083407_0$HG03710.verkko_filt_mat.fa:haplotype1_0000029_102593394_102907063_0	0.9257561558071261 1KGrel
NA10865 HG02622#1#JAHAOO010000002.1_16673678_17080663_0$HG02293.verkko_filt_mat.fa:haplotype1_0000039_30204405_30517145_1	0.9257550882421500 1KGrel
NA10865 AV_HG01175#haplotype1#0000070:46006269$46414083$HG03579#2#JAGYVT010000094.1_51581892_51895531_0	0.9257518216270233 1KGrel
NA10865 chr1_hg19_103998686_104406594_0$HG03098#2#JAHEPL010000003.1_93803759_94117426_0	0.9257489418715459 1KGrel
NA10865 HG03098#2#JAHEPL010000003.1_93803759_94117426_0$chr1_hg38_103456064_103863972_0	0.9257489418715459 1KGrel
NA10865 AV_HG01361#haplotype2#0001322:101872897$102186552$HG01928#1#JAGYVQ010000053.1_16676493_17083407_0	0.9257467768845706 1KGrel
NA10865 HG01978#2#JAGYVR010000007.1_51532241_51939176_0$HG03710.verkko_filt_mat.fa:haplotype1_0000029_102593394_102907063_0	0.9257443840227240 1KGrel
NA10865 HG01928#1#JAGYVQ010000053.1_16676493_17083407_0$HG02886#2#JAHAOT010000031.1_87393_401061_0	0.9257418242010828 1KGrel
NA10865 HG03579#2#JAGYVT010000094.1_51581892_51895531_0$HG02300.verkko_filt_pat.fa:haplotype2_0000620_143362344_143769323_1	0.9257244354964104 1KGrel
NA10865 HG02071.verkko_filt_mat.fa:haplotype1_0000041_103610513_104018399_0$HG02647.verkko_filt_pat.fa:haplotype2_0000857_103738150_104051769_0	0.9257116411808221 1KGrel
NA10865 HG00733#1#JAHEPQ010000019.1_46106835_46420495_0$NA19240#2#JAHEOL010000010.1_37445323_37853017_0	0.9257091786697231 1KGrel
NA10865 HG02145#2#JAHKSF010000206.1_1005292_1413195_1$HG02293.verkko_filt_mat.fa:haplotype1_0000039_30204405_30517145_1	0.9257052968631094 1KGrel
NA10865 HG02723#1#JAHEOU010000204.1_2102082_2414876_1$HG02486#2#JAGYVL010000029.1_94163344_94570162_0	0.9256938887102240 1KGrel
NA10865 HG02004.verkko_filt_mat.fa:haplotype1_0000022_97828542_98235483_0$HG03710.verkko_filt_mat.fa:haplotype1_0000029_102593394_102907063_0	0.9256843757057271 1KGrel
NA10865 HG02818#2#JAHEOR010000010.1_31775319_32183091_1$HG03098#2#JAHEPL010000003.1_93803759_94117426_0	0.9256770039922837 1KGrel
NA10865 HG02647.verkko_filt_pat.fa:haplotype2_0000857_103738150_104051769_0$HG02809.verkko_filt_pat.fa:haplotype2_0001251_103421111_103827972_0	0.9256710643303457 1KGrel
NA10865 HG03098#2#JAHEPL010000003.1_93803759_94117426_0$HG03516#2#JAGYYS010000004.1_24452130_24859892_1	0.9256608833904856 1KGrel
NA10865 HG03579#2#JAGYVT010000094.1_51581892_51895531_0$HG02071.verkko_filt_mat.fa:haplotype1_0000041_103610513_104018399_0	0.9256530092136738 1KGrel
NA10865 HG03098#2#JAHEPL010000003.1_93803759_94117426_0$HG005#2#JAHEPN010000023.1_51542210_51950070_0	0.9256486596714151 1KGrel
NA10865 AV_HG01361#haplotype2#0001322:101872897$102186552$HG01099.verkko_filt_mat.fa:haplotype1_0000034_142513097_142920876_1	0.9256481142617653 1KGrel
NA10865 HG00621#2#JAHBCC010000031.1_16669999_17077865_0$HG02647.verkko_filt_pat.fa:haplotype2_0000857_103738150_104051769_0	0.9256283393603825 1KGrel
NA10865 HG03579#2#JAGYVT010000094.1_51581892_51895531_0$HG02809.verkko_filt_pat.fa:haplotype2_0001251_103421111_103827972_0	0.9256246546477512 1KGrel
NA10865 HG03579#2#JAGYVT010000094.1_51581892_51895531_0$HG02109#1#JAHEPG010000026.1_16673035_17080816_0	0.9256192172076895 1KGrel
NA10865 HG02109#1#JAHEPG010000026.1_16673035_17080816_0$HG02647.verkko_filt_pat.fa:haplotype2_0000857_103738150_104051769_0	0.9256184869237029 1KGrel
NA10865 HG03098#2#JAHEPL010000003.1_93803759_94117426_0$NA19240#1#JAHEOM010000047.1_30103390_30511199_1	0.9256124232229019 1KGrel
NA10865 HG02559#2#JAGYVJ010000037.1_52167780_52574597_1$HG02109#2#JAHEPF010000078.1_16678387_16991144_0	0.9256008697600060 1KGrel
NA10865 HG00621#2#JAHBCC010000031.1_16669999_17077865_0$HG03579#2#JAGYVT010000094.1_51581892_51895531_0	0.9255933979453339 1KGrel
NA10865 HG01891#1#JAGYVO010000014.1_22855818_23168577_1$HG02300.verkko_filt_pat.fa:haplotype2_0000620_143362344_143769323_1	0.9255887653792710 1KGrel
NA10865 AV_HG00673#haplotype2#0001165:24014011$24421797$HG02293.verkko_filt_mat.fa:haplotype1_0000039_30204405_30517145_1	0.9255854445590543 1KGrel
NA10865 HG02559#1#JAGYVK010000012.1_51505852_51913611_0$HG03098#2#JAHEPL010000003.1_93803759_94117426_0	0.9255780891419749 1KGrel
NA10865 AV_HG02148#haplotype2#0002863:16304803$16712699$HG02647.verkko_filt_pat.fa:haplotype2_0000857_103738150_104051769_0	0.9255742858642998 1KGrel
NA10865 HG02109#2#JAHEPF010000078.1_16678387_16991144_0$HG02486#2#JAGYVL010000029.1_94163344_94570162_0	0.9255725971957169 1KGrel
NA10865 HG02630#1#JAHAOQ010000102.1_16672145_17079089_0$HG02886#2#JAHAOT010000031.1_87393_401061_0	0.9255673928534626 1KGrel
NA10865 HG02723#1#JAHEOU010000204.1_2102082_2414876_1$HG02886#1#JAHAOU010000178.1_62411_469262_0	0.9255660941351878 1KGrel
NA10865 AV_HG00673#haplotype2#0001165:24014011$24421797$HG00438#2#JAHBCA010000012.1_51513023_51826723_0	0.9255647546034838 1KGrel
NA10865 AV_HG01361#haplotype2#0001322:101872897$102186552$HG01978#2#JAGYVR010000007.1_51532241_51939176_0	0.9255585942538086 1KGrel
NA10865 AV_HG01361#haplotype2#0001322:101872897$102186552$HG02004.verkko_filt_mat.fa:haplotype1_0000022_97828542_98235483_0	0.9255458171224120 1KGrel
NA10865 HG01123#2#JAGYYY010000006.1_51579630_51892388_0$HG02809.verkko_filt_pat.fa:haplotype2_0001251_103421111_103827972_0	0.9255219280599649 1KGrel
NA10865 AV_HG02148#haplotype2#0002863:16304803$16712699$HG03579#2#JAGYVT010000094.1_51581892_51895531_0	0.9255158288697434 1KGrel
NA10865 HG02886#2#JAHAOT010000031.1_87393_401061_0$NA18906#1#JAHEOO010000054.1_2103477_2510435_1	0.9255087786878197 1KGrel
NA10865 HG01123#2#JAGYYY010000006.1_51579630_51892388_0$HG02486#2#JAGYVL010000029.1_94163344_94570162_0	0.9255081394606079 1KGrel
NA10865 HG03710.verkko_filt_mat.fa:haplotype1_0000029_102593394_102907063_0$HG002.verkko_filt_mat.fa:haplotype1_0000005_138228497_138636354_1	0.9254769734714015 1KGrel
NA10865 HG02886#1#JAHAOU010000178.1_62411_469262_0$HG02647.verkko_filt_pat.fa:haplotype2_0000857_103738150_104051769_0	0.9254692651054081 1KGrel
NA10865 HG03710.verkko_filt_mat.fa:haplotype1_0000029_102593394_102907063_0$HG02300.verkko_filt_pat.fa:haplotype2_0000620_143362344_143769323_1	0.9254653581653278 1KGrel
NA10865 AV_HG00673#haplotype2#0001165:24014011$24421797$HG00733#1#JAHEPQ010000019.1_46106835_46420495_0	0.9254628267406078 1KGrel
NA10865 HG02886#2#JAHAOT010000031.1_87393_401061_0$HG01978#2#JAGYVR010000007.1_51532241_51939176_0	0.9254600603242542 1KGrel
NA10865 HG02145#2#JAHKSF010000206.1_1005292_1413195_1$HG02886#2#JAHAOT010000031.1_87393_401061_0	0.9254486320447104 1KGrel
NA10865 HG02886#1#JAHAOU010000178.1_62411_469262_0$HG02109#2#JAHEPF010000078.1_16678387_16991144_0	0.9254453172593561 1KGrel
NA10865 HG02818#1#JAHEOS010000101.1_89626_496613_0$HG02293.verkko_filt_mat.fa:haplotype1_0000039_30204405_30517145_1	0.9254379649880720 1KGrel
NA10865 HG03486#1#JAHEOQ010000123.1_16677696_17085575_0$HG03710.verkko_filt_mat.fa:haplotype1_0000029_102593394_102907063_0	0.9254375141807432 1KGrel
NA10865 HG02886#2#JAHAOT010000031.1_87393_401061_0$HG02004.verkko_filt_mat.fa:haplotype1_0000022_97828542_98235483_0	0.9254346796199945 1KGrel
NA10865 HG02630#1#JAHAOQ010000102.1_16672145_17079089_0$HG02293.verkko_filt_mat.fa:haplotype1_0000039_30204405_30517145_1	0.9254337407057768 1KGrel
NA10865 HG02486#2#JAGYVL010000029.1_94163344_94570162_0$HG02647.verkko_filt_pat.fa:haplotype2_0000857_103738150_104051769_0	0.9254318044957865 1KGrel
NA10865 HG03579#2#JAGYVT010000094.1_51581892_51895531_0$HG02886#1#JAHAOU010000178.1_62411_469262_0	0.9254227475541972 1KGrel
NA10865 AV_HG02257#haplotype2#0001152:102843493$103251377$HG02293.verkko_filt_mat.fa:haplotype1_0000039_30204405_30517145_1	0.9254168959638384 1KGrel
NA10865 HG01123#2#JAGYYY010000006.1_51579630_51892388_0$HG02886#1#JAHAOU010000178.1_62411_469262_0	0.9254033720188650 1KGrel
NA10865 AV_HG01361#haplotype1#0000023:101593539$102001341$AV_HG01361#haplotype2#0001322:101872897$102186552	0.9253955277094130 1KGrel
NA10865 HG03579#2#JAGYVT010000094.1_51581892_51895531_0$HG02486#2#JAGYVL010000029.1_94163344_94570162_0	0.9253852499624872 1KGrel
NA10865 HG03098#2#JAHEPL010000003.1_93803759_94117426_0$HG002.verkko_filt_mat.fa:haplotype1_0000005_138228497_138636354_1	0.9253811109493864 1KGrel
NA10865 chr1_hg38_103456064_103863972_0$HG03710.verkko_filt_mat.fa:haplotype1_0000029_102593394_102907063_0	0.9253741325607218 1KGrel
NA10865 chr1_hg19_103998686_104406594_0$HG03710.verkko_filt_mat.fa:haplotype1_0000029_102593394_102907063_0	0.9253741325607218 1KGrel
NA10865 AV_HG01361#haplotype2#0001322:101872897$102186552$HG03516#1#JAGYYT010000012.1_24170958_24578778_1	0.9253685566117910 1KGrel
NA10865 AV_HG01175#haplotype1#0000070:46006269$46414083$HG03098#2#JAHEPL010000003.1_93803759_94117426_0	0.9253634677300099 1KGrel
NA10865 HG03453#2#JAGYVV010000088.1_22597550_23005370_1$HG03710.verkko_filt_mat.fa:haplotype1_0000029_102593394_102907063_0	0.9253515090726078 1KGrel
NA10865 HG02486#2#JAGYVL010000029.1_94163344_94570162_0$HG01891#1#JAGYVO010000014.1_22855818_23168577_1	0.9253442847854217 1KGrel
NA10865 AV_HG01361#haplotype2#0001322:101872897$102186552$NA19240#2#JAHEOL010000010.1_37445323_37853017_0	0.9253364653372601 1KGrel
NA10865 HG005#2#JAHEPN010000023.1_51542210_51950070_0$HG03710.verkko_filt_mat.fa:haplotype1_0000029_102593394_102907063_0	0.9253333808004462 1KGrel
NA10865 HG02723#1#JAHEOU010000204.1_2102082_2414876_1$HG01928#1#JAGYVQ010000053.1_16676493_17083407_0	0.9253180959358670 1KGrel
NA10865 HG02723#1#JAHEOU010000204.1_2102082_2414876_1$HG005#2#JAHEPN010000023.1_51542210_51950070_0	0.9253064939549612 1KGrel
NA10865 HG02723#1#JAHEOU010000204.1_2102082_2414876_1$chr1_hg38_103456064_103863972_0	0.9253020808804971 1KGrel
NA10865 HG02723#1#JAHEOU010000204.1_2102082_2414876_1$chr1_hg19_103998686_104406594_0	0.9253020808804971 1KGrel
NA10865 AV_HG01361#haplotype2#0001322:101872897$102186552$HG005#2#JAHEPN010000023.1_51542210_51950070_0	0.9252770448487339 1KGrel
NA10865 HG01243#1#JAHEOY010000013.1_90081_424495_0$HG03098#1#JAHEPM010000059.1_16676208_17105596_0	0.9252425474672035 1KGrel
NA10865 HG01891#1#JAGYVO010000014.1_22855818_23168577_1$HG02809.verkko_filt_pat.fa:haplotype2_0001251_103421111_103827972_0	0.9252423346594019 1KGrel
NA10865 HG03098#2#JAHEPL010000003.1_93803759_94117426_0$HG02300.verkko_filt_pat.fa:haplotype2_0000620_143362344_143769323_1	0.9252398004420048 1KGrel
NA10865 HG02886#1#JAHAOU010000178.1_62411_469262_0$HG01891#1#JAGYVO010000014.1_22855818_23168577_1	0.9252285427799675 1KGrel
NA10865 AV_HG01361#haplotype2#0001322:101872897$102186552$HG03486#1#JAHEOQ010000123.1_16677696_17085575_0	0.9252284926401467 1KGrel
NA10865 AV_HG01175#haplotype1#0000070:46006269$46414083$AV_HG01361#haplotype2#0001322:101872897$102186552	0.9252264755670031 1KGrel
NA10865 HG03486#1#JAHEOQ010000123.1_16677696_17085575_0$HG03098#2#JAHEPL010000003.1_93803759_94117426_0	0.9252245037624781 1KGrel
NA10865 AV_HG01361#haplotype2#0001322:101872897$102186552$chr1_hg38_103456064_103863972_0	0.9252236582159985 1KGrel
NA10865 AV_HG01361#haplotype2#0001322:101872897$102186552$chr1_hg19_103998686_104406594_0	0.9252236582159985 1KGrel
NA10865 AV_HG01361#haplotype2#0001322:101872897$102186552$HG002.verkko_filt_mat.fa:haplotype1_0000005_138228497_138636354_1	0.9252088028859912 1KGrel
NA10865 HG02071.verkko_filt_mat.fa:haplotype1_0000041_103610513_104018399_0$HG03710.verkko_filt_mat.fa:haplotype1_0000029_102593394_102907063_0	0.9251724067874703 1KGrel
NA10865 HG03492#2#JAHEPH010000288.1_2098270_2432686_1$HG03098#1#JAHEPM010000059.1_16676208_17105596_0	0.9251584246290191 1KGrel
NA10865 HG02723#1#JAHEOU010000204.1_2102082_2414876_1$HG002.verkko_filt_mat.fa:haplotype1_0000005_138228497_138636354_1	0.9251458180248079 1KGrel
NA10865 HG03098#2#JAHEPL010000003.1_93803759_94117426_0$HG03453#2#JAGYVV010000088.1_22597550_23005370_1	0.9251388618523597 1KGrel
NA10865 HG02886#2#JAHAOT010000031.1_87393_401061_0$HG02300.verkko_filt_mat.fa:haplotype1_0000028_144052837_144460586_1	0.9251257229180336 1KGrel
NA10865 AV_HG01175#haplotype1#0000070:46006269$46414083$HG02723#1#JAHEOU010000204.1_2102082_2414876_1	0.9251160573333125 1KGrel
NA10865 HG00621#2#JAHBCC010000031.1_16669999_17077865_0$HG03710.verkko_filt_mat.fa:haplotype1_0000029_102593394_102907063_0	0.9251133572736967 1KGrel
NA10865 AV_HG02148#haplotype2#0002863:16304803$16712699$HG03710.verkko_filt_mat.fa:haplotype1_0000029_102593394_102907063_0	0.9251076238070546 1KGrel
NA10865 AV_HG01361#haplotype2#0001322:101872897$102186552$HG02300.verkko_filt_pat.fa:haplotype2_0000620_143362344_143769323_1	0.9251026960659285 1KGrel
NA10865 HG03098#2#JAHEPL010000003.1_93803759_94117426_0$HG02071.verkko_filt_mat.fa:haplotype1_0000041_103610513_104018399_0	0.9250766903265778 1KGrel
NA10865 HG02723#1#JAHEOU010000204.1_2102082_2414876_1$HG03486#1#JAHEOQ010000123.1_16677696_17085575_0	0.9250699560075709 1KGrel
NA10865 HG01109#1#JAHEPA010000099.1_2104245_2511104_1$HG04228.verkko_filt_pat.fa:haplotype2_0000600_103806749_104119491_0	0.9250658250050431 1KGrel
NA10865 HG02723#1#JAHEOU010000204.1_2102082_2414876_1$HG01978#2#JAGYVR010000007.1_51532241_51939176_0	0.9250596118131609 1KGrel
NA10865 HG02886#2#JAHAOT010000031.1_87393_401061_0$HG005#2#JAHEPN010000023.1_51542210_51950070_0	0.9250594998227694 1KGrel
NA10865 AV_HG01361#haplotype2#0001322:101872897$102186552$HG03453#2#JAGYVV010000088.1_22597550_23005370_1	0.9250489912325551 1KGrel
NA10865 HG02723#1#JAHEOU010000204.1_2102082_2414876_1$HG03453#2#JAGYVV010000088.1_22597550_23005370_1	0.9250419193581112 1KGrel
NA10865 AV_HG01175#haplotype1#0000070:46006269$46414083$HG03710.verkko_filt_mat.fa:haplotype1_0000029_102593394_102907063_0	0.9250360868533803 1KGrel
NA10865 HG02723#1#JAHEOU010000204.1_2102082_2414876_1$HG02004.verkko_filt_mat.fa:haplotype1_0000022_97828542_98235483_0	0.9250227485961772 1KGrel
NA10865 AV_HG01361#haplotype2#0001322:101872897$102186552$HG02080#1#JAHEOW010000048.1_16689583_17097287_0	0.9250117684813808 1KGrel
NA10865 HG02622#1#JAHAOO010000002.1_16673678_17080663_0$HG00733#1#JAHEPQ010000019.1_46106835_46420495_0	0.9249953600141672 1KGrel
NA10865 chr1_hg38_103456064_103863972_0$HG02886#2#JAHAOT010000031.1_87393_401061_0	0.9249951534129124 1KGrel
NA10865 chr1_hg19_103998686_104406594_0$HG02886#2#JAHAOT010000031.1_87393_401061_0	0.9249951534129124 1KGrel
NA10865 HG01109#1#JAHEPA010000099.1_2104245_2511104_1$HG01123#2#JAGYYY010000006.1_51579630_51892388_0	0.9249867336853722 1KGrel
NA10865 HG005#2#JAHEPN010000023.1_51542210_51950070_0$HG04228.verkko_filt_pat.fa:haplotype2_0000600_103806749_104119491_0	0.9249699722436445 1KGrel
NA10865 AV_HG01361#haplotype2#0001322:101872897$102186552$HG02071.verkko_filt_mat.fa:haplotype1_0000041_103610513_104018399_0	0.9249514785381756 1KGrel
NA10865 HG02559#2#JAGYVJ010000037.1_52167780_52574597_1$HG02647.verkko_filt_pat.fa:haplotype2_0000857_103738150_104051769_0	0.9249416667510832 1KGrel
NA10865 HG01928#1#JAGYVQ010000053.1_16676493_17083407_0$HG04228.verkko_filt_pat.fa:haplotype2_0000600_103806749_104119491_0	0.9249345970149021 1KGrel
NA10865 HG02723#1#JAHEOU010000204.1_2102082_2414876_1$HG02559#2#JAGYVJ010000037.1_52167780_52574597_1	0.9249326428850773 1KGrel
NA10865 AV_HG02148#haplotype2#0002863:16304803$16712699$HG03098#2#JAHEPL010000003.1_93803759_94117426_0	0.9249298952632908 1KGrel
NA10865 AV_HG01361#haplotype1#0000023:101593539$102001341$HG02886#2#JAHAOT010000031.1_87393_401061_0	0.9249197626593404 1KGrel
NA10865 HG00621#2#JAHBCC010000031.1_16669999_17077865_0$HG03098#2#JAHEPL010000003.1_93803759_94117426_0	0.9249002480176406 1KGrel
NA10865 HG02559#2#JAGYVJ010000037.1_52167780_52574597_1$HG03579#2#JAGYVT010000094.1_51581892_51895531_0	0.9248837752058158 1KGrel
NA10865 HG02886#2#JAHAOT010000031.1_87393_401061_0$HG01099.verkko_filt_mat.fa:haplotype1_0000034_142513097_142920876_1	0.9248784945262660 1KGrel
NA10865 HG02559#2#JAGYVJ010000037.1_52167780_52574597_1$HG01123#2#JAGYYY010000006.1_51579630_51892388_0	0.9248616304050522 1KGrel
NA10865 HG02886#2#JAHAOT010000031.1_87393_401061_0$HG03516#1#JAGYYT010000012.1_24170958_24578778_1	0.9248450649340128 1KGrel
NA10865 HG04228.verkko_filt_pat.fa:haplotype2_0000600_103806749_104119491_0$HG002.verkko_filt_mat.fa:haplotype1_0000005_138228497_138636354_1	0.9248443537080262 1KGrel
NA10865 HG02717#1#JAHAOS010000015.1_16660311_17067250_0$HG02293.verkko_filt_mat.fa:haplotype1_0000039_30204405_30517145_1	0.9248266034815184 1KGrel
NA10865 HG02723#1#JAHEOU010000204.1_2102082_2414876_1$HG02071.verkko_filt_mat.fa:haplotype1_0000041_103610513_104018399_0	0.9248168026190927 1KGrel
NA10865 chr1_hg38_103456064_103863972_0$HG04228.verkko_filt_pat.fa:haplotype2_0000600_103806749_104119491_0	0.9248118692029722 1KGrel
NA10865 chr1_hg19_103998686_104406594_0$HG04228.verkko_filt_pat.fa:haplotype2_0000600_103806749_104119491_0	0.9248118692029722 1KGrel
NA10865 HG00733#1#JAHEPQ010000019.1_46106835_46420495_0$HG02818#1#JAHEOS010000101.1_89626_496613_0	0.9248070991699776 1KGrel
NA10865 AV_HG01361#haplotype2#0001322:101872897$102186552$AV_HG02148#haplotype2#0002863:16304803$16712699	0.9247930352925057 1KGrel
NA10865 AV_HG01361#haplotype2#0001322:101872897$102186552$HG00621#2#JAHBCC010000031.1_16669999_17077865_0	0.9247868169944080 1KGrel
NA10865 HG03453#2#JAGYVV010000088.1_22597550_23005370_1$HG04228.verkko_filt_pat.fa:haplotype2_0000600_103806749_104119491_0	0.9247760955509181 1KGrel
NA10865 HG03486#1#JAHEOQ010000123.1_16677696_17085575_0$HG02886#2#JAHAOT010000031.1_87393_401061_0	0.9247759899202320 1KGrel
NA10865 HG02886#2#JAHAOT010000031.1_87393_401061_0$HG002.verkko_filt_mat.fa:haplotype1_0000005_138228497_138636354_1	0.9247683707220909 1KGrel
NA10865 NA18906#1#JAHEOO010000054.1_2103477_2510435_1$HG02293.verkko_filt_mat.fa:haplotype1_0000039_30204405_30517145_1	0.9247581843228333 1KGrel
NA10865 HG00621#2#JAHBCC010000031.1_16669999_17077865_0$HG02723#1#JAHEOU010000204.1_2102082_2414876_1	0.9247575039720658 1KGrel
NA10865 HG02559#2#JAGYVJ010000037.1_52167780_52574597_1$HG01891#1#JAGYVO010000014.1_22855818_23168577_1	0.9247487918024654 1KGrel
NA10865 HG03453#2#JAGYVV010000088.1_22597550_23005370_1$HG02886#2#JAHAOT010000031.1_87393_401061_0	0.9247134019756690 1KGrel
NA10865 HG01978#2#JAGYVR010000007.1_51532241_51939176_0$HG04228.verkko_filt_pat.fa:haplotype2_0000600_103806749_104119491_0	0.9246993923416426 1KGrel
NA10865 HG03486#1#JAHEOQ010000123.1_16677696_17085575_0$HG04228.verkko_filt_pat.fa:haplotype2_0000600_103806749_104119491_0	0.9246862942221874 1KGrel
NA10865 HG02886#2#JAHAOT010000031.1_87393_401061_0$NA19240#2#JAHEOL010000010.1_37445323_37853017_0	0.9246842900888722 1KGrel
NA10865 AV_HG01175#haplotype1#0000070:46006269$46414083$HG02886#2#JAHAOT010000031.1_87393_401061_0	0.9246800681102320 1KGrel
NA10865 HG04228.verkko_filt_pat.fa:haplotype2_0000600_103806749_104119491_0$HG02004.verkko_filt_mat.fa:haplotype1_0000022_97828542_98235483_0	0.9246745641732127 1KGrel
NA10865 HG02080#1#JAHEOW010000048.1_16689583_17097287_0$HG02886#2#JAHAOT010000031.1_87393_401061_0	0.9246532268847117 1KGrel
NA10865 HG02886#2#JAHAOT010000031.1_87393_401061_0$HG02300.verkko_filt_pat.fa:haplotype2_0000620_143362344_143769323_1	0.9246388074190877 1KGrel
NA10865 AV_HG01175#haplotype1#0000070:46006269$46414083$HG04228.verkko_filt_pat.fa:haplotype2_0000600_103806749_104119491_0	0.9246260166814204 1KGrel
NA10865 HG02630#1#JAHAOQ010000102.1_16672145_17079089_0$HG00733#1#JAHEPQ010000019.1_46106835_46420495_0	0.9246006179340364 1KGrel
NA10865 HG02145#2#JAHKSF010000206.1_1005292_1413195_1$HG00733#1#JAHEPQ010000019.1_46106835_46420495_0	0.9245890822194966 1KGrel
NA10865 HG02622#1#JAHAOO010000002.1_16673678_17080663_0$HG02109#2#JAHEPF010000078.1_16678387_16991144_0	0.9245475009412450 1KGrel
NA10865 HG04228.verkko_filt_pat.fa:haplotype2_0000600_103806749_104119491_0$HG02071.verkko_filt_mat.fa:haplotype1_0000041_103610513_104018399_0	0.9245271896145041 1KGrel
NA10865 HG02886#2#JAHAOT010000031.1_87393_401061_0$HG02071.verkko_filt_mat.fa:haplotype1_0000041_103610513_104018399_0	0.9245224564904200 1KGrel
NA10865 HG02559#2#JAGYVJ010000037.1_52167780_52574597_1$HG04228.verkko_filt_pat.fa:haplotype2_0000600_103806749_104119491_0	0.9245140657716714 1KGrel
NA10865 HG01243#1#JAHEOY010000013.1_90081_424495_0$HG02809.verkko_filt_mat.fa:haplotype1_0000023_94161320_94589755_0	0.9244917836182925 1KGrel
NA10865 HG01243#1#JAHEOY010000013.1_90081_424495_0$HG02055#2#JAHEPJ010000017.1_24870122_25298560_1	0.9244843433830581 1KGrel
NA10865 AV_HG02257#haplotype2#0001152:102843493$103251377$HG00733#1#JAHEPQ010000019.1_46106835_46420495_0	0.9244785973052493 1KGrel
NA10865 AV_HG02148#haplotype2#0002863:16304803$16712699$HG02723#1#JAHEOU010000204.1_2102082_2414876_1	0.9244689337408958 1KGrel
NA10865 HG01243#1#JAHEOY010000013.1_90081_424495_0$HG02647.verkko_filt_mat.fa:haplotype1_0000002_103892584_104321036_0	0.9244588852540180 1KGrel
NA10865 AV_HG02257#haplotype2#0001152:102843493$103251377$HG02109#2#JAHEPF010000078.1_16678387_16991144_0	0.9244391051873772 1KGrel
NA10865 HG03492#2#JAHEPH010000288.1_2098270_2432686_1$HG02809.verkko_filt_mat.fa:haplotype1_0000023_94161320_94589755_0	0.9244388529508180 1KGrel
NA10865 AV_HG00673#haplotype2#0001165:24014011$24421797$HG02886#2#JAHAOT010000031.1_87393_401061_0	0.9244250537674301 1KGrel
NA10865 AV_HG02148#haplotype2#0002863:16304803$16712699$HG02886#2#JAHAOT010000031.1_87393_401061_0	0.9244223627964434 1KGrel
NA10865 HG02145#2#JAHKSF010000206.1_1005292_1413195_1$HG02109#2#JAHEPF010000078.1_16678387_16991144_0	0.9244193057513989 1KGrel
NA10865 HG03492#2#JAHEPH010000288.1_2098270_2432686_1$HG02647.verkko_filt_mat.fa:haplotype1_0000002_103892584_104321036_0	0.9243954890748438 1KGrel
NA10865 HG00438#2#JAHBCA010000012.1_51513023_51826723_0$HG02622#1#JAHAOO010000002.1_16673678_17080663_0	0.9243943086193263 1KGrel
NA10865 HG00621#2#JAHBCC010000031.1_16669999_17077865_0$HG02886#2#JAHAOT010000031.1_87393_401061_0	0.9243692920509695 1KGrel
NA10865 HG03492#2#JAHEPH010000288.1_2098270_2432686_1$HG02055#2#JAHEPJ010000017.1_24870122_25298560_1	0.9243691264889762 1KGrel
NA10865 HG00438#2#JAHBCA010000012.1_51513023_51826723_0$HG02818#1#JAHEOS010000101.1_89626_496613_0	0.9242842445334948 1KGrel
NA10865 HG02723#1#JAHEOU010000204.1_2102082_2414876_1$HG02300.verkko_filt_pat.fa:haplotype2_0000620_143362344_143769323_1	0.9242499834910893 1KGrel
NA10865 AV_HG00673#haplotype2#0001165:24014011$24421797$AV_HG01361#haplotype2#0001322:101872897$102186552	0.9242452574362557 1KGrel
NA10865 HG02717#1#JAHAOS010000015.1_16660311_17067250_0$HG00733#1#JAHEPQ010000019.1_46106835_46420495_0	0.9242425602696661 1KGrel
NA10865 HG02109#2#JAHEPF010000078.1_16678387_16991144_0$HG02818#1#JAHEOS010000101.1_89626_496613_0	0.9242016156980137 1KGrel
NA10865 HG00621#2#JAHBCC010000031.1_16669999_17077865_0$HG04228.verkko_filt_pat.fa:haplotype2_0000600_103806749_104119491_0	0.9241852990748686 1KGrel
NA10865 NA18906#1#JAHEOO010000054.1_2103477_2510435_1$HG00733#1#JAHEPQ010000019.1_46106835_46420495_0	0.9241739966786152 1KGrel
NA10865 HG02717#1#JAHAOS010000015.1_16660311_17067250_0$HG02109#2#JAHEPF010000078.1_16678387_16991144_0	0.9241303989326214 1KGrel
NA10865 HG02630#1#JAHAOQ010000102.1_16672145_17079089_0$HG00438#2#JAHBCA010000012.1_51513023_51826723_0	0.9241222497640648 1KGrel
NA10865 HG02717#1#JAHAOS010000015.1_16660311_17067250_0$HG00438#2#JAHBCA010000012.1_51513023_51826723_0	0.9240724566824090 1KGrel
NA10865 HG02630#1#JAHAOQ010000102.1_16672145_17079089_0$HG02109#2#JAHEPF010000078.1_16678387_16991144_0	0.9240621909353246 1KGrel
NA10865 AV_HG02257#haplotype2#0001152:102843493$103251377$HG00438#2#JAHBCA010000012.1_51513023_51826723_0	0.9240038809599378 1KGrel
NA10865 HG02145#2#JAHKSF010000206.1_1005292_1413195_1$HG00438#2#JAHBCA010000012.1_51513023_51826723_0	0.9239958096005630 1KGrel
NA10865 NA18906#1#JAHEOO010000054.1_2103477_2510435_1$HG02109#2#JAHEPF010000078.1_16678387_16991144_0	0.9239902759966671 1KGrel
NA10865 AV_HG02148#haplotype2#0002863:16304803$16712699$HG04228.verkko_filt_pat.fa:haplotype2_0000600_103806749_104119491_0	0.9238855563978378 1KGrel
NA10865 HG02622#1#JAHAOO010000002.1_16673678_17080663_0$HG02647.verkko_filt_pat.fa:haplotype2_0000857_103738150_104051769_0	0.9238649702897750 1KGrel
NA10865 HG03579#2#JAGYVT010000094.1_51581892_51895531_0$HG02622#1#JAHAOO010000002.1_16673678_17080663_0	0.9238544344221383 1KGrel
NA10865 AV_HG02257#haplotype2#0001152:102843493$103251377$HG01891#1#JAGYVO010000014.1_22855818_23168577_1	0.9238214135863890 1KGrel
NA10865 chr1_hg38_103456064_103863972_0$HG02293.verkko_filt_mat.fa:haplotype1_0000039_30204405_30517145_1	0.9238017713906714 1KGrel
NA10865 chr1_hg19_103998686_104406594_0$HG02293.verkko_filt_mat.fa:haplotype1_0000039_30204405_30517145_1	0.9238017713906714 1KGrel
NA10865 HG02293.verkko_filt_mat.fa:haplotype1_0000039_30204405_30517145_1$HG002.verkko_filt_mat.fa:haplotype1_0000005_138228497_138636354_1	0.9237867542827336 1KGrel
NA10865 HG02622#1#JAHAOO010000002.1_16673678_17080663_0$HG01891#1#JAGYVO010000014.1_22855818_23168577_1	0.9237548774900545 1KGrel
NA10865 HG00438#2#JAHBCA010000012.1_51513023_51826723_0$NA18906#1#JAHEOO010000054.1_2103477_2510435_1	0.9237434238643513 1KGrel
NA10865 HG005#2#JAHEPN010000023.1_51542210_51950070_0$HG02293.verkko_filt_mat.fa:haplotype1_0000039_30204405_30517145_1	0.9237157262147901 1KGrel
NA10865 HG03486#1#JAHEOQ010000123.1_16677696_17085575_0$HG02293.verkko_filt_mat.fa:haplotype1_0000039_30204405_30517145_1	0.9237018675813075 1KGrel
NA10865 HG03453#2#JAGYVV010000088.1_22597550_23005370_1$HG02293.verkko_filt_mat.fa:haplotype1_0000039_30204405_30517145_1	0.9236872900925656 1KGrel
NA10865 HG04228.verkko_filt_pat.fa:haplotype2_0000600_103806749_104119491_0$HG02300.verkko_filt_pat.fa:haplotype2_0000620_143362344_143769323_1	0.9236777064557756 1KGrel
NA10865 HG02818#1#JAHEOS010000101.1_89626_496613_0$HG02647.verkko_filt_pat.fa:haplotype2_0000857_103738150_104051769_0	0.9236475675919605 1KGrel
NA10865 HG02145#2#JAHKSF010000206.1_1005292_1413195_1$HG01891#1#JAGYVO010000014.1_22855818_23168577_1	0.9236014655043056 1KGrel
NA10865 HG02071.verkko_filt_mat.fa:haplotype1_0000041_103610513_104018399_0$HG02293.verkko_filt_mat.fa:haplotype1_0000039_30204405_30517145_1	0.9235766603476971 1KGrel
NA10865 HG03579#2#JAGYVT010000094.1_51581892_51895531_0$HG02818#1#JAHEOS010000101.1_89626_496613_0	0.9235662267896962 1KGrel
NA10865 AV_HG02257#haplotype2#0001152:102843493$103251377$HG02647.verkko_filt_pat.fa:haplotype2_0000857_103738150_104051769_0	0.9235203004565302 1KGrel
NA10865 HG02717#1#JAHAOS010000015.1_16660311_17067250_0$HG01891#1#JAGYVO010000014.1_22855818_23168577_1	0.9235003864076224 1KGrel
NA10865 AV_HG01175#haplotype1#0000070:46006269$46414083$HG02293.verkko_filt_mat.fa:haplotype1_0000039_30204405_30517145_1	0.9234994093569562 1KGrel
NA10865 AV_HG02257#haplotype2#0001152:102843493$103251377$HG03579#2#JAGYVT010000094.1_51581892_51895531_0	0.9234860101566646 1KGrel
NA10865 HG02622#1#JAHAOO010000002.1_16673678_17080663_0$HG04228.verkko_filt_pat.fa:haplotype2_0000600_103806749_104119491_0	0.9234734416185234 1KGrel
NA10865 HG01928#1#JAGYVQ010000053.1_16676493_17083407_0$HG01123#2#JAGYYY010000006.1_51579630_51892388_0	0.9234705808144693 1KGrel
NA10865 HG02630#1#JAHAOQ010000102.1_16672145_17079089_0$HG03579#2#JAGYVT010000094.1_51581892_51895531_0	0.9234614419278518 1KGrel
NA10865 HG02630#1#JAHAOQ010000102.1_16672145_17079089_0$HG02647.verkko_filt_pat.fa:haplotype2_0000857_103738150_104051769_0	0.9234488498868064 1KGrel
NA10865 HG02818#1#JAHEOS010000101.1_89626_496613_0$HG01891#1#JAGYVO010000014.1_22855818_23168577_1	0.9234311781173996 1KGrel
NA10865 HG01928#1#JAGYVQ010000053.1_16676493_17083407_0$HG02293.verkko_filt_mat.fa:haplotype1_0000039_30204405_30517145_1	0.9234238996657732 1KGrel
NA10865 HG02145#2#JAHKSF010000206.1_1005292_1413195_1$HG04228.verkko_filt_pat.fa:haplotype2_0000600_103806749_104119491_0	0.9234017363928998 1KGrel
NA10865 HG02630#1#JAHAOQ010000102.1_16672145_17079089_0$HG01891#1#JAGYVO010000014.1_22855818_23168577_1	0.9233496658478934 1KGrel
NA10865 HG01123#2#JAGYYY010000006.1_51579630_51892388_0$HG03453#2#JAGYVV010000088.1_22597550_23005370_1	0.9233357459248244 1KGrel
NA10865 HG01123#2#JAGYYY010000006.1_51579630_51892388_0$HG002.verkko_filt_mat.fa:haplotype1_0000005_138228497_138636354_1	0.9233189224452735 1KGrel
NA10865 HG02717#1#JAHAOS010000015.1_16660311_17067250_0$HG03579#2#JAGYVT010000094.1_51581892_51895531_0	0.9233056199557031 1KGrel
NA10865 AV_HG02257#haplotype2#0001152:102843493$103251377$HG04228.verkko_filt_pat.fa:haplotype2_0000600_103806749_104119491_0	0.9233040701607096 1KGrel
NA10865 HG03486#1#JAHEOQ010000123.1_16677696_17085575_0$HG01123#2#JAGYYY010000006.1_51579630_51892388_0	0.9233038496843174 1KGrel
NA10865 HG01123#2#JAGYYY010000006.1_51579630_51892388_0$chr1_hg38_103456064_103863972_0	0.9232985750353541 1KGrel
NA10865 HG01123#2#JAGYYY010000006.1_51579630_51892388_0$chr1_hg19_103998686_104406594_0	0.9232985750353541 1KGrel
NA10865 NA18906#1#JAHEOO010000054.1_2103477_2510435_1$HG02647.verkko_filt_pat.fa:haplotype2_0000857_103738150_104051769_0	0.9232941582944103 1KGrel
NA10865 HG02717#1#JAHAOS010000015.1_16660311_17067250_0$HG02647.verkko_filt_pat.fa:haplotype2_0000857_103738150_104051769_0	0.9232929925573340 1KGrel
NA10865 HG02818#1#JAHEOS010000101.1_89626_496613_0$HG04228.verkko_filt_pat.fa:haplotype2_0000600_103806749_104119491_0	0.9232902534175188 1KGrel
NA10865 HG02145#2#JAHKSF010000206.1_1005292_1413195_1$HG02647.verkko_filt_pat.fa:haplotype2_0000857_103738150_104051769_0	0.9232886884486374 1KGrel
NA10865 HG03579#2#JAGYVT010000094.1_51581892_51895531_0$NA18906#1#JAHEOO010000054.1_2103477_2510435_1	0.9232595422468707 1KGrel
NA10865 HG02145#2#JAHKSF010000206.1_1005292_1413195_1$HG03579#2#JAGYVT010000094.1_51581892_51895531_0	0.9232427038142549 1KGrel
NA10865 HG00621#2#JAHBCC010000031.1_16669999_17077865_0$HG02293.verkko_filt_mat.fa:haplotype1_0000039_30204405_30517145_1	0.9232245594409131 1KGrel
NA10865 HG01123#2#JAGYYY010000006.1_51579630_51892388_0$HG005#2#JAHEPN010000023.1_51542210_51950070_0	0.9232000728319949 1KGrel
NA10865 HG01978#2#JAGYVR010000007.1_51532241_51939176_0$HG02293.verkko_filt_mat.fa:haplotype1_0000039_30204405_30517145_1	0.9231866830287127 1KGrel
NA10865 HG02630#1#JAHAOQ010000102.1_16672145_17079089_0$HG04228.verkko_filt_pat.fa:haplotype2_0000600_103806749_104119491_0	0.9231851578683756 1KGrel
NA10865 AV_HG01175#haplotype1#0000070:46006269$46414083$HG01123#2#JAGYYY010000006.1_51579630_51892388_0	0.9231720338326559 1KGrel
NA10865 HG02004.verkko_filt_mat.fa:haplotype1_0000022_97828542_98235483_0$HG02293.verkko_filt_mat.fa:haplotype1_0000039_30204405_30517145_1	0.9231645195304126 1KGrel
NA10865 NA18906#1#JAHEOO010000054.1_2103477_2510435_1$HG01891#1#JAGYVO010000014.1_22855818_23168577_1	0.9231359319197897 1KGrel
NA10865 HG01123#2#JAGYYY010000006.1_51579630_51892388_0$HG02071.verkko_filt_mat.fa:haplotype1_0000041_103610513_104018399_0	0.9231319530640413 1KGrel
NA10865 HG01123#2#JAGYYY010000006.1_51579630_51892388_0$HG02004.verkko_filt_mat.fa:haplotype1_0000022_97828542_98235483_0	0.9231051027175520 1KGrel
NA10865 HG01123#2#JAGYYY010000006.1_51579630_51892388_0$HG01978#2#JAGYVR010000007.1_51532241_51939176_0	0.9230579040489448 1KGrel
NA10865 HG01123#2#JAGYYY010000006.1_51579630_51892388_0$HG02622#1#JAHAOO010000002.1_16673678_17080663_0	0.9230308164601504 1KGrel
NA10865 HG02717#1#JAHAOS010000015.1_16660311_17067250_0$HG04228.verkko_filt_pat.fa:haplotype2_0000600_103806749_104119491_0	0.9229350916148399 1KGrel
NA10865 AV_HG02148#haplotype2#0002863:16304803$16712699$HG02293.verkko_filt_mat.fa:haplotype1_0000039_30204405_30517145_1	0.9228916754871436 1KGrel
NA10865 HG02145#2#JAHKSF010000206.1_1005292_1413195_1$HG01123#2#JAGYYY010000006.1_51579630_51892388_0	0.9228302067652340 1KGrel
NA10865 NA18906#1#JAHEOO010000054.1_2103477_2510435_1$HG04228.verkko_filt_pat.fa:haplotype2_0000600_103806749_104119491_0	0.9227945195235284 1KGrel
NA10865 HG00621#2#JAHBCC010000031.1_16669999_17077865_0$HG01123#2#JAGYYY010000006.1_51579630_51892388_0	0.9226851832561288 1KGrel
NA10865 HG01123#2#JAGYYY010000006.1_51579630_51892388_0$HG02818#1#JAHEOS010000101.1_89626_496613_0	0.9226480733598503 1KGrel
NA10865 AV_HG02148#haplotype2#0002863:16304803$16712699$HG01123#2#JAGYYY010000006.1_51579630_51892388_0	0.9226330757332522 1KGrel
NA10865 HG02723#1#JAHEOU010000204.1_2102082_2414876_1$HG02145#2#JAHKSF010000206.1_1005292_1413195_1	0.9225989779690527 1KGrel
NA10865 HG02293.verkko_filt_mat.fa:haplotype1_0000039_30204405_30517145_1$HG02300.verkko_filt_pat.fa:haplotype2_0000620_143362344_143769323_1	0.9225882200364433 1KGrel
NA10865 AV_HG02257#haplotype2#0001152:102843493$103251377$HG01123#2#JAGYYY010000006.1_51579630_51892388_0	0.9225677898955357 1KGrel
NA10865 HG02723#1#JAHEOU010000204.1_2102082_2414876_1$HG02622#1#JAHAOO010000002.1_16673678_17080663_0	0.9225236700691163 1KGrel
NA10865 HG01928#1#JAGYVQ010000053.1_16676493_17083407_0$HG00438#2#JAHBCA010000012.1_51513023_51826723_0	0.9224239627107320 1KGrel
NA10865 HG01123#2#JAGYYY010000006.1_51579630_51892388_0$HG02300.verkko_filt_pat.fa:haplotype2_0000620_143362344_143769323_1	0.9223535203752870 1KGrel
NA10865 AV_HG02257#haplotype2#0001152:102843493$103251377$HG02723#1#JAHEOU010000204.1_2102082_2414876_1	0.9223496940300109 1KGrel
NA10865 HG02630#1#JAHAOQ010000102.1_16672145_17079089_0$HG01123#2#JAGYYY010000006.1_51579630_51892388_0	0.9223305063895070 1KGrel
NA10865 HG02723#1#JAHEOU010000204.1_2102082_2414876_1$HG02818#1#JAHEOS010000101.1_89626_496613_0	0.9223128141789113 1KGrel
NA10865 HG02723#1#JAHEOU010000204.1_2102082_2414876_1$HG02630#1#JAHAOQ010000102.1_16672145_17079089_0	0.9222042554449931 1KGrel
NA10865 HG00438#2#JAHBCA010000012.1_51513023_51826723_0$HG01978#2#JAGYVR010000007.1_51532241_51939176_0	0.9221737631523627 1KGrel
NA10865 HG02717#1#JAHAOS010000015.1_16660311_17067250_0$HG01123#2#JAGYYY010000006.1_51579630_51892388_0	0.9221511621775360 1KGrel
NA10865 HG02723#1#JAHEOU010000204.1_2102082_2414876_1$HG02717#1#JAHAOS010000015.1_16660311_17067250_0	0.9221311893766856 1KGrel
NA10865 HG01928#1#JAGYVQ010000053.1_16676493_17083407_0$HG00733#1#JAHEPQ010000019.1_46106835_46420495_0	0.9220696889440907 1KGrel
NA10865 HG00438#2#JAHBCA010000012.1_51513023_51826723_0$HG02004.verkko_filt_mat.fa:haplotype1_0000022_97828542_98235483_0	0.9220485196791396 1KGrel
NA10865 HG02723#1#JAHEOU010000204.1_2102082_2414876_1$NA18906#1#JAHEOO010000054.1_2103477_2510435_1	0.9220135597183491 1KGrel
NA10865 HG01978#2#JAGYVR010000007.1_51532241_51939176_0$HG00733#1#JAHEPQ010000019.1_46106835_46420495_0	0.9219130539468002 1KGrel
NA10865 HG00733#1#JAHEPQ010000019.1_46106835_46420495_0$HG02004.verkko_filt_mat.fa:haplotype1_0000022_97828542_98235483_0	0.9219038458984536 1KGrel
NA10865 HG01123#2#JAGYYY010000006.1_51579630_51892388_0$NA18906#1#JAHEOO010000054.1_2103477_2510435_1	0.9218925329997030 1KGrel
NA10865 HG03453#2#JAGYVV010000088.1_22597550_23005370_1$HG00733#1#JAHEPQ010000019.1_46106835_46420495_0	0.9218886829047852 1KGrel
NA10865 chr1_hg19_103998686_104406594_0$HG00438#2#JAHBCA010000012.1_51513023_51826723_0	0.9218275423018236 1KGrel
NA10865 HG00438#2#JAHBCA010000012.1_51513023_51826723_0$chr1_hg38_103456064_103863972_0	0.9218275423018236 1KGrel
NA10865 HG00438#2#JAHBCA010000012.1_51513023_51826723_0$HG005#2#JAHEPN010000023.1_51542210_51950070_0	0.9217816105654119 1KGrel
NA10865 chr1_hg38_103456064_103863972_0$HG00733#1#JAHEPQ010000019.1_46106835_46420495_0	0.9217652262690299 1KGrel
NA10865 chr1_hg19_103998686_104406594_0$HG00733#1#JAHEPQ010000019.1_46106835_46420495_0	0.9217652262690299 1KGrel
NA10865 HG005#2#JAHEPN010000023.1_51542210_51950070_0$HG00733#1#JAHEPQ010000019.1_46106835_46420495_0	0.9216364672241070 1KGrel
NA10865 HG00733#1#JAHEPQ010000019.1_46106835_46420495_0$HG002.verkko_filt_mat.fa:haplotype1_0000005_138228497_138636354_1	0.9215977966114021 1KGrel
NA10865 HG00438#2#JAHBCA010000012.1_51513023_51826723_0$HG002.verkko_filt_mat.fa:haplotype1_0000005_138228497_138636354_1	0.9215320638123732 1KGrel
NA10865 HG00733#1#JAHEPQ010000019.1_46106835_46420495_0$HG02071.verkko_filt_mat.fa:haplotype1_0000041_103610513_104018399_0	0.9215057430688381 1KGrel
NA10865 HG03486#1#JAHEOQ010000123.1_16677696_17085575_0$HG00733#1#JAHEPQ010000019.1_46106835_46420495_0	0.9214814128405864 1KGrel
NA10865 HG00438#2#JAHBCA010000012.1_51513023_51826723_0$HG03453#2#JAGYVV010000088.1_22597550_23005370_1	0.9214170820183619 1KGrel
NA10865 HG03486#1#JAHEOQ010000123.1_16677696_17085575_0$HG00438#2#JAHBCA010000012.1_51513023_51826723_0	0.9214170715035124 1KGrel
NA10865 HG01243#1#JAHEOY010000013.1_90081_424495_0$HG002.verkko_filt_pat.fa:haplotype2_0000649_147937390_148315979_1	0.9213527352953078 1KGrel
NA10865 HG00733#1#JAHEPQ010000019.1_46106835_46420495_0$HG02300.verkko_filt_pat.fa:haplotype2_0000620_143362344_143769323_1	0.9213372591196257 1KGrel
NA10865 HG00621#2#JAHBCC010000031.1_16669999_17077865_0$HG00733#1#JAHEPQ010000019.1_46106835_46420495_0	0.9213073435686100 1KGrel
NA10865 AV_HG02148#haplotype2#0002863:16304803$16712699$HG00733#1#JAHEPQ010000019.1_46106835_46420495_0	0.9212917384126723 1KGrel
NA10865 HG03492#2#JAHEPH010000288.1_2098270_2432686_1$HG002.verkko_filt_pat.fa:haplotype2_0000649_147937390_148315979_1	0.9212626022514150 1KGrel
NA10865 HG00438#2#JAHBCA010000012.1_51513023_51826723_0$HG02071.verkko_filt_mat.fa:haplotype1_0000041_103610513_104018399_0	0.9212539007648559 1KGrel
NA10865 HG00438#2#JAHBCA010000012.1_51513023_51826723_0$HG02300.verkko_filt_pat.fa:haplotype2_0000620_143362344_143769323_1	0.9212364070949997 1KGrel
NA10865 AV_HG01175#haplotype1#0000070:46006269$46414083$HG00438#2#JAHBCA010000012.1_51513023_51826723_0	0.9211431127463355 1KGrel
NA10865 AV_HG01175#haplotype1#0000070:46006269$46414083$HG00733#1#JAHEPQ010000019.1_46106835_46420495_0	0.9211259104618039 1KGrel
NA10865 AV_HG02148#haplotype2#0002863:16304803$16712699$HG00438#2#JAHBCA010000012.1_51513023_51826723_0	0.9208785509650714 1KGrel
NA10865 HG00621#2#JAHBCC010000031.1_16669999_17077865_0$HG00438#2#JAHBCA010000012.1_51513023_51826723_0	0.9204866058027394 1KGrel
NA10865 HG02723#2#JAHEOT010000034.1_19776337_20321518_1$HG02809.verkko_filt_mat.fa:haplotype1_0000023_94161320_94589755_0	0.9062379737880537 1KGrel
NA10865 HG02723#2#JAHEOT010000034.1_19776337_20321518_1$HG02055#2#JAHEPJ010000017.1_24870122_25298560_1	0.9061750314100220 1KGrel
NA10865 HG02723#2#JAHEOT010000034.1_19776337_20321518_1$HG02647.verkko_filt_mat.fa:haplotype1_0000002_103892584_104321036_0	0.9061579266799770 1KGrel
NA10865 HG02723#2#JAHEOT010000034.1_19776337_20321518_1$HG03098#1#JAHEPM010000059.1_16676208_17105596_0	0.9057207471836215 1KGrel
NA10865 HG02145#1#JAHKSG010000134.1_2102465_2647653_1$HG02647.verkko_filt_mat.fa:haplotype1_0000002_103892584_104321036_0	0.9054937663524414 1KGrel
NA10865 HG02055#2#JAHEPJ010000017.1_24870122_25298560_1$HG02145#1#JAHKSG010000134.1_2102465_2647653_1	0.9054662664294302 1KGrel
NA10865 HG02145#1#JAHKSG010000134.1_2102465_2647653_1$HG02809.verkko_filt_mat.fa:haplotype1_0000023_94161320_94589755_0	0.9053188555365732 1KGrel
NA10865 HG03098#1#JAHEPM010000059.1_16676208_17105596_0$HG02145#1#JAHKSG010000134.1_2102465_2647653_1	0.9048318377702851 1KGrel
NA10865 HG03098#2#JAHEPL010000003.1_93803759_94117426_0$HG02723#2#JAHEOT010000034.1_19776337_20321518_1	0.9046640675267433 1KGrel
NA10865 AV_HG01361#haplotype2#0001322:101872897$102186552$HG02723#2#JAHEOT010000034.1_19776337_20321518_1	0.9046324595012065 1KGrel
NA10865 HG02723#2#JAHEOT010000034.1_19776337_20321518_1$HG03710.verkko_filt_mat.fa:haplotype1_0000029_102593394_102907063_0	0.9045039643947287 1KGrel
NA10865 HG02723#2#JAHEOT010000034.1_19776337_20321518_1$HG02293.verkko_filt_mat.fa:haplotype1_0000039_30204405_30517145_1	0.9044862008039314 1KGrel
NA10865 HG02723#2#JAHEOT010000034.1_19776337_20321518_1$HG02886#2#JAHAOT010000031.1_87393_401061_0	0.9044147884058461 1KGrel
NA10865 HG02723#2#JAHEOT010000034.1_19776337_20321518_1$HG00438#2#JAHBCA010000012.1_51513023_51826723_0	0.9043962142455156 1KGrel
NA10865 HG02723#2#JAHEOT010000034.1_19776337_20321518_1$HG00733#1#JAHEPQ010000019.1_46106835_46420495_0	0.9041199558621232 1KGrel
NA10865 HG02723#1#JAHEOU010000204.1_2102082_2414876_1$HG02723#2#JAHEOT010000034.1_19776337_20321518_1	0.9039189729798647 1KGrel
NA10865 AV_HG01361#haplotype2#0001322:101872897$102186552$HG02145#1#JAHKSG010000134.1_2102465_2647653_1	0.9038598795608853 1KGrel
NA10865 HG03098#2#JAHEPL010000003.1_93803759_94117426_0$HG02145#1#JAHKSG010000134.1_2102465_2647653_1	0.9038393878445103 1KGrel
NA10865 HG02723#2#JAHEOT010000034.1_19776337_20321518_1$HG02109#2#JAHEPF010000078.1_16678387_16991144_0	0.9038333955426132 1KGrel
NA10865 HG02145#1#JAHKSG010000134.1_2102465_2647653_1$HG02293.verkko_filt_mat.fa:haplotype1_0000039_30204405_30517145_1	0.9038282056644371 1KGrel
NA10865 HG02723#2#JAHEOT010000034.1_19776337_20321518_1$HG01891#1#JAGYVO010000014.1_22855818_23168577_1	0.9038170759236458 1KGrel
NA10865 HG02886#2#JAHAOT010000031.1_87393_401061_0$HG02145#1#JAHKSG010000134.1_2102465_2647653_1	0.9037664469815127 1KGrel
NA10865 HG02145#1#JAHKSG010000134.1_2102465_2647653_1$HG03710.verkko_filt_mat.fa:haplotype1_0000029_102593394_102907063_0	0.9037550418377216 1KGrel
NA10865 HG03579#2#JAGYVT010000094.1_51581892_51895531_0$HG02723#2#JAHEOT010000034.1_19776337_20321518_1	0.9036744567437830 1KGrel
NA10865 HG02723#2#JAHEOT010000034.1_19776337_20321518_1$HG02647.verkko_filt_pat.fa:haplotype2_0000857_103738150_104051769_0	0.9036518559835164 1KGrel
NA10865 HG00438#2#JAHBCA010000012.1_51513023_51826723_0$HG02145#1#JAHKSG010000134.1_2102465_2647653_1	0.9036349450280059 1KGrel
NA10865 HG02723#2#JAHEOT010000034.1_19776337_20321518_1$HG04228.verkko_filt_pat.fa:haplotype2_0000600_103806749_104119491_0	0.9036255739597133 1KGrel
NA10865 HG02145#1#JAHKSG010000134.1_2102465_2647653_1$HG00733#1#JAHEPQ010000019.1_46106835_46420495_0	0.9034991958930328 1KGrel
NA10865 HG01123#2#JAGYYY010000006.1_51579630_51892388_0$HG02723#2#JAHEOT010000034.1_19776337_20321518_1	0.9034541475784902 1KGrel
NA10865 HG02723#1#JAHEOU010000204.1_2102082_2414876_1$HG02145#1#JAHKSG010000134.1_2102465_2647653_1	0.9031235997877508 1KGrel
NA10865 HG02145#1#JAHKSG010000134.1_2102465_2647653_1$HG01891#1#JAGYVO010000014.1_22855818_23168577_1	0.9031119018416236 1KGrel
NA10865 HG02145#1#JAHKSG010000134.1_2102465_2647653_1$HG02109#2#JAHEPF010000078.1_16678387_16991144_0	0.9031088745890719 1KGrel
NA10865 HG03098#1#JAHEPM010000059.1_16676208_17105596_0$HG02647.verkko_filt_mat.fa:haplotype1_0000002_103892584_104321036_0	0.9030377580678821 1KGrel
NA10865 HG03579#2#JAGYVT010000094.1_51581892_51895531_0$HG02145#1#JAHKSG010000134.1_2102465_2647653_1	0.9030080456161106 1KGrel
NA10865 HG02145#1#JAHKSG010000134.1_2102465_2647653_1$HG02647.verkko_filt_pat.fa:haplotype2_0000857_103738150_104051769_0	0.9029926341036096 1KGrel
NA10865 HG03098#1#JAHEPM010000059.1_16676208_17105596_0$HG02809.verkko_filt_mat.fa:haplotype1_0000023_94161320_94589755_0	0.9029783708114857 1KGrel
NA10865 HG03098#1#JAHEPM010000059.1_16676208_17105596_0$HG02055#2#JAHEPJ010000017.1_24870122_25298560_1	0.9029493911225894 1KGrel
NA10865 HG01123#2#JAGYYY010000006.1_51579630_51892388_0$HG02145#1#JAHKSG010000134.1_2102465_2647653_1	0.9029487552915589 1KGrel
NA10865 HG02145#1#JAHKSG010000134.1_2102465_2647653_1$HG04228.verkko_filt_pat.fa:haplotype2_0000600_103806749_104119491_0	0.9029433402146312 1KGrel
NA10865 HG03492#2#JAHEPH010000288.1_2098270_2432686_1$HG01243#1#JAHEOY010000013.1_90081_424495_0	0.9028148480370591 1KGrel
NA10865 HG02809.verkko_filt_mat.fa:haplotype1_0000023_94161320_94589755_0$HG02647.verkko_filt_mat.fa:haplotype1_0000002_103892584_104321036_0	0.9025416420683893 1KGrel
NA10865 HG02055#2#JAHEPJ010000017.1_24870122_25298560_1$HG02809.verkko_filt_mat.fa:haplotype1_0000023_94161320_94589755_0	0.9023872102499297 1KGrel
NA10865 HG02055#2#JAHEPJ010000017.1_24870122_25298560_1$HG02647.verkko_filt_mat.fa:haplotype1_0000002_103892584_104321036_0	0.9023491257823993 1KGrel
NA10865 HG02723#2#JAHEOT010000034.1_19776337_20321518_1$HG02145#1#JAHKSG010000134.1_2102465_2647653_1	0.9017384912395296 1KGrel
NA10865 HG03710.verkko_filt_mat.fa:haplotype1_0000029_102593394_102907063_0$HG002.verkko_filt_pat.fa:haplotype2_0000649_147937390_148315979_1	0.8951583682962992 1KGrel
NA10865 AV_HG01361#haplotype2#0001322:101872897$102186552$HG002.verkko_filt_pat.fa:haplotype2_0000649_147937390_148315979_1	0.8949164844117850 1KGrel
NA10865 HG03098#2#JAHEPL010000003.1_93803759_94117426_0$HG002.verkko_filt_pat.fa:haplotype2_0000649_147937390_148315979_1	0.8948562484148437 1KGrel
NA10865 HG00733#1#JAHEPQ010000019.1_46106835_46420495_0$HG002.verkko_filt_pat.fa:haplotype2_0000649_147937390_148315979_1	0.8943675917942212 1KGrel
NA10865 HG02886#2#JAHAOT010000031.1_87393_401061_0$HG002.verkko_filt_pat.fa:haplotype2_0000649_147937390_148315979_1	0.8942934571302333 1KGrel
NA10865 HG02293.verkko_filt_mat.fa:haplotype1_0000039_30204405_30517145_1$HG002.verkko_filt_pat.fa:haplotype2_0000649_147937390_148315979_1	0.8942646245521366 1KGrel
NA10865 HG00438#2#JAHBCA010000012.1_51513023_51826723_0$HG002.verkko_filt_pat.fa:haplotype2_0000649_147937390_148315979_1	0.8939883301344724 1KGrel
NA10865 HG02109#2#JAHEPF010000078.1_16678387_16991144_0$HG002.verkko_filt_pat.fa:haplotype2_0000649_147937390_148315979_1	0.8923799584393588 1KGrel
NA10865 HG02723#1#JAHEOU010000204.1_2102082_2414876_1$HG002.verkko_filt_pat.fa:haplotype2_0000649_147937390_148315979_1	0.8919547336703517 1KGrel
NA10865 HG04228.verkko_filt_pat.fa:haplotype2_0000600_103806749_104119491_0$HG002.verkko_filt_pat.fa:haplotype2_0000649_147937390_148315979_1	0.8919193822434563 1KGrel
NA10865 HG02647.verkko_filt_pat.fa:haplotype2_0000857_103738150_104051769_0$HG002.verkko_filt_pat.fa:haplotype2_0000649_147937390_148315979_1	0.8918658377525029 1KGrel
NA10865 HG03579#2#JAGYVT010000094.1_51581892_51895531_0$HG002.verkko_filt_pat.fa:haplotype2_0000649_147937390_148315979_1	0.8918371997878967 1KGrel
NA10865 HG01123#2#JAGYYY010000006.1_51579630_51892388_0$HG002.verkko_filt_pat.fa:haplotype2_0000649_147937390_148315979_1	0.8918326377327493 1KGrel
NA10865 HG01891#1#JAGYVO010000014.1_22855818_23168577_1$HG002.verkko_filt_pat.fa:haplotype2_0000649_147937390_148315979_1	0.8917171543003262 1KGrel
NA10865 AV_HG01361#haplotype2#0001322:101872897$102186552$HG02055#2#JAHEPJ010000017.1_24870122_25298560_1	0.8848843076944606 1KGrel
NA10865 HG03098#2#JAHEPL010000003.1_93803759_94117426_0$HG02055#2#JAHEPJ010000017.1_24870122_25298560_1	0.8848306259707120 1KGrel
NA10865 AV_HG01361#haplotype2#0001322:101872897$102186552$HG02809.verkko_filt_mat.fa:haplotype1_0000023_94161320_94589755_0	0.8848184951766214 1KGrel
NA10865 HG03710.verkko_filt_mat.fa:haplotype1_0000029_102593394_102907063_0$HG02647.verkko_filt_mat.fa:haplotype1_0000002_103892584_104321036_0	0.8848107375021677 1KGrel
NA10865 AV_HG01361#haplotype2#0001322:101872897$102186552$HG02647.verkko_filt_mat.fa:haplotype1_0000002_103892584_104321036_0	0.8847771781720197 1KGrel
NA10865 HG03098#2#JAHEPL010000003.1_93803759_94117426_0$HG02809.verkko_filt_mat.fa:haplotype1_0000023_94161320_94589755_0	0.8847428527955119 1KGrel
NA10865 HG02055#2#JAHEPJ010000017.1_24870122_25298560_1$HG03710.verkko_filt_mat.fa:haplotype1_0000029_102593394_102907063_0	0.8846738411481407 1KGrel
NA10865 HG02886#2#JAHAOT010000031.1_87393_401061_0$HG02055#2#JAHEPJ010000017.1_24870122_25298560_1	0.8846723442947756 1KGrel
NA10865 HG02886#2#JAHAOT010000031.1_87393_401061_0$HG02647.verkko_filt_mat.fa:haplotype1_0000002_103892584_104321036_0	0.8846659470246270 1KGrel
NA10865 HG03098#2#JAHEPL010000003.1_93803759_94117426_0$HG02647.verkko_filt_mat.fa:haplotype1_0000002_103892584_104321036_0	0.8846456177529070 1KGrel
NA10865 HG02886#2#JAHAOT010000031.1_87393_401061_0$HG02809.verkko_filt_mat.fa:haplotype1_0000023_94161320_94589755_0	0.8846168991122287 1KGrel
NA10865 HG03710.verkko_filt_mat.fa:haplotype1_0000029_102593394_102907063_0$HG02809.verkko_filt_mat.fa:haplotype1_0000023_94161320_94589755_0	0.8845530782743771 1KGrel
NA10865 HG00438#2#JAHBCA010000012.1_51513023_51826723_0$HG02647.verkko_filt_mat.fa:haplotype1_0000002_103892584_104321036_0	0.8844967836634372 1KGrel
NA10865 HG00438#2#JAHBCA010000012.1_51513023_51826723_0$HG02055#2#JAHEPJ010000017.1_24870122_25298560_1	0.8844810319523705 1KGrel
NA10865 HG02293.verkko_filt_mat.fa:haplotype1_0000039_30204405_30517145_1$HG02647.verkko_filt_mat.fa:haplotype1_0000002_103892584_104321036_0	0.8843719314756860 1KGrel
NA10865 HG00438#2#JAHBCA010000012.1_51513023_51826723_0$HG02809.verkko_filt_mat.fa:haplotype1_0000023_94161320_94589755_0	0.8843258093167841 1KGrel
NA10865 HG00733#1#JAHEPQ010000019.1_46106835_46420495_0$HG02647.verkko_filt_mat.fa:haplotype1_0000002_103892584_104321036_0	0.8842225352959572 1KGrel
NA10865 HG03098#1#JAHEPM010000059.1_16676208_17105596_0$HG02293.verkko_filt_mat.fa:haplotype1_0000039_30204405_30517145_1	0.8842035562046200 1KGrel
NA10865 HG02293.verkko_filt_mat.fa:haplotype1_0000039_30204405_30517145_1$HG02809.verkko_filt_mat.fa:haplotype1_0000023_94161320_94589755_0	0.8841788094691110 1KGrel
NA10865 HG02055#2#JAHEPJ010000017.1_24870122_25298560_1$HG02293.verkko_filt_mat.fa:haplotype1_0000039_30204405_30517145_1	0.8841672461284877 1KGrel
NA10865 HG02055#2#JAHEPJ010000017.1_24870122_25298560_1$HG00733#1#JAHEPQ010000019.1_46106835_46420495_0	0.8841506017929890 1KGrel
NA10865 HG00733#1#JAHEPQ010000019.1_46106835_46420495_0$HG02809.verkko_filt_mat.fa:haplotype1_0000023_94161320_94589755_0	0.8840615314642143 1KGrel
NA10865 AV_HG01361#haplotype2#0001322:101872897$102186552$HG03098#1#JAHEPM010000059.1_16676208_17105596_0	0.8840137690981773 1KGrel
NA10865 HG03098#2#JAHEPL010000003.1_93803759_94117426_0$HG03098#1#JAHEPM010000059.1_16676208_17105596_0	0.8839385760418941 1KGrel
NA10865 HG03098#1#JAHEPM010000059.1_16676208_17105596_0$HG03710.verkko_filt_mat.fa:haplotype1_0000029_102593394_102907063_0	0.8838154582649081 1KGrel
NA10865 HG02886#2#JAHAOT010000031.1_87393_401061_0$HG03098#1#JAHEPM010000059.1_16676208_17105596_0	0.8837660353690504 1KGrel
NA10865 HG03098#1#JAHEPM010000059.1_16676208_17105596_0$HG00733#1#JAHEPQ010000019.1_46106835_46420495_0	0.8835533185538972 1KGrel
NA10865 HG00438#2#JAHBCA010000012.1_51513023_51826723_0$HG03098#1#JAHEPM010000059.1_16676208_17105596_0	0.8834753830383628 1KGrel
NA10865 HG03098#1#JAHEPM010000059.1_16676208_17105596_0$HG02109#2#JAHEPF010000078.1_16678387_16991144_0	0.8831526918049624 1KGrel
NA10865 HG02723#1#JAHEOU010000204.1_2102082_2414876_1$HG03098#1#JAHEPM010000059.1_16676208_17105596_0	0.8831459570149183 1KGrel
NA10865 HG03098#1#JAHEPM010000059.1_16676208_17105596_0$HG01891#1#JAGYVO010000014.1_22855818_23168577_1	0.8831123844697150 1KGrel
NA10865 HG03098#1#JAHEPM010000059.1_16676208_17105596_0$HG04228.verkko_filt_pat.fa:haplotype2_0000600_103806749_104119491_0	0.8830425159802664 1KGrel
NA10865 HG01123#2#JAGYYY010000006.1_51579630_51892388_0$HG03098#1#JAHEPM010000059.1_16676208_17105596_0	0.8827549947802574 1KGrel
NA10865 HG03579#2#JAGYVT010000094.1_51581892_51895531_0$HG03098#1#JAHEPM010000059.1_16676208_17105596_0	0.8826906309818010 1KGrel
NA10865 HG03098#1#JAHEPM010000059.1_16676208_17105596_0$HG02647.verkko_filt_pat.fa:haplotype2_0000857_103738150_104051769_0	0.8826718575196635 1KGrel
NA10865 HG03579#2#JAGYVT010000094.1_51581892_51895531_0$HG02647.verkko_filt_mat.fa:haplotype1_0000002_103892584_104321036_0	0.8824763783973637 1KGrel
NA10865 HG02723#1#JAHEOU010000204.1_2102082_2414876_1$HG02647.verkko_filt_mat.fa:haplotype1_0000002_103892584_104321036_0	0.8824566908192454 1KGrel
NA10865 HG02723#1#JAHEOU010000204.1_2102082_2414876_1$HG02055#2#JAHEPJ010000017.1_24870122_25298560_1	0.8824444024972906 1KGrel
NA10865 HG02055#2#JAHEPJ010000017.1_24870122_25298560_1$HG01891#1#JAGYVO010000014.1_22855818_23168577_1	0.8824439359126472 1KGrel
NA10865 HG02723#1#JAHEOU010000204.1_2102082_2414876_1$HG02809.verkko_filt_mat.fa:haplotype1_0000023_94161320_94589755_0	0.8824362853393104 1KGrel
NA10865 HG02647.verkko_filt_pat.fa:haplotype2_0000857_103738150_104051769_0$HG02647.verkko_filt_mat.fa:haplotype1_0000002_103892584_104321036_0	0.8824355751718642 1KGrel
NA10865 HG02055#2#JAHEPJ010000017.1_24870122_25298560_1$HG02109#2#JAHEPF010000078.1_16678387_16991144_0	0.8824296535179771 1KGrel
NA10865 HG01891#1#JAGYVO010000014.1_22855818_23168577_1$HG02809.verkko_filt_mat.fa:haplotype1_0000023_94161320_94589755_0	0.8823806000013142 1KGrel
NA10865 HG02055#2#JAHEPJ010000017.1_24870122_25298560_1$HG02647.verkko_filt_pat.fa:haplotype2_0000857_103738150_104051769_0	0.8823348137573850 1KGrel
NA10865 HG01891#1#JAGYVO010000014.1_22855818_23168577_1$HG02647.verkko_filt_mat.fa:haplotype1_0000002_103892584_104321036_0	0.8823345702436816 1KGrel
NA10865 HG02109#2#JAHEPF010000078.1_16678387_16991144_0$HG02809.verkko_filt_mat.fa:haplotype1_0000023_94161320_94589755_0	0.8823340568605145 1KGrel
NA10865 HG03579#2#JAGYVT010000094.1_51581892_51895531_0$HG02055#2#JAHEPJ010000017.1_24870122_25298560_1	0.8823094145805169 1KGrel
NA10865 HG02055#2#JAHEPJ010000017.1_24870122_25298560_1$HG04228.verkko_filt_pat.fa:haplotype2_0000600_103806749_104119491_0	0.8822965558379230 1KGrel
NA10865 HG02109#2#JAHEPF010000078.1_16678387_16991144_0$HG02647.verkko_filt_mat.fa:haplotype1_0000002_103892584_104321036_0	0.8822645260953959 1KGrel
NA10865 HG02647.verkko_filt_pat.fa:haplotype2_0000857_103738150_104051769_0$HG02809.verkko_filt_mat.fa:haplotype1_0000023_94161320_94589755_0	0.8822385230204352 1KGrel
NA10865 HG03579#2#JAGYVT010000094.1_51581892_51895531_0$HG02809.verkko_filt_mat.fa:haplotype1_0000023_94161320_94589755_0	0.8822353342180197 1KGrel
NA10865 HG04228.verkko_filt_pat.fa:haplotype2_0000600_103806749_104119491_0$HG02647.verkko_filt_mat.fa:haplotype1_0000002_103892584_104321036_0	0.8821539715184161 1KGrel
NA10865 HG04228.verkko_filt_pat.fa:haplotype2_0000600_103806749_104119491_0$HG02809.verkko_filt_mat.fa:haplotype1_0000023_94161320_94589755_0	0.8821008592052847 1KGrel
NA10865 HG01123#2#JAGYYY010000006.1_51579630_51892388_0$HG02055#2#JAHEPJ010000017.1_24870122_25298560_1	0.8820636514614216 1KGrel
NA10865 HG01123#2#JAGYYY010000006.1_51579630_51892388_0$HG02809.verkko_filt_mat.fa:haplotype1_0000023_94161320_94589755_0	0.8819997017236137 1KGrel
NA10865 HG01123#2#JAGYYY010000006.1_51579630_51892388_0$HG02647.verkko_filt_mat.fa:haplotype1_0000002_103892584_104321036_0	0.8819657532715707 1KGrel
NA10865 HG01243#1#JAHEOY010000013.1_90081_424495_0$HG03710.verkko_filt_mat.fa:haplotype1_0000029_102593394_102907063_0	0.8768133479861774 1KGrel
NA10865 HG03492#2#JAHEPH010000288.1_2098270_2432686_1$HG03710.verkko_filt_mat.fa:haplotype1_0000029_102593394_102907063_0	0.8767628546036818 1KGrel
NA10865 AV_HG01361#haplotype2#0001322:101872897$102186552$HG01243#1#JAHEOY010000013.1_90081_424495_0	0.8765509134390860 1KGrel
NA10865 AV_HG01361#haplotype2#0001322:101872897$102186552$HG03492#2#JAHEPH010000288.1_2098270_2432686_1	0.8765004237657352 1KGrel
NA10865 HG03098#2#JAHEPL010000003.1_93803759_94117426_0$HG01243#1#JAHEOY010000013.1_90081_424495_0	0.8763212296101862 1KGrel
NA10865 HG03492#2#JAHEPH010000288.1_2098270_2432686_1$HG03098#2#JAHEPL010000003.1_93803759_94117426_0	0.8762255676448356 1KGrel
NA10865 HG02886#2#JAHAOT010000031.1_87393_401061_0$HG01243#1#JAHEOY010000013.1_90081_424495_0	0.8755033947806046 1KGrel
NA10865 HG01243#1#JAHEOY010000013.1_90081_424495_0$HG00733#1#JAHEPQ010000019.1_46106835_46420495_0	0.8754828175923208 1KGrel
NA10865 HG03492#2#JAHEPH010000288.1_2098270_2432686_1$HG02886#2#JAHAOT010000031.1_87393_401061_0	0.8754528696985376 1KGrel
NA10865 HG03492#2#JAHEPH010000288.1_2098270_2432686_1$HG00733#1#JAHEPQ010000019.1_46106835_46420495_0	0.8754322294659329 1KGrel
NA10865 HG01243#1#JAHEOY010000013.1_90081_424495_0$HG02293.verkko_filt_mat.fa:haplotype1_0000039_30204405_30517145_1	0.8753843194783356 1KGrel
NA10865 HG03492#2#JAHEPH010000288.1_2098270_2432686_1$HG02293.verkko_filt_mat.fa:haplotype1_0000039_30204405_30517145_1	0.8752734329766445 1KGrel
NA10865 HG00438#2#JAHBCA010000012.1_51513023_51826723_0$HG01243#1#JAHEOY010000013.1_90081_424495_0	0.8752274223941088 1KGrel
NA10865 HG03492#2#JAHEPH010000288.1_2098270_2432686_1$HG00438#2#JAHBCA010000012.1_51513023_51826723_0	0.8751467530198352 1KGrel
NA10865 HG01243#1#JAHEOY010000013.1_90081_424495_0$HG02109#2#JAHEPF010000078.1_16678387_16991144_0	0.8732532738729174 1KGrel
NA10865 HG03492#2#JAHEPH010000288.1_2098270_2432686_1$HG02109#2#JAHEPF010000078.1_16678387_16991144_0	0.8731878734676122 1KGrel
NA10865 HG02723#1#JAHEOU010000204.1_2102082_2414876_1$HG01243#1#JAHEOY010000013.1_90081_424495_0	0.8731193845430153 1KGrel
NA10865 HG02723#1#JAHEOU010000204.1_2102082_2414876_1$HG03492#2#JAHEPH010000288.1_2098270_2432686_1	0.8730090216576231 1KGrel
NA10865 HG01243#1#JAHEOY010000013.1_90081_424495_0$HG04228.verkko_filt_pat.fa:haplotype2_0000600_103806749_104119491_0	0.8727775953395329 1KGrel
NA10865 HG03492#2#JAHEPH010000288.1_2098270_2432686_1$HG04228.verkko_filt_pat.fa:haplotype2_0000600_103806749_104119491_0	0.8727420634013503 1KGrel
NA10865 HG01243#1#JAHEOY010000013.1_90081_424495_0$HG01891#1#JAGYVO010000014.1_22855818_23168577_1	0.8725507472207163 1KGrel
NA10865 HG01243#1#JAHEOY010000013.1_90081_424495_0$HG02647.verkko_filt_pat.fa:haplotype2_0000857_103738150_104051769_0	0.8725036779767059 1KGrel
NA10865 HG03492#2#JAHEPH010000288.1_2098270_2432686_1$HG02647.verkko_filt_pat.fa:haplotype2_0000857_103738150_104051769_0	0.8724980309363513 1KGrel
NA10865 HG03492#2#JAHEPH010000288.1_2098270_2432686_1$HG01891#1#JAGYVO010000014.1_22855818_23168577_1	0.8724404973212370 1KGrel
NA10865 HG03492#2#JAHEPH010000288.1_2098270_2432686_1$HG03579#2#JAGYVT010000094.1_51581892_51895531_0	0.8724250518907759 1KGrel
NA10865 HG03579#2#JAGYVT010000094.1_51581892_51895531_0$HG01243#1#JAHEOY010000013.1_90081_424495_0	0.8724008487583199 1KGrel
NA10865 HG01123#2#JAGYYY010000006.1_51579630_51892388_0$HG01243#1#JAHEOY010000013.1_90081_424495_0	0.8722566872015198 1KGrel
NA10865 HG03492#2#JAHEPH010000288.1_2098270_2432686_1$HG01123#2#JAGYYY010000006.1_51579630_51892388_0	0.8722211320065845 1KGrel
NA10865 AV_HG01361#haplotype2#0001322:101872897$102186552$HG02109#2#JAHEPF010000078.1_16678387_16991144_0	0.8151360709084078 1KGrel
NA10865 HG02109#2#JAHEPF010000078.1_16678387_16991144_0$HG03710.verkko_filt_mat.fa:haplotype1_0000029_102593394_102907063_0	0.8150956950516305 1KGrel
NA10865 HG02723#1#JAHEOU010000204.1_2102082_2414876_1$HG03710.verkko_filt_mat.fa:haplotype1_0000029_102593394_102907063_0	0.8149479989620592 1KGrel
NA10865 HG01891#1#JAGYVO010000014.1_22855818_23168577_1$HG03710.verkko_filt_mat.fa:haplotype1_0000029_102593394_102907063_0	0.8149471551295447 1KGrel
NA10865 HG04228.verkko_filt_pat.fa:haplotype2_0000600_103806749_104119491_0$HG03710.verkko_filt_mat.fa:haplotype1_0000029_102593394_102907063_0	0.8149321717381705 1KGrel
NA10865 HG02723#1#JAHEOU010000204.1_2102082_2414876_1$HG03098#2#JAHEPL010000003.1_93803759_94117426_0	0.8147645517935240 1KGrel
NA10865 AV_HG01361#haplotype2#0001322:101872897$102186552$HG02723#1#JAHEOU010000204.1_2102082_2414876_1	0.8146717128485745 1KGrel
NA10865 HG03098#2#JAHEPL010000003.1_93803759_94117426_0$HG02109#2#JAHEPF010000078.1_16678387_16991144_0	0.8146283870441233 1KGrel
NA10865 HG03098#2#JAHEPL010000003.1_93803759_94117426_0$HG04228.verkko_filt_pat.fa:haplotype2_0000600_103806749_104119491_0	0.8146217399234769 1KGrel
NA10865 AV_HG01361#haplotype2#0001322:101872897$102186552$HG01891#1#JAGYVO010000014.1_22855818_23168577_1	0.8144492186231813 1KGrel
NA10865 HG02109#2#JAHEPF010000078.1_16678387_16991144_0$HG02293.verkko_filt_mat.fa:haplotype1_0000039_30204405_30517145_1	0.8144088201042248 1KGrel
NA10865 HG01123#2#JAGYYY010000006.1_51579630_51892388_0$HG03098#2#JAHEPL010000003.1_93803759_94117426_0	0.8143631415596297 1KGrel
NA10865 HG03098#2#JAHEPL010000003.1_93803759_94117426_0$HG01891#1#JAGYVO010000014.1_22855818_23168577_1	0.8143522750843061 1KGrel
NA10865 HG02109#2#JAHEPF010000078.1_16678387_16991144_0$HG00733#1#JAHEPQ010000019.1_46106835_46420495_0	0.8142775619119249 1KGrel
NA10865 HG01123#2#JAGYYY010000006.1_51579630_51892388_0$HG03710.verkko_filt_mat.fa:haplotype1_0000029_102593394_102907063_0	0.8142772059995731 1KGrel
NA10865 HG00438#2#JAHBCA010000012.1_51513023_51826723_0$HG02109#2#JAHEPF010000078.1_16678387_16991144_0	0.8141993505086441 1KGrel
NA10865 HG02886#2#JAHAOT010000031.1_87393_401061_0$HG02109#2#JAHEPF010000078.1_16678387_16991144_0	0.8141918157223452 1KGrel
NA10865 AV_HG01361#haplotype2#0001322:101872897$102186552$HG01123#2#JAGYYY010000006.1_51579630_51892388_0	0.8140796893640388 1KGrel
NA10865 HG03579#2#JAGYVT010000094.1_51581892_51895531_0$HG03710.verkko_filt_mat.fa:haplotype1_0000029_102593394_102907063_0	0.8139506433262960 1KGrel
NA10865 HG02723#1#JAHEOU010000204.1_2102082_2414876_1$HG02886#2#JAHAOT010000031.1_87393_401061_0	0.8139486966290004 1KGrel
NA10865 AV_HG01361#haplotype2#0001322:101872897$102186552$HG04228.verkko_filt_pat.fa:haplotype2_0000600_103806749_104119491_0	0.8139434350359134 1KGrel
NA10865 HG03710.verkko_filt_mat.fa:haplotype1_0000029_102593394_102907063_0$HG02647.verkko_filt_pat.fa:haplotype2_0000857_103738150_104051769_0	0.8139318829673761 1KGrel
NA10865 AV_HG01361#haplotype2#0001322:101872897$102186552$HG03579#2#JAGYVT010000094.1_51581892_51895531_0	0.8138803322752737 1KGrel
NA10865 AV_HG01361#haplotype2#0001322:101872897$102186552$HG02647.verkko_filt_pat.fa:haplotype2_0000857_103738150_104051769_0	0.8138615584439330 1KGrel
NA10865 HG01891#1#JAGYVO010000014.1_22855818_23168577_1$HG02293.verkko_filt_mat.fa:haplotype1_0000039_30204405_30517145_1	0.8137211126277494 1KGrel
NA10865 HG03098#2#JAHEPL010000003.1_93803759_94117426_0$HG02647.verkko_filt_pat.fa:haplotype2_0000857_103738150_104051769_0	0.8136387946422127 1KGrel
NA10865 HG03579#2#JAGYVT010000094.1_51581892_51895531_0$HG03098#2#JAHEPL010000003.1_93803759_94117426_0	0.8136261312640385 1KGrel
NA10865 HG00733#1#JAHEPQ010000019.1_46106835_46420495_0$HG01891#1#JAGYVO010000014.1_22855818_23168577_1	0.8134305153616396 1KGrel
NA10865 HG02886#2#JAHAOT010000031.1_87393_401061_0$HG04228.verkko_filt_pat.fa:haplotype2_0000600_103806749_104119491_0	0.8133462453290848 1KGrel
NA10865 HG02647.verkko_filt_pat.fa:haplotype2_0000857_103738150_104051769_0$HG02293.verkko_filt_mat.fa:haplotype1_0000039_30204405_30517145_1	0.8133378854917511 1KGrel
NA10865 HG02886#2#JAHAOT010000031.1_87393_401061_0$HG01891#1#JAGYVO010000014.1_22855818_23168577_1	0.8133302369826506 1KGrel
NA10865 HG03579#2#JAGYVT010000094.1_51581892_51895531_0$HG02293.verkko_filt_mat.fa:haplotype1_0000039_30204405_30517145_1	0.8133248349148448 1KGrel
NA10865 HG02723#1#JAHEOU010000204.1_2102082_2414876_1$HG02293.verkko_filt_mat.fa:haplotype1_0000039_30204405_30517145_1	0.8133100031646046 1KGrel
NA10865 HG01123#2#JAGYYY010000006.1_51579630_51892388_0$HG02886#2#JAHAOT010000031.1_87393_401061_0	0.8132609413472417 1KGrel
NA10865 HG00438#2#JAHBCA010000012.1_51513023_51826723_0$HG01891#1#JAGYVO010000014.1_22855818_23168577_1	0.8132109354270801 1KGrel
NA10865 HG03098#2#JAHEPL010000003.1_93803759_94117426_0$HG02293.verkko_filt_mat.fa:haplotype1_0000039_30204405_30517145_1	0.8131812445347159 1KGrel
NA10865 AV_HG01361#haplotype2#0001322:101872897$102186552$HG03710.verkko_filt_mat.fa:haplotype1_0000029_102593394_102907063_0	0.8131217609135951 1KGrel
NA10865 HG03098#2#JAHEPL010000003.1_93803759_94117426_0$HG03710.verkko_filt_mat.fa:haplotype1_0000029_102593394_102907063_0	0.8130579620348998 1KGrel
NA10865 AV_HG01361#haplotype2#0001322:101872897$102186552$HG03098#2#JAHEPL010000003.1_93803759_94117426_0	0.8130036080672164 1KGrel
NA10865 HG03710.verkko_filt_mat.fa:haplotype1_0000029_102593394_102907063_0$HG02293.verkko_filt_mat.fa:haplotype1_0000039_30204405_30517145_1	0.8129383498212085 1KGrel
NA10865 AV_HG01361#haplotype2#0001322:101872897$102186552$HG02293.verkko_filt_mat.fa:haplotype1_0000039_30204405_30517145_1	0.8126794975231750 1KGrel
NA10865 HG03579#2#JAGYVT010000094.1_51581892_51895531_0$HG02886#2#JAHAOT010000031.1_87393_401061_0	0.8126195868881031 1KGrel
NA10865 HG00733#1#JAHEPQ010000019.1_46106835_46420495_0$HG02647.verkko_filt_pat.fa:haplotype2_0000857_103738150_104051769_0	0.8126185957413811 1KGrel
NA10865 HG02886#2#JAHAOT010000031.1_87393_401061_0$HG02647.verkko_filt_pat.fa:haplotype2_0000857_103738150_104051769_0	0.8126164173509484 1KGrel
NA10865 HG03579#2#JAGYVT010000094.1_51581892_51895531_0$HG00733#1#JAHEPQ010000019.1_46106835_46420495_0	0.8125897741412427 1KGrel
NA10865 HG03098#2#JAHEPL010000003.1_93803759_94117426_0$HG00733#1#JAHEPQ010000019.1_46106835_46420495_0	0.8125573906278691 1KGrel
NA10865 HG03579#2#JAGYVT010000094.1_51581892_51895531_0$HG00438#2#JAHBCA010000012.1_51513023_51826723_0	0.8123423589886093 1KGrel
NA10865 HG00438#2#JAHBCA010000012.1_51513023_51826723_0$HG02647.verkko_filt_pat.fa:haplotype2_0000857_103738150_104051769_0	0.8123233655112845 1KGrel
NA10865 HG02886#2#JAHAOT010000031.1_87393_401061_0$HG03710.verkko_filt_mat.fa:haplotype1_0000029_102593394_102907063_0	0.8122868939074236 1KGrel
NA10865 HG02723#1#JAHEOU010000204.1_2102082_2414876_1$HG00438#2#JAHBCA010000012.1_51513023_51826723_0	0.8122172971060755 1KGrel
NA10865 HG02723#1#JAHEOU010000204.1_2102082_2414876_1$HG00733#1#JAHEPQ010000019.1_46106835_46420495_0	0.8122110169087697 1KGrel
NA10865 HG03098#2#JAHEPL010000003.1_93803759_94117426_0$HG02886#2#JAHAOT010000031.1_87393_401061_0	0.8121999800644311 1KGrel
NA10865 AV_HG01361#haplotype2#0001322:101872897$102186552$HG00733#1#JAHEPQ010000019.1_46106835_46420495_0	0.8121183054773541 1KGrel
NA10865 HG02886#2#JAHAOT010000031.1_87393_401061_0$HG02293.verkko_filt_mat.fa:haplotype1_0000039_30204405_30517145_1	0.8120485392289341 1KGrel
NA10865 HG00438#2#JAHBCA010000012.1_51513023_51826723_0$HG03710.verkko_filt_mat.fa:haplotype1_0000029_102593394_102907063_0	0.8120417973288911 1KGrel
NA10865 AV_HG01361#haplotype2#0001322:101872897$102186552$HG00438#2#JAHBCA010000012.1_51513023_51826723_0	0.8119873775007423 1KGrel
NA10865 HG03098#2#JAHEPL010000003.1_93803759_94117426_0$HG00438#2#JAHBCA010000012.1_51513023_51826723_0	0.8118609894186166 1KGrel
NA10865 HG00733#1#JAHEPQ010000019.1_46106835_46420495_0$HG03710.verkko_filt_mat.fa:haplotype1_0000029_102593394_102907063_0	0.8117799436074199 1KGrel
NA10865 HG00438#2#JAHBCA010000012.1_51513023_51826723_0$HG04228.verkko_filt_pat.fa:haplotype2_0000600_103806749_104119491_0	0.8116794409463499 1KGrel
NA10865 HG04228.verkko_filt_pat.fa:haplotype2_0000600_103806749_104119491_0$HG02293.verkko_filt_mat.fa:haplotype1_0000039_30204405_30517145_1	0.8115241002211910 1KGrel
NA10865 HG02723#1#JAHEOU010000204.1_2102082_2414876_1$HG02109#2#JAHEPF010000078.1_16678387_16991144_0	0.8114954702268226 1KGrel
NA10865 HG02886#2#JAHAOT010000031.1_87393_401061_0$HG00733#1#JAHEPQ010000019.1_46106835_46420495_0	0.8112822393186923 1KGrel
NA10865 HG00733#1#JAHEPQ010000019.1_46106835_46420495_0$HG04228.verkko_filt_pat.fa:haplotype2_0000600_103806749_104119491_0	0.8112458875274785 1KGrel
NA10865 HG01123#2#JAGYYY010000006.1_51579630_51892388_0$HG02293.verkko_filt_mat.fa:haplotype1_0000039_30204405_30517145_1	0.8111811047444089 1KGrel
NA10865 HG02109#2#JAHEPF010000078.1_16678387_16991144_0$HG04228.verkko_filt_pat.fa:haplotype2_0000600_103806749_104119491_0	0.8111312765324390 1KGrel
NA10865 HG03579#2#JAGYVT010000094.1_51581892_51895531_0$HG02109#2#JAHEPF010000078.1_16678387_16991144_0	0.8110867525468842 1KGrel
NA10865 HG02109#2#JAHEPF010000078.1_16678387_16991144_0$HG02647.verkko_filt_pat.fa:haplotype2_0000857_103738150_104051769_0	0.8110829125038190 1KGrel
NA10865 HG02109#2#JAHEPF010000078.1_16678387_16991144_0$HG01891#1#JAGYVO010000014.1_22855818_23168577_1	0.8110391898735996 1KGrel
NA10865 HG01123#2#JAGYYY010000006.1_51579630_51892388_0$HG02109#2#JAHEPF010000078.1_16678387_16991144_0	0.8109279788179325 1KGrel
NA10865 AV_HG01361#haplotype2#0001322:101872897$102186552$HG02886#2#JAHAOT010000031.1_87393_401061_0	0.8108728055637022 1KGrel
NA10865 HG00438#2#JAHBCA010000012.1_51513023_51826723_0$HG02886#2#JAHAOT010000031.1_87393_401061_0	0.8108223758064921 1KGrel
NA10865 HG02723#1#JAHEOU010000204.1_2102082_2414876_1$HG02647.verkko_filt_pat.fa:haplotype2_0000857_103738150_104051769_0	0.8108041603115682 1KGrel
NA10865 HG02723#1#JAHEOU010000204.1_2102082_2414876_1$HG03579#2#JAGYVT010000094.1_51581892_51895531_0	0.8107922352775441 1KGrel
NA10865 HG02723#1#JAHEOU010000204.1_2102082_2414876_1$HG01891#1#JAGYVO010000014.1_22855818_23168577_1	0.8106505428298426 1KGrel
NA10865 HG01891#1#JAGYVO010000014.1_22855818_23168577_1$HG04228.verkko_filt_pat.fa:haplotype2_0000600_103806749_104119491_0	0.8106156242847741 1KGrel
NA10865 HG04228.verkko_filt_pat.fa:haplotype2_0000600_103806749_104119491_0$HG02647.verkko_filt_pat.fa:haplotype2_0000857_103738150_104051769_0	0.8105338908703300 1KGrel
NA10865 HG03579#2#JAGYVT010000094.1_51581892_51895531_0$HG04228.verkko_filt_pat.fa:haplotype2_0000600_103806749_104119491_0	0.8104906044635793 1KGrel
NA10865 HG02723#1#JAHEOU010000204.1_2102082_2414876_1$HG04228.verkko_filt_pat.fa:haplotype2_0000600_103806749_104119491_0	0.8102565096638754 1KGrel
NA10865 HG01123#2#JAGYYY010000006.1_51579630_51892388_0$HG01891#1#JAGYVO010000014.1_22855818_23168577_1	0.8102076931766358 1KGrel
NA10865 HG00438#2#JAHBCA010000012.1_51513023_51826723_0$HG02293.verkko_filt_mat.fa:haplotype1_0000039_30204405_30517145_1	0.8101556721248391 1KGrel
NA10865 HG01123#2#JAGYYY010000006.1_51579630_51892388_0$HG02647.verkko_filt_pat.fa:haplotype2_0000857_103738150_104051769_0	0.8100943945164684 1KGrel
NA10865 HG01123#2#JAGYYY010000006.1_51579630_51892388_0$HG03579#2#JAGYVT010000094.1_51581892_51895531_0	0.8100823486756259 1KGrel
NA10865 HG00733#1#JAHEPQ010000019.1_46106835_46420495_0$HG02293.verkko_filt_mat.fa:haplotype1_0000039_30204405_30517145_1	0.8095468549091731 1KGrel
NA10865 HG03579#2#JAGYVT010000094.1_51581892_51895531_0$HG01891#1#JAGYVO010000014.1_22855818_23168577_1	0.8094758000712767 1KGrel
NA10865 HG01891#1#JAGYVO010000014.1_22855818_23168577_1$HG02647.verkko_filt_pat.fa:haplotype2_0000857_103738150_104051769_0	0.8094559288677952 1KGrel
NA10865 HG01123#2#JAGYYY010000006.1_51579630_51892388_0$HG00438#2#JAHBCA010000012.1_51513023_51826723_0	0.8093866003065200 1KGrel
NA10865 HG01123#2#JAGYYY010000006.1_51579630_51892388_0$HG00733#1#JAHEPQ010000019.1_46106835_46420495_0	0.8090754752418104 1KGrel
NA10865 HG02723#1#JAHEOU010000204.1_2102082_2414876_1$HG01123#2#JAGYYY010000006.1_51579630_51892388_0	0.8089070968494649 1KGrel
NA10865 HG01123#2#JAGYYY010000006.1_51579630_51892388_0$HG04228.verkko_filt_pat.fa:haplotype2_0000600_103806749_104119491_0	0.8080422669552277 1KGrel
NA10865 HG00438#2#JAHBCA010000012.1_51513023_51826723_0$HG00733#1#JAHEPQ010000019.1_46106835_46420495_0	0.8074571537491485 1KGrel
NA10865 HG03579#2#JAGYVT010000094.1_51581892_51895531_0$HG02647.verkko_filt_pat.fa:haplotype2_0000857_103738150_104051769_0	0.8070624607769995 1KGrel
